0.998916 0.637591 0.170017 -0.491334 0.467919 -0.656782 0.640201 0.247192 0.335238 : 0
0.156621 0.494425 0.999266 -1 -0.256583 -0.684487 -0.283815 0.32674 0.711202 : 0
0.0616569 -0.218861 -0.130414 0.136605 0.478179 -1 0.869543 -0.872717 0.792868 : 0
0.496711 0.281708 -0.363009 0.364944 0.855312 -0.333671 1 0.405832 -0.229922 : 0.2
1 0.599119 0.0262996 0.789479 -0.447466 0.290941 0.74903 -0.0260032 0.47362 : 0
0.281336 0.604636 -0.348401 -0.0915684 0.792046 0.375376 -0.412836 0.353527 0.355141 : 0
1 -0.684706 -0.226573 -0.213486 0.783029 0.338722 -0.0805564 0.982559 1 : 0
-0.522956 0.74061 -0.490301 -0.0410947 -0.376449 0.165425 0.0871689 0.363447 1 : 0
-0.0799499 -1 -0.155717 -1 0.276454 0.0785616 -0.609273 0.28519 0.565883 : 0.3
-0.00388402 0.344811 0.377818 0.494295 -0.771801 -0.743303 -1 0.22715 -0.253046 : 0.1
0.631807 0.173582 0.309742 -0.29536 0.650673 -0.580688 -0.30702 0.756119 0.326342 : 0.5
0.411458 0.756638 -0.552891 -0.905145 0.378746 0.678953 0.924013 0.48517 0.0220085 : 0
0.393355 0.633407 0.279116 0.384099 0.284863 -0.0826223 -0.300683 0.592839 0.127502 : 0
0.382286 0.455334 -0.0990076 -0.155552 1 -0.144185 -0.156151 0.16989 -0.670546 : 0.4
0.00594356 0.702928 0.270935 0.581589 0.560174 -0.544432 -0.0613693 -1 0.584205 : 0.2
0.580131 0.711153 0.548032 0.895165 -0.492696 -0.304513 0.0242367 -0.279561 -0.665009 : 0
0.173291 1 -0.778833 0.151154 0.0994776 0.636811 -0.0237976 0.411948 1 : 0.2
0.508525 0.262176 0.223755 -0.292057 1 0.0400124 0.168758 -0.471297 -1 : 0
-0.477915 0.132343 -0.0805759 0.00717419 0.121858 1 0.413447 -0.915792 0.00631583 : 0
0.698652 0.9164 -0.971387 -0.282103 -0.491293 -0.420527 0.0428987 0.142915 -0.279847 : 0.1
1 0.527995 -0.334848 -0.129577 -1 -0.834196 0.0529144 -0.423921 -0.279605 : 0
0.266 -0.421155 -0.132947 0.176302 0.1408 -0.108823 -0.299052 -0.0196118 0.00565588 : 0
-0.00690615 0.959498 -0.314266 0.400447 -1 -0.587054 0.973001 0.414258 0.061267 : 0
0.745613 0.416869 0.396821 -0.618237 -0.0608273 -0.340992 -0.100452 0.600021 1 : 0
0.386266 0.64747 0.272728 0.146306 0.407655 0.675149 0.17935 1 -0.331123 : 0
0.692483 -1 -0.240769 0.227139 0.433664 -0.346466 0.14373 0.0305473 -0.418312 : 0
0.304493 -0.121479 0.351581 -1 0.527292 -0.170075 -0.944084 0.178515 -0.295794 : 0
0.764249 -0.923969 -0.0205136 0.723049 -0.677963 -0.0825167 -0.120568 0.604193 0.121888 : 0.2
0.424962 0.377466 -0.582074 -0.0340641 -0.587591 0.260899 0.224708 -1 0.598024 : 0
0.568084 -0.933042 0.246457 0.0502644 0.963931 0.0102392 1 0.252316 0.100985 : 0
0.606962 0.969764 0.0761891 -1 0.300889 1 0.658079 0.154916 0.0834161 : 0
0.252585 -0.0551064 1 0.272085 0.164845 0.976287 -0.764792 0.491425 0.263097 : 0
0.202019 -1 0.499313 0.00287788 -1 0.132916 -0.141736 -0.645126 -0.772407 : 0
0.659652 1 0.159738 0.337729 0.27581 1 1 -0.158563 -0.104591 : 0
0.256777 0.704325 0.538185 0.463954 -0.363687 -0.0821725 0.189678 0.673876 0.287127 : 0
-0.450925 0.0911518 -0.0701025 0.0531117 0.881101 -0.793433 -0.236703 0.966834 0.12682 : 0
-0.109457 0.873587 0.334006 -0.338815 -0.29132 0.963239 -0.164978 -0.898308 0.137783 : 0
0.367505 -0.107246 -0.203294 -0.0233041 0.567472 -1 -0.542401 0.434415 -0.176322 : 0
1 1 0.605084 -0.703933 0.9744 0.255998 -0.0956221 0.451494 -0.609568 : 0
0.0429608 -0.364562 -0.808965 0.337136 -0.291141 0.967071 0.779843 0.930297 0.456447 : 0
0.212348 0.210443 -0.252278 -0.788977 0.63734 0.465502 1 0.465755 0.336096 : 0
0.537416 -0.180503 0.780586 0.864422 -0.56715 0.921333 0.420859 0.029146 1 : 0
0.325563 0.541016 -0.0291546 0.818398 -0.58285 -0.953551 0.430923 -0.157686 0.738667 : 0
0.134474 0.604519 -0.655548 0.306283 0.909236 -1 -0.0258872 0.726235 0.933234 : 0
0.181279 0.613298 -0.288306 -0.432326 -0.654564 -0.253723 -0.264568 0.966885 -0.593354 : 0
0.584482 0.972735 -0.371437 -0.0145097 0.376124 1 0.205981 -0.0696105 -0.355155 : 0
0.249277 -0.348199 -1 -0.372056 -0.935218 -0.140386 0.254694 0.0105103 0.276652 : 0
0.459198 -0.312432 -0.629959 -0.30569 0.497941 0.481305 -0.383857 0.806567 -0.344615 : 0.3
0.792379 0.353429 -0.916594 0.7048 0.158808 -0.693727 0.35286 -0.309207 0.293278 : 0
0.703546 -0.360517 -0.365835 -0.707298 0.250859 -0.400096 -0.0912462 0.944442 -0.357029 : 0
-0.340218 0.919714 -0.651804 0.27457 0.529628 -0.152066 0.525146 -0.0603135 0.80166 : 0
-0.397479 0.921471 0.322225 0.337434 0.522298 0.0598827 -0.403601 -0.102382 1 : 0
0.233186 1 0.335736 0.0850525 -0.595078 0.0647647 -0.135142 -0.621889 0.227605 : 0
0.21878 0.773609 -0.358601 -0.244872 -0.185523 0.0824662 -0.408698 -0.0952437 -0.0937414 : 0
0.674624 0.316632 -0.183603 0.209007 -0.462971 -0.523421 0.0657199 -0.771567 0.678115 : 0
0.176761 0.939183 -0.826118 1 0.0431361 0.716268 -0.0446824 0.196182 -0.0491829 : 0
-0.764462 0.212752 -0.109133 0.576683 0.153171 0.254298 0.609157 0.459581 0.157065 : 0
0.754644 0.303268 -0.243752 -0.414906 0.0631308 0.761894 0.120225 0.106969 -0.171722 : 0
0.776782 0.911199 0.18332 -0.0687872 -0.350443 0.825504 0.0571433 -0.542066 -0.937601 : 0
0.474856 0.199528 -0.627307 0.0341891 0.787826 -0.00632253 -1 0.697012 0.789354 : 0
-0.435779 -0.187134 0.567491 -0.216514 0.0846391 0.66155 -0.299703 0.619427 0.0340533 : 0
0.0430432 0.913096 0.418701 0.00948367 -0.0212992 0.718607 -0.305682 -1 -0.606616 : 0
0.451161 0.653891 -0.0118835 -0.715553 -1 -0.59256 1 0.194794 0.382494 : 0
0.435989 0.984961 0.278151 0.628919 -0.324017 -0.303148 -1 0.621596 -0.0987026 : 0
0.695708 0.406989 -0.349078 0.536144 -0.337955 -0.103733 0.0595294 -0.999334 -0.931033 : 0
0.40327 0.995707 -1 -0.514301 0.0943833 0.555951 0.0134072 -0.903785 0.83895 : 0
0.396301 -0.208193 -0.0728649 -0.243625 0.487361 -0.386636 0.329938 0.448673 0.405377 : 0
0.486138 0.894685 -0.22723 0.0325328 0.505919 -0.338032 -1 0.163123 0.19355 : 0
0.778734 0.81454 -0.587549 0.20294 0.99216 -0.713281 -0.00751452 -0.0445887 -0.105269 : 0
-0.783973 0.336627 -0.781276 -0.721174 0.0446443 -0.162821 0.572844 0.490752 0.65604 : 0.1
0.365133 0.184772 0.264772 1 0.614742 0.302199 -0.0580227 0.0575952 0.0478921 : 0
-0.418711 1 1 -0.344708 0.213581 0.366435 0.809826 -0.0710573 0.125447 : 0
0.835722 -0.698869 0.0977758 0.413855 -0.878069 -0.27864 0.627629 -0.965235 0.815135 : 0
0.445848 0.528596 -0.711764 0.565877 -0.316685 -0.522007 -0.681269 0.524945 0.471724 : 0
0.814346 0.281457 -0.367578 -0.0112601 0.787698 -0.0949896 -0.587005 -0.906742 -0.470142 : 0
-0.0616246 0.419043 0.284875 -0.122432 -0.552935 -0.472318 0.728353 0.404901 -1 : 0
0.00749917 -0.077089 -0.295157 -0.466669 0.358255 0.216245 -0.162359 0.0664272 -0.916669 : 0
0.283739 -1 0.00305584 0.376157 -0.413873 -0.380716 0.566228 0.394583 -0.28014 : 0
0.562454 0.350542 -0.322754 0.341174 -0.131538 -0.462799 0.0703076 -0.298376 -1 : 0
0.494128 -0.0943264 -0.489268 -0.0391927 1 0.293315 0.93129 0.429145 0.0993289 : 0
0.860932 0.594607 -0.540775 -0.205186 0.0841873 0.900214 0.296149 -0.172347 0.271629 : 0
-0.571962 0.00948894 -0.0917727 0.54454 0.644861 0.510507 -0.169117 0.302852 -0.339156 : 0
0.542402 -0.738562 -0.603072 0.306019 -0.998673 -0.439349 0.561062 -0.942193 0.661699 : 0.1
0.513211 0.428724 0.513194 0.800177 -0.0492442 0.413888 -0.379398 0.128052 0.235067 : 0
0.0240444 1 0.0137075 0.660682 -0.37986 -0.405358 -0.329643 0.580762 0.5797 : 0
-0.959656 0.455358 -0.82849 -0.334726 -0.174687 0.564419 0.301756 -0.114278 0.134138 : 0
-0.292549 0.663567 -0.938257 0.169508 0.01493 0.35643 -0.0688457 0.0208329 0.284233 : 0
0.0576769 0.522287 1 -0.095221 0.460168 0.746163 -0.364276 -0.769012 -0.407976 : 0
-0.0628069 -0.106744 -0.885017 0.0141238 -0.287132 0.669721 -0.201288 -0.155153 0.582828 : 0
0.632002 0.49731 -0.269064 -0.378281 0.390804 0.053886 0.0436872 0.512345 0.244921 : 0
0.511794 0.806159 -0.961489 0.52813 -0.744099 0.168428 0.521251 0.99542 1 : 0
0.404675 0.990471 0.162292 -0.75892 1 -0.603553 -0.107608 0.485506 -0.526402 : 0
0.869772 0.164156 -0.448151 0.272553 0.551428 -0.146926 0.972259 0.393919 0.463503 : 0
0.940583 -0.661913 -0.486433 1 0.180675 0.025713 0.716856 -0.384335 -0.228823 : 0
0.97899 0.63703 -0.352454 -0.473482 -0.814395 -0.697222 -0.359627 0.931267 0.335139 : 0
0.277266 1 0.019681 -0.46722 -0.138848 -0.408228 -1 -0.197019 0.0249749 : 0
0.247544 0.229122 0.091171 -0.766159 0.264441 0.794529 0.413399 0.960899 1 : 0
-0.539591 -0.205743 0.0180551 0.144947 -0.123389 -0.0182333 0.237264 0.752123 -0.340901 : 0
-1 0.653996 -0.538158 0.419808 0.404237 -0.0991714 -0.573472 0.666317 0.309351 : 0.1
0.649395 0.490505 0.231969 0.690203 -0.377534 0.626402 0.894343 -0.447462 0.297844 : 0
0.291776 0.742211 -0.203418 -0.168226 -0.284151 -0.60638 0.21497 0.876831 0.364169 : 0
0.852449 -0.780376 0.367155 0.333331 0.169271 1 0.26517 0.166226 0.25701 : 0.1
0.661651 0.0846881 -0.608901 -0.00559074 -0.383244 -0.332236 0.506787 0.059832 -0.109561 : 0
0.120233 0.902427 0.225927 -0.113668 0.194224 -1 0.134921 -0.531662 0.156915 : 0
0.389196 -0.361868 0.269885 -0.3476 0.220271 0.407501 0.0275697 0.187887 -0.62821 : 0
0.331816 -0.209391 -1 0.224312 -0.151769 -0.574213 -0.0876922 0.124436 0.620933 : 0
0.572103 -0.131439 0.447066 0.0283651 0.157208 -0.821131 -0.551845 -0.482434 -0.0603731 : 0
0.0604678 -1 0.252037 -0.049837 -1 0.66222 -0.290204 0.603875 0.00207675 : 0.1
-0.292592 0.523296 0.3643 0.869276 0.556843 0.513026 -0.0675815 0.27028 0.0519331 : 0.1
0.587804 0.727467 -0.784474 0.0656413 0.302384 -0.225166 -0.517198 0.323623 0.0606898 : 0
0.305772 0.227131 -0.709485 -1 -0.826692 -0.354787 -0.126659 0.465042 0.0991497 : 0
0.533246 -0.300097 0.403197 0.0328247 -0.077837 -0.0139809 0.0997021 -0.0278369 0.347942 : 0
0.236257 0.352404 0.542909 1 -0.623811 -0.0684723 0.62188 0.147006 -1 : 0
-0.428684 0.73453 0.270316 0.0957482 0.281112 -0.31126 -0.0702076 -0.107845 1 : 0
-0.0939603 -1 -0.296718 0.363012 -1 0.227511 -1 1 -0.706335 : 0.1
0.0761132 -0.019942 -1 0.399122 0.935953 -0.331653 -0.251666 0.23446 0.0715242 : 0
1 -0.468825 -0.913332 -0.432558 0.423997 -0.161311 0.844325 0.112453 0.167232 : 0.1
0.794418 0.0874696 0.854645 -1 0.0806485 -0.102596 0.0643665 0.307698 -0.751229 : 0
0.724604 0.846428 -0.259535 -0.23741 -0.470725 -0.848088 -0.0803092 -0.455372 0.438071 : 0
0.660867 -0.0936088 -0.3701 -0.172255 -0.727933 -0.157489 -1 0.880085 -0.241593 : 0
0.0272312 1 -0.343895 0.418139 -0.852914 -0.24331 -0.310361 0.0305012 -0.353033 : 0.1
-0.597869 0.0360667 -0.598166 0.182303 -0.0200438 0.0759284 0.0119434 -0.0334352 -0.570454 : 0.1
0.580988 -0.383395 0.505462 0.332553 0.220716 0.250041 0.151565 -0.418961 0.0857782 : 0
0.402293 0.902587 -0.000515342 1 0.483333 -0.230665 0.00478902 -0.217618 0.313678 : 0
-0.657851 0.522003 -0.418422 0.231121 0.394707 0.519206 -0.245685 -0.630152 0.908752 : 0.1
0.261603 0.0484297 -0.411028 0.20637 -0.676354 -0.65211 0.75547 -0.592409 -0.40991 : 0
0.896665 1 -0.275799 0.370946 0.768239 0.353522 0.277607 1 -0.145216 : 0
-0.682544 0.801058 1 0.0533009 -0.0298916 0.0308873 0.180599 -0.0435494 0.0764295 : 0.1
0.14528 -1 0.00597811 0.677992 -0.411661 -0.941488 0.0554008 0.400276 0.092927 : 0
0.372008 0.0112904 -0.710216 -0.629589 -0.619864 -0.240055 -0.532172 0.243559 -1 : 0
0.230142 0.863002 0.113814 -0.611721 -1 0.0914917 -0.115442 0.0904117 -0.489093 : 0.2
-0.0753819 0.319019 -0.0981185 0.295785 -0.340946 0.361875 -0.285566 -0.0912349 0.594761 : 0
0.80077 1 0.541245 -0.337938 -0.334988 -1 0.0431594 0.182209 -0.708605 : 0
-0.651021 0.956435 -0.305072 0.307812 -0.843172 1 -0.585019 -0.0990597 -0.947984 : 0
-0.167317 1 -0.24595 0.376336 0.0235847 -0.024603 -0.207803 0.217552 0.872228 : 0
0.240641 0.770755 0.641859 0.212405 -0.0198466 0.340816 0.999093 0.763587 0.737333 : 0.1
0.873558 1 0.227036 -0.126673 0.140333 -0.609578 -0.834267 0.666252 -0.268442 : 0
0.616775 0.978336 -0.290667 -0.66344 -0.291474 -0.839692 -1 -0.615016 -0.465953 : 0
-0.141253 -0.50763 -0.712098 0.0196207 -0.110235 0.345266 -0.272584 -0.0442477 0.363832 : 0
-0.577506 -0.321073 0.800674 -0.450564 0.143026 -0.293704 -0.315631 0.237357 -0.584238 : 0
0.608188 -0.257396 -0.916733 0.386849 0.190297 0.131907 -0.0193981 1 0.153126 : 0.3
0.652589 0.423057 -0.705716 -0.117675 0.158676 -0.144357 0.321483 -1 0.0413185 : 0
0.503099 -1 -0.0278017 -0.206568 -0.431902 0.395867 0.229952 1 0.439103 : 0
0.467764 0.534747 1 -0.242174 -0.0588272 0.137481 0.323924 0.553399 0.789886 : 0
-0.075952 0.286752 0.483662 0.0151438 -0.403289 -0.494716 0.139712 0.288316 -0.538149 : 0.1
0.467727 -1 -0.624529 0.341643 0.989346 -0.194875 1 0.374827 -0.285379 : 0
-0.547333 0.617827 -0.186028 -0.132895 0.501512 0.171602 0.32875 -0.0247611 0.0435901 : 0
-0.371829 1 -1 0.312669 0.291966 0.58226 0.316209 -0.0620497 -0.0954854 : 0
0.519854 0.528595 -0.148802 -0.0856078 -0.325703 -0.448266 0.0547427 0.761732 -1 : 0
0.472077 0.731579 0.175901 0.563206 -0.104814 -0.0790158 0.818278 -0.743996 0.124419 : 0
-0.239801 -0.281855 -0.0298336 -0.0392972 0.19608 0.71459 0.451282 -0.26126 -0.0317006 : 0
0.256565 0.199228 -0.32061 -1 0.219364 -0.689521 -0.0704822 -0.554854 -0.649118 : 0
1 0.547702 -0.0912205 0.165122 0.467665 0.217996 0.711394 -0.184582 0.598726 : 0
0.652715 -1 1 0.313984 0.91227 0.75672 -0.00372732 -1 0.380076 : 0
0.230941 0.657991 -0.963325 0.179855 -0.112768 0.599679 0.0936646 -0.371666 0.238431 : 0
-0.150972 0.588891 0.675115 0.300453 0.648374 0.384204 0.343334 1 -0.736641 : 0
0.479615 0.226193 0.527454 0.914803 -0.508967 0.177141 0.722343 0.46204 0.116979 : 0
1 0.8922 -1 -0.841976 -0.0195652 -1 -0.195312 -0.268985 -0.124874 : 0
-0.531923 0.583268 -0.717956 0.0162456 -0.329179 0.527316 -0.535914 -0.0123055 1 : 0.2
0.266922 0.0129668 0.561895 -0.121026 -1 0.23652 0.826679 -0.0867251 0.848206 : 0
0.548268 1 0.785072 0.828778 -0.722753 -0.307029 0.777785 -0.00316089 -0.781633 : 0
-0.102572 0.065832 0.321258 -0.856261 0.282624 -0.680729 -0.206741 0.351335 -0.657959 : 0
1 -0.637489 -0.500631 0.291068 0.428923 -0.289238 0.288391 0.988949 0.411646 : 0.1
0.301765 0.100742 0.136384 -0.115409 0.919949 -0.449076 0.170921 0.464545 -0.158776 : 0
0.6337 0.281653 -1 -0.603372 0.481149 -0.300934 0.578039 0.474449 -0.567835 : 0
-0.603957 0.70983 -0.886866 0.0947119 0.00307261 0.356031 -0.138319 -0.0275155 -0.924483 : 0
0.259011 -0.402365 -0.383182 0.240499 -1 -0.185579 0.160342 0.421943 0.269754 : 0
0.579391 -0.4699 -0.6994 -0.227851 -1 0.0926089 0.102963 0.579107 0.20694 : 0
-0.348006 0.00044921 0.0861012 0.50819 0.186898 -0.520044 -0.722998 0.729039 -0.251066 : 0
0.250591 -0.00264728 0.37821 -0.748026 -0.775232 0.448271 -0.093574 -0.0128194 -0.505893 : 0
0.304125 -0.491742 0.000168622 -0.774172 0.370355 0.280369 0.359249 -0.103768 -0.97414 : 0
0.466965 -1 0.998187 0.759826 0.166273 0.455426 0.520218 0.748557 0.507252 : 0
0.550014 0.946521 -0.259881 0.591253 0.371048 -0.794415 0.709698 0.066283 0.169644 : 0
-0.335616 -0.826732 -0.913158 -0.289064 0.7162 0.0632578 0.734682 0.00962308 -0.747656 : 0
0.0480834 -0.155731 -1 0.157786 -0.461353 -0.010883 1 -0.477834 0.930025 : 0
0.221344 -0.385267 -0.204249 0.613548 0.703611 0.0691814 -0.117631 0.880494 -0.206 : 0.1
-0.103968 0.372345 -0.0437095 -0.330233 0.261819 -0.405235 0.411871 0.0827302 0.416643 : 0
-1 0.0264974 0.276499 -0.16898 -0.991489 -0.796076 -0.237047 -0.0834662 0.187168 : 0
-0.326346 0.282846 0.0923325 0.510764 -1 -0.577889 0.0780038 0.0397894 0.396433 : 0
0.627843 0.704912 0.0870579 -1 0.36814 -0.538304 -1 0.922023 0.355506 : 0
-0.104012 0.569231 0.769363 -0.512003 0.399231 0.0334022 -0.0439573 0.348128 0.605702 : 0
0.417023 -0.755893 -1 0.053144 0.932491 -0.246063 -0.253364 0.0551782 -0.543581 : 0
0.0256091 -0.244928 -0.40373 1 -0.0972916 0.786158 0.648566 0.385622 0.354416 : 0.1
1 0.793828 0.236098 -0.836404 0.0260789 -0.153799 -0.157485 -1 0.240024 : 0
0.633234 0.58431 0.111518 -0.690978 0.279556 1 0.701615 -0.293457 -0.759422 : 0.1
0.663041 -0.165883 1 -0.440167 0.248351 0.798862 0.12288 0.561467 -0.44679 : 0
0.128371 0.825631 0.455903 -0.253365 -0.262089 0.771089 -0.299689 0.388713 0.105834 : 0
0.473514 1 0.19304 -0.726317 0.334322 0.875795 -0.171044 -0.527616 0.161169 : 0.3
0.43778 0.111723 0.294537 0.0503626 0.0885487 -0.257375 -0.421407 0.869287 0.440263 : 0
-0.305356 0.132274 0.321518 -0.340305 0.318368 0.565175 -0.160798 -0.0721871 -0.223017 : 0.1
0.198226 0.464382 0.346263 -1 0.308165 -0.365971 0.595441 0.169142 0.350118 : 0
0.0924053 -0.145342 0.244868 0.06476 1 0.251686 -0.179308 0.589157 0.583301 : 0
0.461286 1 0.253328 0.0861384 0.830898 0.385485 -0.0283509 0.836365 -0.0905092 : 0
-0.900932 -1 -0.372291 0.069297 -0.674481 0.194348 -0.311695 1 -1 : 0
0.237841 0.0520082 -0.0870325 -0.16533 0.463074 0.470043 -0.480714 1 -0.168868 : 0
0.526687 0.565862 -0.12833 0.295394 -0.422365 -0.0661885 0.134018 -0.369914 0.464459 : 0
-0.475705 -0.968614 0.168574 0.394708 -1 0.380067 0.0263426 -0.0655318 0.719461 : 0
0.563767 0.711743 -0.486248 -0.207804 -0.0441313 0.473779 0.286521 -0.150554 -0.575974 : 0.1
0.278489 0.408976 -0.884731 -0.321981 0.474767 0.485318 -1 0.155822 -0.343338 : 0
-0.855816 0.941547 -0.075403 0.626521 -0.114525 0.573464 -0.0454766 0.207541 0.618593 : 0
0.375368 0.281221 -0.41036 -0.382318 0.372631 -0.236987 -0.167698 -0.0911779 -0.0715513 : 0
0.34259 0.157298 0.274136 -0.0408202 0.643948 0.0545263 -0.0548986 -0.893422 -0.191169 : 0.3
-0.00849338 0.661433 -0.393425 1 0.049929 -0.0607174 0.410693 -0.365878 0.108503 : 0
0.608201 0.569201 0.452034 -0.218896 -0.428496 -0.0763757 0.166281 -0.0066483 0.629839 : 0
0.815866 0.814277 -0.503431 0.183578 -0.0202299 -0.850446 0.024536 -0.00980532 0.327342 : 0
-0.272916 0.219823 -1 0.85538 -0.114645 0.747575 -0.246893 -0.0435812 -0.383597 : 0.1
0.297118 0.23501 0.0514423 -0.566195 0.0181678 0.136013 -0.0473414 -0.196563 0.423016 : 0
-1 0.0819521 -0.165365 -0.714914 0.194014 0.413554 0.305154 0.251401 -0.641244 : 0.1
0.318181 0.711757 0.158016 -0.998514 -1 -0.775651 1 0.190101 -0.112642 : 0
-0.808056 0.117743 -0.57221 0.607402 0.991068 -0.816976 0.11479 -0.610852 0.0457799 : 0
0.537768 1 0.180483 0.0905551 0.2846 0.75462 1 0.157231 1 : 0
0.144781 0.62383 -0.542407 0.0671288 0.820309 -0.0717933 -0.166477 0.88124 -0.557023 : 0
0.38201 -0.66683 -0.638612 -0.210724 0.447412 -0.573701 0.162323 0.0327379 0.125976 : 0
0.284512 0.320304 0.198282 0.132906 0.249687 0.28029 0.452254 0.0251658 -0.300381 : 0
1 0.488203 -0.355889 0.0383719 0.94214 -0.545028 -0.361727 1 0.532718 : 0
0.149852 -0.816287 0.258014 -0.0570951 0.428168 -0.6624 -0.782579 -1 0.359576 : 0
-0.198582 0.50504 -0.171098 0.834288 -0.641476 -0.0075924 -0.647541 0.508223 0.446046 : 0
0.619392 0.818512 0.60662 -0.469637 -0.246305 -0.00526655 -0.0261466 0.427869 -0.646137 : 0
-1 -0.261491 0.11575 -0.458327 0.357294 0.0837694 -0.771659 0.614288 -0.224395 : 0
0.336607 0.177568 0.00507247 -0.314835 -0.623239 -0.363381 0.000825942 0.154766 0.165458 : 0
0.235158 0.702234 -0.930443 0.361622 -0.801053 0.0303202 0.42529 -0.740838 1 : 0
0.17512 0.0406808 0.0731338 0.611281 1 -0.0461038 -1 -0.32901 0.275507 : 0
0.0657819 -0.0103317 0.137527 -0.441953 0.0565453 -0.980073 -0.00898339 0.460416 -0.292465 : 0
0.607874 -1 0.238382 -0.666784 0.507441 -0.185569 -0.550586 -0.396608 -0.0486624 : 0.2
-0.282756 -1 0.257344 0.638317 0.602872 0.886539 -1 -0.609954 0.624041 : 0
0.376703 1 0.200753 -0.275092 0.532205 0.335354 0.879259 -0.178985 0.0162449 : 0
-0.83687 0.394421 -1 -0.675998 0.216055 0.992388 0.711204 -0.43572 0.32588 : 0
0.203927 -0.0199457 -0.501511 0.0547642 0.87943 -0.487125 0.308988 0.230822 -0.106745 : 0
0.238142 0.438885 -0.40179 -0.122561 0.106175 -0.307728 0.102749 0.233641 -0.0404987 : 0
0.260287 0.653972 0.0648539 0.220434 0.127547 -0.416108 -0.208215 0.130205 0.177344 : 0
0.689419 -0.187466 -0.976574 0.0342979 0.289645 0.152934 0.231165 0.587789 0.324095 : 0
1 0.917313 -0.0683667 0.37382 -0.118743 0.137923 -0.435096 1 -1 : 0.1
0.0367502 0.537186 0.23185 0.674913 0.118665 0.295844 0.714242 0.540821 0.261788 : 0
0.350172 1 0.339805 0.349734 -0.785828 0.294091 -0.239181 0.134288 0.0291404 : 0.1
0.0501077 0.450282 -0.213104 -0.249391 1 0.36608 -0.314546 0.0406065 0.446828 : 0.3
0.572154 0.0331021 -0.359565 -0.172467 -0.278103 -0.109964 1 1 0.602128 : 0
0.995947 1 -0.0934156 0.255296 0.444596 -0.078483 1 0.649993 -0.734877 : 0.1
0.261014 0.53306 -0.209943 0.484195 -0.761114 -0.33404 1 0.252546 -0.575546 : 0
0.1347 0.954388 -0.655793 0.0840069 0.111173 -1 -0.496988 -0.105715 0.191545 : 0
1 1 -0.159792 0.600784 0.458178 1 0.329169 0.203397 0.285013 : 0.1
-0.506348 0.676284 0.410331 0.337748 -0.526585 -0.414742 -0.511116 0.140537 0.0825975 : 0
0.82869 -0.789963 0.287035 0.531091 -0.555859 0.297497 -0.41662 -0.210987 0.971106 : 0
0.126731 0.982664 0.452549 0.11415 1 0.165099 -0.319769 -0.552336 -0.61001 : 0.1
0.309857 1 -0.874222 0.0598823 -1 -0.354619 0.0721028 0.466898 0.405123 : 0
0.353191 0.580077 0.27956 0.33018 0.501631 0.746758 1 0.402394 -0.103634 : 0
0.00386504 1 -1 -0.695446 0.199541 0.0226953 -0.0864199 -0.134346 -0.772577 : 0
0.754861 1 0.184792 0.154819 0.246861 0.965004 0.0979492 0.00641572 -0.142691 : 0
0.808008 -0.392686 -0.881779 -0.263213 -0.524531 -0.128047 0.567027 -0.769296 -0.731228 : 0.2
0.0569142 0.288049 -0.19644 0.688873 -0.781854 0.203916 0.0257167 -0.486581 -0.126877 : 0
1 -0.123429 -1 -0.32092 0.689309 -0.207348 0.858526 -0.612211 -0.403675 : 0.1
0.782767 0.582868 0.0780094 -0.101538 -0.176629 -1 -0.0305022 -0.525464 0.309042 : 0
0.747279 -0.247227 -0.0882969 0.432585 0.609917 0.200489 0.217772 -0.251134 -0.157586 : 0
0.0384962 0.871778 0.0934289 -0.793397 0.270007 0.556049 -0.320972 0.797531 0.0613709 : 0.1
0.432274 1 0.096881 0.181291 0.107317 -0.308171 0.201861 -0.0806087 0.0768638 : 0
0.188424 0.905176 0.339121 -0.185022 0.0774332 0.8505 -0.30773 -0.782194 0.103062 : 0
-0.368318 0.902909 1 -0.297809 0.31984 0.602788 -1 -0.389239 -0.524633 : 0
0.658112 0.750985 0.136303 0.186256 -0.739815 0.63754 1 -1 0.945221 : 0
0.454274 -0.13982 -0.117331 -0.543473 0.644414 0.48231 -0.633378 -0.700856 0.151149 : 0
-0.286296 -0.0213616 -0.461911 -0.263102 -1 0.469213 0.603697 0.643867 0.357702 : 0
-0.798596 -0.917086 -0.257102 -0.150732 -0.0844982 -0.357708 0.0291069 0.061656 0.914655 : 0
0.0894934 0.257276 -0.620446 -0.046024 -0.386906 0.514488 -0.109886 0.738968 -0.270599 : 0
-1 -0.647886 -0.34667 -1 0.504011 0.0659403 -0.271107 0.0825637 -0.305214 : 0
-0.0466136 -0.665937 0.566336 0.113298 -0.0354671 0.134169 -0.209581 -1 -0.20498 : 0
0.216183 0.0832399 -0.311732 0.306534 -0.0789812 0.436823 -0.266275 0.399418 0.253795 : 0
0.601684 0.245985 0.285454 -0.872243 1 0.101285 -0.263463 -0.188083 1 : 0
0.66313 0.856493 -0.905203 -0.488148 0.269172 -1 -0.24255 0.823591 0.0569216 : 0
0.411779 0.805389 -0.48615 -0.0424064 0.84819 -0.159431 -0.735696 0.711838 1 : 0
0.605535 0.531511 0.0580909 0.635107 -0.460724 0.639854 0.823953 0.108923 0.96316 : 0.2
-0.0410825 0.186123 -0.162703 1 0.00381643 -0.543179 -0.382056 0.346929 0.568737 : 0
0.1685 -1 -0.59177 0.631582 0.173697 -0.454647 0.0152387 -0.717612 -0.215971 : 0
0.180149 0.928653 0.0653614 -0.161317 0.370397 0.280183 -0.986482 -0.155824 0.222746 : 0
0.13568 1 0.611881 0.173421 0.859737 0.287323 0.332289 -0.676564 0.113012 : 0.2
0.933982 1 0.122272 0.351663 0.246306 0.453995 0.915516 -0.241558 -0.212548 : 0
-0.042994 1 1 0.208777 0.496448 -0.112973 -0.176405 -1 0.917222 : 0
1 -0.203518 0.313737 0.931928 0.741657 -0.222952 -0.619205 -0.207891 0.815099 : 0.1
0.626699 0.875501 -0.130608 0.385088 -0.481111 -0.444128 0.538458 -0.254796 -0.818997 : 0
-0.876308 -0.119727 -0.77236 0.2996 -0.17132 -0.317047 -0.12915 0.772155 -0.609052 : 0
-0.181109 0.0617933 0.76684 0.315967 -0.0731321 -0.687753 -0.145176 0.382127 0.281132 : 0.2
0.565655 0.309423 0.0684931 0.212215 -0.0630466 0.873617 -0.310933 0.202844 -1 : 0
0.671035 -0.157364 0.458198 0.690769 -0.0536226 -0.338959 0.214642 -0.110345 0.94703 : 0
0.224565 -0.475566 0.30214 -0.218069 0.645652 -0.0115063 -0.813143 0.109985 -0.109674 : 0
0.591536 0.494407 0.444676 0.278036 -1 -0.0550691 0.364619 0.0981027 -0.71088 : 0.1
0.55465 1 -0.3507 0.482646 0.79086 0.436944 1 0.145279 -0.0526799 : 0
0.50739 0.354365 1 -0.543013 -0.139318 0.668732 0.194281 -0.393211 0.798436 : 0
0.145848 0.292801 -0.00289544 0.733204 0.207488 -0.0421154 0.690058 0.220866 0.23468 : 0
0.475972 0.755807 -0.362518 0.403841 0.0381253 0.324104 -0.0286779 1 -0.820083 : 0.4
0.555114 0.394838 -0.129289 0.593754 -0.440126 -0.977675 -0.347571 0.666208 0.916091 : 0
-0.0729618 0.374234 -0.490635 -0.412727 -0.492832 0.288891 0.826978 -0.122131 -0.5595 : 0.2
0.239587 0.500309 -0.056419 -0.0973766 -0.0621452 -0.846473 0.101002 0.134367 0.043152 : 0
0.726444 0.134218 -0.173881 0.40939 -0.0799319 -0.803495 0.0649825 -0.738459 -0.441914 : 0
0.227034 0.892836 -0.411975 -0.193505 0.227988 -0.385089 -1 0.183131 0.392137 : 0.2
0.695268 0.704809 0.308524 0.306819 0.565589 -0.042634 -0.0986719 -0.0149753 0.640319 : 0
0.563799 0.603937 -0.621112 -0.0724601 0.625762 -0.109682 -0.0428225 -1 0.550889 : 0
0.344561 -0.380755 0.553494 -0.220502 0.964071 -0.942326 -0.648248 0.331957 0.0737172 : 0
-1 -0.200727 -0.386269 0.524127 0.191665 -0.00323147 0.336166 -1 0.183921 : 0
0.411664 -0.0521917 -1 0.0334429 0.644827 0.145988 0.3744 0.532132 -0.13668 : 0
-0.458136 0.173629 0.283875 0.311458 -0.419581 -0.407153 -0.0672411 -1 -0.664674 : 0
0.277734 0.69338 -0.740899 -0.47728 -1 0.386816 -0.816662 -0.583113 -1 : 0.1
1 -0.510204 -0.953806 0.109863 0.338093 0.227936 -0.00885226 -0.216152 0.656952 : 0
0.0609708 0.951663 -0.135993 0.00949478 0.360183 0.613435 0.0984344 0.253735 -1 : 0
0.63068 -0.185011 0.585864 -0.231864 -0.475001 -0.103062 0.973688 0.0625964 -0.137566 : 0
0.249018 -0.510666 0.296519 -1 -0.701847 0.735812 -0.466456 0.191841 -0.891622 : 0
0.560048 -1 0.0800981 0.396944 0.324074 0.799097 -1 0.342349 0.0444649 : 0
-1 0.215569 0.373089 0.947484 0.080488 0.75853 0.602542 -0.664296 -0.268867 : 0
0.174221 0.860141 0.544402 -0.0897643 0.86605 0.0660043 0.152138 0.909136 -0.0905363 : 0
0.347302 0.489186 0.442704 0.333561 0.222651 -0.0467674 0.660546 -0.139478 -1 : 0
0.564145 0.680479 0.100367 -0.00422472 -0.504455 0.456729 0.378322 0.384485 -0.268267 : 0.1
-0.616528 0.578103 -0.202452 0.610836 0.209179 0.955149 -0.282489 -0.794696 -0.547229 : 0
0.267204 0.175464 -0.440755 0.251153 1 -0.535891 0.699767 -0.0519698 -0.121363 : 0
0.809906 0.0821141 -0.332925 0.629642 0.230944 0.0114418 0.118895 -0.228929 0.994272 : 0.1
0.363937 0.125752 -0.0754176 -0.324608 0.269401 0.52899 -0.66767 0.514299 -0.874053 : 0
0.642648 1 0.329209 -0.717263 -0.0937128 -0.0855594 -0.540716 0.656519 0.305617 : 0.1
0.790622 -0.36408 -0.662857 -1 0.403877 -0.598364 -0.120595 0.941968 -0.572554 : 0
-0.509524 -0.731168 0.274834 0.585072 0.0143847 0.820584 0.341302 -0.0410956 0.321568 : 0
-0.433768 -0.0807115 0.507157 -0.0856558 -0.669174 -0.203118 -0.324022 0.102203 0.402781 : 0.1
0.211939 0.358715 0.516949 -0.139831 0.03388 -0.770695 -0.178114 0.375786 0.451956 : 0
0.773377 0.0656732 0.212257 0.41513 0.0802864 1 0.12904 0.322124 1 : 0
0.349591 -0.175021 -0.757049 0.261044 -0.170771 0.036898 0.976681 0.239503 1 : 0
0.731773 1 1 -0.092111 0.194851 0.502044 0.803409 0.462873 0.375867 : 0.5
0.143895 -0.630247 0.786088 -0.351717 1 0.686103 -0.465064 -0.3108 0.383631 : 0
0.17845 -0.384847 -0.715093 0.0305093 0.305416 -0.135275 0.401465 0.331376 -0.45991 : 0
0.0587444 -0.627227 -0.637748 0.0974188 0.105745 -0.727736 -0.654463 0.0870714 1 : 0
0.624412 0.979458 -1 -1 -0.51031 0.50689 0.0308234 0.590093 -0.153376 : 0
0.0497447 -0.458047 0.146972 0.817332 -0.559425 -0.397347 0.422262 -1 -1 : 0
-0.0721786 -0.0543365 0.237999 -0.513225 0.559303 1 1 0.717411 -0.145253 : 0
-0.489774 -0.717937 -0.692479 -0.133123 0.91899 0.427422 -0.219896 -0.125023 -1 : 0
-0.0276983 -0.189399 0.580499 0.123021 0.26055 -0.307204 -0.251492 -1 -0.783766 : 0
0.791424 0.211077 0.137993 -0.880611 -0.764637 -0.430321 -0.78195 -0.164608 0.515722 : 0
0.466672 0.822865 1 0.0125831 1 0.395183 0.597044 -1 -0.076916 : 0
0.642691 0.0473821 -0.643409 0.347307 0.259816 0.155915 0.065718 1 -0.767317 : 0
0.0351183 0.948738 -0.0746724 0.198556 -0.547539 0.482949 -0.222385 -0.484457 -0.241876 : 0.1
-0.864717 0.225324 0.401 0.53341 -0.596373 0.834687 -0.390281 -0.0794281 -0.517899 : 0
0.0234291 0.763514 -0.468665 -0.0944188 -0.173403 -0.835422 0.260182 -0.866809 0.171269 : 0
0.0170805 0.783396 1 0.0882159 -0.721098 -0.457233 0.198592 -0.127418 -0.347556 : 0
0.840242 -0.683041 -0.0978145 0.550596 -0.302388 -0.236204 -0.774314 -1 -0.143888 : 0
0.634559 -1 0.297772 -0.053833 -0.461519 0.0150032 -0.26481 -0.787037 -0.745959 : 0.1
0.477849 1 0.704524 -0.171168 0.116466 -1 -1 -0.35869 -0.209892 : 0.3
0.413722 0.953222 -1 -0.0284123 0.349324 0.81922 -0.290967 0.624785 0.0856709 : 0
-0.13315 -0.0353204 -0.312013 0.330672 0.0226611 -0.276086 -0.272125 0.320078 -0.0108441 : 0
0.305316 -0.988755 -0.57001 0.96974 0.267249 -0.479853 -0.0600141 0.350861 0.794948 : 0
0.897113 0.0146139 -0.0452078 -0.458287 -0.651562 0.146105 1 -0.106227 0.165625 : 0
0.856603 -0.871955 -0.677191 0.529151 0.148123 0.412663 0.55695 0.32088 0.0385935 : 0
-0.27568 0.205963 -0.701561 -0.291605 -0.180047 -0.488888 0.950144 -0.666918 -0.362519 : 0
-0.898769 0.736114 -0.332756 -0.11126 0.506497 -0.391283 -0.813129 0.188235 0.0848389 : 0
0.529354 0.314177 0.131348 -1 -0.237903 -0.921358 0.741823 -0.0566903 0.730797 : 0
0.136992 -0.345149 -0.643487 -0.378895 -1 0.495204 1 0.870485 0.572987 : 0
0.546173 -0.360947 -0.492671 -0.606312 0.108561 -0.197871 0.604755 0.436983 0.567195 : 0
0.147652 0.175871 0.456749 -0.785475 0.379084 -0.548601 0.460395 0.418861 0.392084 : 0
0.242841 0.45131 0.415485 1 0.179752 -0.441639 -0.873603 0.238529 0.187176 : 0
0.54058 0.746234 -0.0854333 -0.126729 0.252735 -0.0125588 0.104381 -0.528354 0.818929 : 0.1
0.842967 0.6599 -1 1 -0.912961 -0.698446 0.419368 0.05765 -0.504379 : 0
-0.0563548 -1 -0.622947 0.0482387 -0.586871 0.593007 0.1286 -0.0200745 0.247828 : 0
0.536727 -1 -0.301289 0.0112774 0.714996 0.102581 -1 0.207164 0.136103 : 0
0.102753 0.680281 0.118711 -0.0143093 -0.266716 -0.0414946 -0.0763423 0.117374 -0.957497 : 0
0.518916 0.794571 -0.278229 -0.154118 1 -0.290603 -0.128623 0.894552 0.168048 : 0.1
0.416175 -1 -0.0657009 -0.0601316 -0.465137 -0.426426 -1 0.148559 -0.106772 : 0
-0.081448 0.455299 -0.652852 -0.571703 -0.0976975 -0.67301 0.218595 0.259409 0.390193 : 0
0.478373 -0.0443506 -0.383493 -0.886151 -0.338523 -0.85137 0.0261454 0.0619662 0.0335386 : 0
-0.116014 1 -0.0890764 -0.0892746 0.0185157 -0.604023 1 0.181713 -0.0901548 : 0
1 0.630973 -0.668086 -0.893558 -0.521282 -0.223774 -0.392261 -0.172237 0.738928 : 0
0.482465 0.208284 0.0792055 -0.0961133 0.176296 0.24003 0.013588 0.483196 0.00722853 : 0
0.505849 0.468227 -0.606863 0.18531 1 -0.859408 0.541975 0.383378 0.431209 : 0
0.631234 0.476607 0.00364017 0.0692603 -0.690664 -0.477941 -0.23504 -0.655918 -0.435406 : 0
0.239696 -0.170525 -0.589945 0.404088 0.246238 1 -0.812775 0.869476 0.360397 : 0
0.646464 0.290356 0.164206 -0.787219 -0.296331 -0.0261254 0.0138107 -0.300949 -0.717297 : 0
-0.45734 -0.0877858 0.502017 0.0235336 1 0.496733 -1 -0.256952 -0.214329 : 0
0.522049 -1 -0.512827 0.649424 0.583737 0.456128 0.0285537 -0.229639 -0.616079 : 0.4
0.578026 -0.57207 0.0367894 0.140037 1 0.807873 0.665431 0.036683 0.29734 : 0.1
0.334122 0.657186 0.033756 0.545245 -0.0626794 0.0889492 0.151485 0.482233 -1 : 0.1
0.167206 0.934228 0.250196 -0.109226 0.0887743 0.286833 -0.314383 -0.404 0.505326 : 0.1
-0.115084 0.101689 -0.262142 0.323836 -0.793423 -0.36087 0.252566 0.667043 -0.0140179 : 0.2
1 1 0.349563 -0.483645 0.185755 0.882644 -0.849738 0.315868 -0.352214 : 0
0.0457913 0.220009 -0.337329 0.0750275 0.132437 0.260877 0.0728332 -0.888774 -0.956474 : 0
0.808271 0.870656 0.374325 -0.963352 -0.866549 -0.679797 0.266437 -0.0228652 0.396393 : 0.2
0.876507 -1 0.950806 0.505677 -0.201377 -0.272358 0.41851 0.296255 -0.886201 : 0.1
-0.143655 0.478959 -0.362124 0.106274 0.312257 -0.249467 0.115058 0.798725 0.245494 : 0
0.272418 0.974022 0.294081 -0.341569 -1 0.792863 -0.296852 0.510375 0.337237 : 0
0.368223 0.816832 0.362718 -0.216158 0.523588 0.890391 -0.311523 -0.100689 0.57161 : 0
0.553548 1 0.557686 0.992619 -0.761015 -0.66046 -0.0825881 0.540383 0.396346 : 0
0.197933 -0.665772 0.118795 -0.12244 -0.519125 -0.20718 0.158414 -0.60912 -0.24993 : 0.2
-1 0.827636 0.140817 -0.583907 -0.270043 -0.307218 0.425443 0.0562495 0.0313053 : 0.1
-0.119167 0.903152 -0.0749055 0.217159 -0.346675 0.0690548 -0.0559784 -0.992323 1 : 0
0.179875 0.220724 -0.680629 -0.460276 -1 0.0810592 -1 0.541578 1 : 0.1
1 -0.57026 -0.485794 -1 0.704528 -0.587199 -0.69096 0.247003 -0.00791002 : 0
0.435936 -0.922607 -1 0.182101 0.780849 -0.124076 -1 0.238617 -0.017101 : 0
0.0290789 0.461266 -0.60686 0.872632 -0.423423 -0.127552 0.0830792 -0.328841 -1 : 0.4
-0.790679 1 0.219309 0.624987 -0.49616 -0.153558 0.290131 -0.0767977 -0.381246 : 0
0.128218 0.369526 -0.719091 0.337477 -0.592246 0.846226 1 0.0623099 0.0185001 : 0
0.386796 -0.368694 -0.434264 0.24784 1 -0.359027 -0.200262 0.450871 0.310774 : 0
0.889524 0.639899 -0.0528341 -0.296762 0.0586616 -0.767134 -0.623411 0.627968 -0.0503701 : 0
-0.341347 1 0.160325 0.630568 -0.0515457 0.392085 -0.174262 -0.397673 0.838166 : 0.3
1 0.316331 -0.310985 -0.907237 -0.460441 -0.210794 -0.12778 0.278014 1 : 0
0.457233 -0.755772 1 -1 -1 -0.820495 0.0900792 -0.613073 0.242782 : 0
0.168308 0.377757 0.0940651 0.878986 0.0247042 0.597564 0.954169 0.195918 1 : 0
0.678768 -0.567288 0.41602 0.0965768 -0.345479 0.543197 -0.563594 -0.230883 -0.993924 : 0
0.636976 -0.665916 -0.28661 -0.684703 -0.23489 -0.193205 0.136699 0.191303 -0.0293397 : 0
0.612443 0.477299 -0.128934 0.165648 0.901062 0.289173 -0.0517356 1 0.673128 : 0
-1 0.838263 -0.355726 -0.0315043 0.386789 0.143539 -1 0.169309 0.120793 : 0
0.433277 0.0452307 0.155283 -0.275814 -0.910378 0.220325 -0.478395 0.0342232 0.35664 : 0
-1 0.514903 -1 0.423826 1 0.0525587 -0.409573 0.601053 0.219276 : 0
0.0725987 0.723903 0.219993 -0.140345 0.419372 0.732335 -0.0315403 0.746657 -0.162177 : 0
0.739136 1 -0.0984593 1 0.713512 0.114991 0.619473 0.211218 0.743457 : 0
0.313281 0.264025 0.31029 -0.348931 -0.273989 -0.904589 -0.57748 1 0.876338 : 0
0.0427397 0.965977 -0.520984 -0.26304 -0.814893 0.179946 0.49059 0.34945 0.906445 : 0
0.275782 0.0667028 -0.661707 0.490723 -0.328284 0.653625 -0.0136452 0.720487 0.264574 : 0
1 -0.513304 -0.148242 -1 0.065056 -0.343864 -0.648551 0.421703 0.440598 : 0
-0.0103976 0.76305 0.724222 0.741871 -0.753878 1 -0.13236 -0.829529 -1 : 0.2
-0.36906 -0.146369 0.337964 0.357958 -0.000246763 0.247614 1 0.509165 -0.30768 : 0
-0.0532838 0.88495 -0.764007 0.848645 0.088954 -0.203095 0.33621 0.649611 -0.219653 : 0
1 1 -0.103804 1 0.289626 0.138064 -1 0.0112872 -0.225717 : 0
0.277174 -0.345629 -0.122997 -0.099397 -0.855149 0.107544 1 -0.061155 -0.0706008 : 0
0.564658 0.799653 -1 -0.943589 -0.741116 -0.816981 0.00741857 0.391433 -0.041665 : 0
0.576973 0.634697 -0.854063 -0.657813 0.402354 -0.910468 0.454754 0.687251 0.265312 : 0
0.884672 -0.226227 -0.215188 0.803937 -0.492866 -0.226014 0.178095 -0.888681 -1 : 0
0.43495 0.680816 -0.589725 -0.559665 -0.78067 -0.648616 -0.909589 0.372718 -0.846211 : 0
0.84522 0.607561 0.33332 -0.659735 -0.131585 -0.194667 0.316828 0.726748 0.324527 : 0
-0.922991 -0.242833 -0.581067 0.598478 -0.05777 0.607671 -0.05045 0.208446 -0.534618 : 0.2
-0.765458 -0.0412032 -0.0684349 0.450204 1 -0.409972 -0.238696 0.879319 0.164669 : 0
0.9059 0.837462 -1 -0.104815 -0.445333 0.343127 -0.525248 -0.928671 -0.596161 : 0
0.756343 0.425391 0.492158 0.46162 -0.623923 -0.153734 -0.33887 1 0.273081 : 0.2
0.824096 0.7447 0.00546551 0.597836 -0.538535 0.387554 0.202716 0.395 -0.854291 : 0
-0.791389 0.0361256 0.178635 0.129469 -0.754038 0.865799 0.193694 -0.424807 -0.765382 : 0
0.482827 -0.766852 1 -0.129118 0.378784 -0.279727 -1 -0.355494 -0.543092 : 0
0.0202998 0.339289 0.435825 -0.0169705 0.863164 0.522532 -1 -0.313959 0.29462 : 0
0.159499 0.62286 -1 -0.378073 0.576815 0.771113 0.59727 0.538448 0.759295 : 0.1
0.423801 1 -0.696889 0.658667 0.462945 0.713933 -0.0608896 0.9753 0.322941 : 0
0.397382 0.17348 0.273704 0.591409 1 0.996542 0.578114 0.317159 -0.0525486 : 0
0.847451 0.997322 -0.34445 0.354823 -0.967124 0.697061 0.92577 1 -0.933524 : 0
0.467185 1 0.298213 -0.0241022 0.616394 0.158677 -0.0296476 0.876091 -0.0591838 : 0
0.583672 0.426935 -0.313997 -0.217091 0.735894 -0.0137362 1 0.832371 -0.696795 : 0
0.660823 1 0.944854 -0.605483 0.299586 -0.614408 1 -0.730364 -0.340596 : 0
0.383799 -1 0.288244 -0.439734 0.627116 -0.0775026 0.887225 0.511407 0.173833 : 0
-1 0.164602 0.741507 -0.000781178 -0.347713 0.728944 -0.115107 0.258386 0.495502 : 0.1
0.140545 0.982383 -0.0676857 0.307462 0.312473 -0.306146 0.169889 -0.825127 -0.638625 : 0
0.743484 0.874954 -0.285957 -0.539061 -0.857203 0.265214 0.253066 0.141384 -0.85619 : 0
-0.619104 0.899615 -0.639735 0.035457 -0.242226 1 0.0299905 0.435068 -0.516072 : 0
0.368806 1 -0.267118 -0.457535 0.804415 0.894837 -0.955057 0.619056 -0.258509 : 0
0.0276777 -0.712801 0.905647 -0.0834045 0.259125 0.0256234 0.516221 -0.0440179 -0.35384 : 0.4
0.818774 0.62148 -0.342835 -0.191695 0.462564 -0.292354 0.22208 0.480793 0.429816 : 0.2
0.368016 -0.580261 -0.698874 -1 0.0582899 -0.480518 0.045737 0.0020467 0.0951707 : 0
0.220839 0.0767151 1 0.587482 0.871955 -1 0.473343 0.265466 0.353538 : 0
-0.00853115 0.781245 0.7266 0.768081 -0.138289 -0.417827 0.791452 -0.0208146 0.921616 : 0.1
0.602614 0.511684 0.201167 -0.468499 0.217251 0.056159 0.589785 0.641613 0.179379 : 0
0.440859 1 0.253719 -0.34895 0.0568694 -0.144088 -0.323061 0.996212 -0.135428 : 0
0.0686185 1 0.0101637 -0.0338638 -0.297179 0.285701 -0.494805 -0.671411 1 : 0
-1 -0.618166 1 -0.435345 -0.476973 0.0923676 -0.087548 0.739821 0.103361 : 0.1
1 0.613524 0.216606 -0.0920471 0.393689 -0.38525 0.356201 0.548239 0.420481 : 0
0.516896 0.596885 0.391154 -0.714866 0.47206 -0.603418 0.463284 0.2988 -0.614634 : 0.1
-0.660041 0.975473 -0.752092 0.314669 -0.91497 -0.0355372 -0.664762 0.10715 -0.0848245 : 0.3
-0.185367 -0.102302 1 -0.71633 0.496646 0.891185 -0.0772324 0.0439587 0.189974 : 0
0.964225 -0.867082 -0.139373 0.168874 0.336428 -0.577465 -0.315008 0.460425 -0.231551 : 0
0.435471 -0.166513 -1 0.455645 -1 -1 0.287651 -0.352991 -0.115994 : 0
-1 0.308803 -0.63946 1 0.156634 -0.0360718 0.0710533 0.431193 0.0860494 : 0.5
0.61198 0.435893 0.962056 0.198109 0.550837 0.434837 0.261265 -1 0.272573 : 0
0.297111 -0.61596 -0.655585 0.169836 1 0.787866 0.55443 0.199197 0.237426 : 0
-0.0335231 0.230839 -0.135785 -0.0999407 -0.777317 -0.0576598 0.56122 0.908472 0.438186 : 0
0.285074 0.116414 0.248035 0.621842 1 0.183203 0.100559 -0.560165 -0.414101 : 0
0.837657 0.128864 -0.793528 -1 -0.50836 -0.631878 0.0048258 0.439125 -0.522105 : 0.2
0.0488926 0.664586 0.233417 -0.841736 0.487422 -0.629395 -0.32279 0.515105 0.195359 : 0.1
0.482781 0.406027 0.152326 -0.166528 -0.0483747 -1 1 0.123555 0.917277 : 0.1
-0.0190663 0.565753 0.108527 -0.324541 0.118951 0.465661 -0.0252677 -0.908489 0.894318 : 0
0.25824 0.291174 -0.0964396 -0.416235 -0.0102202 -0.416366 -0.388385 0.557876 -0.23355 : 0
0.0166913 0.383024 -0.292567 -0.240279 0.773272 0.193531 -0.333523 1 -1 : 0
-0.741948 -0.19766 -0.100684 -0.0147008 0.317932 0.277751 -0.0842329 0.737113 0.447141 : 0
-0.00886708 0.921819 -1 -0.0741475 -0.471411 0.600307 -0.112405 0.667194 -0.709492 : 0
-0.710168 -0.260254 -1 0.632365 0.269568 -0.196866 -0.173821 0.211329 0.955804 : 0
0.715142 1 -0.351749 -0.364864 -0.0511451 0.842301 -0.0391496 -0.0617796 -0.628369 : 0
0.560796 0.103917 -0.617411 0.294488 0.065384 0.337336 -0.220305 -0.697077 -1 : 0
0.101373 0.324133 -0.357573 0.262911 -0.560835 -0.0960508 0.0900441 -0.543037 -1 : 0
0.474758 0.0678492 0.218714 0.0594892 0.79284 0.177018 0.0309941 0.334391 0.273789 : 0
0.404399 0.474976 -1 -0.311462 -0.626716 0.0218632 0.521368 0.286736 -1 : 0
0.692315 0.465884 -0.805804 -0.367806 0.216066 -0.630377 -0.160255 0.236935 0.102275 : 0.5
-0.623976 -0.0443699 0.137671 0.696872 -1 0.687349 -0.657738 0.521377 0.709628 : 0.2
0.685359 0.726992 -0.531141 -0.129416 -1 -0.89466 0.0571468 -0.850976 -0.0274432 : 0
0.327168 0.297239 -0.105883 0.272855 -0.352352 -0.545584 -0.684823 0.259982 0.101315 : 0
0.224345 -0.897087 -0.64827 -0.540671 -0.121091 0.163487 0.523397 -0.0420661 -1 : 0
0.479406 1 0.164358 -0.191312 0.971079 -0.452491 0.889162 0.383318 -0.147424 : 0
0.581826 -0.889581 -0.492245 -1 0.579485 -0.551569 -0.251579 0.240077 -0.00775993 : 0
0.66008 0.821765 0.187504 -0.126449 -0.548274 0.295294 0.834151 -0.801438 0.409106 : 0
0.864168 0.704373 -1 0.348679 -0.742477 -0.41265 0.915429 -0.839608 0.355324 : 0.2
-0.437112 -0.451402 0.616472 0.640827 -0.0547893 0.46264 0.0280657 0.0686828 -0.950957 : 0
-0.0146615 0.469681 0.255626 -0.289011 0.0336488 -0.549097 -0.538554 0.386936 0.212307 : 0
0.496743 -0.227987 0.0998178 -0.138901 -0.357635 -0.345343 0.283571 0.248846 0.168377 : 0
0.243427 0.0476785 -0.228417 -0.143788 0.308028 0.688477 -0.12065 0.370714 0.0825182 : 0
-0.0675355 0.0250035 -0.00399818 -0.0179023 0.795352 -0.707008 -0.132652 0.3886 0.696297 : 0
0.769522 0.618188 -0.823511 0.311862 -0.311317 0.0204431 -0.0543684 -0.157951 0.431121 : 0
0.770499 0.622528 0.307052 0.451705 -0.0580458 0.0347018 0.547718 0.253787 0.584846 : 0
0.956207 0.991872 -0.268724 -0.275867 0.589413 0.0776528 -0.794525 0.799465 0.308723 : 0
-1 -0.238682 -0.58689 -0.454999 0.340249 -0.257037 0.259002 -0.231697 0.0607463 : 0
0.302005 1 -0.779336 0.622418 0.402681 -0.103627 0.361806 0.720194 0.351426 : 0
0.613968 1 1 0.176498 -1 -0.665938 -0.0780544 -0.502118 0.140088 : 0
0.665846 0.854814 0.575901 -0.373331 -0.349041 -0.742486 -0.25764 -0.550601 0.614297 : 0
0.434665 0.0443688 -0.455667 -0.260591 0.0125933 -0.433697 0.0333124 0.811729 -0.0820949 : 0.1
0.245004 0.223966 -0.343125 -0.00702233 -0.0938159 0.210902 0.0177691 0.489358 0.0859013 : 0
-0.646837 0.676219 -0.89406 -0.0988656 -0.934455 -0.379449 0.426788 0.800895 0.234747 : 0
0.235252 -0.205563 -0.539109 -0.606677 -0.23399 -1 0.019225 0.292975 0.286448 : 0
-0.290367 -0.725523 -0.739911 0.623325 0.788575 -0.149889 -0.0054405 0.383466 -0.166914 : 0
0.318853 0.172577 -0.177459 0.100256 -0.591418 -0.026549 1 0.639151 0.444322 : 0
0.690904 0.834306 0.0796443 0.171739 -0.418475 -0.525293 -0.0898955 0.805629 0.439283 : 0
1 -0.262955 -0.324979 -0.343446 -0.949509 -0.0666792 0.684579 -0.343638 -0.756843 : 0
