0.916898 0.585717 0.872979 -0.19618 0.0270202 -0.389234 -0.0431792 0.909402 -0.264501 : 0.6
0.699076 0.586982 0.827757 -0.734526 0.410837 -0.43083 -1 0.615229 0.822842 : 0.2
0.575597 0.737332 0.779965 -0.82336 0.395262 -0.146572 1 -0.541577 0.102263 : 0.2
0.55536 0.427684 0.91056 -1 -0.437556 -0.583208 0.923177 0.518704 -0.639118 : 0.2
0.729014 0.392153 0.719535 -0.576178 -0.522157 -0.541403 0.891466 0.499441 0.0119823 : 0.4
1 0.534432 0.984039 -0.17116 -0.756392 -0.189494 0.164815 0.91566 -0.214882 : 0.4
0.843019 0.288155 0.525662 -0.895786 -0.146713 -0.999929 0.90917 0.680911 0.310727 : 0.6
0.731523 0.272137 0.902118 -0.826411 -0.443253 -0.496643 0.78368 -0.230205 -0.0286936 : 0.2
0.529672 0.294362 0.855457 -1 -0.74704 -0.416532 0.12016 -0.0813638 0.548883 : 0.2
0.588689 0.837895 0.878611 -0.230773 0.0978602 -0.641969 0.988755 -0.5073 0.0193235 : 0.2
0.709798 0.281906 0.84314 -0.304641 0.212653 -0.242729 0.323587 0.331519 0.00466032 : 0.4
0.677014 0.590746 0.763838 -0.989083 -0.410523 -0.717116 0.798553 0.971945 0.084254 : 0.2
0.531146 0.379235 0.857923 -0.779041 -0.42364 -0.847967 0.836244 0.494511 -0.446623 : 0.2
0.520646 0.306842 1 -0.0182964 0.53523 0.258799 -1 0.473749 -0.142613 : 0
0.817802 0.741946 0.727497 -1 1 -0.0584077 1 -0.139617 0.038577 : 0.5
-0.197483 0.461784 0.991307 -0.244843 -0.145472 0.901196 0.411252 0.296133 -0.306822 : 0.1
0.54964 0.500867 0.793113 -0.514399 -0.340259 -0.0573461 0.291574 0.277616 -0.201996 : 0.8
0.728824 0.191717 0.838839 -0.746522 0.306245 -0.0612774 0.727017 0.454975 0.205303 : 0.2
0.705434 0.0796058 1 -0.478165 -0.103371 -0.815871 0.805234 0.497594 0.337826 : 0.5
0.760028 0.768188 0.888139 -0.816347 -0.322431 -0.577717 1 0.662092 -0.765111 : 0.4
0.520822 0.382535 0.84696 -0.901304 0.877864 -0.672344 0.63812 0.0939109 -0.166921 : 0.3
0.681004 0.569073 0.85603 -0.464965 0.0907194 0.584043 0.292685 0.0346614 -0.436605 : 0.3
0.995504 0.406221 0.85656 -0.583593 0.588187 -0.0900558 0.437214 0.628387 -0.437492 : 0.2
0.349275 0.618234 0.84246 -0.903411 -0.224633 -1 0.697725 0.664247 -0.094058 : 0.1
0.945473 0.418901 1 -0.848887 0.371167 -0.687235 0.717 0.520487 0.563731 : 0.4
0.858511 0.379361 0.934881 0.0516807 0.190884 -0.151061 0.7494 0.974517 0.225876 : 0.4
0.789652 0.620393 0.9525 -0.521382 -0.346013 0.0958642 -0.726155 0.585842 0.667594 : 0.5
0.308501 0.83454 0.911428 -0.869459 -0.231835 -0.255498 0.00961718 0.504161 -0.026371 : 0
0.669136 0.3834 0.933455 -0.0794211 0.868442 -0.434142 0.403075 1 1 : 0.1
0.875365 0.283462 0.913557 -0.695889 -0.637202 0.802162 0.947065 0.604175 0.870583 : 0.2
0.666996 0.38853 0.787265 -0.450348 -0.298313 -0.346818 -0.214413 0.260343 -0.340553 : 0.4
0.850652 0.588946 0.994341 -0.398821 -0.620862 -0.888306 0.349932 -0.320055 -0.510379 : 0.1
0.621528 0.721112 0.794037 -0.662792 -0.400622 -0.170849 0.996266 0.090753 0.050061 : 0.4
0.669325 0.45456 0.940968 -0.741166 -0.382415 -0.897054 0.910201 -0.0677453 1 : 0.3
0.653355 0.806029 0.660518 -0.90981 -0.283554 -0.245461 1 0.206563 0.980268 : 0.2
0.406111 0.497102 0.733582 -0.132381 -0.951015 -0.332137 0.0604658 0.601277 0.574128 : 0.3
0.606396 0.175419 0.930648 -0.919842 -0.306047 -0.708585 0.643647 0.432889 0.033713 : 0.2
0.644186 0.143241 0.923127 -0.542171 -0.299462 -0.0616162 0.561046 -0.0954702 0.73938 : 0.5
0.567071 0.643806 0.882205 -0.687807 -0.109053 -0.972714 0.0982513 0.136578 0.916538 : 0.4
0.940915 0.325517 0.926379 -0.75746 -0.522152 1 0.879175 1 -0.469821 : 0.2
0.590826 0.458546 0.977695 -1 -0.33877 -0.813081 1 0.842433 -0.826013 : 0.4
0.550664 1 0.914765 -0.942681 -0.503147 -0.491038 0.298059 0.250051 -0.0767993 : 0
0.499941 0.3587 0.990755 -0.491583 -0.331577 -1 -0.164425 -0.686982 -1 : 0.1
0.690892 0.438722 0.90614 -0.00781012 0.0283913 -0.0082252 0.0906677 0.15654 -0.259138 : 0.4
0.589112 0.941021 0.482261 0.0186934 0.689841 -0.416763 0.99393 0.333276 0.619889 : 0.1
0.368117 0.491308 0.985809 0.0647451 0.0273499 -0.0620749 -0.173433 0.719369 -0.572654 : 0.3
0.487959 0.423678 1 0.106113 -0.564885 0.200572 -0.605401 -0.138536 -0.333481 : 0.2
1 0.252151 0.841223 -0.542207 0.208635 -0.592007 1 0.917491 0.699109 : 0.1
0.696987 0.236267 0.885842 -0.627641 0.669725 -0.727047 -0.121076 -0.561292 0.502117 : 0.2
0.428583 0.583438 0.925001 0.607316 0.62881 -0.740967 0.16716 0.205573 0.26797 : 0.1
0.831615 0.504463 0.912272 1 1 -0.257832 0.67892 -0.347811 0.324442 : 0.3
0.670409 0.625877 0.896506 -0.592765 -0.480306 -0.284696 -0.27205 0.446392 0.879109 : 0.7
0.659953 0.310139 0.908796 -0.541012 -0.399506 -1 0.247462 -1 0.448548 : 0.3
0.803522 0.571812 0.774986 0.252818 0.136404 -0.345254 0.155727 -0.601208 -0.319077 : 0.3
0.614077 0.861764 0.949856 -1 0.885156 -0.545724 1 -0.54001 0.647138 : 0.3
0.687806 0.489519 0.721597 -1 -0.0597947 -0.280661 0.561891 0.988311 0.214611 : 0.3
0.629667 -0.0163032 0.90729 0.049461 -0.24837 -1 0.264111 0.279832 0.263661 : 0.1
0.627623 0.477365 1 -0.275544 -0.304777 -0.168648 0.925588 0.556635 0.11948 : 0.4
0.87205 0.381434 0.929245 -0.977796 0.0954685 -0.352632 0.589419 1 -0.695542 : 0.3
0.766257 0.58069 0.787126 1 0.897861 -0.412885 1 0.509213 0.384311 : 0.2
0.880385 0.392392 0.740894 -0.709646 0.114014 -0.75537 -1 0.116855 -0.426538 : 0.5
0.0187337 0.72796 1 -0.621147 0.029162 1 0.707028 -0.0587118 -0.0704978 : 0.1
0.478151 0.472514 0.957593 -0.366602 0.376673 -0.0539221 -1 -0.239833 0.628081 : 0
0.732875 0.348839 0.885668 -0.230984 -0.414081 -0.788795 0.0581204 -0.165539 0.170379 : 0.1
0.511856 0.114961 0.820798 -0.748721 -0.797665 0.546419 0.258439 0.48322 -1 : 0.2
0.612105 0.339999 0.975723 -0.541071 -0.242665 0.317057 0.553859 0.691457 0.311045 : 0.5
0.232273 0.465237 0.966578 -0.522659 -0.53773 -1 -1 0.756836 0.396528 : 0.1
0.687241 0.48804 0.558049 -0.71055 -0.136735 -0.955331 -0.0186696 0.996087 -0.2791 : 0.3
0.594788 0.426365 0.877311 -0.0617015 -0.237632 -0.13289 -0.0308903 0.334252 -0.700267 : 0.6
0.827882 0.41918 0.739398 -0.655485 -0.22516 0.0552104 1 0.337635 0.484462 : 0.5
0.635972 1 0.960752 -0.907051 -0.317371 -0.265997 0.564037 0.607783 -0.33165 : 0.2
0.66698 0.481009 0.93637 -0.5082 -0.324764 -0.584318 -1 0.595588 -0.303942 : 0.2
0.384317 0.765388 0.821833 -0.649985 0.483155 -0.474721 0.711497 -1 -0.954544 : 0
0.38674 0.302568 0.890209 -0.791182 0.0847307 0.0536627 0.799713 0.473578 0.628047 : 0.3
0.551473 0.579021 1 -0.608573 0.538605 -0.719873 -0.135758 0.180796 -0.202169 : 0.2
0.886308 0.563561 0.87857 -0.545039 -0.334721 -0.28 -0.243121 0.577434 0.152356 : 0.4
0.627588 0.263946 0.920461 -0.62377 -0.750939 0.427284 0.470707 -0.115838 -0.325453 : 0.5
0.564371 0.379755 1 0.0119109 -0.103342 -0.567227 0.697191 -0.384633 0.513075 : 0.1
0.447749 0.608731 0.678882 -0.609779 -1 0.000185132 0.80669 0.389118 -0.262621 : 0.1
0.916398 0.389161 0.847534 -0.349556 -0.224071 -0.386644 0.429816 0.46246 -0.0989991 : 0.5
0.639743 0.280597 1 -1 -0.362423 0.764872 0.802046 0.613522 0.410159 : 0.5
0.614295 0.829027 0.981497 0.106378 -0.366873 0.13893 0.537135 1 0.88299 : 0.4
0.708495 0.362923 0.526534 -0.666686 0.865628 -0.18389 -0.109429 0.598901 0.730397 : 0.3
0.841478 0.239085 0.838641 -0.433719 1 0.115094 0.782784 0.927739 -0.783236 : 0.2
0.408444 0.489388 0.95047 -0.763849 -0.218598 -0.0332065 -0.270141 0.250628 0.190665 : 0.4
0.559623 0.377994 0.996507 -0.818998 -0.592396 -0.39808 0.255066 0.46129 -0.951778 : 0.4
0.584367 -0.0754659 0.794226 -0.0511886 -0.0699126 -0.378908 0.0387627 0.0515568 -0.88344 : 0
0.421589 0.656582 0.912908 -0.633998 -0.0239576 0.366416 0.60036 0.316008 0.381114 : 0.4
0.780818 0.511598 0.657112 -0.407075 -0.657262 -0.426479 0.885786 0.189073 0.275687 : 0.6
0.585548 0.656139 0.896977 -1 0.738341 -0.255541 -1 0.899491 -0.310229 : 0.1
0.817984 0.307383 0.822356 -0.708354 -0.228575 -0.342996 -0.276665 -0.149298 1 : 0.4
0.346831 0.133199 0.819525 -0.423033 -0.0833612 -0.363226 -1 -0.335382 0.292526 : 0
0.771778 0.546845 0.826618 -0.810395 1 -0.650984 0.131839 0.183489 -0.457319 : 0.3
0.550391 0.60126 1 -0.563734 -0.0896803 -0.792367 0.949798 -0.434572 1 : 0.1
0.738679 0.158556 1 -0.395628 0.176604 -0.201021 0.932927 0.30898 -0.325999 : 0.3
0.442077 0.676321 0.857972 -0.67386 0.317503 -0.523351 0.0488344 -0.313447 -0.647368 : 0.2
0.590241 0.298385 0.782195 -1 -0.337818 -0.744976 0.486508 0.792306 -1 : 0.3
0.781496 0.569877 0.998209 -0.471221 -0.122084 -0.0840273 0.816727 0.25493 0.174853 : 0.5
0.668262 0.888658 0.836017 -0.729409 -0.785362 -0.827619 0.710185 0.570514 -0.224108 : 0
0.386371 0.416115 0.938792 -0.776845 0.328725 -0.257986 0.880636 0.424236 0.911621 : 0.1
0.679928 0.581403 0.966777 -0.488636 -0.89015 0.817055 0.13244 0.0814583 -0.399691 : 0.2
0.804964 0.486421 0.814013 -0.936365 0.146631 -0.226725 0.428208 0.730708 0.468266 : 0.5
0.64729 0.429567 0.977427 -0.705139 -0.626225 -0.941832 1 0.068966 0.791772 : 0.3
0.637757 0.410843 0.873216 -0.222944 -0.201312 -0.692616 -0.937819 0.88925 -0.653408 : 0.4
0.512448 0.517141 0.867601 0.0834928 -0.130922 -0.513758 0.186872 0.759971 -0.87228 : 0.3
0.61237 0.484438 0.912869 0.23986 0.128586 -0.926632 0.775717 1 0.361004 : 0.3
0.40781 0.477919 0.887494 -0.722474 0.262173 -1 0.713674 -0.638909 0.507961 : 0.3
0.668075 0.495206 0.825892 0.101499 -0.447223 -0.968656 -1 1 0.619724 : 0.1
0.720235 0.646182 0.67798 -0.654501 -0.347092 -0.959703 1 -0.646039 0.771551 : 0.1
0.926478 0.26224 0.791852 -1 -0.128398 0.218806 1 1 -0.319006 : 0.4
0.838504 0.123008 0.882647 -0.938702 -0.534298 -0.537858 0.353066 0.152822 -0.147683 : 0.4
0.12032 0.231963 0.93493 -0.856544 -0.532275 0.327652 0.666184 -0.0438874 0.707377 : 0
0.376209 0.378825 0.785153 -0.133759 -0.241411 -0.335717 0.884274 0.291912 1 : 0.2
0.645508 0.31051 0.830926 -0.888374 -0.160635 -0.760751 -0.311506 0.537011 0.52857 : 0.2
0.781309 0.275077 0.968006 -0.665343 -0.0908417 -1 0.957185 -0.237977 -0.478352 : 0.4
0.694734 0.578736 0.94793 -0.624968 -0.470083 0.521607 0.589859 0.217082 0.901478 : 0.2
0.814027 0.35646 0.90326 -0.430679 0.303303 -0.232837 -0.843922 0.370231 0.501945 : 0.5
0.553772 1 0.79574 -1 -0.708041 -0.649524 -0.250186 0.00016281 0.213931 : 0.1
0.539166 1 0.838413 -0.362584 0.299372 -0.313138 -0.285391 0.33391 -1 : 0.2
0.765302 0.426819 0.609184 -0.143898 -0.21066 -0.433964 0.980489 0.540557 0.39422 : 0.5
0.78588 1 0.893007 -0.691182 0.13172 -0.0640857 0.767885 0.407901 1 : 0.3
0.606478 0.649173 0.910774 -0.669792 0.114753 -0.510309 0.753355 -0.259187 0.245267 : 0.2
0.370624 0.554104 0.852408 -1 -0.304985 -0.049643 0.96079 1 -1 : 0
0.861073 0.247693 0.899362 -0.727075 0.153899 0.184452 0.428526 -0.0503076 0.524254 : 0.3
0.661728 0.432601 0.997591 -0.415808 0.615249 -0.802123 0.536706 0.668671 -0.197708 : 0.1
0.782195 0.557969 0.723176 -0.807488 1 -0.18699 0.242615 0.757881 -1 : 0.4
0.541101 0.550522 0.489347 -0.931632 0.103136 -0.802095 0.747111 0.664649 -0.68423 : 0.6
0.531441 -0.0487919 0.811883 -0.761344 -0.532129 -0.681007 1 0.395879 0.187907 : 0
0.630698 0.466407 0.820233 -0.3248 0.672292 -0.326674 0.319424 0.148091 -0.0981168 : 0.4
0.68314 0.320918 0.972578 -0.847842 0.840049 -0.150525 0.903359 0.702984 0.311829 : 0.3
0.757512 0.214639 0.956253 -1 -0.433721 -0.812349 0.0578977 0.578952 0.387934 : 0.5
0.816913 0.554552 0.847375 -0.429582 0.15499 -0.580506 0.826862 0.252366 -0.0796955 : 0.5
0.796895 0.212165 0.890763 -0.511619 0.774723 -0.312847 0.794186 0.657705 -0.458403 : 0.2
0.87609 0.475559 0.94622 -0.855984 0.118678 -0.237469 0.818123 0.19163 -0.0108565 : 0.5
1 0.67001 0.995895 -0.40406 0.0186002 -0.700876 0.495922 1 0.643785 : 0.6
0.720994 0.71684 0.832953 0.0456009 -0.141997 -1 0.0913347 0.35855 -0.32961 : 0.3
0.681048 0.6999 0.9524 -0.819573 0.657338 -1 0.675236 0.510881 -1 : 0.3
0.617096 0.292392 0.858663 -0.106034 -0.725926 -0.488146 0.0173847 0.477314 -0.748755 : 0.3
0.530189 0.925998 0.984002 0.477734 -0.941263 -0.356278 1 0.410239 0.584658 : 0
0.511228 0.400167 0.919294 -0.641836 -0.181622 -1 0.551602 0.292892 0.13649 : 0.6
0.594422 0.426957 1 -0.467295 0.0495659 -0.699791 0.27223 0.389707 0.252035 : 0.6
0.82251 0.412972 0.995404 -0.569361 -0.386182 0.00737607 -0.17836 -0.348937 0.412491 : 0.7
0.863736 0.0976579 0.766963 -0.230516 0.392643 -0.437206 0.977642 0.381238 -0.295212 : 0.4
0.651571 0.710835 0.767403 -0.868082 -0.450989 1 0.197477 0.398752 -0.893541 : 0.3
0.558544 0.219621 0.852992 -0.123736 0.423696 -0.329214 0.175938 -0.623285 0.621997 : 0.2
0.414826 0.590322 1 0.31728 0.0729114 -1 0.632672 0.266094 0.608317 : 0.1
0.578858 0.327966 0.941527 -0.850626 -0.526354 -0.87074 0.355156 0.280736 0.426149 : 0.3
0.923722 0.308021 0.766321 -0.773954 0.759891 -0.121548 0.88773 0.369258 -1 : 0.3
0.97957 0.0568137 0.901475 -0.709616 -0.119434 0.611832 -0.151502 0.0585436 0.583257 : 0
0.705939 0.843729 0.831969 -0.783967 0.479538 -0.29734 0.382108 1 0.926173 : 0.2
0.762515 0.578909 0.815322 -0.973207 -0.205523 -0.107021 0.719236 0.369462 -0.165823 : 0.5
0.571767 0.143266 0.865536 -0.232747 0.649651 -0.0830493 1 -0.438939 -1 : 0.1
1 0.365136 0.64943 -0.986592 -0.370326 -1 0.38334 0.403083 0.614137 : 0.4
0.893369 0.632732 0.879774 0.242248 -0.219859 -0.691474 -0.240037 0.0394194 0.18379 : 0.2
0.801746 0.34631 0.860116 -0.215757 0.191349 -0.390408 0.0987121 0.794208 0.769911 : 0.7
0.610878 0.403975 0.745937 -1 -0.170461 -0.586916 1 0.0851821 0.452949 : 0.2
1 0.606414 0.779428 -0.320868 -0.325746 -1 0.678777 0.597461 0.980705 : 0.5
1 0.455666 0.990506 -0.250041 0.662415 -0.665881 0.774212 0.581113 -0.788429 : 0.3
0.502893 0.253973 0.653548 -0.785951 -0.830952 0.21357 1 0.118194 -1 : 0.5
0.758679 0.393068 0.796185 -0.945673 -0.24159 0.298988 0.567607 1 0.486111 : 0.7
0.455062 0.430885 0.998472 -0.58432 -0.0635566 0.380136 0.497373 -0.892001 0.609253 : 0.4
0.261153 0.777567 0.825364 -0.592919 1 -0.0292902 -0.106161 -1 -1 : 0.1
0.707341 0.310871 0.717449 -0.604026 -0.374058 -0.828877 0.703636 0.700442 1 : 0.5
0.908643 0.797133 0.615837 0.133897 -0.385375 0.0717236 0.654892 0.75016 0.0423613 : 0.5
0.126002 0.321658 0.871627 0.540997 -0.0329708 0.471717 1 0.486674 0.951142 : 0
0.500337 0.752855 0.825197 -0.24315 -0.658142 -0.625219 1 -0.290829 0.0961431 : 0.1
0.569842 0.495199 0.93078 -0.587916 0.467035 -0.173218 0.601024 0.519134 0.196352 : 0.3
0.564126 0.641611 0.73835 -0.957432 1 -0.262602 0.989078 0.90413 0.974202 : 0.2
0.456672 0.543691 0.940077 -0.555643 -0.210848 0.352994 -0.23556 0.275259 1 : 0.3
0.48324 1 0.906629 0.286297 -0.380446 -0.764003 -0.591021 -0.163148 -0.0467336 : 0
0.738955 0.423898 0.967497 -0.706521 0.43459 -0.795551 0.828476 1 0.30192 : 0.5
0.0387643 0.474153 0.877046 -0.543017 0.652625 -0.600921 0.437226 0.0399703 0.411758 : 0
1 0.529015 0.889436 -0.863931 -0.12833 -0.819889 0.116502 0.673757 -0.664175 : 0.5
0.697698 0.692962 0.840071 -0.731376 -0.68392 -0.535073 -0.179016 0.455474 -0.714995 : 0.5
0.712965 0.364579 1 0.180586 0.217449 -0.598846 1 0.265682 0.144723 : 0.3
0.627624 0.467842 0.930299 1 -0.153924 -0.41467 0.762688 0.923808 0.777255 : 0.5
0.780847 0.398511 1 -1 -0.550348 0.0979941 -0.515272 0.165573 -0.0102122 : 0.1
0.350941 0.352175 0.91943 -0.887758 -0.0962271 -0.268673 0.585224 0.165002 0.265142 : 0.2
0.72748 0.514782 1 -0.916561 -0.495815 -0.71226 0.150147 0.155866 -0.702745 : 0.4
1 0.604087 0.829404 -0.845315 -0.130251 0.1509 1 0.131564 -0.694454 : 0.2
0.705902 0.742875 0.709798 -0.994253 -0.41646 -0.928448 0.689515 0.958038 -0.317913 : 0.5
0.630373 0.564861 0.868689 -0.786188 0.353874 -0.0528102 -0.5811 -0.023476 -0.473687 : 0.3
0.32819 1 0.92766 0.121264 -0.402765 0.229589 -0.335566 0.42685 -0.721833 : 0.1
0.689986 0.124209 0.811915 -0.770495 -1 -0.713472 0.284027 1 0.700262 : 0.4
0.774016 0.423194 0.87113 -0.475868 0.219652 -1 0.641424 -1 -0.023297 : 0.4
0.759296 0.367525 0.912713 -0.371019 0.0326593 -0.698959 0.518938 0.432798 -0.0314739 : 0.5
0.343722 0.645661 0.935672 -0.537431 -0.028271 -0.374367 0.486444 0.618756 0.631462 : 0.2
0.828923 0.536041 1 -0.530389 -0.958063 -0.361553 0.568492 -0.208578 0.447239 : 0.6
0.723242 0.287322 0.942555 -0.361328 -0.414444 0.134216 0.710597 0.862053 0.264632 : 0.6
0.643695 0.529898 0.810094 -0.221569 -0.333228 -0.595591 0.972638 0.227871 -0.416802 : 0.6
0.651492 0.327159 0.901268 -0.780659 -0.0273777 0.701281 -0.150257 0.486613 0.353982 : 0.1
0.752421 1 0.623295 -0.267697 0.463289 -0.1315 0.836417 0.644738 0.427447 : 0.3
0.841485 0.293184 0.550839 -0.546969 -0.497687 -0.709834 0.676292 0.166186 0.882224 : 0.3
0.608148 1 0.72856 -0.221795 -0.179177 -1 0.112771 0.211204 0.169763 : 0.2
0.419244 1 0.96379 -0.463668 1 -0.816028 -0.115111 0.0604886 0.172596 : 0
0.354652 0.282119 0.892022 -0.638958 0.489134 0.0258934 0.222267 0.478969 0.892497 : 0.1
0.744496 0.230404 0.917164 -0.126158 0.315602 0.201103 0.605596 -0.0448393 -0.343743 : 0.3
0.603923 0.639273 0.792765 -0.760061 -0.00416747 -1 -0.0358791 0.611025 0.0405243 : 0.1
0.643007 0.00953717 0.91906 -0.129598 0.150635 -0.0762042 0.0686641 1 0.66759 : 0.2
0.628045 0.505572 0.841075 -0.6697 0.289132 -0.346686 -0.112206 0.49343 0.663436 : 0.4
0.742041 0.432704 0.824909 -0.128538 0.269728 -0.233738 0.861406 0.367856 0.365208 : 0.3
0.757809 0.503364 0.786195 -0.480059 -0.183788 -0.28973 0.481071 0.62291 0.409274 : 0.7
0.805631 0.539791 0.751205 -0.506278 1 -0.973285 0.297599 -0.364704 -0.825801 : 0
0.45154 0.408725 0.879223 -0.69044 -1 -0.567915 0.815616 -0.214464 0.585542 : 0.1
0.638035 0.472105 0.903077 -0.738576 -0.297827 -0.843048 0.577177 0.776794 -0.332978 : 0.3
0.765613 0.55032 0.821569 -0.311641 -0.182803 -0.775166 0.444389 0.582276 -0.047707 : 0.7
0.703904 0.540939 0.83986 -0.33905 -0.334807 -0.283533 0.603948 0.919846 -0.46025 : 0.7
1 0.595115 0.768219 -0.667049 1 -0.164649 -0.305747 0.441941 -0.0305904 : 0.4
0.715759 0.492788 0.6856 -0.403579 0.345419 -0.339464 0.108143 0.436299 0.572409 : 0.5
0.671155 0.538191 0.806994 -1 -0.0605348 0.772934 0.323445 -0.17832 0.411407 : 0.4
1 0.321036 0.697713 -0.992678 -0.956776 -0.875225 0.9826 0.0829295 0.627876 : 0.3
0.447412 0.682533 0.668484 -0.556159 0.715178 -0.432155 0.462041 0.615788 -0.79214 : 0.2
0.785446 0.170861 0.923343 -1 -0.198439 -0.494712 0.875104 0.454498 -0.344729 : 0.4
0.493794 1 0.63815 -0.669458 -0.498496 -0.547426 1 -0.284359 0.827713 : 0
0.82929 0.460434 0.961471 -0.590775 0.776882 -0.623568 -0.914887 0.808371 0.111034 : 0.5
0.623357 0.48884 0.829171 -0.392275 -0.780626 -0.291198 0.0350972 1 -0.0153863 : 0.6
0.750131 0.79265 0.904082 -0.732964 -0.882683 -0.48418 0.271055 -0.719619 0.119096 : 0.5
0.825702 0.528259 0.930831 -0.43877 0.569776 -0.512342 -0.180553 0.0686931 1 : 0.3
0.610425 0.479952 0.881473 -0.806028 -0.321698 1 0.851823 0.657752 -1 : 0.5
0.562093 0.205367 0.867904 -0.917383 -0.0641195 -1 0.881429 0.587398 0.707593 : 0.4
0.73373 0.501449 0.590267 -0.819833 -0.249167 -0.121453 0.643598 0.937432 -0.805744 : 0.4
0.805544 0.39552 0.980053 -0.86521 -0.33087 -0.914454 1 0.636025 -0.272785 : 0.3
0.651325 0.362936 1 -0.611402 -0.57761 -0.665732 0.399671 0.561205 -0.456642 : 0.2
1 0.138024 0.835706 -0.285905 0.404325 -0.758994 -0.809926 0.880495 -0.705591 : 0.3
0.936278 0.470269 0.491677 -0.0953088 -0.165483 -0.601674 -0.78345 0.35909 -0.96025 : 0
0.594793 0.558238 0.922508 -0.140231 0.187037 -0.708802 -1 0.242811 0.584193 : 0.4
0.469361 0.82268 0.817235 -0.785452 -0.261257 -0.651764 0.843231 0.34919 0.815799 : 0.1
0.719051 0.433494 0.791657 -0.839775 -0.161448 -0.555465 0.533732 0.958821 0.125962 : 0.5
0.610268 0.280725 0.802741 -0.57337 -0.400025 -0.60424 -0.191504 0.731551 -0.76383 : 0.4
0.7923 0.225961 0.890154 -0.49194 -0.107289 -0.465714 0.499945 0.425865 1 : 0.2
0.766513 0.224443 0.979639 0.622647 -0.275293 -0.540626 0.625849 0.823615 0.420783 : 0.3
0.742373 0.395751 0.94095 -0.913199 0.0162424 -0.266167 0.340105 0.308682 0.530298 : 0.3
0.641625 -0.0430904 0.813375 -1 -0.194469 -0.560342 0.16748 0.00413537 0.270393 : 0
0.859127 0.304349 0.682526 -0.848551 -0.425637 -0.954809 -1 0.370319 -0.037361 : 0.3
0.767306 0.406392 0.676499 -0.338874 -0.430735 -0.567429 -0.083468 0.476484 -0.388017 : 0.4
0.627393 1 0.65383 -0.776491 -0.290665 -0.779579 0.206582 1 0.643698 : 0.1
-0.0107503 0.400978 0.826984 -0.42156 -0.397328 -1 0.190521 -0.168653 0.0610954 : 0.1
0.684294 0.261226 0.870835 -0.390917 -0.583212 0.568157 0.560913 0.171217 -0.143859 : 0.4
0.656326 0.281454 0.843682 -0.285311 0.219127 -0.223878 0.635139 0.436886 0.126211 : 0.5
0.726079 -0.0728144 0.908735 -0.81788 -0.519539 -0.137211 0.228303 -0.0370946 -0.1209 : 0
0.478754 0.0808925 0.0001866 -0.586542 0.208913 -0.385254 1 -0.908029 0.836943 : 0
0.68609 0.602246 0.93632 0.614286 -0.501012 -0.599446 -0.744479 1 0.358955 : 0.2
0.503659 0.333255 0.7363 0.0302022 -0.283995 -0.960668 0.606221 0.276185 -0.187469 : 0.4
1 0.517914 0.874633 -0.193827 -0.200896 -0.365284 0.718465 0.577775 -0.198669 : 0.5
0.48976 0.987072 1 -0.280207 0.202539 0.160662 1 0.453301 0.16723 : 0.2
0.587092 0.281471 0.825556 -0.833915 -0.282571 -0.926199 0.144766 -0.105323 0.745558 : 0.4
0.642952 0.424038 0.984606 0.275027 -0.496457 -0.607358 1 0.860651 -0.0601861 : 0.3
0.637941 0.453936 0.927018 -0.426557 -0.388867 -0.401888 -0.804619 0.207999 0.754318 : 0.4
0.836348 -0.191412 0.831836 0.0452063 0.36529 -0.382003 0.428477 0.0716377 -0.114125 : 0
0.875606 0.315423 0.859785 -0.895388 -0.26025 -0.798212 0.376883 -0.261838 -0.991732 : 0.3
0.708654 0.308482 0.886748 -0.490964 0.681059 0.463213 0.0110111 0.467644 0.427753 : 0.1
0.627658 0.449417 0.969238 -0.751853 -0.0103997 0.48643 0.493174 -0.0597987 0.154966 : 0.8
0.633388 0.387076 0.864956 -0.600252 0.245688 -0.594626 0.494818 0.346108 -0.0901375 : 0.4
0.707877 0.57202 0.846076 -0.759764 0.95069 -0.480062 0.909035 0.858744 -1 : 0.2
0.626777 0.450482 0.927131 -0.605265 -0.0254202 -1 0.764287 1 0.777182 : 0.2
0.583461 0.330824 0.76706 -0.257036 0.351842 -0.647015 -0.112749 0.409664 0.33929 : 0.3
0.624826 0.467944 0.947558 -0.516932 -0.167974 0.156455 0.79617 0.868403 1 : 0
0.810983 0.325424 0.825824 -0.414793 -0.138024 -0.536241 0.390884 0.115252 0.635791 : 0.4
0.607523 0.111637 0.75533 -1 -0.537596 0.713258 -0.936145 0.46844 0.710144 : 0
0.560314 0.341262 0.835434 -1 -0.274074 -0.187792 1 0.441428 0.3207 : 0.5
0.714449 0.336548 0.590897 -0.873544 -0.304825 -0.0807725 0.86272 1 -0.137738 : 0.3
0.620291 0.589474 0.948729 -1 -0.450372 -0.213096 0.141017 0.539638 0.0468994 : 0.3
0.743315 0.660557 0.900016 -0.50697 -0.23722 -0.408199 0.72416 0.643974 -1 : 0.7
0.565072 0.442702 0.944589 -0.539206 -0.0755934 -0.560024 -0.477896 0.415217 -0.363027 : 0.4
0.823874 0.267357 0.930046 -0.618462 0.627413 -0.385331 1 0.160196 0.848303 : 0.3
0.596116 0.32466 0.915577 -0.779328 -0.570495 -1 0.791346 0.181847 0.976049 : 0.3
1 0.416014 0.973548 -0.700308 -0.0266292 -0.48164 -0.00900328 0.197785 0.503411 : 0.5
0.672586 0.129957 0.871673 -0.802554 0.830392 -0.770935 0.444074 0.799564 0.22164 : 0.2
0.648053 0.128261 0.83101 -0.122142 0.511564 -0.032383 0.158522 0.46889 0.967211 : 0.4
0.514762 0.741942 0.82428 -0.877963 -0.759829 -0.582258 -0.317669 0.452627 -0.536629 : 0.3
0.739392 0.463913 0.935209 0.0306124 0.316819 0.542789 -1 0.172158 -0.30409 : 0.3
0.753054 0.8175 0.980013 -0.512583 -0.47774 -0.162601 0.838564 0.113233 0.0382718 : 0.5
0.428876 0.238403 1 -0.55492 0.176283 -1 0.997108 -0.144032 0.466018 : 0.2
0.694198 0.441713 0.890577 -0.702706 -0.539208 0.34273 -1 0.359633 0.687692 : 0.2
0.569114 0.314267 0.553707 -0.659712 -0.0537764 -0.534927 -0.157068 0.584311 1 : 0.5
0.708376 0.224559 0.832694 -0.272716 -1 -1 0.35567 -0.567758 -0.129874 : 0.2
0.855489 0.298742 0.851651 -0.732391 -0.571764 -0.730443 0.786866 -1 0.122818 : 0.4
0.79007 0.502197 0.812467 -0.551098 0.364988 -0.180829 -0.183871 0.41618 0.395523 : 0.4
0.921526 0.195031 0.942216 -0.706147 0.055438 -0.0802204 0.499721 0.490779 -1 : 0.4
0.444567 0.389123 0.93574 -0.604161 -0.833937 -0.352373 0.593173 1 -0.273078 : 0.3
0.794474 0.239838 0.77596 -0.394929 -0.324066 -0.915808 0.521509 -0.0781549 0.163476 : 0.3
0.369245 0.704318 0.866452 -0.408053 0.902829 -0.480674 1 -0.10337 -0.836487 : 0.1
0.580825 0.67274 0.832518 -0.431058 0.886225 -0.663372 0.437444 0.277132 -1 : 0.2
0.655784 0.00142454 0.906913 -0.327393 1 -0.775604 0.835784 0.0344698 -0.423499 : 0.4
0.723855 0.960691 1 -0.218977 0.246343 -0.212988 1 0.784523 -0.0104112 : 0.1
0.683991 0.370085 0.948802 -0.643315 -0.125277 -0.523949 1 0.140326 1 : 0.4
0.631757 0.402978 0.876246 -0.269881 -0.298669 -0.137171 -1 -1 -0.193395 : 0.1
0.568758 0.315381 0.976583 -0.389751 -0.316881 -0.388969 0.754942 0.200538 -0.276902 : 0.4
0.447215 0.566527 0.829923 0.612471 -0.110182 -0.587881 0.693908 0.870914 0.14896 : 0.1
0.48418 0.63848 -0.141417 -0.59861 0.219569 -0.763029 0.606601 0.750264 0.774273 : 0.2
0.197344 0.463107 0.928872 -0.0919037 -0.319003 -0.339809 0.713876 0.581844 -1 : 0.1
0.749735 0.797168 0.868264 -0.546464 -0.291951 -0.179824 0.711529 0.0124313 0.473896 : 0.3
0.752943 0.515462 0.911094 -0.751906 0.417247 0.823951 0.907604 -0.0218817 0.766371 : 0.1
0.534351 0.302876 0.607567 -1 -0.0224908 -0.643476 -0.0798375 0.0980592 -0.390258 : 0.6
0.72675 0.509591 0.839661 -0.531083 1 0.21212 0.297246 0.189404 -0.270074 : 0
0.827481 1 0.876778 0.0291815 0.514792 0.696456 0.524279 -0.378431 0.460331 : 0.3
0.849883 0.177751 1 -0.769385 0.0250857 -1 0.603621 0.00990935 -0.0192533 : 0.2
0.686998 0.535422 0.886993 -0.205507 -0.159747 -0.436988 0.223433 0.975358 0.396572 : 0.7
0.672614 0.300151 0.999348 -0.5991 -0.264884 -0.529931 -0.626031 0.536135 0.476792 : 0.4
0.398311 0.358711 1 -0.943141 0.145193 -0.729222 0.118391 -0.539501 0.131311 : 0.2
0.576151 0.370962 0.986995 -0.954143 0.142331 -0.704928 0.632252 0.647807 0.76579 : 0.4
1 0.565213 0.741265 -0.514586 -0.167819 -0.221351 0.419936 0.488027 -0.0860347 : 0.4
0.710657 0.486943 0.86211 -1 -0.350594 -0.342023 0.360006 0.838864 1 : 0.5
0.369598 0.417199 0.774219 -0.535694 0.399156 -0.0124721 0.4911 0.039515 0.240373 : 0.3
0.671394 0.46276 0.734115 -0.677596 -0.34206 -0.186607 1 1 -0.00482719 : 0.3
0.607172 0.317019 0.922505 -0.585363 0.0687352 -0.291082 1 0.415489 -0.807194 : 0.4
0.442479 0.521499 0.796422 -0.961753 -0.33538 -0.528241 1 0.820571 -0.333458 : 0.2
0.757301 0.278498 0.864968 -0.267107 0.777293 -0.280124 0.280382 0.0969671 -0.606725 : 0
0.532389 0.214763 0.859856 -0.420313 -0.983311 0.182402 0.306041 0.329717 -0.258759 : 0.2
0.408646 0.322458 1 -0.917051 -0.334434 -0.557492 -0.941604 0.731261 0.0888673 : 0.2
0.679248 0.361508 0.826182 -1 0.168383 -0.151518 0.465312 -0.127941 0.562953 : 0.5
0.636018 0.632375 0.910846 -1 0.0845046 -0.18977 -0.616112 0.195574 0.0266375 : 0.1
0.669573 0.597242 0.957223 -0.846192 0.508397 -0.32228 -0.167651 0.6358 -0.899456 : 0.3
0.270266 -0.185108 0.84093 0.418537 -0.103621 -0.348339 0.565513 0.191232 -0.628275 : 0
0.521051 0.6542 0.963601 -0.434995 0.313876 1 0.286786 -0.838476 0.290471 : 0
0.681389 0.271223 0.664693 -0.582669 -0.655188 0.182133 0.246133 0.148595 0.063931 : 0.4
0.488258 0.204208 0.840315 -0.0829287 -0.298137 -0.605233 1 0.831519 -0.373206 : 0.4
0.560731 -0.0292509 0.820118 -0.597062 -0.652785 0.364487 0.962504 -0.0767886 -0.188001 : 0
0.833729 0.444905 0.943192 -0.913751 -0.519826 0.240773 -0.412713 -0.0143843 -0.378439 : 0.3
0.595995 0.501129 0.858226 -0.862653 0.65712 -0.26358 0.146133 0.574784 1 : 0.3
0.642494 0.25619 0.788058 -0.387558 -0.56211 -0.189166 0.665992 0.130786 0.253929 : 0.5
0.58728 -0.008508 0.793567 -1 -0.224626 -0.544622 -0.970368 -0.731045 0.405986 : 0
0.664677 0.230434 0.683363 -0.852253 0.382475 -0.467675 -0.857013 0.97679 -0.126273 : 0.1
0.454115 0.390119 0.999531 -0.400311 0.612789 0.0206634 0.0966117 0.961567 0.091765 : 0
0.760408 0.468503 0.989175 -0.278448 -0.107428 -1 0.741277 -0.125535 0.0801404 : 0.3
0.498655 0.389368 1 -1 0.0106932 -0.839362 -0.109208 0.380414 -0.272718 : 0.3
0.450496 0.42983 0.789183 0.114292 0.515184 -0.639682 -0.637037 0.648834 0.104761 : 0.3
0.781608 0.356277 0.95656 -0.141379 -0.135462 -0.587733 0.738759 1 0.506511 : 0.3
0.648381 0.992171 0.803997 -0.508155 -0.503183 -0.720279 -0.179994 0.0169329 0.657599 : 0.1
0.27615 0.457078 0.943287 -0.190574 -0.514889 0.0595885 0.439794 -1 -0.357307 : 0
0.719827 0.366969 0.813365 -0.825718 -0.0958825 -0.420708 -1 0.942882 -1 : 0.4
0.674869 0.480117 0.787559 -1 -0.262667 -0.426534 0.804134 -0.172929 0.096167 : 0.3
0.615044 0.467856 0.725843 -0.736018 -0.262445 0.197321 0.503372 -0.128627 0.147933 : 0.4
0.636823 0.481817 0.871055 -0.467228 -0.210375 -0.243769 0.715773 0.100032 0.245169 : 0.3
0.731386 0.697529 0.63633 -0.913559 -0.183202 -0.29449 0.0697461 0.40527 -0.615401 : 0.5
0.560594 0.595849 1 -0.920465 0.805595 -0.451931 0.350878 -1 -0.397019 : 0.1
0.462808 0.6308 0.802543 -0.361625 0.154915 0.344784 -0.0164122 -0.533539 0.118981 : 0.1
0.771924 0.433462 0.837524 -0.961707 -0.219912 -0.214421 0.256906 0.27544 0.349431 : 0.4
1 0.368013 1 0.199196 -0.179803 -0.886754 1 0.115489 0.29905 : 0.6
0.636751 0.161968 0.914483 -0.810599 0.317693 -0.317884 0.75365 0.160891 -1 : 0.1
0.998623 0.502594 0.889674 -0.376362 0.156203 -0.447385 0.893081 -0.0611599 0.481082 : 0.7
0.724595 0.476095 0.911676 -0.389853 -0.128164 0.346804 0.299692 0.815119 0.148843 : 0.4
0.78878 0.569289 0.899851 -1 -0.785934 -0.529993 0.631926 0.644718 -0.197985 : 0
0.633599 0.360447 0.816383 -0.867211 -0.0544601 0.33281 0.228911 0.111989 1 : 0.5
0.780873 0.30801 0.937744 0.143827 -0.00876553 -0.221283 0.653444 -0.0078055 0.0179616 : 0
0.898989 0.287401 0.80718 -0.319316 -0.796694 -0.0819511 0.132761 0.673937 -1 : 0.1
0.6129 0.415075 0.896887 0.0168995 -0.296229 0.407684 -0.399781 0.364521 -0.739156 : 0.4
0.477308 0.434149 0.912367 -1 -0.474308 -0.425989 0.45071 1 0.594649 : 0.3
0.560407 0.643795 0.911098 -0.993897 -0.397479 -1 0.644492 0.219895 1 : 0.3
0.675719 0.424835 0.712931 -0.863064 -0.24536 -0.247492 0.669142 0.0169492 -0.957825 : 0.3
0.0671248 0.667765 0.930139 -0.662511 -0.547676 -0.179999 0.0508804 -0.507881 0.0106481 : 0.1
0.308251 0.35421 0.919233 -0.358599 0.462889 1 0.69046 1 -0.338653 : 0.3
0.957257 0.40174 1 -0.788014 0.635444 -0.223011 0.271194 1 0.346713 : 0.3
0.983278 0.159743 0.681827 -0.91416 0.0577868 -0.512707 0.354189 1 -0.736032 : 0.3
0.746872 0.27184 0.877465 -0.41944 0.465368 0.437387 0.408371 0.152697 -0.32327 : 0.5
0.674804 0.574374 1 -0.177078 -0.269488 -0.794336 1 1 0.0424468 : 0.4
0.108079 0.407196 1 1 -0.29497 -0.34353 0.535168 -0.00824124 -0.589397 : 0
0.76507 0.318216 0.984422 -0.15801 -1 -0.124285 0.585726 0.391441 -0.144011 : 0.3
0.786746 0.525922 0.802322 -0.209096 -0.549515 -0.868427 -1 -0.374011 1 : 0.1
0.731261 0.517761 0.845756 -0.641397 -0.0121582 -0.235147 0.770312 0.890149 0.623165 : 0.3
0.749614 0.407824 0.854909 -1 0.132406 -0.616764 0.834734 0.543865 -0.293905 : 0.5
0.636497 1 0.909634 -0.695689 0.0517689 -0.298236 1 -0.166343 0.876103 : 0.3
0.497618 0.41689 0.897276 0.0268083 -0.00421493 -0.691743 0.15913 -0.436851 -0.439746 : 0.4
0.670453 0.430851 0.833129 -0.745574 0.0880053 0.193125 1 -0.257846 0.311309 : 0.4
0.691805 0.466949 1 -0.752079 -0.726802 -0.413097 -0.544705 0.296914 -0.161238 : 0.5
0.670333 0.493445 0.785269 -0.934629 -0.647258 -0.637993 0.284957 0.697196 1 : 0.3
0.799753 0.540913 0.723891 0.842472 1 -0.164911 0.194734 -0.717396 -0.109331 : 0
0.51018 0.122411 0.866825 -0.846365 -0.640445 -0.658884 0.703882 0.434895 0.336868 : 0.2
0.685621 0.276987 0.889491 0.0768552 -0.253846 -0.821537 -0.161927 0.998314 0.817632 : 0.5
0.714344 0.338548 0.871005 -0.444365 -0.374849 -1 -0.164526 -0.722724 0.847443 : 0.3
0.950642 0.603943 0.664889 -0.503555 -0.445609 -0.402601 0.303755 0.322847 0.183688 : 0.6
0.87666 0.311958 1 -0.51901 -0.280925 -0.225053 0.660777 0.69747 -0.869382 : 0.3
0.480134 0.383792 0.746098 -0.889513 -0.53966 -0.287737 0.15774 0.662937 0.0871366 : 0.2
0.64817 0.274392 0.851563 -0.6825 0.195786 -0.566491 1 1 1 : 0.3
0.403623 0.633509 0.96466 -0.793654 -0.0712802 0.744675 0.799913 0.640668 0.629059 : 0.3
0.718616 0.294992 0.874623 -1 -0.136367 0.148384 0.678615 -0.36886 1 : 0.4
0.592016 0.397574 0.986188 -0.708732 -0.1951 -0.37995 0.295453 0.477263 0.598592 : 0.5
0.454475 0.207645 0.79608 -0.64243 -0.0849481 -1 0.300444 0.0743055 0.788374 : 0.3
0.633223 0.549219 0.924979 -0.685323 -0.309023 -0.458742 0.450995 0.701211 0.0193046 : 0.4
0.763897 0.366386 0.847172 -0.580969 0.637746 0.0372338 0.44403 0.339825 -0.872614 : 0.2
0.649086 0.775574 0.800882 0.0435991 0.478434 0.453151 0.304773 0.645921 1 : 0
0.65104 0.749088 0.792299 -0.646378 -0.321103 -0.498431 1 -0.629374 -0.101575 : 0.2
0.645197 0.459771 0.914062 -0.689566 0.683605 -0.391256 0.216068 0.960807 0.128411 : 0.2
0.217344 0.27618 0.724383 -0.969545 -0.381623 -0.200217 -0.162742 0.242104 0.072951 : 0.2
0.929721 0.037117 0.804344 -0.0267175 -0.623175 -0.732622 0.796044 0.260351 0.159695 : 0.2
0.805537 0.22197 0.937508 0.0206046 -0.478151 -0.129024 0.206355 -0.30847 0.895333 : 0.5
0.658541 0.39671 0.806943 0.238682 -0.0111237 -0.0789034 0.324341 -0.491872 0.744784 : 0.2
0.375307 0.565342 0.879439 0.891449 -0.344829 -0.504408 0.845558 0.354994 0.759759 : 0.1
0.730238 0.310682 0.913216 -0.487662 0.166968 -0.108434 0.384783 0.735065 0.318255 : 0.4
0.513257 0.556505 0.920392 -0.832316 0.419182 0.377664 1 0.299924 -0.136892 : 0.4
0.662409 0.180055 0.778073 -0.262924 0.493998 -0.0898366 0.816148 0.448067 -0.371662 : 0.1
0.531544 0.68893 0.778727 -0.371682 -0.415643 0.82786 0.0662664 0.198551 0.945208 : 0.3
0.728588 -0.0629273 0.509218 -0.814347 -0.521884 -0.246555 0.321409 0.082241 -0.174101 : 0
0.533353 0.452104 0.657133 -0.424297 0.157236 -0.3883 -0.429525 -0.413947 1 : 0.1
0.982826 0.461319 0.90975 -0.835319 0.2911 -0.0712686 -0.222422 0.305496 -0.566723 : 0.6
0.34477 0.599868 0.982091 -0.927369 0.252814 -0.0254935 0.601412 0.531638 0.296422 : 0.2
0.192672 0.399136 1 -0.504602 0.842544 -0.703323 0.840442 0.540687 -0.364656 : 0
0.916061 0.239279 0.880604 -1 -0.221031 -0.404782 0.208528 0.0829093 -0.870078 : 0.3
1 0.288992 0.803966 -0.832772 0.872555 -0.0976433 0.0485852 0.291052 0.216733 : 0.1
0.628353 0.122138 0.823233 -0.469014 -0.476994 -0.120579 0.086863 0.639353 0.0218128 : 0.3
0.589002 -0.188626 0.944768 -0.828135 -0.584026 -0.449532 0.359464 0.0619592 0.000994399 : 0
0.611845 0.750774 0.755454 -0.612773 -0.240795 -0.56792 1 0.360477 -1 : 0.2
0.249753 0.738822 0.932295 -0.484175 -0.471247 0.142546 -0.058585 0.431622 0.496618 : 0
0.97184 0.537078 0.927134 -0.287873 0.0390931 -0.932618 0.403691 0.365142 -0.836097 : 0.5
1 0.242242 0.939424 -1 -0.803974 -0.37174 0.184004 -0.180095 1 : 0.2
0.55572 0.406693 1 -1 -0.450961 -0.520825 0.791031 0.61187 -0.316321 : 0.3
0.23221 0.692837 0.783662 0.611072 -0.484468 -0.327642 0.583013 0.224196 -0.666833 : 0.1
0.714097 0.135674 1 -1 0.238613 -0.966809 0.579192 0.962226 -0.253082 : 0.1
0.684956 0.513438 1 -0.790607 -0.196413 -0.336262 0.584976 0.183971 1 : 0.4
0.914466 0.279458 0.871483 0.191111 -0.548101 0.479674 0.451133 -0.582765 0.428921 : 0.3
0.137557 0.284261 0.950837 -0.606869 0.258478 -0.214523 0.892164 0.259434 -0.778831 : 0
0.609506 0.450252 0.925445 -1 -0.435338 -0.686519 -0.944382 0.684335 0.0827332 : 0.3
0.819263 0.384057 0.975661 -0.844739 0.314762 -0.315166 0.471166 0.175508 -0.522377 : 0.5
0.856125 0.478822 0.370434 -0.991174 -0.343618 -0.191735 0.286037 0.43543 0.610504 : 0.1
1 0.444239 0.974255 -0.817165 -0.328534 -0.572272 -0.580051 0.60405 0.86814 : 0.2
0.766439 -0.067451 0.939199 -0.67948 0.0900218 1 0.877441 0.60887 1 : 0.5
0.425083 0.306017 0.825693 -1 -0.425281 -0.520269 -1 0.585572 -0.0625865 : 0.2
0.518125 0.221422 0.935059 -0.714824 -0.61209 -0.751377 1 0.497293 -0.818542 : 0.3
0.632175 0.226029 0.873447 -0.578818 0.456839 -0.423999 0.0747796 1 -0.207504 : 0.1
0.810676 0.404273 0.798542 -1 -0.134956 -0.515934 0.577734 0.823877 0.339994 : 0.4
0.476471 0.788329 0.70086 -0.646118 0.384532 -0.618652 0.190061 0.192773 -0.00639783 : 0.1
0.759691 0.866372 0.738324 -1 1 -0.116855 0.856579 -0.494055 0.0748376 : 0.2
0.456776 0.667228 0.828187 -0.590713 0.214261 -0.483693 0.931942 -0.845809 0.109558 : 0.3
0.603868 0.63028 0.92165 0.838021 1 -0.290427 0.329371 1 0.777295 : 0.2
0.834755 0.27424 0.931132 -0.534446 -0.0267796 -0.553694 0.739207 0.361756 0.434134 : 0.4
0.664862 0.522578 0.837028 -0.551531 -0.748739 -0.0636649 -0.526346 0.47635 0.521914 : 0.5
0.770834 0.448756 0.88944 -0.559437 -0.351595 -0.638219 0.816611 0.10841 0.327695 : 0.5
0.858198 0.473518 0.850375 -0.127033 -0.161843 -0.582065 0.427384 0.133414 0.604626 : 0.5
0.531508 0.466377 0.64159 -0.449596 -0.419339 -0.312015 1 -0.161938 -0.0103133 : 0.6
0.492633 0.721569 0.646951 0.764574 -0.790269 -0.188944 1 -0.0516019 0.186867 : 0.1
0.671975 0.425407 0.865326 -1 -0.739308 -1 0.818189 -0.276943 1 : 0.2
0.669788 0.247396 0.870888 -0.295491 -0.199693 -0.0842131 0.357465 -0.406192 -0.0857424 : 0.2
0.947767 0.416713 0.804711 -0.663201 -0.0194716 -1 0.0996955 0.230518 0.163393 : 0.5
0.630887 0.395445 1 -0.851081 -0.477557 -0.597659 -0.466171 1 -0.554637 : 0.3
0.38637 0.456114 0.535252 -1 0.194758 -1 0.349251 0.729013 0.490885 : 0.2
0.548847 0.452421 0.759625 -0.672107 0.269725 -0.326346 0.693919 0.562772 1 : 0.6
0.671251 0.276854 0.816945 -0.918952 0.189719 1 0.832292 -0.408362 0.901777 : 0.4
0.54616 0.445236 0.971458 -0.309003 -0.0390552 -0.38062 -0.396766 0.252267 -0.774493 : 0.4
1 -0.118079 0.494989 -0.183285 0.0389708 0.167144 1 0.711047 -0.748669 : 0.3
0.552862 0.0916789 0.756238 -0.937493 -0.316695 -0.0152456 -1 0.854363 0.747777 : 0
1 0.619145 1 -0.539155 0.4876 -0.0965923 0.312725 0.483017 0.92827 : 0.4
0.966169 0.524083 0.939067 -0.736252 -0.137955 -0.644796 0.271171 -0.541971 -0.542881 : 0.6
0.530201 0.289804 0.83025 -0.566053 -0.315587 -0.847141 0.782163 -0.630921 -0.0119846 : 0.2
0.142716 0.392614 1 -0.0221941 -0.351205 0.358775 -0.506445 -0.0803594 0.0732485 : 0
0.498448 0.617588 0.785138 -0.695873 -0.322359 -0.015376 0.676854 0.0633636 0.163325 : 0.2
0.592339 0.575644 0.955822 -0.866415 -0.315585 -0.7539 0.726502 0.449486 0.969088 : 0.5
0.58801 0.673333 0.837301 -1 -0.180022 -0.132151 0.679469 1 -0.753628 : 0.5
0.517263 0.51233 0.909134 -0.0966179 -0.175872 -1 0.835987 0.278204 1 : 0.1
0.624746 0.250929 0.682039 -0.929629 -0.92019 -0.643795 -0.290272 0.448335 1 : 0.5
0.712725 0.69018 0.988983 -0.773744 -0.646709 -0.871581 0.748891 0.0756895 -0.961505 : 0.2
0.868256 0.840398 0.925132 -0.661602 -0.601749 -0.134932 0.232382 -0.172716 -0.244882 : 0.5
0.69946 0.190101 0.738907 -0.567873 -0.540806 -0.590705 0.616411 1 0.263637 : 0.3
0.752563 1 0.675688 -0.801469 0.22935 -0.128415 0.892113 0.486945 0.258002 : 0.1
0.805346 0.614104 0.953888 -0.974942 -0.365659 -0.115681 0.420701 0.41535 -0.0667158 : 0.7
0.517824 0.722287 1 -0.345073 -0.359845 -0.641478 0.278675 0.203844 0.42716 : 0.2
0.501329 0.396035 0.960115 -0.886381 -0.00238436 -0.895053 0.194262 0.797687 -0.280841 : 0.2
0.347069 0.251159 0.889961 -0.169428 0.22166 -0.607936 -1 0.678162 0.740402 : 0.1
0.730519 0.298105 0.799521 -0.559277 -0.626436 -0.0173728 -0.684147 0.328874 0.721381 : 0.1
0.665149 1 0.954013 -0.813001 0.449026 0.0369106 0.740812 0.309576 0.140796 : 0.2
0.464202 0.527635 1 -0.499344 0.377506 -0.83802 0.575973 -0.235742 -0.0460227 : 0.1
0.352762 0.3583 0.862412 -0.789525 -0.306803 -0.156084 0.966583 -0.0700871 0.754162 : 0.3
0.778413 0.430532 0.86341 -0.378737 0.00259393 -0.252959 1 0.424348 -0.0907424 : 0.3
0.408554 0.213271 0.790586 -0.897397 -0.233204 0.0504542 0.952413 -0.0606334 -0.672665 : 0.3
-0.555368 0.40012 0.982218 -0.648814 -0.701061 0.867797 0.439723 0.44411 0.278449 : 0
0.652527 -0.0685572 0.818868 -0.873255 -0.70096 -0.226109 0.249187 0.0303482 -0.150353 : 0.1
0.466647 0.118572 0.759665 -0.996724 0.0819319 1 0.697495 0.901838 -1 : 0.2
1 0.324823 0.857943 -0.147919 0.112715 0.406904 0.704996 1 -0.256765 : 0.3
0.604824 0.115985 0.929712 -0.447012 -0.453709 0.521287 0.93514 0.599832 -0.854698 : 0.4
0.755639 0.619879 0.876584 -0.627167 0.259758 -0.246303 0.540782 0.777223 0.899562 : 0.5
0.456278 0.656992 0.965362 -0.584948 -0.767017 0.354952 0.485341 -0.350456 0.468231 : 0.1
0.471415 0.291755 0.888452 -0.105977 -0.404222 -1 -1 0.115213 -0.0340474 : 0.1
0.632116 0.546122 0.794999 -0.471788 -0.683249 0.214946 -0.94174 0.426948 -0.244285 : 0.2
0.518046 0.578318 0.824105 0.121275 -0.185403 -0.212829 0.587031 0.115889 -0.283117 : 0.4
0.679351 0.213078 0.704945 -0.00075388 0.194746 -0.201033 0.196449 0.417402 -0.536939 : 0.1
0.664609 0.967122 0.771088 -0.836565 0.767659 -0.264965 0.0127458 0.485258 -0.127504 : 0.1
1 0.460969 0.919521 -1 -0.452268 -0.598436 -0.260188 0.837199 -0.674741 : 0.3
0.624909 0.424385 0.816373 -0.535698 0.360963 -0.883001 0.845415 -0.00668173 0.613281 : 0.4
0.715042 0.536801 1 -0.645634 -0.0430145 -0.51789 -0.0220811 0.725059 0.0458528 : 0.6
0.739091 1 0.856732 -0.471147 -0.536838 0.350897 0.645181 0.87994 -0.143226 : 0.1
0.63006 0.679158 0.941352 -0.890806 -0.673753 -0.0166276 -0.301804 0.052662 0.523627 : 0.2
0.837591 0.597265 0.769296 -0.628914 -0.140604 -0.8539 -0.0290412 0.38089 0.0331007 : 0.4
0.7563 0.196274 0.867211 -1 0.562138 -0.594463 0.329634 -0.0127936 -0.21876 : 0.3
0.440528 0.570776 0.966378 -0.76772 -0.604156 -0.505491 -0.697406 -0.215817 0.694791 : 0.2
0.394787 0.418984 0.925251 0.0158358 1 -0.167621 0.543439 0.226451 0.483163 : 0.1
0.675765 0.229599 0.861022 -0.48005 -0.413792 -0.925071 0.882219 0.421732 0.278277 : 0.2
1 0.639891 0.723874 -0.813301 -0.543253 -1 0.470633 0.661716 0.173928 : 0.4
0.567021 0.330905 0.98248 -0.769158 0.147611 -0.211341 1 0.526757 0.989312 : 0.5
0.769619 0.183628 1 -0.516281 -1 -0.303003 0.730624 0.0614565 -0.117299 : 0.2
0.434939 0.514964 0.361531 -0.684659 0.134855 0.216944 0.320958 0.524406 -0.390652 : 0.1
0.931898 0.531205 0.972881 -0.000329971 -0.605301 -0.295974 0.168382 0.346424 -0.349978 : 0.7
-0.0437654 0.707056 0.859226 -0.800838 -0.859248 -0.0802787 0.270491 0.477376 0.312043 : 0
0.660287 0.822044 0.847756 -0.706251 -0.110975 -0.527322 0.895014 -1 0.614445 : 0.4
0.619298 0.461314 0.961386 -0.29705 0.79407 0.141754 0.784358 0.711755 -0.806508 : 0.2
0.717162 0.47064 1 -0.877398 -0.633384 -1 0.261901 -0.126415 0.553615 : 0.1
0.670945 0.454104 0.913467 -0.436194 0.175405 0.745238 0.510525 0.111449 0.972525 : 0.3
0.725329 0.546876 0.799239 -0.690263 0.763598 -0.365571 0.238016 -0.131732 1 : 0.3
0.428475 0.297921 0.927668 0.298778 -0.624507 -0.357129 -0.72018 1 -0.691314 : 0.2
0.762382 0.577099 1 -0.338913 -0.33459 0.0133474 1 0.55186 -1 : 0.6
0.856051 0.493548 0.899535 -0.696802 -0.228382 0.56402 -0.899447 0.231906 0.689876 : 0.2
0.674692 0.266391 0.803752 -0.933543 -0.330914 -0.0374609 0.244777 0.915037 1 : 0.4
