0.554476 0.38287 0.762584 -0.0433142 -0.509695 0.497071 0.627827 0.388508 0.336247 : 0.1
0.483614 0.163961 0.435635 0.279086 -0.131029 0.16386 -0.276077 0.129576 -0.0547918 : 0.1
0.438373 0.365912 -0.203933 0.72634 -0.355656 -0.560012 -0.257989 -0.558808 -0.378368 : 0.2
0.416647 1 0.556036 -0.307618 -0.218293 -0.406723 0.904197 0.252595 0.126896 : 0.1
0.838968 1 -0.0635384 0.349666 0.0533524 -0.837389 0.299087 -0.0787668 0.290617 : 0.4
0.941425 0.219388 0.786687 -0.0804623 1 -0.910347 0.28081 -0.282544 0.689262 : 0
-0.227933 0.352815 0.938281 -0.365607 -0.866628 -0.717129 0.524262 -0.796283 0.522286 : 0
0.592823 0.762968 0.0914965 0.0225667 0.24423 0.0769799 1 0.548257 -1 : 0
0.728489 -0.518834 0.511633 -0.134627 -0.301983 -1 0.596883 0.505962 -0.0200358 : 0
0.982577 0.917165 0.584317 -0.00641143 -0.224189 -0.100205 0.421679 -0.00563514 0.413233 : 0.3
0.959374 0.86714 0.322885 -1 0.401165 0.0328681 0.349749 0.366909 0.454894 : 0
0.824181 0.0714959 -1 0.258152 0.164236 -0.880432 0.159556 0.533656 0.446422 : 0.2
0.507477 0.321332 -1 0.0718023 0.185988 -1 -0.00145134 -0.196413 0.29573 : 0.1
0.195911 0.532632 1 -0.101455 -1 0.349376 0.784939 0.462014 1 : 0
1 0.512545 1 0.3034 -0.528286 -0.122983 -0.541159 0.199272 0.557063 : 0.3
0.499943 0.155201 0.846873 0.312578 0.638679 -0.401281 -0.0525614 -0.866831 -0.307394 : 0.2
0.77844 0.700802 1 -0.840684 0.214934 -0.538783 0.247454 -0.5932 -0.346308 : 0
1 1 0.602791 -1 0.388823 0.543544 0.925844 1 -0.0275774 : 0.3
0.547974 0.443182 0.698697 0.0248291 -0.0469076 -0.556379 0.621272 -0.909925 0.574846 : 0.2
0.774244 0.504998 -0.363677 -0.624405 -0.162029 0.592023 0.124192 -0.167914 0.114624 : 0.4
0.711746 1 0.29125 -0.238463 -0.695746 0.318508 -0.448543 0.0961298 0.36699 : 0.3
0.763841 1 0.886415 -0.0321491 -0.653148 0.274477 0.878722 0.398662 0.285142 : 0.2
0.915114 0.558273 0.846505 0.0706559 0.647792 -0.748471 0.224255 -1 -0.402291 : 0
0.903801 0.944353 0.405375 -0.153067 -0.277002 -0.813808 -0.0999374 -0.605925 0.093544 : 0.5
0.396331 0.684227 -0.126593 0.0189088 0.281504 -1 0.00560778 0.081077 0.21274 : 0.1
0.845056 0.0651674 1 -0.463684 -0.384726 -0.436485 0.258138 -0.0432044 0.783824 : 0.3
-0.292132 0.849374 -0.376936 1 0.175501 -0.198034 0.184186 -0.561348 -1 : 0.2
0.410145 0.827145 0.202236 -0.682398 -0.0478637 -0.372214 1 -0.177346 -0.294599 : 0
0.616335 0.884164 0.69602 -0.00880435 -0.0732989 -0.972614 -0.0336283 -1 1 : 0.1
0.270549 0.326325 0.361524 -0.0748171 -0.823863 0.826579 0.535938 -0.22391 0.0927497 : 0.1
0.0141451 0.0539041 -0.148381 -0.801247 1 -0.388923 0.361081 0.145285 -1 : 0.2
0.859457 0.428362 0.945238 -0.17084 -0.00125647 0.117215 0.436486 0.537433 0.558755 : 0
0.745273 0.640449 0.138905 0.222708 0.102637 -0.183594 -0.196884 -1 -0.795448 : 0
0.353252 0.333638 0.655474 -0.0345436 -0.138725 -0.183578 0.169619 0.744221 0.387183 : 0.1
0.656371 0.364156 -0.520655 -0.72341 -0.198624 0.363578 0.545226 -0.423796 0.194848 : 0
0.438153 0.823238 0.978446 0.369261 -0.0695859 0.21539 0.3009 1 -0.181892 : 0.1
0.303281 0.638347 0.116532 0.0416812 0.567274 -0.63877 -0.307135 -0.438172 0.129014 : 0.1
0.730347 0.738621 1 0.423474 0.0302229 0.236806 0.0435921 0.0153749 0.138316 : 0.4
0.964709 0.393376 0.097969 -0.409095 -0.131378 -1 0.0967485 -1 0.579221 : 0.5
0.426517 0.502174 0.458911 0.269153 -0.0430826 0.311481 -0.705723 -0.373161 0.285985 : 0
0.739848 0.665188 0.511625 -0.535162 -0.0771557 -0.2434 0.00788015 -0.33978 0.614343 : 0
0.773047 0.928248 -0.111411 -0.243142 -0.075864 -0.19327 0.285801 1 -0.0716772 : 0.1
0.575036 0.341826 0.784918 0.267099 -0.939517 -0.895585 -0.952667 -0.986187 0.204748 : 0
0.286382 0.428208 0.658913 0.0832122 0.421728 -0.622737 -0.0937624 0.266834 -1 : 0
0.821057 0.385038 0.237201 -0.0543741 0.401785 0.256398 0.737727 1 -0.528029 : 0
0.662386 0.342101 0.840731 -0.837564 0.477082 0.325658 0.436327 0.124174 0.786371 : 0
0.736725 0.94636 0.976803 0.0433824 0.497667 0.0168914 1 1 -0.41119 : 0.3
0.622198 0.607799 0.532966 0.70481 0.242452 0.260125 -0.22191 -0.614655 0.0148993 : 0.1
1 0.342616 0.330297 0.290039 -0.825975 0.0027606 -0.112014 0.348048 -0.133125 : 0.1
0.459945 0.463775 1 0.0662631 0.473001 -1 0.0474185 0.247989 0.142813 : 0.1
0.161039 0.383112 0.577057 0.527109 0.126107 0.553682 0.232907 -0.284375 0.649671 : 0
0.564327 0.53643 0.307269 -0.693511 -0.366651 0.0643814 -0.13862 -0.0719628 -0.0673255 : 0
0.922468 0.587382 0.388217 -0.183052 0.579711 -0.488632 -0.00174471 0.00807612 0.265641 : 0
0.650078 0.49832 1 0.92491 -0.756514 -0.32228 0.755191 0.0976055 0.40313 : 0.1
0.496862 0.951815 0.670875 -0.149121 -0.268171 -0.205254 0.0289548 -0.565064 0.618068 : 0
-0.117251 0.168093 0.0711326 0.434984 -0.0113373 0.352332 1 -0.365891 0.139539 : 0
1 0.634617 0.627456 -1 -0.0198628 -0.0590101 -0.120633 -0.631005 0.618087 : 0
0.915912 0.869674 0.439641 -0.184047 0.238882 -0.452147 -0.0256769 -0.663309 -0.295837 : 0.3
0.518525 0.491743 0.988293 -0.0141801 -0.42407 -0.365349 -0.365929 0.176556 0.462178 : 0
0.810239 -0.142833 1 -0.607338 0.162818 -0.297 0.876559 0.32193 -0.160635 : 0.4
0.869383 0.473535 0.522338 0.0946134 -0.0871946 -0.553721 0.435868 0.0727261 0.375756 : 0
0.252802 0.919157 0.928703 0.0208535 -0.146508 -0.240249 -0.129913 -0.141913 -0.115457 : 0
0.473436 0.684558 1 -0.139187 0.521565 0.253111 -0.55702 0.124657 0.481834 : 0
0.463589 0.465377 0.623359 0.382344 -0.100161 -0.463202 -0.55942 0.293591 0.0992722 : 0
0.440166 0.439301 0.67978 0.0347208 -0.648442 -0.20615 0.34932 0.233662 0.6499 : 0.2
0.794019 0.851789 0.81739 -0.0116155 -0.488498 0.167775 0.725068 0.129518 -0.697192 : 0.1
1 0.86207 0.403018 -0.37785 0.0278619 -0.0444469 0.201529 0.221269 1 : 0.2
0.848019 0.597887 0.5467 -0.1341 -0.508185 -0.459892 -0.00744712 -0.947986 0.0353866 : 0.1
0.761399 0.815335 0.665775 -1 -0.106452 -0.624181 0.261262 -0.029505 0.0658474 : 0.2
0.614382 1 0.909204 -0.265032 -0.638878 -0.244604 0.525626 -0.291884 0.0306361 : 0.3
0.490703 1 0.770978 0.757615 -0.286409 0.592662 0.292422 -0.125965 0.297041 : 0.3
0.650885 0.322051 0.605134 0.142792 -0.217939 0.314299 0.228576 -0.173322 0.25206 : 0.1
-0.383295 -0.049565 -0.503005 0.282478 -0.123559 1 0.841978 -0.0761666 0.665948 : 0.1
0.505623 0.403824 0.955053 -0.0234822 0.21005 -0.452673 0.555311 0.347288 0.259795 : 0.1
0.717909 0.668737 0.483546 -0.180698 -0.238326 0.115332 -0.305825 0.997252 0.033729 : 0.2
0.926009 0.492185 0.529157 -0.0858451 -0.545077 -0.0913173 0.653733 0.35369 0.751346 : 0.2
0.992747 0.158386 0.387516 -0.452825 0.176886 -1 0.723206 -0.956949 0.654306 : 0.1
0.445875 0.441047 0.672103 -0.435898 -0.861754 -0.413282 -0.209578 -0.779801 -0.259566 : 0
1 0.741535 0.000275522 -0.212022 -0.245311 -0.36216 0.00409248 -1 0.262182 : 0
0.681768 0.138339 -0.270513 1 0.0280593 -0.453329 -0.164384 -0.163482 -0.932382 : 0.2
0.808502 0.675404 0.859784 -0.0218032 0.11086 0.57224 0.461354 0.0878859 0.631332 : 0.1
0.548608 0.444037 0.938105 0.0425519 0.27399 -1 -0.320679 0.194132 -0.581693 : 0
0.770528 0.788689 0.713513 -0.0185743 -0.68668 0.321161 0.489452 0.965554 -0.287012 : 0.2
0.650663 0.259885 0.269329 -0.88241 -0.374111 -0.354076 0.53688 -0.735619 0.0720934 : 0.4
0.910042 0.954455 -0.0799248 0.505996 -0.128406 -0.454289 -0.219564 0.119178 0.187586 : 0.2
0.252647 0.472268 -0.0136274 -1 -0.106434 0.592396 0.232366 -0.133773 0.125102 : 0
0.786222 0.471084 0.971093 -0.0765113 -0.0190906 0.305323 -1 -0.035104 -0.0675623 : 0.1
0.562857 0.445046 0.714943 -0.92184 -0.34892 -0.224652 0.646828 -0.49264 0.599236 : 0.2
0.526112 0.470433 0.557152 0.342335 -0.29123 -0.898823 0.100905 -0.327082 -1 : 0.4
0.615985 -1 0.825507 -0.138177 -0.620866 -1 0.241057 0.659671 -0.00199181 : 0.2
0.745546 0.724115 1 0.302385 -0.55799 -0.318968 -0.0517332 -0.548104 0.131075 : 0.4
0.699884 0.35311 0.934753 0.125115 0.344015 -0.0106619 0.791994 0.928624 0.606481 : 0
0.652444 0.402738 0.352728 0.0880834 -0.880314 -0.782715 0.50964 -0.254006 -0.589328 : 0.2
0.707393 0.404526 0.104351 -0.405106 0.481829 -1 0.809038 -0.293889 0.0685632 : 0.1
1 0.81113 0.354017 -0.221138 1 -0.847903 0.390333 -1 0.545961 : 0.2
0.906286 0.309392 0.387305 0.0820528 -0.228236 -0.0666271 -0.391552 -0.254878 -0.779449 : 0.1
0.527247 0.594796 1 0.140251 -0.147936 -0.675623 -0.240781 1 0.0928383 : 0.1
0.774005 0.122514 1 -0.025885 -0.79475 -0.0855448 -0.232907 0.607377 0.650267 : 0
1 0.236086 0.269422 0.472576 -0.23681 0.35634 -0.247561 -0.11254 -0.089035 : 0
0.661833 0.791139 1 -0.508096 0.222375 -0.107459 0.0798798 1 0.056939 : 0
0.875559 0.758094 0.211173 0.112904 0.0876767 -0.229511 -1 0.227811 0.220748 : 0.2
0.352007 0.59373 0.532586 -0.132831 -0.248756 -0.747865 -0.228549 0.792482 -0.580273 : 0
0.793668 0.303426 0.409487 -0.483321 0.263515 -0.291474 0.378664 0.0889836 -0.0809013 : 0.1
0.663861 0.367237 1 -0.0761476 -0.467378 -0.957771 -0.0797433 -0.197508 0.274914 : 0.3
1 0.810955 1 0.384911 0.24054 -0.0107263 -0.134445 -0.785853 -0.0298048 : 0
0.720441 0.300854 0.79205 0.00645304 -0.0796337 0.976884 1 -0.523747 0.378912 : 0
0.59354 0.558529 0.924561 -0.058413 0.126915 0.717834 0.629886 -0.238187 -0.001212 : 0.1
0.823002 0.662968 0.801489 0.51198 -0.195364 -0.481572 0.390473 0.386353 -0.092845 : 0
0.627768 0.545903 0.870729 -0.360555 0.226191 1 -0.239112 0.127178 0.0422094 : 0
0.818983 0.630759 0.691611 0.14129 -0.140402 0.59034 0.352415 0.708094 0.104096 : 0.3
0.550369 0.469316 0.357467 -0.0618575 -0.938388 -0.639068 0.256301 -0.698689 -0.0252029 : 0
0.370602 1 0.471965 -0.60746 -0.231408 -0.0545308 0.426829 0.633171 -0.0865314 : 0.2
0.910988 0.919259 0.350005 0.397943 -0.319712 -0.361103 0.161687 -0.802897 0.0178202 : 0.1
-1 -0.937122 0.572689 0.107252 -1 0.859845 0.561553 -0.157121 0.374507 : 0.3
0.996158 0.306647 0.689041 0.206679 0.587389 0.385684 0.569874 0.594623 0.120143 : 0.1
0.865541 -0.285157 0.96087 0.263729 0.430698 -0.711995 0.212792 0.208841 0.069157 : 0.2
1 0.213855 0.228731 1 0.721877 -0.339509 0.131104 0.0512995 -0.0606769 : 0.2
0.880493 0.31799 0.626126 0.16777 -1 1 0.648122 0.0729734 0.150757 : 0
0.913932 0.204793 -0.149396 -0.071928 -1 -1 0.5759 -0.372494 -0.146983 : 0
0.81602 0.337784 0.686369 -0.544749 -0.507715 -0.874025 0.815974 0.404087 -0.061482 : 0.1
0.718926 -1 0.286844 0.395538 -0.173713 -0.369057 0.411328 -0.224023 -0.200423 : 0
0.680445 0.649036 0.395704 0.281225 0.0249894 -0.165791 0.546985 -0.581498 -0.329269 : 0
0.198104 0.214275 -0.363257 -0.407901 0.804713 -0.458498 0.165061 -0.117621 0.368681 : 0.3
0.358899 0.00669748 0.890082 0.0347064 -0.246843 -0.885084 -0.63791 0.586284 -0.8623 : 0
0.68105 0.322196 0.863075 0.163764 -0.311228 0.0576159 0.0421267 -0.159321 0.509841 : 0
0.531198 0.351498 0.930396 -0.0846678 0.246906 -1 0.587919 0.930266 -0.420492 : 0
0.63512 0.365123 1 -0.357106 -0.802893 -0.450817 -0.0596762 0.143369 0.0957148 : 0.4
0.513337 0.340773 0.558986 0.186882 -0.0648547 0.70452 0.220935 -0.206172 0.286462 : 0.5
0.750408 0.487048 0.993184 0.286633 -1 -0.850015 -0.130723 -0.342774 0.739245 : 0.1
0.910778 0.22343 0.248799 0.132837 0.81956 -0.144218 0.718071 0.593511 0.378478 : 0
0.550377 0.316553 0.698307 -0.318235 -0.469049 -0.437116 0.59927 0.861452 0.52706 : 0.2
0.395796 0.368345 0.872068 -0.195911 0.584637 -0.813448 -0.90674 0.025555 0.573966 : 0.2
0.798303 0.414217 -0.501381 -0.341242 -0.290721 -0.458019 -0.215849 -0.0729871 -0.10427 : 0.1
0.595883 0.264562 0.670807 -1 0.0826295 -0.914332 -0.155253 0.147608 0.202179 : 0
0.982635 1 0.419324 1 -0.152019 -0.719149 -0.351986 0.189175 0.106678 : 0.2
0.447402 0.815093 0.734837 -0.099241 -0.41467 1 0.0753377 0.391288 0.350925 : 0
0.426018 0.531154 0.912458 -0.893957 -0.835248 -1 0.40358 -0.221114 0.41217 : 0.4
0.909798 0.319125 0.31174 0.342728 0.513216 -0.726221 0.837469 -0.330761 0.49664 : 0
0.636793 0.819274 0.960052 0.0477861 0.153203 -0.401624 -0.136456 0.0993658 0.111861 : 0
0.581361 0.156825 0.596151 -0.615912 -0.295431 -1 -0.144891 -0.138081 -0.289561 : 0.1
0.593064 0.320548 0.0596138 -1 -0.261236 0.0813327 0.414384 -0.367849 -0.0452345 : 0.4
0.638925 0.150433 0.966029 0.395953 -0.505259 0.0470056 0.341113 0.289015 0.722397 : 0.1
0.645864 0.538856 0.795743 0.100282 0.634736 -0.634968 0.518765 -0.508818 -0.101697 : 0.2
0.343905 0.435093 0.996554 -0.0392845 -1 -0.280227 -0.324417 0.137039 0.246729 : 0.1
0.741828 0.887176 0.1194 0.0177169 -0.0176665 0.675628 -0.114374 -0.198521 0.626534 : 0
0.663626 0.00748541 0.229933 -0.0443126 -0.479172 -0.347155 0.593408 0.0921387 0.789948 : 0.2
0.783563 0.00293717 0.635232 -0.174828 0.549824 -0.0710285 0.177643 -0.0203593 -0.148016 : 0.1
0.468553 0.408652 0.562975 -0.758659 -0.448448 0.698668 0.406166 0.363983 0.382397 : 0.1
0.85295 0.766104 0.93365 0.541518 -0.160503 -0.287833 0.551903 -0.384013 -0.218094 : 0.3
0.758491 0.802456 0.442322 -0.56585 0.37959 -0.436645 -0.306787 0.117603 0.50856 : 0
0.69487 0.395155 0.957748 0.428364 -0.400925 0.182144 0.650956 0.745557 0.416345 : 0.1
0.876813 0.743896 0.647976 0.207611 -0.50889 0.0793095 -0.356378 0.309739 -0.289735 : 0
0.63994 0.753099 0.599106 0.171321 1 0.376533 1 -0.108388 1 : 0
0.187958 0.241946 0.816473 -0.540621 -0.2064 0.436941 0.324025 0.521548 -0.0247486 : 0.4
0.809563 0.261682 -0.449473 -0.168908 0.458059 -0.121897 0.345558 0.767389 0.192468 : 0.2
0.697011 0.624164 0.954126 -0.675496 0.111074 -0.576181 -0.32588 -0.180673 0.0455209 : 0.3
1 0.602014 0.100219 0.11881 0.30085 -1 0.962172 1 0.412252 : 0
0.852565 0.729445 0.81444 0.990999 -0.171934 -0.767268 0.513094 -0.0303372 -0.485368 : 0.4
1 0.204489 0.524736 -0.097423 -0.347674 -0.498271 0.102298 -0.169432 -0.0449745 : 0
0.676765 0.465775 0.199907 0.00573157 -0.759034 -1 0.718177 0.275425 0.428294 : 0
0.837966 0.967134 0.558562 -0.269094 0.207664 -0.80729 -0.182221 -0.597757 -1 : 0
0.659378 0.363955 0.758091 -0.392407 -0.0883321 -0.904514 0.596497 -0.574679 0.243434 : 0
0.43299 0.326417 0.489303 -0.558764 0.0227858 0.312102 0.51262 0.837087 -0.142516 : 0.5
0.542476 0.470538 1 -0.0728841 -0.803025 -0.367336 0.134499 -0.129516 0.62535 : 0.5
0.61142 0.276869 0.641639 0.0293325 -0.0397077 0.303728 0.0516229 -0.226038 0.217184 : 0
0.215369 -0.0843817 0.719713 0.139965 -0.511483 0.500675 0.435444 -0.270555 1 : 0
0.862716 0.34039 0.795858 0.124987 -0.152804 -1 0.863402 -0.926612 0.0682814 : 0.2
0.846431 0.746523 0.436769 -0.381599 0.443618 -0.506728 0.140469 -0.495955 -1 : 0
0.873916 0.248444 0.800615 0.372676 -0.013058 -0.389948 0.0533095 0.309391 0.158519 : 0.2
0.600141 0.83074 0.759153 0.243505 0.626832 -0.532289 -0.317548 0.382246 -0.0818246 : 0.1
0.766311 0.567284 0.809515 -0.455997 -0.0199387 0.110989 0.584528 -1 -0.546109 : 0.2
0.715633 0.589257 0.519483 -0.624089 -0.0348294 0.00837332 0.231834 1 0.221546 : 0.1
0.492251 0.637447 0.720444 0.214462 -1 -0.025724 -0.0376504 -0.183118 0.288795 : 0
0.39624 0.919114 0.43383 -0.0879833 0.324913 0.532696 -0.999456 0.0148266 1 : 0.1
0.994721 0.29351 -0.569175 -0.0329111 1 -0.611457 0.500127 0.382627 0.503592 : 0.2
0.986321 0.211116 0.949263 -0.432559 0.243681 -0.291365 0.218295 0.233451 0.0117462 : 0
0.625986 0.506626 -0.0229306 -0.229799 0.065303 0.158755 -0.116679 0.756676 -0.19703 : 0.2
0.521862 0.14466 -0.34487 -0.585564 -0.0522674 -0.114439 -0.400193 -0.155488 0.312265 : 0
1 0.833838 0.292787 -0.186029 -0.803085 0.635501 0.00237888 -0.860402 0.115436 : 0.4
0.614878 0.438381 0.496538 0.273861 0.0226041 1 -0.250952 0.206115 -0.312422 : 0
0.616296 0.42477 0.949932 -0.815516 0.0390586 -0.109849 -0.0893968 0.684071 -0.0797291 : 0
0.189952 0.275204 0.975966 -0.0593868 -0.159726 -0.215664 0.958912 0.450056 -0.0869669 : 0.1
0.629554 0.510476 0.989205 0.378007 -1 -0.0151712 -0.467304 -1 -0.407975 : 0.3
0.621543 0.473239 0.516409 0.0802435 -0.436591 -1 0.354915 0.117496 -1 : 0
0.983173 -1 0.553374 -0.358404 -0.700339 0.301521 0.267406 0.553008 -0.0526914 : 0
0.724959 0.71538 -0.236187 -0.340531 0.141295 -0.678324 0.0905795 -0.544538 0.0146408 : 0
0.633923 0.698009 0.157793 -1 -0.00161731 -1 0.349025 -0.170004 0.014604 : 0.2
0.704889 0.278947 -1 0.252318 -0.612264 0.213937 0.0711703 -0.122954 0.480724 : 0
0.86855 -0.127896 0.689411 0.142194 0.270236 -1 0.0830283 -0.175552 0.344566 : 0.2
0.829996 0.149479 0.976304 -0.127405 -0.888586 0.581676 0.618427 0.47346 0.876724 : 0.1
0.431622 0.539761 0.645907 0.0156716 0.0192467 -1 -1 -0.784962 -0.426082 : 0.2
0.256537 1 0.549943 0.523208 -0.13431 -1 0.0627558 -0.511472 0.936267 : 0.1
0.619583 0.250896 -1 -0.13929 -0.205134 0.00754046 0.725904 0.503838 0.694488 : 0.2
0.226838 0.629348 0.835214 0.156406 0.638282 -0.600546 0.787796 -0.262131 -0.392408 : 0.1
0.989467 0.884801 0.0746975 -0.993865 -1 -0.478335 0.212303 -0.840259 -0.107643 : 0.4
0.870237 0.466886 0.456339 -0.148086 -0.986883 -0.387136 0.747253 -0.419766 0.510118 : 0
0.643299 0.99823 0.755395 0.212587 0.53142 0.0221367 -0.609003 1 0.218873 : 0
0.668297 0.655992 0.167765 -0.1533 0.444911 0.206732 -0.493876 -0.26084 -0.386418 : 0.1
0.73087 1 -0.918652 0.0305711 0.313491 -0.423436 0.000760458 0.293924 0.00915651 : 0
0.213459 0.656808 0.852565 0.208109 -0.683754 -0.299705 0.236766 0.246542 -0.180201 : 0.1
0.61091 0.818856 0.812226 -0.385418 -0.147568 -0.120044 0.413082 0.627362 -0.182678 : 0.1
0.792511 0.0448733 1 -0.738 -0.98889 -1 1 0.0425059 0.0613806 : 0.2
1 0.308326 0.15264 0.301685 0.0100584 0.23698 -0.24019 0.755483 0.427087 : 0
0.895934 0.252292 -0.542898 -0.504761 -0.19138 -0.680393 0.458711 -0.308841 -0.358434 : 0.4
0.494374 0.635015 0.0099515 -0.32263 0.268764 1 -0.69897 -0.0489571 0.434014 : 0.4
0.293934 0.760299 -0.230268 -0.363678 0.129463 0.793892 1 -0.993318 0.42644 : 0
0.926443 0.615992 1 -1 -0.0564187 0.493766 0.8115 -0.480608 -0.118316 : 0.2
0.765354 0.288126 0.467615 -0.164641 0.400439 -0.419886 0.0448225 -0.47514 0.661685 : 0.3
0.970817 0.742344 0.791418 1 -0.169517 -0.869417 -0.867843 0.00322299 -0.464157 : 0
0.669378 0.858542 0.681863 -0.172614 0.372487 -0.776822 -0.10327 0.174618 0.854819 : 0.1
0.542854 0.00776942 0.218145 -0.879344 0.366109 -0.656717 -0.287261 -0.361666 0.0737674 : 0.2
0.81734 1 -0.451021 -0.478372 -0.841352 -1 0.0815981 -0.245055 0.725465 : 0.1
0.403496 0.543463 0.669336 -1 0.12336 0.17314 1 -0.417687 0.789785 : 0
1 0.43721 0.95188 -0.136242 0.0849164 -0.0108934 -0.43952 0.929543 0.643517 : 0
0.723015 -0.0553987 -0.219771 0.0951017 -0.762467 1 0.718234 0.440305 0.203983 : 0
0.642713 0.315211 0.0853848 0.320771 -0.941819 0.657783 1 -0.150241 -0.7191 : 0.1
0.434615 -0.194665 0.643835 -0.601556 0.563532 -0.292822 0.049986 -0.308557 0.541729 : 0
0.588278 0.234437 1 -0.309376 0.551206 -1 0.0904413 -0.256016 -0.23681 : 0.3
0.684537 0.204609 0.878633 0.328303 -0.886382 -0.179246 -0.353313 -0.360163 0.691863 : 0.1
0.67722 0.351272 0.566042 0.519862 -0.113461 -0.745588 0.737411 -0.189727 -0.176112 : 0.1
0.197761 0.466602 0.743566 0.556428 0.0263265 -0.0755627 0.51459 -0.266189 -0.670861 : 0.3
0.475283 0.330687 -0.523023 -0.446629 -0.0425799 -0.440541 0.994483 -0.197434 0.488692 : 0.6
0.494072 0.913688 0.0248146 -0.1023 -0.289657 -0.121247 0.309873 0.52566 0.649251 : 0.2
0.507045 0.581138 0.839515 -0.0254438 -0.094407 -0.28935 0.432891 0.103573 0.538803 : 0.1
0.341485 0.657008 0.287356 0.0680786 -0.672463 1 0.56908 0.737623 -0.562929 : 0
0.382701 0.260463 0.0346198 -1 -0.527018 -0.509529 0.137074 -0.24452 1 : 0
0.853457 0.480762 0.502637 0.273422 -0.000819921 -0.262732 -0.0935907 -0.639417 0.528916 : 0.5
1 0.186804 0.766196 0.930043 -0.699543 -1 -0.233584 0.223589 0.395201 : 0.3
0.614814 0.451399 1 -0.0531274 -0.803455 -0.254371 0.392259 0.653677 0.689563 : 0.3
1 -0.0377934 0.178766 0.124833 0.13991 -0.50621 0.642966 -0.666644 -0.0938529 : 0.2
0.854076 0.541762 1 -0.154124 -0.1676 -0.391922 0.447164 -1 0.308032 : 0.1
0.714807 0.632399 1 0.0912857 -0.409384 -0.116731 0.00582403 0.115061 0.136898 : 0.5
0.842021 0.784841 0.906102 0.0859119 -0.056945 -0.990471 -0.288211 0.521819 -0.0782002 : 0.2
0.538978 0.903425 -0.177476 -0.243603 -0.507892 0.0774758 0.261861 -0.182124 0.881901 : 0
-0.742826 0.426088 0.791686 -0.0418684 0.460774 0.435868 0.0511319 -0.297025 -0.00183547 : 0.1
0.497536 0.534066 0.906162 -0.14329 -0.506827 -0.771186 0.167285 -0.0474758 0.337592 : 0
0.678423 0.992494 1 0.972302 -0.0203556 -0.309985 -0.516582 0.20391 0.0758177 : 0
0.669135 0.315441 0.136901 -0.187198 -0.952229 -0.00422299 0.832726 -0.951338 0.291973 : 0.4
0.799928 -0.560502 0.0538313 -0.077417 -0.317876 -0.51162 0.551354 0.212639 -0.002038 : 0.1
0.186971 0.418591 0.997425 -0.583101 -0.322993 0.0460742 1 -0.270397 0.0320924 : 0.2
0.870238 0.249352 0.462046 -0.819953 -0.745986 -1 0.283997 0.0406332 1 : 0
0.59134 0.160766 0.195825 0.038431 -0.249097 -1 0.871431 -0.39338 0.385543 : 0.1
0.95906 0.700856 1 0.336905 -0.48097 -0.18621 0.233475 -0.241844 -1 : 0
0.91381 0.438941 0.757085 0.0103314 0.408692 -0.140789 0.222388 0.608986 0.722778 : 0
1 0.854059 0.350109 -0.443055 -0.0786439 -0.094785 -0.427277 -0.487054 -0.305925 : 0
0.715881 0.667354 -0.213221 0.00404337 -0.452104 0.121692 0.248134 0.881569 0.516531 : 0.1
0.731015 0.264406 -0.135553 -0.128246 -0.14925 -0.0757784 -0.233339 0.308827 -1 : 0
0.666347 0.470638 -0.62129 -0.1512 -0.271989 0.101224 -0.126309 1 -0.99606 : 0.3
0.988743 0.575117 -0.221762 -0.0064528 0.138095 -0.573526 0.386842 -1 0.0155172 : 0
1 0.291062 -1 -0.95349 -0.368127 -0.122794 0.0665977 -0.0169596 -0.125952 : 0.1
0.483516 0.434154 -1 0.562933 -0.355962 1 0.423003 -0.274258 -0.515654 : 0.1
0.670016 0.434986 0.0921403 -0.563308 -1 -0.293689 -0.363195 -0.766381 0.0760133 : 0
0.768345 0.39442 0.380672 0.0174978 0.40678 0.0810842 -0.276254 0.435151 -0.261636 : 0.2
0.349591 1 0.665921 -0.297248 0.499535 -0.773138 0.324439 0.00226657 0.76265 : 0.2
0.426619 0.327224 0.22251 -0.694223 0.103701 0.0877819 -0.121625 0.96698 0.226836 : 0.1
0.803002 0.504619 0.89772 -0.324204 -0.124448 -0.587699 0.27724 -0.241602 0.108869 : 0.1
0.632031 0.710265 -0.187105 -0.0970253 -1 0.638511 0.664808 -0.229392 0.980693 : 0.2
0.244262 0.0551275 0.292403 -0.375974 0.21843 -0.10244 0.189041 -0.129109 -0.616832 : 0
0.986967 0.292226 0.16869 -0.407467 0.187524 -0.184349 0.0222867 -0.0581794 0.218086 : 0.1
0.502621 0.560299 1 -0.0308179 0.070161 0.311993 0.153989 0.432019 0.34317 : 0
0.93593 0.420545 0.817007 0.254375 0.716472 -0.259655 0.310413 -0.574613 0.431544 : 0.1
0.678918 0.380302 1 0.0103274 -0.550091 -0.749228 0.629571 0.0191237 0.998337 : 0
0.602026 0.955545 -0.0719002 0.177057 -0.429598 0.0974203 0.665108 1 0.42151 : 0.3
1 0.559049 0.308626 0.486647 -0.114295 -0.490424 -1 0.530181 0.236808 : 0
0.654389 0.298674 0.68834 -0.217326 0.513784 -0.0063374 0.408363 0.2415 0.547784 : 0.1
0.83263 0.617268 0.72885 0.407305 -1 0.875126 0.929721 -0.397949 1 : 0.1
0.802291 0.871781 1 0.116482 -0.0698084 0.0211306 -0.129485 0.434527 0.178609 : 0
0.77219 0.322805 0.80704 -0.0699156 0.123681 0.50902 0.859751 -1 -0.670952 : 0.2
0.72845 0.273165 0.576021 -0.21388 0.322088 0.11427 0.103896 0.594278 0.196548 : 0
0.618465 0.773395 0.692905 -0.0903416 -0.537127 0.496783 0.628051 0.223066 -0.635618 : 0
0.833504 0.88062 1 0.490098 -0.00632723 -0.536288 0.3927 0.385891 0.213118 : 0.5
0.649449 0.594163 0.173936 0.0671739 0.402648 0.111015 0.921211 0.719908 -0.560453 : 0.2
0.799203 0.367654 0.72075 -0.874012 0.262998 -0.787949 0.242948 -0.00283658 -0.0137336 : 0
0.646702 0.51468 0.498359 0.0685738 -1 -0.104701 -0.239332 0.0655621 1 : 0
0.631367 1 0.652686 -1 -0.0383744 0.107832 0.494575 -1 0.0431546 : 0
1 0.657008 0.694985 0.150804 -0.0623091 -0.831474 -0.309094 0.377775 -0.173499 : 0
0.316366 0.488085 0.197789 0.63202 -0.401909 -1 0.0553997 0.132768 -0.592343 : 0.3
0.984553 0.71227 0.893021 -0.199465 -0.110871 0.600873 -0.121276 0.107755 0.312342 : 0.6
0.643626 0.383834 1 -1 0.557433 -1 -0.178538 -0.204324 -0.285466 : 0.6
0.614975 0.905619 0.558084 -0.3641 -0.275413 0.177962 0.665405 -0.0291383 0.573925 : 0
0.581942 0.210258 1 -0.14364 0.122144 0.0896824 0.963489 0.92364 -0.261385 : 0
1 0.283334 0.737821 0.348377 -0.930671 -0.31518 0.41668 -0.179745 0.508631 : 0.2
0.970524 0.72706 0.905536 -0.179266 -0.380002 -0.39862 0.485243 0.343734 0.0969711 : 0.1
0.593422 0.495076 0.889138 -0.333815 -0.365175 0.22306 0.856876 1 0.0566148 : 0
0.639008 0.386444 -0.683336 0.0299653 -0.421706 -0.156841 0.783019 -0.916704 -0.612252 : 0
0.461181 0.570604 0.877416 0.00150117 0.0479268 -0.0638899 -0.225959 1 0.791554 : 0.1
0.745036 0.252445 0.57946 0.0697515 0.161093 0.0358852 0.584262 0.258828 -0.478875 : 0
0.409432 0.401866 -0.631072 -0.0744721 0.420461 -0.375279 -0.011011 0.00742324 0.125061 : 0.3
0.423191 -0.0504054 0.635053 0.189303 -0.857946 -0.718866 0.117114 0.311145 1 : 0.1
0.991646 0.678424 -0.311697 -0.21924 -0.783531 0.841562 0.621365 -0.874668 0.16154 : 0
0.817518 0.636185 0.378554 1 -0.181785 0.0856798 -0.658461 0.163321 -0.261771 : 0.1
0.952147 0.30235 0.607674 0.79949 0.13568 -0.843635 -0.37506 -0.439551 -0.116876 : 0
0.387105 0.30559 0.987272 0.0235816 0.622058 0.0265362 0.702492 -1 -0.0145166 : 0.1
0.887756 -0.0889568 0.705319 0.520084 -0.206136 -0.818107 -0.00264364 0.0195637 0.668495 : 0.2
0.674481 0.17792 0.154472 0.493157 0.236259 -0.379342 0.514011 -0.297973 0.330487 : 0.3
1 0.554249 0.760678 -0.224151 -1 0.907558 -0.967336 -0.0564982 -0.318526 : 0.3
1 0.974298 0.417833 0.0238342 0.293051 -0.257907 0.0316137 -0.382067 -0.021696 : 0
0.454527 0.0112584 1 -0.496565 -0.0685565 -0.331394 0.0180691 -0.640451 0.118885 : 0.1
0.525882 0.248696 1 0.669975 -0.389291 -0.96061 -0.48879 0.310836 0.0029515 : 0.1
0.0818092 0.476139 0.902228 -0.132153 -0.542908 -0.625349 0.035071 -0.355219 0.339725 : 0.3
0.720175 0.237537 0.751621 0.256573 0.330763 -0.625635 -0.076192 -0.0924914 0.236703 : 0.4
0.656273 0.332248 -0.612146 -0.242057 -0.150979 0.455867 -0.428784 0.0107591 0.41497 : 0
0.740351 0.942868 0.289088 -0.175759 -0.233702 0.129042 0.155253 0.0943417 0.106109 : 0
0.812143 0.0836336 0.0221565 -0.599565 -0.880633 0.439075 0.595736 0.481058 -0.0230114 : 0
0.671021 0.309371 -0.00398219 0.0532117 -0.443955 -0.531632 0.595712 -0.00983083 0.594941 : 0
0.56228 0.404974 -0.273784 0.389939 -0.468244 -0.176336 0.875943 0.915256 -0.389414 : 0
0.590551 0.247523 0.712926 -0.968701 0.043929 -0.160724 0.203019 0.0357488 0.437589 : 0
0.565619 0.631289 0.978791 -0.0697715 0.0466095 0.00290559 -0.121715 1 -0.883802 : 0
0.726003 0.722429 1 -1 -1 -1 -0.521652 -0.245465 0.819121 : 0
0.944041 0.255206 -0.758306 0.306525 -1 0.919029 1 -0.501424 1 : 0.3
0.614715 0.533662 0.949547 0.0943853 0.328051 -0.296245 -0.3172 -0.867063 0.178511 : 0.2
0.568344 0.73331 0.979941 0.0128622 -0.383923 -0.397456 -0.152722 0.176695 0.577121 : 0.1
0.77664 0.332234 0.330447 -0.146246 -0.264377 0.134707 0.173556 -0.416176 0.00266135 : 0.1
0.552775 0.549052 1 -0.328508 -0.486332 -0.0580598 0.691347 0.0988965 0.449693 : 0
0.973998 0.565592 0.218734 -0.185875 -0.905686 -1 1 -0.581769 0.0919414 : 0
0.656346 0.396035 0.924128 0.096661 -0.422038 -0.647135 -1 -0.660123 -0.836294 : 0.5
0.708381 0.985833 1 -0.0163793 0.549978 0.00241101 -0.105504 0.703773 0.202523 : 0.2
0.698549 0.715605 0.730812 0.35504 -0.142188 1 0.0264054 0.346292 -0.00846247 : 0.3
0.449153 0.763096 0.0454327 0.11922 0.755892 -0.312934 -0.138426 -0.221293 0.502061 : 0
0.582199 1 0.728428 -0.815296 1 -0.282105 0.92063 0.137252 0.340006 : 0
0.467595 0.321535 0.110912 0.255189 -0.490056 1 1 -1 0.0895978 : 0.1
0.823362 1 -0.525659 0.0237602 -0.190937 -0.403386 -0.175879 -0.0884667 -0.0145856 : 0.1
0.630405 0.204503 0.63726 0.0166656 -0.529773 -0.0652894 0.755746 0.880752 0.731205 : 0.2
1 0.223969 -0.850819 0.323852 -1 0.684884 1 -0.427725 1 : 0.3
0.599238 0.504222 0.726375 -0.488899 -1 0.0538999 0.364395 0.579803 0.350365 : 0
0.585992 -0.0284985 0.0778089 -1 -0.00962633 -0.344603 0.233764 -0.336371 -0.00687009 : 0
0.686027 0.690782 0.293717 -1 0.205237 1 -0.678257 -0.210856 0.384529 : 0
0.708183 0.87764 0.303265 -0.560672 -0.38502 0.699946 -0.958791 -0.329211 0.682792 : 0.1
0.774255 0.877477 -0.159099 -0.120096 -1 -0.47464 -0.114618 0.497592 0.119837 : 0
0.765173 0.0683551 0.742066 -0.470836 -0.064241 -0.570685 0.118199 -0.447272 -1 : 0
0.625726 0.224606 0.502116 -1 -0.38835 -1 0.941545 -0.507916 -0.037492 : 0.2
0.475798 0.406478 0.346432 -0.174058 0.429737 -0.304145 -0.0622025 0.250887 -0.345229 : 0
0.744545 0.452881 0.41547 -0.608129 -0.060895 0.114808 0.563063 1 0.501618 : 0
0.875697 -0.0675063 0.497851 0.407131 0.108017 0.0585829 0.717495 -0.804634 -0.0264088 : 0
0.714305 0.165947 -0.766877 0.319871 0.769672 -0.0179756 0.220966 -0.191338 0.220626 : 0.1
0.790543 0.81416 0.714068 -0.278146 1 -0.194842 0.487659 -0.600966 -0.110957 : 0.2
0.698988 0.337633 0.20908 -0.436907 -0.126081 -0.241738 0.0796715 0.780902 0.46908 : 0
0.630658 0.290418 0.247617 -0.204763 -0.719705 -0.0917651 -0.665519 -0.791975 0.515291 : 0.1
0.219623 0.16781 0.985238 0.117184 0.686574 0.150563 -0.249393 0.20916 0.273538 : 0.1
0.327952 0.494579 0.273045 1 -0.0553723 -0.311269 0.544124 0.0109329 -0.096108 : 0
0.668332 0.281867 0.857605 -0.972921 -0.313884 -0.259015 0.353206 0.0995608 -0.322817 : 0.3
0.933895 0.233963 0.897247 0.12308 -0.00679067 -0.445663 0.190352 -0.127306 -0.128544 : 0.2
0.640979 0.264015 0.869069 -0.07791 -0.640062 -0.5749 -1 -0.862099 -0.146038 : 0.1
0.864388 0.356974 0.853859 -0.286458 0.843307 0.392942 0.451965 0.381535 -0.229704 : 0.1
1 0.523101 0.839656 0.547238 -0.704151 0.785328 1 0.27931 0.449111 : 0.2
-0.330746 1 -0.368592 -0.75442 0.0435847 -0.261871 0.808894 0.748099 0.0474816 : 0.2
1 0.425754 0.304098 -1 -0.342525 -0.0230691 -0.0776221 -0.23052 0.622444 : 0
0.990578 0.366528 -1 -0.0498514 0.310909 -0.310467 0.72712 0.899434 0.402696 : 0
-0.734445 0.552144 0.0612213 -0.959569 0.11514 -0.183221 0.730248 -0.751454 0.349151 : 0
0.92439 0.590656 0.353319 -0.375247 0.349636 -0.19675 -0.129728 0.755801 -0.0354112 : 0.6
0.746872 1 0.497958 -0.135087 -0.509756 0.440485 -0.0746964 -0.0801399 -1 : 0.2
0.73358 -0.328184 -0.0637503 -0.492637 -0.226286 -1 0.573475 -0.298223 0.61001 : 0
1 0.350561 -0.175328 -0.452202 0.39024 -0.251639 0.230235 -0.411411 0.186364 : 0
1 0.161888 -1 -0.53226 -0.0374452 -0.758165 0.859964 0.228482 0.447438 : 0
1 0.197519 0.917037 0.0648545 -0.32878 -0.155902 0.366602 -0.113968 -0.14164 : 0
0.645615 -0.911887 -1 -0.320681 -0.122531 -0.353163 0.188609 0.228499 0.247084 : 0
0.29164 0.576791 0.0851424 -0.609712 0.0376462 -0.366844 0.0354219 -0.0436083 -0.256857 : 0.5
0.714031 0.484311 0.973661 -0.076453 -0.413369 0.259152 0.996582 1 0.090699 : 0.5
0.806405 0.432211 1 -0.168045 -0.114252 0.331658 0.327034 -0.318311 0.150891 : 0.3
0.621232 0.935628 0.550208 -0.106953 -1 -0.00654301 0.520952 0.0107813 0.393295 : 0.1
0.868264 -0.0618693 0.640824 0.114578 0.24198 -1 -0.565366 0.446756 0.223073 : 0
0.796068 1 0.795424 -0.863402 -0.561151 0.82301 0.375525 0.18952 0.750891 : 0.1
0.574359 0.505133 0.814 0.162146 -0.316452 -1 0.214674 0.639283 -0.257435 : 0
1 0.370255 0.568656 -0.0357853 -0.0809932 1 -0.882789 0.528002 -0.0588222 : 0.1
1 1 -0.135044 -0.34979 -0.0576025 -0.0311065 0.713976 -0.782149 -0.302458 : 0.1
0.307887 0.157255 0.142569 0.451551 -0.361822 0.0962188 0.761492 -0.140041 0.0729399 : 0.3
0.325281 0.466201 0.606818 0.244033 0.10392 -1 1 -0.264041 0.650023 : 0.1
0.473855 0.174771 0.448126 -0.30962 0.843859 -0.521482 0.336005 -0.356876 0.155949 : 0
0.633417 0.81207 0.389466 0.55478 0.167993 -0.244564 -0.359432 -0.253957 0.27148 : 0
0.529697 0.42497 0.679218 -0.452373 -0.544046 -0.0581749 -0.133603 -0.0152915 -0.0266107 : 0
0.675624 0.31097 0.606388 -0.0258617 0.252414 0.169813 0.229853 0.245814 -0.124036 : 0.3
0.511532 0.414773 1 -0.794572 0.117615 -0.640977 0.171418 -0.484813 0.397915 : 0.1
0.34502 0.821998 0.354293 0.332775 -0.0858075 -0.991838 -0.294808 0.117947 0.258774 : 0.2
0.279897 0.653697 0.336343 -0.202141 -0.300798 -0.0656174 0.335323 -0.0742549 -0.202374 : 0
0.192263 0.345772 0.578314 -0.163952 -1 -0.582866 -1 0.428668 -0.0590513 : 0.1
0.568383 0.429386 0.999002 0.00703841 0.251426 0.00766873 0.458848 -0.0747423 -0.265552 : 0.1
1 0.599121 0.15851 -0.419204 0.776934 -0.649688 0.0949945 0.583366 -0.0472876 : 0
0.4415 0.815898 0.369685 0.0381455 -0.313862 -0.569421 0.0187514 0.735082 1 : 0.3
0.588465 0.308071 1 -0.0812658 -0.683398 -0.448698 -1 -0.807636 0.0568264 : 0
0.495812 0.594567 0.23894 -0.416154 0.536427 -0.276725 0.559477 -0.763612 -0.376635 : 0
0.336585 -0.0186155 0.889283 -0.32636 0.204628 -0.434772 1 1 0.745285 : 0.3
0.414116 0.431949 -0.23518 -1 -0.0438879 -0.315471 0.911859 0.641958 -0.310501 : 0
0.395977 0.181144 0.895678 -0.240332 0.245472 -1 0.286171 0.291181 -0.193763 : 0
0.499335 1 -0.259382 -0.948225 0.488718 -0.336113 0.512224 0.0777248 0.243974 : 0
1 0.640207 -0.0265189 0.166482 0.387234 0.0202353 0.670146 -0.232293 0.127328 : 0.1
1 0.191875 0.151488 -0.269908 -0.977591 0.555076 0.987588 0.115647 0.564947 : 0.1
0.720039 0.361216 0.956786 -0.0437893 0.866287 0.394769 0.935153 -0.487105 -1 : 0.1
0.633284 0.542655 0.26602 0.0773348 -0.991521 0.417157 0.360223 -0.408389 0.851084 : 0
1 1 0.915875 -0.0896024 -0.428103 1 0.512754 0.916986 0.00486975 : 0
-0.300233 0.253329 1 0.242768 -0.149801 1 0.345033 0.722304 0.439733 : 0
0.840949 0.65525 0.23671 -0.246197 -0.580416 0.627933 -0.400977 0.0312554 0.160899 : 0.5
0.983548 0.8051 0.826209 0.413201 -0.655436 -1 0.869084 -0.0487399 0.121723 : 0.1
0.906535 0.759309 -0.584714 -0.442964 -0.0834506 0.612069 -0.16743 -0.310883 0.444604 : 0
0.496281 0.690529 -1 -0.289213 -0.407807 -0.206672 0.218581 0.0143691 0.0800153 : 0.1
0.778136 0.260456 0.509257 -1 -0.081399 -0.245198 0.773755 -1 0.614531 : 0
1 1 -0.197638 -0.151838 -1 -0.0190693 0.602342 -0.868259 -0.0354574 : 0.2
0.280411 0.678577 1 0.868318 -0.0362807 0.0549461 0.194836 -0.1908 -0.480931 : 0
0.773194 0.4298 0.807057 0.94769 -0.59142 -0.987355 0.374183 0.0524664 0.033135 : 0.4
0.724427 0.28631 -0.811351 1 -1 -0.369601 -0.0804514 -0.811788 -0.180864 : 0.1
0.606064 0.199934 0.939555 -0.976966 -0.975124 -0.275667 -0.716727 -0.177534 0.294396 : 0.1
0.682056 0.124244 0.305948 -0.346773 -0.219289 0.296862 0.144441 -0.324593 -0.267354 : 0.2
0.173198 0.388782 0.456993 -0.126621 -0.0720223 -1 0.157602 -0.247716 -0.462183 : 0.2
-1 -0.243397 0.832964 0.376047 -0.125012 0.43606 0.13604 0.793773 0.150917 : 0.4
0.199531 0.397514 1 -0.61994 -0.81272 -0.387613 0.6919 -0.321822 -0.46499 : 0
0.62841 0.311558 0.179133 0.414329 0.34126 -0.57655 0.733376 0.976578 -0.121328 : 0.3
0.838892 0.397449 0.942876 0.347501 -0.153124 -0.389931 0.330322 0.471502 -0.408131 : 0.1
0.343904 0.998645 0.555793 -0.0658568 -0.0270028 0.840748 -0.795084 -0.65934 0.437518 : 0
0.664033 0.812011 0.493931 -0.195529 -0.103504 0.500621 0.920839 0.370251 0.207377 : 0
0.725416 0.591727 1 -1 0.166097 -1 0.0322834 1 0.828961 : 0.4
0.994169 0.222692 0.388863 0.264735 -0.411666 -0.485828 0.466934 -0.677483 -0.176941 : 0.3
0.526126 0.632375 0.883809 -0.180245 -0.634551 -0.596402 1 -0.0326509 0.695352 : 0
1 0.13046 -0.869576 0.535069 0.24304 0.361011 0.294115 -0.260047 0.302932 : 0.1
0.380134 0.6396 0.974425 -0.641576 0.317795 -0.485688 -0.081661 0.439778 -0.276432 : 0.3
0.111084 0.531867 1 -0.475629 0.300705 -0.136708 -0.105729 0.117606 0.0877452 : 0.1
0.34114 0.0404107 0.0261886 -0.830285 0.319537 -1 -0.28142 0.212933 -0.551169 : 0
1 1 -0.0781494 0.178068 -1 0.45136 0.04674 -0.23203 1 : 0.5
1 0.521089 0.837255 0.0354921 -0.0474149 -0.517447 0.734905 -0.00721253 -0.70256 : 0.2
0.735096 0.333497 0.952695 0.299297 0.226511 -0.173266 0.354574 0.201402 0.285436 : 0.2
1 0.15018 0.416951 -0.962428 -0.703528 0.00840306 0.19351 -0.113466 -0.426454 : 0.4
0.451835 -0.356564 0.503991 0.196932 -0.628252 -0.105349 0.0669149 -0.00439824 0.0851024 : 0.3
0.886773 0.360099 1 0.215263 0.250168 0.16849 0.166129 -0.332425 0.208138 : 0.1
0.833133 0.850939 0.864861 0.491994 0.31923 -0.418483 -0.183082 -0.0126283 -0.113728 : 0
1 0.838459 0.358642 0.860864 -0.161577 -0.102855 -0.536275 0.238687 0.933612 : 0
1 0.120362 -0.217847 -0.652777 0.712998 -0.277646 0.581196 0.131611 0.339364 : 0.3
1 0.889747 0.986426 -1 -0.578883 -0.230376 0.476123 -0.16982 0.254947 : 0.3
0.840366 0.710052 0.970908 -0.127215 0.00868165 -0.750014 -0.0343837 -0.848263 0.236029 : 0
0.696643 1 0.00770048 -0.937151 0.516323 -0.0113167 0.382643 -0.169379 0.231249 : 0.1
1 0.35495 -0.139802 -0.132882 -0.340488 0.991269 -0.875359 -0.378187 0.0356964 : 0
0.714745 0.409453 1 -0.216476 -0.791887 0.185657 -0.049262 0.313969 -1 : 0.4
0.632915 0.48045 0.928704 -0.398721 -0.738572 0.368711 0.872715 0.605344 0.210554 : 0.5
0.703734 0.66113 0.257002 0.449447 0.397223 -0.0966281 0.106165 1 -0.486582 : 0.3
0.904707 0.213799 -1 0.0356674 -0.342407 0.156778 0.0540409 0.420622 -0.526928 : 0
0.736523 0.411003 0.392954 -0.27884 0.93967 0.97502 -0.436899 -1 0.0531107 : 0
0.407105 0.216973 0.591817 -1 0.0855556 0.268823 0.620447 -0.249137 -1 : 0.2
0.424631 0.401246 0.763292 -0.620526 0.946376 -0.333278 0.00890044 0.46422 0.763497 : 0.3
0.878481 0.405116 -0.159196 -0.26153 0.276284 0.0744128 -0.120642 -0.246019 0.252981 : 0.1
0.440855 0.183773 0.14924 0.56198 -0.75209 -0.189538 0.0269419 0.203499 0.254358 : 0.4
0.193836 0.0574235 0.669285 0.476963 -0.642464 1 -0.176768 -0.449122 0.190081 : 0
0.361825 0.825836 -0.213753 0.348295 -0.17958 0.723251 -0.453548 -0.509985 0.118513 : 0.2
1 0.937353 0.312641 0.277442 0.418807 -0.117683 0.33549 0.0972024 0.658448 : 0
0.75395 0.704156 0.310925 -0.95903 -0.0774552 0.311144 0.0534059 0.0177141 -0.0604418 : 0
0.59808 1 1 -0.366038 1 0.0571872 1 -0.158424 0.538609 : 0
0.696631 -1 0.638265 -0.117672 -0.322063 -0.350258 0.248124 0.592718 -0.0885567 : 0
1 0.507111 -0.498365 -0.51757 -0.783128 -0.844582 0.17876 0.034575 -0.134452 : 0
0.879212 0.910886 0.4275 0.955056 -0.269148 -1 -0.100226 0.210633 -0.141233 : 0
0.884731 0.0413896 0.536432 0.751837 0.166543 -0.80629 0.41094 -0.0616845 0.29791 : 0
0.773914 0.296117 0.99129 -0.537463 0.0611427 0.923258 -0.193612 -0.189844 -0.402113 : 0.1
0.631487 1 0.51085 -0.426183 0.0761872 0.130987 0.881534 0.0397631 -0.030674 : 0.1
0.00782043 0.264314 0.455387 -1 -0.313322 -0.158275 0.600545 -0.468244 -0.343229 : 0
0.669532 0.275949 0.852896 -0.0554444 0.168239 -0.554273 0.335303 1 0.475944 : 0
0.943331 0.284659 -0.508956 -1 0.186406 -0.65274 -0.186669 -0.347613 0.238176 : 0.2
0.532518 0.561865 0.639267 -0.397691 -0.382522 -0.650413 -0.371265 -1 0.517721 : 0.1
0.963089 0.620317 0.172582 -0.929384 -0.139785 0.797247 0.0138071 -0.433722 0.340162 : 0
1 0.46417 -0.143567 -0.0246925 -0.537524 -0.689593 0.130758 -1 -0.468591 : 0
0.880612 0.482198 0.64023 0.302381 -0.24932 0.0256834 0.637695 -0.499043 0.169347 : 0.3
0.798613 0.479062 0.252898 1 -0.210437 1 0.221328 -0.316082 -0.641567 : 0.3
0.237989 0.47735 0.539763 0.0934411 0.208952 -1 0.696956 0.0987396 -0.34222 : 0
0.582972 0.809956 0.970759 -0.458109 -0.96026 -0.0834209 0.411287 0.811769 0.669497 : 0.1
0.714777 0.352259 -0.205056 0.519645 -0.713946 -0.250448 0.000458762 0.375774 0.781413 : 0
0.206455 1 0.237883 -0.153321 -0.657201 0.424788 0.173943 -0.0139373 1 : 0.1
0.938844 0.75962 0.331694 0.491886 -0.110388 -0.0889419 -0.0198473 0.438212 1 : 0.1
0.58527 0.276858 1 0.19832 0.0633737 0.347827 0.648066 -0.22506 0.399513 : 0.1
0.954565 1 0.541398 -0.574201 1 -0.155835 0.45405 -1 -0.444192 : 0.2
0.538076 0.425324 -0.396713 -0.0716944 0.756581 0.594701 0.500637 -0.242241 -0.072229 : 0
0.815879 0.825933 -1 0.0194045 -0.133697 -1 -0.633598 -0.0303794 -0.334106 : 0.1
0.413187 0.491788 0.355965 -0.328728 -0.0311231 -0.0372068 -0.174229 0.444014 -0.136312 : 0.6
0.557224 0.217973 0.363985 -1 0.276468 0.572131 0.640849 0.234958 0.297045 : 0.1
1 0.451002 -0.365879 -0.756776 -0.323471 -0.097501 -0.0449412 -0.221368 -0.548597 : 0
0.564777 0.246533 -0.749104 -0.27468 0.410511 -0.178894 -0.238252 0.263946 0.283849 : 0.1
0.511567 0.397928 0.5909 0.873931 0.911797 0.100707 -0.173891 0.343415 0.330782 : 0
0.405543 0.346019 0.637548 -0.0388636 -0.00723713 -1 0.180409 -0.0070225 -0.173823 : 0
0.99614 0.151602 1 0.247422 0.0560349 0.666041 -0.165655 0.543495 -0.188184 : 0.2
0.541292 0.0974106 0.616768 -0.291973 0.108619 -0.877847 -0.299318 0.658878 -0.244867 : 0
0.673842 0.829634 0.446902 0.356 0.366894 -0.351319 0.709487 -0.393124 0.101836 : 0.1
0.874887 0.986601 -0.988531 0.000375055 0.627355 -0.832641 0.636405 -0.082966 -1 : 0.1
0.763326 0.913785 0.309411 -0.102713 -0.159824 -0.353671 0.300193 0.321836 0.509882 : 0.2
0.430319 0.2648 -0.032344 -0.234854 -0.644124 -0.429272 0.222207 0.151342 0.897106 : 0
1 0.94979 0.0104403 -0.195678 0.237452 0.258007 0.0960633 0.414356 0.61361 : 0
0.605891 0.308951 0.807845 -0.0649522 -0.789614 -0.494279 0.0969558 0.887617 0.991778 : 0
0.767344 0.903501 0.760825 -0.102959 -0.695448 -0.243859 0.0785454 0.20905 0.13829 : 0
0.753573 0.285896 0.58377 -0.433459 0.863508 0.169136 0.892522 -0.340275 0.209717 : 0
0.708825 -0.129168 0.94593 0.122029 0.267449 -0.529164 0.186608 -0.120022 -0.0306351 : 0
0.11508 0.2424 -0.0954418 -1 0.0248415 -0.147564 0.710743 -0.271333 -0.330436 : 0.3
1 0.332547 0.386254 -0.771814 -0.124025 -0.481743 0.508897 -0.212318 0.00622474 : 0
0.859643 0.207223 0.554959 0.361954 0.536343 0.299777 0.909129 0.998384 0.14067 : 0
0.375425 0.453545 -0.0320608 -0.438177 -0.76262 0.560643 -0.502378 0.45651 0.767688 : 0
0.702838 0.788263 1 -0.519409 -0.319827 0.565989 0.186314 0.141136 0.45161 : 0.2
0.943129 0.736645 0.395643 -0.85661 0.188784 -0.432887 -0.42557 0.13051 0.0482756 : 0.1
0.485787 0.260753 -1 -0.981491 -0.419981 -0.449348 0.582937 -0.330154 0.00563782 : 0
1 0.677657 -0.546021 0.15361 -0.0240664 1 0.781308 -0.81383 -0.809946 : 0.3
0.700589 0.699214 0.448289 0.241414 -0.242161 -0.656644 0.498134 -0.278597 0.0818186 : 0
1 0.336756 -0.510807 -0.652787 0.127417 -0.41788 0.215083 -0.362598 0.254901 : 0
0.684233 0.837494 0.992035 0.184067 -0.0106508 -0.751805 0.713668 0.349113 -0.29001 : 0.2
0.718428 0.239706 1 -1 -0.07693 -0.897571 -0.0408655 -0.0413933 0.423924 : 0.1
0.724545 0.858536 0.270179 -0.252699 -0.224882 0.179312 0.0491077 0.295229 -0.257362 : 0.5
0.676867 0.450618 -0.0135705 0.399516 -0.573817 1 0.756494 -0.191107 0.416348 : 0.1
0.69684 0.838954 0.302777 -0.380176 0.355653 -0.422176 0.0247743 -0.852299 -0.0313656 : 0.3
0.865587 0.353228 -0.51968 -0.670826 -0.0988377 -0.0677866 0.335338 0.426378 0.0868306 : 0.2
0.734506 0.144506 0.554642 0.581641 0.651723 0.108687 -0.181911 -0.761827 0.402057 : 0.1
0.423587 0.861858 0.21808 0.175801 0.377932 -0.267743 1 0.981357 0.997055 : 0
