0.567379 0.261498 0.954498 -1 -0.167907 -0.271162 0.311075 0.87467 -0.096796 : 0.5
0.57985 0.419381 0.895763 1 -0.169465 -1 -0.585807 0.778729 0.26739 : 0.2
0.830742 0.0148199 0.898431 -0.665295 0.491558 -0.554951 0.727265 -0.0844222 -0.118874 : 0
0.585271 0.268875 0.860588 -0.431524 -0.643768 -0.392034 -1 0.0337627 1 : 0
0.54707 0.462974 0.913809 -0.719685 -0.0258811 -0.179859 -0.747157 -0.351335 1 : 0.1
0.607882 -0.00893865 0.734402 -0.77561 0.994622 -0.626686 0.341124 -0.659346 0.317684 : 0
0.578105 0.248705 0.741925 -0.880294 -0.859785 -0.330462 1 0.560898 -0.219237 : 0.1
0.662702 0.0989214 0.768089 -0.209952 -0.182881 -0.475768 -0.042116 0.515938 0.476847 : 0.5
0.789167 -0.186424 0.822571 0.660794 -0.429043 -0.598933 0.2846 -0.685355 0.0834978 : 0
0.651394 0.64975 0.99543 -0.282626 1 -0.537919 0.0944493 0.2636 -0.761355 : 0.1
1 0.24147 1 -0.659718 0.676545 0.27564 1 -0.582024 -0.875376 : 0.3
0.509244 0.768747 0.841101 -0.602723 0.876688 -0.64207 0.276228 0.342499 0.29327 : 0.1
0.692164 0.564736 0.930765 -0.995453 -0.394724 -0.149561 0.424936 0.696817 -1 : 0.5
0.544451 0.777532 0.939528 -0.773475 0.641283 -1 0.0781528 0.180011 0.419043 : 0.1
0.658445 0.568792 0.793632 -0.563018 -0.52912 -0.720968 0.970483 -0.869039 0.396481 : 0.3
0.655269 0.92747 0.964457 -0.95248 -0.236058 -0.380572 0.940118 0.964443 -0.330527 : 0.2
0.906168 0.505443 0.968931 -0.514208 -0.385092 -0.595911 0.528106 -0.14666 0.79791 : 0.3
1 0.139928 0.958323 -0.518191 -0.564776 -0.302754 0.0375208 -0.178825 0.531529 : 0.2
0.76961 0.477582 0.740619 -0.759012 -1 0.154768 0.268512 -0.0851459 0.246102 : 0.3
0.656823 0.328279 1 -0.591015 0.414166 -0.935012 1 0.0933576 -0.262859 : 0.3
0.794102 0.354602 0.578303 -0.219329 0.186872 -1 0.55769 0.739363 -0.137838 : 0.4
0.647502 0.376757 0.7486 -0.799242 0.203072 0.929823 0.933837 0.00121635 0.365382 : 0.5
0.573671 0.681242 1 -0.615901 1 -0.463976 0.413678 0.514056 0.220941 : 0
0.776048 -0.0457787 0.849718 -0.407783 -0.27119 -0.470019 -0.107469 0.467326 -0.0451676 : 0
0.738404 0.12604 0.891991 -0.695948 -0.0186731 -0.580317 -0.406453 -0.334681 1 : 0.1
0.993185 0.374474 0.914585 0.0993002 0.11364 -0.572578 1 0.363329 -0.098718 : 0.4
0.398685 0.592775 0.834494 -0.90801 -0.543177 0.733012 0.561475 0.372863 0.184735 : 0.2
0.618332 0.275111 0.950516 -0.190212 0.506506 -1 -0.183968 0.406365 0.828961 : 0.3
0.603326 0.293661 1 -0.823763 1 -1 1 0.535155 -0.384226 : 0.3
0.687265 0.225449 0.774814 -0.814084 0.383313 -0.383795 -0.0176284 0.0987669 1 : 0.3
0.682668 0.301218 0.951964 -0.805945 -0.909323 -0.109426 0.409181 -0.753026 0.14607 : 0.1
0.564587 0.326308 0.861018 0.0868116 -1 -0.95117 0.618636 0.142673 0.239837 : 0.2
0.564836 0.81418 0.925421 -0.734746 -0.343542 -0.266306 0.282205 0.281965 0.204015 : 0.3
0.902646 0.580709 0.795249 -0.706484 0.89249 0.37646 0.125228 0.476698 1 : 0.4
0.591626 0.559086 1 -0.549743 0.198512 -1 0.879261 -0.405025 -0.217775 : 0.1
0.529763 0.471877 1 -0.574293 0.371797 -0.781485 0.754653 0.379717 0.798806 : 0.2
0.583165 0.753004 0.93844 0.125727 -0.0423972 -0.98954 0.887906 0.493703 0.678084 : 0
0.697962 0.27943 0.930814 -0.938325 -0.208945 0.0135927 0.560226 -1 -0.233605 : 0.2
1 0.227508 0.821635 -0.631589 0.284227 -0.562327 0.886162 -0.578683 1 : 0.1
0.669955 0.637931 0.879689 0.145805 -0.800596 -1 0.517862 0.538779 0.425591 : 0.4
0.638655 0.382489 1 -0.412392 -0.584399 -0.342861 0.883089 0.944838 0.534255 : 0.3
0.790764 0.32463 0.89757 -0.185946 -0.020534 1 0.569329 0.11947 -1 : 0.4
0.812672 0.499536 0.957289 -0.113394 0.831745 -0.241028 0.54922 0.187106 0.101485 : 0
0.61679 0.385976 0.866075 -0.693785 1 -0.625345 0.0572513 -0.133163 0.909676 : 0
0.91407 0.389366 0.885555 -0.539808 -0.734108 -0.924813 0.944809 0.688087 0.814578 : 0
0.564604 0.222483 0.938279 0.457652 0.467117 -0.831336 0.442634 0.227108 -0.0878525 : 0.3
0.551162 0.360198 0.886196 -0.949523 -0.536407 0.687808 1 0.646375 -0.958828 : 0.5
0.765793 0.238061 1 -0.131063 -0.321115 -0.0941595 0.318317 -1 -0.555974 : 0.3
0.570491 0.784326 0.945447 -0.111071 0.0522176 -0.72605 -0.437977 0.647996 -0.458603 : 0
0.40514 0.211077 0.909958 -0.475755 -0.521187 -0.277664 0.984437 -0.637891 -0.149525 : 0.3
0.627434 0.701005 0.790467 -0.656317 0.278188 -0.231967 1 0.313773 0.0282273 : 0.1
0.797502 0.655406 0.941817 0.36043 0.0672242 0.17636 0.0895212 0.829995 -0.106234 : 0.5
0.487754 0.781296 0.838147 0.901099 -0.377355 0.00689936 0.989927 -0.37002 0.0620688 : 0
0.608974 0.512776 0.840909 -0.80606 0.79401 -0.599663 0.668759 0.486395 0.489737 : 0.4
0.694534 0.300484 0.83948 0.0179129 -0.660964 -0.590523 1 0.179274 0.995788 : 0.1
0.690233 0.558884 0.869569 -0.762252 -1 -0.868081 0.481246 -0.414499 -0.674781 : 0.4
0.630447 0.359735 0.717518 0.619586 -0.258967 -1 0.523475 0.493415 1 : 0.1
0.720284 1 1 -0.780758 -0.226285 -0.72157 0.18234 0.625785 0.373835 : 0.3
0.786401 0.262546 0.847221 0.322307 0.416164 -0.00760061 0.748297 -0.838687 -0.0104724 : 0.3
0.729866 0.453056 0.978262 -0.948828 -0.130535 -0.75749 0.874158 0.425257 -1 : 0.2
0.872914 0.6433 0.844332 0.85913 0.330137 -0.792964 0.589279 0.922872 0.614539 : 0.3
0.549199 0.585824 0.953931 -0.74833 -0.308923 -0.37929 0.935165 0.700366 0.300388 : 0.4
0.702529 0.222785 0.999549 -0.218452 0.256178 0.550201 0.49854 0.532647 0.706505 : 0.2
0.258956 0.47382 1 -0.709904 -0.326332 -0.534291 0.695032 -0.203782 1 : 0
0.575096 0.471634 0.949606 -1 -1 -0.0739638 -0.800783 1 0.608633 : 0.1
0.928484 0.0747212 0.966989 -0.68319 -0.707867 0.289842 0.313677 0.140207 -0.357341 : 0.3
0.473082 0.833414 0.893526 -0.674965 -0.506333 -0.612442 0.50274 0.311555 -0.46307 : 0
0.819271 0.313676 0.974824 -0.00758922 -0.692041 -0.901969 0.372794 -0.0372179 0.918089 : 0.3
0.782765 0.669858 0.909168 0.149082 0.60408 -1 0.963416 0.540825 0.236256 : 0.4
0.832551 0.487947 0.869999 -0.366692 -1 -0.184385 -0.488789 1 0.324223 : 0.1
0.602055 0.381305 0.881124 -0.133759 -0.0357314 1 0.206033 0.498709 0.811756 : 0.2
0.354156 0.235479 0.92666 -0.757546 -1 0.0892705 0.315645 0.34935 0.408646 : 0.2
0.616884 0.383322 0.927412 0.0040251 -0.0484517 0.732563 0.412966 -0.0315508 -0.732987 : 0.5
0.986891 0.169781 0.980461 -0.764103 -0.268533 -0.924303 0.620984 0.401825 -0.0462471 : 0.5
0.644546 0.293232 0.875362 1 -0.296079 0.0398831 0.561941 -1 0.264826 : 0.3
0.789482 0.315186 0.83244 0.354605 -0.971599 -0.732425 0.425286 0.126313 0.367135 : 0.4
1 0.280803 0.739501 0.0216914 0.519237 -0.137809 1 -0.436549 -0.240006 : 0.1
0.351223 0.845917 1 -0.179668 -0.61204 -0.231061 1 0.250575 0.0192258 : 0.2
0.542811 0.287063 1 -1 0.584031 0.0922779 0.616895 1 0.248864 : 0.3
0.423752 0.564285 0.857752 -0.72723 -0.154455 -1 -0.0776352 0.826723 -0.391785 : 0
0.781212 0.931968 0.952669 -0.827141 0.242498 -0.145679 1 0.916957 -0.284944 : 0.2
0.599538 0.30659 0.934925 -0.232981 0.153898 -0.653277 0.576006 0.261091 0.683316 : 0.5
0.358131 0.535521 0.750164 -0.842942 0.00551824 0.214281 0.0981434 0.383837 0.896751 : 0.2
0.43674 0.577692 0.881159 -0.928963 -0.960202 0.512579 -1 0.234816 0.953252 : 0
0.66191 0.447017 0.982801 -0.402631 0.406086 -0.649325 0.757208 0.703361 -0.0776658 : 0.2
0.665775 0.395135 0.879925 -0.225944 -0.385613 -0.571978 1 -0.729615 -0.219436 : 0.5
0.525248 0.298907 0.683473 -0.109209 -0.71666 -0.525672 0.949864 -0.270981 0.868107 : 0.1
0.80681 0.543564 0.855097 -0.727843 0.964557 -0.42014 -0.604526 0.432117 0.445481 : 0.2
0.54575 0.36505 0.986025 -0.565776 -1 -0.614617 0.699411 0.154373 -1 : 0.3
1 0.494641 0.773899 -0.598233 0.545395 0.248791 -1 0.46118 1 : 0
0.292666 0.33797 0.866875 -0.56867 -0.319506 -0.487242 -0.208032 0.802624 -1 : 0.2
0.401242 0.492166 0.84301 -0.683775 -0.153468 -0.475754 0.440036 0.431176 -0.668185 : 0.2
0.537647 0.288043 0.987794 -0.470833 0.0435666 -0.483066 0.663831 0.706115 -0.17577 : 0.1
0.773433 0.0882061 0.749339 -1 -0.386755 -0.16701 0.0371559 0.158635 -0.267155 : 0.5
0.747706 0.482765 0.872627 -0.77689 1 -0.0854024 0.967785 0.803211 -0.074811 : 0.3
0.73893 0.47911 1 -0.917781 -0.274774 -0.0521767 -0.732923 -0.984995 -0.183555 : 0.5
0.618291 0.471553 0.950646 -0.251989 -0.216707 -0.0235405 0.779832 0.26163 -1 : 0.5
0.583345 1 1 -0.276067 -0.744653 -0.560893 0.664704 -0.000983659 0.401585 : 0.1
0.613472 0.920301 0.970831 -0.0915942 0.773017 -0.907656 0.853655 -0.379199 -0.0501052 : 0.1
0.521828 0.804623 0.775339 -1 0.164358 -0.749819 0.560091 0.318043 -0.315607 : 0.2
0.62783 0.362715 0.966368 -0.199826 -0.196199 0.020336 0.81024 0.421416 -0.993729 : 0.2
0.773093 0.470737 0.665514 -0.475728 -0.415738 -1 0.188411 0.784159 -0.905903 : 0.4
0.669694 0.691295 0.677483 -0.472291 -0.704284 1 0.533724 0.395942 0.0945925 : 0.1
0.655085 0.315521 0.805761 -0.412632 -0.0154638 0.355915 -0.253857 -0.307563 -0.181207 : 0.4
0.975658 0.614347 0.839569 -0.730549 0.318988 -0.121183 -1 -0.446105 -0.130645 : 0
0.30366 0.180796 0.894413 -0.74695 0.04631 -0.867305 0.03032 0.540375 0.0879217 : 0.3
0.636839 0.456259 0.900548 -0.297171 -0.146823 -0.247253 -0.500891 0.377592 -0.448595 : 0.3
0.622309 0.635958 0.921115 -0.183017 0.206109 -0.647302 -0.0259724 0.549083 -0.613536 : 0.2
0.604446 0.590165 0.866462 0.70533 -0.658922 -0.26123 0.697789 -0.337727 -0.0630413 : 0.1
0.891461 0.0691249 0.895761 -0.498119 -0.578704 -0.0977111 -0.183327 0.440864 -0.298069 : 0.3
0.688651 0.47711 0.865477 -0.626284 -0.376609 -1 0.177751 -0.579778 1 : 0.3
0.463937 0.498467 0.985175 -0.591449 -0.400191 -1 0.624342 0.462325 -0.467905 : 0.1
0.522338 0.302623 0.987938 -0.860647 -0.703455 -0.88345 0.781065 -0.912866 0.255517 : 0.1
0.706381 0.67162 0.834434 -0.333864 -0.865779 -0.608139 1 1 0.0189273 : 0.3
0.60138 0.731885 0.921581 -1 -0.378458 -0.997662 0.85667 0.373418 0.358304 : 0.2
0.69204 0.472243 0.849983 -0.554264 -0.407683 -0.648411 0.536227 -0.217025 -1 : 0.4
0.674834 0.346137 0.666276 -1 -0.497283 0.050709 0.562316 -1 0.594125 : 0.5
0.628535 0.459625 1 -0.77239 -0.414077 -0.125104 0.328626 0.806058 -0.857078 : 0.4
1 0.679555 0.971186 -0.606569 -0.200822 -1 0.619363 0.616721 -0.789571 : 0.5
0.773339 0.927246 0.916856 -1 -0.53594 -0.279813 0.193117 0.650411 0.833354 : 0.5
0.755889 0.460798 0.732499 -0.630637 -1 -0.680814 1 0.797143 0.766735 : 0
0.633684 0.476227 0.855981 -0.765524 -0.122971 -0.347657 0.988699 -0.0730814 1 : 0.3
0.666913 0.791573 0.704747 -0.332118 0.254309 -0.996105 0.579104 0.348059 -0.3548 : 0.1
0.599425 0.652593 1 -0.358741 -0.572484 -0.684318 0.480687 0.370493 0.744969 : 0.2
0.497579 0.801447 0.94306 -0.474565 0.596107 -0.505876 0.806531 0.615366 0.179141 : 0
1 0.946411 0.924238 -0.399456 0.15319 -0.684593 0.751508 0.611253 0.991611 : 0.3
0.644497 0.46168 1 -0.506908 -0.164966 -0.896583 0.907769 0.774452 -0.174271 : 0.2
0.557279 0.329767 0.588077 -1 0.0756758 -0.250208 0.550746 0.70177 0.0574841 : 0.5
0.330114 0.336661 0.933343 -0.28803 -0.488595 0.483408 0.626244 0.0510129 -1 : 0.4
0.501464 0.571625 0.850234 0.573658 0.539038 -0.178679 -0.00154406 0.0461642 1 : 0
0.759119 0.981035 0.873602 -0.63393 0.0203021 -0.157055 -0.140062 -0.210017 0.210034 : 0.3
0.410507 0.492492 0.949879 -0.8791 -0.532482 0.103022 0.446337 0.711905 -0.415559 : 0.4
0.63632 0.490603 0.972857 0.936864 -0.173135 -0.99282 0.633627 0.194474 -0.972489 : 0.3
0.591355 0.511896 0.780867 0.214151 1 0.51585 0.453971 0.465688 0.314443 : 0.1
1 0.346211 1 -0.604025 -0.259543 -0.417191 -0.213074 0.00926709 -0.828347 : 0.5
1 -0.00607439 0.841325 -0.729519 -0.130317 -0.442656 1 0.284141 0.144018 : 0.3
0.328232 0.238616 0.618106 -0.175462 -0.344796 0.485374 0.147319 0.631694 -0.852193 : 0.2
0.517484 0.539688 0.925555 -0.808911 -0.548599 -0.271412 1 0.14089 -0.27604 : 0.3
0.678622 0.631727 0.892091 -0.35645 -0.367153 -0.687611 0.968915 -0.04575 -0.812387 : 0.2
0.45849 0.573108 0.817032 -0.511078 0.366039 -0.446775 1 -0.113135 -0.726683 : 0.3
0.746669 0.265523 0.665236 -0.284754 -0.00706357 -0.402219 -1 0.520629 0.794011 : 0.4
0.724705 0.69832 0.934025 -0.599191 0.709759 -0.71455 0.262117 0.397596 -1 : 0.3
0.587942 1 0.538865 -0.708413 -0.570205 0.987761 -0.136688 0.398675 0.588613 : 0.1
0.494657 0.748504 0.907594 0.180638 0.0272569 -0.37383 0.540901 0.499708 0.305839 : 0.2
0.580634 0.449515 0.971171 -0.40849 -0.220264 -0.776718 -1 0.427355 -0.0133927 : 0.3
0.823944 0.3499 1 -0.272299 0.715051 -1 -0.05801 0.811172 -0.126354 : 0
1 0.399783 0.97773 -0.472913 -0.166808 0.0165825 -0.443757 0.345763 0.502213 : 0.5
0.688419 0.317089 0.816995 -0.581498 -0.048836 -0.354645 0.0466305 0.309967 -1 : 0.6
0.714613 0.357469 0.975318 -0.0115961 0.0120438 -0.752103 0.533759 0.602034 0.0351999 : 0.1
0.113668 0.335842 0.844403 -0.126955 0.130659 0.326725 0.0396707 0.239581 0.469363 : 0
0.292073 0.553717 0.716645 -0.980653 -0.338216 -0.815196 0.134726 -0.821665 0.226427 : 0.1
0.536286 0.797766 0.863996 -0.905187 0.473984 0.536016 0.806048 1 -0.33079 : 0.1
1 0.270371 0.792039 -1 -0.23849 -0.0846665 -0.123421 0.414985 -0.186187 : 0.3
0.535774 0.61106 0.991271 -0.612909 0.263217 -0.631679 0.378785 -0.0017263 0.660622 : 0.2
0.456436 0.311625 0.880143 -0.298402 0.348082 -0.270312 0.446229 0.712017 -0.408429 : 0.3
0.398978 0.676925 0.733832 -0.886418 0.272576 -0.206886 0.170908 0.781037 0.0352417 : 0
0.52143 0.331015 0.94912 -0.398714 0.140608 -0.361416 0.371079 0.739583 0.0701031 : 0.6
0.84318 0.420897 0.889196 -0.835955 -0.103686 -0.0995132 0.128664 -0.153619 0.29156 : 0.7
0.663715 0.576814 0.891474 0.221382 -0.47177 -0.401289 0.627474 -0.518894 0.281046 : 0.2
0.460595 0.497349 0.89193 -0.435473 0.625827 -0.460258 -0.143384 0.659925 0.337761 : 0.1
0.501759 0.305607 0.818047 -0.773071 0.160008 -0.695738 0.173252 0.732666 0.50175 : 0.2
0.653868 0.518575 0.995763 -0.887813 -0.663378 -1 -0.922722 0.628465 0.563958 : 0.1
0.432249 1 0.795218 -0.561492 -0.0628016 -0.186563 1 0.185598 0.348407 : 0
0.548023 0.782448 0.779286 -0.295345 0.0837113 -0.846564 -0.282805 0.705346 0.202525 : 0.1
0.581049 0.517972 0.738881 -1 0.109834 -0.75054 0.389377 0.968589 0.718333 : 0.6
0.636299 0.416232 0.862359 -0.102607 -0.350005 -0.216243 -0.313291 -0.260401 -0.0690694 : 0.4
0.680334 0.0389191 0.920012 -0.838209 0.71066 -0.197314 0.32288 -0.219298 -0.161917 : 0.2
0.579149 0.397811 0.798121 -0.511438 -0.395692 -0.879065 -0.0262874 -0.137518 0.526172 : 0.3
0.698922 0.326942 0.856298 -0.836258 -0.475431 0.433324 0.773121 1 -1 : 0.6
0.917425 0.934571 0.867005 0.250706 -0.0421119 -0.636558 0.440211 0.583591 -0.584344 : 0.2
0.58137 0.517903 0.922632 -0.757458 -0.108526 -0.0627598 0.563364 -0.946545 -0.464403 : 0.4
0.705189 0.245974 1 -0.607339 -0.354968 -0.837433 1 0.254117 -0.236524 : 0.2
0.170357 0.212375 0.809618 0.0135031 -1 0.0900057 -0.054796 0.18597 0.708585 : 0.1
0.780366 0.698368 1 -0.4636 0.140099 -0.806476 -0.129449 0.397778 0.267828 : 0.6
0.684719 0.343 0.982435 -0.749684 -0.0513833 0.976425 0.697971 1 0.740247 : 0.1
0.614783 0.0499916 0.842048 -0.336754 -0.337914 -0.216384 -0.0684199 -0.420945 0.262832 : 0.2
0.858841 0.498102 0.707365 -0.467773 0.732783 -0.462664 0.564772 -0.136714 -0.584077 : 0.1
0.806344 0.299921 0.928539 -0.843047 -0.346283 0.03388 -0.556229 0.152209 -0.292255 : 0.5
0.675173 0.154374 0.932715 -0.980718 0.138632 -0.249964 0.518035 0.41654 0.183319 : 0.2
0.712354 0.392049 0.951497 -0.119828 -0.652718 -0.671779 0.599121 -0.292304 -0.107082 : 0.3
0.616065 0.46391 0.974246 -1 -0.519689 -0.350223 0.516936 0.255948 0.781511 : 0.4
0.56078 0.69929 0.980902 -0.371619 -1 0.010926 0.728887 0.056779 -0.757947 : 0.1
0.557601 0.35905 0.861032 -0.595464 -0.719608 0.13022 0.752507 0.937156 0.156637 : 0.3
0.752705 0.342248 1 -0.54179 -0.338538 -0.615063 -0.215192 0.573696 1 : 0.3
0.459441 0.778805 0.684399 0.300213 0.245728 -0.356876 0.565919 -0.269279 -0.622545 : 0.1
0.579823 0.332182 0.999991 -0.632811 -0.600295 0.582525 1 0.462093 -0.235593 : 0.4
0.590992 0.679389 0.936692 0.402815 0.037528 0.25341 0.117474 0.527438 0.533726 : 0
0.348092 0.528275 0.674029 -1 -0.675086 -0.254427 0.0107491 -0.304696 0.27994 : 0.1
0.358874 0.472018 0.948004 -0.32918 -1 -0.479386 -0.178803 0.49651 0.641413 : 0.2
0.616305 0.447544 1 -0.721833 0.00517482 -0.317343 -0.561418 0.783836 0.388025 : 0.3
0.634525 0.323644 0.974567 -0.441744 0.359593 0.946366 0.604193 -0.734779 -0.746489 : 0.2
0.691174 0.444635 0.901931 -0.377591 0.147697 -0.180186 0.137246 1 0.348269 : 0.1
0.680135 0.585588 0.913293 -0.865457 -0.474948 -0.154609 0.528262 0.308592 0.249087 : 0.5
0.595336 0.404737 0.759483 -0.71626 0.193296 -0.255417 0.299393 0.406935 -0.133043 : 0.4
0.464873 1 0.829074 -1 -0.816896 1 0.705072 0.891745 0.871063 : 0.2
0.703379 0.267943 1 -0.681887 -0.624536 -0.175562 -0.509643 -0.315164 -1 : 0.2
0.70757 0.276016 0.864439 -0.734785 -0.0461452 0.742468 0.440842 -0.567325 -1 : 0.4
0.690077 0.38958 0.926932 -0.32739 -0.224936 0.857633 -0.735946 -0.725833 0.307039 : 0
0.67638 0.645407 0.802169 -1 -0.214735 -0.25306 -0.0827542 0.530042 -1 : 0.5
0.782122 0.518975 0.999794 -0.125984 -0.337395 0.303689 0.563893 0.182264 1 : 0.4
0.611008 0.804378 0.98186 -0.597357 -1 -0.58113 0.919908 0.0411727 0.543936 : 0.3
0.743237 0.32503 0.814756 -0.561904 -0.364763 -0.44516 -0.367319 0.502302 0.251023 : 0.3
0.163848 0.273243 0.880832 -0.968536 0.584267 -0.616712 0.82688 0.268527 -0.404456 : 0.1
0.815821 0.92588 0.913325 -0.605931 1 -0.206045 0.223653 0.948324 -0.280336 : 0.2
0.584527 0.144139 0.806317 0.458771 0.831049 -0.544574 0.198937 0.782461 -0.793672 : 0
0.568426 0.55534 0.781682 0.00147808 -0.721238 -0.123025 1 0.0537721 0.747923 : 0.2
0.568113 0.459867 0.827909 -0.437882 -0.0145276 0.404299 0.0887181 0.283641 0.160458 : 0.3
0.871182 0.465345 0.962709 -0.273687 1 -0.160182 0.553198 0.693669 0.0552971 : 0.2
0.530364 0.385364 0.845003 0.0882332 0.102976 -0.463694 -1 0.501594 0.108918 : 0.1
0.587268 1 1 -0.480697 0.38238 -0.430854 -0.713156 0.353684 0.0828108 : 0
0.466865 0.484299 0.916215 -0.64188 -0.573918 -0.449386 0.799611 0.362909 -0.643567 : 0.2
0.817005 0.67735 0.871871 -0.392834 0.500768 -0.0112104 0.2315 0.877885 0.0900988 : 0.4
0.878787 0.775004 0.844949 -0.317345 0.216572 -0.245226 0.94184 -0.0671747 0.268293 : 0.4
0.828626 0.539774 0.888131 -0.405344 -1 -0.577789 0.618782 0.237548 -0.353159 : 0.4
0.794725 0.676354 0.818321 -0.751634 -0.0836303 -0.632432 0.868885 0.14978 1 : 0.3
1 0.62093 0.787564 -0.566578 0.469558 -0.280981 0.223499 0.130781 0.900437 : 0.6
0.85592 0.453696 0.985667 -0.416814 -0.00399405 -0.144457 0.509845 0.00362068 -0.121434 : 0.5
0.746671 0.225027 0.687041 -0.396669 -0.0465452 -1 0.418473 -0.600193 -0.130051 : 0.2
0.413405 0.335885 0.910226 -0.991929 -1 0.255713 -0.243071 0.483764 0.956824 : 0.2
0.56889 0.125054 0.966578 -0.923869 -0.981858 -1 0.292673 0.561521 0.0588331 : 0.1
0.626238 0.314513 0.918274 -0.706583 -0.313002 -0.978613 -1 0.985179 0.97651 : 0.2
0.631909 0.513748 1 -0.661018 0.0342423 -0.446187 1 0.350153 -0.0246059 : 0.7
0.592405 0.610098 0.836885 -1 -0.0176898 -0.689865 0.427974 -0.908265 -0.424189 : 0.1
1 0.441636 0.973961 -0.73744 0.3024 0.17483 1 0.636873 0.107777 : 0.5
0.69815 0.553048 0.870327 -0.135847 0.652433 0.38635 0.580497 0.749487 0.129968 : 0.1
0.884742 0.450105 1 -0.306484 0.83851 -0.62566 0.987421 0.89272 -0.0508291 : 0.3
0.570136 0.625872 1 -0.715439 -1 -0.1304 -1 0.603767 0.546934 : 0
0.354356 1 1 -0.914294 -0.916087 0.539047 0.631613 0.970807 -0.642975 : 0
0.497553 0.562313 1 -0.841066 1 -0.00697839 0.0958408 0.745369 -0.146894 : 0.1
0.428789 0.756744 0.924865 -0.6488 -1 -0.911834 1 0.400731 0.143752 : 0.2
0.905917 0.101718 0.768708 -0.812986 0.0158653 0.877779 0.740622 -0.344886 1 : 0.3
0.401077 0.33376 0.951189 -0.834803 0.00209834 -1 0.894333 -0.599351 0.709006 : 0
0.476794 0.566596 0.664191 -0.192266 -0.201665 -0.516165 0.388917 0.658055 0.727088 : 0.2
0.591495 0.468134 0.705344 -0.729846 0.0365446 -0.837443 0.215908 0.672171 0.683666 : 0.3
0.619222 0.531013 0.934458 -0.100707 -0.453271 -0.694392 0.983071 0.358462 0.499908 : 0.2
0.925038 0.30819 0.549147 -0.470894 -0.720029 -0.208266 0.28835 0.594472 -0.0966583 : 0.4
1 0.314075 0.711369 -0.907159 0.607269 -0.392892 -0.256571 0.50883 0.204061 : 0.1
0.556043 0.737207 0.857868 -0.805715 0.931802 0.0309672 0.93521 0.872311 -0.346198 : 0.1
0.665627 0.484244 0.988755 -0.536888 -0.164604 -1 0.854234 0.906486 0.247175 : 0.2
0.826674 0.68428 0.807037 -0.875571 1 -0.166613 0.320655 0.41693 0.228953 : 0.3
0.544577 0.394739 0.993693 -0.683412 0.125251 -0.0399575 0.0382435 0.360897 0.499458 : 0.5
0.653825 0.511921 0.995311 -0.574121 0.23498 -0.483116 0.944689 0.0285804 0.153473 : 0.3
0.907457 0.365527 0.96492 -0.473164 -0.372672 0.192856 -0.400862 0.0195313 0.626677 : 0.3
0.345929 0.430351 0.878958 -0.545543 -1 -0.41948 0.640191 -0.293872 -0.277226 : 0.1
0.943897 0.743215 0.921757 -0.126644 -0.0677686 -0.112409 0.391249 0.612673 0.867928 : 0.5
0.81234 0.414066 0.949731 -0.75668 0.227718 0.451297 0.623556 0.118111 -0.368202 : 0.5
0.821227 0.208912 1 -1 -0.430788 0.627391 0.261656 -1 -0.426938 : 0.2
0.940106 0.622569 0.956378 -0.769218 1 0.486784 0.786104 0.114678 0.229863 : 0.3
0.426633 0.465599 0.943172 -0.353738 0.0857874 0.13625 0.360005 0.89582 0.889745 : 0.1
1 0.503587 0.995449 -0.324748 0.268055 -0.737187 0.942997 -0.730655 -0.285818 : 0.2
1 0.238555 0.977237 0.241285 0.137009 -0.848846 1 0.117515 0.743898 : 0.3
0.5552 0.425542 0.914345 -0.788239 -0.914011 1 0.777442 0.87652 0.308843 : 0.2
0.685124 0.282421 1 -0.46791 -0.333332 -0.693104 0.179827 1 0.476784 : 0.3
0.71105 0.673364 0.973731 -0.657822 -0.0565877 -0.332287 0.475163 0.395036 0.519903 : 0.4
0.84122 0.405804 0.796879 -0.917197 -0.336931 -0.216038 -0.227739 0.588677 0.147 : 0.3
0.42179 0.689828 0.887298 -0.393177 -0.527563 -0.705374 1 0.319978 0.742334 : 0.1
0.836792 0.365696 0.905749 -0.459266 -0.34023 -0.660527 0.35661 -0.232058 0.675712 : 0.4
0.658423 0.567745 0.977014 0.072881 -0.671609 -1 0.392875 0.0124618 0.680278 : 0.1
0.689728 0.735306 0.916701 -0.56403 0.990267 -0.272424 0.211223 0.704239 0.037777 : 0.4
1 0.417786 0.945437 0.350327 0.38655 -0.743226 0.487726 0.84444 0.33915 : 0.3
0.717845 0.524942 0.795031 1 -0.292195 -0.153924 1 0.215001 -0.551861 : 0.2
0.690442 -0.0258673 0.697485 0.0217545 -0.671159 -0.109782 0.937602 0.124592 0.340741 : 0
0.577567 0.54503 0.907565 -0.656966 -0.00701922 0.849037 0.919004 0.369767 0.169364 : 0.3
0.638583 0.671638 0.949604 -0.685404 -0.144902 -0.515403 0.0311216 0.477743 0.231772 : 0.3
0.456231 0.41563 0.871302 -0.951081 0.048268 -0.39105 -0.498147 0.0528467 0.701138 : 0.1
0.732384 0.335529 0.84188 -0.58243 0.462172 -0.344805 0.42234 -0.17452 0.635337 : 0.4
0.625571 0.334653 0.75839 -1 -0.71714 -0.541155 0.832871 0.682567 0.268494 : 0.3
0.476445 0.194428 1 -0.694033 0.548673 -0.152324 0.768333 0.726751 0.31119 : 0.1
0.824506 0.212582 0.698637 -0.650241 0.538983 -0.77241 0.599516 0.599335 0.560989 : 0.1
0.789301 0.318848 0.89534 -0.522956 0.507016 -0.528367 0.101623 0.807907 -0.420083 : 0.3
0.46335 0.464966 0.847279 -1 -0.18337 -0.926992 -0.119313 0.848401 0.627201 : 0.4
0.633501 0.641185 0.770187 -0.439072 0.107659 0.144014 0.935803 1 0.0994474 : 0.4
0.507903 0.844036 0.878182 -0.371049 0.642475 0.145937 0.891092 0.966588 1 : 0
0.5817 0.239395 0.891308 -0.079711 -1 -0.671462 0.0958048 0.494488 0.450333 : 0.3
0.514081 0.655799 0.837137 -0.378364 -0.394904 -0.413968 0.0746474 0.401256 -0.806846 : 0.5
0.46913 0.548142 1 -0.0934491 1 -0.104362 -0.783176 1 0.926839 : 0
0.368815 0.493086 0.808774 -0.534044 -0.143067 -0.35479 -0.524642 -0.239509 -0.648912 : 0.1
0.658655 0.360155 0.868646 -1 -0.104592 -0.300769 0.529271 0.00870046 0.178161 : 0.3
0.638245 0.137144 0.979888 -0.92621 0.0251372 -0.54086 1 0.748864 0.684115 : 0.3
0.686216 0.301031 0.974061 -1 -0.156626 -0.844406 0.914722 0.322036 -0.136366 : 0.2
0.71276 0.440338 0.872383 0.767278 0.107294 -0.318178 -0.378276 0.541393 0.537055 : 0.3
0.661857 0.348762 1 -0.767083 -0.255216 -0.0828989 0.67889 0.513459 -0.522359 : 0.5
0.755021 0.321483 0.791111 -0.458764 1 0.161391 0.313042 1 -0.819464 : 0.4
0.542347 0.215288 0.904083 -0.137574 -0.244024 -1 0.548567 0.499168 -0.374416 : 0.4
0.436956 0.3811 0.947492 -0.941405 0.0326129 -0.45134 -0.261753 0.756062 0.557807 : 0.3
0.814335 0.508233 0.9744 -0.492615 -0.637069 -0.512781 -1 -0.155601 -1 : 0.4
0.439588 0.503052 0.770155 -1 0.0921917 -0.482454 0.0956893 0.516829 1 : 0.2
0.560832 0.424119 0.814322 0.68174 -0.334238 -0.480072 0.253153 0.676574 -0.0343323 : 0.2
0.678533 0.4219 0.737226 -0.0546849 -0.670211 -0.995003 -0.444747 0.665158 0.355033 : 0.3
0.885595 0.486 0.978785 -0.32419 -1 -0.630324 -0.413826 0.0483128 0.177203 : 0.4
0.551933 0.404814 0.818581 1 -0.0578277 -0.186125 0.56655 -0.103709 0.174012 : 0.2
0.636443 0.534249 0.68362 -0.513709 -0.336173 -0.119201 -0.363186 0.670831 -0.646505 : 0.2
0.416238 0.88154 0.670944 0.536647 0.182486 -0.134716 0.965139 0.400297 0.252609 : 0.1
0.678357 0.47612 1 -0.858325 -0.415383 0.728045 -0.831128 0.143725 0.695299 : 0.1
0.48488 0.346261 0.757434 -0.390969 -0.254818 -0.828128 -0.359553 0.644349 -0.423171 : 0.4
0.646197 0.349253 1 -0.621205 0.220525 -0.711046 -0.628089 0.295649 -0.537136 : 0.4
0.635099 0.43745 0.939081 -0.758977 -0.0133872 -0.348316 1 0.467467 -0.720662 : 0.4
0.640588 0.701009 0.830346 -0.58881 0.350509 1 0.438348 0.744802 0.329488 : 0.1
0.908588 0.566534 0.935981 -0.283828 -0.422409 -0.230594 0.967861 0.354597 0.380546 : 0.3
0.542729 0.383472 1 0.671189 0.145603 -0.454011 0.739389 0.189303 -0.685612 : 0.1
0.693751 0.467137 0.970531 -0.514657 0.367826 -1 0.285057 0.620917 0.264923 : 0.2
0.797411 0.622512 0.793781 -0.202638 0.335335 -0.377628 1 -0.280985 0.0733018 : 0.2
0.943353 0.791492 0.952043 -0.696496 0.391893 -1 0.73121 -0.742593 -0.653993 : 0.5
0.904415 0.639777 1 -0.744241 0.391017 0.197689 0.510684 0.773784 -0.609543 : 0.5
0.684702 0.445336 0.89219 -0.641278 0.34696 1 -0.193254 0.983589 0.0558123 : 0.1
0.59915 0.702556 0.998379 -0.7727 0.906662 -0.164229 0.0349712 0.435491 0.845779 : 0
0.630122 0.43204 0.982241 -0.347799 -0.0390723 -0.69642 1 0.653463 0.531483 : 0.2
0.719839 0.479245 0.860265 -0.184013 -0.739884 0.647595 0.841841 -1 -0.137293 : 0.1
0.634535 0.490022 1 -1 -0.11276 -0.76972 -1 0.46902 0.0608468 : 0.2
0.836618 0.644698 0.67257 -0.44387 -0.0826337 -0.229644 0.963651 1 0.319158 : 0.2
0.70256 0.502723 0.997193 -0.278006 -0.0589762 0.0176424 0.617437 -1 -0.208667 : 0.4
0.653211 0.440958 0.856982 -0.31328 0.352945 -0.26436 0.0164004 0.401017 0.614549 : 0.6
0.634715 0.75572 0.590487 -0.224756 -0.2897 -0.430294 0.416558 0.886094 0.409316 : 0.2
0.735545 0.158749 0.708085 0.0885252 0.313225 0.101802 -0.12092 0.419521 -0.362947 : 0
0.678325 0.24114 0.814759 1 -0.495165 -0.316902 0.610284 -0.847818 0.244048 : 0.2
0.683509 0.187012 0.950658 0.365355 0.308002 -0.339732 0.284629 0.448449 -0.0195652 : 0.3
0.46278 0.471753 0.766138 -0.53208 -0.519515 -0.363821 0.306288 -0.258207 0.872531 : 0.4
0.772215 0.631954 0.891576 -0.922145 -0.781715 -0.241593 -0.991022 0.827028 0.722555 : 0.3
0.804082 0.379634 0.790249 -0.188238 0.280041 -0.477958 0.781674 0.592739 -0.336429 : 0.4
0.760279 0.478225 0.977225 -0.587136 -0.832848 -0.346115 0.770231 0.350043 1 : 0.6
0.666769 0.441829 0.893369 0.00547989 0.527442 -0.135242 0.401342 0.113729 0.546806 : 0.4
0.953198 0.70209 1 -0.465184 0.0483146 0.88774 0.474911 0.743049 0.179159 : 0.5
0.83404 0.334801 0.933408 -0.576461 -0.291022 -1 1 0.82261 0.51088 : 0.5
0.752664 0.144897 0.995159 -0.926814 0.40068 -0.6419 0.438321 0.296507 -0.808211 : 0.2
0.667901 0.69076 0.652472 -0.984364 0.0959799 -0.881291 0.890897 0.491325 0.100013 : 0.5
0.74228 0.436468 0.808572 -0.812676 -0.700685 0.923394 0.555953 0.397796 0.734734 : 0.1
1 1 0.777644 0.212838 0.424067 -0.340895 1 -0.760068 -0.759814 : 0.3
0.559338 0.424506 1 -0.209171 0.378338 -0.852376 0.871983 -0.166235 0.24325 : 0.1
0.65646 0.516929 0.75221 -0.514665 0.487492 1 0.805965 0.574826 0.247808 : 0.2
0.529194 0.110977 0.707087 0.753942 -0.287547 -0.239829 -0.154799 0.665306 0.243755 : 0.4
0.701583 0.346779 0.842905 -0.639182 -1 -0.824581 0.788292 0.456677 -0.00474584 : 0.5
0.967134 0.341201 0.855689 -0.13885 0.646192 -0.245033 -0.0802253 1 -0.11755 : 0.1
0.894335 0.266727 0.956911 -0.756241 -0.503643 -0.442065 -0.734598 -0.292545 0.319407 : 0.4
0.549422 0.625389 0.985703 -1 0.468362 -0.454721 0.0626609 0.24703 0.0634319 : 0.3
0.564543 0.842348 0.773147 -0.219572 0.0186403 -1 1 -0.271151 -0.0917235 : 0.1
0.613131 0.253814 0.711836 -0.449941 0.343058 -0.621722 0.0723128 0.588258 -0.388165 : 0.2
0.606403 0.565527 0.879618 -0.0585955 -1 -0.251394 -0.430862 0.692792 0.9183 : 0
0.80543 0.313278 0.91029 -0.2588 -0.0168172 -0.438551 0.78015 -0.650627 0.509193 : 0.5
0.614188 0.703859 0.986244 -0.192636 0.325866 -1 0.174824 0.437553 -0.272741 : 0.1
0.807536 0.613361 0.95104 0.050377 0.138843 -0.0956584 0.363996 0.0738973 -0.0823234 : 0.5
0.894034 0.736727 0.880798 -0.835711 0.332134 -0.410548 -0.00180963 0.373239 0.372499 : 0.4
1 0.35607 0.864538 0.288754 -0.576654 0.376451 -0.484201 0.399733 -0.528821 : 0
0.738929 0.245595 1 -0.249246 0.211636 -0.310752 1 0.418868 -0.337747 : 0.3
0.363116 0.272559 0.850155 -0.991884 -0.280875 0.785622 0.999015 0.580335 -0.366742 : 0.2
0.491163 0.772127 0.639904 -0.763468 0.220071 -0.0392973 0.261856 0.698158 -0.322612 : 0.1
0.4581 0.253708 0.947607 -0.923797 -1 -0.107379 0.703099 -0.241436 0.123615 : 0.2
0.937051 0.410916 0.919673 -0.553157 -0.0143832 -0.812703 0.164459 0.912208 -0.356178 : 0.5
0.701867 1 0.985757 -0.294838 0.6953 -0.247725 0.954126 -0.4187 0.109241 : 0.1
0.213808 0.311664 0.865738 -0.824934 -0.336099 -0.0686207 0.621187 -0.178214 -0.413973 : 0
0.522061 0.695236 1 -0.781844 -0.392158 1 1 0.169718 -0.316391 : 0.1
0.637543 0.399609 0.902864 -0.816283 -0.0396288 1 -0.334938 0.356271 -0.117396 : 0
0.4712 0.749796 0.968976 -0.172952 0.138959 -0.762477 1 -0.588243 -0.288223 : 0.2
0.821199 0.427296 0.70344 -1 -0.119483 -0.619545 0.856948 0.349204 1 : 0.4
0.821299 0.303383 0.753271 -1 0.149809 -0.694007 0.810768 0.699829 -0.521029 : 0.6
0.508266 0.497034 0.97544 -0.312234 0.440298 0.0932287 -0.737517 0.512839 0.366934 : 0.4
0.600511 1 0.869567 -1 -0.225362 -0.368473 0.906658 0.370502 1 : 0.2
0.629357 0.36831 1 -0.457779 0.404971 -0.438468 0.863485 -0.276556 1 : 0.4
0.651533 0.304603 0.73446 -0.499679 -1 0.189383 0.577909 0.150474 -0.850977 : 0.2
0.50808 0.479875 1 -0.822369 1 0.128622 -0.0550725 1 0.3663 : 0.1
0.505578 0.219863 0.883248 -0.158166 -0.231963 -0.978987 0.334165 0.253127 -0.815666 : 0.3
0.411665 0.387401 0.882168 -0.0639666 0.149974 0.799252 -0.286736 0.424959 0.772612 : 0
0.503706 0.430736 0.910279 -0.757243 -0.969672 -0.974882 0.407851 0.528016 0.709958 : 0.1
0.786691 0.295506 0.631084 -0.75576 0.0330561 -0.389934 -0.147969 0.54208 -0.73694 : 0.4
0.706621 0.151463 0.724329 -0.170614 -0.38242 0.771654 0.156334 0.695299 -1 : 0.2
0.622975 0.65185 1 0.0918996 0.132864 -0.720374 0.719674 0.631545 -0.448547 : 0
0.992363 0.473606 0.904683 -0.302455 -0.0376685 -0.73001 -0.031034 -1 0.577145 : 0.2
0.687363 0.448752 0.855966 -0.551733 0.155426 -0.390768 0.81311 0.286751 -0.256917 : 0.4
0.743224 0.498783 0.816998 -1 0.261426 -0.822254 1 1 0.662451 : 0.4
0.59158 0.201246 0.921327 -0.251232 0.19505 -0.416498 0.673716 0.341044 -0.279531 : 0.4
0.973021 0.418659 0.908159 -0.723072 0.103162 -0.180411 0.370045 0.601326 -0.439601 : 0.5
0.861322 0.422942 0.725195 -1 0.148618 0.0731626 0.526865 0.481835 0.90366 : 0.5
0.489988 1 0.806021 0.0647258 -0.479689 -0.892602 0.868254 -0.128759 -0.000701994 : 0.1
0.45378 0.329317 1 0.92583 0.263938 -0.0479251 1 -0.935984 -0.503987 : 0.1
0.809766 -0.0299089 0.992261 -0.749272 -1 0.231218 -0.221672 -0.0892313 0.295255 : 0
0.707868 0.388072 1 -0.303043 0.846009 -0.345701 0.634008 -0.0611591 0.231495 : 0.1
0.564203 0.608954 0.878121 -0.548394 0.212017 -0.597614 -0.367608 0.707061 0.167588 : 0.2
0.669662 0.269534 0.829883 -0.304366 -0.350389 1 -0.125485 0.0851271 -0.650161 : 0.3
0.652847 0.856625 1 -1 -0.324262 -0.643683 0.414571 -0.244557 0.187275 : 0.3
0.748231 0.703078 0.817415 -0.875402 -1 -1 0.201733 1 -0.710054 : 0.4
0.507353 0.750652 0.860374 -0.650186 -0.952892 -0.332311 0.117326 0.796683 0.393111 : 0.3
0.760768 0.232366 0.813329 -0.720731 -0.0160112 -0.552054 0.874102 0.950781 0.662826 : 0.4
0.801158 0.318018 0.79955 0.12871 -0.603572 -0.684964 -0.396451 0.531824 0.346972 : 0.7
0.686751 0.17893 0.993125 -0.648911 -0.292339 -0.270891 -0.452076 0.622936 0.95907 : 0.3
0.522658 0.555074 1 -0.959527 -0.109534 -0.327983 0.108375 0.0629477 -0.409571 : 0.3
0.657872 0.293603 0.772355 -1 0.460411 1 0.282536 -0.961771 -0.668882 : 0.1
0.639668 0.736963 0.982242 -0.465783 -0.298049 -0.0730562 -0.774786 0.676633 -0.398731 : 0.4
0.47911 0.713035 0.720001 -0.553698 0.507041 -0.593496 1 -0.139943 -0.154132 : 0.2
0.6494 0.587248 1 -1 -0.271178 0.640785 0.979403 0.000526424 0.247717 : 0.3
0.60141 -0.233756 1 -0.993474 -0.117219 -0.356873 0.493924 0.485035 -0.265924 : 0.1
0.692673 0.339208 0.911293 -0.689823 0.107925 -0.445144 -1 0.591607 0.676375 : 0.4
0.646447 0.424053 0.95949 -0.839034 0.0324839 -0.676067 -0.00540674 -0.128381 0.561367 : 0.6
0.55061 0.473102 0.856975 -0.697868 -0.466037 -0.417988 -0.587212 0.740011 0.383137 : 0.2
0.483075 0.0177464 0.811656 -0.336864 -0.40965 -0.125872 1 0.533468 -0.468585 : 0.5
0.724344 0.286858 1 -0.659971 0.344031 1 0.299816 0.751466 -0.381795 : 0.5
0.720426 0.467613 0.8873 -0.585331 1 -0.504358 -0.317725 0.692126 0.183384 : 0.1
0.895758 0.83947 0.741384 -1 -0.154193 -1 -0.0225829 0.416459 0.272914 : 0
0.697291 0.663328 0.793486 -0.425461 -0.861138 -0.129709 0.712626 0.117669 0.230903 : 0.4
0.516233 0.733322 0.912961 -0.623063 -0.671735 -0.870657 0.952255 0.455304 -0.307606 : 0.2
0.925435 0.573343 0.875668 -0.643245 -0.414143 -0.842608 0.495636 0.694456 -0.411116 : 0.8
0.792155 0.458305 0.884656 -0.389059 -0.238807 -0.798169 -0.0825409 -0.157238 0.208882 : 0.3
0.789158 0.577348 0.754215 -0.830764 0.230332 -0.695866 -0.661069 0.794194 -0.759257 : 0.5
0.71606 0.919143 0.94856 -0.347482 1 -1 0.935663 0.108841 0.35458 : 0.1
0.746233 0.656515 0.804483 -0.278058 0.0597348 0.776584 1 0.0188139 -0.778684 : 0.2
0.660316 0.504412 0.769776 0.47151 -0.456647 -0.64716 0.361986 1 0.705652 : 0
0.687621 0.669853 0.858187 -0.187856 0.132821 -0.494103 -0.39841 -0.912501 0.311473 : 0.3
0.619239 0.151672 1 -0.0814659 -0.560293 -0.835239 -0.182926 0.503849 -0.133472 : 0.2
0.524154 0.275439 0.938348 -0.708694 0.00955901 0.111983 -0.222301 -1 0.702453 : 0.1
0.489295 0.451732 0.986948 -0.656305 -0.567704 -0.114074 -0.177888 0.36566 0.447849 : 0.2
0.532596 0.648878 1 -0.470348 -1 -0.50633 0.328508 0.165136 1 : 0.3
0.619678 0.629166 0.747428 -0.517074 0.250165 -0.577394 0.0742797 -0.146935 0.183841 : 0.4
0.810746 -0.0893312 0.965174 -0.389001 -0.281988 -1 0.748099 0.0515944 0.0576222 : 0.1
0.449643 0.194699 1 -0.434671 -0.289409 -0.0535177 0.964496 0.40278 -0.365811 : 0.2
0.535873 0.6483 0.82043 -0.579395 -0.0842916 0.36624 0.373108 0.180743 -0.118001 : 0.3
1 0.385507 0.995227 -0.278858 -0.320715 -0.19898 0.826804 1 -0.497553 : 0.4
0.583027 0.249425 0.676043 -0.456643 -0.145804 -0.938465 0.558569 0.209357 -0.405099 : 0.4
0.612501 0.729794 0.998509 -0.275875 -1 -0.42972 -1 0.373767 0.983237 : 0.1
1 0.421899 0.916562 0.170113 0.365474 -0.83434 0.853681 0.921399 -0.0211644 : 0.4
0.53162 0.446665 0.966193 -0.557498 0.274727 -0.230334 -0.410631 0.925872 0.00363815 : 0.2
0.374458 0.569511 0.728505 -0.745055 -0.615544 -0.3744 0.0575268 -1 -0.936007 : 0.1
0.869794 0.525136 0.920265 -0.759965 -0.586216 -0.393601 0.58868 -0.616309 0.560665 : 0.7
0.520778 0.661044 0.839401 -0.932351 0.169087 -0.275423 -0.580788 0.803743 -0.321083 : 0.1
0.746976 0.518364 0.933924 -0.837054 0.894749 1 -0.24845 0.453417 0.988065 : 0.1
0.27568 0.663282 1 -0.756209 -0.361473 0.0525523 -0.268834 0.936346 0.645667 : 0.1
0.937549 0.243156 0.713093 -1 1 -1 0.214955 -0.799529 0.535336 : 0.1
0.418079 0.539601 0.65721 -0.843307 1 -0.45242 0.107671 0.574571 0.138353 : 0.1
0.93028 0.75598 0.831185 0.324185 0.424904 -0.913691 1 -0.0316799 -0.208296 : 0.3
0.602792 0.597434 0.997139 -0.383733 -0.387221 0.982242 0.928529 0.307657 -0.386558 : 0.4
0.75082 0.58916 0.949855 -0.38007 0.0945969 0.0975885 0.616855 1 0.246138 : 0.4
0.903144 0.43813 1 -0.628224 0.508047 0.487723 0.892008 0.546435 -0.239037 : 0.5
0.676507 0.319724 0.90654 -0.529247 0.32659 -0.0100926 0.474212 -0.797605 0.132998 : 0.4
0.65852 0.372809 0.855321 -0.692624 0.314305 0.520585 0.286549 0.826143 -0.881603 : 0.3
0.457644 0.923178 0.876425 -0.523539 0.772174 -0.371635 0.347763 0.415529 0.970193 : 0
0.412533 0.481856 0.882671 0.225322 -0.224542 -0.691722 -0.242255 0.366501 1 : 0.1
0.605226 0.979157 0.983757 -0.703439 -0.46031 0.119025 -0.145822 0.22647 0.166718 : 0.3
1 -0.0780271 1 -0.699947 0.158865 0.605724 0.205995 0.623825 -0.128376 : 0.3
0.767439 0.606477 0.935129 -0.0200924 1 -0.684317 0.676308 0.603729 0.441093 : 0.3
0.507084 0.846082 0.907324 -0.667344 -0.665283 -1 0.742528 0.50944 -0.45282 : 0.1
0.491004 0.514638 0.848059 -0.246698 -0.35068 -0.501793 -0.880553 0.0490407 0.435453 : 0.1
0.487726 0.677156 0.982775 -0.641387 0.136888 -0.785916 0.608634 -0.00708032 0.304735 : 0.1
1 0.756441 0.597834 0.466355 0.293861 -0.671298 -0.587779 0.560597 -1 : 0.4
0.918382 0.0634404 0.903444 -0.666407 -0.288809 -0.833136 0.776849 0.315717 -0.150665 : 0.2
0.630032 0.516723 0.863691 0.029587 0.074563 -0.115273 0.651889 1 -0.472758 : 0.1
0.578443 0.5509 0.840016 -0.828892 1 0.108582 1 0.679538 0.238718 : 0.2
0.517543 0.193354 0.861362 -0.615674 -0.420536 -0.498901 0.639445 1 -0.287771 : 0.2
0.653611 0.756339 0.913135 -0.790131 -1 -0.860951 0.0583332 -0.0526021 -0.0686604 : 0.5
0.697252 0.335357 0.980818 -0.920295 0.559136 -0.535128 0.512597 0.924897 1 : 0.3
0.72587 0.727976 0.846487 -0.0632596 0.245079 -0.288845 0.642851 0.465524 0.560488 : 0.1
0.962267 0.299951 0.983811 -0.893905 1 -0.652076 0.619768 0.020986 -0.164073 : 0.2
0.835186 0.656888 0.763285 0.198911 1 -0.690122 1 0.319195 0.385084 : 0.3
0.721212 0.484199 0.967145 -0.875789 -0.493828 -0.0396844 0.192818 -0.269765 0.230749 : 0.3
0.688914 0.593082 0.860439 -0.819074 -0.288892 -0.54404 0.895418 -0.119996 0.370031 : 0.6
0.702592 0.212933 0.755386 -0.761334 0.0985847 -0.609361 0.105499 0.389442 0.499774 : 0.4
0.67764 0.426229 0.904699 -0.487764 -0.12842 -0.924415 0.63735 0.476682 0.548449 : 0.4
0.563741 0.303129 0.813504 -0.560435 -0.645208 -0.530216 -0.368369 0.320169 -0.215339 : 0.5
0.342923 0.85793 0.852914 -1 0.461837 -0.145317 0.263813 -0.0510899 -0.771685 : 0.1
1 0.517425 0.937224 -0.828897 0.59569 -0.727995 0.925177 0.892758 0.0289595 : 0.3
0.529572 0.219013 0.863105 -0.160364 0.0321142 -0.0658215 0.467903 -0.440462 -0.100056 : 0.3
0.909413 0.211242 0.655931 -0.991812 0.167942 -1 0.434114 0.462324 -0.433253 : 0.4
0.667364 0.63397 1 -0.495756 -0.0337985 -0.405396 -0.796754 0.694542 0.103578 : 0.4
0.691241 0.444002 0.86957 0.336122 0.20727 -0.660558 0.491617 -0.48123 0.349524 : 0.2
0.635311 0.432753 0.876424 -0.805754 -0.180541 -0.325771 0.361803 0.399793 -0.0620775 : 0.5
0.555023 0.506379 0.682676 0.191934 -0.957575 -0.418845 1 0.632254 -0.867324 : 0.2
0.75552 0.424629 0.961652 -0.712839 0.393345 1 0.222424 0.244265 0.145208 : 0.5
0.946883 0.319289 0.897797 0.261059 0.251408 -0.622023 0.759326 0.00772307 0.354575 : 0.4
0.68258 0.488896 0.838964 -1 -0.0911465 -0.426992 0.724532 0.147302 -0.162008 : 0.2
0.710814 0.675437 0.825041 -0.680981 0.349646 -0.562963 0.327455 0.747742 0.275432 : 0.4
0.871622 0.854024 0.915125 -0.299925 -0.0803555 -0.345512 0.856696 -0.275863 -0.22999 : 0.3
0.677617 0.0201292 0.969284 -0.692373 -0.330947 -0.145838 -0.581226 0.127138 -0.200367 : 0
0.616152 0.650976 0.813576 -0.882202 -0.284229 -0.137352 0.275128 0.838753 0.288807 : 0.4
0.627909 0.348103 0.85865 -0.645144 -0.622581 0.87636 0.983975 0.453828 -0.0716313 : 0.4
0.814148 0.39029 0.999509 -0.377339 -0.720558 -0.603873 -0.371725 0.371836 0.792905 : 0.4
0.745792 0.401158 0.838988 0.951761 0.424811 0.1015 0.391864 -0.481056 -0.199542 : 0.1
0.61615 0.280376 0.607358 -0.202962 0.342151 -0.308316 1 0.612452 0.220982 : 0
0.425465 0.640759 0.955537 -1 -0.213381 -1 0.669953 0.671643 0.229546 : 0.3
0.851339 -0.122243 0.695952 -0.178821 -0.632211 0.410507 -0.365321 0.387262 -0.0198235 : 0
0.454674 0.494351 0.912563 -0.418097 0.430315 0.231079 -0.0616792 0.54518 0.470865 : 0.1
0.477433 0.0364541 0.892527 -0.713458 -0.745379 0.0242094 0.69884 0.389409 -0.0682518 : 0.4
1 0.854675 0.795561 -0.751623 1 -0.0832935 0.709595 -0.0400052 0.696728 : 0.4
0.844608 0.407402 0.957727 -0.451457 -0.197526 -0.672439 0.369031 0.364528 -0.605087 : 0.4
0.618621 0.79602 0.831674 -0.693935 0.247255 0.0880572 0.253319 0.611588 0.0813513 : 0.2
0.564214 0.166274 0.882463 -0.231768 0.5525 -0.861487 0.795368 -0.412061 0.901148 : 0.3
0.667632 0.409775 0.598584 0.225695 -0.0265612 1 0.270813 0.572886 0.167443 : 0.1
0.600093 0.575002 0.846965 0.14181 -0.801754 -0.0949153 -0.0240163 -0.483157 0.210636 : 0.1
0.694277 0.388356 0.941996 -0.658948 -0.00623095 -0.468282 0.916967 0.21927 1 : 0.1
0.507644 0.711675 1 -0.87088 0.309369 1 0.680362 0.896515 -0.346022 : 0.1
0.685782 0.160603 0.952507 -0.736783 -0.101387 -0.760276 -0.360864 0.311168 0.0225683 : 0.4
0.27282 0.298009 0.953467 -0.178024 -1 0.117567 0.25747 0.486148 0.370973 : 0.3
0.686415 0.420071 0.670498 -0.126339 -0.374061 0.387155 0.794325 0.52148 0.316567 : 0.1
1 0.685038 0.773524 -0.569343 0.559494 -0.340541 -0.156616 0.811816 0.955312 : 0.4
0.850859 0.290398 0.810676 -0.245303 -0.0166722 0.774995 0.756389 0.332798 -0.747711 : 0.4
0.479161 0.465828 0.933408 -1 -0.414775 -0.614336 1 0.114884 0.704661 : 0.1
0.607183 0.954163 0.88066 -0.69103 0.165457 1 1 0.586539 0.199239 : 0.2
0.862102 0.389022 1 -0.537206 0.447178 -0.193928 0.234019 0.692787 0.478443 : 0.4
0.575298 0.431445 0.608943 -0.630077 -0.6222 0.325681 0.472078 0.702486 1 : 0.3
0.61908 0.342633 1 -0.644282 -0.867352 0.0552897 0.27049 1 0.915185 : 0.3
0.525394 0.627024 0.889384 0.375625 -0.511019 -0.210394 0.415834 -0.293924 0.150896 : 0.4
0.584867 0.326547 0.787193 -0.497273 0.321437 -0.76997 0.669942 -0.205074 -0.513715 : 0.4
0.67176 0.547634 0.880429 -0.432887 -0.272541 -1 -0.530327 0.103481 0.85558 : 0.3
0.786017 -0.0254833 0.78436 -0.419896 0.17327 -0.215382 0.976213 0.0380323 0.675442 : 0.5
0.667432 0.431096 0.913686 -0.226682 0.366305 -0.84282 -0.356054 0.224216 0.745301 : 0.4
