0.611059 0.375157 0.812288 -0.584038 -0.290464 -0.148122 0.998931 0.144904 0.0275747 : 0.2
0.754602 0.269798 0.960042 -0.598236 -0.275492 0.854839 0.787721 0.48282 0.333638 : 0.4
0.595928 0.434652 0.940533 0.323872 -0.625488 -1 0.452253 -0.248616 -0.283709 : 0.4
0.653428 0.335732 0.850938 -0.616571 -1 -0.518024 0.559175 0.532687 0.699576 : 0.3
0.730914 0.265407 0.963036 -0.213443 -0.192507 -0.5066 0.62818 0.623742 -0.17542 : 0.3
0.804121 0.43705 1 -0.796681 -0.494781 0.145499 1 0.240766 -0.698854 : 0.5
0.612801 0.312152 1 -0.105672 -0.575434 -0.512129 0.187748 0.458335 0.472424 : 0.4
0.573365 0.402229 0.817843 -0.760019 -0.568733 -0.0607362 0.713364 1 0.916841 : 0.1
0.610184 0.138238 0.760269 -1 -0.255022 -0.274201 -1 1 -0.792348 : 0.4
0.829616 0.0354257 0.890581 -0.965943 -0.444841 0.0940249 0.597616 0.360514 -0.329048 : 0.5
0.518676 0.496984 0.87773 -0.89025 -0.26128 0.0149751 0.85459 -0.419237 0.150642 : 0.5
0.677333 0.34723 0.878454 0.742084 0.670675 -0.468733 0.380978 0.81995 0.538569 : 0.5
0.515062 0.595756 1 -1 -0.658552 -1 0.412332 -0.412042 0.292112 : 0.1
0.798541 0.182253 0.813706 0.0903957 -1 -0.609686 1 -0.660862 -0.149992 : 0.1
0.567378 0.483346 0.958081 -0.679053 -0.198261 -0.372666 0.686734 0.744011 0.923309 : 0.3
0.511862 0.424625 0.829557 -0.335003 -0.330281 -0.315738 0.14175 0.161913 -0.765914 : 0.6
0.673229 0.608793 0.682943 -0.978247 1 -0.313473 -0.0750117 0.355634 0.198088 : 0.3
0.685564 0.515332 1 -0.98966 -0.141495 -0.731053 0.722825 0.831925 0.0410368 : 0.4
0.678098 0.415743 0.90361 -0.684197 1 -1 0.933253 -0.0738183 0.669328 : 0.2
0.610677 0.211267 0.855506 -0.944202 0.413824 -0.749091 0.595349 0.825725 -0.683178 : 0.1
0.697173 0.315133 0.657996 -0.26557 -0.356126 -1 0.172898 -0.0960942 0.791841 : 0.3
0.785321 0.357624 0.85112 -0.336149 -0.259883 -1 0.331045 0.307909 0.638985 : 0.4
0.695551 0.571595 0.889844 -0.450157 -0.297684 0.220244 -0.320968 0.0159924 1 : 0.4
0.595337 0.397041 0.755272 -0.294896 0.231343 -0.691694 -0.927861 0.620264 -1 : 0.4
0.87897 0.456267 1 -1 0.255627 0.456564 0.278447 0.688475 1 : 0.4
0.549441 0.793487 0.917147 -0.839238 -0.700803 -0.150514 0.799702 -0.0892315 0.209336 : 0.5
1 0.469753 0.941999 -1 -0.46138 -0.516064 0.656668 1 -0.130996 : 0.6
0.519042 0.88119 0.799241 -0.694658 0.363422 -0.462264 -0.241633 -0.261448 -0.559157 : 0.2
0.951661 0.435298 0.959583 -0.985166 -0.243587 -0.118685 0.112099 -0.00687468 0.0429968 : 0.4
0.567391 0.594756 0.697225 -0.729035 0.495654 -1 0.679494 0.276185 -0.887764 : 0.5
0.604419 0.355109 0.825096 1 -0.268431 0.0401295 0.234452 0.757203 0.227166 : 0.3
0.660572 0.965801 1 -0.969379 -0.493527 -0.444535 0.710844 0.207309 0.77102 : 0.2
1 0.312036 0.829616 -0.591147 0.0167465 -0.951892 -0.061874 -0.317207 -0.682081 : 0.5
0.934402 0.562437 0.94663 -0.936373 0.5071 -0.136028 0.512711 0.866931 1 : 0.2
0.651907 0.32136 0.79432 -0.999879 -0.198058 -0.835164 0.389296 0.643391 0.994501 : 0.1
0.714787 0.590734 0.840709 -0.774034 -0.293691 -0.569352 0.0795522 0.331264 0.019264 : 0.5
0.738702 0.0391189 0.913781 -0.365455 -0.560354 -0.773779 0.141892 0.384008 0.717943 : 0
0.680711 0.526695 0.868089 -1 -0.707334 0.150426 0.413526 0.860521 -0.237386 : 0.3
0.600685 0.4627 0.792173 -1 0.434802 0.00677836 -1 0.164166 -0.0183476 : 0.1
0.0660147 0.378904 0.88159 -0.213664 0.221168 -0.0535943 0.926257 -0.0730553 1 : 0.1
0.914669 0.376789 0.878689 0.0937763 -0.20799 -0.652533 0.735934 0.186551 -0.0778188 : 0.2
0.800563 0.602296 0.981727 -0.69917 -0.281315 -0.459532 0.693407 0.295189 -0.483453 : 0.5
0.549442 0.36855 0.861247 -1 -0.0289729 0.118267 0.174199 0.468393 0.446954 : 0.5
0.630936 0.361797 0.954329 -0.99203 0.117154 -0.739315 0.403189 0.225988 -1 : 0.2
0.643883 0.196373 1 -0.784016 -0.323002 -0.0785623 0.321425 0.513274 -0.0501179 : 0.5
0.670212 0.299748 0.839917 0.757559 -0.386491 -0.497064 0.156166 0.531562 0.745518 : 0.4
0.66223 0.0772061 0.883936 -1 -0.419672 -0.696692 -0.139781 0.646096 0.527123 : 0.2
0.71118 0.194994 0.831668 0.0220953 -0.988402 -0.558736 -0.785365 0.366268 0.429533 : 0.1
0.441671 0.530676 1 -1 0.330621 0.265757 0.699312 0.326456 0.233387 : 0.2
0.633311 0.519537 0.885023 -0.35504 0.136432 -0.289032 0.652467 -0.0365086 1 : 0.6
0.559527 0.195027 1 -1 -0.500939 1 0.112338 0.858318 0.558052 : 0.2
0.699942 0.556971 0.792651 -0.713435 -0.189411 -0.959681 0.266699 -0.18972 -0.0503632 : 0.4
0.780641 0.462654 1 -0.508435 -0.0494038 -0.669104 1 -1 -0.307121 : 0.4
0.679199 0.547952 0.665248 -1 -0.299455 -0.428813 -0.0404922 0.457277 1 : 0.5
0.678885 0.561962 1 -0.459849 -0.00697476 -0.693171 0.778655 0.401111 1 : 0.4
0.442564 0.344226 0.776533 -0.784284 -0.535885 -0.617843 0.83071 0.96418 -0.49659 : 0.4
0.713251 0.500941 0.946753 0.259364 -0.0947745 -0.258776 0.724273 0.643761 0.171511 : 0.3
0.648925 0.565583 0.905556 -0.790409 0.10879 -0.597418 0.36966 0.533901 -0.764415 : 0.4
0.751401 0.243782 0.774206 -0.185887 0.0720519 -0.388228 0.717483 0.158867 0.338392 : 0.3
0.480026 0.223442 0.957945 -0.398908 -0.137055 -0.244072 0.19667 -0.82739 -0.212131 : 0.5
0.731749 0.41879 0.833472 -0.957943 -0.672751 -0.184467 0.55267 0.326884 0.926046 : 0.3
0.797035 0.267427 0.927678 -1 -0.211274 -0.422086 0.320375 0.877838 -0.0694227 : 0.5
0.611487 0.189376 0.91647 -0.377234 -0.260741 -0.664864 0.284933 -0.252604 0.0367604 : 0.4
0.697154 0.316308 0.86336 -0.584018 -0.633221 -0.654875 -0.126709 -1 0.599549 : 0.4
0.689415 0.758048 0.957288 -0.857307 0.409228 -0.493369 -0.152237 0.378915 0.148643 : 0.3
0.631001 0.426129 0.984264 -0.812556 0.597212 -0.1397 0.993444 0.199515 -0.456542 : 0.3
0.550276 0.340413 0.806777 -0.876064 -0.262794 -0.476388 0.544619 1 -1 : 0.6
1 0.470366 0.669807 -0.093675 -0.398065 -1 -0.737031 0.335473 -0.149905 : 0.5
0.682721 0.228099 0.849662 -0.283616 -0.352178 1 0.540894 -0.36736 0.469817 : 0.4
0.609173 0.537598 0.849249 -0.991684 0.403545 -0.298791 -0.206873 -0.246047 -0.691906 : 0.1
1 0.527397 0.873678 -0.584816 0.327732 -0.332735 -1 0.0501979 -0.429174 : 0.1
0.616789 0.424198 0.808955 -0.797359 -0.0235839 -0.392858 0.277014 0.411009 0.123328 : 0.6
0.879991 1 0.828952 -0.322814 1 -0.394327 0.692449 0.802056 -0.028021 : 0.2
0.422306 0.422763 0.80622 0.571613 -0.324628 -1 0.566456 0.827636 0.114537 : 0
0.604563 0.484527 0.839978 -0.480032 -0.425388 -0.434657 0.00119346 1 -0.340182 : 0.6
0.864843 0.527124 0.841724 -1 -0.544739 -0.220021 0.916695 0.348804 0.57108 : 0.8
0.565405 0.482214 0.983619 -0.803562 -0.0165815 -0.324717 0.316821 0.493039 0.54456 : 0.4
0.592756 0.285137 0.950633 -0.546558 -0.284679 -0.296216 -0.0215008 -0.224685 0.939216 : 0.2
0.783849 0.575479 0.843229 -0.516628 -0.0966907 0.292572 0.533968 0.903419 0.124144 : 0.4
0.614905 0.555696 0.950899 -0.625481 -0.0170978 0.0685706 0.856132 1 -0.0516011 : 0.2
0.611016 0.231185 0.705663 -0.792632 -0.300139 -0.327301 0.119557 0.613925 0.163155 : 0.4
1 0.211347 0.803795 -0.450053 0.0232958 -0.829144 0.216054 -0.418624 -0.162781 : 0.2
0.637063 0.497468 1 -0.35412 0.128741 -0.766624 0.146713 -0.703226 0.177067 : 0.1
0.76358 0.548182 0.694869 -0.528457 -0.314886 0.959294 -0.172083 0.603812 0.747227 : 0
0.701354 0.357412 0.810779 -0.816635 0.000769198 -0.68732 0.782325 -0.067083 0.633868 : 0.6
0.571527 0.629672 0.856279 -0.990952 0.0381329 -0.283964 1 -0.673006 1 : 0.1
0.470625 0.164227 0.811979 -0.770783 -0.136691 -0.019943 0.709053 0.909155 -1 : 0.7
0.540313 0.439126 0.904215 0.377222 0.186279 -0.275091 1 0.0150627 1 : 0
0.561125 0.784391 1 -0.690633 -0.233225 -0.373583 -0.178861 0.341565 1 : 0.3
0.64281 0.529351 0.851208 -0.535501 0.952936 -1 0.738842 -0.154524 0.345166 : 0.3
0.662287 0.429042 1 -0.212464 0.406533 -0.555838 -0.00487256 0.645965 0.0101394 : 0.2
0.437607 0.0501605 0.848099 0.736085 0.171574 0.19591 0.582202 0.901159 0.211347 : 0.2
0.608968 0.292921 0.985588 -1 -0.353459 -1 0.98049 -0.720454 0.626599 : 0.2
0.437874 0.484654 0.842911 -0.499877 -0.123069 -0.892395 1 1 0.114127 : 0.3
0.635102 0.936629 0.820563 -1 -0.380642 -0.50905 1 0.197349 0.453412 : 0.2
0.939222 0.275801 0.881051 -0.134348 -0.394277 -0.6348 1 0.0954141 0.443874 : 0.3
0.686279 0.51649 1 -0.794553 0.228868 -0.858401 0.917597 0.672888 -0.448716 : 0.4
0.619464 0.349402 1 -0.799883 -0.366025 -0.757767 0.152728 0.850508 -0.882654 : 0.4
0.312589 0.437692 0.888377 -0.409087 1 -0.499596 0.43079 0.91397 0.550768 : 0
0.778715 0.488304 0.902563 -0.850328 -0.465904 -0.142765 0.991228 0.236696 0.597254 : 0.7
0.455836 -0.162361 0.884932 -0.518949 -0.650459 -0.745076 0.79865 -0.339446 0.193632 : 0
0.624849 0.37319 0.819832 -0.499643 -0.0353284 0.86737 -0.283753 0.884962 0.965919 : 0.3
0.590798 0.304945 1 -0.836757 0.369782 -0.103412 0.37971 0.474302 0.459909 : 0.5
0.673591 0.51528 0.944117 -0.628103 -0.368612 -0.45431 0.147718 -1 0.559632 : 0.4
0.80042 0.534843 0.421863 -0.865518 -0.325542 -0.518266 0.867335 0.492512 -0.549992 : 0.5
0.668998 0.0974194 0.876231 -1 -0.347608 0.0439067 0.58071 -0.0081318 1 : 0.5
1 0.447763 0.888574 -0.820829 -0.193731 -0.898194 0.458983 0.238217 -0.572653 : 0.4
0.682236 0.666681 0.834882 -0.381028 0.17824 0.579351 0.473568 -0.0170909 0.496125 : 0.2
0.664485 0.677082 0.879445 -0.414843 1 -0.517512 -0.00707405 -0.246119 0.161631 : 0.5
0.565745 0.841092 0.633262 -0.501747 -0.536558 0.393512 0.975469 -0.212224 -0.653853 : 0.3
0.551269 0.121507 0.785312 0.647257 -0.402944 -0.0476424 0.712145 0.934992 -0.105423 : 0.4
0.82466 0.489788 0.493894 -0.584677 -0.518926 -0.267357 0.244126 0.785629 -0.449236 : 0.5
0.505389 0.434518 0.846843 -0.427025 -0.0424647 -0.0396217 -0.555519 0.3149 0.701125 : 0.6
0.669372 0.238187 0.601248 -0.416673 -0.80936 0.359426 1 0.0703126 0.544325 : 0.2
0.834388 0.448907 0.685274 -0.201738 -0.676036 -0.307002 0.333882 0.0534036 0.509116 : 0.2
0.383442 0.219343 0.793303 -0.892298 -0.135259 -0.396711 -0.0477003 -0.698411 0.132758 : 0.5
0.682919 0.21237 0.84266 -0.846166 -0.243955 0.476707 0.731604 -0.28038 0.696499 : 0.5
0.518737 0.420185 1 -0.571904 0.274716 0.322977 0.507635 1 1 : 0.5
0.649816 0.67669 0.813253 -0.51599 -0.346317 -0.739332 0.406689 0.0412731 0.166544 : 0.4
0.89675 0.477544 0.908116 -0.989471 -0.212735 -0.00239983 0.851482 0.384049 0.372342 : 0.5
1 0.55223 0.906608 0.019281 -0.232543 0.0098024 -1 1 0.147421 : 0.3
0.560334 0.558437 0.874192 -0.462058 -0.209734 -0.793057 0.848909 0.336516 -0.86963 : 0.2
0.766743 0.592402 0.838902 -0.216897 -0.39063 -0.410441 0.981058 0.311098 -0.527431 : 0.6
0.611774 0.693315 0.823048 -1 -0.367398 -0.4538 0.755983 -0.249508 -0.220267 : 0.3
0.736916 0.623287 0.727245 -0.692651 0.755687 -0.435631 0.144113 0.0914659 -0.770686 : 0.3
0.496981 0.772009 0.938357 -0.574316 0.651424 0.117632 0.850263 0.653455 0.0224446 : 0.1
0.548256 0.126959 0.899089 -1 0.331004 0.432063 0.950827 0.869459 -0.902569 : 0.3
0.629286 0.413348 0.971325 -0.626662 -0.745796 -0.360022 0.709178 -0.534263 0.380041 : 0.6
0.761779 0.305593 0.93879 -0.930255 -0.330214 0.563124 0.645601 0.0818797 -0.440901 : 0.6
0.708334 0.309502 0.840939 0.0393024 -0.105211 -0.746399 1 0.154637 0.521819 : 0.3
0.650784 0.173945 1 -0.579436 0.571019 -1 -1 0.258405 -1 : 0
0.699572 -0.0648056 0.980388 -1 -0.537561 -0.664864 -1 0.668906 0.579091 : 0
0.877775 0.278483 0.753892 -0.686861 -0.61095 -1 -0.0160405 0.315617 -0.711337 : 0.4
0.592948 0.633071 0.983077 -0.695155 -0.250324 -0.625695 0.460695 -1 -0.456059 : 0.2
0.649141 0.448009 0.928584 -0.182833 0.908103 -0.437287 0.718513 0.827698 0.350196 : 0.2
0.543959 0.480982 0.971059 -1 -0.216264 0.226859 0.831134 -0.586593 0.152215 : 0.6
0.641447 0.682248 0.910833 -0.753717 0.742357 -0.512111 0.937104 0.810197 -0.817432 : 0.4
0.715783 0.422931 0.776688 -1 -0.261005 -0.438093 0.367896 -0.550083 -0.606938 : 0.4
0.832102 1 0.90389 -0.74138 0.363251 -0.340959 0.641208 0.629862 0.656868 : 0.2
0.589134 0.339579 0.952927 -0.354298 0.00449193 -0.773362 1 -0.813934 0.103907 : 0.3
0.53741 0.395631 0.926579 -0.658158 -0.355587 -0.659804 1 0.841651 0.178385 : 0.6
0.334957 0.332423 0.896152 -0.707733 0.218283 -0.261742 0.159739 0.0732025 -0.0346644 : 0.3
0.751296 0.335685 0.70758 -1 -0.0572026 -0.302509 -0.0150214 -0.444299 -0.502669 : 0.5
0.531578 0.208959 0.932037 -0.935922 0.296666 -0.124937 1 0.020593 0.372058 : 0.3
0.607642 0.552978 0.909633 -0.611389 0.475781 -0.989452 -0.491566 1 -0.887885 : 0.4
0.609609 0.209737 0.900483 -0.51993 0.131034 -1 0.637386 0.653969 -1 : 0.4
0.766263 1 0.48429 -0.794906 0.225321 -0.0433891 0.895132 0.596918 0.185892 : 0.2
0.725331 0.248163 0.97141 -0.908672 -0.0497519 0.0217945 0.711377 0.293473 1 : 0.4
0.593205 0.352874 0.885899 -0.686687 -0.490235 -0.38409 0.80971 -0.534719 0.604556 : 0.3
1 0.397461 0.875359 -0.175755 -0.256243 0.507576 0.736066 -0.480249 -0.801751 : 0.3
0.169525 0.0365176 0.746344 -0.994361 -0.382708 -0.288753 0.139412 0.310324 -0.974633 : 0.2
0.782775 0.549402 0.73301 -0.597979 -0.203109 -0.0967735 0.302807 -0.216061 -1 : 0.4
0.694551 0.683635 0.737214 -0.447562 0.41265 0.181353 1 0.286577 0.107466 : 0.5
0.782946 0.931016 0.834081 -0.88154 -0.489432 0.0234891 0.306974 0.535235 -0.174327 : 0.3
0.69813 0.289441 0.870775 -0.622351 0.85922 -0.231937 0.247276 1 0.534688 : 0.2
0.960786 1 1 -0.486105 0.0108875 -0.190839 -0.0241985 0.229884 0.502355 : 0.7
0.564369 0.365298 0.949139 -0.783274 0.00833883 -0.371311 0.831802 0.995986 -0.112208 : 0.2
0.442937 0.243917 0.761734 -0.852083 0.0732481 -0.659967 0.479806 0.651412 0.32492 : 0.1
0.945906 0.435832 0.919567 0.00287651 -0.0954492 -0.636821 -1 0.47135 0.349949 : 0.4
0.797356 -0.0423172 0.8048 -0.961873 -0.449692 -0.354907 -0.0569282 0.311052 0.53874 : 0
0.542758 0.475443 0.877092 -0.114263 -0.7446 0.760257 -1 0.377956 -0.086024 : 0
0.634598 0.467323 1 -0.872535 0.356953 0.023643 1 -0.299769 -0.525933 : 0.3
0.666218 0.486676 0.846787 -1 -0.0637751 -0.648958 0.776217 -0.0475396 0.875125 : 0.3
0.515384 0.587697 0.933152 -0.988184 -0.0781621 -0.206116 0.504485 0.367124 -0.731851 : 0.4
0.759575 0.504539 0.948198 -0.411004 -1 0.258178 0.802539 0.413452 0.0995783 : 0.6
0.531885 0.3999 1 0.918604 -0.359734 0.0398009 0.760811 0.461615 -0.00801802 : 0.2
0.826776 0.25292 0.927453 -0.761958 0.0548565 0.787253 0.551435 0.975304 -0.706688 : 0.5
0.728486 0.301656 0.829327 -0.722665 0.303521 0.384618 0.376211 -0.0644419 0.352563 : 0.4
0.536075 0.366481 0.809231 -0.63128 -0.0472122 -1 0.156248 0.448567 0.220657 : 0.3
0.682453 0.301973 0.818725 -0.585795 -0.0154049 -0.765364 0.603678 0.580959 0.389665 : 0.5
0.890172 0.196433 0.92271 -0.624532 -0.39017 -0.223901 0.563443 0.911819 -0.0931537 : 0.2
0.703606 0.566427 0.493588 -0.748667 -0.267194 0.1382 0.993837 0.482425 -0.933609 : 0.2
0.616252 0.700147 0.607742 -0.742933 0.294406 -0.527243 0.758191 0.821217 0.673087 : 0.2
0.790787 0.626456 0.962479 -0.390343 -0.57419 -0.357706 1 1 0.248651 : 0.5
0.645607 0.452107 0.879532 -0.647727 0.325288 -0.129969 0.581948 0.372725 -0.890052 : 0.5
0.640296 -0.244331 0.780179 -0.136795 0.0188269 -0.803861 0.259242 0.043083 0.0261504 : 0
0.532044 0.159174 0.776949 -1 -0.190054 -0.414813 0.461674 0.402683 -0.320909 : 0.4
0.838334 0.439071 0.828212 -0.548673 -0.384637 0.116123 1 0.821149 1 : 0.6
0.71203 0.533374 0.855346 -0.601614 -0.0838668 -0.0969849 0.820275 0.505774 0.838272 : 0.4
0.381556 0.655948 1 -0.768788 1 -0.494881 0.00922787 1 0.609469 : 0.2
0.757468 0.348183 0.913289 -0.100515 -0.380103 -0.528148 0.312175 0.457886 -0.253801 : 0.4
0.703443 0.452103 0.890846 -0.620567 -0.332769 -1 0.456349 0.0531905 0.850561 : 0.4
0.751293 0.717242 0.977036 -0.686975 0.105248 -0.42695 0.558149 -0.00496546 0.475706 : 0.5
0.743847 0.325073 0.929769 -1 -0.245613 -0.529203 0.813087 -0.279969 1 : 0.3
0.15948 0.305437 0.989143 -0.786371 -0.345424 -0.843559 0.904882 0.426781 -0.129598 : 0
0.703386 0.309248 0.993353 -0.387124 -1 -0.715454 -0.459376 -0.276514 -0.0102566 : 0.3
0.403126 0.20499 0.870091 -0.555108 0.0571539 -0.59898 -0.305206 0.141655 0.688061 : 0.2
0.71931 0.403249 0.967446 -0.773758 -0.720907 -0.757461 1 0.584451 0.826386 : 0.3
0.645059 0.384759 0.810641 -0.297499 -0.381473 -0.240286 0.52903 0.682334 0.706167 : 0.3
0.650824 0.414205 0.8607 0.492608 -0.0914417 -0.725601 0.354916 -0.34651 -0.070908 : 0.5
0.485534 0.517048 0.760606 -0.882818 -0.290269 0.262303 0.465656 -0.543227 -0.814851 : 0.4
0.637178 0.398089 0.778879 -0.542782 -0.151049 -1 0.626453 -0.0554847 -0.0483778 : 0.1
0.682904 0.34396 0.92524 -0.764324 -0.345115 -0.629432 0.952493 -0.0618955 0.418359 : 0.3
0.848577 0.397254 0.85422 -1 0.0270753 -0.0568946 0.60258 0.0943097 -0.87319 : 0.5
0.706528 0.292089 0.842637 -0.526074 -0.4947 0.0515915 -0.554987 0.286428 0.426904 : 0.1
0.677481 0.364362 0.859113 -1 1 0.000146806 0.345713 0.560821 -0.523214 : 0.2
0.683896 0.746914 0.951354 -0.407693 -0.353848 -0.184057 0.776457 0.10077 -0.297124 : 0.4
0.863143 1 0.969232 -0.787577 -0.37218 -0.31015 0.112816 0.39565 0.678152 : 0.4
0.716219 0.332479 0.904672 -0.637394 -0.411276 -0.524689 -0.76531 -0.144549 1 : 0.2
0.622826 0.23803 0.761897 -0.473734 -0.242541 -0.655903 0.13226 1 0.0907597 : 0.4
1 0.221243 0.972456 -0.818346 0.117956 1 0.316642 0.815282 0.286802 : 0.2
0.662315 -0.200419 0.829451 -0.464479 -0.0764125 -0.85944 0.382651 0.820103 0.180143 : 0
0.598623 0.23597 0.877853 0.410543 -0.226874 -0.0795184 0.457552 0.736217 -0.129459 : 0.4
0.640186 0.40972 0.841352 -0.535927 -0.00692547 -0.510496 0.961773 0.280085 0.532455 : 0.4
0.365731 0.255593 1 0.494069 0.119234 -0.933176 0.55377 -0.61667 0.454417 : 0.2
1 0.402776 0.911543 -1 -0.255476 -0.692726 0.857474 0.498054 0.654391 : 0.1
0.746566 0.456992 0.701833 -0.0586926 -0.781076 -0.522218 -0.891992 0.615843 0.347356 : 0.4
0.794653 0.648293 0.760506 -1 -0.100596 0.517613 0.69412 -0.491265 0.530664 : 0.3
0.664721 0.475581 0.869868 0.21059 -0.37524 -0.661805 0.181236 0.118568 0.326035 : 0.6
0.525885 0.790657 0.83281 0.454351 -0.674584 -0.487743 1 1 0.971409 : 0
0.733679 0.206077 0.784529 -0.97421 0.0963966 0.097085 0.776326 0.136183 0.633476 : 0.5
0.6745 0.312243 0.598891 -0.498227 -0.503715 -0.499958 0.450865 0.541737 0.728851 : 0.3
0.908537 0.178113 0.658694 -0.434768 -0.664145 -0.72277 0.90008 -0.0076672 0.134158 : 0.2
0.728933 0.348142 0.79484 -0.569676 -0.473484 0.0342282 0.112667 0.0878344 0.356167 : 0.4
1 0.44645 0.920654 -0.688778 -0.637237 1 0.391367 0.507338 0.339362 : 0.3
0.612253 0.47309 0.874593 -0.349988 -0.126259 -0.641075 0.0109705 1 -0.116178 : 0.6
0.550512 0.264489 0.747462 -0.782982 -0.696149 -0.81701 -0.326 0.208272 -0.539588 : 0.2
0.838349 0.481147 0.809573 -0.212383 -0.430768 0.183867 0.653482 0.258074 -0.367259 : 0.3
0.75736 0.425645 0.919227 -0.0578837 0.343219 -0.237049 0.596514 0.800997 0.602351 : 0.4
0.625741 0.353038 0.748523 -0.728312 0.0244339 -0.367095 0.977605 1 0.726325 : 0.1
0.851625 0.446225 0.946055 -0.852689 0.147205 -0.87757 0.745187 0.655911 -0.289158 : 0.4
0.830596 0.374742 0.989062 -1 -0.520617 -0.415391 -0.298925 -0.272966 0.309407 : 0.5
0.537447 0.51039 0.867881 -0.566476 0.920498 0.0218872 0.190183 0.694683 -0.075119 : 0.1
0.808933 1 0.686609 -0.568131 -0.632032 0.0233096 0.442732 0.764322 0.119986 : 0.1
0.596467 0.981373 0.787378 -0.685767 -0.589458 -0.701578 0.848433 0.307124 0.403174 : 0
0.313769 0.19089 0.943077 -0.513662 -0.279403 -0.652139 0.555947 0.692802 1 : 0.2
0.627394 -0.0886588 0.87896 -0.358541 -0.264011 -0.549701 0.336277 0.700266 0.560453 : 0
0.486494 0.541846 0.937255 -0.426748 0.509964 -0.62272 0.652629 -0.756724 0.654822 : 0
0.237984 0.423501 0.842608 0.132096 0.727847 -0.202712 0.239912 -0.0211384 -0.578325 : 0
0.628949 0.413949 0.874679 -0.42419 0.212984 -0.174802 0.482611 0.931704 -0.741529 : 0.5
0.527522 0.32731 0.924986 -0.893427 1 -0.400962 0.946398 0.08025 0.548979 : 0.3
0.638089 0.513789 0.946239 -0.660311 -0.344579 -0.456636 0.905363 -1 0.560763 : 0.2
0.545541 0.395503 1 0.140508 0.0232661 -0.697617 0.45828 0.596804 0.604959 : 0.5
0.143741 0.153845 0.835178 -0.933005 -0.680778 -0.337315 0.345165 0.63986 -0.183011 : 0
0.720483 0.395971 0.796696 -0.944934 0.311395 -0.348998 0.707162 0.167794 0.00591946 : 0.3
0.698052 0.40843 0.801717 -0.0152317 -0.294546 -0.47588 -0.456137 0.490137 0.453969 : 0.7
0.587355 0.517878 0.974561 -0.127192 -0.236869 -0.857916 0.950364 0.41859 0.962756 : 0.2
0.719838 0.450872 0.925961 -0.704048 -0.114652 -0.239037 0.00220148 0.490234 0.261217 : 0.5
0.627252 0.480337 0.843944 -0.575969 1 -0.982729 0.373244 0.21266 -0.521219 : 0.4
0.0651148 0.454908 0.988746 -0.81958 -0.348737 -0.916357 0.218007 0.14442 0.396132 : 0.1
0.777319 0.47499 0.914815 -0.546942 -0.0510653 -0.284342 0.980074 0.390726 0.125594 : 0.4
1 0.37804 0.884469 -1 -0.571729 -0.279271 0.964672 0.0298776 -0.546375 : 0.2
0.843192 0.129377 0.673646 -0.713202 -0.454023 -0.608067 -0.3986 0.319298 0.580792 : 0.3
0.579959 0.375872 0.839178 -0.526456 -0.377427 -0.486117 1 0.990061 0.425585 : 0.3
0.64884 0.335707 1 0.42179 0.123652 -0.00822395 -0.608057 0.416167 -0.920673 : 0
0.756716 0.589441 0.846743 -0.65654 0.939267 -1 0.141067 -0.452997 -1 : 0.3
0.317051 0.262092 0.911799 -0.473611 -0.342919 1 0.330659 0.640709 0.00988327 : 0
0.31284 0.310847 0.995145 -0.617707 0.799553 -0.479673 0.803817 1 0.248963 : 0.2
0.458676 0.451171 0.934138 -0.819188 -0.250103 0.230496 0.654149 0.650468 -0.43409 : 0.4
0.838387 0.393797 0.916364 -0.772205 -0.290789 -0.178788 -0.242362 0.022669 0.114443 : 0.5
0.611321 0.485816 0.834843 -1 0.126939 -0.249477 0.25989 0.500865 0.369955 : 0.4
0.744132 0.388615 0.627112 -0.381122 0.0539924 -0.735055 0.756307 0.896187 -0.80957 : 0.1
0.540309 0.397448 1 -0.915288 -0.356651 -0.759159 0.976169 -0.0439651 -0.553466 : 0.4
0.755036 0.675397 0.806159 -0.466581 0.280258 0.515565 0.773482 0.952204 0.937445 : 0.3
0.783125 0.298388 0.747754 -0.750237 -0.284055 -0.873759 0.847383 0.400224 0.11024 : 0.4
0.652074 0.452748 0.840401 0.00675273 0.330351 -0.120565 0.869196 -0.657781 0.159292 : 0.3
0.586981 0.540704 1 -0.448979 0.166679 -0.413729 0.937284 -0.459365 1 : 0.4
0.682624 0.389627 0.794623 -0.512685 -0.364118 -0.387385 -0.272628 0.235375 -0.0859115 : 0.6
0.694286 0.550004 0.70587 0.847176 0.98947 -0.366987 1 -0.446728 0.617305 : 0.3
0.656325 0.508895 0.978862 -1 -0.407283 -0.102019 0.274585 0.438203 -0.595532 : 0.3
0.677175 0.403997 0.454923 -1 -0.222485 0.523636 0.55192 1 0.383798 : 0.3
0.766572 0.173719 0.831951 -0.254127 -0.192154 -0.994288 0.389144 0.855919 0.585034 : 0.2
0.82546 0.92603 1 0.394768 -0.324273 -0.411473 0.167685 0.259509 0.678592 : 0.1
0.745406 0.233816 0.745759 -0.739038 -0.303805 1 0.621106 0.431025 1 : 0.1
0.840649 0.713165 0.726869 -0.838392 0.494714 0.460635 0.358334 -0.236042 0.292078 : 0.5
0.437038 0.373364 0.964791 -0.983751 0.412439 -0.548103 0.756415 0.846123 0.78587 : 0.4
0.556091 0.0685648 0.799711 -0.312332 -0.169369 -0.51823 0.490653 0.272805 0.0784585 : 0.4
0.658727 0.644314 0.77579 0.223059 -0.719476 -0.903781 0.657263 0.692229 0.238535 : 0.3
0.50128 0.274826 0.926121 -0.249959 -0.363793 -0.479642 0.433772 0.36126 1 : 0.1
0.751777 0.486608 1 -0.597755 0.884645 -0.0963082 0.768574 0.374589 -0.121054 : 0.3
0.617724 0.478596 0.912879 0.124618 0.027551 0.128036 0.959646 0.583962 0.0932882 : 0.1
1 0.539704 0.870681 -0.549151 -0.194018 -0.413186 0.869296 -0.126712 -0.113964 : 0.4
1 0.48143 0.889582 -0.491129 0.204919 -0.214307 -0.0138508 0.494422 1 : 0
0.639629 0.197789 1 -0.887463 -0.647814 1 0.740027 -0.017263 0.264537 : 0.1
0.655682 0.338075 0.808856 -1 0.125753 -0.463295 0.578335 0.355302 0.0451385 : 0.5
0.88939 0.36886 0.829509 -0.600813 -0.810585 -0.869141 -0.189425 0.388519 0.503188 : 0.4
0.798569 0.633719 0.856382 -0.564706 -0.309896 -0.21333 1 0.66615 0.385031 : 0.4
0.74262 0.559755 1 -0.414261 0.200824 0.0191661 0.92593 0.121313 -0.573553 : 0.3
0.722494 0.299909 0.97045 -0.55243 -0.0426091 -0.270579 1 0.144869 0.704819 : 0.4
0.655995 0.359037 0.635723 -0.276547 0.225405 -0.717756 -0.126873 0.758392 0.827561 : 0.4
0.750579 0.334265 0.901414 -0.283624 0.15049 0.000507534 0.0530063 -0.181693 0.540709 : 0.5
0.0485129 0.497343 0.901652 0.580893 0.0246524 -0.772526 0.0190393 0.501927 -1 : 0
0.633585 0.714278 0.814263 -0.616449 -0.705611 -0.536486 0.709639 0.6005 0.779626 : 0.1
0.547217 0.834503 0.789575 -0.111241 0.789615 -0.31418 -0.0783824 -0.420915 0.0536442 : 0.2
0.856582 0.394192 0.933648 -0.351729 -0.793666 -0.353404 -0.0205207 -0.0310231 0.291908 : 0.5
0.305703 0.309561 0.783725 -0.848295 -0.267536 -0.80631 0.324369 0.672784 0.925392 : 0.2
0.741081 0.045531 0.857114 -0.607291 0.0262013 0.141869 0.771284 -0.332032 -0.0629936 : 0.3
0.742882 0.560221 0.883834 0.0128231 -0.590972 -0.494157 0.807018 -0.202221 0.367282 : 0.3
0.687903 0.664816 0.824543 -0.76585 -0.816109 -0.782607 -0.526894 0.546484 0.797607 : 0.1
0.615743 0.136776 0.839419 -1 -0.273716 -0.424762 0.263633 0.852737 -0.639477 : 0.6
0.664168 0.819124 0.817746 -0.522463 0.436354 -0.249488 0.691675 0.335828 -0.0704061 : 0.2
0.510467 0.257837 0.821024 -1 -0.32952 -0.13998 0.884536 0.598249 -0.22434 : 0.4
0.623845 0.576249 0.788472 -0.72892 0.431109 0.353624 0.557396 0.047398 0.940642 : 0.3
0.727644 0.307691 1 0.19512 -0.332534 -0.641335 0.87409 0.295142 -0.526115 : 0.3
0.612985 0.430245 0.791525 -1 0.579559 -0.436886 0.925259 -0.0575464 -1 : 0.4
0.67204 1 0.479038 -0.582673 1 -0.474279 0.3396 0.399569 0.0887127 : 0.1
0.698434 0.579827 1 -0.814603 -0.111411 -0.88362 0.67212 0.352775 0.383291 : 0.3
0.710773 1 0.722862 -0.534239 -0.351788 -0.140337 0.255153 -0.504063 0.252335 : 0.3
0.722315 0.502058 0.918922 -0.944848 -0.838891 -0.665505 0.55126 0.238474 0.111045 : 0.3
0.687141 0.644296 0.865534 -0.904098 0.866475 -0.165128 -0.136883 -0.240383 -0.93051 : 0.2
0.672365 0.416893 0.933331 -0.645877 0.875893 -0.762068 0.710084 0.371287 0.895555 : 0
0.468363 0.266826 0.954904 0.0524749 -0.243842 -0.471124 0.592301 -0.261383 -0.137203 : 0.3
0.551094 0.328473 0.812301 0.0968445 -0.138267 -0.740723 -0.846254 1 -0.0996253 : 0.4
0.331849 0.365111 0.954011 -0.361437 -0.196459 -0.332738 0.888391 0.486975 -0.371536 : 0.1
0.742477 0.350665 0.782912 -0.19836 -0.417852 0.413061 -0.100757 0.0118943 0.0547987 : 0.1
0.602191 0.684408 0.85089 -0.68745 0.211885 -0.263936 0.156444 0.0614771 1 : 0.5
0.755956 0.32209 0.931946 -0.613031 0.002148 0.364627 0.496075 0.737083 0.407992 : 0.4
0.865467 0.545144 0.845605 -0.747906 -0.131614 0.597798 0.965053 0.330454 -0.161628 : 0.3
0.551879 0.449884 0.774147 -0.0417084 -0.464674 -0.154829 0.731075 0.46235 -0.340812 : 0.6
0.518243 0.435671 0.918124 -0.387521 -0.0353103 -0.00974637 0.372321 0.242704 0.999217 : 0.6
0.761895 0.364571 0.908236 -0.502021 0.0949904 -0.255935 0.926374 -0.345671 0.376397 : 0.5
0.666107 0.690098 0.645638 -1 0.18929 -0.73973 -0.306866 0.441788 -0.156184 : 0.5
0.75589 -0.221274 0.837632 -0.540323 -1 -1 0.27701 0.625752 0.669588 : 0
0.665322 0.726264 0.899734 -0.922957 0.0252199 -1 0.201525 0.480572 0.518334 : 0.6
0.589757 0.330708 0.963785 -0.807159 -0.171482 -0.255279 0.0503219 -0.448425 -0.357166 : 0.5
0.497952 0.390417 1 -0.65414 -0.331293 -0.278538 0.403094 0.182392 0.170714 : 0.5
0.529034 0.23366 0.85371 -0.390108 0.200498 -0.459836 0.264308 0.00783157 1 : 0.4
0.0306923 0.413755 0.975162 -0.404328 -0.213695 -0.283001 0.794298 0.21909 -0.174742 : 0
0.14333 0.394338 0.890402 -0.959504 -0.234482 -0.637632 0.88877 0.834496 0.14006 : 0
0.720099 0.312963 0.988435 -0.38499 -0.0585961 -0.716854 0.869948 0.200888 -0.52597 : 0.4
0.643763 0.430378 0.820746 -0.802877 -1 -0.301284 -0.422632 -0.661445 0.640172 : 0.4
1 0.338403 0.943684 -0.785376 -0.252016 -0.380084 0.700031 0.149557 0.0293986 : 0.4
0.621873 0.317328 0.784705 -0.996755 -0.0366982 -0.693195 0.380002 0.265554 0.308859 : 0.3
0.71883 0.530382 0.873873 -0.716881 -1 -1 -0.5254 0.39852 0.56281 : 0.2
0.0195825 0.159862 0.882146 -0.846972 -0.177935 0.450549 -0.432734 -0.246891 -0.015758 : 0
0.581157 0.495778 0.851494 -0.373596 0.0735568 -0.346432 0.339912 0.256753 1 : 0.3
0.588798 0.523437 0.992921 -0.488144 -0.668526 -0.523318 0.394275 0.497934 1 : 0.5
1 0.246121 0.883412 -0.579956 -0.139661 -0.644917 0.359988 0.399476 -0.396409 : 0.2
0.644012 -0.365891 0.83363 -0.433556 0.0373759 -0.815897 0.683312 0.44999 0.764959 : 0
0.577912 0.371144 0.575443 -0.644935 -0.257347 -0.849343 0.586594 0.417426 -0.945998 : 0.4
0.598309 0.355904 0.912384 -0.487137 0.230477 0.0972169 1 0.334671 0.661236 : 0.5
0.608914 0.498191 0.814817 -0.159137 -0.272539 -0.22839 0.556548 0.927176 -0.156584 : 0.5
0.827107 0.486063 0.71997 -1 -0.289259 -0.437327 -1 0.155991 -0.22918 : 0.3
0.470876 0.460282 0.929048 -0.0227184 -0.624067 0.073948 -0.71839 0.351677 -0.0817609 : 0.1
0.60551 0.343679 0.791921 1 -0.00515395 -0.737896 1 0.587458 -0.207335 : 0.4
0.546774 0.441379 0.660427 -0.490418 -0.00751776 -1 0.316413 0.235844 1 : 0.4
0.628851 0.171432 0.844834 -0.795086 0.246323 -0.499669 0.713864 0.778724 0.962565 : 0.5
0.765804 0.295513 0.787288 -0.447448 -0.509843 -0.807673 0.314303 0.334218 0.761512 : 0.4
0.624605 0.596377 0.877237 0.369479 -0.284455 -0.606936 0.236635 0.666184 1 : 0.1
0.740451 0.255852 1 -0.982913 -1 -0.169464 0.675321 0.383713 -0.289204 : 0.5
0.480839 0.374858 0.89944 -0.597127 -0.434124 0.0766802 0.735908 0.297444 0.287077 : 0.3
0.764277 0.522906 0.957615 -0.733175 -0.461729 -0.876201 0.711516 0.48006 -0.225427 : 0.4
0.640303 0.602797 0.920188 -0.688297 -0.0266073 -0.734302 0.683919 0.352071 0.566213 : 0.1
0.738375 0.223193 0.796316 0.0900354 -0.570621 -0.188485 0.734093 -0.119753 -0.490186 : 0.5
0.632084 0.594087 0.833847 -0.44029 0.30496 -0.373676 0.573559 0.086962 0.835401 : 0.1
0.714308 0.118764 0.872865 -0.0708236 0.251973 0.139832 1 0.281292 1 : 0.5
0.662287 0.321754 0.966317 -0.509387 -0.165093 -0.902657 0.673293 0.303099 1 : 0.4
0.734441 0.378689 0.858418 -0.13626 -0.672784 -0.306263 1 0.248151 -0.244142 : 0.4
0.60804 0.859644 0.787884 -0.976819 0.126684 -0.33302 0.22488 0.676158 0.825201 : 0.2
0.437468 0.404316 0.715315 -0.0127915 0.186637 -0.316052 0.455479 0.144503 0.907246 : 0.1
1 0.24113 0.709262 -0.351233 -0.249346 -0.134412 -0.0941461 0.364717 -0.506279 : 0.3
0.614154 0.10018 0.817572 -0.769407 -0.412185 -1 1 1 0.587299 : 0.1
0.545771 0.0301803 0.796118 -0.384351 0.176914 0.843469 0.552155 -0.736433 -0.0311178 : 0
1 0.282264 0.905156 -0.894966 -0.317342 -0.21175 0.665534 0.0997662 0.874968 : 0.3
0.727101 0.235287 0.875311 0.659231 -1 -0.111679 -0.0545247 0.213807 1 : 0
0.484858 0.348902 0.776041 -0.482106 -0.163479 -0.262448 0.481545 -0.982304 0.0496195 : 0.5
0.760102 0.43328 0.777999 -0.721408 -0.503907 -0.115231 0.475583 -0.0893865 -0.182278 : 0.6
0.611569 0.614393 0.844872 0.71733 -0.76027 -0.491898 0.475415 0.850579 0.912266 : 0.4
0.689449 0.295816 1 -0.410064 0.0608974 -0.315158 1 0.314277 -0.321645 : 0.4
0.588667 0.524523 0.799693 0.103175 -0.579775 -0.663134 1 0.572499 0.450098 : 0.1
0.991243 0.333074 0.646583 -0.0544495 -0.121797 -0.58352 -0.754234 1 1 : 0.2
0.525648 0.367423 0.845536 -0.545959 0.423292 -1 1 0.582026 0.432042 : 0.1
0.670991 0.309978 0.6449 -0.434069 -0.0103636 -0.412535 -0.379589 0.800889 -0.191531 : 0.7
0.631063 0.377596 0.95123 -0.418802 -0.481196 -0.966121 0.63854 0.386096 0.840768 : 0.3
0.7334 0.449529 0.651281 -0.298991 -0.263881 -0.0176188 0.990919 -0.356394 0.012501 : 0.3
0.783553 0.112783 0.752607 -0.592771 -0.195253 -0.724531 0.333768 -0.255152 -0.380398 : 0.1
0.578696 0.5093 0.982212 -0.586748 1 -0.694652 -0.373646 0.486453 -0.283598 : 0.2
0.651629 0.645384 1 -1 0.019599 0.430474 0.597968 0.449149 -0.48014 : 0.5
0.476308 0.571196 0.793422 -0.155281 -0.0906018 0.0096541 0.634101 0.903139 -0.277136 : 0.3
0.488911 0.580255 0.989148 -0.636152 -0.309467 -0.779106 1 0.673336 0.829972 : 0.2
0.743508 0.394086 0.840055 -0.39706 0.195848 -0.310773 1 0.895541 -0.100443 : 0.4
0.521066 0.0101557 0.727135 -0.636484 -0.170976 -0.0750929 0.638442 0.654369 -0.153929 : 0.4
0.516866 0.00897354 0.706832 -0.901727 0.0230203 0.35723 0.819853 0.0522031 0.624511 : 0.3
0.86599 0.434444 0.672662 0.779598 -0.154581 -0.918708 0.662195 -0.258165 -0.0156739 : 0.5
0.548224 0.560076 0.790615 -0.729874 0.0512193 -0.120862 1 -0.591873 0.63543 : 0.2
0.78087 0.387793 1 -0.0926004 0.395577 -0.872766 -0.0544385 0.0963356 0.172815 : 0.2
0.689769 -0.130664 0.993275 0.0290881 -0.252862 -0.220012 0.640899 0.284465 0.225422 : 0.2
0.623745 0.350094 0.902586 -0.493074 -0.841576 -0.0752225 -0.141989 -0.0240473 -1 : 0.4
0.662039 0.266515 0.934254 -0.476847 -0.344151 -0.876168 -0.201642 0.26412 -0.405008 : 0.3
0.656773 0.439533 0.854185 -0.97371 -0.278572 0.70565 0.440168 0.420402 -0.465404 : 0.5
-0.0222786 0.181406 0.816801 -0.834052 -0.514193 -0.777451 0.903277 0.17995 0.529802 : 0.1
1 0.53766 0.747867 -0.695327 0.272572 0.391074 0.384506 0.574483 0.535912 : 0.4
0.739426 0.494553 0.872152 -0.959148 -0.815799 -0.995263 0.563405 0.678355 0.402949 : 0.4
0.616298 0.28073 0.911916 -0.354356 -0.26016 0.991357 0.645248 0.615876 -0.978469 : 0.2
0.594373 0.405788 0.907783 -0.584824 -0.533516 -0.0242268 0.451315 -0.015211 -0.108627 : 0.3
0.536221 0.0737164 0.845396 -0.466512 -0.229072 -0.941532 0.763108 -0.64373 -0.198361 : 0.1
0.425349 0.119723 0.822661 -0.834885 1 0.391079 -0.985545 0.0546629 1 : 0
0.776157 0.325615 1 -0.580397 -0.442549 -0.206604 0.923066 0.54298 -0.204853 : 0.5
0.628757 0.20843 0.896205 -1 0.389359 -0.338838 0.254097 -0.0277733 -0.130538 : 0.2
0.0180658 0.333429 0.906319 -0.780579 -0.78264 0.257672 1 0.331502 0.40986 : 0
0.672773 0.762714 0.736046 -0.615645 0.00861165 -0.54718 0.956667 0.282072 0.0279376 : 0.2
0.377767 0.501946 0.790004 -0.530335 0.0450659 -0.304116 0.462487 -0.157075 -1 : 0.2
0.548346 0.624655 0.821226 -0.685211 -0.147888 -0.373425 -0.0552717 0.763573 -1 : 0.4
0.5904 0.154024 1 -0.821022 0.0549944 -0.51598 0.894402 0.538117 0.474459 : 0.4
0.619585 0.517573 0.693579 -0.00302631 -0.394428 -0.8929 0.663277 0.479966 0.977828 : 0.1
0.608975 0.199775 0.86425 -0.434308 -0.35322 -0.066369 -0.739313 0.542133 0.230125 : 0
0.856643 0.444921 0.820664 -0.608285 -0.145841 -0.138785 0.719986 0.595336 1 : 0.4
1 0.365094 0.864734 -0.363554 0.246853 -0.169856 0.203178 0.348367 -0.753399 : 0.3
0.583476 0.381168 0.988915 -0.921135 -0.210121 -0.593212 1 0.723312 0.823266 : 0.5
0.942936 0.370952 0.886171 -0.73018 -0.117157 -0.642464 0.652713 0.0742949 0.347283 : 0.6
0.641484 -0.1711 0.884919 -0.487928 -0.467166 -0.779347 0.712833 0.00388983 -0.685989 : 0.1
0.809438 0.407155 1 -0.78818 -0.43777 -0.233731 0.666951 0.88186 -0.688132 : 0.3
0.605591 0.192187 0.837533 -0.720897 0.447894 -0.996702 0.522476 0.680733 0.208265 : 0.2
0.63857 0.282795 0.843777 -0.276353 -0.412462 -0.393873 0.838697 0.564044 0.721769 : 0.4
0.573216 0.355372 0.974901 -0.775011 -0.615627 0.148674 0.711088 0.435564 1 : 0.3
0.793987 0.420845 1 -0.753863 -1 -0.206381 0.732366 0.232398 -0.831804 : 0.4
0.339004 0.227085 0.781975 -0.718506 0.127351 -0.158613 0.0744606 0.924395 0.291213 : 0.4
0.42792 0.524698 1 -0.735429 -0.549974 0.00777221 -0.0295707 0.0564719 0.0507165 : 0.1
0.507046 0.332871 0.90341 -0.409623 -0.497997 -0.420108 1 0.32987 1 : 0.4
0.636443 0.416212 0.833643 -0.861674 0.752082 -0.815015 0.649559 1 -0.817575 : 0
0.692695 0.299913 0.756885 -0.732269 -0.306984 -0.299107 0.749556 0.473536 0.734432 : 0.5
0.537287 0.402264 1 -0.3854 -0.403935 -0.717399 -0.704348 0.356123 0.77962 : 0.3
0.736785 0.295614 0.811669 -0.965079 -0.127698 -0.405927 0.0281335 1 1 : 0.5
0.781644 0.535993 0.84169 -0.884106 -0.176244 -0.146679 -0.252609 0.29073 0.931196 : 0.3
0.917745 0.569067 0.960176 -0.837044 -0.152487 -0.648888 0.106998 0.960317 0.108535 : 0.3
1 0.50278 0.464166 -0.615666 -0.664796 -0.3438 0.692484 0.573293 0.662521 : 0.1
0.58409 0.449182 0.830502 -0.162259 -0.461949 -0.757587 -0.760594 -0.212734 -0.483944 : 0.4
0.830327 -0.112677 1 -0.699769 0.320532 -0.981918 0.646234 0.378449 -0.653014 : 0
0.848025 0.0691104 0.625419 -0.307419 0.916349 -0.835543 0.0910594 -0.194011 -0.0479465 : 0.3
0.520068 0.51427 0.832856 -0.650142 -0.56018 -0.392956 0.0196695 1 0.219346 : 0.5
0.646194 0.941534 0.482871 -0.505333 -0.354544 -0.477141 0.452382 0.42342 0.218433 : 0
0.596864 0.491008 0.884694 0.265315 -0.252369 -0.451799 0.188393 0.9016 -0.164841 : 0.5
0.540118 0.384508 0.842022 -0.743587 -0.0520052 -0.559981 0.826375 0.00700581 0.261323 : 0.2
0.820001 0.454835 0.975742 -0.668393 0.417663 -0.969429 1 0.64714 0.839595 : 0.6
0.469139 0.411076 0.943842 -0.732247 -0.503664 -0.190951 0.519567 0.534602 0.489481 : 0.1
1 0.186374 0.657554 -0.633923 -0.350864 -0.772897 0.588955 0.315384 -0.247967 : 0.4
0.726667 0.27685 0.655323 -0.354451 -0.69481 -0.676033 -0.574815 0.0978299 -0.0200922 : 0.1
0.462749 0.36714 0.862981 -0.796236 -0.120107 -0.508138 0.733811 0.642194 0.351804 : 0.2
0.739987 0.506841 0.655465 -0.599234 0.561458 -0.283973 0.409317 0.177764 0.246203 : 0.5
0.546736 0.147867 0.827523 0.231765 -0.697048 0.0386561 0.424111 0.807321 -0.137011 : 0.1
0.734547 0.403901 0.722827 -0.32039 0.69106 -0.139222 0.672722 0.336421 1 : 0.4
0.772967 0.283471 0.958426 -0.840662 0.350337 0.0711081 0.706014 0.36195 0.0081977 : 0.2
0.601772 0.514954 0.805187 0.0676688 -0.507608 -0.896094 -0.817501 -0.164065 0.984268 : 0.5
0.654027 0.562849 0.697647 -0.921635 -0.26969 -0.463122 0.851704 -0.299804 1 : 0.4
0.657725 0.433987 0.731129 -0.754381 0.0793952 -0.339006 0.577154 -0.150488 0.278477 : 0.5
0.656805 0.178006 0.968088 -0.421134 -0.244068 -1 1 -0.0888985 0.766608 : 0.4
0.644325 -0.104616 0.853138 -0.99984 -0.359128 -1 0.115931 0.710843 -1 : 0
0.637271 0.461746 1 -0.455828 0.526259 0.40812 0.665232 0.423368 -0.963116 : 0.3
0.640299 0.591428 0.78091 -0.895842 0.170744 -0.422912 0.721136 0.222536 0.456971 : 0.6
0.818568 0.409638 0.74587 0.799173 0.00776568 -0.330854 0.540746 -0.00318471 0.86911 : 0.3
0.0909138 0.435674 0.748202 -0.350601 -0.274931 0.406533 0.599894 0.825356 0.337019 : 0.1
0.69951 0.265777 0.915514 -0.533937 -0.222923 0.279096 0.763546 0.835646 0.0818455 : 0.2
0.3491 0.525415 0.968601 -0.332229 -0.163129 -0.229253 0.445999 0.426475 0.667183 : 0.2
0.235019 0.33127 0.946667 -0.350208 -0.674183 -0.513022 0.304329 0.337019 0.331282 : 0.1
0.654775 0.446413 0.66984 -0.362461 0.137461 -0.00390913 1 1 -0.74216 : 0.2
0.627778 0.485857 0.799 -0.615127 -0.0963157 -0.997296 0.849219 0.456683 0.000326753 : 0.2
0.545104 0.389271 0.96482 -0.0920488 -0.00667073 0.0795277 0.36961 0.171588 -0.484988 : 0.5
0.732328 0.0976201 0.882288 -0.986489 0.111205 -0.266689 0.906011 0.290304 0.198721 : 0.5
0.725559 -0.109939 0.779581 -0.516625 0.0128898 0.049688 0.675837 0.00708132 -1 : 0.1
0.554884 0.490233 0.385826 -0.948386 0.399659 -0.435635 0.678611 0.163015 0.668486 : 0.5
0.550547 0.569014 0.732001 -0.52231 0.0826513 -0.175209 0.440279 0.380437 0.915351 : 0.1
0.227256 0.338408 0.859889 -0.763454 0.248293 0.31547 0.756641 0.698678 0.460907 : 0.3
0.616602 0.819278 0.960302 -0.265313 -0.258747 0.261513 0.265353 0.0252393 0.829933 : 0.3
0.739416 0.275274 0.833266 -1 -0.534602 -0.441478 0.296919 0.467209 -0.306557 : 0.4
0.35154 0.336017 0.897228 -0.633926 0.543441 -0.62276 0.819961 0.885064 -0.317931 : 0.2
0.726645 0.534411 0.829558 -0.159569 -0.460525 -0.226164 -0.048731 0.859653 -0.38376 : 0.5
0.611327 0.311587 1 -0.584711 -0.102438 -0.18782 0.6075 0.368481 -0.454679 : 0.3
0.611142 0.361449 0.79587 -1 -0.256513 -0.134488 1 -0.00958783 1 : 0.4
0.576801 0.404978 0.56858 -0.49765 0.34052 0.0348504 0.589367 0.0818214 0.520825 : 0.5
0.675263 0.54507 0.889717 -0.631014 -0.255061 -0.537939 0.322023 0.812751 -0.173411 : 0.6
0.323225 1 0.819998 -0.706074 -0.255809 -1 0.905693 0.334041 0.162443 : 0.3
0.462147 0.298041 0.689938 -0.814373 0.693704 -0.0805575 0.678402 0.255701 0.80326 : 0.4
0.735876 0.444396 1 -0.363538 -0.0277036 -0.442672 0.37579 0.121462 -0.9241 : 0.5
0.62901 0.49415 0.935374 -0.955981 -0.0742467 -1 -0.0104988 0.560422 -0.128378 : 0.2
0.716304 0.582962 0.806643 0.199079 -1 -0.265012 0.185756 0.218168 1 : 0.5
0.671379 -0.00603276 0.867651 -0.505926 -0.0136231 -0.308546 0.785914 -0.0363344 0.511386 : 0.1
0.803127 0.524778 0.991708 -0.883729 -0.358368 -1 0.645369 0.0837982 0.0275452 : 0.5
0.593831 0.338162 0.978887 -0.595368 -0.342113 0.205121 -0.0862204 0.469336 0.070173 : 0.5
0.688671 0.420945 0.970401 -0.829365 0.0623717 -0.876286 -0.622065 0.764992 0.680846 : 0.2
0.693397 0.361265 1 -0.0607754 0.337312 0.194748 0.230744 -1 0.46245 : 0.5
0.668863 0.242793 0.854736 -0.845123 -0.185762 -0.616603 0.500983 0.0116401 0.147851 : 0.5
0.683105 0.383934 0.777573 -0.777334 1 -0.348734 0.390146 -0.16526 0.514178 : 0
0.724228 0.398942 0.631901 -0.776584 -0.220043 -0.672073 -0.631829 0.531508 -0.0964746 : 0.8
0.670918 -0.104528 0.716409 -0.54489 0.11829 -0.746505 0.79568 0.200316 -0.11234 : 0
0.411993 0.145871 0.702044 -0.696399 0.325524 -0.208685 0.379616 -0.00614417 0.211161 : 0.3
0.616124 0.165777 0.642954 -0.861843 -0.457977 -0.584494 0.815422 0.533987 -1 : 0.4
0.651031 0.467931 1 1 -0.17585 -0.694898 -1 0.405442 0.126733 : 0.1
0.657621 0.45026 0.713606 0.327542 -0.251373 -0.357076 -0.0981443 0.419758 0.419046 : 0.8
0.647745 0.158295 0.849624 -0.572275 -0.290723 -0.929077 -0.49421 0.540049 0.773884 : 0.3
0.68719 0.93006 0.864883 -0.357789 0.211743 -0.164174 0.401077 0.967456 0.513504 : 0.1
0.594182 0.319534 0.83799 -0.743668 0.556681 0.0410241 -0.249866 0.476541 0.448578 : 0.2
0.754868 0.336618 0.825176 -0.484377 -0.492128 -0.606511 1 0.250493 0.783818 : 0.5
0.725422 0.509049 0.860006 0.135569 -0.275746 -0.313238 0.778943 0.469479 -0.581931 : 0.5
0.736903 0.312169 0.849817 -1 -0.529667 -0.153073 0.340692 0.524688 -0.164469 : 0.3
0.556051 0.552886 0.848989 0.891525 -0.369206 -0.0433016 0.268323 0.310719 1 : 0.1
0.624013 0.345095 0.901079 -0.630361 0.128253 -0.273978 0.6406 0.574811 -0.139881 : 0.1
0.501241 0.563926 0.657729 -0.514427 0.0217009 1 0.475309 0.204379 1 : 0.2
1 0.255298 0.877212 -0.0853154 -0.19875 -0.437793 0.651724 0.219828 -0.338578 : 0.3
0.619722 0.525773 0.863771 -0.506063 -0.395823 -0.66796 0.618359 -0.41782 -0.939221 : 0.4
0.668975 0.133544 0.96207 -0.0440083 -0.320056 -0.448941 -0.363941 -0.148035 0.62548 : 0.3
0.643522 0.531658 0.933585 -0.969279 -0.204491 0.570204 0.41871 0.448603 0.465758 : 0.5
0.756884 0.502856 0.895331 -0.547966 1 -0.517964 0.639398 0.303445 -0.691754 : 0.3
0.055024 0.447062 1 -0.981016 -0.722335 1 0.493504 0.392736 0.309005 : 0.1
1 0.14031 0.901113 -0.873794 -0.382076 -1 0.399683 0.330416 -1 : 0.3
0.654053 0.38195 0.816847 -1 -0.0748236 0.0471211 0.940571 -1 -0.222508 : 0.3
0.78033 0.57167 0.880817 -0.142224 -0.347325 0.00748596 -0.440685 1 0.050465 : 0.5
0.57131 0.305345 0.835999 -0.913227 0.155695 0.56179 0.94533 0.613118 0.104579 : 0.3
0.352261 0.432295 0.871828 -0.736332 -0.374182 -0.454456 0.538169 0.129676 -0.349685 : 0.2
0.73884 0.60868 0.896585 -0.331949 0.152223 -0.153816 0.370495 0.354883 0.54963 : 0.5
0.647073 0.348509 0.957132 -0.874948 0.304518 -0.938425 0.151491 0.857734 0.456828 : 0.2
