0.712698 0.179188 0.63553 0.0449501 -0.195426 -0.569954 0.0679972 -0.445474 0.225803 : 0.3
0.728425 0.139395 0.822558 0.0234801 -0.0468524 -1 0.583219 -0.179628 0.423776 : 0.3
0.595826 0.582759 0.818582 0.0104553 -0.0693342 -0.178166 0.00302139 1 -0.168419 : 0.1
0.534877 0.334003 1 -0.128179 -0.651533 0.161069 -0.136325 0.158403 0.176199 : 0.1
0.715859 -0.26062 0.378471 -0.982198 0.325197 -0.102616 0.308495 -0.293734 -0.275431 : 0.2
1 0.313745 1 -1 0.285301 0.422514 0.179801 -0.141562 0.506044 : 0.2
0.753482 0.59261 0.431708 1 0.286902 0.0297625 0.136261 -1 0.233632 : 0
0.356262 0.470776 0.687491 -1 -1 0.124102 0.129112 0.397872 0.312602 : 0
0.648235 0.470866 1 -0.174749 -0.654552 -0.601161 0.380714 0.111991 0.974455 : 0.5
0.581266 0.703207 0.913238 -0.493261 -0.24356 -0.302852 0.582338 0.244097 -0.0198589 : 0.1
0.869518 0.815937 0.362495 -0.307029 0.429738 0.332127 0.314193 0.117313 0.228946 : 0.1
0.553206 1 1 0.016089 -0.802851 -0.139151 -0.605013 0.441949 -0.196436 : 0.1
0.576379 0.926947 0.208761 -0.641592 -0.411802 -0.51477 0.292637 -0.0197504 1 : 0.5
0.752085 0.605304 0.669214 1 -1 1 0.532066 0.617256 0.29585 : 0.2
0.484445 0.392621 1 0.133001 -0.596829 -0.00105989 -0.0200546 -0.0461565 -0.0266935 : 0.2
0.744943 0.466658 0.33901 0.0158017 -0.427474 -0.0153122 -0.165932 -0.35681 -0.0609002 : 0.3
0.496599 0.31524 0.0148865 -0.710018 -0.326382 -1 0.10453 -0.570651 -0.110784 : 0.2
0.996257 0.618938 1 -0.445184 0.0381309 -0.593591 -0.183088 0.714505 0.481093 : 0
0.671211 0.388719 0.803091 -0.306131 -0.268557 -0.701507 0.532726 0.256432 0.239734 : 0.1
0.580581 0.424829 0.752291 -0.89551 -1 -0.736595 0.100477 -0.0761256 0.200122 : 0
0.810903 0.488542 -0.0936824 0.0489001 0.0988344 -0.352654 -0.357286 0.590155 0.0101855 : 0.2
0.709058 0.374293 0.980813 -0.678178 0.261804 -0.0554601 0.406778 0.404804 0.154917 : 0.5
0.491996 0.184519 1 -0.0375141 -0.604017 -0.868091 0.31728 0.0936259 0.825948 : 0.1
0.654448 0.708261 0.681942 0.0102839 -0.876959 -0.174094 0.34687 0.934298 0.187296 : 0.3
0.628347 0.28325 0.907247 0.207886 -0.399171 -0.470782 0.514363 0.224209 0.694546 : 0.2
0.466963 0.614237 0.99781 -0.0671039 0.097516 -0.0432068 -0.321185 -0.304257 0.245561 : 0
0.594715 0.660705 0.771091 0.447375 -0.211549 -1 0.544914 -0.388925 0.598996 : 0.1
0.563605 0.381174 1 0.355351 0.095364 0.184573 0.924812 -0.31329 0.253708 : 0.2
0.247964 0.558358 0.424768 -0.533641 0.731295 -0.286741 -0.284291 0.0355691 0.364319 : 0
0.607173 0.559828 0.942807 0.501181 -0.368733 -0.838075 0.0561751 0.863002 0.526959 : 0.2
1 0.537551 0.282764 0.539716 -0.157051 -0.18824 -0.241798 -0.498957 -0.334129 : 0.1
0.737756 0.633851 1 0.908518 -0.172869 -0.430851 0.726375 -0.412078 0.320849 : 0
0.299854 0.514043 0.799601 -0.592646 -0.169849 -0.185564 -0.163022 -0.111679 -0.195655 : 0.1
0.675812 0.135822 0.947209 -0.258076 0.175508 -0.950574 -0.208381 0.311263 0.193225 : 0.1
0.688069 0.564065 0.48129 0.0126435 -0.851102 -0.3382 0.242024 0.0834865 0.573468 : 0.3
0.666927 0.263595 0.466272 -0.0561039 -0.662884 -0.103212 0.146976 1 -0.175008 : 0
0.969717 1 0.853371 -0.187467 -0.0387585 -0.454174 0.217729 -0.11748 -0.177125 : 0.2
0.657607 0.69552 0.901522 0.892708 1 -1 0.169956 0.361649 0.374411 : 0.2
0.621822 0.455914 0.701867 0.0287983 -0.460645 -0.450348 0.714422 0.261888 0.606123 : 0.2
0.762835 0.269569 0.894912 0.342877 -1 0.269946 -1 -0.179606 0.416841 : 0.2
0.923182 0.674632 0.317661 -0.668543 -0.0141768 0.107117 -0.391793 0.109183 -0.395739 : 0
0.450723 1 1 -0.4808 -0.0794257 -0.357502 -0.0643838 0.0431206 0.0176175 : 0.2
0.436413 0.293616 0.677965 0.459651 0.0710369 0.824488 0.403795 1 -0.0100851 : 0.4
0.911537 0.261415 0.82357 -0.0189347 -0.832544 -0.777226 0.734794 0.505858 0.685285 : 0.5
1 0.877924 0.412074 -0.874432 0.0776113 -0.412259 -0.932581 0.117593 -0.160424 : 0
0.782827 0.567965 0.67524 0.614107 -0.583638 -0.654716 0.36724 0.347341 -0.172229 : 0.2
0.818234 0.277453 0.623316 0.156086 -0.68194 -0.2755 -0.41006 0.0742683 0.218394 : 0.3
0.887826 1 0.163049 -0.894046 -0.477521 -0.270107 0.658601 0.473519 -0.0169914 : 0
0.614 0.427051 0.767053 -0.098653 -0.914917 -0.137548 0.00119187 0.242532 -0.407019 : 0.5
0.932666 0.458945 0.949268 -0.131308 -1 -0.171824 0.993027 -0.168691 -0.195982 : 0.1
0.749257 0.296141 0.97462 -0.5348 -0.0789098 -1 0.30077 0.197662 -0.383917 : 0
0.630623 0.322201 0.953354 0.0989363 0.233939 0.108514 0.326502 0.0185622 0.111811 : 0
0.668962 0.229351 0.742761 -0.426693 0.289009 -0.366394 0.111686 0.630032 -0.18083 : 0.7
0.776463 0.784889 0.858856 -0.429372 -0.0923474 0.0493383 0.381628 -0.360388 0.37329 : 0.1
0.472475 0.334579 0.80264 -0.313213 -0.00326923 -0.461481 0.106773 0.333781 0.506133 : 0.2
0.861718 0.0683094 0.998992 -0.134617 -0.517733 -0.682274 0.171468 0.00913918 0.209652 : 0.3
0.466802 0.243601 0.805688 0.62059 -0.504901 -0.257034 0.321579 -0.669541 0.960355 : 0
0.611586 0.421077 0.661042 0.199314 -0.151355 -0.503332 1 -0.158564 -0.311918 : 0.4
0.730972 0.398638 1 0.0403469 -0.336598 -0.532518 0.140794 0.861052 -0.178672 : 0.1
0.869562 0.486517 1 -0.640444 -0.755425 -0.740566 0.156422 -1 0.0184143 : 0.3
0.183969 0.566449 0.995486 0.10314 -0.464078 -0.925384 0.182275 -0.508172 -0.243331 : 0.3
0.582456 0.867681 0.214754 0.116411 0.232613 -0.108582 0.881357 -0.0885215 0.475374 : 0
0.510663 0.777383 0.919404 -0.174687 -0.12869 -0.0341744 -0.304225 1 -0.640298 : 0.4
0.905837 0.878661 0.54268 0.612679 -0.0873059 -0.668096 0.307313 0.239273 0.0351441 : 0.1
0.860514 0.441761 0.881273 0.00164057 0.0701484 -0.0376602 0.481828 -0.0885067 -0.607428 : 0.4
0.919941 0.354036 0.370286 -0.196701 -0.100667 -0.389261 0.094539 0.0694683 -0.210223 : 0.2
0.692481 0.504946 0.559954 -0.534302 -0.461677 -0.377772 0.183343 -0.390212 0.312692 : 0.2
0.36446 0.518636 1 0.124187 -0.197254 -0.813698 0.0362623 0.221965 -1 : 0.2
0.490128 0.447982 0.550999 -0.496473 -0.537651 -0.814295 -0.0366098 0.400307 -0.445178 : 0
0.77964 1 0.438589 -0.34549 -0.0731175 0.657284 -0.201074 -0.169606 -0.066696 : 0.3
0.422037 0.398949 0.797199 -0.710873 -0.748954 0.0644872 0.0460469 0.587207 0.396354 : 0
0.923031 1 0.991556 -0.894076 -0.218194 -0.181092 0.0650189 0.126646 0.287693 : 0.5
0.499639 0.84665 0.766285 -0.213351 -0.0896651 0.572819 0.4846 -0.115022 -0.0145693 : 0.1
0.620635 0.270568 0.949817 -0.471407 0.253463 -0.640721 0.294185 1 0.845259 : 0.1
0.777441 0.307597 0.98919 -0.503698 0.44664 -0.244719 -0.217886 -0.211087 -0.381796 : 0.4
0.606466 0.226066 0.999878 0.296983 -0.561162 -0.741207 0.155107 -0.549223 -0.0047543 : 0.1
0.585648 0.568417 0.874745 -0.293962 -0.795641 0.537253 0.170987 0.504636 -0.0287094 : 0.4
0.948128 0.971734 0.396201 -0.685492 -0.369106 -0.517094 0.852471 0.2479 -0.225004 : 0.1
0.742199 0.410155 1 -0.385749 -0.977752 -0.322682 0.108306 -0.253435 0.253416 : 0.4
0.972787 0.272151 0.902219 -0.245069 -0.113355 -0.603179 -0.108023 0.750428 -0.157439 : 0.1
0.308237 0.516869 0.773421 0.981667 -0.870326 -1 0.775304 0.243461 -0.0717103 : 0.1
1 0.296759 1 -0.0891145 0.139881 -1 0.551435 0.958723 0.847442 : 0.3
0.132926 0.600957 0.630466 -0.0102657 0.130375 -0.524481 0.0617057 -0.495627 0.770645 : 0
0.549924 0.448559 0.840524 -0.0769742 0.128916 0.11235 1 0.27549 0.231459 : 0.1
0.717478 0.233153 0.616927 -0.577709 -0.408085 0.627082 0.0231906 -0.568871 0.0627726 : 0
0.402167 0.548133 0.978107 -0.0445971 -0.754752 0.247684 0.0474812 0.512029 -0.713456 : 0.4
0.667523 0.350558 0.90413 -0.44089 -0.588328 -0.294585 0.858002 -1 0.282683 : 0.5
0.464889 0.431426 0.973753 -0.453927 -0.679426 -0.764783 0.234618 -0.00102961 -0.679981 : 0.4
1 0.336505 1 -1 1 -0.822216 0.0821274 -0.353137 0.00217736 : 0.4
0.488544 0.435449 0.574835 -0.0219974 0.313605 -0.541821 -0.408521 -0.978142 0.294718 : 0.4
1 0.205735 0.933017 0.0364055 -0.535063 0.253831 0.395401 -0.506075 -0.0571864 : 0.1
0.579927 0.187673 0.932785 -0.202141 -0.222096 -0.228308 1 -0.675005 0.373433 : 0.4
0.500203 0.0521597 0.794952 -0.281145 -0.750812 0.307654 -0.252562 0.844544 -0.265834 : 0
0.630907 0.412931 0.315002 0.229797 -0.0570514 -1 0.681782 -0.660258 0.380359 : 0
0.725918 0.124796 0.815342 0.514044 -0.281315 0.853835 -0.184253 -0.514843 0.555763 : 0.2
0.466261 0.540555 0.624363 0.0170128 -0.251747 -0.865299 0.212446 0.885509 -0.194795 : 0.3
0.797484 0.423282 1 -0.632388 -0.084852 -0.168415 0.315463 -0.892848 0.0175769 : 0
0.954148 0.886431 0.0512231 -0.160402 0.225426 -0.8838 -0.567475 1 0.257984 : 0
1 0.641476 0.407771 0.568339 -0.125875 -0.472594 0.490284 -0.55015 0.392729 : 0.2
1 0.614996 0.928986 0.18652 -0.846354 -0.765378 0.756898 -0.822176 0.129544 : 0.4
0.64293 0.493076 0.969442 -0.0957064 -0.409218 0.401838 0.326478 -0.491109 0.672356 : 0
1 0.665398 1 -0.185327 -0.100013 -0.992685 0.442064 0.797819 0.301178 : 0.3
0.542674 0.474075 0.656529 0.56645 0.313718 -0.0689278 -0.169142 -0.116477 0.196426 : 0.1
0.972709 0.268679 0.72861 0.023312 -0.452082 -0.1197 0.607897 0.865951 0.328794 : 0.2
0.87201 0.355959 0.231209 -0.24061 -0.677443 -0.849808 0.419047 0.0138408 0.798487 : 0.2
0.397408 0.199403 0.988175 -0.390396 -0.0550249 -0.659033 0.199336 0.0084139 0.14426 : 0
0.819211 0.560875 0.82509 -0.138333 0.0832629 -0.561223 0.556938 0.56388 -0.0682605 : 0.1
0.694513 0.994865 0.960962 -0.680773 -0.0267585 -0.423698 -0.951088 0.437812 1 : 0.3
0.81472 0.763032 0.380116 -0.793232 -0.123582 0.0209216 0.243878 -0.359578 0.960972 : 0.4
0.736876 0.511582 0.497639 -0.593009 0.0190757 -0.712016 -0.202226 0.419086 -0.249015 : 0.5
0.884854 0.291955 -0.0591583 -0.0663149 -0.726492 -0.348564 -0.406251 -0.651371 0.0647319 : 0.3
1 0.446694 0.701298 -0.23909 -0.212305 -0.924815 -0.102217 -0.329808 -1 : 0.6
0.67217 0.781496 0.930594 -0.548288 0.338758 -0.213443 -0.237976 0.420529 1 : 0
0.623014 0.608875 0.51237 0.764881 0.544653 0.162937 0.19313 0.337964 0.74399 : 0.6
0.805903 0.359231 0.986076 -0.185264 0.0380198 -0.0051927 0.0185182 1 0.544291 : 0.3
0.682356 0.398198 1 0.143076 -0.145174 0.111359 0.271917 1 0.574402 : 0.3
0.784024 0.815323 0.33013 -0.747952 -0.766917 0.16726 -0.254364 0.749092 -1 : 0
0.636545 0.335284 0.477511 0.0323422 0.274477 -0.144055 0.0330531 0.0651053 0.516257 : 0
0.644235 0.810192 0.795219 -0.662555 0.0118178 -0.37954 0.345045 0.317434 0.0221216 : 0
0.707924 0.463281 0.894573 -0.0877428 0.0498138 -0.0378222 0.638792 0.240715 1 : 0.5
0.654981 0.605016 -0.702402 0.186849 -0.618443 -0.405452 -0.0687475 0.0738256 -0.0580112 : 0.2
0.694165 0.342749 0.177298 -0.257608 -0.198272 0.207714 1 -0.947811 0.700163 : 0.4
0.962014 0.170299 1 0.0498587 0.138394 -0.319929 0.393249 0.403832 -0.251131 : 0.5
1 0.364844 0.0936061 1 -0.705171 -0.182405 0.542482 -0.127486 -0.0194652 : 0.1
0.892029 0.148639 0.760773 -0.15812 -0.444151 0.328171 0.521896 -0.0817383 0.114443 : 0.3
0.474743 0.464213 0.989643 0.579942 0.0318504 -0.890158 0.694146 -0.116035 -0.0498586 : 0.2
0.544697 0.911881 0.732514 -0.69211 -0.72255 -0.695639 0.2102 -0.0803716 0.236222 : 0.3
0.544429 0.413522 0.93234 -0.400223 -1 -0.132459 0.400071 0.333436 -0.852706 : 0.2
0.69587 0.11173 0.728992 -0.584998 -0.159104 -1 0.595068 -0.415014 0.394624 : 0.2
0.774186 0.345979 0.538634 0.432465 -0.425721 -1 0.364506 0.484178 0.438719 : 0
0.667938 0.419625 0.313088 -0.253192 0.252788 -0.661123 -0.11375 -0.424474 0.521456 : 0.2
0.642753 0.436825 0.18709 -0.824714 -0.872678 -0.166595 1 -0.0396496 0.127212 : 0.2
0.859124 0.269095 0.65245 0.0775635 -0.0955351 0.420502 0.13188 -0.563198 0.287706 : 0
0.956192 0.993483 1 -0.939296 -0.310369 -0.341299 0.26532 -0.298247 0.131441 : 0.3
0.632361 0.400396 0.97738 0.0912772 -0.386954 -0.8455 0.235045 0.879184 -1 : 0.1
0.860256 0.257625 0.891963 0.0356065 0.864959 -0.698822 -0.0493507 -0.170083 -0.0566989 : 0.4
0.620896 0.317979 0.829353 0.181616 0.145732 0.170437 -0.30327 -0.724452 0.226386 : 0
0.945139 0.528921 0.929008 -0.188509 -0.212257 -0.862362 0.777353 -1 0.0544215 : 0.1
0.750368 0.244369 0.603253 -0.325218 -0.189329 -1 -0.149295 0.89346 0.373893 : 0.3
0.794006 0.560299 1 0.264981 -0.413708 0.224549 -0.527903 -0.434 0.129625 : 0.2
0.585342 0.372337 0.836869 0.113751 -0.516232 -0.948065 0.319375 -1 -0.28728 : 0.1
0.638179 0.483431 0.667195 0.383537 -0.803682 -0.608145 -0.733436 -0.173923 -0.122164 : 0.1
0.952865 0.781529 0.832136 -0.761138 -0.277699 -0.793607 0.363367 -0.156574 0.795789 : 0
1 0.992454 -0.320995 1 0.183716 0.636828 -0.0280336 -0.111113 0.529707 : 0
0.50153 0.37085 0.714756 -0.26909 -0.00753906 0.284993 0.440249 -1 0.510392 : 0.7
0.674948 0.286604 0.843383 -0.533681 -0.625909 -0.527767 0.679911 -0.793293 0.259707 : 0.2
0.720286 0.168473 0.914429 0.120027 0.244354 0.360334 0.561884 -1 0.849119 : 0.1
0.599732 0.403336 0.816804 -0.757594 0.695026 -0.926549 0.777539 -0.307892 -0.842244 : 0
0.728352 1 0.738189 0.14836 -0.740483 1 0.0759389 0.31424 0.48328 : 0.2
0.931695 0.522665 0.565035 -0.419576 0.306597 -0.152594 0.0567833 -0.438163 -0.606572 : 0.6
0.968263 0.746759 0.956944 0.000727117 -0.735749 -0.875361 0.512459 0.257493 -0.11312 : 0.6
0.817355 0.152107 0.999435 0.0240604 0.0472422 -0.0157775 0.21032 -0.474543 -0.188003 : 0.1
0.479064 0.222571 0.464749 -0.370325 -0.584597 -0.0237963 0.0598501 -0.175034 0.469335 : 0.1
0.57966 0.632069 1 -0.638337 -0.0817202 0.57115 0.333605 0.372058 -0.0446546 : 0
0.969546 0.752864 0.129153 0.0289291 0.114058 -0.427609 0.640489 0.0329937 0.28414 : 0.1
0.800879 0.652745 0.623805 -1 -0.333557 -0.0720001 0.12991 0.985858 -0.0191154 : 0.1
0.662618 0.675121 0.987395 -0.261475 0.155529 -0.06911 0.352825 0.776463 0.743125 : 0
0.846922 0.518474 0.957522 -0.0417933 0.260505 -0.583031 0.876185 -0.158684 0.813464 : 0.3
0.869301 0.214298 0.804983 0.789511 -0.307155 -0.232772 0.0569879 -0.00642063 0.679079 : 0.2
0.433547 0.289807 0.330544 -0.691226 -0.356046 -1 0.0306087 0.197849 0.691725 : 0.4
0.55084 0.563713 1 0.520867 -0.00603563 -0.24843 0.868919 0.17899 -0.270655 : 0
0.987335 0.579843 0.370424 -1 0.112487 -0.169329 0.811998 -0.342693 -0.620914 : 0.2
0.447366 0.305462 0.337013 0.284455 -0.218717 -0.888207 0.727038 -0.468775 0.421559 : 0.1
1 0.392189 0.700977 -0.954961 -0.0371962 -0.0414319 1 -0.34617 0.642845 : 0.4
1 0.384491 0.785551 -0.199713 -0.515834 -0.22414 -0.298122 0.516144 -0.105743 : 0.4
0.669923 0.445067 0.914994 0.492653 -0.146378 -1 0.0577994 1 -0.174439 : 0.2
0.441461 0.527387 0.0333538 0.0746769 -0.147598 -0.500752 0.23923 -0.154124 -0.0818173 : 0
0.658563 0.574641 0.627696 -0.0129483 -0.683729 -0.37377 0.354978 1 -0.318818 : 0
0.775914 0.736041 0.947752 -0.0924907 -0.121043 -0.191759 -0.220578 -0.98295 0.205911 : 0.1
0.368801 0.541685 0.244796 -0.199491 -0.485953 -0.200907 0.311553 -0.0198871 -0.278391 : 0.1
0.534266 0.498198 0.357461 0.32294 -0.422202 -0.476871 0.0421254 0.526398 -0.32756 : 0.3
0.696688 0.377533 1 0.480259 -0.531238 -0.204805 0.456822 1 -0.747333 : 0.2
0.93118 0.372804 -0.343889 -0.594914 -0.0899391 -0.548445 -0.141496 0.0436232 -0.647483 : 0.6
0.872317 0.467541 1 0.205968 -0.563684 -0.443489 0.55416 -0.755182 -0.112724 : 0
0.900995 0.597589 0.97844 -0.00930727 -0.0881693 -0.26024 0.156315 0.293982 0.263986 : 0.1
0.660104 0.57846 0.734536 0.060535 -0.303103 0.0367474 0.14044 0.826244 -0.0503026 : 0.3
0.606766 0.151091 0.590446 -0.643061 -0.814533 -0.136952 0.0506926 0.397278 0.524858 : 0.1
0.613078 0.334134 0.601348 -0.110578 0.246459 0.230703 0.281147 0.550397 0.71822 : 0.2
0.521639 0.469959 0.726212 -0.877692 -0.979117 -0.957744 0.503914 0.555017 0.223405 : 0.3
0.312254 0.747927 0.912717 -0.00727871 -0.399775 -0.498616 0.787663 -0.199757 -0.124037 : 0.3
1 0.896126 0.568377 -0.430019 0.0137823 -0.644275 -0.802531 0.161027 0.00220156 : 0.1
0.630612 0.350561 0.948878 0.346806 -0.484289 -1 0.174231 -0.316731 -0.971168 : 0.5
0.658924 0.427237 1 -0.94578 0.0222419 -1 -0.347732 -0.174916 -0.0480449 : 0.1
1 0.371293 0.291041 0.0125221 -0.500739 -0.174569 0.390326 -0.567615 -0.215718 : 0.4
0.511659 0.51693 1 -0.932639 -0.142722 0.211091 0.439652 0.405627 -0.224181 : 0.2
0.412801 0.0158028 1 -0.959093 -0.642807 0.0330283 1 -0.159615 0.334428 : 0.4
0.611668 0.561388 0.572566 0.178395 -0.115076 -0.395528 -0.939965 0.131878 0.490958 : 0.4
0.36196 0.413501 0.49899 -0.675401 0.654374 -0.983678 -0.0084317 0.111232 -0.330149 : 0.1
0.624562 0.432499 1 0.00729948 0.592233 0.250153 0.393904 -0.111527 -0.00736439 : 0.1
0.671139 0.552741 -0.347598 -0.74941 0.292369 0.305876 -0.196636 -0.0272906 -0.43206 : 0.2
0.435892 0.662717 0.757441 0.0744448 -0.0108406 -0.227774 0.465662 0.386722 0.631337 : 0.1
0.806012 0.578282 0.999151 -0.453062 -0.109843 -0.679916 0.401722 0.082056 0.716242 : 0.1
0.612271 0.651397 -0.627874 -0.77633 -0.0228477 -0.0606976 0.902936 -0.408864 -0.155977 : 0
1 0.634454 0.860609 -0.0611964 -0.188392 -1 0.298352 0.21538 -1 : 0
0.758783 -0.0387019 0.0981172 0.375301 0.305524 -0.0852238 0.531878 -0.0515639 -0.546442 : 0.4
0.64138 0.633634 0.996157 -0.264856 -1 0.0699898 0.382464 0.274388 -0.0635675 : 0.1
0.345619 0.928531 0.48446 -0.788348 -0.409656 -0.61002 0.048753 -0.319348 0.160464 : 0.4
0.514926 0.528542 0.841941 -0.710646 -0.708691 -0.269817 0.38966 -0.111466 -0.4143 : 0
0.577812 0.418642 0.935132 0.0200458 0.155443 -0.948436 0.626738 0.195776 0.87739 : 0.2
0.698264 0.372619 1 0.124253 -0.558918 -0.981051 -0.204165 1 0.0622175 : 0.5
0.382649 0.552787 0.172924 -0.381984 0.116764 -0.671915 -0.161784 0.0829259 -0.0599139 : 0.1
0.953485 0.566512 0.443204 -0.0719885 -0.103388 1 0.288522 -0.121001 0.442652 : 0.2
0.595825 0.25799 0.991389 -0.236547 -0.173709 -0.564862 1 -0.111523 -0.548257 : 0.2
1 0.330861 0.237495 -0.374261 -0.0833352 -0.354576 0.206897 -0.680838 0.0546072 : 0.1
1 0.649529 0.864977 0.215074 0.09489 -0.217644 0.31571 0.417175 0.702368 : 0
0.794605 0.30859 0.745198 -0.0647484 -0.62138 -0.512766 -0.330104 -0.441758 0.756346 : 0.3
1 1 0.328869 0.0603381 -0.0940192 -0.403587 -1 0.185589 0.015606 : 0
0.705028 0.1261 0.916102 -0.0605024 -0.389548 -0.695183 -0.508336 0.275865 0.0110421 : 0
0.693771 0.256116 0.936365 0.156142 0.144619 -0.927448 -1 -0.753883 0.286713 : 0.3
0.949432 0.983041 0.810559 -0.365858 -0.078861 -0.872965 0.55558 -0.260656 0.21867 : 0.2
0.539462 0.218854 0.819301 0.372619 -0.0260045 -0.186596 0.464567 -0.841025 -0.0306526 : 0.2
0.624043 0.0633908 0.910246 0.253368 0.113189 -0.645471 0.216961 0.0704085 0.0348493 : 0.2
1 0.200764 1 -0.512772 -0.318035 -0.247665 0.86362 -0.051633 0.217524 : 0.3
0.582853 0.264671 0.739665 -0.131929 -0.226906 -1 0.136364 1 -1 : 0.1
0.901091 0.362863 0.81517 0.665147 -0.208283 0.111228 0.0273128 0.270665 -0.0518662 : 0.5
0.682429 0.557584 0.991054 -0.243137 -0.608584 0.404064 -1 0.773209 0.0147423 : 0
0.641668 1 0.340688 -0.289992 0.208256 -1 -0.00731584 -0.53517 0.524383 : 0.1
0.533826 0.181282 1 -0.931381 -0.142488 -0.17864 0.0378171 0.39614 -0.128579 : 0.2
1 0.19052 0.997473 0.165514 0.260418 -0.326471 0.909222 -0.0361769 -0.138429 : 0.2
0.56728 0.370642 0.317316 0.049179 -0.0798537 -1 0.179853 -0.170217 0.833022 : 0.3
0.95185 0.2075 1 -0.805128 -0.536866 -0.93286 0.674641 -0.117991 0.493075 : 0.2
0.871393 0.726045 0.0813186 -0.289428 -0.0302673 0.494142 1 1 -0.0535804 : 0.5
0.463182 0.214804 0.727722 0.789643 -0.687944 -0.484089 0.100435 -0.204604 -0.548099 : 0.1
0.552283 0.688963 0.492789 0.388969 -0.148438 0.157561 0.105017 -0.341931 0.151931 : 0.7
0.709493 0.43974 0.676705 0.00175136 -0.490101 -0.373787 -0.637426 -0.790798 -0.0615698 : 0.2
0.551736 0.372598 0.716645 -0.676785 0.0312274 1 -0.150286 -0.285023 0.0835487 : 0.3
0.846646 0.505793 0.890224 -0.0497173 -0.115282 -0.397755 -0.00457644 1 0.105271 : 0.3
0.708332 -0.107748 0.846683 -0.722503 0.657573 -0.172306 0.640075 0.204968 -0.97831 : 0.3
0.536225 0.120562 0.767612 0.384927 0.011149 -0.113454 0.07421 0.0232986 -1 : 0.1
1 0.46932 -1 -0.590645 0.357362 0.0693443 -0.0552662 -0.18155 -0.0105191 : 0.4
0.853274 0.0702886 0.508766 -0.804199 0.00384072 0.377706 -0.949997 -0.199544 0.00977892 : 0
0.837936 0.649974 0.676418 -0.47558 -0.131971 -0.276207 0.590654 0.421211 -0.640338 : 0.4
0.550654 0.635852 0.0622326 -0.00918098 0.121751 0.212285 1 0.609412 0.304526 : 0.2
0.671698 0.838511 -0.111818 0.0357699 0.273701 -0.639606 0.169809 -1 -0.52013 : 0.1
0.578197 0.383112 0.537294 -0.469638 -0.201532 -0.609925 -0.052102 0.104584 -0.0332454 : 0.1
0.692461 0.309671 0.877964 -0.244421 -0.928117 -0.455276 0.0508398 0.0223334 0.281199 : 0
0.738182 0.488858 0.437686 -0.26594 -0.00655511 -0.0304954 0.515784 -0.159982 0.792583 : 0.1
0.832767 0.736209 -0.369957 -1 0.716568 0.00445497 -0.116342 -0.139289 -0.213002 : 0.2
0.565805 0.338503 0.953602 -0.561321 -0.765134 0.421215 0.622849 0.160769 0.422543 : 0.2
0.529731 0.486717 1 -0.438859 -0.0857123 -0.0924647 0.848166 -0.057485 -0.188598 : 0.3
0.583588 0.195079 1 0.312755 -0.500317 -0.880328 0.396204 0.698131 0.238898 : 0.1
0.602925 0.403158 0.787384 -0.314976 0.994849 -1 0.280881 0.431856 0.490815 : 0.4
0.921494 0.751044 0.876083 -0.548321 -0.562777 -1 -0.500988 -0.143271 0.0181951 : 0.5
0.304269 0.362842 1 -0.221877 -0.00352268 0.607773 0.306159 0.315933 0.790581 : 0.3
1 0.31839 1 0.113803 0.432547 1 -0.41986 0.0862121 -0.0645577 : 0.3
0.606113 0.460707 1 0.47358 0.0692526 -1 0.221473 0.202501 -0.0555837 : 0.5
0.552161 0.495996 0.721118 0.256646 -0.061122 -0.00586635 -0.1002 -0.00857607 0.658789 : 0.1
0.510434 0.906813 0.286792 -0.238512 -0.827976 0.710795 0.578527 -0.10509 0.880168 : 0.4
0.666108 0.433719 0.997217 -0.042879 -1 0.252461 -0.531743 1 0.0038774 : 0.5
0.855024 0.470383 0.718862 0.0506594 -0.252175 0.130294 0.138255 -0.0200499 -0.714516 : 0.1
0.662002 0.414157 0.97463 -0.160101 0.107112 -0.783956 -0.0599077 -0.0208874 -0.193958 : 0.2
1 0.565771 1 -0.219912 -0.745109 0.389611 0.39011 0.172364 0.286414 : 0.3
0.859307 0.429487 0.971227 0.335162 0.19835 0.195898 0.103249 -0.0353814 0.345474 : 0.4
0.523619 0.328346 0.818589 0.674194 -0.549949 -0.274177 0.0690815 -0.168546 0.0647297 : 0.1
0.706136 0.467791 0.602096 -0.338186 -0.901733 -0.537135 0.0830734 0.185443 0.139766 : 0.5
0.757614 0.788609 0.909637 -0.352789 -0.0140485 0.768882 -0.0993897 -0.529208 -0.628005 : 0
0.71492 0.44381 0.801677 0.127038 -0.0265787 0.878856 0.697126 -0.188298 1 : 0.2
0.539146 0.423516 0.766182 0.282706 -0.658848 -0.298541 0.494595 -0.172367 0.223099 : 0.1
0.835771 0.284106 1 -0.0864571 -0.56317 -0.109728 0.0280957 -1 0.508178 : 0
1 0.39363 0.446793 -0.283932 -0.0114829 -1 0.524171 0.1606 0.83315 : 0.1
0.494982 0.330636 0.756763 0.674527 0.0676437 -0.736808 -0.0770978 0.632979 0.341641 : 0.1
0.858622 0.507246 0.988536 0.24249 -0.00802393 0.00393009 1 0.174328 0.368009 : 0.1
0.511824 0.292994 0.921513 -0.239039 0.49772 -0.665689 0.0864072 0.637677 0.745612 : 0.2
0.813995 0.378837 0.91915 0.431363 1 -0.989597 -0.000511333 -0.202461 -0.785191 : 0.4
0.376961 1 0.511586 -0.370843 -0.220138 -0.75399 0.661917 0.763087 0.796919 : 0.2
0.682368 0.277369 1 -0.395815 -0.264026 0.0908411 0.287784 -0.00096488 0.287858 : 0
0.74147 0.691676 0.374949 -0.0349315 -0.188649 -0.619121 0.245002 -0.60857 0.163538 : 0
0.916731 0.608313 1 -0.241975 -0.21476 0.10783 0.462654 0.572954 0.472083 : 0.4
1 1 1 0.402469 -0.502078 1 -0.188626 0.19135 -0.14041 : 0.2
0.623515 0.698871 0.664591 0.343533 -0.00768822 -0.00563899 0.19173 0.368602 -0.299556 : 0.1
0.9305 0.552267 0.879343 0.135914 -0.175771 -0.246455 0.336358 -0.189566 -0.38959 : 0.4
1 0.537187 1 -0.467489 -0.676839 0.345534 0.48315 0.652824 0.332731 : 0.2
0.897144 0.871585 0.804886 -0.209405 0.615047 0.180342 0.16829 0.377167 -0.022487 : 0.3
1 0.078516 0.0656514 -0.718725 0.0172 -0.684634 -0.0208413 -0.315846 0.302488 : 0.1
0.820575 0.426656 -0.481631 0.389237 -0.16874 -1 0.402115 -0.736549 0.536476 : 0.1
0.981272 0.3264 0.798077 0.624407 -0.945399 -0.427038 0.233981 0.673527 0.542875 : 0
0.548001 1 0.647631 -0.452711 -0.322132 -0.347502 0.328037 0.259455 0.00555931 : 0
0.492442 0.50094 0.434958 0.191167 0.125716 -0.258208 1 0.247429 0.606678 : 0.4
0.707738 1 -0.4585 -0.0271168 0.311391 -0.374134 1 -0.254352 -0.011728 : 0.1
0.626328 0.282432 0.955778 0.0723582 -0.404878 0.0352795 0.833952 -0.164776 -1 : 0.1
0.99363 1 0.973143 0.750841 -0.149795 -0.344458 -0.505575 -0.255706 -0.00960737 : 0.4
0.571319 0.34057 0.73513 -0.86982 -0.610337 -1 0.0154621 0.0603909 -1 : 0.1
0.885559 0.305575 0.988258 0.440605 -0.0277309 -0.13123 0.551312 -0.0830616 0.672369 : 0.1
0.864599 -0.0175701 0.429255 -0.493443 -0.680593 -0.327084 -0.191165 -0.132674 0.174039 : 0.2
0.578865 0.559563 0.719217 -0.223552 0.0268096 -0.972751 0.0336307 0.00320198 -0.234752 : 0.2
0.979403 0.287769 0.889417 0.0405831 0.0657418 -0.983261 0.934046 -0.217236 -0.782787 : 0
0.640764 0.710493 1 -0.784035 -0.230713 -0.674326 1 -0.234775 0.402718 : 0.4
0.504292 1 0.797204 -0.263976 -0.268409 0.63553 0.216665 -0.0586373 0.891946 : 0.1
0.640701 0.389409 0.965055 -0.0331211 -0.0833476 -0.432953 0.286829 -0.0641065 0.220726 : 0
0.570561 0.172653 0.733258 0.187531 -0.533081 -1 -0.0692842 -0.109593 0.61179 : 0.2
0.34172 0.585906 1 -0.388078 0.04436 -0.378974 0.897616 0.146442 0.629123 : 0.3
0.740344 0.523815 0.929177 0.655698 0.243338 -0.484687 -0.000190958 0.271605 0.625998 : 0.2
1 -0.291325 0.668491 0.0615195 -0.279177 -0.379042 0.344311 0.247131 -0.0720183 : 0
0.903175 0.140376 0.827384 -0.889539 -0.678859 0.0972979 -0.0432251 -0.20468 0.203796 : 0
0.455154 0.308822 0.767556 -0.48458 -0.0585349 -0.366208 0.363062 0.719699 0.324261 : 0.2
0.595495 0.374757 0.347076 -0.267852 -0.526231 0.112983 0.145569 -0.147187 -1 : 0.4
0.789613 0.50801 0.912768 -0.120331 0.488002 0.0831322 0.170192 -0.613438 0.322652 : 0.4
0.685556 0.219028 0.591625 0.0372369 -0.487579 -0.909518 -0.134074 0.173386 0.228617 : 0.2
0.602374 0.416572 0.683774 -0.0437822 -0.416733 -0.445604 -0.0895097 0.882457 0.373411 : 0
1 0.0561054 1 0.237144 -0.474528 -0.338051 0.311055 0.731751 -0.062306 : 0.1
0.915889 0.500337 0.695945 -0.103002 -0.207059 -0.439417 0.896483 0.195973 0.438988 : 0.5
0.669837 0.43385 0.9639 0.0539377 -0.107971 -0.193318 0.205484 0.10752 0.129566 : 0.3
0.357092 0.273656 0.644145 1 0.247285 0.0613605 -0.150017 -0.940528 0.612902 : 0.1
0.41614 1 0.944395 -1 -0.7387 -0.422937 0.560738 0.736687 0.153781 : 0.2
0.632605 0.694625 0.961723 0.0412876 -1 0.254838 0.0341491 0.836686 -0.00384164 : 0.3
0.8713 0.00789091 0.994081 0.380143 0.0164322 0.0830173 0.255941 -0.077258 0.255257 : 0
0.651008 0.239907 1 0.188827 -0.34902 -0.934745 -1 -0.64635 0.325889 : 0.2
1 0.483864 0.12249 -1 0.0651561 -0.55126 -0.0631546 0.720744 -0.256578 : 0.4
0.556386 0.397148 0.836397 0.144875 0.157557 0.414205 0.0493556 0.311517 0.343746 : 0.3
0.761156 0.378949 0.751744 0.0723833 -0.115517 -0.368751 -1 -0.143533 -0.247674 : 0.4
0.482071 1 0.607837 0.715399 -1 0.152732 0.487919 0.68242 0.0911805 : 0.1
0.526972 0.198996 0.780211 -0.2719 -0.479705 0.318983 -0.189818 0.263836 -0.699071 : 0.2
0.359863 -0.0383595 0.721759 -0.470056 -0.146019 0.917318 -0.151591 0.452921 0.177059 : 0.4
0.588461 0.549999 0.883426 -0.538185 0.0249387 -0.256003 0.226987 -0.154244 0.127751 : 0.2
0.624819 0.159298 1 0.451356 -0.116144 -1 -0.096667 -1 0.560614 : 0
0.682716 0.424212 0.82691 -0.624094 -0.306681 -0.166922 0.358503 0.33477 -0.321687 : 0.2
0.489146 0.306683 0.742541 0.312691 -0.312942 -0.856899 0.122191 -0.269582 0.0401888 : 0.6
1 0.425286 0.827349 0.983945 0.113425 0.0514785 -0.26025 1 -0.0364351 : 0.3
0.690025 -0.0590632 0.664318 0.0952683 -0.0501838 0.0507749 0.29282 -0.516869 0.252347 : 0
0.55583 0.463377 0.589907 0.0687567 -0.105598 -0.0624332 -0.110741 0.445049 -0.519727 : 0.4
0.406036 0.421411 0.981841 -0.116377 0.193178 -0.570025 -0.0116536 0.22512 0.618059 : 0.3
0.257249 0.0950789 1 0.0271557 -0.0376476 1 -0.0172083 0.0789481 -0.150208 : 0
0.688861 0.67988 0.399801 -1 0.549714 -0.190865 0.473221 -0.183627 -0.808048 : 0.1
0.919551 0.518824 0.97547 -0.103976 -0.919108 -0.844638 -1 1 -0.322538 : 0.4
0.850632 0.374865 1 -0.309141 0.0139214 0.448389 0.00888112 -0.216958 0.382593 : 0.2
0.401934 0.567058 0.743482 -0.0229673 0.328803 -0.163004 -0.864588 0.270075 -0.89892 : 0.5
0.40356 0.718966 0.712901 -0.162598 -0.139127 -0.48506 0.258327 -0.659159 0.516837 : 0.4
0.685775 0.414311 1 -0.138629 0.276139 0.118861 -0.0903559 -0.323721 1 : 0.2
1 0.324792 0.621516 -0.38745 -0.129346 0.300458 -0.855745 -0.0747508 -0.176026 : 0.1
0.670264 0.398424 1 -0.0646946 -0.345526 -1 0.046553 0.229887 0.795763 : 0
0.85595 0.432655 0.86385 0.37035 -0.40313 0.436334 0.113888 0.495842 0.160055 : 0.2
0.416466 0.536997 0.992042 0.568118 -0.38682 -0.413585 -0.278772 -0.516858 0.0112727 : 0
0.286136 0.376071 0.828473 0.17459 -0.613184 -0.925924 0.259975 -0.122907 1 : 0.1
0.749845 0.990866 0.170902 0.319968 -0.418675 -0.178694 0.938904 -0.245629 0.421429 : 0
0.621723 -0.0256332 0.734129 -0.621126 -0.0347859 -0.904346 0.289054 0.148466 0.853251 : 0.2
0.547795 0.493368 1 0.824065 -0.0529115 -0.968428 0.20093 -0.225095 0.684414 : 0.3
0.744017 0.661408 0.537764 -0.0414289 0.102408 -0.238362 -1 -0.372373 0.0776241 : 0.2
0.927791 0.692097 0.408569 -0.528088 0.040538 -0.10603 0.0301959 -0.198566 -0.702384 : 0
1 0.946942 -0.133771 -0.141557 1 -1 0.16084 -0.241396 1 : 0
-0.0644587 0.341813 0.292535 -0.682534 1 -1 -0.0624297 -0.230016 -0.0704693 : 0.1
0.464385 0.205277 0.66303 0.514941 -0.131916 0.180231 0.401133 0.759977 0.81421 : 0.3
0.886397 0.412963 -0.122035 0.441739 0.527596 0.0595286 0.479095 -0.0785837 -0.271487 : 0.4
0.670912 0.541577 1 -0.0499014 -0.614915 -1 -0.00492257 -0.290817 0.175192 : 0.2
0.59013 0.337661 0.323521 -0.19441 -0.109623 0.275107 0.435496 0.128291 0.649456 : 0.3
0.585869 0.583643 1 1 0.0242909 -0.396985 0.0735894 -0.621541 -0.525833 : 0.2
0.843212 0.789956 0.996894 0.263595 0.0724815 0.535268 -0.176197 0.212984 0.417606 : 0
0.650072 0.779146 1 -1 -0.791586 -0.100726 0.0804965 0.180413 0.557796 : 0.3
0.760434 0.732005 0.602139 -1 0.310553 -1 -1 0.10715 -0.171636 : 0.4
0.614649 0.530406 0.302539 0.0317946 -0.443066 -0.312586 -1 0.586622 -0.562634 : 0
0.286078 0.89752 0.369558 -0.050751 -0.370399 -0.146848 0.76066 0.279637 0.117894 : 0.7
0.614899 0.377964 0.802089 0.154348 0.0429888 0.11975 0.893896 -0.431409 0.137929 : 0.3
0.5883 0.463044 0.919793 0.012662 0.305364 -0.0677352 -0.0392132 0.91406 -1 : 0.1
0.83009 0.243587 0.943495 -0.277424 -1 -0.520147 0.386144 0.372562 0.533063 : 0.2
0.617238 0.356865 1 -0.083933 -0.283729 0.414574 0.262151 0.513152 -0.277021 : 0.3
0.538722 0.28425 0.815686 -0.0664639 -0.227624 -1 0.0942149 -0.383536 -0.498241 : 0.4
0.549787 0.40885 0.624291 0.00886881 -0.979551 0.44805 -0.129831 0.783304 -0.815179 : 0.3
0.754736 0.453254 0.555586 -0.955065 -0.738792 -0.553242 0.358315 0.710959 -1 : 0.3
0.289503 0.215675 0.807117 0.0360236 -0.140025 -1 -0.179799 0.00459746 0.253127 : 0.5
0.981822 0.778941 0.724096 -0.0665097 -0.30858 0.40955 0.224932 -0.247495 -0.272232 : 0.4
0.972601 0.747949 1 0.300302 -1 0.190463 0.243246 0.108566 -0.393307 : 0
0.597206 0.301925 0.708405 -0.320366 -0.679932 -0.209145 0.555464 -0.161244 -0.19815 : 0
0.676711 1 0.696811 -0.468666 -0.0975287 -0.781599 -0.541563 0.285633 -0.758741 : 0.2
0.528573 0.416753 0.948047 0.10815 -0.455278 -0.925562 0.185327 -0.264176 -0.185586 : 0.1
0.397348 0.41236 0.897929 -0.192234 -0.405621 -0.218291 0.551865 0.266009 0.0648391 : 0.3
0.612861 0.215267 -0.555387 0.601124 0.0930326 -1 0.0687866 0.97348 -0.0830562 : 0.4
0.61124 0.535704 0.607697 0.0686261 -0.901036 0.639983 -0.0490011 -0.610799 -0.58232 : 0.3
0.627416 0.512507 0.919612 0.125084 0.241003 -0.0977868 0.978889 1 -0.614655 : 0
0.480048 0.508056 1 0.47695 0.058133 -0.975219 0.267218 0.283561 0.0836028 : 0.2
0.460613 0.61748 0.45807 -0.075818 -0.747062 -0.279692 0.556124 -0.553647 0.385397 : 0.2
0.292073 0.443058 1 0.124524 -0.438509 -0.998262 -0.326674 0.721695 -0.884332 : 0.6
1 0.386842 0.327571 -0.148243 -0.0179427 -0.719537 0.823439 -0.475963 0.924949 : 0.1
0.775896 0.155816 0.975705 -0.078861 0.0530982 0.070282 -0.348257 0.687217 -0.845356 : 0.2
1 1 0.848059 -0.47745 -0.104554 -0.137984 -1 0.623643 -0.106965 : 0.1
0.686371 0.421955 0.992846 -0.195765 -0.282156 -0.273588 0.0566667 0.482537 -0.610253 : 0.2
0.564431 0.479588 0.807713 1 0.027848 -0.0569896 0.508283 0.0403077 -0.190278 : 0.2
0.552033 0.195099 0.756567 0.41398 -0.381901 -0.966505 0.687945 -0.626078 -0.370973 : 0.3
1 0.371606 0.718389 0.14044 1 -0.421959 0.776514 0.957536 -0.355346 : 0.3
0.590984 0.650951 0.865626 0.183681 -0.18981 -0.0304979 0.0824927 1 0.384404 : 0
0.753435 0.39519 0.768184 0.346501 0.0566049 -0.359835 -0.124976 0.327039 0.613164 : 0.2
0.51935 0.495009 0.842612 -1 -0.0370723 -1 0.875833 -0.615932 -0.192584 : 0
0.465798 0.54577 0.903107 0.336139 -0.180615 -0.101252 0.393724 1 0.576604 : 0
0.903806 0.306941 0.844433 0.663782 -0.264468 0.476311 0.144671 -1 0.247726 : 0.1
0.703694 0.271456 0.930386 0.348137 -0.414851 0.143605 -1 0.617924 -0.948244 : 0
0.314413 0.451851 1 0.550217 -0.104602 -0.126777 0.132848 0.216659 -0.479546 : 0.6
1 0.381382 0.838318 0.0178204 0.0156872 -0.343532 0.0239923 0.814337 0.248997 : 0.2
1 0.70875 0.958194 -0.0969103 -0.0517941 -0.340141 0.92524 -1 0.090477 : 0.1
0.585704 -0.164382 0.522499 -0.552007 -0.228554 0.207313 0.748752 0.261856 -0.152546 : 0.1
0.639263 0.576462 0.775078 0.0998883 -0.281557 -0.5312 0.945883 -1 0.437517 : 0
0.935346 0.871544 0.383563 -0.801994 0.00448595 -0.443118 -0.882104 0.149484 -0.211154 : 0.2
0.725836 0.342487 -0.0988875 0.228501 -0.710488 -0.37033 -0.40899 -0.0192172 0.215103 : 0.5
0.919899 0.591079 0.403821 -0.127997 -0.837136 -0.060753 0.534575 0.377757 0.978705 : 0.3
0.541945 0.314407 0.497762 -0.236326 -0.269993 -0.436262 1 0.948061 -0.29658 : 0.2
0.914633 0.291767 1 -0.693967 0.177569 0.183597 0.38574 0.562286 0.875756 : 0
0.681848 0.348022 0.976146 0.0228363 -0.99263 -0.247419 -0.151751 1 0.36068 : 0.3
0.998425 0.599636 1 0.17992 -0.160968 -0.114855 0.0226525 -0.145583 0.386609 : 0.2
0.60067 0.421231 0.842268 -0.51122 -0.693362 -0.887309 0.419863 0.318606 0.235161 : 0.3
0.888532 0.361723 0.337812 0.14391 -0.788702 -1 0.285943 0.092277 -0.033551 : 0.4
0.196438 0.464825 1 -0.161849 -0.348294 -1 -0.355989 0.18213 -0.922892 : 0.2
0.987816 0.302725 0.691284 -0.0319391 -0.856454 -0.434339 -0.318837 0.646399 0.607142 : 0.1
0.305313 0.542897 -0.103444 -0.987368 -0.123368 -0.32318 0.679188 -0.368937 1 : 0
0.624646 0.531119 0.953552 -0.0863599 -0.697673 0.114118 -0.0782151 0.0364481 0.0447074 : 0
0.79881 0.814824 0.792155 0.00884192 -0.116773 -0.0680596 -0.616238 1 0.224168 : 0
0.773717 0.34027 0.919171 -0.166034 0.251085 0.257357 0.196092 0.449456 0.463465 : 0.4
0.933959 0.64864 0.977152 -0.847696 -0.0669203 -0.50663 -0.996824 0.896659 -0.430777 : 0.5
0.865105 0.616319 0.219948 0.47125 -1 -0.720037 0.181335 0.718398 -0.018271 : 0
0.325138 0.674862 0.830974 0.285444 -0.438372 -1 0.078401 -0.30103 -0.931915 : 0.1
0.775162 0.00278222 0.963964 0.0642536 -0.773671 0.208935 0.630947 0.402851 0.211642 : 0.3
0.729328 0.641089 0.361632 -0.511861 -1 -1 0.571328 -0.432303 0.243759 : 0
0.664983 0.391615 0.428481 0.132206 -0.669156 0.304769 0.220801 -0.248438 0.213182 : 0.4
0.85575 0.269836 1 -1 0.0788878 -0.0250648 0.229507 -0.593072 0.3389 : 0.1
0.786471 0.337733 0.697544 1 0.33718 -0.871009 -0.0067482 0.570461 -0.0339369 : 0
0.883555 0.452282 0.893699 -0.281325 -0.149587 0.576745 -0.0307514 0.119089 1 : 0.6
0.637151 0.34653 0.37242 -0.930468 -0.108528 -0.198799 0.37575 1 0.475689 : 0.2
0.883981 0.56992 0.991215 0.222906 -0.216778 -0.374371 0.282569 -0.755988 -0.505352 : 0
0.957066 0.00381331 -0.339033 0.166668 -0.19831 -0.296536 0.191217 -0.580389 0.459806 : 0.2
0.521534 0.454951 0.0960393 -1 0.216706 -0.379526 -0.129686 0.471943 -0.191337 : 0.2
0.598242 0.359171 0.907884 -0.643623 -0.609003 -1 0.291398 -0.35796 0.505699 : 0.1
0.49252 0.769118 0.013557 -0.725012 0.286083 -0.599688 -0.185719 0.424494 -0.309633 : 0.2
0.66746 0.600599 0.966958 0.61671 -0.200511 -1 -0.0889356 0.622831 0.380295 : 0.6
0.666726 0.647131 0.99508 -0.0249237 -0.173328 -0.00653255 0.288857 0.314456 -0.186368 : 0.1
0.6714 0.0511416 0.353234 -0.344475 0.308692 0.290051 0.375226 -0.262038 -0.00423825 : 0
0.697631 0.32849 1 -0.50264 -0.615066 0.501146 -0.0585274 -0.193782 0.0606598 : 0.3
0.408626 0.468598 0.0347265 0.10576 1 -0.196024 0.421528 0.207741 -0.00324625 : 0.3
1 1 0.737105 -0.386443 0.0758857 0.0144777 0.120995 0.151959 0.404833 : 0.2
0.757421 0.637648 0.995068 -0.0414624 -0.482654 -0.738252 -0.889339 -0.253567 0.0640199 : 0
0.310414 1 1 0.455592 0.147238 -0.130868 0.0352746 -0.617347 1 : 0.2
0.590192 0.560311 0.715666 0.911558 -0.372496 -0.737011 0.459496 -0.270984 -1 : 0.3
0.510379 0.244206 1 -0.3435 -0.120257 -0.796166 0.317186 0.289216 0.846287 : 0.2
1 0.166787 0.66771 0.036636 0.0579655 -0.722314 0.561201 0.0848194 -0.176551 : 0.2
0.902828 0.0708088 0.95347 -0.466353 0.227681 -0.276264 0.182535 0.0747477 -0.0636916 : 0.2
0.510594 0.299838 0.179348 -0.201259 0.245163 -0.666963 0.463806 0.661845 0.762992 : 0
0.516146 0.364444 0.400345 -1 0.0583699 -0.732693 -0.156198 -0.144186 0.0507315 : 0.1
0.541078 0.450279 1 -0.421233 -0.701906 -0.652826 0.64425 -0.400859 0.972427 : 0.6
0.628353 0.560974 0.727222 0.226012 0.971987 -0.18302 -0.286233 -0.265685 -0.614174 : 0.2
0.656407 0.253744 0.966773 -0.51488 0.182946 0.260321 0.217742 0.0666247 0.267279 : 0
0.770352 0.518074 0.810618 -0.882804 -0.387236 -0.131963 0.780057 -0.246546 0.182531 : 0
0.590801 0.466996 0.936631 -0.11862 0.00979156 -0.591941 0.230642 0.134836 -0.705375 : 0.3
0.805396 0.844648 1 -0.45362 -0.287768 0.497496 1 0.340472 -0.298753 : 0.4
0.790747 0.466854 1 -0.46347 -0.973049 -0.14233 0.491012 -0.133836 -0.793898 : 0.1
0.954389 0.282271 0.359687 0.662595 -0.0601448 -1 0.813518 -0.110379 0.35845 : 0.1
0.774877 0.150152 0.811476 -0.752413 -0.809801 -0.18647 0.0382643 0.427377 -0.362852 : 0.1
0.639237 0.443264 1 -0.100189 -0.509693 -0.327731 0.418194 0.0632746 0.308869 : 0.4
0.66727 1 0.151432 -0.207962 0.273384 0.158664 0.207322 0.175851 -0.0558605 : 0.3
0.938937 0.106616 0.783734 -0.221047 -0.518662 0.227843 -0.211937 0.411084 1 : 0.1
0.697766 0.553765 0.545448 0.0170307 -0.736175 -1 -0.131927 -0.10158 -0.781982 : 0.1
0.517251 0.444061 0.65417 -0.201655 0.0362978 -0.00822127 -0.616024 0.0938649 0.560085 : 0.2
0.573876 0.214441 1 0.403146 -0.506677 -0.784832 0.552141 -0.392461 0.294026 : 0.3
0.617454 0.393632 1 -0.675299 0.0895945 0.321419 -0.0237487 -0.172787 -0.457258 : 0.3
0.494363 0.62098 1 -0.0804142 0.0898142 -0.78089 0.547811 -0.34669 0.0392724 : 0.4
0.66223 0.362731 0.697395 -0.702408 0.0309992 1 0.572951 -0.126466 0.304367 : 0.1
0.944598 1 1 -0.240411 -0.319496 0.342345 0.286373 -1 -0.285944 : 0.6
0.553514 0.421855 0.649705 -0.891652 -0.275861 -0.590188 0.803868 -0.637001 0.256647 : 0
0.288701 0.210388 1 0.164995 -1 0.480429 0.368105 -0.0155787 0.190368 : 0.3
0.587288 0.11803 0.714861 0.400754 -0.208076 -0.525446 -0.0338843 0.137651 -0.0520087 : 0
0.5925 0.156359 0.771379 0.477922 -0.191362 -0.861619 0.670935 -0.261192 0.306013 : 0
0.928378 0.311187 0.654086 -0.656496 0.418296 -1 0.248972 -0.145165 0.707346 : 0.3
0.446432 0.647213 0.76514 0.0592147 -0.690554 -0.482278 0.020965 -0.00643203 -0.364184 : 0.1
0.892142 0.230459 0.783683 -0.109861 0.689148 0.604948 -0.304134 -0.219725 0.159091 : 0.2
0.859304 0.723586 0.361539 -0.948142 -0.266459 -0.611032 -0.342342 0.0435225 -0.276271 : 0
0.60315 0.303198 1 0.652375 -0.982316 -0.494479 0.465375 -0.311921 0.400941 : 0.1
1 0.606876 0.933635 0.0408168 0.0960579 0.0734794 0.439494 0.19253 0.512062 : 0.2
0.734371 0.644601 0.664917 0.759496 -1 -0.5208 0.24013 1 -0.0565684 : 0.1
0.801988 0.446436 0.909169 0.00609899 -0.214742 1 0.621111 0.505029 0.175091 : 0.1
0.848827 0.872279 0.887135 0.0871246 -0.140671 -0.225024 0.024011 -0.262429 1 : 0.1
0.650892 0.340977 0.913018 0.350799 -0.689443 -1 0.0270747 0.526848 -0.989085 : 0.5
0.651937 0.884389 0.870398 -0.266789 -0.130831 -0.0896348 0.228151 -0.0224313 0.102852 : 0.2
0.925431 0.187015 0.972699 -0.197948 -0.0468565 -0.069265 0.669227 -0.398686 -0.453504 : 0.2
0.641775 0.350984 0.593693 0.439876 -0.291236 -0.112176 0.26441 -0.939545 1 : 0.3
0.378835 0.650664 1 0.214195 -0.468447 -0.846386 -0.37699 0.670851 0.047181 : 0.5
0.326695 0.971528 0.565335 0.65421 0.191528 0.120064 0.389432 0.196038 -0.153321 : 0.4
0.62203 0.633188 0.920545 0.0947289 -0.400661 -0.127975 0.535235 0.885537 -1 : 0
0.90765 0.408705 0.937154 0.350228 0.0344058 0.0436941 -1 -0.191317 0.64676 : 0.1
0.773922 0.575457 0.75662 -0.734058 0.102986 -1 -0.479944 0.475916 -0.186331 : 0.2
0.740326 0.319354 0.828631 0.252224 0.509298 -0.993269 0.603765 -0.296957 0.763462 : 0.1
1 1 -0.0868548 -0.952996 0.108444 -0.460275 -0.17351 -0.534591 -0.195482 : 0.5
0.682267 0.411143 0.788387 0.799841 -0.0527568 -0.315168 0.259672 -0.105267 -0.238496 : 0.1
0.976912 0.122069 0.612912 -0.378993 -0.128551 -0.136972 0.800521 0.0278021 0.450306 : 0.3
0.560501 0.470425 0.850252 -0.12574 -0.142268 0.0229432 0.0299036 0.614919 -0.401716 : 0.2
0.948038 0.678672 0.651966 0.0452197 0.00366673 -0.0281421 -0.346432 0.529169 -0.249209 : 0.1
0.666323 0.525972 0.0801468 -0.892972 0.248743 -0.463643 0.0785468 0.283816 0.241089 : 0.5
0.46232 0.595303 1 0.322286 1 -0.109578 0.457568 -0.671749 0.463942 : 0
0.723552 0.351444 0.927832 -1 -0.116845 -0.20536 -0.738646 0.681682 0.146492 : 0.2
1 0.69891 1 0.236472 -0.42654 -0.158204 -0.30759 -0.305198 0.27223 : 0
0.877344 0.413 0.939417 0.0653137 0.622144 -0.0384873 0.578736 0.295231 -0.543714 : 0.3
1 0.405084 1 0.205986 -0.632233 -1 0.0860548 -0.00507005 1 : 0.3
0.52488 0.542815 0.709442 0.154327 0.69353 -0.22041 0.0518272 -0.116919 0.186726 : 0.3
0.589508 0.38993 0.0948327 -0.356408 -0.902714 -0.956485 0.0398468 -0.139009 -0.249252 : 0.2
0.0716238 0.157132 0.550981 -0.748247 -0.88178 -0.532132 0.359046 -0.225285 0.303777 : 0.3
0.729739 0.753513 0.998807 -0.189734 -0.875893 -0.787266 -0.596824 0.264319 0.234484 : 0
0.729016 0.175384 0.40993 0.553271 0.96738 -0.221767 0.933625 -0.428134 0.0225826 : 0.1
0.637424 0.651365 1 0.87803 -0.122936 -0.11131 0.0731567 0.0613169 -0.251182 : 0.5
0.896805 0.924165 0.538897 -0.840913 -0.542366 0.868492 0.497114 -0.0230209 0.342501 : 0.3
0.582149 0.663637 1 -0.0196367 -1 0.0839766 -0.1838 -0.560968 0.426371 : 0.2
0.888951 0.398106 -0.112124 -0.181178 -0.674553 -0.405084 0.049932 0.758823 -0.0398011 : 0.1
0.485511 0.445729 0.995317 -0.570197 -0.0423935 -0.384807 -1 -0.313673 0.0201958 : 0
0.409669 0.42156 0.53501 0.0819575 -0.772703 1 0.651459 -0.253938 0.22156 : 0.3
0.640636 0.0557041 0.856553 0.480573 0.189028 0.173057 0.310254 0.788821 -0.0191444 : 0
0.324828 0.4337 0.175148 -0.0969231 -0.431538 -0.12283 0.559113 -0.464192 0.827335 : 0.6
0.658243 0.455645 0.845931 -0.0694097 0.405884 -0.36897 0.988152 0.698242 0.79839 : 0.5
0.55476 0.50302 0.897248 -0.713806 -0.135072 -0.04339 0.865427 -0.341634 -0.0571197 : 0.3
