0.957683 1 0.969706 -0.644485 -0.141254 -0.671043 0.965531 -0.186685 0.352998 : 0.1
-0.0793442 0.468636 0.857449 -0.44067 0.559084 -0.150248 0.331678 0.546629 0.0814903 : 0
0.603888 0.420135 0.726459 -0.280625 -0.986188 -0.391798 -0.197313 -0.243198 0.569813 : 0.2
0.845271 0.621714 0.869304 0.703769 0.496249 0.0488488 0.400391 0.42245 0.462717 : 0.4
0.625763 0.74159 0.909459 -0.742946 -0.768939 -0.628233 -0.255971 0.247199 -0.423004 : 0.3
0.487068 0.399405 1 -0.242972 -0.209621 -0.782251 0.264949 0.411328 -0.0280211 : 0.3
1 0.448348 0.817163 -0.738875 0.285405 0.501279 0.969124 -0.132586 -0.239776 : 0.2
0.598968 0.207681 0.969569 -0.641131 -0.120074 0.104619 0.589946 0.0773486 -0.154586 : 0.3
0.744435 0.380071 0.959528 -0.626127 -0.986238 -0.226601 0.0610725 -0.131074 -0.997592 : 0.5
0.156221 0.627709 0.858036 0.11812 0.331522 -1 -1 -0.209601 0.302922 : 0
0.822316 0.472855 0.882144 -0.139397 -0.840404 -0.0011071 0.758043 0.0229842 -0.134251 : 0.6
0.516962 0.486255 0.786377 -1 -0.649874 -0.864539 -0.139911 0.814873 -0.0305343 : 0.2
0.402619 0.364593 0.99169 -0.427948 0.6739 0.401343 0.268485 1 -1 : 0.1
0.677831 0.296549 0.946527 0.0616797 -0.17448 0.186297 0.573957 1 0.686858 : 0.4
0.415259 0.66348 1 -0.154027 -0.420152 -0.743617 0.93257 -0.0458964 0.488973 : 0
0.747561 0.625443 0.909081 -0.209953 0.502888 -0.63663 0.98501 0.59143 0.670272 : 0.2
0.723723 0.115759 0.861564 -0.122774 -0.728612 0.317534 0.830383 0.236402 -0.129506 : 0.4
0.999859 1 0.876008 -0.0852813 0.165223 -0.564736 0.282282 -0.330431 1 : 0.2
0.46774 0.458133 0.955086 -0.364672 -0.0793294 -0.465314 0.730105 -0.8331 0.638968 : 0.3
0.960914 0.153228 0.846292 0.00773327 -0.208373 -0.512505 0.706221 0.600196 0.42935 : 0.4
0.486286 0.353823 0.795992 -0.406145 0.38598 0.789725 0.570014 -0.596011 0.786556 : 0
0.54847 0.417577 0.797761 -0.353024 0.0918582 -0.0811321 -0.122019 -0.0118986 -0.177605 : 0.6
0.738664 0.341917 0.977517 -1 0.795892 -0.178112 0.0994594 0.618156 0.145998 : 0.2
0.560522 0.598334 0.996543 -0.316662 0.70002 -0.771524 -0.190436 0.338663 0.325602 : 0
0.717019 0.0574487 0.459448 -0.46038 0.213256 -0.172486 0.50805 -0.583347 -1 : 0.3
0.918137 0.264499 0.896019 -0.459515 -0.212362 0.0511364 0.342146 -0.448812 0.0720351 : 0.5
0.551409 0.670037 0.938531 -0.308473 -0.97077 0.0135822 0.598438 0.507255 -0.31574 : 0.3
0.734668 0.296374 0.966019 -0.593475 -0.512264 -0.576468 0.356672 0.739784 0.313653 : 0.3
0.64768 0.639182 0.896593 0.0127494 0.28777 -0.584727 0.353871 0.450256 -0.285984 : 0.2
0.521959 0.48147 0.891811 -0.681056 -0.016426 -0.708238 1 -0.0375501 -0.11262 : 0.4
0.763434 0.599567 0.812687 -0.68723 -1 -0.650552 0.220569 -1 0.292067 : 0.4
0.21681 0.566708 1 0.478336 -0.647376 -0.664017 -0.85391 0.192083 0.811221 : 0
0.814807 0.452171 0.724761 -0.496095 0.251775 -0.440107 0.626932 0.249926 -0.0152366 : 0.6
0.625031 0.498281 0.682002 -0.816501 -0.743271 -0.0236789 0.500056 0.630124 0.32667 : 0.3
0.731977 0.442029 0.997961 -0.70267 0.400811 0.657788 -0.982112 0.0453521 -0.0927383 : 0
0.673202 0.727268 1 -0.691038 0.208298 -0.551781 0.230675 0.918665 0.00479537 : 0.3
0.649895 0.396842 0.788305 1 0.109992 0.203336 -0.162914 0.66098 0.977763 : 0.3
0.648967 0.650973 0.246951 -0.773049 -0.492335 -0.888597 0.697013 -0.402272 0.411238 : 0.2
0.670629 -0.153275 0.95896 -0.297371 0.0280164 0.181585 -0.0518083 -0.83806 0.788446 : 0
0.70891 0.560774 0.880807 0.358237 0.316452 0.0887154 1 0.171057 -0.156257 : 0.4
0.742461 0.842767 0.979889 -0.802489 -0.693437 -1 0.799525 -0.154325 -0.340789 : 0.2
0.633479 0.579869 0.86712 -0.0909671 0.849438 -0.185399 0.462564 0.178743 0.47307 : 0.2
0.678096 0.715784 0.872886 -0.849131 0.852844 -0.658829 0.954803 0.274063 -0.0168066 : 0.1
0.927437 0.438165 0.711196 -0.561064 -0.882612 1 0.610737 0.555589 0.705853 : 0.3
0.565446 0.59141 0.962899 -0.477388 0.0789587 -0.179277 -0.0527923 0.716138 -0.950581 : 0.1
0.681893 0.525199 1 -0.998635 0.547562 0.414766 0.0349524 0.28762 -0.00241512 : 0.3
0.423963 0.37444 0.819872 -0.605699 -0.182944 -0.299338 -0.339684 -0.817009 0.537089 : 0.5
0.782938 0.739464 0.872196 -0.421541 -0.0121821 0.524202 0.191704 0.801541 -1 : 0.5
0.600922 0.0369232 0.886092 -0.144681 0.351458 0.195544 0.67505 0.467494 0.643899 : 0.2
1 0.616258 0.840807 -0.282893 -0.906824 -0.446093 -0.0342413 0.25725 -0.203294 : 0.3
0.598568 0.400599 0.664499 -0.86917 -0.347157 -0.86633 -0.0517356 -0.915082 -0.151432 : 0.2
0.300275 0.582148 0.945959 -0.171428 0.0517137 0.716653 0.588531 -1 0.447104 : 0.1
0.761341 0.348705 0.895203 0.0457947 0.236253 -0.516021 0.256367 -0.0214731 -0.479615 : 0.3
1 1 1 -0.239033 0.976147 -0.349986 0.546291 0.869518 0.836286 : 0.2
0.245257 0.545386 0.850591 -0.123307 0.547969 0.880752 0.523889 0.199293 0.478756 : 0
0.390893 0.550445 0.388574 -0.299441 0.480388 -0.263533 0.447041 0.889753 0.471527 : 0.1
0.724796 0.640033 0.724874 -0.110877 -0.722925 0.493124 1 0.487128 0.0297753 : 0.4
0.65594 0.469672 0.886463 -0.503397 -1 0.059673 0.289907 0.781826 0.033763 : 0.4
0.655704 0.497631 0.874847 -0.706833 -0.0231346 -0.251333 0.457533 0.303624 -0.632862 : 0.4
0.915645 0.290309 0.992479 0.737706 0.369107 0.279775 0.254891 0.220931 -0.19804 : 0.2
0.56444 0.538376 0.971082 -0.27854 0.335405 1 -0.220289 0.718487 -0.322864 : 0.1
0.4869 0.326894 0.70562 -0.670235 0.388239 -0.707791 -0.147544 0.0457378 0.413085 : 0.3
0.676518 0.659835 0.820843 0.349645 -0.577651 -0.620154 -0.294334 0.557229 1 : 0.4
0.542549 1 0.903378 -0.384542 0.646774 1 0.494431 0.568354 0.992333 : 0.1
0.653896 0.766466 0.894302 0.549112 0.152353 -0.00860847 -0.44724 -0.598156 -1 : 0.1
0.885968 -0.0956803 1 -0.351964 0.292728 0.591285 0.235412 0.177558 -0.535508 : 0
0.611548 0.274794 0.832331 -0.264876 -0.46823 0.513052 -0.226136 0.131853 -0.695436 : 0.3
0.813228 0.304342 1 -0.228973 0.316735 -1 -0.0816911 -0.043918 -0.083621 : 0.3
1 0.495445 0.699299 -0.343819 0.15367 0.368781 0.501593 0.415657 -0.133713 : 0.4
0.768523 0.795157 1 0.222651 0.305561 -0.85892 0.149514 -0.0947125 0.134241 : 0
0.499077 0.475503 1 -0.52267 0.910853 -1 0.288925 0.543382 0.998984 : 0.1
1 0.304503 0.90559 -0.164155 0.215464 0.237198 0.953628 0.152412 0.0474569 : 0.4
0.571283 0.0368053 0.833781 -0.136262 0.827655 0.518572 0.281536 0.715202 -0.585613 : 0.2
0.792653 0.596826 0.903011 -0.220919 -0.482072 -0.464393 0.710313 -0.323174 0.292134 : 0.5
0.821269 0.216669 0.77981 -0.438615 0.193759 0.655144 0.227294 0.32819 0.810227 : 0.3
0.701442 0.429247 0.798695 -0.172948 0.0741874 -0.396526 0.907686 0.650802 -0.319361 : 0.5
1 0.646897 0.950029 -0.245456 0.0623969 0.117233 -0.124065 -0.233308 0.0775565 : 0.6
0.641289 1 0.373815 0.561496 0.16304 -0.188354 0.846521 -0.251629 0.683069 : 0.1
0.529047 0.605337 0.989089 -0.538971 0.0892931 -0.0541133 0.47165 0.554915 0.979838 : 0.3
0.698401 0.361701 0.255298 -1 0.357692 -0.909048 0.538398 -1 1 : 0.1
0.352481 0.311703 0.923241 0.392949 -0.00031358 1 -0.0153905 1 0.000909925 : 0
0.585456 0.431493 0.854477 -0.434834 0.115662 1 0.788149 -0.0695169 -0.0891024 : 0.3
0.873057 0.19871 0.637354 -0.286485 0.386995 0.29194 0.764478 -0.662858 0.401808 : 0.1
0.604112 1 0.762126 1 0.360845 -0.462979 -1 -0.0539161 0.204309 : 0.1
0.667071 0.968007 0.952803 -0.735467 -1 -0.194152 1 0.83961 0.77593 : 0.2
0.640485 0.630684 0.97715 0.0429066 0.0185324 -0.477396 0.793215 0.738928 1 : 0.2
0.806927 0.61477 0.817869 -1 -0.199867 0.203646 0.749248 1 0.111744 : 0.5
0.489363 0.627884 0.819119 -0.590959 -0.129001 0.33759 -1 0.563296 -0.562461 : 0.3
0.727973 0.479833 1 -0.618301 -0.165298 0.18161 1 0.901135 -0.154525 : 0.3
0.477578 0.369633 0.974871 -0.556208 -1 -0.14897 -0.325325 0.614258 -0.254638 : 0.4
0.33665 0.355937 0.810469 -0.378418 -0.199117 -0.00985384 0.519628 1 -1 : 0.2
0.727269 0.590117 0.939609 -0.537117 -0.72794 0.284328 0.20653 -0.190685 -1 : 0.4
0.685583 0.492365 0.931814 -0.411781 -0.160998 -0.423207 1 1 0.214616 : 0.5
0.674869 -0.237741 0.829935 -0.0578426 0.394585 -1 0.61554 -0.242102 0.153523 : 0
0.868073 0.785366 1 -0.638144 -0.785136 -0.630398 0.765484 0.427899 -0.342372 : 0.3
0.599511 0.419418 0.993061 -0.698325 0.897566 0.472018 0.652265 -0.476213 0.563892 : 0
0.694969 0.416505 0.870643 -0.668107 0.811688 -0.0146076 -0.0951412 0.481014 -0.272984 : 0.4
-0.159708 0.357411 0.60187 -0.369273 -0.56781 -0.207761 -0.208597 -0.841503 0.629642 : 0
0.791521 0.160666 0.768711 -0.201839 1 -0.179693 0.190841 -0.0925484 -1 : 0
0.972368 0.661593 1 -0.365174 0.440821 0.634945 -0.70029 1 0.0556979 : 0.1
0.68157 0.45354 0.613016 -1 -0.385032 -0.443445 0.943118 0.25393 -0.0507244 : 0.3
0.885251 0.735759 0.788085 0.0990528 0.00657629 -0.111628 -0.0191524 0.249163 -0.28664 : 0.6
0.835494 0.392033 0.775356 1 -1 0.161593 0.182046 0.508469 0.602186 : 0
-0.175772 0.29621 0.886133 -0.19064 -0.184689 -0.429892 -0.0672983 1 0.179366 : 0
0.7783 0.471539 0.753998 0.0132097 0.0241814 0.603306 1 1 0.0360726 : 0.4
0.67367 0.589825 0.547474 -1 1 -0.698643 0.807852 1 -1 : 0.3
0.683561 0.626867 0.874132 -0.774537 -0.289383 0.0837789 1 -0.614448 0.514916 : 0.2
0.742867 0.347744 0.872857 -0.270596 -0.522997 -0.0755598 0.530357 1 0.685963 : 0.5
0.642172 0.0539335 0.910378 -0.337501 -0.381855 -0.102465 0.584429 -0.179368 -0.0570479 : 0.4
0.531984 0.402175 0.961487 -0.691283 0.216345 1 -0.592737 0.538209 -0.528579 : 0.3
0.691341 0.482741 0.845937 -0.518839 0.338999 -0.0681985 -0.352344 0.142138 -0.301866 : 0.3
0.362774 1 1 -0.574795 1 -0.283567 0.358173 0.630318 0.207756 : 0
0.714876 0.969654 1 -0.528547 0.180656 0.707188 1 0.636083 -0.0764955 : 0.2
0.286033 0.223996 0.879355 -0.142058 -1 -0.0476048 0.083287 -1 0.342648 : 0.2
0.790101 0.952136 0.991049 -0.0676364 -0.12475 -0.156689 0.934126 0.500687 -0.61664 : 0.4
0.685096 0.132515 0.781528 -0.592753 0.769424 -0.410969 0.232393 -0.774328 -0.598941 : 0.3
0.536314 0.469428 0.737859 -0.424258 0.0753819 -0.251662 -0.189531 0.228767 0.255473 : 0.4
0.457936 0.26831 0.998726 -0.674528 -0.652022 -0.297679 0.196583 -0.0778129 0.630957 : 0.4
0.581377 0.593543 1 -0.641871 1 1 0.56724 -0.137455 0.239144 : 0.1
0.596024 -0.590139 1 0.0881781 1 -0.944317 1 -1 0.59275 : 0
0.448721 0.600096 0.970853 -0.167962 -0.373145 -0.908375 0.770078 1 -0.309468 : 0.2
0.460292 0.781449 0.716482 -0.113405 -0.138635 1 0.819655 0.439651 -1 : 0.4
0.319856 0.592197 0.92381 -0.131131 -0.625924 0.0844569 0.377197 0.259041 1 : 0
0.650391 0.26911 0.86586 -0.467793 -0.25942 -0.0251547 0.445951 0.485634 0.156736 : 0.3
0.666968 1 0.899208 0.492753 0.593793 0.984359 0.314348 -0.0370745 -0.0639912 : 0.2
0.356894 0.575093 0.885557 -0.463621 -0.234652 -0.0898987 0.162694 -0.00348073 0.103053 : 0.2
0.576171 0.956675 1 -0.199409 -0.45969 -0.632741 0.339041 0.15108 0.710189 : 0.1
0.736316 0.599594 0.804898 0.357568 0.435657 -0.25527 1 0.730306 0.519219 : 0.3
0.742136 0.243698 0.695436 0.189762 -0.365711 -0.303371 0.290942 0.452553 0.0424085 : 0.3
0.794577 0.646146 1 0.00482529 0.306939 -0.0153049 0.377827 -1 0.569573 : 0.3
0.489882 0.602961 1 -0.289529 0.180282 -0.431135 0.631656 0.34627 1 : 0.1
0.488149 0.970842 0.871763 -0.789269 0.0179895 1 0.992859 0.307416 0.995635 : 0.1
0.709429 -0.0535212 0.833225 -0.434079 -0.375284 -0.279672 1 -0.719488 0.429439 : 0
0.720869 0.486408 1 -0.495794 0.0532655 -0.174227 0.0238219 0.702115 0.590639 : 0.2
0.532589 0.630624 0.933266 -0.669603 0.308675 -0.137927 -0.447538 -0.211778 0.171492 : 0.2
0.598892 0.0971973 0.86921 0.0972472 -0.572088 -0.139441 0.747416 0.832663 -0.0362094 : 0.5
0.765245 0.487603 1 -0.33161 -0.21205 0.732714 0.26173 0.495756 0.0173784 : 0.4
0.680493 0.590527 0.865396 -0.670319 -0.706412 -0.844459 0.291701 1 0.372873 : 0
0.520468 0.4121 0.887018 -0.592246 0.394301 0.422003 0.615864 -0.396151 -0.0855727 : 0.3
0.95597 0.51027 0.924506 -0.632929 -0.097499 1 -0.414683 0.624801 -0.624304 : 0.1
0.670534 0.244015 0.669306 -0.869693 0.476853 -0.217545 0.636506 0.299372 -0.0864688 : 0.3
0.492337 0.130043 0.922999 -0.398151 0.127003 0.589508 0.306187 0.895915 0.994835 : 0.2
0.674822 0.258997 0.674047 -0.20853 0.345885 -0.0730958 0.574603 -0.00624919 -0.197221 : 0.4
0.0632456 0.474141 0.848084 -0.0557065 -0.20422 -0.982699 0.780733 0.986295 0.184756 : 0
0.379991 0.329809 0.905341 -0.443445 -0.243585 0.236754 0.848433 0.320858 0.533929 : 0.3
0.366667 -0.225212 0.868537 -1 0.239894 -0.231652 0.0713606 0.541374 0.809392 : 0
0.492907 0.804686 0.755042 -0.312122 -0.0791193 -0.859657 0.7033 0.434641 -0.532077 : 0.1
0.806662 0.261025 0.963822 0.199562 1 -0.318055 0.111354 1 -0.374997 : 0.2
0.445697 0.359046 0.758992 -0.703743 -0.469771 0.69878 0.60668 -0.178236 1 : 0.1
0.48221 0.740393 0.826714 -0.585946 -0.0445662 -0.998253 0.188916 1 0.929432 : 0.3
0.645941 0.404742 0.792647 -0.416069 0.549192 0.752564 0.208756 0.806724 -0.323137 : 0.1
0.547819 0.277436 0.742358 -0.614639 -0.0425859 -0.355111 0.484334 0.388904 0.6095 : 0.5
0.702421 0.665043 1 -0.19536 -0.251427 0.352214 0.99522 -0.0781415 -1 : 0.6
0.706665 0.58536 0.924385 -0.642998 0.63834 -0.663455 0.313874 0.982776 -0.800923 : 0.3
0.545021 0.258577 0.670836 0.1528 -0.784319 0.561396 0.411121 0.676475 -0.362268 : 0
0.767076 0.319631 0.827459 0.384411 -0.196798 0.133366 0.47355 1 -0.0725264 : 0.2
1 0.482313 0.778888 -0.971788 -0.303121 -0.42657 0.716007 0.519568 0.240961 : 0.5
0.585981 0.395356 0.865739 -1 -0.0936979 -0.214562 0.979799 0.318808 0.471494 : 0.2
0.73308 0.564119 0.881333 -0.500899 -0.631761 -0.21079 0.541389 0.934153 -0.716287 : 0.6
0.72737 0.656789 0.733048 -0.574477 0.268706 -0.216005 0.87118 -0.336275 0.929925 : 0.4
0.899197 0.551457 1 -0.274135 0.229641 -0.636548 1 0.335562 -0.05658 : 0.5
0.696849 0.144554 0.858063 -0.515954 0.0243609 0.440799 0.548065 1 -0.655739 : 0.6
0.656476 0.777831 0.931844 -0.53527 0.126295 -1 -0.653341 0.229527 0.507808 : 0
0.666633 0.320783 0.926261 -0.592772 -0.0381843 0.321723 1 0.0261831 0.190377 : 0.3
0.661033 0.474382 0.811566 -0.652388 -0.0995128 -0.180963 0.715701 1 0.133014 : 0.3
0.856448 0.33443 0.736842 -0.867467 0.00052911 0.0492471 -0.189886 0.820028 0.512287 : 0.4
0.572305 0.417962 0.824995 -0.280484 0.718733 -0.572029 -0.405065 0.111396 -0.592528 : 0.1
0.759106 0.267746 0.942369 -1 -0.590434 -0.469804 0.290261 -0.448803 -0.356799 : 0.6
0.49549 0.531897 0.801942 -0.0796587 0.31547 -0.872748 -0.0417388 -0.158234 -0.402014 : 0
0.450449 0.501799 0.875671 -0.965546 0.259639 0.580229 0.678863 0.202647 -0.238868 : 0.3
0.57945 0.488697 0.81124 -1 0.494821 0.41647 0.564938 -0.152088 -0.413509 : 0.5
0.199403 0.53634 0.890308 -0.251128 -0.0612457 1 -0.0111573 0.834821 -0.710065 : 0.1
0.522141 0.458831 0.906238 1 0.195226 -0.139166 0.737568 1 0.807218 : 0
0.662362 0.255067 0.775994 0.0499609 0.663691 0.529456 0.61653 0.21804 -0.213469 : 0.3
0.702858 0.367093 0.711738 -0.102382 -0.596307 -0.611709 0.414289 -0.501166 0.926682 : 0.3
0.953357 0.523255 0.535303 -0.261564 0.417814 -0.227967 1 -0.0671238 0.876064 : 0.4
0.642452 0.647956 0.775784 -0.62548 -0.0424913 -0.346998 -0.0386422 0.382719 -0.227486 : 0.5
0.476962 0.524912 0.755944 -0.606042 0.125535 -0.545219 0.491777 1 -0.565032 : 0.1
1 0.503651 0.986848 0.135312 0.685317 0.653842 0.255064 0.60446 0.618101 : 0.2
0.772031 0.740729 0.906812 0.224263 -0.178089 -0.418495 -0.0712347 0.0291259 1 : 0.4
1 0.55037 0.735108 -0.226596 0.607374 -0.11628 0.502057 0.0995648 0.900118 : 0.3
1 0.466821 0.586188 -0.439403 1 1 0.330602 1 0.0581987 : 0
0.828623 0.493072 0.730943 -0.586494 0.216343 -0.257546 0.243889 0.17111 0.367796 : 0.6
0.423058 0.628343 0.95576 -1 1 -0.224322 0.227624 0.847738 0.221982 : 0
0.428543 0.56457 0.799159 -0.545562 0.199619 -0.53852 -0.23675 -0.719972 1 : 0.1
0.686821 0.372699 0.908799 -0.766007 -0.555003 -0.505821 1 -0.141208 -0.0383442 : 0.3
0.602323 0.531351 0.498298 -0.153915 0.788344 0.277307 0.52979 -0.0222941 1 : 0.1
0.385734 0.686975 1 -0.282231 1 -0.0648305 0.0850863 0.259209 0.96437 : 0.1
0.652745 0.425319 0.729547 -1 -0.0967939 -0.0723383 0.932448 -0.21501 0.081322 : 0.5
0.781972 0.495268 0.932728 0.343988 -0.439731 -0.110136 0.397548 0.228889 1 : 0.3
0.506792 0.273483 0.933566 0.00400734 1 -0.270109 0.499292 0.173576 0.761833 : 0
0.638431 0.510189 0.941091 -1 0.383105 0.743234 0.297946 0.864025 1 : 0.3
0.698959 0.614076 0.766069 -0.917138 0.596403 -0.427375 -0.19698 0.409168 0.176703 : 0.6
0.768687 0.393612 0.928057 0.0894678 -0.0882016 -0.593855 0.276922 0.439529 0.427524 : 0.3
0.559444 0.318828 0.928602 -1 0.243167 0.466007 1 0.857076 -0.133461 : 0.5
0.733425 0.135647 0.853735 0.209881 -0.0856257 -0.0445581 0.064045 -0.273783 -0.669978 : 0.2
1 0.508312 0.81208 -0.815742 -0.0605341 0.431527 0.530604 0.0544396 -0.413985 : 0.5
0.774479 0.632465 1 -0.547047 0.597756 -0.397562 1 -0.084448 -1 : 0.3
0.921814 0.322276 0.819252 0.215318 0.620498 -0.673831 0.771129 -0.588675 0.559102 : 0.1
0.908343 -0.348666 0.640188 -0.414501 0.835542 -0.603784 0.874924 -0.517005 -1 : 0
0.651283 0.812876 0.407571 0.359665 -0.776712 -0.121756 0.276798 0.967596 0.135319 : 0
0.617097 0.459239 0.932005 -0.192287 0.264902 0.403508 1 0.0498872 -0.266804 : 0.4
0.794878 0.510759 1 -0.793099 0.688157 -0.0631979 0.0248148 0.4911 0.335489 : 0.2
0.997083 0.38574 0.759691 0.0467782 0.156467 -0.920756 0.384341 -1 0.653301 : 0.2
0.458952 0.960905 0.974334 -0.509911 1 -0.808985 0.289325 0.680052 0.238823 : 0.1
0.813233 0.438468 0.976924 -0.348225 -0.748784 -0.746669 0.528702 0.90621 0.205609 : 0.4
0.552067 0.283613 0.982653 -0.448527 0.615335 -0.082012 0.298474 0.315018 0.525624 : 0.4
0.775829 0.742695 0.983138 -0.340667 -0.948493 -0.915851 0.671229 0.177677 0.684817 : 0.2
0.776904 0.530907 0.906756 -1 0.499469 0.0257783 -0.182974 -0.328076 0.0647387 : 0.3
0.464577 1 0.971 -0.455317 0.708288 -0.692799 0.078664 0.90939 0.21104 : 0.1
0.758196 0.825488 0.964547 -0.112698 0.947687 -0.148884 0.29913 0.946507 1 : 0
0.723307 0.633995 0.523703 -0.323178 -0.338498 0.339538 0.587499 -0.170978 0.545034 : 0.7
0.692828 0.398308 0.910772 0.137644 -0.870269 -0.0740129 0.137552 0.45671 0.214493 : 0.4
0.867819 0.667492 0.781175 -0.179826 0.333793 -0.827925 0.0977305 1 0.529409 : 0.3
0.739602 0.529293 1 -1 -0.0254569 -0.512914 0.140343 -0.359391 0.719561 : 0.3
0.501356 0.541251 0.936736 -0.568438 0.546332 -0.218623 -0.411243 0.892363 -0.662175 : 0.1
0.655412 0.690662 0.892626 -0.800527 -0.203889 -0.486066 0.258807 0.0850915 -0.689992 : 0.3
0.675452 0.409325 0.733101 -0.71176 0.204647 -0.0310627 0.223329 -0.104204 0.520921 : 0.4
0.615491 0.499194 1 -1 -0.209278 -0.542966 -0.310451 0.172043 0.470067 : 0.3
0.497945 0.787678 1 -0.818674 0.404868 -0.043394 0.555079 0.647015 0.262 : 0.1
0.754437 0.61853 0.862255 0.18616 0.417751 0.605113 0.365014 0.0976301 -0.11882 : 0
0.543482 0.833125 0.757853 -0.4089 -0.0394694 -0.426793 -0.172597 -1 -0.6874 : 0
0.882787 0.785534 0.780544 -0.613567 -0.330431 0.101964 0.409884 -0.270594 0.861782 : 0.5
0.693829 0.574481 0.913763 -0.527228 0.345197 1 0.387843 0.529541 -0.172901 : 0.1
0.66906 0.436738 0.987461 -0.455558 -0.996656 -0.638384 0.119654 -0.1874 -0.621177 : 0.3
1 0.30664 0.832943 0.266896 0.0656503 0.40149 0.627555 0.691182 0.222032 : 0.3
0.633233 0.126404 0.733149 0.0389208 0.316614 -0.762627 1 1 0.277693 : 0.3
0.692233 0.849952 1 -0.131536 0.402122 0.276457 -0.117294 0.267574 -1 : 0.1
0.484479 0.211463 0.780599 0.754913 -0.0458498 -0.731801 0.0848578 -0.115837 -0.654856 : 0.4
0.80938 0.304137 0.732904 -0.461808 -1 1 0.602163 0.169843 -0.537247 : 0.1
0.508138 0.965668 0.933342 -0.123426 1 1 1 0.566877 0.991009 : 0.1
0.659143 0.984635 0.930073 0.719913 0.115425 -0.0933977 0.393839 -0.204388 -1 : 0.1
0.0261106 0.486496 0.788 -0.371719 0.540673 0.295397 0.699951 -0.408782 0.682111 : 0.2
0.580576 0.0403182 0.986686 -0.617119 0.0728118 0.931944 0.0890164 1 -0.80634 : 0.1
1 0.530926 1 -0.265202 1 0.085333 0.5651 0.392783 0.697714 : 0.3
0.511367 0.183644 0.706744 -0.523157 -0.274239 0.0588659 0.69389 -0.226508 0.0778846 : 0.5
0.582991 0.8684 1 -0.750319 -0.00341122 -0.574171 0.152016 0.15508 1 : 0.3
0.434106 0.479498 0.800978 -0.916753 0.722375 0.442123 -0.631499 0.128913 0.915185 : 0.2
0.143093 0.773946 0.784583 0.457706 0.489826 -0.260657 0.15599 0.164767 1 : 0
0.828401 0.546101 0.75839 -0.736012 0.428152 -0.12189 -1 -0.341981 -0.207521 : 0
0.72729 0.726213 1 -0.629884 0.145381 -0.515374 0.392999 0.656474 -0.897432 : 0.4
0.267705 0.351684 0.974697 -0.310133 1 -0.314636 0.295093 0.180396 0.915852 : 0
0.66007 0.261421 0.890736 -0.940851 0.198562 0.507522 0.166119 0.0203911 0.255717 : 0.3
0.690371 0.108375 0.881192 -0.0734963 0.292207 -0.383099 0.195198 0.570164 -0.382853 : 0.3
0.377331 0.581008 0.785636 -0.719319 0.110125 -0.450732 0.273074 -0.542305 -0.163043 : 0.4
0.569268 1 0.895398 -0.105123 0.102587 -1 0.879717 0.607127 -0.183155 : 0.1
0.383026 0.838426 0.942962 0.0602614 -0.358813 -0.0742726 0.762219 0.353543 1 : 0.1
0.608979 0.233073 0.928519 -0.416189 0.407594 -0.91008 0.563924 0.660354 0.528796 : 0.1
1 0.388725 1 -1 0.768102 -0.426948 1 0.42161 0.576309 : 0.3
0.641132 -0.0253137 0.864847 -0.761512 1 0.306594 0.566327 0.49905 -0.515526 : 0.1
0.300186 0.680183 0.531892 -0.166992 -0.440279 -0.851039 -0.30091 0.458922 0.960446 : 0.2
0.709825 0.23029 0.978089 -0.338872 -0.871333 0.501891 0.61275 -0.257392 0.431694 : 0.4
0.648406 0.658544 0.955803 -0.659243 0.0801425 -0.355212 0.416316 0.385095 -0.413053 : 0.1
0.605303 0.762172 0.812249 -0.251201 -0.231089 -0.66243 0.292758 0.6142 -0.0816407 : 0.1
0.686206 0.521347 0.987242 -1 0.278794 -0.0321666 0.592817 -0.189836 -0.277493 : 0.2
0.510056 0.547602 0.85338 -0.330661 1 -0.357021 -0.365719 0.818283 -0.252076 : 0
0.703455 0.429494 0.748448 -0.430036 -0.167325 -0.59513 0.749534 -0.0526206 -0.700141 : 0.4
0.642066 0.553689 0.723699 -0.745462 -0.0266538 -0.148255 0.769691 0.475881 0.48746 : 0.2
0.760111 0.265644 0.89863 -0.261299 -1 -0.0453718 0.112082 0.624574 -0.484956 : 0.2
0.506973 0.456726 0.655965 -0.338413 1 -0.598479 0.339598 -0.175285 0.312957 : 0
0.604748 0.896999 0.964745 -0.436473 0.920864 -0.632294 0.86945 0.770753 -0.202623 : 0
0.553233 0.512349 0.658054 -0.23916 0.0846048 1 -0.299951 1 -0.350744 : 0.1
0.5592 0.626146 0.39912 -0.267026 0.346966 0.202004 0.22428 -0.224739 0.84806 : 0.3
0.73315 0.95124 -0.0724256 -0.694499 0.143784 1 0.547489 0.12785 -0.962431 : 0
0.686544 0.381529 0.914008 -0.285158 0.031616 0.811684 0.605642 0.532698 0.311737 : 0.3
0.296847 0.28442 0.797873 -0.0251129 -1 -0.516655 -0.0990733 0.447955 1 : 0.1
0.635137 0.570005 0.731712 0.134371 0.231657 -0.575771 0.413176 0.144688 0.583572 : 0.2
0.374337 0.366801 0.919831 -0.91943 1 1 0.114089 0.263385 0.0224972 : 0
0.543518 0.620787 0.878414 0.0838314 0.451071 -0.883145 0.988658 0.864385 0.61591 : 0
0.334576 0.531763 0.932911 0.557641 -1 0.158118 -0.892815 0.693254 -0.634619 : 0
0.677528 0.752045 1 0.0475875 0.769823 -0.331566 0.358534 0.290967 0.341518 : 0.2
0.743233 0.56188 0.966167 -0.126579 -0.680617 -0.637422 0.522735 -0.648385 0.402275 : 0.4
0.257431 0.806443 1 -0.625323 -0.37707 -0.297084 0.418005 1 0.195487 : 0.2
0.648058 0.789308 0.785479 -0.310318 -0.41174 -0.0473773 0.649157 0.582527 1 : 0.5
0.585018 0.417782 0.960682 -0.696669 -0.224582 0.214934 -0.493413 0.105562 -0.415972 : 0.2
0.793492 0.531406 0.842766 -0.352211 0.468849 0.595148 0.131585 0.324241 0.713495 : 0.3
0.834619 0.622307 0.878049 -0.175083 0.538837 0.8077 0.283653 0.601607 1 : 0.2
0.395972 0.64863 1 -0.253876 0.364471 -0.818018 0.332592 -0.368646 0.945547 : 0.2
0.267358 0.295882 0.975982 -0.109567 -0.158282 0.0445557 -0.0298031 0.665138 -1 : 0.5
0.918418 0.226182 0.684958 -0.123256 0.194269 -0.224845 0.451684 0.5156 -1 : 0.3
0.454163 0.420958 0.728186 -0.944364 -0.172238 -0.556206 -1 -0.0914954 0.590863 : 0.3
0.955811 0.331235 0.853727 0.309949 -0.343513 0.0707132 -0.662374 0.512294 0.904508 : 0.1
0.538668 1 1 1 0.13469 1 0.53399 0.537671 0.707936 : 0.1
0.909994 1 0.865582 -0.713547 0.139434 -0.51314 0.6352 0.00387502 -0.14737 : 0.1
0.723479 0.539222 0.889464 -0.417558 0.13037 -0.448291 0.673534 0.485494 -0.959512 : 0.5
0.448202 0.508187 0.605101 -0.719229 0.196532 -0.512056 0.89194 -0.0112371 0.0332369 : 0.1
0.202547 0.611579 0.962083 -0.728178 -0.229372 0.149395 -1 0.0148044 0.961171 : 0
0.508497 0.685999 0.812512 -0.680777 -0.274955 -0.555941 -0.159979 0.699928 -0.566159 : 0.3
0.65293 1 0.865149 -1 -0.580584 -0.0508271 0.872534 -0.110449 0.0731186 : 0.3
0.684194 0.17681 0.994373 0.024204 0.58662 -0.653837 0.606563 0.548339 0.210397 : 0.2
0.585378 0.485318 0.944714 -0.243447 -0.0635912 0.824852 -0.168161 0.380868 -0.24567 : 0.1
0.811436 0.457537 0.488885 -1 0.7045 1 0.273643 1 0.027651 : 0
0.565817 0.344632 0.977715 -1 -1 0.382489 1 0.635702 -0.267672 : 0.1
0.303708 0.519803 0.948344 -0.434093 -0.199215 0.374361 0.721034 0.140175 -0.356892 : 0.1
0.537572 1 0.851182 -0.836513 0.526509 0.703283 0.567322 0.369705 -0.18365 : 0
0.614044 0.561653 0.920645 -0.848293 0.231316 0.507944 -0.273403 1 0.457799 : 0.1
0.622117 0.501231 0.97238 -0.631497 0.982233 -0.255623 0.283526 1 0.285925 : 0.3
0.608361 0.413872 0.90078 -0.269258 0.650159 0.782465 -0.182286 0.482324 -1 : 0
0.646802 0.546322 0.936868 -0.696254 -0.419302 -0.615041 0.0695138 -0.352858 0.79639 : 0.4
1 1 0.943463 -0.254337 0.119558 -0.451308 1 0.483794 -0.0488673 : 0.1
0.608151 0.422107 0.651964 -0.720438 0.367838 -0.905122 -0.0628815 -0.71754 0.743628 : 0.4
0.99727 0.575057 1 -0.793858 -0.417684 -0.35695 0.847048 -0.16133 -0.314636 : 0.6
0.958735 0.347576 0.340635 -0.228286 -0.382721 -0.415891 0.61569 0.315778 0.471464 : 0.3
0.801126 1 0.829815 -0.316675 -0.111967 0.222233 0.416787 -0.00439753 -0.586705 : 0.3
0.853765 0.329671 0.849762 -0.616305 0.223967 0.403806 -0.696464 -1 -0.69261 : 0.2
0.488965 0.40237 0.919818 -0.593751 -1 0.820584 0.674189 0.565647 0.00792685 : 0.3
0.468103 0.623112 0.986288 -0.840596 -0.376599 -0.462969 1 -0.355972 0.841655 : 0.4
0.76248 0.328054 0.959384 -0.19648 0.151719 -0.406435 -0.438913 0.48504 0.212838 : 0.4
0.482401 0.396591 0.821844 -0.436521 -1 -0.296958 0.443451 0.689785 1 : 0.3
0.944268 0.718645 0.940483 -0.191462 0.594334 -0.426279 0.229004 0.436745 0.0287485 : 0.4
0.681195 0.78073 0.716831 -0.125694 -0.627702 -0.421935 0.0678339 0.482155 -1 : 0.2
0.697251 0.590007 0.955337 -0.586072 1 -0.467478 0.442738 -0.0300627 -0.744139 : 0.5
0.201387 0.476684 0.745964 -0.706617 0.190616 -0.464372 0.350467 0.394867 -0.362765 : 0.2
0.653064 0.542568 0.944446 0.198415 0.07464 -0.518782 -0.334489 -0.0627167 0.174856 : 0.2
0.441653 -0.76716 1 -0.158659 -0.27732 -0.285749 1 0.436949 0.256156 : 0
0.734258 0.448999 0.752712 0.898771 0.270874 -0.388219 0.354516 0.0271411 0.601945 : 0.3
0.569448 0.762822 0.977996 -0.339843 -1 0.640762 0.700388 0.11281 -0.393526 : 0.2
0.581398 0.765033 0.82318 -0.597711 0.0147465 0.872845 0.570893 0.399887 -0.192563 : 0.1
0.55426 0.666314 0.89795 -0.37797 -0.798691 -0.529029 0.538495 0.391054 0.074904 : 0.2
0.713565 0.545085 1 -1 0.322149 -0.340757 0.608754 -0.104795 -0.207665 : 0.4
0.69094 0.976534 0.894253 0.170245 -0.52686 -0.472633 1 0.112131 0.181376 : 0.1
0.677168 0.900338 0.424349 -0.480118 0.378881 0.375572 0.628524 0.548887 -0.965305 : 0.4
0.983282 0.504025 1 -0.0107916 -0.145432 -0.601838 1 -0.26669 0.0341436 : 0.6
0.855598 0.145602 0.873723 -0.178349 0.224005 -0.211422 0.539381 0.318009 -0.0871814 : 0.2
0.507334 0.51455 0.905872 1 -0.500863 -0.1935 0.247328 0.363142 1 : 0.2
1 0.529046 0.9753 -1 0.184774 -0.236592 0.00984003 0.89814 0.148273 : 0.6
0.573563 0.733469 0.974547 -0.551636 0.477027 0.322543 0.731851 0.327934 0.516161 : 0.2
0.478915 0.420826 0.732575 -0.612003 0.182752 -1 0.332964 0.294815 -1 : 0.2
0.726402 0.797289 0.995743 1 0.391576 1 0.216352 -0.418021 0.298594 : 0.1
0.947659 0.545845 0.956721 -0.443381 0.285511 -0.725872 0.860517 0.00136435 0.927799 : 0.7
0.990799 0.475254 0.556454 -0.442529 0.838424 0.0343159 0.852821 0.982508 0.691637 : 0.2
-0.583178 0.811998 1 0.279576 -0.132955 -0.57213 0.586272 0.498642 0.765686 : 0
0.878124 0.561761 1 -0.25083 -0.580452 0.541465 0.94923 0.648025 1 : 0.3
0.364843 0.667705 0.865086 -0.811875 0.0841519 0.486214 0.681947 -0.00170779 -0.329413 : 0.1
0.864402 0.492403 0.870972 0.0845708 1 -0.775558 0.553494 0.947076 -0.32087 : 0.4
0.497119 0.825441 0.796354 -0.700241 -0.0482034 0.683867 -0.677492 -0.116677 -0.545394 : 0.1
0.647214 0.851077 0.519258 0.221223 0.21871 -1 1 0.953108 0.776134 : 0.1
0.6874 0.73465 0.80985 -0.17453 0.00768042 -0.540449 0.684837 0.555415 -0.0200975 : 0.2
0.593185 0.420508 0.821236 -1 -0.868745 -0.869687 0.666937 0.11363 0.744014 : 0.1
0.701125 0.28058 1 0.627027 -0.952947 -0.401361 -0.593041 0.945271 0.510064 : 0.2
0.207767 0.55012 0.857664 -0.421261 -0.0425795 -0.475292 0.427246 1 -1 : 0.1
0.394789 0.842768 1 -1 0.298527 -0.855749 0.321211 -0.497465 -0.490708 : 0.3
0.611378 0.992831 0.835021 0.174741 0.255211 -1 0.626434 0.192203 -0.450162 : 0.1
0.166252 0.44127 0.923774 0.303037 -0.763496 -0.757792 -0.26049 0.142881 0.199935 : 0
1 0.217898 0.809905 -0.30668 -0.0384677 -0.109586 0.548681 -1 -0.669857 : 0.1
0.217515 0.253397 0.964164 -0.0559009 1 0.575891 0.696745 0.544325 -0.101681 : 0
0.597174 0.306477 1 -1 0.300078 0.591276 -0.181079 0.280182 0.55033 : 0
0.387458 0.253425 0.908557 -0.449739 -0.355273 -0.665109 -0.494518 -1 0.956563 : 0.2
0.667859 0.77437 0.964056 -0.255443 0.251331 -0.50432 0.611621 0.528087 0.591843 : 0
1 0.355844 0.999475 0.102327 -0.138567 -0.417762 0.274355 0.187653 0.916747 : 0.2
0.52709 0.571922 0.461226 0.131163 0.129271 -0.56676 0.230829 0.455832 0.178044 : 0
0.888801 0.417949 0.308885 -0.85152 0.286628 -1 0.990141 0.07697 -0.282985 : 0.2
0.162228 0.0160166 0.9778 -0.47432 1 -0.247503 0.401139 0.44948 0.804373 : 0
0.585854 0.646152 1 -0.204089 0.341753 1 0.699922 1 0.660254 : 0
0.594682 0.42833 0.724795 -0.015664 1 -0.410144 -0.237543 -0.168445 0.474786 : 0
0.670937 -0.0267379 0.680054 0.0445185 1 0.683238 0.142145 0.171667 -0.434189 : 0
0.7227 -0.0861528 0.894496 -0.708287 -0.191294 0.227117 0.174209 -1 1 : 0
0.601901 0.544431 0.417788 -0.578816 1 -0.284017 0.711406 0.633423 -0.388036 : 0.3
0.730393 0.480781 0.912328 -0.711066 -0.462857 0.0027566 0.0533362 -0.515155 0.156708 : 0.3
0.700594 1 0.861978 -0.602393 -1 -0.543177 0.6746 0.153813 0.182595 : 0
0.593614 0.718674 1 -0.252739 0.443214 -0.106557 -0.169846 0.67519 0.175326 : 0.1
0.906598 0.406444 0.898448 -0.767643 0.229329 0.762054 -0.111983 0.17824 -0.290077 : 0.2
0.512058 0.340581 0.864385 -0.756529 -0.290717 -0.7202 0.844445 -0.626524 0.0563568 : 0.3
0.647754 0.515513 0.875466 -1 -0.0223889 0.322451 0.60343 1 0.372601 : 0.5
0.644964 0.76031 0.913942 -0.358427 -1 1 0.596068 0.49507 0.142609 : 0.5
0.772618 0.498443 0.265284 -0.0532718 -0.578284 0.442878 1 0.00556734 0.28491 : 0.2
0.692258 0.556378 0.826209 -0.965138 -0.433255 -0.621955 0.261542 0.714369 0.0818695 : 0.4
0.454229 0.648156 0.793145 0.134521 -0.593393 -0.282969 -0.106682 1 0.956138 : 0.3
0.546909 0.481451 1 -0.302955 -0.0155295 -0.870226 0.554347 0.636506 0.0899933 : 0.2
0.330914 -0.336528 0.881313 0.245792 0.452791 0.61351 -0.472033 0.257036 -0.193277 : 0
0.694306 0.315169 0.906675 -0.291808 -1 0.5862 -0.127978 0.992932 -0.917376 : 0.3
1 0.597816 0.90212 -0.229269 0.815723 -0.816357 -0.0685906 -0.641794 0.397443 : 0.4
0.997111 0.653398 0.997017 -0.0923949 0.969721 -0.572578 -0.163898 0.39907 -1 : 0.5
0.990319 0.599437 0.920107 -0.143922 -1 -0.493646 0.523708 0.0401931 1 : 0.2
0.968781 0.545992 0.829412 -1 0.0710375 0.234696 -0.181454 0.0315022 -0.317913 : 0.2
0.71285 0.740587 0.361465 0.0162112 -0.598515 0.37214 1 0.191153 -0.016923 : 0.1
0.544765 0.463343 0.864861 -0.0221424 -0.470576 -0.84032 0.667398 0.471331 0.306007 : 0.2
1 0.536378 0.961437 -1 -0.548399 -0.281029 0.560393 0.694535 0.0764909 : 0.5
0.694954 0.339079 0.811074 -0.163278 -0.576312 -0.853191 0.757025 0.712326 -0.0962185 : 0.3
0.855759 0.328525 0.762954 -0.649214 0.195718 -0.53439 -1 0.223557 -1 : 0.1
0.714487 0.371551 0.863565 0.223007 0.499578 -0.5757 0.483013 0.330238 0.54937 : 0.3
0.586634 -0.309475 0.442545 -0.305114 0.929819 -0.186871 0.905306 0.0975935 -0.776022 : 0
0.492383 0.166972 0.947716 -0.228223 1 0.431338 0.174701 0.641307 -1 : 0
0.806324 0.33888 0.705073 -0.72112 0.366551 -0.0924948 -0.964355 1 0.206471 : 0.1
0.679493 0.23474 0.936579 -0.748687 -0.842064 -0.0807183 0.518467 1 1 : 0.4
0.769004 0.74577 0.983329 -0.453023 -1 0.508683 1 -0.268724 -0.0269835 : 0.4
0.803678 1 0.883636 -0.368244 -0.169485 -0.549 -0.503901 0.0276218 0.343869 : 0.4
0.689196 1 0.781842 -0.331645 0.308538 -0.828938 0.318393 0.312481 0.439852 : 0.1
0.598402 0.578847 1 -0.422965 0.571945 0.073624 0.955856 0.701897 0.6588 : 0.1
0.775208 0.773031 0.814539 -0.278631 0.937567 0.123394 0.986301 1 -0.539318 : 0.1
0.6188 0.54501 0.670313 0.320002 -0.746007 -0.707047 0.0155234 0.737115 0.62881 : 0.4
0.750132 0.685212 0.989039 -1 0.389851 -0.664797 -1 0.132902 -0.774161 : 0.3
0.787201 0.760347 0.86351 0.756755 0.116114 -0.230627 0.570923 1 0.786307 : 0
0.381239 0.712021 0.827886 -0.211503 -0.0488021 0.561352 0.488317 0.997217 -0.136796 : 0.1
0.612833 0.520583 0.837158 -0.119798 -0.106999 0.493955 0.641325 0.638044 -0.364893 : 0.1
0.681485 0.411986 1 -0.380339 0.264838 0.884277 0.593126 0.711521 0.444677 : 0.4
0.622665 0.573377 0.839625 -0.879207 0.336713 0.15117 0.256995 0.371305 0.25965 : 0.1
0.880613 0.464361 0.999125 -0.918974 0.118202 -0.512108 0.274647 0.682015 -0.196679 : 0.4
0.645072 0.608742 1 -0.733052 0.238023 -0.934751 -1 -1 0.855873 : 0.4
0.660884 0.631632 0.73003 -0.575171 0.647413 -0.265252 0.403662 -0.325759 -0.182166 : 0.5
0.385146 0.989905 0.961337 0.216623 0.956582 -0.65024 0.945487 -1 0.601355 : 0
0.577886 0.52877 0.947946 -0.0522777 -0.128666 0.115212 0.0811238 0.0696097 -0.0623921 : 0.3
0.787186 0.325198 0.670989 -0.532057 0.196152 0.366558 0.709646 0.242897 1 : 0.4
0.672296 0.953034 0.942223 0.133426 -1 0.300136 0.844675 0.362794 0.986524 : 0.3
0.713774 0.71582 1 0.150118 -0.327913 -0.977322 0.866257 0.057865 0.917654 : 0.1
0.600435 0.466757 1 -0.711535 -0.723948 0.109409 -0.506473 0.00615823 0.834659 : 0.1
0.559429 0.46875 1 -0.611274 -0.646733 0.108482 0.274029 0.590092 -0.0622673 : 0.3
0.367343 1 0.992495 0.210369 0.0544111 -0.463852 0.385678 0.203766 -0.180127 : 0.1
1 0.838036 0.814768 -0.144157 1 -0.488968 0.964781 1 -0.474546 : 0.4
0.722614 0.428493 0.703007 -0.782994 -0.294219 -1 0.174371 0.849491 -0.176869 : 0.4
0.672438 0.752262 1 -0.548591 0.350895 0.513585 0.212522 0.300377 -0.593873 : 0.1
0.998852 0.5394 0.966808 -0.0374182 -0.0258327 0.223335 0.704577 0.887528 0.897028 : 0.3
0.871622 0.044971 0.0791942 -0.0117841 -0.294235 -0.145876 1 0.124243 -0.456533 : 0
0.441929 0.293973 0.963006 -0.0225526 1 -0.000678375 0.39032 0.660616 -0.128755 : 0
0.567736 0.581073 0.821802 -0.468581 0.0267845 0.167541 0.650435 -0.031884 -0.0820073 : 0.2
0.365868 0.38322 0.724076 -0.312536 -0.811912 0.921384 1 0.284729 1 : 0.2
0.613076 -0.17656 0.632462 1 -0.819172 0.389924 -0.307474 0.304443 -0.221298 : 0
0.945719 0.540431 1 -0.231114 -0.653382 -0.536379 0.94865 0.530788 0.189657 : 0.6
0.546882 0.100163 0.623444 -0.173309 0.877693 -0.591918 0.89563 0.753929 -1 : 0.1
-0.474385 0.444592 0.771125 0.251853 -0.0322148 -0.924586 0.557217 0.217508 -0.127334 : 0
0.663723 0.731973 0.981617 0.689076 -0.694396 -0.501635 0.437373 0.869518 0.526004 : 0.5
0.995734 0.478251 0.629496 -0.0206021 -0.321608 0.109679 -0.164504 0.522479 0.601839 : 0.1
0.765847 0.353705 1 -0.339826 0.0759551 -0.771812 -0.163909 0.383274 0.225691 : 0.5
0.776083 0.422062 0.624239 -0.745013 -0.652608 -0.543429 0.324294 -0.446875 0.0236474 : 0.1
0.784604 0.509899 0.981835 -0.821569 -0.0398481 -0.867474 0.577661 0.2397 0.803898 : 0.4
0.315632 0.72384 0.833727 -0.852785 0.204106 0.45222 0.991353 1 -0.474758 : 0.1
0.695931 0.530065 0.918555 -0.0745166 0.174973 -0.460142 -0.407765 -0.0593125 -1 : 0.4
0.708488 0.833781 0.675396 -0.184983 -0.369879 -0.249125 0.373501 0.218566 0.617438 : 0.3
0.522713 0.884458 1 -0.129836 -0.61667 -0.755511 0.00111671 0.136764 0.926177 : 0.1
0.795032 0.624859 0.945369 0.330987 0.0980377 -1 0.499876 -0.0636812 1 : 0.2
1 0.576845 0.786305 -0.735656 0.296748 -0.679523 0.378648 -0.103705 -0.105542 : 0.6
0.513891 0.352905 1 -0.233071 -0.0960686 -1 0.679608 1 0.824487 : 0.3
0.51169 0.682163 0.982173 -0.617964 0.364058 -0.676955 0.634517 0.648677 -0.107647 : 0.1
0.544349 0.677714 0.827182 -0.931186 0.220219 -0.449014 0.796723 0.249541 -0.13091 : 0.1
0.679938 0.703007 0.852003 -0.59111 -1 -0.632294 0.754145 0.203828 -0.299191 : 0.3
0.405285 0.415645 0.802859 -0.367092 -0.0258923 0.0295049 -1 0.748165 -1 : 0.1
0.738922 0.845207 0.973409 -0.641812 -0.0493935 -0.358579 0.190422 0.370122 0.0962747 : 0.4
0.516937 0.420913 0.97118 -0.0795588 -0.851793 0.173134 0.288669 1 0.0391697 : 0.1
0.51985 0.525138 1 -0.59759 0.138725 -0.343219 0.167731 0.624191 0.624807 : 0.1
0.458274 0.500187 0.813192 0.345571 -0.738847 0.00220606 -0.371437 0.160311 0.343037 : 0
0.665312 0.167841 1 -0.546594 -0.153398 -0.440168 0.157129 0.403023 0.49007 : 0.3
0.585526 0.616933 0.820256 0.116215 0.506569 1 0.24472 0.800046 0.151541 : 0.1
0.573139 0.225454 0.999293 -0.334781 -0.34389 -0.976746 0.25113 0.123855 -0.213415 : 0.5
0.573085 0.347471 0.963154 -1 0.286011 -0.77106 0.414495 0.060127 -0.546511 : 0.3
0.844749 0.90669 1 -0.39022 0.0251143 -0.500676 0.929792 0.138152 -0.0579933 : 0.4
0.852416 0.552202 0.369423 0.621195 -1 -0.333627 0.664832 0.140817 1 : 0.3
0.481114 0.3582 0.549596 -0.319616 1 -0.138958 0.363505 0.671559 -0.193416 : 0.1
0.56619 0.491003 0.811241 -0.0978684 0.81542 -0.00944841 0.558087 1 -0.332064 : 0.1
0.761387 0.311189 0.560987 -0.439409 0.681987 0.988949 0.330223 0.63059 0.859326 : 0
0.558347 0.705684 0.753412 0.105858 0.479377 0.207922 0.583787 -0.118631 0.254675 : 0.3
0.751502 0.102269 0.887138 -0.636801 -0.621217 -0.788777 0.607503 -0.0244996 -0.00518288 : 0.2
0.192995 0.344757 0.440811 -0.671086 0.522184 0.919844 1 0.385704 0.947879 : 0.1
0.413307 0.513648 0.790813 -0.782947 -0.0180263 0.275169 -0.139968 0.471898 -0.754405 : 0
0.922814 0.6835 0.711484 -0.119349 -0.00426835 -0.687148 0.638489 0.129415 1 : 0.4
0.563312 0.625185 0.847994 -0.579629 -0.172893 -0.586595 0.121083 0.613479 1 : 0.3
0.624318 0.57737 0.609331 -0.0591158 -0.595945 0.62927 -0.186941 0.338165 0.111952 : 0.1
0.74969 0.819896 0.754464 -0.778394 -0.498453 -0.197877 0.548105 -0.30759 0.651132 : 0.4
0.318999 -0.0360637 0.776349 -0.135663 0.270071 -0.976017 0.570837 -0.580997 -0.576416 : 0
0.142652 0.534275 0.758356 -0.361296 -1 -0.479171 0.364202 0.173632 -1 : 0
0.83663 0.477848 0.967467 -0.320108 0.403888 -0.813184 0.620127 0.215366 -0.74354 : 0.5
0.564554 0.48132 0.84526 0.122078 -0.672602 0.00288546 0.478098 0.240884 0.642025 : 0.3
0.775207 0.389837 0.908261 -0.973 0.127513 -1 -0.457481 0.461314 0.0559691 : 0.3
0.595861 0.755698 0.899029 -0.565522 0.257977 1 0.317383 0.467353 1 : 0.1
0.660675 0.0353891 0.903415 -0.491474 1 1 1 0.688485 0.257822 : 0
0.561902 0.58418 0.966696 -0.453774 -0.258433 0.648805 0.723861 0.32321 -0.393348 : 0.3
0.589941 0.608434 0.813881 -1 -0.731746 0.945351 0.895325 0.411897 0.0924647 : 0.1
0.820758 0.43447 0.920738 0.678682 0.247934 -0.481788 1 0.879486 0.756994 : 0.4
1 0.694848 0.866639 0.0759875 0.296789 1 0.847288 0.221399 -0.235498 : 0.3
0.715347 0.554921 0.911216 -0.816756 0.207368 1 0.297419 0.50352 1 : 0.1
0.467234 0.514547 1 -0.349112 -0.0992604 0.00509155 -0.19929 0.0617079 -0.174564 : 0.3
0.412103 0.436251 0.88898 -0.336347 0.576718 -0.0768759 0.997893 0.816431 -0.733664 : 0.1
0.994596 0.591567 0.982872 -0.379333 -0.775206 -0.429986 0.422089 0.659195 0.260453 : 0.4
0.521993 0.462329 0.855964 0.414227 -0.0807644 0.229841 0.69045 -0.368378 1 : 0.4
1 0.647297 0.824895 -0.762122 0.310022 0.715648 0.110213 0.37355 -0.492876 : 0.4
0.645367 0.354931 0.76746 -0.931717 0.256777 -0.204369 0.612315 -0.277483 0.267448 : 0.4
1 0.546369 0.893489 -0.905042 -0.0802815 -0.550825 0.655176 0.4732 -0.407452 : 0.3
0.848209 0.424736 0.726317 -0.784922 -0.263772 -0.167353 0.331776 0.533843 -0.117056 : 0.6
0.455613 0.749436 0.864825 -0.955735 0.185627 -0.760344 -0.0993594 0.965984 0.842054 : 0
0.805896 0.828068 0.962036 -1 -1 -1 -0.148346 -0.00592358 0.0626471 : 0.3
0.518045 1 0.939995 -0.163902 1 -0.324628 0.250904 0.34018 0.337607 : 0.1
0.604833 0.6107 0.800857 -0.0335048 0.409936 -0.450027 -0.306692 0.724419 0.82296 : 0.3
0.639107 0.124393 0.886038 -0.142788 1 0.347991 0.301407 0.355499 -1 : 0.2
1 0.44046 0.973483 -0.788162 0.208198 0.196602 0.526327 0.762936 0.252855 : 0.5
0.902469 0.415196 0.695228 -0.454748 0.580833 0.236961 0.490729 0.660961 0.596888 : 0.5
0.836837 0.519035 0.845215 0.117346 0.337679 -0.328445 -0.564995 -0.0649391 -1 : 0.3
0.522905 0.462628 0.938085 -1 -0.533118 -0.859774 -0.791062 0.605939 -0.314229 : 0.1
0.886283 1 0.386448 0.164393 0.364246 -0.0719332 0.278501 0.486073 0.212983 : 0.1
0.0623666 0.268502 0.915604 -0.65902 0.351267 1 1 0.64448 0.118834 : 0.2
0.805297 0.754539 0.948936 -0.275128 0.363163 0.779097 0.249306 -0.624401 0.638999 : 0.3
0.574715 0.37437 0.696441 -0.917875 -0.417587 -0.515768 0.0868297 0.308885 0.441404 : 0.5
0.774164 0.286531 0.768096 0.00317696 -0.885823 0.346568 0.721379 0.448551 -1 : 0.4
0.710228 1 0.928771 -0.616421 -0.00540692 0.983116 0.784772 -0.0900694 -0.177862 : 0.1
0.639318 0.683724 1 -0.414088 0.266301 1 0.000380576 -0.982452 -0.91835 : 0.3
0.59142 0.328854 0.909403 -0.145544 0.667945 -0.722609 -0.712537 -0.052252 0.233648 : 0.3
0.434334 0.567983 0.910523 -1 1 -1 0.184121 1 0.200443 : 0.2
0.659439 0.469121 1 -0.538451 0.107626 0.268989 0.593589 1 0.940622 : 0.5
0.687218 0.683864 1 -0.418298 0.372415 0.377132 0.0370712 0.05097 0.6077 : 0.3
0.709237 -0.267756 0.831255 0.369675 0.893472 0.215328 0.856796 0.260059 0.33583 : 0
0.73384 0.673536 0.763199 -0.443385 -1 -0.0352677 -1 0.313911 -0.339127 : 0.1
0.882394 0.499025 0.835224 -0.212902 -0.0412066 -0.256396 -0.938939 0.386173 0.331916 : 0.1
