0.660835 0.16707 0.794977 -0.751173 -0.10569 -1 0.49436 0.817027 0.18829 : 0.1
0.552772 0.422474 0.946172 -0.797298 0.252296 0.134639 0.0989795 0.229014 0.250176 : 0.5
0.669097 0.443989 0.909408 -0.758569 -0.23353 -0.414157 0.355147 0.518529 -0.135537 : 0.6
0.675432 0.223613 0.911581 -0.457703 -0.297 -0.153932 0.695742 0.768444 -0.171021 : 0.1
0.634208 0.591579 0.841357 -0.590167 -0.0498024 0.411344 0.811208 0.149756 0.203584 : 0.6
0.617407 0.542801 0.759079 -0.845736 0.157758 0.0511832 1 0.169537 0.839537 : 0.5
0.614597 0.361365 0.979876 -0.610118 -0.128161 -0.0557414 -0.177106 -0.302551 -0.214485 : 0.4
0.61714 1 0.801119 -1 -0.269457 -1 0.494179 0.237853 -0.331291 : 0.1
0.75657 0.336029 0.877507 -0.743215 -0.435367 -0.16835 0.278865 0.35216 0.187775 : 0.6
0.572752 0.425585 0.8201 -0.235089 -0.563638 0.0437927 1 0.465699 0.199935 : 0.4
0.629001 0.56886 0.845345 -0.470799 -0.466932 0.0993932 0.373996 0.943286 -0.237423 : 0.5
0.6415 0.325198 1 -0.941151 -0.845214 -0.0907878 0.417388 0.244577 -0.673541 : 0.4
0.60072 0.341765 1 -0.817844 -0.217322 0.680006 0.376068 0.720576 -0.196678 : 0.3
0.602809 0.461036 1 -0.994325 0.252646 -0.0494654 0.0297047 0.488718 0.0990022 : 0.6
0.682467 0.486804 0.997933 -0.292719 -0.340772 -0.325319 0.505696 0.576141 -0.929603 : 0.6
0.610396 0.629513 0.718008 -0.184676 -0.130755 -0.3197 0.523113 -0.581087 -0.711391 : 0.5
0.621409 0.220014 0.905739 -0.761923 -0.163619 0.266392 0.339049 0.480031 0.432186 : 0.4
0.638743 0.395845 0.912761 -0.804782 -0.484898 0.607524 0.677104 0.672126 0.167198 : 0.4
0.498141 0.560695 0.787366 -0.86088 -0.757795 0.096339 0.523746 0.942126 -0.515221 : 0.5
0.572745 0.361265 0.853302 -0.931388 -0.561522 -0.232619 0.0861359 0.645869 0.706761 : 0.2
0.607782 0.584235 0.87997 -0.204153 0.0231256 -0.384203 0.376386 0.433677 0.10863 : 0.2
0.606506 0.400244 0.695281 -0.378823 -0.606859 -0.477523 0.0596343 0.377265 1 : 0.5
0.822019 0.481723 0.866608 -0.654825 -0.266699 -0.258826 0.643954 0.330166 0.288057 : 0.6
0.511158 0.400458 0.792662 -0.50166 0.233119 -0.176935 0.101687 -0.531224 0.0286934 : 0.6
0.649335 0.431047 0.84108 -0.869334 0.0933205 -0.134993 -0.227022 -0.864169 0.938658 : 0.1
0.601592 0.626585 0.86297 -0.616881 -0.370924 -0.363554 0.498451 0.462057 0.47339 : 0.5
0.713269 0.360192 0.902929 -0.253837 0.102198 -0.223308 0.584446 0.744329 -0.738301 : 0.4
0.609447 0.314674 0.790541 -0.425143 -0.46019 -0.611472 0.428694 0.0109529 0.135818 : 0.3
0.58956 0.343759 0.797547 -0.819773 -0.685503 0.142046 0.396345 -0.221003 -0.0189167 : 0.4
0.580539 0.362631 0.901791 -0.438694 -0.258511 -0.453902 0.736 -0.00846848 -0.132471 : 0.4
0.708742 0.363403 0.853614 0.160107 -0.186529 -0.0291581 -0.0989641 0.541213 0.144578 : 0.6
0.749545 0.355753 0.907554 -0.055369 -0.17427 0.0160574 0.436026 0.313343 -1 : 0.4
0.694329 0.452009 0.973605 -0.878019 -0.282656 -0.52328 0.934104 -1 0.24012 : 0.4
0.676953 0.371066 0.896844 -0.581992 -0.681385 0.204106 0.28846 0.571356 -0.791895 : 0.4
0.639516 0.372095 0.991609 -0.770284 0.0621432 -0.286031 0.377551 0.852829 0.969687 : 0.5
0.576163 0.340446 0.927563 -1 -0.27852 -0.908146 0.395476 0.57883 0.399183 : 0.3
0.670979 0.612782 0.912796 -0.184935 -0.64397 -0.152119 1 0.624812 0.00746655 : 0.6
0.661248 0.34834 0.880395 -0.40863 -0.241326 -0.0783363 0.479399 0.535505 -0.194157 : 0.7
0.77615 0.455282 0.838444 -0.567544 -0.270285 -0.213915 0.83197 0.769169 -0.347856 : 0.3
0.632191 0.324841 0.895049 -0.809046 -0.0480902 -0.0411791 0.544667 0.552287 -0.207709 : 0.6
0.716537 0.428967 0.815034 -0.276264 -0.464764 -0.0915599 0.679188 0.580825 0.77873 : 0.4
0.630574 0.411344 0.768394 -0.228024 -0.127229 0.146079 0.0441832 0.310473 1 : 0.4
0.63149 0.382056 0.858239 -0.757754 0.147846 0.134408 0.442851 -0.141529 -0.257985 : 0.5
0.653749 0.438446 0.756715 -0.873185 -0.0675763 -0.138241 -0.0740843 0.0385825 0.308537 : 0.5
0.540368 0.409633 0.916566 -0.4275 -0.47054 -0.277364 0.568157 -0.932434 0.0353787 : 0.4
0.57489 0.518759 0.887996 -0.762368 -0.232875 -0.68062 0.494998 1 -0.723693 : 0.3
0.664218 0.405515 0.795201 -0.769612 -0.0290329 -0.137458 0.891312 1 -0.437627 : 0.5
0.650589 0.407086 0.901427 -0.363857 -0.216808 0.376909 0.184406 0.372885 -0.0962203 : 0.3
1 0.424738 0.881172 -0.601905 -0.480952 -0.298652 -0.295506 0.601629 -0.0659468 : 0.2
0.613739 0.365213 0.888664 -0.760156 -0.254804 -0.582275 0.413515 0.754033 0.169099 : 0.6
0.559247 0.36349 0.757101 -0.807314 -0.0909288 0.0850264 0.21009 0.41912 0.0318023 : 0.6
0.742839 0.958704 0.777567 -0.907259 0.0429866 0.174841 0.315759 0.656064 -0.0564721 : 0.2
0.731751 0.336055 0.852608 -0.55616 -1 -0.0986927 0.313293 0.241224 -0.0350617 : 0.2
0.61803 0.43607 0.845934 -0.149348 -0.293208 -0.164775 0.894889 0.237906 -0.0133927 : 0.4
0.57203 0.480217 0.816724 -0.449363 -0.328572 0.578445 0.39216 0.35417 -0.180115 : 0.3
0.570822 0.420462 0.985641 -0.647398 -0.204251 -0.278056 -0.501429 0.550186 -0.633012 : 0.5
0.67178 0.490272 0.642862 -0.320697 0.239542 -0.237192 0.316472 0.624355 -0.695063 : 0.2
0.581217 0.416508 0.978431 -0.221949 -0.910465 0.0217027 0.242597 0.0586174 0.138273 : 0.4
0.627872 0.62192 1 -0.898915 -0.37428 -0.329926 -0.0764204 0.31064 -0.0210243 : 0.4
0.590909 0.430056 0.867051 -0.649086 -0.493324 -0.0183293 0.664505 -0.145221 0.260431 : 0.4
0.597129 0.334572 0.847675 -0.739276 0.439358 -0.0848119 0.448268 0.700102 -1 : 0.5
0.647537 0.549136 0.797799 -0.469674 -0.810446 -0.337435 0.157537 0.0976836 -0.429435 : 0.4
0.631825 0.349983 0.860044 -0.880519 -0.198848 -0.0248401 0.455203 0.175264 -0.787033 : 0.5
0.606918 0.37484 0.816971 -1 -0.241881 0.57237 0.334232 0.0767525 0.148842 : 0.3
0.639382 0.531738 0.748114 -0.925205 -0.156203 -0.295518 0.668961 0.474191 -0.0343477 : 0.7
0.612283 0.14521 0.853585 -0.313276 -0.255649 0.152276 -0.353969 0.145199 -0.0146758 : 0.1
0.619957 0.309508 1 -0.600886 -0.320217 0.156942 0.643844 0.289606 -0.613553 : 0.4
0.611746 0.611297 0.855877 -0.981506 0.0261561 -0.0434686 -0.157613 0.287502 0.494899 : 0.4
0.544075 0.407438 0.874066 -0.97391 0.0257384 0.133104 0.285344 0.336906 0.00726992 : 0.5
0.593696 0.331841 1 -0.946372 -0.128471 -0.038781 0.306669 0.393156 -0.600206 : 0.6
0.6164 0.532304 0.835428 -0.552699 -0.321402 0.0633565 0.658095 0.101918 -1 : 0.5
0.504152 0.355146 0.80445 -1 0.411438 0.017381 0.315169 0.0734975 0.212773 : 0.4
0.612378 0.370766 0.832474 -0.631375 0.244618 -0.166462 -0.139473 0.281292 0.232233 : 0.5
0.79109 0.298154 0.93494 -0.616323 -0.868415 0.156067 0.474089 0.553364 -0.00745147 : 0.4
0.44268 0.499353 0.995828 -0.451099 -0.110868 -0.334583 0.230529 0.606748 0.0855304 : 0.4
0.570588 0.411361 0.794122 0.245527 -0.263197 0.0176005 0.435832 -0.0474925 0.563397 : 0.5
0.389349 0.60073 0.870828 -0.808076 -0.113615 -0.270547 0.627988 0.441009 1 : 0.4
0.612838 0.334455 0.900567 -0.546231 0.244234 -0.0413669 0.677011 0.823475 -0.0148445 : 0.3
0.63873 0.525742 0.862747 -0.731449 -0.140922 -0.0592458 0.322747 0.27701 -0.0260511 : 0.6
0.608963 0.427033 0.806632 -0.762424 -0.401534 -0.184634 0.520673 -0.15439 1 : 0.5
0.655274 0.358277 0.96598 -0.0438538 -0.267293 -0.331761 -0.0746863 -0.23138 -0.151498 : 0.4
0.685068 0.320435 0.966915 -0.416646 -0.283298 -0.54725 0.319937 -0.159891 -0.192621 : 0.5
0.764345 0.437389 0.67784 -0.325038 -0.399166 -0.491215 0.314715 0.885194 0.361095 : 0.4
0.637391 0.315844 0.864354 -0.652045 -0.616233 -0.415265 0.420352 0.654771 -0.254208 : 0.2
0.628092 0.424884 0.886932 -0.0694605 -0.531892 -0.114253 0.536795 0.275593 -0.637996 : 0.7
0.56594 0.386199 0.878349 -0.036136 -0.205641 -0.0419047 0.383013 0.232691 -1 : 0.6
0.608098 0.304652 0.763761 -0.9664 -0.26673 0.208549 0.114637 0.021111 -0.472863 : 0.5
0.668963 0.439541 0.852314 -0.274442 -0.613722 -0.364563 -0.0679844 0.11867 0.0401201 : 0.4
0.733159 0.319606 0.999187 -0.318721 -0.478818 0.372793 0.536275 -0.089055 -0.335971 : 0.5
0.610553 0.573464 0.814774 -0.444689 0.0371108 0.170961 0.639481 0.499705 -0.240091 : 0.3
0.675001 0.345243 0.966958 -0.381867 -0.636234 0.0135448 0.46114 1 -0.0358822 : 0.4
0.624647 0.535836 0.856293 -0.299903 0.354982 -0.590912 0.402769 0.568878 1 : 0.4
1 0.315764 1 -0.950439 -0.140058 -0.301698 -0.17714 0.336002 -0.892799 : 0.5
0.598841 0.397956 0.865197 -0.395458 -0.430546 -0.30654 0.901895 -0.144363 -0.857845 : 0.7
0.558843 0.0261749 0.973491 -0.920447 -0.150394 -0.15579 0.737746 0.29279 0.859233 : 0.2
0.58413 0.363762 0.897522 -0.526438 -0.661985 -0.289295 0.561095 0.185336 0.124734 : 0.5
0.685862 0.345684 0.767162 -0.389345 -0.275944 -0.0441675 0.236605 0.447096 0.980349 : 0.3
0.663452 0.40776 0.832589 -0.142995 -0.136746 -0.0364341 -0.450507 0.853626 -0.155904 : 0.2
0.539661 0.366207 0.836491 -0.604218 -0.17314 -0.513804 -0.271189 -0.134936 -0.368481 : 0.4
0.72261 0.432277 0.899963 -0.214224 -0.259396 -0.278407 -0.169519 -0.133936 -0.273656 : 0.5
0.626684 0.347673 0.772036 -0.447723 -0.511688 -0.178156 0.174645 0.284756 0.965802 : 0.6
0.586651 0.501648 1 -0.622364 -0.531463 -0.044116 0.128948 1 -0.223671 : 0.6
0.683307 0.43509 0.810611 -0.0739705 -0.700159 -0.396405 -0.227204 -0.0831288 -0.2373 : 0.3
0.364804 0.367628 0.752645 -0.0531592 -0.249235 0.00424655 0.384716 1 0.207191 : 0.2
0.6178 0.276425 0.710332 -0.267247 0.455733 0.11504 0.853505 0.726408 0.774264 : 0.2
0.996171 0.442435 0.811822 -1 -0.369122 0.208293 0.341278 0.289682 0.0240867 : 0.5
0.598176 0.389467 0.965074 -1 -0.40925 -0.436282 0.142865 0.139067 0.00538838 : 0.5
0.487655 0.441905 0.996322 0.101138 -0.316161 -0.205711 0.244917 0.56094 0.233004 : 0.4
0.74078 0.350469 0.877696 -0.484921 -0.0671926 -0.271658 0.501329 -0.0700466 -0.0589499 : 0.5
0.531514 0.347435 0.732564 -0.245379 -0.0829972 -0.268894 0.840125 0.118428 0.876854 : 0.5
0.440766 0.362044 0.827186 0.00261784 -0.363129 -0.174748 0.605724 0.730728 -0.51961 : 0.4
0.732092 0.376336 1 -0.274233 -0.181056 -0.325301 -0.319081 0.686297 0.18301 : 0.2
0.633968 0.359589 0.827193 -0.333849 -0.328991 -0.271108 1 0.396273 0.553278 : 0.4
0.586314 0.463462 0.872242 -0.97527 -0.429665 -0.194147 0.348279 1 0.210835 : 0.4
0.62529 0.313829 0.882765 -1 0.258563 0.0133653 0.310869 0.764157 0.0484126 : 0.6
0.444692 0.448318 0.819191 -0.825829 -0.356629 -0.0582389 0.626938 -0.267156 -0.659415 : 0.5
0.449943 0.399827 0.885693 -0.883637 -0.381328 0.0401248 0.0596724 -0.325152 0.209669 : 0.4
0.526411 0.28161 0.858563 -0.508291 -0.0877237 -0.363991 0.616093 -0.160444 0.815199 : 0.4
0.744388 0.494198 0.858214 -0.803818 -0.497571 0.0970528 0.75248 0.493412 -0.678043 : 0.6
0.61625 0.42401 0.911326 -0.17334 -0.586849 0.519452 0.335214 0.16684 0.311499 : 0.4
0.659064 0.465324 0.887724 0.264156 0.0136558 -0.615369 0.470492 0.367724 -0.00963563 : 0.4
0.537885 0.364852 0.804691 -0.872746 -0.670238 -0.485904 0.646213 0.162308 -1 : 0.4
0.65352 0.201434 0.903833 -0.865361 -0.590598 0.503869 0.265459 0.465081 0.563067 : 0.5
0.624899 0.497341 0.849099 -0.717851 -0.0647692 -0.135809 0.671267 -0.0143763 0.68227 : 0.4
0.59033 0.220668 0.871163 -0.558472 -0.426683 -0.28786 0.598074 1 0.116592 : 0.3
0.676188 0.65136 0.80224 -1 0.0265369 -0.512277 0.510355 0.610058 0.442122 : 0.2
0.693583 0.454035 0.84594 -0.374624 -1 -0.362941 0.0967507 0.533149 -0.331496 : 0.4
0.750964 0.376583 0.781472 -0.860833 0.14453 -0.257274 0.811698 0.419257 -0.206165 : 0.7
0.622144 0.415785 0.612725 -0.350494 -0.289752 0.592743 -0.363938 0.558578 1 : 0
0.620908 0.353034 0.898217 -0.994857 -0.894311 -0.349041 0.170974 1 -0.539411 : 0.6
0.556792 0.394023 0.994009 -1 -0.350371 0.344936 0.450884 -0.255742 -0.211856 : 0.4
0.559634 0.30834 0.928275 -0.475427 -0.451239 -0.455418 0.524675 0.41205 0.563558 : 0.3
0.776124 0.439524 0.867839 0.0994204 -0.308609 0.211566 0.267193 0.511805 1 : 0.4
0.602727 0.36318 1 -0.356992 -0.262508 0.0273482 0.160363 0.945198 -0.314493 : 0.5
0.660364 0.385249 0.944665 -0.68103 -0.319364 0.36858 0.512639 -0.183378 -0.0656223 : 0.4
0.71786 0.400349 0.960775 -0.552861 -0.708774 0.0308205 -0.124034 -0.114294 0.780216 : 0.2
0.5649 0.562529 0.776553 0.279322 -0.223743 0.219561 0.503082 -0.236677 -0.978612 : 0.1
0.708577 0.386446 1 -0.95107 -0.641552 -0.184236 -0.585238 -0.145797 -0.162435 : 0.3
0.485299 0.328257 0.859844 -0.994382 -0.123138 -0.278953 0.646658 0.296403 0.0317611 : 0.2
0.566574 0.308458 0.934746 -0.780736 -0.0293691 0.0403906 0.253374 -0.397675 1 : 0.4
0.579259 0.448649 0.790907 -0.784454 -0.0878102 0.148922 -0.272591 -0.254211 0.272287 : 0.4
0.720286 0.475171 0.667019 -0.853984 0.0157199 -0.172055 0.108168 0.448829 -0.0561816 : 0.4
0.616582 0.440909 0.817498 -0.691052 0.116831 0.0815063 0.927689 0.751231 0.000937402 : 0.6
0.636132 0.318646 0.684129 -1 -0.584405 0.526201 0.629374 0.476098 0.656332 : 0.1
0.388611 0.465974 0.778023 0.20952 -0.140524 -0.190112 0.145718 0.747029 -0.489162 : 0.1
0.644191 0.379525 0.932055 -0.208872 -0.195745 -0.183239 0.470563 0.517043 0.184335 : 0.6
0.721273 0.374016 0.90829 -0.790752 -0.217447 0.125191 -0.587295 -0.183622 0.0133587 : 0.2
0.754761 0.373207 0.77992 -0.392835 -0.725439 -0.687125 0.362122 0.115136 1 : 0.2
0.557372 0.45411 0.741635 -0.828894 -0.0147264 -0.329715 -0.0529033 0.435361 0.935738 : 0.4
0.697027 0.346081 1 -0.537076 -0.800053 -0.284093 1 0.320393 -0.727875 : 0.4
0.666659 0.426753 0.772698 -0.926556 -0.743648 -0.92787 0.646073 0.553444 -0.284495 : 0.3
0.603106 0.441311 1 -0.183934 -0.34771 0.116313 0.589841 0.823413 -0.129786 : 0.1
0.686816 0.379117 0.911138 -0.764245 -0.156051 0.0905057 0.242806 0.12332 0.446416 : 0.6
0.591919 0.366277 0.909819 -0.991759 0.225434 -0.0586993 0.580145 0.111424 0.428076 : 0.4
0.613501 0.459605 0.853671 -0.677546 -0.572276 0.394634 0.330107 0.495746 0.957045 : 0.4
0.695818 0.38538 0.813362 -0.200869 -0.58068 -0.0720134 0.902046 -0.161055 -0.358488 : 0.3
0.561958 0.337745 0.869672 -0.972398 -0.346604 0.217152 0.402085 0.473496 -0.00373635 : 0.3
0.720426 0.676921 0.836674 -0.566333 0.872724 1 0.589159 0.503804 -0.177323 : 0.3
0.60321 0.347615 0.8315 -1 -0.45947 -0.0592653 0.556414 -0.395756 0.704145 : 0.1
0.634336 0.271519 0.865507 -0.876127 -0.0108555 0.268434 0.317787 1 -0.111506 : 0.4
0.583541 0.334608 0.846149 -0.67686 0.228688 0.162325 0.353653 0.633795 -0.219925 : 0.5
0.694987 0.468843 0.850176 -0.890586 -0.315849 0.0286897 1 0.0393122 0.810102 : 0.3
0.652688 0.338418 0.716999 0.129266 -0.620118 1 0.39254 0.346964 0.2251 : 0.1
0.656474 0.364862 0.826983 -0.763885 -0.583986 -0.000133996 -0.202786 -0.195211 0.842798 : 0.4
0.576837 0.328483 0.906282 -0.970144 -0.572197 -0.27872 0.525296 0.336391 0.166277 : 0.4
0.632295 0.328183 0.834706 -0.766664 -0.179431 0.106204 0.609677 -0.668564 -0.912535 : 0.4
0.662662 0.33111 0.779819 -0.607826 -0.662446 -0.252516 1 0.274498 -0.845207 : 0.3
0.630459 0.347622 0.889749 -0.991734 -0.144 -0.425851 0.942029 0.214339 -0.509642 : 0.3
0.591961 0.369653 0.887528 -0.201582 -0.230329 -0.336134 0.890989 0.478978 -0.253654 : 0.5
0.677244 0.338716 0.614603 -0.138467 -0.173231 -0.121374 0.74819 0.395123 0.422989 : 0.5
0.46863 0.362812 0.834288 -1 -0.223405 -0.301815 0.178455 0.0919201 0.300749 : 0.5
0.563284 0.357742 0.582519 -0.633143 -0.349087 -0.408571 0.795357 1 -0.754658 : 0.4
0.564262 0.297565 0.894025 0.379794 -1 -0.217113 0.131376 -0.152967 -0.410532 : 0.4
0.647112 0.445802 0.79051 -0.389798 -0.739164 0.153068 0.127935 0.441999 0.832214 : 0.4
0.59501 0.352758 0.876754 -0.442024 -0.0511673 -0.731079 0.775291 0.28765 0.246404 : 0.1
0.652679 0.606264 0.953492 -1 -0.141988 -0.567033 0.554421 0.163857 0.427639 : 0.3
0.611835 0.645844 0.873308 -0.26262 0.27041 -0.688945 0.448841 0.723424 -0.219423 : 0.2
0.620065 0.494863 0.897134 -0.245906 -0.189431 0.554657 0.226259 0.302783 0.119254 : 0.5
0.551653 0.289626 0.890171 -0.976855 -0.621543 -0.244254 -0.655559 0.852929 0.613091 : 0.2
0.722355 0.308291 0.861765 -0.753604 -0.659162 -0.583055 0.59146 0.783068 -0.00730896 : 0.4
0.636111 0.48649 0.852908 -0.53329 -0.425096 -0.340306 0.322186 0.29255 -0.0180785 : 0.5
0.575128 0.358944 0.853231 -0.533672 -0.429847 -0.0809955 0.682147 0.0439891 -0.11669 : 0.4
0.696141 0.44834 0.836221 -1 -0.318677 -0.187812 0.605293 -1 -0.468578 : 0.1
0.647752 0.450117 0.796237 -0.455917 -0.574153 0.521186 -0.289938 0.51268 0.327598 : 0
0.545166 0.427808 1 -0.0200026 -0.0335426 -0.0370387 0.379084 0.212986 0.410619 : 0.4
0.638703 0.612032 0.736991 -0.624079 -0.19306 -0.192297 0.700375 0.45266 0.555595 : 0.4
0.591625 0.366948 1 -1 -0.353966 -0.0873805 -0.106852 0.630855 -0.479531 : 0.2
0.575316 0.42469 0.827285 -1 -0.416799 0.146863 0.0834878 0.153511 0.491272 : 0.2
0.544417 0.447115 0.911038 -0.818133 -0.0715067 0.0519896 0.348485 -0.0109256 0.0237206 : 0.6
0.652036 0.442362 0.852369 -0.505877 -0.289025 -0.316305 1 0.728072 -0.866156 : 0.6
0.637692 0.382591 0.758497 -0.0994829 -0.524493 0.10623 0.431933 0.632696 0.119038 : 0.6
0.651074 0.338564 0.698865 -0.977903 -0.91497 1 0.499054 0.421401 0.144091 : 0.1
0.638609 0.393365 1 -0.405977 0.00125995 0.328003 0.840297 -0.252535 -1 : 0.4
0.708907 0.26934 0.952137 -0.471352 -0.282539 0.696007 0.631652 -0.0372038 0.380135 : 0.5
0.617558 0.344934 0.864095 -0.615717 -0.104759 0.213026 0.625503 0.86968 0.224622 : 0.6
0.643868 0.305909 0.853793 -0.939668 -0.464547 -0.242424 0.217467 0.660452 0.257404 : 0.3
0.522323 1 0.767829 -1 -0.477858 -0.0732276 0.642648 0.37745 0.920627 : 0.1
0.564934 0.0747388 0.843633 -0.789605 -0.397275 -0.382302 0.460916 0.170661 0.678175 : 0.3
0.603201 0.459812 1 -0.896976 -0.811918 -0.0174731 0.340555 -0.523119 0.296068 : 0.3
0.688259 0.367328 0.874774 -0.434505 -0.766713 -0.655858 0.198687 -0.191935 -1 : 0.3
0.703928 0.435906 0.440288 -0.933854 -0.110643 -0.198979 0.390117 0.429398 -0.226524 : 0.4
0.716112 0.319544 0.825229 -0.386107 -0.500438 -0.0491266 0.467119 0.82209 0.680697 : 0.4
0.721254 0.462888 0.790474 -0.455284 -0.340762 0.106417 0.636875 0.463573 0.159402 : 0.7
0.734484 0.266096 0.983187 -0.0264923 -0.219846 0.246607 0.260558 0.559274 0.531884 : 0.4
0.589905 0.181697 0.827089 -0.783113 -0.150527 -0.3345 1 1 0.070888 : 0.3
0.447772 0.493093 0.898601 -0.445513 0.0287733 -0.0620622 0.494107 0.285793 0.391033 : 0.5
0.632296 0.45872 0.872139 -0.908719 -0.312119 0.241942 0.857709 0.321155 -0.0990968 : 0.6
0.812257 0.356134 0.905107 -1 0.233401 -0.42166 0.828061 0.044673 0.56959 : 0.4
0.630256 0.292312 0.870333 -0.73651 -0.439344 -0.688216 0.50683 0.342225 -0.11943 : 0.3
0.569333 0.333218 0.954029 -0.403707 -0.225722 -0.124305 0.110292 -0.405576 1 : 0.7
0.480062 0.448613 0.891631 -0.611116 -0.283505 -0.232386 0.425226 0.718929 0.212123 : 0.5
0.567919 0.589776 0.819842 -0.720111 -0.0785272 -0.352488 1 0.2796 -0.66553 : 0.5
0.584292 0.433996 0.816303 0.0306493 -0.231243 0.199532 0.59634 0.0606762 -0.142388 : 0.5
0.633346 0.369109 0.797391 -0.870041 -0.518418 -0.197734 0.349145 0.0911874 -0.158609 : 0.4
0.554627 0.869548 0.800618 -1 -0.846352 -0.341353 0.24441 0.793526 0.441001 : 0.2
0.668703 0.319027 0.811774 -0.988492 -0.666349 -0.181353 0.63303 0.613666 1 : 0.6
0.60789 0.369281 0.993789 -0.862009 -0.383142 -0.0616246 0.80908 -0.0313696 0.702119 : 0.2
0.672837 0.524141 0.882132 -0.428097 -0.570717 0.0478984 0.158557 -0.0581921 0.12317 : 0.5
0.651133 0.335906 0.879682 -0.17432 0.324512 0.132202 0.228573 0.574805 -0.151034 : 0.4
0.669573 0.363314 0.880066 0.129718 -0.0236264 -0.2943 0.486078 0.893108 -0.0762651 : 0.7
0.639758 0.511246 1 -0.0677509 -0.505676 -0.300686 0.686622 0.626798 0.502599 : 0.7
0.576938 0.378201 0.782223 -0.313131 -0.375043 -0.482694 0.515109 0.600671 -0.33851 : 0.3
0.590769 0.388228 0.890901 -0.349761 -1 -0.402948 0.17168 -0.574297 -0.435835 : 0.1
0.577616 0.257455 0.787468 -0.0330097 -0.557933 -0.356728 -0.0740473 0.272692 -0.135996 : 0.2
0.659096 0.29312 1 -0.38208 -0.277539 -0.914403 0.0470623 0.48466 -0.178531 : 0.4
0.617245 0.281599 0.858896 -0.0591205 -0.335561 0.0418303 0.893656 0.258808 -0.205702 : 0.4
0.569717 0.344803 0.762817 -0.997895 -0.320741 0.0923404 0.534341 0.328831 0.172175 : 0.5
0.669281 0.270357 0.838562 -0.352975 -0.439327 -0.102655 1 0.752853 -0.611942 : 0.2
0.615345 0.365357 0.710591 -0.813343 -0.353237 -0.290597 0.230833 0.833643 0.290308 : 0.5
0.802315 0.434558 0.847239 -0.526281 -0.0914053 -0.698367 0.639514 -0.353793 -0.213461 : 0
0.810192 0.476687 0.85923 -0.511472 -0.591408 0.536562 0.625183 0.789605 -0.334025 : 0
0.723309 0.423136 0.834234 -0.544564 -0.570889 -0.164507 0.155361 -1 0.413267 : 0.5
0.640735 0.35075 1 -0.469076 -0.393241 -0.288346 0.731742 0.283647 -0.193661 : 0.4
0.618739 0.40898 0.814166 -0.708609 -0.35348 0.113706 0.15909 0.231346 0.590532 : 0.6
0.617792 0.370964 0.904715 -0.859773 -0.367779 -0.140313 1 0.283235 0.722341 : 0.5
0.624418 0.474658 0.799226 -1 -0.152799 0.0262607 0.591672 -0.152705 -0.523645 : 0.3
0.688832 0.494032 0.814178 -1 -0.166891 -0.163303 0.432842 0.319642 -0.789596 : 0.5
0.764727 0.392953 0.927249 -1 -0.525771 -0.690077 0.51991 0.468899 1 : 0.6
0.654351 0.419288 1 -0.254553 -0.137149 -0.286884 0.336715 0.374297 0.274054 : 0.6
0.858632 0.452113 0.778491 -0.791216 -0.361331 0.230685 0.577261 0.639484 0.0669807 : 0.4
0.523605 0.607722 0.809814 -0.13614 -0.541928 -0.645582 0.27025 -0.139771 -1 : 0.2
0.601233 0.445425 0.994452 -0.366849 -0.255915 -0.669976 -0.601844 1 0.429603 : 0.4
0.613818 0.253416 0.78479 -0.321682 -0.356187 -0.598908 0.790039 0.386753 -0.398958 : 0.3
0.528112 0.352653 0.88163 -0.618439 -0.0881674 -0.417206 0.425533 -0.0336161 0.212467 : 0.4
0.577368 0.464038 0.831363 -0.622221 -0.225501 0.289634 0.497716 0.739207 -1 : 0.3
0.688405 0.472258 0.88915 -0.800529 -0.271355 -0.344792 0.642245 0.7104 -0.0351727 : 0.3
0.611948 0.569477 0.816181 -0.539863 -0.429455 -0.0885229 0.59873 0.67624 -0.0175831 : 0.9
0.59761 0.995757 0.945775 0.00513434 -0.055747 -0.306176 1 0.106944 -0.0204545 : 0.3
0.620715 0.418992 0.858057 -0.692917 0.475022 0.125944 0.549568 0.625454 0.649097 : 0.3
0.741108 0.563484 0.868997 -0.808578 -0.31037 -0.199145 0.55664 0.272151 0.496287 : 0.4
0.660272 0.387447 0.94467 -1 -0.256057 -0.212893 0.643848 0.505004 -0.887913 : 0.6
0.606924 0.553809 0.881197 -0.991428 -0.304467 -0.00942439 0.329185 0.833396 -0.674318 : 0.4
0.621674 0.379866 1 -0.88364 -0.831377 0.0446525 1 0.292133 -0.342702 : 0.5
0.781046 0.452675 0.881908 -0.802531 -0.110461 -0.193231 0.179398 0.377576 0.125926 : 0.5
0.602018 0.541298 0.763426 -0.697818 -0.189626 -0.289589 0.278164 0.175585 0.83047 : 0.5
0.597967 0.547886 0.913885 0.102209 -0.304893 -0.245963 0.564796 0.732288 0.297708 : 0.2
0.595947 0.282805 0.864463 -0.825087 -0.301279 -0.348175 0.723532 0.82772 -0.445157 : 0.3
0.350839 0.478507 0.792499 0.282447 -0.192225 -0.356828 -0.159689 0.212085 -0.320624 : 0.2
0.455835 0.523149 0.91421 -0.456899 0.180318 -0.357835 0.102674 -0.310605 -0.538622 : 0.3
0.623635 0.3329 0.936905 -1 -0.431617 -0.289413 0.997193 0.30832 -0.0611774 : 0.5
0.40923 0.362572 0.881234 -0.54269 -0.290125 -0.619953 0.0799883 0.389392 0.725379 : 0.4
0.744124 0.37435 0.787684 -0.633967 -0.267776 -0.196256 0.74911 0.0650231 -0.346828 : 0.4
0.785594 0.341559 0.912336 -0.956043 0.12112 -0.858917 0.737583 0.501357 0.516238 : 0.3
0.589622 0.467828 0.955666 -0.984025 -0.187511 0.0625501 0.634731 0.9791 0.183688 : 0.5
0.637045 0.355736 0.856841 -0.807987 -0.301872 -0.411773 0.679711 -0.0709762 -0.864854 : 0.2
0.667813 0.334764 0.667577 -0.945273 0.10722 -0.136722 0.490186 0.657521 -0.306064 : 0.5
1 0.257909 0.868137 -0.824919 0.270226 -0.273831 0.71579 1 0.418115 : 0.1
0.555734 0.433911 1 -1 0.17026 0.246928 0.222552 -0.306027 -0.0593731 : 0.4
0.616747 0.575683 0.848229 -0.692475 -0.386352 -0.386318 0.939297 0.132007 0.325218 : 0.4
0.590757 0.407598 0.56884 -0.883812 -0.606058 -0.310834 0.707496 0.380625 -0.1599 : 0.5
0.499168 0.302358 0.675574 -0.175436 -0.274574 0.250623 0.586903 -0.232504 0.100223 : 0.2
0.589857 0.209009 0.840367 -0.923051 -0.20323 1 0.255506 0.515422 0.168323 : 0.4
0.778288 0.390106 0.964895 -0.47693 -0.303683 0.109501 0.167494 -0.285604 -0.284456 : 0.7
0.610431 0.501392 0.938651 -0.786874 -0.224305 -0.0282478 0.64688 0.276523 0.526718 : 0.4
0.610149 0.364056 0.87573 -1 -0.104538 -0.143234 0.0647024 0.929659 -0.418921 : 0.3
0.747812 0.413048 0.865612 -0.652253 -0.160652 -0.0419295 0.444854 1 0.655644 : 0.3
0.613738 0.472207 0.825202 -0.21156 -0.103425 -0.199759 0.230182 0.538468 -0.575225 : 0.3
0.657908 0.358874 0.888215 -0.75442 -0.258566 0.14648 0.54304 1 -0.332837 : 0.5
0.587548 0.413627 0.862015 -0.354266 -0.35472 0.171494 1 0.709644 -1 : 0.4
0.693636 0.222344 0.933662 -0.671648 -0.783777 0.254197 0.656962 0.243595 0.383708 : 0.2
0.639936 0.216545 0.796182 -0.796572 0.023459 -0.303861 0.497315 0.506177 -0.175728 : 0.5
0.688865 0.321974 0.868687 -0.521463 -0.976541 0.0117728 0.781604 0.673927 -0.314652 : 0.2
0.565755 0.389064 0.85978 -0.547466 0.474725 -0.361373 -0.0240007 -0.908556 -0.135156 : 0.4
0.633772 0.377431 0.841979 -0.503956 0.407953 0.35386 0.548488 0.736116 0.816396 : 0.5
0.639552 0.340303 0.855453 -0.51017 0.262791 -0.149284 -0.110471 0.461932 -0.0880531 : 0.3
0.610461 0.257802 0.851351 -0.101287 -0.398646 0.394762 0.32196 0.0699238 1 : 0.5
0.581867 0.496537 0.88979 -0.61926 -0.206831 0.0390699 0.531753 0.104569 -0.0387677 : 0.5
0.702395 0.328412 0.906816 -1 -0.465659 -0.504675 0.670257 0.334352 0.00475131 : 0.4
0.948903 0.306803 0.667984 -0.720152 -0.154642 -0.181825 0.71926 0.987333 -0.0861038 : 0.2
0.64098 0.469516 0.794716 -1 -0.560293 -0.24317 0.664616 0.329755 -0.0687159 : 0.6
0.812187 0.423079 0.758113 -0.491183 -0.503933 0.253935 0.9104 0.466569 0.71275 : 0.3
0.622649 0.425606 0.865743 -0.936931 -0.350552 -0.385886 -0.730982 0.376323 -0.0581487 : 0.4
0.614567 0.560738 0.878838 -0.111021 -0.654999 -0.313621 0.880123 1 -1 : 0.3
0.56832 0.739993 0.773709 -0.816441 -0.158058 -0.857541 0.500601 0.171581 -0.0913758 : 0.1
0.671812 0.371755 0.699333 -0.64223 0.112245 0.0469138 0.558853 0.570247 -0.240505 : 0.3
0.676848 0.386827 1 -0.377508 -0.381075 -0.141239 0.789076 0.797543 -0.764039 : 0.3
0.600822 0.321777 0.851614 -1 -0.52526 -0.298962 0.514199 -0.645628 0.811936 : 0.3
0.596379 0.405236 0.733363 -0.928943 -0.278359 0.104532 0.265949 -0.169627 0.597734 : 0.5
0.606083 0.406368 0.92043 -0.636347 -0.474001 0.103081 0.961833 -0.0919985 -0.723301 : 0.7
0.65694 0.385867 1 -0.48283 -0.78891 -0.287249 0.587475 0.107097 0.63224 : 0.4
0.7842 0.463183 0.869093 -0.855223 0.0213067 0.103226 0.074851 0.79404 -0.0430098 : 0.4
0.614474 0.301506 0.836296 -0.905953 -0.999949 0.0558479 0.576975 -0.0143207 0.615811 : 0.4
0.715005 0.397474 0.448764 -0.990475 -0.72854 -0.206097 0.109411 1 0.155284 : 0.4
0.802773 0.491556 0.820837 -0.300888 -0.340597 -0.245336 0.343456 -0.140423 0.159098 : 0.6
0.613903 0.416613 0.826705 -0.315562 -0.586317 -0.170588 -0.079407 0.684406 0.554564 : 0.2
0.622524 0.330812 0.739568 -1 -0.867604 -0.304782 0.558033 0.164835 0.416664 : 0.6
0.713887 0.404377 0.892664 -0.511019 -0.075924 -0.177861 0.545471 0.99454 0.0180253 : 0.5
0.762764 0.227718 0.903092 -0.871225 -0.669991 0.209614 0.568208 0.153769 0.142717 : 0.4
0.545559 0.265694 1 -1 -0.213474 -0.584272 0.936096 0.661207 0.213749 : 0.4
0.674816 0.480658 0.808327 -0.694949 0.000869393 -0.359466 0.0204992 0.322417 0.357046 : 0.5
0.610463 0.589179 0.854582 -0.453153 -0.215665 -0.14254 -0.432441 0.49479 -0.0475595 : 0.4
0.642871 0.471228 0.817968 -0.847598 -0.439101 0.102841 0.484885 0.470813 -0.00642529 : 0.2
0.675067 0.344034 0.821579 -1 -0.282928 -0.515563 0.228943 0.990323 -0.195156 : 0.4
0.557525 0.352629 0.669541 -0.697643 -0.327711 -0.294087 0.710381 0.695157 0.0298554 : 0.4
0.672439 0.407763 0.879714 -1 -0.595265 -0.237643 0.622833 -0.784591 -0.304273 : 0.4
0.677575 0.631345 0.823585 -0.91889 -0.425781 0.0235221 0.735873 0.533851 -0.0613946 : 0.5
0.687744 0.443048 0.842351 -1 0.0782154 -0.235614 0.62469 0.789158 0.224177 : 0.4
0.671246 0.382205 0.904101 -0.47874 1 -0.21276 0.639079 -0.489142 1 : 0
0.67529 0.27438 0.861624 -1 -0.197135 -0.496653 -0.799854 0.395893 0.0247286 : 0.4
0.624647 0.417224 0.805199 -0.373898 -0.255005 -0.0680792 0.49751 -0.038325 0.233902 : 0.6
0.609047 0.440149 0.994761 -0.945403 -0.323789 0.142284 -0.112238 0.568726 0.250497 : 0.3
0.576445 0.333378 1 -0.85805 -0.862705 -0.400827 1 0.21158 -1 : 0.3
0.63529 0.396877 0.889167 -0.541834 -0.206109 -0.129447 0.147693 -0.255265 0.350329 : 0.3
0.518508 0.430226 0.72287 -0.526463 -0.297806 0.117891 0.41706 0.0392526 -0.737186 : 0.5
0.872672 0.260892 1 -1 -0.217971 -0.277455 0.645064 0.915772 0.536945 : 0.4
0.66077 0.34789 0.9239 -0.778286 0.634294 -0.317586 0.637846 -0.4917 0.163949 : 0.2
0.581972 0.477948 0.827774 -0.525749 -0.475787 0.0490154 0.463312 0.493398 -0.252508 : 0.6
0.580032 0.47745 0.831199 -0.86086 -0.354687 -0.513772 0.782524 0.876248 0.0310571 : 0.2
0.693119 0.273084 0.970962 -0.896065 -0.134385 -0.154385 0.473647 0.672433 -0.279864 : 0.5
0.662656 0.448577 0.834271 -0.777121 -0.2589 -0.197689 0.546812 -0.173447 0.324059 : 0.3
0.612977 0.424391 0.803169 -0.62758 -0.443604 0.560775 0.565323 0.770415 0.407227 : 0.4
0.753102 0.401922 0.557175 -0.871861 -0.355905 -0.654064 0.183922 0.712166 0.894422 : 0.5
0.623774 0.338683 0.744367 -1 0.116301 0.0565744 0.341874 -0.143898 -0.24436 : 0.5
0.732091 0.497524 0.724506 -0.380649 0.0740089 -0.235201 0.551796 0.779592 -0.0202729 : 0.6
0.51456 0.352053 1 -0.575213 -0.310401 0.0311568 0.212611 0.218047 0.0271835 : 0.5
0.605533 0.28186 0.919196 -0.00503457 -0.0798817 -0.294917 0.351182 0.998428 -0.374849 : 0.4
0.565667 0.366129 0.721451 -0.533209 0.0261977 0.0148123 0.0272438 0.509402 -0.200884 : 0.5
0.60026 0.341796 0.615785 -0.93897 -0.266603 -0.196206 0.577958 1 -0.0979105 : 0.7
0.60635 0.447193 0.785467 -0.262733 0.189292 -0.458275 0.161888 0.919938 0.984906 : 0.6
0.671254 0.413189 0.929563 -0.409401 -0.220029 -0.442427 0.577098 0.19361 0.763003 : 0.3
0.640941 0.336408 0.932168 -0.492317 -0.14988 -0.390507 0.642956 0.492871 -0.632879 : 0.6
0.713874 0.376825 0.871465 -0.96382 -0.316598 -0.144232 0.19209 1 -0.346196 : 0.6
0.725794 0.372318 0.930277 -0.90115 -0.106144 -0.213132 0.393511 0.831221 -0.217445 : 0.6
0.578815 0.40077 0.726625 -1 -0.416838 -0.223682 0.0614487 -0.153881 0.207744 : 0.3
0.616772 0.505779 0.885134 -0.641191 0.370583 -0.0876949 0.437746 0.915392 -0.18277 : 0.1
0.713057 0.408271 0.893649 -0.659396 0.404478 0.0759337 -0.202471 -0.0426608 -0.123313 : 0.3
0.666848 0.404932 0.89574 -0.613247 0.0296952 -0.151519 1 -0.179018 -0.152289 : 0.4
0.598188 0.41833 0.836554 0.0381626 0.150629 -0.178173 0.336327 -0.195467 0.227048 : 0.4
0.543735 0.454445 0.957086 -0.0764074 -0.452618 -0.298115 1 0.620208 0.348283 : 0.3
0.60034 0.462142 0.873 -0.661666 -0.0663368 0.000500888 0.265233 0.13516 0.821966 : 0.4
0.702174 0.354895 0.875076 -0.848422 -0.164937 0.203612 0.568487 0.583407 0.022463 : 0.6
0.60781 0.285936 0.928065 -0.709587 0.130691 -0.193818 0.37614 -1 -0.540605 : 0.4
0.646836 0.452171 0.804882 -0.817672 0.212531 -0.0829169 0.76799 0.412344 -0.978667 : 0.5
1 0.46715 0.895239 0.311677 -0.845022 -0.400725 0.0356562 -0.179231 -0.346992 : 0.2
0.614141 0.299786 0.504891 0.0165248 -0.172604 0.0254642 0.748147 0.358648 0.253123 : 0.4
0.67205 0.581202 0.89153 -0.416349 -0.293419 -0.504248 0.54827 0.547196 0.584302 : 0.7
0.618687 0.383083 0.718253 -0.384257 -0.269106 -0.522239 0.73117 0.221049 -1 : 0.2
0.633757 0.474341 0.767384 -1 -0.347874 -0.26197 0.124393 0.644998 0.473713 : 0.4
0.591743 0.318673 0.705652 -1 -0.578114 -0.138093 0.42593 0.193706 0.217694 : 0.2
0.629916 0.340711 0.806754 -0.865343 0.0211627 0.269075 0.108408 -0.0837809 -0.171276 : 0.3
0.608123 0.529994 0.900548 -0.694546 -0.319875 0.112715 0.575509 0.0806121 0.571603 : 0.2
0.64506 0.469279 1 -0.922542 -0.127154 -0.324442 0.317874 0.173697 0.612078 : 0.6
0.685236 0.358982 0.909023 -0.684328 -0.204288 -0.0979705 1 0.354914 -0.020487 : 0.6
0.595888 0.284275 1 0.15813 -0.467493 -0.131762 0.302291 0.329805 0.542555 : 0.4
0.61772 0.325361 0.994836 -0.842852 -0.700051 -0.00742912 0.429247 0.124061 -0.0151223 : 0.1
0.598348 0.299885 0.834747 -0.810672 -0.0806477 -0.275837 0.442359 0.856347 0.047365 : 0.5
0.676746 0.619795 0.972752 0.369636 -0.258326 0.561912 0.660177 0.827823 0.170735 : 0
0.49374 0.510159 0.743149 -0.884425 -0.0075841 -0.490281 0.508308 0.294645 1 : 0.5
0.645542 0.387859 0.816432 -0.651608 -0.451987 0.195686 0.447411 0.547228 -0.259475 : 0.5
0.599304 0.405217 0.784405 -0.869696 -0.223901 -0.196568 0.561889 0.447232 1 : 0.4
0.827971 0.466166 0.78728 -1 -0.290873 0.353907 0.65941 -0.224545 -0.516273 : 0.4
0.597111 0.313762 0.785837 0.17525 0.813137 0.000630021 0.336543 0.616835 1 : 0
0.657556 0.350059 0.874234 -1 0.864533 0.399318 0.594663 -0.0299796 0.0888163 : 0.1
0.642601 0.263758 0.847072 -0.155239 -0.598323 -0.951742 0.977082 0.505551 0.0524947 : 0.3
0.707548 0.351446 0.968851 -0.676614 -0.0294992 0.102703 0.0317744 -0.102642 -0.0917087 : 0.3
0.642226 0.362148 1 -0.91022 -0.231945 0.0462518 0.648691 0.836581 0.0400328 : 0.7
0.749944 0.391229 0.821226 -0.636958 -0.738699 -0.386717 0.790673 -0.35157 0.951171 : 0.4
0.574201 0.260198 0.654047 -0.741586 -0.0669745 -0.273758 0.490499 0.409614 -0.0184091 : 0.4
0.52006 0.429008 0.853296 -0.323727 -0.520329 -0.310437 0.595513 -0.185641 0.382523 : 0.3
0.57061 0.326591 0.728458 -0.424218 -0.129682 -0.338297 0.116403 1 -0.834641 : 0.6
0.68755 0.236541 0.994111 -0.454982 -0.329959 0.58976 0.928259 -0.0253558 -0.423619 : 0.6
0.663192 0.429026 0.870452 -0.562265 -0.802544 -0.308164 -0.0198744 0.174493 -0.466922 : 0.3
0.704242 0.341867 0.891661 -1 -0.0169854 -0.685288 0.519044 0.486165 0.228287 : 0
0.618873 0.439932 0.810048 -0.90718 -0.321335 -0.7897 0.310828 0.369856 0.656544 : 0.5
0.610072 0.182676 0.827675 -0.195329 -0.595323 0.00102654 -0.180112 0.452159 0.0206487 : 0.4
0.488283 0.30486 0.850383 -0.141671 -0.183118 -0.14992 0.00415036 0.87523 -0.679833 : 0.4
0.617277 0.37603 0.952872 -0.423039 -0.539452 -0.505472 0.517426 0.35489 0.488183 : 0.5
0.648382 0.419966 0.999579 -1 -0.343072 -0.332973 0.257253 0.65271 0.259791 : 0.4
0.657035 0.362152 0.964912 -0.437552 -0.338274 0.0455688 0.635921 -0.0542935 -0.210892 : 0.5
0.740832 0.5295 0.687603 0.30396 -0.480435 -0.285501 0.0850198 0.177474 0.00789341 : 0.5
0.588 0.593011 0.872829 -0.450459 -0.0464359 0.07477 0.596154 0.498014 -0.186218 : 0.5
0.615552 0.379926 0.859136 -1 -0.334606 0.551525 0.717331 -0.379977 -0.721695 : 0.6
0.602167 0.375485 0.848935 -0.542916 -0.390971 0.438738 0.479495 0.472597 0.220146 : 0.5
0.642789 0.274981 0.899171 -0.500141 -0.174921 -0.13909 0.724178 -0.582532 0.269115 : 0.1
0.66122 0.694136 0.719119 -0.544445 -1 0.0284277 0.208771 0.351699 0.107034 : 0.2
0.578207 0.546431 0.861371 -1 -0.220032 0.183869 0.440268 1 -0.343074 : 0.6
0.732465 0.444598 1 -0.172169 -0.131644 -0.371167 1 0.897792 -0.523549 : 0.4
0.67237 0.466251 0.929198 -0.370348 -0.201235 0.837353 0.497749 0.130662 1 : 0.3
0.529179 0.232061 0.892935 -0.092616 -0.641361 0.308453 0.578458 -0.116345 -0.000107408 : 0.5
0.533336 0.404378 0.867007 -0.0976403 -0.213291 0.102641 0.170944 0.263274 -0.122187 : 0.4
0.570881 0.547885 1 0.489288 -0.028677 -0.703008 -0.77059 0.883105 -0.127418 : 0.3
0.762123 0.406507 0.8448 0.0834774 -0.442212 -0.25345 -0.420566 0.234643 -0.321537 : 0.6
0.616838 0.343101 1 -0.414339 -0.576694 -0.0291853 0.656337 0.334024 0.487081 : 0.5
0.681863 0.373411 0.756945 -0.384792 -1 -0.239687 0.106545 -1 1 : 0.3
0.709976 0.395568 0.699369 0.148159 -0.249217 -0.0940659 0.55466 0.749378 -0.350338 : 0.5
0.433448 0.239891 0.872393 -1 -0.347872 -0.21342 0.59904 0.333551 -0.243333 : 0.4
0.558122 0.348436 0.658524 -0.980328 -0.488709 -0.150041 0.29091 0.460482 -0.204649 : 0.6
0.663274 0.384184 0.736564 -0.531677 0.111386 -0.0481038 0.714229 0.802587 -0.0769636 : 0.4
0.552344 0.273368 0.866766 -0.452795 -0.86832 -0.0427956 0.499426 0.818954 -0.270657 : 0.3
0.674453 0.362449 0.872519 -0.959614 -0.315307 -0.0436398 0.515791 1 0.593415 : 0.4
0.623865 0.356587 0.849441 -0.730759 0.0738776 -0.119026 0.321798 -0.248479 -0.303494 : 0.4
0.623195 0.495241 0.761946 -0.732144 -0.647842 1 -0.00452188 -0.0937159 -0.0245315 : 0.1
0.680563 0.420096 0.875431 -0.902534 -0.141802 0.075745 0.603448 -1 -0.0303947 : 0.2
0.62298 0.292841 0.734959 -0.55178 -0.350141 -0.864476 0.254668 0.265451 0.101297 : 0.3
0.669867 1 0.788699 -0.0559632 -0.455855 -0.390136 0.49771 1 0.131872 : 0.1
0.635156 0.329428 1 -0.372695 -0.224932 -0.273088 0.285029 0.684083 -0.0442219 : 0.5
0.755939 0.536061 0.809664 -0.74452 0.548791 -0.19852 0.533858 0.315881 0.724425 : 0.5
0.601033 0.343219 0.68493 -0.958682 -0.833696 -0.0907029 0.159011 0.146672 -0.516705 : 0.1
0.691066 0.333318 0.875994 -0.995822 -0.259207 -0.331582 1 0.341123 0.65934 : 0.3
0.573032 0.475441 0.817771 -0.471457 0.4432 -0.690909 0.504017 0.738033 0.252003 : 0.4
0.578932 0.404103 0.837545 -0.378931 -0.574939 -0.110807 0.100629 0.34746 0.0347027 : 0.6
0.615512 0.513126 0.906171 -0.631045 -0.719956 -0.203956 0.87977 0.726501 -0.0155302 : 0.3
0.570426 0.375886 0.702123 -1 0.107624 -0.22158 -0.284641 0.0569739 -0.00166011 : 0.5
0.7067 0.296375 0.956279 -0.140034 -0.185263 0.0631355 -0.00754544 0.667418 0.995646 : 0.1
0.676147 0.439708 0.898266 -0.912817 -0.249908 -0.307641 1 0.469664 -0.714475 : 0.2
0.541997 0.428411 1 -0.0860175 -0.0751451 -0.347398 -0.00295094 0.54806 -0.321724 : 0.5
0.697197 0.442352 0.898205 -0.778273 -0.735408 -0.358885 0.670668 0.657022 0.725235 : 0.5
0.659106 0.441751 0.81584 -0.967146 -0.16871 -0.308054 0.500123 0.121308 -0.493701 : 0.4
0.710872 0.534623 0.881055 -0.431994 -0.56233 -0.238623 -0.201444 0.499954 -0.180719 : 0.7
0.576847 0.433158 0.997849 -0.364394 -0.457383 -0.522197 0.559305 0.69307 -0.276462 : 0.2
0.625074 0.593372 0.861061 0.291945 -0.246203 -0.0988083 0.231878 -0.244584 -0.574237 : 0.2
0.699059 0.319448 0.797904 -1 -0.124229 -0.181309 1 0.546954 0.832354 : 0.3
0.619581 0.259426 0.84493 -0.713849 -0.289423 0.113499 0.528375 0.63882 0.0692555 : 0.5
0.693736 0.375176 0.893232 -0.406766 -0.469566 -0.380514 0.722928 -0.062233 0.103275 : 0.2
0.709655 0.290596 0.916817 -0.596756 -0.526021 1 0.265583 0.37338 -0.953371 : 0.2
0.61682 0.883018 0.876818 -1 -0.404508 -0.438201 0.102834 0.546292 0.0513883 : 0.1
0.764545 0.402172 0.774077 -0.678104 -0.484077 -0.325746 1 0.685702 -0.0948076 : 0.3
0.669628 0.344075 0.733794 -0.894595 -0.670856 0.0496896 -0.0198279 0.481119 0.145596 : 0.1
0.667642 0.220689 0.767134 -0.914809 -0.295729 0.381814 0.497766 0.744002 0.147445 : 0.4
0.655148 0.311011 0.819754 0.01463 -0.158525 -0.0912521 0.0662911 -0.304037 -0.313192 : 0.4
0.612405 0.399356 0.808891 -0.900665 -0.231102 0.0768147 0.268753 0.0742272 -0.380074 : 0.4
0.625218 0.337694 0.944153 -0.244322 -0.270829 -0.180791 0.58627 0.150192 1 : 0.4
0.698851 0.343686 0.885127 -1 -0.524489 -0.256676 1 0.585304 0.231415 : 0.4
0.658203 0.392646 0.85756 -0.771879 -0.152369 -0.25212 0.196345 0.44915 -0.608415 : 0.4
0.956829 0.504603 0.744243 -0.419492 -0.985566 0.148994 0.626849 0.320617 -0.0816326 : 0.4
0.636806 0.326666 0.788509 -0.419269 -0.669087 -0.229192 -0.073635 0.00247428 0.459853 : 0.6
0.594115 0.471737 0.84667 -0.999335 -0.523562 -0.295715 0.268439 1 1 : 0.3
0.591198 0.315416 0.720929 -1 -0.407584 0.0666624 0.3636 0.294041 -0.295604 : 0.4
0.599233 0.398053 0.838759 -0.990941 -0.273114 0.0187297 0.181712 0.356589 -0.365256 : 0.4
0.629457 0.389096 0.832938 -0.894407 -0.766605 -0.325645 0.288606 0.490127 0.497576 : 0.5
0.725055 0.32887 0.858339 0.459264 -0.148765 -0.413856 0.477255 0.516453 -0.059518 : 0.3
0.397852 0.432815 0.866935 -0.46127 -0.456271 0.360402 0.370297 0.0223463 -0.00769588 : 0.1
0.725675 0.438091 0.807773 -0.433592 -0.232854 -0.184551 0.55114 0.707275 1 : 0.3
0.637173 0.355015 1 -0.46815 -0.377772 -0.474321 1 0.467418 0.0420534 : 0.3
0.567043 0.346388 0.862489 -0.551862 0.220271 0.023153 0.803824 -0.0499264 0.0124724 : 0.4
0.686003 0.442146 0.881566 -0.164158 -0.140431 0.016616 0.591949 0.0994434 0.715058 : 0.6
0.705142 0.605234 0.869924 -0.144514 -0.358632 -0.416572 0.22778 0.473281 0.0760309 : 0.7
0.58587 0.403737 0.984537 -0.527247 -1 -0.19243 0.160372 0.644708 0.436644 : 0.4
0.690202 0.414403 0.896539 -0.366058 -0.555549 -0.0153257 0.184126 0.0698836 1 : 0.6
0.577956 0.398215 0.72911 -0.614379 0.135868 0.133817 0.225138 0.34209 -0.296534 : 0.5
0.569649 0.278856 0.861653 -0.0706036 -0.137898 -0.281537 0.21084 0.567802 -0.146205 : 0.7
0.664476 0.355832 0.900418 -0.54299 0.544729 -0.356748 0.804468 0.346555 -0.163851 : 0.3
0.581737 0.332598 0.891826 -0.718796 0.360115 -0.120105 0.321819 0.337153 1 : 0.6
0.61096 0.327395 0.698537 -0.6652 0.062596 -0.313412 1 0.650245 -0.147234 : 0.2
0.669467 0.280175 0.890269 0.322399 1 0.173533 0.664702 -0.177184 -0.362542 : 0
0.567795 0.440001 1 -0.156481 0.301739 -0.284027 0.545515 -0.156361 0.390982 : 0.5
0.580849 0.475325 0.598859 -0.410436 -0.418043 -0.534667 0.557949 -0.624801 -0.682625 : 0.1
0.67712 0.447702 0.826686 -0.878784 -0.329179 0.136817 1 -0.291296 0.30417 : 0.8
0.796554 0.346152 0.802446 -0.709088 0.0442284 -0.0749176 0.334254 0.872024 0.134931 : 0.4
0.594649 0.434653 0.765226 -0.835617 -0.724769 -0.175223 -0.106278 0.153916 0.0849056 : 0.4
0.605128 0.463629 0.90043 -0.462067 0.590334 0.237058 0.594999 0.399177 0.787395 : 0.1
0.813917 0.882257 0.807072 0.249313 -0.187009 -0.659696 0.816218 0.277599 0.276533 : 0.1
0.599974 0.449197 0.8879 -0.556602 -0.555813 0.338983 0.450244 0.0191717 -0.262833 : 0.7
0.70119 0.424781 0.446017 -0.969289 -0.63429 -0.117968 0.0455233 0.460101 -0.166121 : 0.3
0.663324 0.489444 0.822361 -0.753028 -0.359652 -0.111098 1 0.350249 -0.176333 : 0.4
0.672275 0.339421 0.776843 -0.0337995 -0.690269 -0.271423 0.611483 1 -0.325046 : 0.2
0.588096 0.432874 0.921929 -0.444779 -0.167871 -0.399158 0.593682 -0.195677 -0.286622 : 0.4
0.574247 0.383816 0.917648 -0.994765 -0.152087 0.0442616 0.489897 -1 -0.708399 : 0.3
0.716288 0.382466 0.894 -0.707302 -0.169575 -0.0516213 0.688652 0.627304 0.175499 : 0.4
0.729947 0.38286 0.93412 0.127889 -0.192423 -0.631594 0.436364 -0.196273 -0.998359 : 0.4
0.670894 0.374584 0.774386 -0.548644 -0.458925 -0.401399 0.277943 0.539082 0.0371245 : 0.5
0.598575 0.424137 0.805913 -0.81653 0.07416 0.0938672 0.00814985 0.681682 -0.00288026 : 0.5
0.572042 0.349847 0.853566 -0.691118 -0.356162 -0.401282 -0.00169602 0.620139 -0.305913 : 0.3
0.58695 0.619986 0.907308 -0.210066 -0.518696 -0.431269 0.863042 0.543563 0.97345 : 0.4
0.698092 0.52803 0.94186 -0.39075 -0.190816 0.280269 0.409091 0.356183 0.240535 : 0.1
0.627666 0.275276 0.63726 -0.671168 -0.0603696 -0.411615 -0.0609122 0.0362226 0.266426 : 0.5
0.591278 0.421263 0.555712 -0.442552 -0.995079 0.175186 0.588557 -0.331584 0.174327 : 0.2
0.630608 0.41197 0.785387 -0.569558 0.183631 0.177099 0.583781 0.0170841 0.00691265 : 0.6
0.587797 0.376496 1 -0.901031 -0.101764 -0.483723 -0.0604957 0.500012 0.428934 : 0.4
0.648183 0.323284 0.840392 -0.345535 -0.35318 -0.0181742 0.994043 -0.167777 0.416853 : 0.6
0.636307 0.233738 0.912695 -0.926384 -0.740195 1 0.350569 0.261137 0.606382 : 0.1
0.589726 0.351306 0.832907 -0.934768 -0.06331 0.237762 -0.251184 0.0884806 0.160734 : 0.3
0.615849 0.382722 0.876549 -1 -0.286029 -0.114645 0.526047 -0.145556 0.217683 : 0.1
0.501586 0.415996 0.991143 -1 -0.195027 0.11006 0.443375 -0.118869 -0.904568 : 0.5
0.550161 0.497959 1 -0.803178 -0.203563 0.213988 -0.135744 0.174519 -0.019512 : 0.2
0.58579 0.345874 0.876785 -0.586263 -0.16978 0.230005 0.50241 1 0.014804 : 0.3
0.582785 0.477968 0.894064 -0.47658 -0.0515186 0.328885 0.0225782 0.213542 0.141505 : 0.4
0.625256 0.544953 0.921643 -0.289795 -0.39712 -0.172385 0.41082 0.600412 0.461759 : 0.7
0.617609 0.42533 0.772459 -0.451651 -0.314761 0.0509508 0.582612 -0.0949215 -1 : 0.6
0.640172 0.308333 0.892447 -0.952928 -0.895613 -0.036153 0.262107 -1 -0.343863 : 0
