0.672842 0.6611 0.910634 -0.171008 -0.870161 -0.82866 0.668348 -0.66 -0.111428 : 0.1
0.784509 0.513037 0.915998 -1 -0.49039 -0.55532 0.67093 0.208723 0.514294 : 0.2
0.442566 0.457229 0.36819 -0.632944 0.292372 -0.843628 0.181961 -0.0464861 0.48599 : 0
0.811128 -0.0595665 0.782405 -0.747679 -0.713897 -0.720845 -0.112656 0.649199 0.919456 : 0.2
0.452034 0.703213 1 -0.465715 -0.14684 -1 0.568209 0.245414 0.451682 : 0.1
0.539291 0.425255 0.839455 -0.163501 -0.144956 0.221564 0.358547 0.334055 0.630358 : 0.2
0.244537 0.645642 0.940511 -0.827223 -0.307294 -0.130169 1 -0.10326 -0.265425 : 0.1
0.650475 0.488115 0.896645 -0.394728 -0.575679 -1 0.661836 1 -0.561036 : 0.4
0.634529 0.417942 1 -0.802174 -0.518909 -0.872592 1 0.843824 0.979236 : 0.6
0.733131 0.570639 0.955741 -0.372629 0.90906 1 0.149765 0.570057 -0.945725 : 0.1
0.672756 0.491319 0.94702 -0.900652 -0.318821 -1 0.411131 0.718116 -0.764653 : 0.5
0.901028 0.271205 0.805799 -0.636191 -0.641309 0.217656 0.380532 0.907993 0.111828 : 0.2
0.511337 0.431931 0.896913 -0.614535 -1 0.182565 0.384736 0.567273 -0.402129 : 0.2
0.604373 0.445111 0.916131 -0.456606 0.688176 -0.340427 0.258336 0.46024 -0.510083 : 0.3
0.363524 0.278857 0.882753 -0.677403 0.74058 -1 0.153988 0.496037 0.91318 : 0
0.51136 0.778852 0.875465 -0.791722 0.78491 -0.0940085 0.192297 0.601049 -0.27984 : 0
0.576399 0.198642 1 -0.602978 -0.411132 -0.768538 1 0.564708 0.630372 : 0.3
0.858442 1 0.818951 -0.825649 -0.126264 -0.526013 0.816733 0.69861 0.278822 : 0.4
0.491831 0.535568 0.703234 0.195056 -0.30264 -0.617673 0.253798 0.316282 -0.923371 : 0.3
0.850089 0.511674 0.892375 -0.686045 0.0847313 0.750059 -0.900154 0.381371 0.853907 : 0
0.477723 0.621415 0.710568 -0.675015 0.463134 0.0881587 1 0.236419 0.171185 : 0.2
0.309947 0.395266 0.842942 0.0250652 -0.64269 -0.176202 0.193143 0.0489524 0.557295 : 0
0.812247 0.347553 0.876608 -0.425347 0.0124278 -0.14123 1 0.569992 0.586778 : 0.5
0.854114 0.00215376 0.8417 -0.666954 -0.238682 0.38517 0.258472 0.27713 -0.096103 : 0
0.636593 0.585258 0.981849 -0.50941 -0.288819 0.0666255 -0.0043816 0.0141677 -0.982683 : 0.4
0.667358 0.361697 1 -0.857487 0.194925 -0.677673 0.401955 1 -0.123211 : 0.3
0.71783 0.836142 0.716902 -0.164059 -0.492787 -0.714531 0.661893 0.236256 -0.759586 : 0.3
0.819031 0.69022 1 -0.329301 -0.247457 -0.539974 0.649323 0.215428 -0.010257 : 0.6
0.81074 0.102052 0.723278 -0.217056 0.258149 -0.348743 1 0.411878 -0.185832 : 0.4
0.680045 0.12828 0.863309 -0.830873 -0.274627 0.00274971 0.310281 0.328832 0.13159 : 0.6
0.522078 0.376475 1 -0.269638 -0.742166 -0.606079 0.285175 0.2591 -0.809632 : 0.5
0.627317 0.155854 0.818773 -1 -0.550151 -0.200984 0.215815 0.423274 -0.0591547 : 0.4
0.450064 0.378248 0.880467 -0.10033 -0.131357 0.504364 1 -1 -0.177417 : 0.4
0.545124 0.427565 0.967743 -0.415085 -0.194665 -0.443858 0.446783 0.38783 0.56707 : 0.3
0.582991 0.647027 0.606064 -0.804669 -0.415514 -0.156525 0.935007 0.66478 -0.136039 : 0.5
0.33228 0.245946 0.867449 -0.935824 0.58037 -0.836286 0.608568 0.186847 0.559398 : 0
0.474847 0.643628 -0.374323 -0.635507 0.339331 -1 0.728441 -0.151236 0.955941 : 0.1
0.318666 0.271645 0.752486 -0.517949 -0.358751 -0.345114 -0.0653806 0.2825 0.0685756 : 0.2
0.694323 0.333712 0.896544 -0.565013 0.14986 0.0482482 0.0450741 0.602976 0.364818 : 0.6
0.746512 0.593481 0.946412 -0.453502 -0.435914 0.543742 0.177111 0.0856865 0.311357 : 0.5
0.247165 0.914038 0.793897 -0.530765 -0.758274 -0.00797522 0.242719 1 0.629468 : 0
0.625144 0.265867 0.809186 -0.620501 -0.679185 0.4746 0.860585 0.317995 -0.611621 : 0.4
0.750207 0.802702 0.921922 -0.764209 -0.634844 -0.620513 0.110927 0.164106 0.0475723 : 0.4
0.441247 0.0966144 0.806411 0.102757 0.560731 -0.738167 1 0.453763 0.601026 : 0.1
0.449282 0.668364 0.802799 -0.730571 -0.767258 -0.905146 1 0.442626 -0.551931 : 0.2
1 0.0975733 0.872624 -0.78761 0.223497 -0.556034 0.219295 0.906231 0.173298 : 0.3
0.892195 0.477959 0.719648 -0.823463 -0.328859 -0.641616 0.601117 0.213226 0.719395 : 0.5
0.59589 0.585155 0.788859 -0.88352 -0.338953 -0.0312817 1 1 -0.602482 : 0.3
0.608068 0.373192 0.801737 -0.571568 -0.58141 -0.410935 0.384887 0.665759 0.898006 : 0.3
0.662455 0.353774 0.835624 0.0630904 -0.129356 -0.727777 0.67634 0.468246 -0.00897644 : 0.1
0.644343 0.14201 0.788423 -0.586968 -0.319378 -0.0650762 0.269143 0.78562 0.880404 : 0.4
0.483105 0.444759 0.725955 -0.436348 0.387295 -0.0532151 1 -0.122959 0.228922 : 0.4
0.671276 0.593798 0.805346 -0.749395 0.425392 -0.242553 0.627187 0.548051 0.111992 : 0.5
0.480365 1 0.896803 -0.884267 -0.6307 0.0568585 0.809047 0.711584 0.32517 : 0.2
0.677284 0.412017 0.860125 -0.613328 -0.33447 -0.680645 0.555871 0.808965 0.0356253 : 0.2
0.554443 0.4234 0.876452 -0.653698 0.821599 -1 0.223144 0.0676563 -0.0811872 : 0.3
0.930976 0.276494 0.824967 -0.888473 -0.235 -0.763292 0.373893 1 -0.288836 : 0.3
0.453485 0.608004 0.965425 -0.411554 -0.0361884 -0.375104 -0.744948 0.67501 -0.711226 : 0.3
0.932081 0.471297 0.976988 -0.875144 -0.0450912 -0.241301 0.469471 1 0.402137 : 0.2
0.631466 0.416349 0.837075 -0.805789 0.11537 -0.0805564 0.528396 -0.432082 -0.197938 : 0.5
0.539908 0.342638 0.831273 -0.249615 -0.309247 -0.968432 0.0302772 -0.0891709 0.262509 : 0.5
0.720586 0.485271 0.906976 -1 -0.556778 -0.744076 0.488984 -0.146214 0.32474 : 0.5
0.583391 0.361699 0.910897 -0.39044 -0.279151 -0.131771 0.924215 0.62878 -0.88054 : 0.4
0.647439 0.230509 0.838469 -0.00251919 -0.0902813 0.060315 0.226756 0.481156 0.962744 : 0.4
0.546609 0.379513 0.805082 -0.917725 -0.390557 -0.123596 0.212119 0.121909 0.752813 : 0.3
0.460457 0.346818 0.501726 -0.914005 -0.39746 -0.376948 0.794619 0.82347 0.0917938 : 0.6
0.572797 0.436114 0.88397 -0.431818 -0.199753 -0.361837 -0.446666 0.177683 0.616758 : 0.5
0.838016 0.424977 0.95915 -0.780246 -1 -0.61349 -0.667542 0.248861 0.405959 : 0.7
0.937831 0.475616 0.793981 0.231823 0.148961 -0.251835 0.972675 0.683332 0.50342 : 0.5
1 0.278744 0.872688 -0.765774 -0.342243 -0.246359 0.63125 -0.45876 0.939615 : 0.6
0.624888 1 0.96464 -0.50559 0.800056 -0.149489 0.718753 0.168258 -0.421025 : 0
0.642099 0.483589 0.91521 -0.453961 -0.256388 -0.130795 0.676062 0.201585 0.507978 : 0.4
0.661463 0.410628 0.906608 -0.426194 -0.359581 0.325933 -0.207947 0.618932 0.477016 : 0.4
0.778684 0.203206 0.930831 -0.52959 0.414459 -0.268647 0.325012 0.671506 -0.199442 : 0.4
0.366454 0.513202 0.911921 -0.510272 0.200478 -0.474486 0.44798 0.151345 -0.431378 : 0.1
0.764354 0.339832 0.874322 -0.407457 0.0469539 -0.871277 -0.656137 0.748702 0.5306 : 0.3
0.69169 0.233093 0.775386 -0.996418 -0.392544 -0.940778 0.171685 0.683635 -0.267775 : 0
0.716742 0.503683 0.98786 -0.617518 0.633653 -0.888994 0.100666 -0.179151 0.162532 : 0.4
0.132528 0.614855 0.968444 0.832767 1 -0.113039 -0.395318 0.697798 0.683675 : 0
0.489213 0.629666 0.806256 -0.426031 -0.346869 0.140519 0.653436 -0.0806117 -0.0282454 : 0.3
0.452726 0.408748 0.856988 -0.664569 0.654881 0.096019 0.555736 -0.681463 -0.58763 : 0.3
0.63246 0.426912 0.986696 -0.0473499 -0.556978 -0.634135 0.641584 1 -0.259479 : 0.3
-0.144233 0.813512 0.960932 -0.557824 -0.048656 1 1 -0.0656507 -0.281197 : 0
0.590263 0.291401 0.85449 -0.279883 0.509505 -0.54298 -0.114323 -1 0.0524222 : 0.1
0.641826 0.577296 0.911414 -0.849496 -0.622078 1 0.622716 0.432816 -0.386129 : 0.4
0.519272 0.524417 0.782713 -0.138364 -0.041586 -0.425989 0.581164 0.00996965 -0.291335 : 0.4
0.645984 0.172892 0.906043 -0.519291 0.518723 -0.941483 0.541482 0.299384 -0.0134842 : 0.2
0.303554 0.268968 0.847672 0.331507 -0.646029 -0.324339 0.574875 0.266454 -0.849351 : 0.1
0.547873 0.43725 0.810132 -0.621714 0.271805 -0.559536 -0.135956 0.453219 -0.181765 : 0.3
0.644447 0.178283 0.772493 -0.495333 -0.30831 1 0.283188 0.15763 0.393655 : 0.4
0.864079 0.414214 0.810104 -0.760942 -0.0272174 -0.806705 0.211756 -0.233008 0.223668 : 0.3
1 0.230694 0.836759 -0.945612 0.0191042 0.6438 0.531833 0.974134 0.99626 : 0.3
0.430535 0.464708 0.909527 0.179635 -0.433343 -1 0.812322 -0.14095 0.732506 : 0.1
0.57432 0.985944 0.692298 -0.902494 0.0878704 -0.446087 0.119557 0.647873 0.533263 : 0.1
0.609679 0.293845 0.864963 -0.428723 -0.782493 -0.446956 0.154776 -0.54533 1 : 0.1
0.796174 0.285386 0.856536 -0.924681 -0.223504 -0.70103 -0.66271 0.546576 0.582913 : 0.2
0.681128 0.3323 0.507402 -0.601805 -0.270064 -0.0958844 1 0.659773 -0.336363 : 0.2
0.661665 0.216521 0.820201 -1 -0.833746 -0.103603 0.159855 1 1 : 0.3
0.786862 0.645488 0.732454 -0.254648 0.0255129 -0.0478687 0.886887 0.467661 -0.526173 : 0.3
0.64862 0.458099 0.877428 -0.660703 -0.18114 0.205957 0.730171 0.298338 0.369487 : 0.6
0.579401 0.71256 0.970339 -0.10282 0.0810089 -0.681013 1 -0.546378 0.0283753 : 0.1
0.771422 0.408267 1 -0.529715 -0.202484 -0.696372 1 -0.011462 0.319205 : 0.2
0.744987 0.316224 0.844917 -0.744991 0.222848 -0.602054 0.864071 0.515775 0.143113 : 0.4
0.245769 0.75573 1 -0.609281 0.0190269 0.43648 0.708971 0.2526 -0.0210849 : 0
0.661056 0.0937503 0.792051 -0.716775 -0.914757 0.504148 0.547318 0.399649 0.0927153 : 0.4
0.565235 0.748581 0.908886 -0.46133 -0.583364 0.783749 0.731714 0.077668 -1 : 0.3
0.995761 1 0.324981 -0.747347 -0.113031 0.33193 0.364126 0.382334 0.28049 : 0.3
0.769693 0.175397 0.934189 -0.438845 -0.748329 -0.367871 0.789403 -0.0717114 0.0378655 : 0.2
0.742928 0.357048 0.885268 -0.852924 0.373372 -0.577134 0.183086 0.943786 1 : 0.4
0.696812 0.164104 0.723774 -0.585018 -0.538845 0.0475327 0.213456 0.521537 0.515408 : 0.3
0.60421 0.865761 0.749874 -0.103788 -0.241811 0.239571 0.413108 0.0106933 0.141737 : 0.3
0.843879 0.493939 1 -1 -0.380976 -0.185071 0.340984 0.444562 0.326283 : 0.7
0.628724 0.225366 0.81402 -0.766767 -0.34209 -0.57368 0.486335 0.641964 -0.0183706 : 0.4
1 0.435481 0.912559 -0.434219 -0.167281 -1 -0.0514617 0.21057 0.394195 : 0.4
0.731731 0.291914 1 -0.312773 1 0.419496 -0.153342 1 -0.613526 : 0.2
0.880592 0.542193 0.747488 -0.737002 -0.056476 -0.828697 -0.291714 0.280079 0.485831 : 0.3
0.939925 0.353739 0.880264 -0.698734 -0.0595428 0.394656 0.340804 0.467764 0.0975569 : 0.5
0.641337 1 0.719394 -0.855855 -0.131648 -0.981414 -0.0658123 0.337551 -1 : 0.2
0.339192 0.325859 0.685234 -0.302754 -0.0464849 -0.325675 0.116268 0.677309 -0.116744 : 0.2
0.647251 0.346248 1 -0.50901 -0.505351 -0.692678 0.603019 0.16461 -0.373242 : 0.4
1 0.574154 0.725053 -0.442362 -0.190764 0.0209271 0.331119 0.51122 0.508897 : 0.6
0.708325 0.806701 0.808867 -0.804514 -0.306778 -0.567255 0.855395 0.404829 0.958007 : 0.2
0.677406 0.4936 0.842062 -0.786953 -0.158445 -0.378301 0.953209 -0.635932 0.406743 : 0.4
0.891157 0.535609 1 -0.681699 0.00357455 0.58503 0.0204564 -0.0246648 0.850887 : 0.3
0.832942 0.333612 0.781029 -1 -0.0939403 0.00585529 0.0763995 0.922551 0.612047 : 0.3
0.279543 0.656036 0.665716 -0.639628 0.763064 -0.206734 0.339889 0.47165 -0.0518864 : 0.2
0.287847 0.278146 0.907985 -0.0489289 0.536781 -0.436041 -0.255804 0.905684 -0.803665 : 0.1
0.656929 0.500613 0.925679 -0.730744 -0.190965 0.765576 -0.821892 0.239365 0.759352 : 0
1 0.231599 0.902954 -0.772598 -0.0235652 -0.586818 -0.811903 0.64973 0.8647 : 0.3
1 0.464327 0.772888 -0.55058 0.347102 -0.59635 0.181076 0.806318 -0.232248 : 0.6
0.60556 0.583947 0.838425 -0.529805 0.306452 -0.386471 -0.0457707 0.303619 0.0438676 : 0.5
0.501616 0.5396 0.83673 -0.609666 -0.00692189 -0.692295 -0.625946 0.913598 -0.199206 : 0.4
0.525974 0.594294 0.91567 0.243169 0.459833 -0.638659 1 0.0831915 0.302136 : 0
0.542733 0.40484 0.923604 -0.47772 -0.276359 -1 0.127433 -0.466133 -0.997528 : 0.1
0.703928 0.409829 0.99201 0.0318172 0.100153 -0.0915969 0.830274 0.23286 0.291298 : 0.3
0.862604 0.281511 0.795797 -1 -0.334154 -0.952527 0.655351 0.487529 0.493664 : 0.4
0.260401 0.255496 0.864197 -0.951095 0.0201462 -1 0.964357 0.816495 0.756873 : 0.2
0.910093 0.596652 0.813659 -0.5439 -0.281264 -0.224365 -0.502814 0.412806 0.00610887 : 0.3
0.471757 1 0.931117 -0.864639 1 -0.436331 0.59111 0.612525 -0.893487 : 0
0.761443 0.460717 0.916412 -0.584844 0.133488 -0.558276 1 0.537167 0.0505453 : 0.3
0.860267 0.274885 0.966463 -0.641741 -0.0354885 -0.341464 0.743282 0.0608119 -0.14631 : 0.4
0.340353 0.237809 0.942791 -0.267688 0.169327 -0.486127 -0.70932 0.299324 0.386756 : 0.5
0.635609 0.914864 0.963466 -0.776935 -0.314267 -0.196141 0.502365 0.67183 0.151254 : 0.1
0.674713 0.284865 0.855238 -0.395223 0.525526 -0.555321 0.513889 0.199467 -0.0294271 : 0.3
0.811675 0.39214 0.985188 -1 0.115573 0.289837 0.501107 0.552325 0.0621126 : 0.5
0.539059 0.527834 1 -0.722335 0.715458 -0.754677 -0.239042 0.554377 0.540379 : 0.1
0.706829 0.589699 0.825407 -0.732819 0.710304 -0.418664 -1 0.804712 1 : 0.1
0.532281 0.350047 0.725018 -0.347936 0.353913 -0.341005 -0.26098 -0.619028 -1 : 0.5
0.584701 0.885161 0.82343 -0.732535 -0.0385926 -0.570451 0.715968 -0.138568 0.0707153 : 0.2
0.637372 0.276399 1 -1 -0.00101766 -0.836536 0.60943 -0.343918 0.314434 : 0.1
0.892057 0.4709 0.812925 -0.456205 0.489763 0.964624 -0.214685 0.137401 1 : 0
0.617659 0.451053 0.892334 -0.758413 0.298172 -0.721349 -0.550856 -0.400334 1 : 0.1
0.67558 0.477683 0.766231 -1 -0.11893 0.191106 1 0.31074 -0.434594 : 0.4
0.499954 0.427548 0.974449 1 -0.0148282 -0.462831 0.0910377 0.84048 -0.312158 : 0.3
0.722394 0.477302 0.832262 -0.754371 0.0120873 -0.437765 0.133845 -0.0307255 0.0364528 : 0.4
0.674305 0.0260431 0.897336 -0.723076 -0.528563 -0.572906 0.157965 0.0214447 0.659769 : 0.1
1 0.408054 0.929354 -0.764602 -0.742181 -1 0.263541 -0.106825 -0.365435 : 0.4
0.651524 0.150141 0.85966 -0.467686 -1 -0.528455 -0.262425 1 0.05083 : 0.2
0.637445 0.643817 0.822705 -0.815481 0.401292 -0.74889 1 -0.0387481 0.534658 : 0.2
0.550859 0.426881 0.824557 1 0.175244 -0.381666 -0.090721 0.21799 0.2293 : 0.3
0.789743 0.358912 0.932184 -0.588626 -0.102959 -0.713988 0.771293 1 -0.794269 : 0.4
0.656974 0.369324 0.722159 -0.829584 0.478649 0.385597 0.389471 0.39776 -0.53169 : 0.1
-0.0161885 0.841865 0.789701 -0.591496 1 -0.807426 -0.708688 -0.204371 -0.87846 : 0.2
0.783888 0.290003 0.847474 -0.782167 -0.580876 -0.698912 0.787837 -0.849871 0.132319 : 0.4
0.780124 0.219442 0.83694 -0.873463 -0.776936 -1 0.398276 0.958401 -0.112603 : 0.1
-0.44422 0.483125 0.941646 -0.102546 -0.149159 -0.826718 0.894078 0.281506 0.724234 : 0
0.527064 0.527214 0.933831 -0.27073 -0.357854 -0.631119 1 0.428394 -0.107952 : 0.1
0.655836 0.555287 0.824548 -0.712914 0.582783 -0.437477 -1 0.50411 1 : 0.2
0.359706 0.632803 0.961337 -0.789104 -0.647383 -0.262254 -1 -0.0569871 0.75881 : 0
0.631685 0.73717 1 -0.505028 -0.384677 -0.48459 0.529573 0.618744 -0.343072 : 0.4
0.574602 0.512724 0.886044 -1 -0.562534 -0.97874 0.71623 0.246139 1 : 0
0.792941 0.65109 0.723491 -0.651394 -0.51638 -0.424334 -0.267969 0.322054 0.859892 : 0.4
0.660711 0.486489 0.959424 -0.343638 0.783519 -0.286249 0.401118 0.441997 -0.129267 : 0.4
0.910263 0.422536 0.758422 -0.769705 -0.0460481 -0.872819 -0.0125419 0.688655 0.581584 : 0.4
0.864884 0.254596 0.796003 -0.833934 -0.175885 -0.706524 0.739646 0.334633 0.167865 : 0.3
0.439914 0.0728196 0.954333 -0.584843 -0.145478 0.19649 0.490217 0.00637394 0.614058 : 0.4
0.744655 0.534325 0.950992 -0.991145 -0.580389 -1 0.160062 0.101094 0.680382 : 0.3
0.406652 0.721494 1 -0.394987 0.151279 -0.39087 0.666818 0.327482 -1 : 0.1
0.953601 0.0219388 0.929207 -0.254313 -0.112123 -1 0.693998 0.174197 -0.359414 : 0.1
0.707621 0.348254 1 -0.549547 -0.960315 -0.156141 0.516606 0.518136 0.0671894 : 0.5
0.561329 0.675095 1 -1 0.493763 -0.748179 0.151352 0.960221 -0.906635 : 0.5
0.36222 0.524832 1 -0.982777 -0.402686 -0.504623 0.432243 1 -0.372549 : 0
0.668094 0.0590656 0.637761 -0.626374 -0.168253 -0.700885 1 0.344934 -0.0551637 : 0.6
0.767306 0.406392 0.676499 -0.338874 -0.430735 -0.567429 -0.083468 0.476484 -0.388017 : 0.4
0.96771 0.543881 0.95245 -1 -0.545675 -0.335594 0.528094 0.563007 -0.267598 : 0.6
0.721478 0.216924 0.974788 -0.389016 -0.240591 -0.155694 -0.418648 0.245475 -0.703672 : 0.6
0.632377 0.480372 0.877556 -0.726027 0.037375 -0.186948 -0.980894 1 -0.211026 : 0.3
0.678314 0.741586 0.775946 -0.763524 0.603242 -0.460049 1 -0.998022 0.387237 : 0.1
0.673634 0.156388 0.883601 -0.389746 0.0639478 0.485941 0.512088 0.759301 0.282135 : 0.5
0.581522 0.388449 0.940797 0.206262 -0.655998 -0.696927 0.278028 0.783969 -0.446056 : 0.3
0.739765 0.127584 0.916542 -0.0720791 0.0983644 -0.274632 0.660305 0.701806 0.664106 : 0.3
0.790586 0.435027 0.816729 -0.516316 -0.798204 -0.758455 0.839954 0.91941 -0.00840396 : 0.2
0.313156 0.294077 0.774197 -1 1 -0.396403 -0.370309 0.0796785 0.29182 : 0
0.616742 0.812386 0.835941 0.211508 -0.385544 0.292042 0.725922 1 0.823472 : 0.3
1 0.546991 0.972685 -0.735454 -0.44145 0.446866 0.0373482 0.759981 0.763917 : 0.4
0.697139 0.541783 0.86762 -0.679696 -0.272334 -0.473221 1 -0.348231 -1 : 0.4
0.423126 0.58398 0.948831 -0.868511 -0.0894245 0.913215 0.676746 0.381441 -0.258456 : 0.1
0.65811 0.667829 0.823131 -0.476741 -0.21927 -0.149447 0.305064 0.298971 0.165868 : 0.6
0.810182 1 0.968997 -0.590459 -0.367328 -0.295878 1 0.274132 -0.121204 : 0.4
0.581908 0.422898 0.797938 -0.524311 0.0181926 -0.0602276 -0.11098 0.383128 -0.264361 : 0.4
0.672529 0.795547 0.67907 0.137488 -0.503574 -1 0.646419 0.95547 0.265999 : 0.1
0.386953 0.580479 0.916982 -1 -0.131048 -1 0.987362 0.392932 0.691204 : 0
0.756396 0.723257 0.981148 -0.821612 -0.371129 -0.995866 0.585257 -0.452448 -0.353929 : 0.1
0.676457 0.336307 0.850521 -0.499068 -0.469653 -0.484777 0.057086 -0.0837074 0.28478 : 0.6
0.828189 0.181592 0.784555 -0.268445 0.185896 -0.455109 0.973686 0.417191 0.11837 : 0.4
0.419292 0.29775 0.791547 -0.817246 0.199049 -0.0836194 0.288184 0.514104 -0.695926 : 0.4
0.621395 0.274326 0.955812 0.0277199 0.19643 -1 -0.253858 0.420621 0.665223 : 0.1
0.528782 0.334082 0.889125 -1 -0.659685 -0.375882 0.247564 0.0230458 -0.30539 : 0.3
0.437554 0.570845 1 -0.337735 0.282624 -0.0566904 0.548736 0.484766 0.326249 : 0.2
0.507069 0.550878 0.936778 -0.0167384 1 -0.0795881 0.0799115 0.376011 0.30683 : 0.3
0.54809 0.231439 0.762115 -0.965439 -0.631542 -0.448238 -0.117214 0.311442 -0.381254 : 0.4
0.593327 0.897684 0.912436 -0.895199 -0.444623 -0.580532 1 0.507696 -0.814519 : 0.1
1 0.674735 0.853876 -0.853309 -0.539271 0.0160277 0.510897 0.76215 -0.167555 : 0.6
0.399419 0.670646 0.708723 -0.495858 -0.351268 -0.349342 0.296439 0.619249 -0.472808 : 0.1
0.34871 0.249861 0.889141 -0.984963 0.145331 -0.225273 -0.713248 0.025417 -0.822286 : 0.4
0.575073 0.399522 0.991897 -0.28797 -0.51172 -0.407368 0.419709 0.19176 -0.0129521 : 0.6
0.400666 0.453985 1 -0.385166 0.135519 -0.836753 1 -0.225232 0.131066 : 0.1
0.63412 0.698983 0.918076 -0.68826 -0.677879 -0.454119 -0.320202 -0.0722801 -0.4416 : 0.1
0.460234 0.110584 1 -1 0.429378 -0.855109 0.115408 -0.335512 -0.15026 : 0.2
0.606183 0.33991 0.872357 -0.678285 0.375561 -0.457867 1 -0.369468 0.134691 : 0.2
0.749381 0.386993 1 -0.449849 -0.153212 -0.979354 0.336773 0.483095 0.769052 : 0.5
0.492668 0.756476 0.806738 1 0.144253 0.241182 1 -0.179107 0.12262 : 0.1
0.543854 0.717047 0.851457 -0.934867 -0.170426 -0.119146 0.265343 0.514289 -0.909209 : 0.4
0.69275 0.255175 1 -0.0736165 -0.356164 -0.0255071 0.388014 -0.128871 -0.0421009 : 0.6
0.651647 0.569176 0.980572 -0.617557 -0.315161 -0.146114 0.763014 -0.485392 -0.123172 : 0.8
0.680725 0.269404 1 -0.427363 0.346904 -1 0.566665 0.701592 0.64405 : 0.4
0.454059 0.711873 1 -0.708795 0.337216 -0.263256 -0.330813 1 -0.400088 : 0
0.79155 0.648341 0.878561 -0.641684 -0.224027 -0.3723 0.551121 0.571337 0.95421 : 0.5
0.450652 0.328765 0.781553 -0.835925 -0.295721 -0.565788 -1 0.638136 -1 : 0.2
0.773814 0.522231 0.323322 -0.971433 -0.0103889 -0.814048 0.666391 0.617408 -0.824184 : 0.4
0.65448 0.416205 0.87959 -1 -1 -0.324984 0.128208 -0.0613333 -0.044173 : 0.3
0.589901 0.494058 0.971337 -0.734334 -0.144294 -0.107137 0.756774 0.833887 0.159647 : 0.5
0.831119 0.348082 0.950985 -0.295702 0.508496 -0.842415 0.839998 0.802348 0.295041 : 0.1
0.742514 0.053217 0.891384 -0.483888 0.289113 -0.414684 0.700998 0.948573 -0.0346815 : 0.1
0.528473 0.78535 0.898168 -0.79877 0.677851 -0.461233 0.503771 0.641738 -0.0984385 : 0
0.636624 0.321175 0.717002 -0.629022 -0.282909 -0.746994 0.615203 0.0368835 -0.0202066 : 0
0.596057 0.254853 0.783835 -0.378528 0.248704 -0.287804 1 0.27367 -0.730967 : 0.5
0.64661 0.459262 0.883445 -0.590002 -0.087423 -1 0.642445 0.449123 0.36505 : 0.4
0.883188 0.647225 0.896277 -0.298022 -0.730029 -0.841425 0.339393 -0.247675 -1 : 0.4
0.366093 0.738003 0.879381 1 -1 -0.856964 0.13569 0.181141 0.188486 : 0.3
0.653181 0.336423 0.808847 -0.100467 0.349516 -0.378392 -0.100137 -0.0388838 0.193326 : 0.5
0.685505 0.271998 0.876669 -0.626114 -0.324969 -0.470841 -0.285808 -0.751728 -0.23055 : 0.5
0.710884 0.499576 0.938744 -0.634868 -0.215604 -0.643702 1 -0.0533078 -0.65557 : 0.6
0.542139 0.87896 0.884688 -0.413092 -0.0838747 -0.700699 1 -0.236417 -1 : 0.2
0.719226 0.294415 0.913585 -0.734816 -0.895447 -0.982364 0.710965 -0.673432 0.0842347 : 0.1
0.76988 0.27419 0.918472 -0.96322 0.0478548 0.433546 0.896503 -0.191274 0.764025 : 0.4
0.773039 0.461031 0.740918 -0.557804 -0.0842119 -0.000575066 0.270317 0.731638 -1 : 0.3
0.670467 0.182628 0.887771 0.0401139 -0.622127 -0.143971 0.532043 0.433599 -0.169545 : 0.2
0.770732 0.958209 0.950986 -0.460928 -0.465343 -0.430066 -1 0.579191 -0.246014 : 0.1
0.690165 0.457922 0.729842 -0.278083 0.25335 -0.531526 0.0951354 0.198486 -0.783344 : 0.6
0.134639 0.0530788 1 -0.65464 -0.112977 -0.778776 0.602146 -0.0305629 -0.0916374 : 0.1
1 0.691325 0.725631 -0.574732 0.172353 -0.189842 0.535677 0.439143 -1 : 0.2
0.43289 0.333073 0.941046 -0.969523 -0.312791 -0.24479 1 0.198927 -0.142094 : 0.6
0.690856 0.265793 0.803026 -0.753129 -0.328261 -0.592793 0.546746 1 0.256045 : 0.4
1 0.114979 0.942849 -0.959569 -0.259304 -0.664146 0.944618 0.39451 1 : 0.4
0.595799 0.289704 0.90171 0.087384 -0.462882 -0.484761 0.813069 -0.286923 -0.236194 : 0.4
0.839895 0.373855 0.951884 -1 0.0622473 0.983556 -0.509852 0.232281 0.243497 : 0.1
0.785053 0.383349 0.8775 -0.455049 -0.290904 -1 0.304857 -0.17026 0.665403 : 0.1
0.386585 0.39553 0.873698 0.655249 0.303166 0.241233 -0.146911 -0.346684 -0.378456 : 0
0.671122 1 0.639627 -0.311321 -0.82137 -1 0.223723 0.186676 0.55956 : 0.3
0.77419 0.432723 0.917606 -0.518053 -0.511041 -1 0.668951 -0.13379 0.00984469 : 0.3
0.611391 0.492686 0.93507 -0.603846 0.153714 -0.956439 0.665216 0.299537 0.357205 : 0.1
0.745797 0.588187 0.826424 -1 -0.226534 -0.0324771 0.151927 1 0.106148 : 0.6
0.583992 0.763858 0.815381 -0.582911 -0.256402 -0.702711 -0.0178027 0.76598 0.812369 : 0.1
1 0.570255 0.825539 -1 -0.467128 -0.351232 0.689466 0.456279 -0.116444 : 0.5
0.682947 1 0.867257 -0.847441 0.111467 0.352095 0.703703 0.319061 -0.0534393 : 0.1
0.721185 0.781707 0.806565 -0.268913 -0.701094 -0.679845 -0.357652 0.244333 -1 : 0.1
0.484851 0.711574 0.701949 -0.832754 0.810713 -0.654333 0.494583 0.496544 0.803264 : 0.1
0.24669 0.514564 0.866244 -0.672861 0.372991 -0.302763 -0.453532 0.741315 0.662505 : 0.1
0.724382 0.273353 0.878678 -0.0561975 0.000438452 -0.676949 0.735075 -0.112687 -0.176173 : 0.4
0.602246 0.6026 0.924002 0.470579 0.0828446 -0.26389 0.137755 0.799281 0.57707 : 0.1
0.629315 0.588496 0.854897 -0.553507 0.185297 -0.682153 0.472473 -0.138535 0.0165556 : 0.5
0.999827 0.521239 0.861302 -0.0089826 0.15013 -0.170041 0.549987 0.619619 -0.155729 : 0.4
0.678364 0.730712 0.887177 -0.667603 0.227821 0.0391479 0.317905 0.645927 1 : 0.2
0.473206 0.925414 0.820803 -0.370191 0.214687 -0.0810399 0.864609 -0.160447 -0.0512223 : 0.2
0.75135 0.862755 0.854455 -0.489011 -0.159967 -0.289362 0.341951 0.114221 0.221984 : 0.4
0.739049 0.332504 0.451043 -0.747956 -0.735684 -0.321692 0.677654 1 -0.121853 : 0.2
0.509683 0.291091 -0.498775 -0.684006 0.121786 -0.386114 0.981282 0.919347 1 : 0
0.425644 0.380534 1 -0.731251 0.014284 -1 0.298259 -0.374746 0.191099 : 0.3
0.690319 0.109758 0.893921 -0.163041 -0.527714 -0.32517 0.268419 -0.00588462 0.375945 : 0.4
0.595272 0.524819 0.835704 -1 0.0515428 -0.0291551 0.682391 0.00991648 -0.530661 : 0.5
0.287739 0.359674 0.94135 -0.887312 -0.173684 -0.532073 -1 0.560439 -0.0712341 : 0.1
0.716684 0.392194 0.750628 -0.603722 -0.424338 -0.536563 0.112695 0.783854 -0.365868 : 0.4
0.358002 0.217088 0.738183 -1 0.712409 -0.231519 0.0850609 0.504506 0.0428398 : 0.1
0.231113 0.486454 0.739916 -0.00475091 1 -0.312888 0.977565 0.664778 -0.682558 : 0.1
0.386227 0.0740195 0.909558 -1 -0.213294 -0.638936 -0.273327 0.156371 -0.521452 : 0.1
0.559154 0.385635 0.927419 -0.573729 0.200499 -0.605789 0.409573 0.33953 0.518958 : 0.4
0.560861 0.401145 0.866172 -1 -0.121038 -0.430859 0.143588 -0.114116 0.126919 : 0.5
0.684429 0.448983 0.869118 -0.276863 -0.600252 0.586712 0.558643 0.199168 1 : 0.4
0.42941 0.321066 0.926412 0.00671417 -0.290862 -0.658531 0.791168 0.173808 0.425638 : 0.1
0.467517 0.556225 0.889187 0.925538 -1 -1 0.320627 -0.138969 0.210571 : 0.1
0.592634 0.490831 0.465942 -0.633196 -0.18483 -0.403732 0.512625 0.765372 -0.507712 : 0.5
1 0.808588 0.836878 -0.615588 -0.00337958 -0.410538 0.198309 -0.240903 -0.337638 : 0.6
0.75852 0.40069 0.839309 -0.429709 0.183499 -0.694875 0.534207 0.283842 -0.946485 : 0.5
0.59823 0.562205 1 -0.21243 -0.139691 -0.72699 -0.105067 0.378022 0.149469 : 0.2
0.722226 0.155639 0.976304 -0.560591 -0.053871 -0.499122 0.506096 0.777185 0.776677 : 0.5
-0.379041 0.586992 0.998074 -0.378234 -1 -0.0786608 0.794383 0.0101803 -0.0896544 : 0
0.581725 0.322589 0.891428 -0.858402 0.4733 -0.00905585 -1 0.561208 0.0822102 : 0.2
0.623393 0.571871 0.957851 -0.813403 -0.360078 -0.141838 0.499889 0.579217 0.546467 : 0.3
0.3159 0.851009 0.807165 0.471452 -0.408361 -0.26195 0.8813 0.492692 -0.0449108 : 0
0.758697 0.583162 0.858957 0.184627 -0.778493 -0.233097 0.482223 -0.381627 0.662676 : 0.6
0.597572 0.230943 0.767384 -0.680366 0.298964 0.014961 0.396964 0.58208 0.15804 : 0.3
0.687785 -0.0700737 0.883537 -0.577114 0.536808 -0.174739 0.0733442 0.9968 0.831879 : 0.1
0.256118 0.219996 1 -0.914437 0.477862 -0.852244 0.529482 0.522327 0.0980172 : 0.2
0.554418 0.359564 0.863983 -0.78215 -0.305734 0.610188 0.924378 0.713894 -1 : 0.4
0.682303 0.536145 0.865855 -0.661277 -0.174267 0.498537 0.884342 0.108367 -0.848737 : 0.5
0.685185 0.616322 0.939388 -0.938081 1 -0.0776651 0.72571 -0.131629 0.406323 : 0.4
0.866762 0.953961 0.797114 -0.146254 -0.333731 -0.355819 -0.219416 0.0910587 0.162745 : 0.3
0.622181 0.542272 0.814024 -0.476606 -0.224415 -1 -0.990337 0.68882 -0.0744481 : 0.3
0.686741 0.2344 0.797969 -0.93499 -0.655595 -0.3557 -1 0.5256 0.860332 : 0
0.677497 0.328331 0.955609 -1 -0.370696 -0.185554 0.253681 0.438878 0.295612 : 0.2
0.61052 0.530898 0.924667 0.190719 -0.0418726 -0.401954 -1 0.798598 0.74357 : 0.1
0.874667 0.221436 1 -0.907149 -0.869237 -0.560233 0.587943 0.529624 1 : 0.1
0.513016 0.406023 0.665757 -0.806434 0.0721164 -0.696198 1 0.638236 0.822439 : 0.5
0.721998 0.274641 0.863878 -0.153049 -1 -1 0.146205 -0.438725 0.325513 : 0.3
0.890792 0.371284 0.897609 -0.464226 -0.526557 -0.0778793 0.569655 0.808492 0.094519 : 0.4
0.509024 0.375945 0.905916 0.020659 0.175652 -0.802324 0.34852 0.187979 -0.631912 : 0.3
1 0.535846 0.841891 -1 0.103752 -0.916721 0.413979 0.0165968 0.287772 : 0.7
0.830997 0.221669 0.802018 -0.491215 -0.0239033 0.0629382 0.475837 -0.926878 0.916936 : 0.3
0.721675 0.482218 0.827431 -0.639017 -0.872268 -0.686103 -1 0.772061 -0.812427 : 0.4
0.519832 0.332009 0.832127 -0.803214 -0.118174 -0.801935 0.419105 0.541988 -0.465711 : 0.4
0.596344 0.459175 0.941698 -1 -0.424309 -1 0.99364 0.61878 0.409796 : 0.1
0.748425 0.28403 0.823213 -0.600686 0.0677353 0.36264 1 -0.325498 0.691637 : 0.4
0.581922 0.819399 0.763367 -0.841813 0.221976 -0.138185 1 1 -0.122895 : 0.2
0.944741 0.33998 0.847586 -0.59067 1 -0.752559 0.333257 0.759286 0.707005 : 0.1
0.890839 0.468816 0.882061 -0.289454 -0.217896 -0.504358 -0.660023 0.179475 -0.351147 : 0.3
0.762647 0.503574 0.942736 -0.0110443 -0.273552 -0.112012 0.617529 0.109705 -0.308139 : 0.6
0.626726 0.764693 0.930463 0.226587 -1 -1 0.342465 -1 0.028608 : 0
0.467528 1 0.752756 -0.497416 0.29674 -0.456761 0.416957 0.343904 0.321784 : 0.1
0.543924 -0.264579 0.821541 -1 -0.655534 -0.259708 0.236046 0.154807 0.0616553 : 0
0.646825 0.218762 0.767252 -0.0735016 0.702684 -0.0848683 -0.226146 0.403473 -0.132359 : 0
0.384528 0.523101 0.897662 -0.486441 1 -0.624857 0.34846 -0.19776 -0.651046 : 0.1
0.719887 0.504789 0.682061 -0.455015 -0.15333 -0.436183 -0.86721 1 -1 : 0.4
0.409277 0.312139 0.884316 -0.963409 -0.324886 -0.153811 1 0.582214 0.89441 : 0.4
0.217608 0.541595 0.929566 0.733672 0.0220659 0.116599 0.624154 -0.0298839 0.264385 : 0
1 0.265911 0.940549 0.064058 -0.043686 -0.497687 0.943061 1 0.48451 : 0.4
0.308452 0.770181 0.919158 -0.184271 0.345876 -0.808012 1 0.312509 -0.0764499 : 0.1
0.592115 0.274598 0.747908 -0.589955 -0.604274 0.0689653 0.564375 -0.0756207 0.0690296 : 0.1
0.847941 0.823195 0.947477 -0.9103 -0.0101024 0.290324 0.739564 0.313192 0.5499 : 0.4
0.498686 0.483412 0.861743 -0.989074 0.159184 0.0288435 1 0.0843082 -0.226642 : 0.3
0.38037 0.574657 0.757174 -0.67798 0.0978095 -0.489484 -1 0.726264 -0.75963 : 0.3
0.966548 -0.0397553 1 0.185066 0.278728 -0.734956 0.802433 0.477136 0.348243 : 0.4
0.616181 0.661048 0.764218 -0.0951418 0.706825 -0.276065 0.000335768 -0.343052 0.184818 : 0.1
0.753554 0.728015 0.861269 -1 -0.00810266 0.654155 0.690058 -0.0729455 -0.683554 : 0.3
0.635281 0.177143 0.758246 0.107037 -0.474641 -0.390894 0.85844 0.487314 1 : 0.5
0.583265 0.339608 0.84609 -0.1466 0.422916 -0.328403 0.183731 -0.260506 1 : 0.5
0.708381 0.377209 0.802237 -0.871704 -0.260606 -0.560968 0.69835 0.861843 -0.494027 : 0.8
0.726153 0.277605 0.815419 -1 0.157735 -1 -0.613124 0.295098 1 : 0.3
0.83185 0.317334 0.952892 0.185395 -0.485475 -0.423174 -0.17282 0.474165 0.110226 : 0.4
0.548419 1 0.637109 0.0152596 -0.302703 -1 0.630416 0.00312287 0.475528 : 0.2
0.598755 0.505219 1 0.0491391 0.854479 -0.836627 0.807242 0.252951 0.64936 : 0.1
0.517821 0.382732 0.959833 -0.688258 0.371459 -0.519488 0.0622907 -0.429301 -0.81122 : 0.2
0.682088 0.376494 0.751922 -0.110622 -0.268661 -0.108502 0.0601951 0.92328 1 : 0.6
1 0.462919 0.913365 -0.692879 -0.275506 0.516306 0.793952 0.09744 0.285713 : 0.4
0.656013 0.669814 0.834694 -0.656005 -1 -0.767207 0.795162 -0.0418704 0.865828 : 0.3
0.677259 0.308362 0.97163 -0.696123 -0.021861 -0.0617336 -0.152688 0.470592 1 : 0.5
0.656888 0.568254 0.958916 -1 -0.329909 -0.650368 1 0.522265 -0.893168 : 0.1
0.699646 0.384219 0.828351 0.548779 -0.456028 -0.655047 0.347346 0.324626 0.712493 : 0.1
0.674972 0.464994 0.883344 -0.710152 0.145255 -0.762965 0.724774 0.838233 0.252516 : 0.6
0.684119 -0.0919926 0.92498 -0.0463847 0.085301 -0.0361257 0.0967581 0.681518 -0.621648 : 0.3
1 0.524564 0.973258 -0.411289 -0.555785 -0.65341 -0.853466 -0.164477 0.806023 : 0.7
0.664785 0.421809 0.722213 -0.972108 -0.436383 -0.710696 0.981651 0.831002 -0.320672 : 0.6
0.655676 0.222045 0.818385 -0.657428 0.104227 -0.698872 1 -1 1 : 0.1
0.861036 0.466369 0.876098 -0.774957 -0.576174 -0.181052 0.0774333 0.442271 0.934317 : 0.3
0.64317 0.719771 0.999447 -0.459146 0.0778508 -0.872705 0.818475 0.0587398 -1 : 0.2
0.294419 0.539991 1 -0.603129 0.639733 -1 -0.838097 0.394056 0.0734229 : 0.2
0.527877 0.844815 0.911023 -0.757482 -0.598078 -0.54393 1 -0.223772 -0.17974 : 0.1
0.316863 0.0711376 0.841328 0.180929 -0.325795 -1 0.751807 0.907141 -0.372265 : 0.1
0.677786 0.35825 0.76794 -0.896065 -0.229144 -0.640675 0.363754 -0.314336 -0.816044 : 0
0.664564 0.116206 0.9367 -0.542897 0.0157162 -0.216179 0.480622 0.364945 1 : 0.3
1 0.418155 0.819511 0.148969 -0.181431 -0.348182 0.567954 0.117502 -1 : 0.5
0.615664 0.356024 0.939355 -0.861167 0.144115 -0.865886 0.389899 0.652503 -0.346121 : 0.3
0.619987 0.15854 0.935578 0.144681 -0.376391 -1 -1 0.708203 0.0434892 : 0.1
0.531833 0.368088 1 -0.142586 -0.513624 -0.575788 1 0.576293 0.024594 : 0.1
0.803544 0.375655 1 -0.376982 -0.307917 -0.573208 -0.573537 0.519414 -0.30111 : 0.1
0.726156 0.290306 0.768584 -0.578842 0.74885 -0.718821 0.440653 0.665124 -0.618556 : 0.1
0.586066 0.765162 0.75283 -0.486425 0.304512 -0.129692 0.882572 -0.525931 -0.325172 : 0.2
0.704254 0.477833 0.971911 -0.855862 0.665293 -0.141954 0.806693 0.506174 1 : 0.3
0.745945 0.617288 0.739496 -0.720001 1 -1 0.374377 -0.318718 0.20953 : 0.1
0.557082 0.679219 0.893245 -0.169554 -0.116401 0.1346 -0.815011 0.775453 -0.660946 : 0.3
0.615989 0.388296 0.919026 -0.00551069 -0.307248 -0.141884 -0.562145 -1 -0.284534 : 0.2
0.749835 0.45995 0.905699 -0.724062 -0.153563 -0.243298 0.567248 0.741206 0.143249 : 0.7
0.813681 0.83997 0.819601 -0.638242 -0.0646723 0.0573798 1 0.224708 -0.542233 : 0.3
0.730044 0.337707 0.918478 -0.817683 -0.123031 -0.702586 -0.580808 0.207495 0.909612 : 0.2
0.534153 0.36887 1 -0.956399 0.540261 -0.734699 0.879267 -0.244736 0.275804 : 0.3
0.632593 0.64294 0.709275 -0.730614 -0.219302 -0.501307 0.194006 0.605935 0.724889 : 0.4
0.622246 0.547593 0.883351 0.898089 0.0266685 0.0371073 -1 0.372385 0.812597 : 0.1
0.713683 0.310606 0.948489 -0.452839 -0.0575511 -0.858289 0.457276 0.577462 0.315678 : 0.4
0.388504 0.332872 0.947067 -1 0.195901 -0.705676 -0.418721 0.29795 0.0410653 : 0.3
0.667848 0.466964 0.838918 -1 -0.0542885 0.549238 0.0856217 0.152005 0.395291 : 0.4
0.294907 0.459177 0.887691 -0.874277 -0.35531 -0.248952 0.934994 -0.0167798 0.860088 : 0
0.789714 0.286638 0.801227 -0.884083 -0.313856 -0.0143049 -0.0588526 0.560211 -0.0930493 : 0.2
0.694578 1 0.804544 -0.594471 0.465008 -0.362323 0.673655 0.16843 0.851746 : 0.3
0.681836 0.71901 0.870886 -0.90478 0.31423 1 0.293775 0.872074 -0.885758 : 0.1
1 0.211834 0.855244 -0.797835 -0.478787 -0.527192 0.19552 0.342952 1 : 0.4
0.764718 0.164024 0.837291 -1 0.145007 -0.858566 0.578876 0.939213 0.0232388 : 0
0.567701 0.459712 0.8585 -0.768613 -0.410447 1 -0.207863 0.0187299 -0.771669 : 0.2
1 0.609315 0.812155 -0.858929 0.682588 -0.0849176 0.0488383 -0.379742 0.519671 : 0.1
0.668433 0.246388 0.863363 -0.560543 -0.407871 0.80771 0.368541 0.641163 -0.279501 : 0.4
0.752772 0.366152 0.921565 -0.188148 0.0302803 -0.739032 0.2895 -0.00363341 0.100198 : 0.5
0.389312 -0.0562057 1 -0.729606 0.202382 0.0137383 0.649164 0.695276 -1 : 0.1
0.695611 0.266442 0.87057 -0.734024 0.475252 -0.671836 0.673981 0.152966 0.460151 : 0.3
0.882368 -0.118901 0.760393 -0.401657 0.41711 0.290122 0.922247 0.586958 -0.059087 : 0.1
0.638029 0.0582736 0.91395 0.642791 1 -0.38319 0.35605 0.808559 1 : 0
0.589233 0.269915 0.815117 -0.390813 0.428121 -0.872714 -0.188837 -0.0422661 0.649365 : 0.2
0.595302 0.587805 0.825461 -0.0652879 0.506579 -0.278891 0.748902 0.344826 0.382459 : 0.2
0.619567 0.41132 0.770998 -1 -0.363418 -0.781196 0.905851 0.0484879 0.670283 : 0.4
0.747172 0.271373 0.897532 -0.607511 -0.138051 -0.424584 0.172561 0.724886 -0.867364 : 0.5
0.381847 0.359191 0.850212 -0.711905 -1 0.2203 -0.103152 0.219049 0.0208025 : 0.2
0.684974 0.546504 0.899426 -1 1 -0.204348 0.405069 0.733198 0.937596 : 0.5
0.657691 0.481155 0.934231 -0.104454 -0.940543 -0.489627 -1 0.580683 0.459618 : 0.5
0.560366 0.560973 0.786964 0.234294 0.270209 -0.157619 -1 0.174388 -0.16971 : 0
0.486391 0.557557 0.820101 -0.917249 -0.216647 -0.157315 0.858561 0.19969 0.160412 : 0.3
0.582242 0.432661 0.554978 0.0245945 0.213692 0.0200158 -0.395285 -0.392269 -0.0130435 : 0.3
0.595063 0.259365 0.870433 -0.735658 -0.125801 -1 0.822986 0.273281 0.0613976 : 0.4
0.398425 0.917324 0.993398 -0.160728 -0.386349 -0.239228 0.638363 0.57002 0.186906 : 0.1
0.568004 0.511668 0.97906 -0.486511 -0.443757 -0.99629 0.954826 0.530041 0.399583 : 0.2
0.529698 1 0.812296 -0.757602 -0.244714 -0.654951 0.858258 0.309665 0.780128 : 0
0.581592 0.31652 0.769804 -1 -0.425241 -0.75796 -0.630193 0.470508 0.453254 : 0.3
0.804097 0.437044 1 -0.573693 -0.365942 -0.113551 -0.520438 0.251938 0.664552 : 0.5
0.451466 0.421246 0.989105 -0.881572 -0.731611 -0.0719438 -0.860572 0.473941 0.506102 : 0.1
0.680904 0.481228 0.919196 -0.320062 -0.268876 0.702173 0.0606926 1 1 : 0.1
0.315909 0.474342 0.91073 -0.590958 0.916549 -0.114348 0.151532 0.273661 0.0974089 : 0
1 0.284943 0.952394 -0.910529 0.600948 0.284539 0.636404 0.944038 -1 : 0.4
0.806566 0.589177 0.792773 -0.644965 0.764661 -0.315289 0.0119339 0.422837 0.447766 : 0.5
0.66476 0.625895 0.810879 -0.68998 -0.121713 -0.529812 -0.534123 0.559618 -0.740873 : 0.5
0.871876 0.284191 0.876749 -0.0128301 -0.0840057 -0.0519275 -0.239406 0.589955 -0.372476 : 0.5
0.481615 0.277847 0.88236 -0.31797 0.380806 -0.504815 1 0.528154 -0.35205 : 0.3
0.632186 1 0.753694 -0.294757 -0.194122 -0.891322 0.0957032 -0.597768 -0.0678507 : 0.1
0.899166 0.242749 0.873922 -0.460516 -0.103302 0.810383 0.833736 1 -0.336722 : 0.5
0.917922 0.351196 0.887819 -0.890249 -0.012249 -0.514628 0.37203 -0.297864 -0.40671 : 0.3
0.661462 0.273673 0.897952 -0.770872 0.0921372 -0.623458 0.652266 0.466199 -0.94373 : 0.4
0.645733 0.808394 0.821341 -0.418054 -0.781109 -0.415047 -0.00745834 -0.465769 0.127226 : 0.3
0.629326 0.532893 1 -0.42331 -0.363601 -0.0932565 -1 0.199371 0.0219449 : 0.1
0.625876 0.745246 0.815572 -0.62932 -0.622224 -0.230459 0.724696 1 -0.110405 : 0.4
0.543043 0.558662 0.988158 -0.75484 0.355581 -0.514534 -0.718101 -0.389008 0.88438 : 0.2
0.823409 0.327978 0.950089 -0.486802 0.655609 -0.210838 0.565697 0.742759 -0.412907 : 0.6
0.637658 0.255552 0.680371 -0.13407 -0.489829 -0.820438 -0.165534 0.445386 0.335673 : 0.5
0.862303 0.493441 0.736314 -0.575651 1 -0.657273 -1 0.416535 0.0839894 : 0.3
0.810133 0.219814 0.860947 -0.808498 -0.00711995 -1 0.860602 0.568271 0.150169 : 0.3
0.706354 0.351743 0.976739 -0.943556 -0.377511 -0.0891197 0.836133 0.269557 0.062103 : 0.5
0.605625 0.175327 0.885828 -0.537799 -0.128557 -0.445895 -0.0482894 0.203172 -0.172944 : 0.3
0.816288 0.204423 1 -0.599144 -0.707224 -0.545931 0.176707 -0.800975 -0.396672 : 0.5
0.454365 0.629266 0.797934 -0.726715 -0.374604 -0.485903 0.885892 -0.374997 0.154525 : 0.5
0.596508 0.232474 0.910361 -0.689361 -0.258284 1 0.930985 0.59509 0.688212 : 0.3
0.829752 0.286581 0.966396 -0.621674 -0.0231563 -1 -0.125033 0.415733 -0.450019 : 0.4
0.912665 0.724456 1 -0.722112 -0.649627 -0.0107273 0.102854 0.149293 -0.0793022 : 0.4
0.400208 0.422643 0.726796 0.194731 -0.576435 -0.252434 0.0540408 0.512459 -0.158559 : 0.1
0.749468 1 0.903681 -0.344762 0.295484 -0.620857 0.948969 0.191327 -0.141856 : 0.1
0.543946 0.329734 0.744662 -0.121706 -0.50963 -0.519071 -0.216487 0.489199 0.462086 : 0.4
0.633049 0.384307 0.937215 -0.303556 -0.1051 -0.402181 -1 0.752769 -0.44293 : 0.4
0.663024 0.24153 0.954194 -0.608527 -0.610201 -0.952418 0.757751 0.8056 -0.723915 : 0.2
1 0.759729 0.62232 -0.819667 -0.574689 -1 0.209084 0.667732 -0.582034 : 0.3
0.76407 0.262603 0.795856 0.382008 -0.605959 -0.092419 0.15154 -0.349537 0.711909 : 0
0.948013 0.864907 0.909303 -0.860123 0.521315 -0.15025 0.874123 0.416827 0.452328 : 0.6
0.676359 0.523178 0.83322 -0.746562 0.403974 0.0345322 0.752525 -0.127006 0.543737 : 0.6
0.650443 0.490569 0.849092 -0.609559 -0.366764 0.154524 -0.636406 -0.536816 0.901325 : 0.1
0.428408 0.252014 1 -1 -0.977006 -0.0567915 0.571939 0.179037 0.683584 : 0.1
0.867882 0.569734 0.931502 0.070379 -0.339767 -0.215839 0.342888 0.873717 -0.308371 : 0.4
0.838359 0.611341 0.950808 -1 1 0.17293 1 0.366985 0.536219 : 0.5
0.802795 0.201629 1 -0.558427 1 -0.466738 -0.714428 0.634871 0.581522 : 0.1
0.42757 0.461491 0.94513 0.140821 0.140257 -0.53427 0.495898 0.659632 0.799051 : 0
0.628168 0.377623 0.802927 -1 -1 -0.7113 1 0.900229 0.299639 : 0.5
0.773315 0.597776 0.763676 -0.282851 0.800045 -0.867237 0.150047 -0.191139 0.0895157 : 0
0.548304 0.463487 0.800985 -0.873928 -0.716616 -0.266402 0.849687 0.937781 0.537224 : 0.5
0.663299 0.246908 0.820188 -0.879864 -0.0400616 -0.503607 0.297187 -0.0908935 -0.220327 : 0.5
0.745654 0.763733 0.826099 -0.59535 -0.0690484 -0.379849 1 0.733236 -0.738929 : 0.5
0.80903 0.714065 0.872152 -1 -1 0.37405 1 0.335078 -0.188641 : 0.4
0.619087 0.596792 0.791831 -0.811745 0.0389885 -1 -0.511014 0.5771 -0.648281 : 0.2
0.853174 0.409193 0.818985 -0.711814 -0.0652711 -0.231096 0.0802545 0.327715 0.380391 : 0.4
0.631569 0.642406 0.80878 -0.747468 -0.262183 -0.919005 0.820644 1 0.355907 : 0.2
0.557792 0.649431 1 -0.600433 -0.472965 -0.53811 -0.00996387 -0.0347961 0.600837 : 0.1
0.712628 0.290495 0.824446 -0.752917 -0.191863 -0.512258 -0.0694941 0.75784 -0.0282953 : 0.4
0.76182 0.677548 0.733513 -0.382393 1 -0.235046 0.0760025 0.5293 -0.184464 : 0.4
0.595423 0.266671 0.820662 -1 -0.638914 0.15439 0.15254 -0.137532 0.117218 : 0.5
0.760612 0.0500696 1 -0.72437 -0.592641 -0.277511 0.804662 -0.0195945 0.116905 : 0.2
0.679148 0.652996 0.862705 -0.32639 0.167567 -0.0566451 -0.170225 0.423131 -0.310739 : 0
0.768461 0.317305 0.846402 -0.450335 -0.379717 -0.24661 -0.715871 0.744671 -0.0267569 : 0.5
0.500876 0.48361 0.943403 -0.760846 -0.580185 1 0.587871 0.752546 -0.153461 : 0.1
0.731725 0.543436 0.965486 -0.262603 -0.227529 -0.281427 0.438145 0.585932 0.339061 : 0.8
0.391554 0.31284 0.839377 -0.857389 -0.420021 -0.733376 0.116553 -0.278032 -0.0894151 : 0.2
0.850965 0.279484 0.973151 -1 -0.225563 -0.293164 -0.442468 0.0195416 -1 : 0.5
0.596209 0.496527 0.383391 -0.650117 -0.392977 -0.547686 -0.233774 0.600317 1 : 0.3
0.620203 0.262952 0.861608 -0.151366 -0.206516 -0.340319 0.715734 -0.454126 -0.0215612 : 0.5
0.676983 0.184521 0.876438 -0.450399 0.0706851 -0.835636 -0.524857 -0.474246 1 : 0.3
0.53159 0.684552 0.918931 -0.751773 -0.860162 -1 0.837873 0.433389 -0.468817 : 0.1
0.808054 0.707918 0.974658 -0.837485 1 -0.351986 0.164393 0.19368 0.00604272 : 0.1
0.720653 0.572947 0.936862 -0.505197 -0.0166897 -0.594285 -0.0833161 0.5326 -0.612883 : 0.7
0.764067 0.517902 1 -0.410833 -0.527006 -0.645559 0.440945 -1 0.729368 : 0.3
0.698086 0.59376 0.831549 -0.558407 0.372633 1 0.894686 0.895662 0.233746 : 0.1
0.599438 0.684572 0.838303 -0.548378 0.319613 -0.571466 0.095369 0.455101 -0.925385 : 0
0.804387 0.840415 0.772823 -0.744729 0.931338 0.248248 0.143518 0.467017 0.0364157 : 0.4
0.616325 0.231673 0.557398 -0.833852 -0.661775 0.164736 0.249692 0.354098 -1 : 0.2
0.615666 1 1 -0.56476 -0.152202 -0.826406 0.941154 0.499532 0.113307 : 0.2
1 0.341534 0.759438 -0.528901 -0.111913 -1 0.338229 0.392436 0.224459 : 0.6
0.87929 0.678241 0.843655 -0.217159 -0.781991 -0.536576 0.0555409 -1 0.207714 : 0.1
0.375747 0.18314 0.9916 -0.277696 0.58019 -0.994518 -0.230311 0.424821 -0.0721308 : 0.2
0.63381 0.561308 0.862708 -0.777519 0.214019 -0.476489 1 1 -0.395745 : 0.4
0.581187 0.550521 0.83648 -1 -0.23604 0.169482 0.47873 -0.471924 0.674211 : 0.3
0.0544419 0.426511 1 -0.743055 -0.017886 -1 0.772839 0.17156 -0.0131759 : 0.1
