0.650825 0.498681 0.940104 -1 -0.679266 -0.414028 0.182133 0.297108 0.862549 : 0.6
0.864929 0.474811 0.798348 0.179936 -0.516139 -0.87722 0.185679 -0.382976 0.724506 : 0.3
0.556678 0.892494 1 -1 0.860411 0.115144 -0.14407 0.0886583 0.302015 : 0.1
0.583583 0.360752 1 -0.522794 -0.33213 -0.418587 0.166469 0.50184 -0.403155 : 0.5
0.565066 0.119518 0.826081 -0.917781 -0.632615 -0.000193655 0.501765 0.487466 -0.275939 : 0.2
0.773649 0.264829 0.814356 -0.916232 -0.920129 -0.368212 0.999093 0.202483 -0.0186528 : 0.1
0.883305 0.543195 0.883286 -0.148923 -1 -0.159656 -0.342591 0.895436 -0.215836 : 0.2
0.637712 0.468079 1 -1 -0.161548 -0.455016 1 0.942045 0.256074 : 0.4
0.770307 0.838716 0.971112 -0.789239 0.179443 -0.546869 -0.025381 0.607431 0.682582 : 0.3
0.585122 0.527438 1 -0.715866 -0.175837 0.220694 1 0.0747983 0.928537 : 0.3
0.568307 0.641998 0.954461 -0.773291 -0.184386 0.265907 0.793726 1 0.68577 : 0.5
0.800512 0.319404 0.758854 -0.653052 -0.381327 -1 0.827721 0.492964 0.0428403 : 0.2
0.502893 0.253973 0.653548 -0.785951 -0.830952 0.21357 1 0.118194 -1 : 0.5
0.622886 0.286981 0.939578 -0.884708 -0.50852 0.853074 0.558195 -0.213043 0.274462 : 0.5
0.548121 0.619523 0.582742 -0.538562 0.771994 -0.601932 0.348891 0.067524 -1 : 0.2
0.588388 0.122008 0.847157 0.594679 0.0121086 -0.873632 0.29258 -0.663072 0.971753 : 0.2
1 0.306022 0.795004 -1 -0.367342 -0.657276 1 -0.345402 -0.410254 : 0.4
0.727688 0.773943 0.685103 -0.661326 -0.346636 -0.545532 1 0.504319 0.00567761 : 0.1
0.380321 0.383369 0.940948 -0.842413 0.310193 -0.00470412 0.498986 0.266787 0.545632 : 0.6
0.373784 0.350451 0.960223 -0.291087 -0.37976 -0.0643674 0.0957122 0.599018 -0.24356 : 0.4
0.835252 0.381679 0.964676 -0.379177 -0.321229 -1 1 0.289326 0.0419223 : 0.2
0.636805 0.406958 0.935947 0.356246 1 -0.505955 0.821992 0.314721 0.50898 : 0
0.422494 0.380903 0.796156 -0.679194 0.0973767 -0.107149 0.175668 1 0.315784 : 0.2
0.546605 0.30606 0.812663 0.0231714 -0.708407 -0.731163 0.357312 0.475991 -0.0231436 : 0.3
0.738724 0.424533 0.914499 -0.763901 0.148307 -0.814538 0.796272 -0.590252 0.673994 : 0.6
0.163801 0.312886 0.850914 -0.543426 -0.272482 -0.389334 0.382538 0.626769 -0.0520309 : 0.1
0.715274 0.317913 0.789905 -1 -0.194844 0.00163436 0.677523 0.367694 0.0801239 : 0.6
0.651572 0.630968 0.914711 -0.696284 0.0426065 -0.667831 0.502023 -0.923642 0.124181 : 0.1
0.913526 0.911587 0.697094 -0.971794 -0.0836955 -0.237258 -0.0400828 -0.226007 -0.452076 : 0.2
0.667093 0.607672 0.955417 0.167309 -0.268767 -0.956987 0.90547 0.753608 0.568354 : 0.3
0.552556 0.672898 0.898336 -0.880237 -0.407777 1 0.874203 0.536969 0.678857 : 0.3
0.706051 0.251537 0.862684 -0.182638 0.1474 -0.171923 0.237398 0.910824 0.530924 : 0.4
0.833825 0.324049 0.776978 1 -0.429541 -1 0.313227 -0.596462 -0.712969 : 0.3
0.450249 0.589289 0.642411 -0.518313 -0.00579805 1 0.966249 0.221815 0.558432 : 0.3
0.639678 0.317558 1 -0.0756718 0.386804 -0.46455 0.0321507 -0.0467207 -0.0413903 : 0.2
0.696001 0.482956 0.863935 -1 0.522689 -0.448309 0.559442 0.661422 -0.0144384 : 0.3
1 0.422999 0.978215 -0.922446 -0.496388 -1 1 0.764082 -0.0685819 : 0.2
0.777153 0.567665 0.798763 -0.560641 0.577125 -0.0229893 0.631117 0.502609 0.209097 : 0.5
0.617616 0.407031 0.865163 -0.635355 -0.0107912 0.687695 0.51083 -0.235886 0.644734 : 0.5
0.664662 0.324037 0.846736 -0.261422 -0.487044 -0.0967686 0.702148 0.683877 0.473143 : 0.4
0.872922 0.486845 0.633084 -0.185873 0.139231 -0.829666 -0.952279 -0.176887 0.039752 : 0.3
0.545091 0.682234 0.764646 -0.78192 -0.407894 -0.947919 1 -0.34449 -1 : 0.1
0.699471 0.562995 0.844812 -0.445264 -0.192584 -0.163048 -0.043699 -0.0176947 0.823408 : 0.5
0.782714 0.277918 1 -0.812001 0.423696 0.128371 0.706029 0.216811 -0.241371 : 0.5
0.778081 0.729591 0.964501 -0.962441 -0.366444 -0.655717 0.773971 0.169039 0.800859 : 0.4
0.720439 0.323569 1 -0.688562 0.131294 -0.109857 0.196195 -0.434086 0.355064 : 0.3
0.824318 0.509969 0.894846 -0.55052 0.142791 1 0.528844 0.0942522 -0.374402 : 0.4
0.622097 0.445014 0.782048 -0.790881 -0.321584 -0.178551 0.0113252 -0.0492017 0.27701 : 0.5
0.746964 0.742889 0.656764 -0.458893 -0.343927 -0.696941 0.906976 0.833817 -0.788006 : 0.3
0.358086 0.538017 1 -0.57016 0.375305 0.363872 0.490056 -0.311983 -0.147259 : 0.1
0.844096 0.591036 0.974877 -0.280582 0.123187 0.28417 0.805903 -0.260935 0.900342 : 0.3
0.614719 0.438418 0.888005 -0.0433772 0.490371 -0.193667 1 0.172831 1 : 0.4
0.714028 0.342326 0.852423 -0.16972 -0.545435 -0.615621 0.0864116 -0.283553 -0.339298 : 0.3
0.830116 0.483298 0.740494 -0.711298 -0.172158 -0.473436 -0.906812 0.193092 0.495393 : 0.4
0.768837 0.459709 0.829717 -1 0.572865 -0.386428 0.200315 0.0184501 -0.100822 : 0.5
0.481005 0.346965 0.684177 -0.137564 -0.413219 -0.950367 -0.906027 0.287329 0.21967 : 0.2
0.613351 0.518417 0.824503 -0.824946 0.383464 -0.00844932 0.660121 0.967203 0.0317335 : 0.4
0.566572 1 0.567303 0.939351 0.212395 -0.0214615 1 -0.441393 0.560161 : 0.2
0.40256 0.623541 0.909122 -1 -0.544539 0.135614 0.614866 0.220023 1 : 0.2
0.525844 0.39358 0.838151 -1 -0.902683 -0.0326242 0.697771 0.192349 0.788268 : 0.3
0.600585 0.379047 1 -0.393464 -0.586817 -0.997715 0.351206 0.941893 1 : 0.3
0.377302 0.4056 0.88214 -0.39801 -0.238218 -0.322392 0.755236 0.395961 1 : 0.1
0.40369 0.138779 1 -0.593912 -0.366084 -0.187847 -0.1684 -0.308054 0.192632 : 0.1
0.641855 0.431069 0.803115 -0.678912 -0.325672 0.348936 0.366759 0.932793 0.123498 : 0.5
0.823231 0.322087 0.642233 -0.753701 -0.121808 -0.530068 -0.508589 0.697934 1 : 0.5
0.702616 0.467279 0.784934 -0.848719 -0.6183 0.54737 0.79384 0.894557 0.0950651 : 0.4
0.659161 0.399391 0.991716 -0.860261 -0.291818 -0.341414 0.0517374 -0.216268 0.348051 : 0.4
0.604313 0.488687 0.878523 0.586544 -0.364978 -0.151338 0.417243 0.62894 -0.555785 : 0.4
0.527629 0.577409 0.746196 -0.733246 0.249177 -0.960236 0.643148 -0.250128 -0.110027 : 0.4
0.64019 1 0.722989 -0.984505 -0.53427 -0.500113 -0.168439 0.72038 -0.0703516 : 0.2
0.647233 0.192164 1 0.0109131 0.0556671 -0.924181 -0.366261 -1 0.784165 : 0.4
0.63316 0.613723 0.836728 0.0221918 -0.318817 0.08689 0.434663 0.182145 0.303452 : 0.4
0.773363 -0.0282232 0.894672 -0.840986 -0.465334 -0.419686 0.287147 0.117871 -0.155919 : 0.1
0.668527 0.23908 0.970002 -0.821599 0.325895 0.26134 0.134861 0.41262 0.194391 : 0.2
0.787485 0.594048 0.598404 -0.389935 -0.359853 -0.414059 0.872565 0.489055 -0.487793 : 0.7
0.372183 0.766633 0.945616 -0.879022 -0.0282981 -0.497587 0.497565 1 0.63251 : 0.2
0.877265 0.326531 0.840254 -0.296296 -0.150373 -0.55875 0.431324 -0.118169 0.20219 : 0.5
0.673718 0.394503 0.81138 -0.893646 -0.186729 -0.689314 0.174753 -0.188512 -0.0773881 : 0.6
0.524742 0.540573 0.755687 -0.747155 0.244439 -0.337826 0.729004 1 -1 : 0.1
0.551426 0.521627 1 -0.399979 0.338678 -0.598427 0.743623 1 0.926746 : 0.3
0.683495 1 0.86837 -0.371489 -0.0684223 -0.268872 0.858889 1 0.512903 : 0
0.666692 0.278862 0.68189 -0.68949 0.302975 -0.443992 0.262733 0.871895 -0.797902 : 0.1
0.652926 0.305802 0.814293 -0.522754 -0.0107364 -0.561276 1 0.143128 0.441856 : 0.4
0.673338 0.463207 0.938006 -0.290349 -0.5078 0.252992 0.460746 0.0462264 0.807297 : 0.4
0.678753 1 0.954482 -0.921923 0.262459 0.535491 0.619314 0.396178 0.336551 : 0
0.51526 0.320368 0.834505 0.363072 0.484466 -0.366691 -0.700264 1 -0.162143 : 0
0.569133 0.488078 0.689641 -0.647166 0.309482 -0.675692 0.437478 0.304602 -0.50162 : 0.5
0.631551 0.524403 0.864756 -0.643502 -0.275111 -0.150543 0.43511 0.211221 -0.048035 : 0.5
0.663779 0.781018 1 -1 -0.772805 -0.399396 0.709547 0.046041 0.780552 : 0.3
0.689647 0.361742 0.954098 -0.349772 -0.165442 -0.0537107 0.711915 0.546938 0.115484 : 0.5
0.136166 0.459792 0.91301 0.0812625 -0.394531 -0.772231 1 0.0968195 -0.0924254 : 0
0.729546 0.48045 0.828099 -0.9451 -0.197649 0.266984 0.399859 0.738586 -0.213227 : 0.5
0.521867 0.412423 0.919041 -0.572547 0.227751 -1 0.662078 0.655431 -1 : 0.3
0.774622 0.478333 0.957779 -0.643308 -0.0180402 -0.551749 1 -1 -0.292136 : 0.3
0.543679 0.389708 0.811646 -0.848431 -1 0.511361 0.295192 0.296256 0.709022 : 0.1
0.565539 0.0578687 0.845664 -0.807962 -0.261197 -0.737476 0.108196 0.77094 -0.491387 : 0.1
0.714738 0.548338 0.860415 -0.71596 -0.503247 -0.118778 1 0.0293168 -0.693355 : 0.4
0.806843 1 0.870243 -0.695765 -0.552831 0.144656 0.659951 0.956437 -0.561972 : 0.1
0.424227 0.317803 0.982809 -0.183926 0.334892 -0.652026 -0.0445788 1 -0.236846 : 0.1
0.588531 0.73726 0.885449 -0.139532 0.698011 -0.305521 0.977275 -0.453779 0.07785 : 0.1
1 0.285216 0.869811 -0.0479727 0.588567 0.311757 0.15423 -0.458723 0.212131 : 0.1
0.595851 0.588058 1 -0.822092 -0.0893254 -0.755593 0.583558 0.856625 -0.84808 : 0.6
0.406106 0.167621 0.946035 -0.845158 -0.0902538 -0.463981 0.432018 -0.143187 0.408239 : 0.1
0.634798 0.0953357 0.881097 -1 -0.325083 -0.409491 -0.558849 0.727834 0.4695 : 0.2
0.461275 0.715298 0.797761 -0.912208 -0.18921 -0.554734 0.509322 -0.225363 -0.191639 : 0.2
0.741092 0.346198 0.867732 -0.574838 -0.344947 -0.078407 0.404689 0.0230227 -0.0595312 : 0.5
0.600748 0.36159 0.970354 -1 -0.236089 -0.364278 0.543487 -0.768767 -0.123241 : 0.3
0.482976 0.365784 0.553421 -0.905554 -0.40735 -0.434824 0.691036 -0.360159 -0.263757 : 0.4
0.561204 0.382263 0.964778 -0.618642 0.250861 -0.661832 0.209592 0.593525 -0.443702 : 0.5
0.65432 0.288255 0.703895 -0.29147 0.26299 -0.0376873 0.420029 0.46156 -0.0557351 : 0.3
0.664077 0.607069 0.833715 -0.680031 0.349038 -0.168087 -0.176032 0.246175 0.0794524 : 0.5
0.657594 0.260543 0.868936 -0.928688 -0.459665 -0.876764 0.810025 0.481399 -0.659589 : 0.3
1 0.162047 0.588311 -0.671303 0.181927 0.548113 0.385185 -0.353283 0.295194 : 0
0.659916 0.260696 0.782099 -0.992564 0.0755519 -0.157494 0.296734 1 0.203473 : 0.4
0.478255 0.348166 0.719577 -0.717249 0.703932 0.0654943 0.0490375 0.580673 0.5471 : 0.2
0.633587 0.508325 0.455712 -0.258668 0.510122 -0.433094 0.53671 0.125158 0.194287 : 0.2
0.621645 0.548035 1 -0.796173 -0.541903 0.145432 0.0842568 0.590216 -0.408979 : 0.2
0.940598 0.498524 0.835749 -0.64934 -0.39578 0.0973133 -0.547647 0.268643 -0.497603 : 0.3
0.907861 0.230898 0.972137 -1 0.0499965 -0.600707 0.328228 0.755223 1 : 0.6
0.740376 0.575153 0.763557 -1 0.16817 -0.278986 -0.0363766 0.421158 0.885597 : 0.5
0.731802 0.417432 0.695619 1 0.716924 -0.0898452 1 0.317257 0.595254 : 0.3
0.584393 0.641199 0.810123 -1 0.885762 -0.298618 0.0956427 0.697144 -0.990095 : 0.5
0.660274 0.46781 0.700369 0.951354 -0.677993 -0.578649 0.367734 -0.110874 0.541701 : 0.4
0.660572 0.965801 1 -0.969379 -0.493527 -0.444535 0.710844 0.207309 0.77102 : 0.2
0.595451 0.515738 0.733346 -0.566122 0.424689 -0.171249 0.398031 -0.400104 0.211635 : 0.6
0.678675 0.233359 0.586314 -0.982611 -0.117689 -0.642038 0.219917 0.438539 0.443921 : 0.3
0.760909 0.463612 0.907355 -0.445342 1 -0.280079 0.859534 0.549727 0.376626 : 0.2
0.583683 0.266983 0.628165 -0.15728 -0.338475 -0.400792 -0.102431 1 0.413861 : 0.3
0.612374 0.403018 0.889755 -0.771141 -0.281648 0.219059 -0.161245 0.410367 -1 : 0.5
0.844821 0.629227 0.934912 -0.988499 -0.62799 0.789815 1 -0.143722 0.389106 : 0.5
1 0.228597 0.956411 -0.557261 -0.235795 -0.227124 0.308772 1 0.00505847 : 0.4
0.758347 0.317328 1 -0.129054 -0.711977 -0.210193 0.301559 0.191393 -0.410764 : 0.5
0.582106 1 0.851624 -0.357219 0.816057 -1 -0.306856 0.217894 0.0990885 : 0.1
0.72069 0.27655 0.748672 -1 -0.531462 -0.0418197 0.150702 0.221964 0.988277 : 0.7
0.169189 0.283457 0.883227 -0.493534 -0.292471 -0.215379 0.54522 0.319112 0.0233755 : 0
0.79155 0.605098 0.641036 -0.571 0.30881 -0.345757 0.747675 0.373649 -1 : 0.4
0.511903 0.482964 0.914086 -0.65364 -0.385203 1 0.86116 0.348133 -0.297399 : 0.3
0.456663 0.627741 0.496023 -0.600198 0.104677 -0.224772 0.887304 0.454108 -0.611327 : 0.1
0.802714 0.648293 0.933262 -0.465762 -0.35415 -0.688023 0.98504 0.668311 0.789589 : 0.4
0.890147 0.201995 0.955082 -0.982604 0.569659 -0.0233615 0.57494 0.874634 0.869174 : 0.3
0.542077 0.556081 0.791255 -0.719809 0.136857 0.205007 0.240571 -0.260444 -0.285432 : 0.2
0.520132 0.425933 0.972205 0.129764 -0.223421 -0.148483 0.885945 0.0392739 -0.316181 : 0.1
0.950862 0.580523 0.962163 -0.674088 0.461299 -0.135516 0.52018 0.941099 -0.783427 : 0.4
0.846317 0.438521 0.971902 0.216113 -0.735796 -0.635572 0.946072 0.495279 0.728082 : 0.5
0.520456 0.299327 0.757018 -0.651998 -0.357378 -0.923048 1 -0.290196 0.966284 : 0.2
0.803621 0.288491 0.815315 -0.904054 -0.504561 -0.466699 -0.051672 -0.0295906 -0.203946 : 0.3
0.609757 0.980056 0.839578 -1 -0.0843231 -0.260613 0.591382 0.98844 -0.856054 : 0.2
0.709694 0.685289 0.854531 -0.597298 -0.50121 0.169842 0.446946 0.215757 1 : 0.3
0.805544 0.39552 0.980053 -0.86521 -0.33087 -0.914454 1 0.145074 -0.272785 : 0.4
0.51687 0.396072 0.912603 -0.737935 -0.181664 0.413037 0.593487 0.302724 0.373881 : 0.5
0.703811 0.346818 0.884195 -0.558521 -0.23775 -0.0433844 -0.323915 0.193395 0.573389 : 0.2
0.701791 0.660198 0.812761 -0.835654 -0.675924 -0.600606 -0.14807 0.580173 0.793102 : 0.1
0.531564 0.251619 0.82287 -0.731504 -0.353619 -0.723609 -0.78009 -0.256957 0.586402 : 0.3
0.662263 0.1334 0.665666 0.65843 0.290201 0.145666 0.561318 0.652553 0.873243 : 0.1
0.452224 0.478806 0.498414 -1 -0.0588296 0.966196 -0.184395 0.783257 0.74039 : 0.2
0.738883 0.412398 1 -1 0.410186 -0.855393 0.890705 0.576738 -0.325451 : 0.4
0.819581 0.448545 0.897642 -0.387327 0.233916 -0.158032 0.941177 0.680896 -0.11709 : 0.4
0.920174 0.156388 0.894737 -0.711942 -0.137646 -0.572363 -0.048051 0.490488 -1 : 0.4
0.911086 0.434643 1 0.0654186 -0.597974 -0.0990357 -0.541355 -0.040503 0.14735 : 0.1
0.567742 0.453531 1 -0.493653 0.659429 -0.669196 0.549667 0.668001 0.963467 : 0.2
0.508667 -0.00652543 0.821229 -0.47718 0.672321 0.437692 0.11257 -0.335868 -0.616467 : 0
0.727399 0.449096 0.860332 -0.870779 -0.275456 -0.482218 -0.602686 0.472492 -0.0499785 : 0.5
0.58946 0.214822 0.943077 -0.373325 -0.424183 -0.132907 0.381788 1 -0.385986 : 0.4
0.648244 0.710025 1 -0.7062 -0.380394 -0.406076 0.361305 -0.108587 0.956266 : 0.3
0.645163 0.5782 0.779543 0.169289 -0.26176 -0.657794 0.382892 0.180131 0.375021 : 0.4
0.356097 0.477205 0.799412 0.11814 -0.755415 -0.66962 -0.613744 0.229409 0.599005 : 0
0.568147 0.735726 0.780857 -0.604287 -0.761165 -0.193939 0.49965 -0.0813913 0.152203 : 0.1
0.802092 0.494766 0.986901 -0.0286371 -0.20518 -1 0.899287 0.887648 -0.232152 : 0.1
0.626344 0.490029 0.868787 0.238526 -0.239787 -0.174125 0.45832 0.315244 -0.315275 : 0.2
0.944652 0.599399 0.816712 -0.535688 -0.104284 0.335841 1 0.657321 0.125958 : 0.4
0.62563 0.257636 0.993837 -0.144457 -0.229614 -0.157173 0.304946 0.607507 -0.336341 : 0.3
0.603886 0.02768 0.93743 -0.249717 0.0202621 -0.118059 0.969654 0.00271323 1 : 0.4
0.594741 0.850728 0.82867 -0.610184 -0.238209 -0.520696 0.75072 0.27683 -0.0772524 : 0.3
0.852769 0.588942 0.684336 1 1 -0.164314 1 -0.452042 0.184147 : 0.2
0.628793 0.523988 0.945617 -0.795735 -0.57715 0.0450544 0.74722 0.745223 -0.196005 : 0.4
0.588893 1 0.877147 -1 -0.39471 -0.553436 1 -0.341473 0.61271 : 0.1
0.689886 0.690338 1 -0.559402 -0.148512 -0.816247 0.829886 0.495347 -0.167731 : 0.2
0.683974 0.633855 1 -0.689532 -0.338312 0.00271996 0.694474 -0.0489213 1 : 0.4
0.683191 0.236504 0.83975 -0.488419 -0.315503 -1 0.198758 -0.645506 0.454306 : 0.2
0.513796 0.401435 1 -0.554561 0.421537 0.0387287 0.412897 0.0353234 0.172941 : 0.3
0.990375 0.160358 0.720329 -0.306665 0.020743 -0.507948 -1 1 -0.700737 : 0.2
0.914641 0.465321 0.786947 -1 0.375359 0.379088 0.526431 0.784422 0.24241 : 0.4
0.716255 0.509139 1 -0.391481 0.0696004 -0.723439 0.875289 -0.503692 1 : 0.4
0.546434 0.726474 0.905229 -0.47924 -0.180302 -0.930416 0.229758 -0.19196 0.846475 : 0.3
0.733418 -0.124095 0.831299 -0.449991 0.137006 -0.205057 0.57426 -0.196899 0.849927 : 0
0.632412 0.369657 0.918938 -0.984641 -0.893112 -1 0.719447 0.5559 -0.124583 : 0.4
0.551254 0.367503 1 -1 0.404696 -0.669623 0.458423 0.854405 0.794133 : 0.5
0.783714 0.352136 0.911837 0.215024 -0.558577 -0.873716 1 0.0899039 0.083578 : 0.3
0.90375 0.446328 0.6927 -0.488675 -0.683577 -0.469168 -1 0.179162 -0.532697 : 0
0.61744 0.864557 0.773427 -0.666345 0.286832 -0.268505 0.221783 0.677113 0.911336 : 0.1
0.652816 0.437237 0.976918 -0.717264 -0.865841 0.298654 0.879257 -0.064977 0.753574 : 0.4
0.644521 0.421121 0.981915 -0.913358 -0.575232 -0.396484 0.306494 0.671243 -0.80076 : 0.4
0.613647 0.487305 0.819674 -0.632553 0.156374 -0.996474 0.542265 0.492817 0.240423 : 0.6
0.681271 0.505056 0.805208 0.105683 -0.46321 -1 -1 1 1 : 0
0.395103 0.219291 0.75537 -0.0267916 -0.420753 -0.320188 0.149366 -0.290031 0.327283 : 0.5
0.824787 0.837842 0.773136 -0.934573 0.70571 -0.68445 0.789645 0.25856 0.459676 : 0
0.589362 0.414476 0.959584 -0.840578 0.653123 -0.521316 0.869241 0.839548 -0.914477 : 0.2
1 0.425223 1 -0.80912 0.329492 -0.31256 0.547132 0.218183 0.359027 : 0.4
0.323061 0.418212 0.726334 -0.865304 0.784884 -0.275721 -0.281428 0.257056 0.481416 : 0.1
1 0.572064 0.925905 -0.591919 0.161747 -0.978275 0.119978 -0.0168186 -0.869894 : 0.3
0.731717 0.278566 0.837034 -0.410112 1 -0.224981 0.341611 0.714174 -1 : 0.1
0.525779 0.124717 0.919634 0.214358 -0.389351 0.158527 0.707878 0.967421 0.0363592 : 0.3
0.385164 0.858188 0.799853 -0.00722235 0.133747 0.244534 -0.0252708 -0.47956 0.0939014 : 0.1
0.664865 0.177886 0.830056 0.978462 -0.922495 -0.398147 0.430492 1 0.178841 : 0.3
0.654656 0.614021 0.89311 -0.95316 0.498057 -0.0504317 -1 0.883835 -0.90231 : 0.1
1 0.509604 0.968821 -1 -0.227883 -0.104135 0.311238 1 0.211003 : 0.4
0.600012 0.631361 1 0.551021 -0.273582 -1 0.651232 0.399173 0.305834 : 0.1
0.659083 0.503694 0.700216 -0.774974 0.114604 0.00563786 0.984211 1 0.661611 : 0.3
0.346137 0.651821 1 -0.515001 -0.119135 -0.338795 0.476035 0.477475 0.60391 : 0.1
0.418298 0.414814 0.993702 -0.542205 0.108856 -0.709731 0.75245 0.126702 0.62864 : 0.4
0.59852 0.745032 0.755523 -0.691631 0.0399723 -0.224465 1 0.144109 0.737531 : 0.3
0.705402 0.525343 0.776094 -0.55904 -0.266865 -0.680126 0.701377 0.899159 -0.113913 : 0.4
0.785896 0.423625 0.850267 -0.536723 -0.189349 0.383623 0.548457 0.930785 0.118491 : 0.4
0.685344 0.566567 0.95423 -0.942244 -0.519223 -0.518532 -0.224965 0.55873 -0.182615 : 0.5
0.6716 0.257914 0.835559 -0.257572 0.379091 -0.0303549 0.600759 0.581969 0.388915 : 0.4
0.517975 0.898903 0.857267 -1 0.201387 -0.261161 -0.474676 0.562227 -0.566625 : 0.1
0.644078 0.796036 0.823086 -0.702527 -0.80943 -0.497249 1 0.393386 0.454342 : 0.1
0.660949 0.360249 0.775367 -0.220661 0.209904 -0.87683 0.290112 0.758068 0.55996 : 0.4
0.219772 0.743472 0.935792 -0.631463 -0.420776 -0.178356 0.125864 -0.295878 -0.00144581 : 0.1
0.627948 0.494353 0.926052 -0.16982 0.112618 -0.266129 0.715936 0.264459 0.495726 : 0.3
0.718112 0.0956585 0.747085 1 -0.288851 -0.78235 -0.427638 0.162177 0.736429 : 0.2
0.422057 0.340645 0.817405 -0.159748 -0.399117 -0.224593 1 0.500981 -0.101183 : 0.4
0.606415 0.269926 0.811163 -0.0542299 -0.2764 1 -1 0.369887 1 : 0
1 0.132548 0.711116 -0.362742 -0.711722 -0.86413 0.885616 0.143349 0.168366 : 0.5
0.691996 0.587933 0.664176 -0.905435 -0.687863 -0.277833 -0.0704286 0.67716 1 : 0.7
0.1875 0.265924 0.954684 -0.684406 -0.14856 -0.54807 0.932205 -0.604439 0.971815 : 0.1
0.587121 0.476508 0.968799 -0.418564 0.0355914 -0.774281 0.751436 0.912869 -0.282803 : 0.3
0.764181 0.320315 0.880233 -0.483105 -0.289021 0.439794 0.480325 0.722078 0.194612 : 0.5
0.57571 0.459095 0.982917 -0.654767 -0.0256812 -0.822941 -0.238684 0.384987 -0.464023 : 0.5
1 0.588122 0.990684 -0.593095 -0.839406 -0.965925 -0.277787 0.394713 0.38994 : 0.2
0.754011 0.339286 0.820191 -0.166665 -0.0191144 -0.0134898 0.0312928 0.201607 0.325701 : 0.6
0.620099 0.272586 0.835178 -0.57472 -0.463933 0.266249 0.58397 0.1105 0.551213 : 0.1
0.562586 1 0.899518 -1 -0.0549803 -0.41061 0.522482 0.709204 0.289982 : 0.3
0.532542 0.407338 0.637701 -1 0.271749 -1 0.645833 0.0739803 -0.710371 : 0.4
0.817717 0.203323 0.986471 -0.0832778 -0.317254 -0.679119 0.61425 -0.469185 0.273508 : 0.3
0.350031 0.527685 0.879599 0.315178 -0.641933 -0.640041 0.862501 0.680116 0.244289 : 0.1
0.652466 0.512734 0.802732 -0.0522965 -0.604499 -0.910416 -0.821521 -0.191325 1 : 0.4
0.427057 0.38058 0.993257 -0.15967 -0.086132 -1 0.219371 -0.69431 0.480357 : 0.3
0.710159 0.276997 0.89079 -0.319679 0.0867161 -0.557226 -0.441638 0.297985 -0.0591238 : 0.6
0.643458 0.402484 1 -0.0931604 -0.431909 1 0.428783 -0.281311 -0.502673 : 0.3
0.824689 -0.0219704 0.512087 -0.792178 -0.138422 -0.309482 0.388832 0.621915 0.192765 : 0.3
0.977176 0.132121 0.754327 -1 -0.383563 -0.593047 -0.728098 0.389529 -0.824194 : 0.3
0.513975 0.436362 0.8379 -0.968757 -0.12073 -0.207383 1 -0.20316 -0.124375 : 0.3
0.731667 0.491702 0.590069 -0.52759 0.194946 -0.125296 0.467402 0.240915 0.574407 : 0.4
0.845951 0.488881 0.920406 -1 -0.435261 -0.603015 -0.947532 0.601664 -0.230719 : 0.5
0.682078 0.331229 0.831881 -0.59725 -0.108741 -0.684174 0.521718 0.361864 0.212419 : 0.2
0.660163 0.729185 0.716536 -0.280285 -0.321871 -0.516356 1 0.669757 -1 : 0.2
0.733111 0.348925 0.825304 -0.591699 0.0732987 -1 -0.0646223 1 -1 : 0.4
0.620113 0.431492 1 -0.497687 0.219536 -0.0398511 0.976643 1 0.443844 : 0.3
0.709295 0.258012 0.816243 -0.296699 0.21425 -0.315902 0.967298 0.336688 0.00775987 : 0.4
0.583614 -0.0403936 0.811976 -0.583395 -0.17093 0.0150615 -0.0347029 -0.433657 0.143269 : 0
0.761922 0.269796 0.94231 -0.558781 -0.283539 0.373214 0.780333 0.860127 0.0350056 : 0.7
0.819853 0.513377 0.941302 -0.807078 0.0350659 -0.946422 0.727022 0.517114 -0.273581 : 0.7
0.520353 0.396627 0.812049 -0.289972 0.405811 -0.784764 -0.341667 0.706515 -0.591308 : 0.4
0.834839 0.4742 0.828613 -0.598846 -0.230875 -0.481228 0.294567 -0.0989389 -0.101931 : 0.3
0.563349 0.354526 0.640743 -0.454057 -0.107782 -0.842593 0.367586 1 0.21064 : 0.3
0.749059 0.393507 0.804336 0.433622 -0.401023 0.00189942 0.832713 0.948897 0.267145 : 0.3
0.60789 0.126759 0.756059 -0.409771 -0.330233 -0.181567 -1 0.955301 0.24966 : 0.2
0.621822 0.216189 0.819104 -0.808658 -0.369007 -0.705371 0.766528 -0.0743101 0.703971 : 0.2
0.667048 -0.0188838 0.884527 -0.0725016 -0.263513 -0.777566 0.332434 0.145334 0.257317 : 0
0.580396 0.490036 0.763334 -0.865553 -0.157062 -0.736962 0.2154 -0.00201994 -0.226119 : 0.2
1 0.388879 0.999161 -0.631997 -0.414806 -1 0.27414 0.33557 0.325825 : 0.6
0.674099 0.380009 0.874151 0.294993 0.317346 -0.561302 -0.613846 0.783772 0.742945 : 0.2
0.591696 0.459004 0.83432 0.957518 -0.296885 -0.951633 0.226037 0.562859 0.226736 : 0.2
0.572211 0.348089 0.788094 -0.510957 0.205339 -0.517121 0.736265 0.361395 0.07188 : 0.1
0.458472 0.193346 0.997722 -0.769153 -0.421261 1 0.221243 0.836354 0.548478 : 0.3
0.641255 0.365879 0.913463 -0.673701 -0.110165 -0.00136936 0.765966 0.493401 -0.100441 : 0.7
0.578935 0.511233 0.9862 -0.518278 -0.735295 -0.492519 0.377901 0.389509 1 : 0.6
0.852689 0.328676 0.913105 -0.799326 0.26146 -0.377742 0.238905 0.0434899 -0.909452 : 0.3
1 0.320786 0.716435 -1 -0.100432 -0.333145 1 0.297935 0.498864 : 0.5
0.696803 0.520994 1 -0.496211 -0.103404 -0.717616 0.810085 0.377099 0.900148 : 0.5
0.73926 0.520284 0.870092 0.41619 0.62456 -0.140058 0.368409 0.640002 0.541612 : 0
0.586029 0.303855 0.879987 -1 -0.179422 -0.400071 0.111304 0.909542 0.727181 : 0.4
0.577245 0.508399 0.861663 -1 -0.160357 -0.485304 0.211179 0.600512 1 : 0.5
0.615688 0.331026 0.844842 -0.811014 0.711067 -0.185756 0.37426 0.237417 -0.486112 : 0.2
0.639047 0.493715 0.949365 -0.467945 0.388217 -0.0430754 -0.133237 -0.116428 0.262704 : 0.3
0.525501 0.518844 0.186444 -0.555322 0.291678 -0.393806 0.627038 0.396348 0.787729 : 0.2
0.703708 0.383661 0.851643 -0.402413 0.170936 -0.679629 0.763283 0.70605 1 : 0.3
0.478202 0.523995 1 -0.557269 -0.249385 -1 1 -0.107672 1 : 0.2
0.67631 0.607052 0.852605 -0.719875 -0.252024 -0.429577 0.758803 -1 -0.370842 : 0.2
-0.138512 -0.350838 1 -0.35087 -0.0403444 1 0.604018 0.0687836 -1 : 0
0.583322 1 0.903281 -0.596136 0.400412 -0.29337 0.640365 0.609216 0.0391425 : 0.2
0.158264 -0.115072 0.676801 -1 -0.354391 -0.278573 0.0635471 0.363123 -1 : 0
0.476716 0.728736 0.709876 -0.654937 0.362876 -0.528395 -0.148067 -0.279719 -0.076529 : 0.4
0.719732 0.402923 0.624765 -1 -0.145278 -0.278513 0.329393 1 0.236161 : 0.4
0.636563 0.435882 0.871813 0.608976 0.0543717 0.214768 1 0.336862 -0.274761 : 0
0.723873 0.451792 0.875381 -0.868298 0.542696 -1 0.464899 0.227382 -0.545051 : 0.3
0.906295 0.402714 0.941104 -0.912941 0.346783 -0.268118 0.289338 0.861976 0.479616 : 0.4
0.562113 0.135002 0.778567 -0.984883 -0.2161 -0.00619414 0.567892 1 1 : 0.5
0.651605 0.529997 0.821581 -0.492848 0.764977 -0.345751 0.281977 0.173414 -0.00635749 : 0.4
0.556963 0.101969 0.849183 -0.560353 0.770192 -0.585835 0.544256 0.588359 -0.317579 : 0
0.633465 0.35853 0.678353 -1 -0.00499224 -0.702164 0.319778 0.20688 1 : 0.5
0.708556 -0.357562 0.493796 -0.439274 0.293937 -0.0120278 0.737378 -0.255481 0.355543 : 0
0.59478 0.420281 0.883027 -0.694516 0.598233 -0.2486 0.938032 0.100122 0.590145 : 0.1
0.635216 0.545407 0.770281 -0.657394 -0.249049 -0.935813 0.0803089 -0.451577 1 : 0.2
1 0.374502 1 -0.784975 0.119585 0.591585 0.353479 0.605447 0.156908 : 0.3
0.631382 0.426803 0.986231 0.15876 -0.194068 -0.338858 0.139425 0.478552 0.436572 : 0.6
0.710575 0.42413 0.829684 0.181448 -0.00929561 -0.549919 0.842929 0.455924 -0.454469 : 0.6
0.733512 0.41744 0.869322 -0.333205 0.408592 -0.189526 0.605569 -1 0.688063 : 0.2
-0.285822 0.410909 0.983583 -0.694206 -0.6506 0.92581 0.446985 0.288184 0.315307 : 0.2
0.712101 0.531416 0.667523 -1 -0.31669 -0.251356 0.387197 1 -0.904784 : 0.5
0.640514 0.286933 0.836028 -0.726836 0.365799 0.293447 -0.00582081 0.47475 0.580856 : 0.1
0.762828 0.113079 0.85553 -0.362181 -0.253845 -0.435416 0.990394 0.790454 0.776988 : 0.4
0.65306 0.355462 0.904234 -0.286125 0.233644 0.358045 0.5018 0.557019 0.561133 : 0.4
0.159529 0.390183 0.998243 -0.449941 0.634211 -0.232335 0.0588276 0.824206 0.122178 : 0.1
0.663284 0.834034 0.873826 -0.612182 -0.383116 -0.420365 0.802239 0.725685 0.469674 : 0.4
0.549163 0.399957 0.817623 -0.746335 0.00707533 0.151977 1 -1 0.559256 : 0.3
0.76839 0.357937 0.774574 -0.940193 -0.248565 0.591505 0.586497 1 -0.749397 : 0.4
0.611363 0.549021 0.914738 -1 0.108928 0.199254 0.698258 0.393246 0.348478 : 0.3
0.481989 0.42796 0.990371 0.385617 -0.251813 -0.270279 0.351109 0.575383 1 : 0.4
0.720802 0.47846 0.866516 -0.54646 0.610531 -1 0.621803 -0.321062 0.523408 : 0.3
0.403567 0.40008 0.729602 -0.253308 -0.10424 0.0427494 0.416253 0.432073 0.61679 : 0.5
0.648379 0.234976 0.923521 -0.278952 0.216313 1 0.545429 0.202147 -1 : 0.1
0.656554 -0.0393521 0.81826 -0.391955 0.593898 -0.319512 0.738921 -0.69382 0.406514 : 0
0.97367 0.549538 0.739759 -0.429103 -0.6889 -0.828156 0.348637 0.392526 -0.585233 : 0.1
0.624244 0.461652 0.913637 -0.612159 -0.223976 -0.627456 0.702143 0.845569 0.886264 : 0.5
0.471076 0.302925 0.78043 -0.688052 0.772313 1 0.481111 -0.0114626 0.292682 : 0
0.865705 0.481924 0.602295 -0.61748 -0.381321 -0.280538 0.343565 0.224635 0.565007 : 0.7
0.670578 0.807132 0.955568 -0.695556 -0.682462 -0.524631 0.710295 0.706522 0.770897 : 0.3
0.594897 0.43983 0.997582 -0.604423 -0.412629 -0.678021 0.630425 0.196422 0.147806 : 0.2
0.840587 0.639106 0.752586 -0.690597 -0.294154 -0.417677 1 0.367212 -0.330318 : 0.4
0.504622 0.796843 0.917457 -0.816689 -0.217518 -0.406121 0.83055 -0.216286 0.734138 : 0.1
0.966531 0.446473 0.890845 -0.664962 -0.33628 -0.14658 0.446473 0.307454 -0.478234 : 0.6
0.748648 0.291791 0.837191 -0.317979 -0.0379145 -0.321231 0.767877 0.354338 -0.45882 : 0.5
0.795677 0.914621 0.956284 -0.824498 0.348002 -1 0.426283 0.740313 -0.425218 : 0
0.740078 0.276496 0.932555 -0.673976 0.555367 0.309757 0.680173 -0.00749129 -0.254025 : 0.4
0.846043 0.586073 0.914933 -0.710714 -1 -0.545143 -0.313959 0.398662 0.69596 : 0.3
0.690511 0.329064 0.835628 -0.893576 -0.731727 -0.884272 -0.224386 0.564375 0.524487 : 0.5
0.726164 0.512386 0.848278 -0.583342 -0.318948 0.158762 0.207234 -0.117093 -1 : 0.4
0.613698 0.281408 0.792172 -1 -0.115487 -0.26125 -0.619737 1 -0.736824 : 0.3
0.925145 0.380059 0.922759 -0.561315 -0.705388 -0.292527 0.513889 1 -0.579413 : 0.5
1 0.57448 0.873784 -0.327793 -0.249733 0.675618 0.735792 0.627146 -0.871287 : 0.2
0.674866 0.428171 0.904781 -0.598064 0.510098 -0.915186 0.574281 0.965389 -0.83438 : 0.8
0.722681 0.388808 1 -0.0506238 0.33094 0.00205427 -0.0276208 0.506379 -0.00931775 : 0.6
0.615907 1 0.894495 -0.842817 0.432909 -0.859885 0.735341 0.404291 1 : 0.1
0.854318 0.276287 0.859534 -0.647204 -0.5825 -0.656331 0.780167 0.401398 0.742386 : 0.4
0.320958 0.182279 0.939372 -0.475983 -0.291618 -0.527812 1 0.395494 -0.978111 : 0.2
0.736967 0.596757 0.974176 -0.824254 -0.0350523 -0.867909 0.250824 0.618152 -0.692824 : 0.4
0.989726 0.529603 0.78511 -0.666951 1 -0.153145 0.811163 0.522306 -0.168188 : 0.6
0.669613 0.618696 0.887998 -0.670264 -0.372379 -0.712047 0.467898 0.366218 -0.0630592 : 0.5
0.543629 0.681681 0.959948 -0.816808 -0.0360027 -0.199497 0.851432 0.279017 0.0638724 : 0.4
0.893207 0.198428 0.9112 -0.517397 0.227087 0.512343 0.772946 0.871533 -0.213307 : 0.4
0.621679 0.456864 1 0.0524473 0.591084 0.0823322 0.679291 0.377427 0.0031576 : 0.3
0.927845 0.523721 0.995249 -0.17063 -0.00068295 -0.670166 0.7355 0.82654 1 : 0.3
0.586265 0.309716 0.884353 -0.690954 -0.525608 -0.336327 0.810238 -0.026481 0.757562 : 0.3
0.720741 0.370762 0.85716 -0.68556 -0.0824003 -0.594467 -1 0.592089 -1 : 0.4
0.695643 0.352526 0.837602 -0.585804 1 -0.110007 0.130696 0.467446 0.332873 : 0.1
0.597284 0.259388 0.863841 -0.690536 0.417148 -0.502635 0.931251 0.735939 0.912537 : 0.4
0.562446 0.403321 0.544973 -0.765418 -0.724128 -0.302536 0.817472 0.296351 0.21408 : 0.5
0.874459 0.363243 0.845262 -0.309455 -1 -0.297077 0.101863 0.0174991 0.550295 : 0.1
0.886337 0.381703 0.892168 -1 0.248144 -0.349812 0.58931 0.356003 -0.164792 : 0.5
0.610099 0.364386 0.832086 -0.669354 0.109932 -0.379209 0.800662 0.115096 0.291948 : 0.2
0.704862 0.484232 1 -0.131129 -0.140854 -0.451558 0.743032 -0.111702 0.118469 : 0.6
0.762368 0.371536 1 -0.21629 -0.169835 -0.0824385 0.221782 0.886642 -0.874261 : 0.6
0.855227 0.300278 0.894934 0.014748 0.0369607 -0.515329 0.404974 0.527609 -0.16731 : 0.4
0.710403 0.760878 1 -0.653984 0.236318 -0.58349 1 -0.121136 0.0952692 : 0.1
0.629077 0.236142 0.711683 -0.236236 -0.23287 0.199069 0.240156 0.97343 -0.0189934 : 0.4
0.724294 0.397887 1 -0.737855 0.153885 -0.585165 0.75969 0.50377 -0.633332 : 0.2
0.718329 0.401402 0.783406 -0.382207 -0.210815 -0.449402 -0.204203 -0.0742768 -0.856221 : 0.4
0.869221 0.346425 0.805913 -0.727094 -0.245882 -0.560409 0.337768 0.139586 -0.32839 : 0.6
0.723543 0.44145 0.92039 0.227744 0.000194862 -0.600664 -0.686972 0.483854 0.337039 : 0.1
0.390643 0.695779 0.829344 -0.800763 1 -0.489387 0.927562 -1 -1 : 0
0.468041 0.396853 0.996973 -0.634101 0.119278 -0.880532 0.270154 0.610635 0.389226 : 0.3
0.621155 0.556102 0.593103 -0.776704 0.465966 -0.683986 0.708085 0.742563 0.201603 : 0.4
0.724781 0.347395 0.841039 -0.721544 0.76982 -0.931101 0.611788 0.512816 0.558559 : 0.3
0.512327 0.475763 0.911565 -0.0216787 0.609212 0.376185 -1 0.262616 -0.263063 : 0
0.516173 0.564967 0.994603 -0.277289 -0.44728 -0.664936 0.574514 0.406279 0.964444 : 0.2
0.65403 0.32736 0.799095 -0.39223 -0.71719 -0.315235 0.849888 0.342755 0.420573 : 0.3
0.765336 1 0.489656 -0.919458 0.225668 -0.101922 0.111795 0.650629 0.632236 : 0.3
0.562865 0.603925 0.851943 -0.930352 -0.902551 -0.856283 -0.595295 0.754872 0.950424 : 0
0.505911 0.217492 0.888456 -0.490121 -0.177227 -1 0.378591 0.210848 1 : 0.1
0.541727 0.0308139 0.775317 1 -0.397408 -0.797236 0.717177 -0.392308 -0.225676 : 0.4
0.548567 0.588253 0.928424 0.248567 -0.4328 -0.75026 -1 1 -0.0105428 : 0.1
0.680448 0.545555 0.850223 -0.89738 -0.24051 -0.831403 0.502451 0.5901 0.0127149 : 0.3
0.551054 0.233385 0.775318 0.920313 -0.525331 -0.487399 -0.220055 0.908936 -0.102585 : 0.3
0.211551 0.62701 0.814479 -0.640404 0.0800235 -0.0511211 0.432232 -0.0393289 0.350179 : 0.1
0.680777 0.403232 0.90108 -0.523441 0.126105 -0.978428 0.845106 0.225425 -0.372819 : 0.2
0.717289 -0.150288 0.832525 -0.485797 -0.0114506 0.184515 0.68397 -0.00777593 0.168013 : 0
0.806662 0.573068 0.801493 -0.623951 1 -1 0.256891 -0.475945 -0.479005 : 0.3
0.19391 1 0.977317 -0.814935 0.263206 -0.145021 0.555642 0.605552 1 : 0.1
0.159618 0.258234 0.845796 -0.327536 0.507966 -0.313645 1 1 0.834195 : 0.1
0.750851 0.223792 0.832807 -0.676953 0.8301 -0.195335 0.745414 0.351037 -0.509545 : 0.2
0.684355 0.502212 0.733405 1 0.987213 -0.190205 0.338135 -0.355679 0.752589 : 0.1
0.628594 0.361674 0.849419 -0.949867 0.933726 0.00246781 -0.341828 0.518092 0.251874 : 0.4
0.57157 0.670602 0.895786 -0.803171 0.0444794 -0.328163 -0.206592 0.389444 0.448281 : 0.4
0.27418 0.407511 0.985126 0.979691 -0.358886 -0.35058 0.566574 0.193583 -0.435809 : 0.1
0.615693 0.65347 0.830117 -0.642918 -0.156877 -0.549495 0.270006 0.735812 -0.706786 : 0.4
0.823186 0.403931 0.888974 0.23812 -0.235534 -0.546849 -0.654113 0.437435 0.440496 : 0.7
0.701931 0.443134 0.892184 -0.746634 -0.109924 -0.276778 1 0.369939 0.762577 : 0.2
0.873688 0.434891 0.702929 -1 -0.167427 -1 -1 0.270928 0.523874 : 0.2
1 0.34666 0.64853 -0.399225 0.0107358 -0.0906156 0.388704 0.0523783 -1 : 0.2
0.807438 0.382149 1 -1 -0.274746 -0.167092 1 0.437513 -0.293414 : 0.4
0.414892 0.220688 0.958197 -0.776302 -0.435876 -1 0.632983 0.0873438 0.146328 : 0.4
0.634362 1 0.824475 0.470978 -0.113865 -0.410534 0.234162 0.498848 1 : 0.1
0.647511 0.678984 0.552199 -0.399357 -0.416826 -0.496572 0.735187 0.110272 1 : 0.2
0.938336 0.481339 1 -0.829924 0.68929 0.00601712 0.721748 0.327138 0.487884 : 0.4
0.766846 0.397576 0.99658 -0.900509 0.542758 -1 0.604112 -0.0018203 0.012604 : 0.5
0.9002 0.505121 0.955027 -1 -0.234255 -0.111529 -0.181353 0.487321 5.85467e-05 : 0.5
0.440377 0.670051 0.865888 -0.449185 0.882797 -0.507271 0.531614 0.0595553 -0.813267 : 0.1
0.632798 0.501115 0.842752 -0.145993 -0.252592 -0.917682 0.746393 0.578915 0.575014 : 0.3
0.467201 0.521095 1 -0.883099 -0.273569 -0.082888 0.604374 -0.282013 0.35902 : 0.4
0.905302 0.376939 0.937827 -0.235119 0.135275 -0.971436 0.741889 0.644875 -0.352904 : 0.6
0.949103 0.239608 0.810195 -0.296781 -0.143155 0.32194 1 0.973312 -0.833772 : 0.5
0.433491 0.364722 0.950901 -0.323314 -0.0690482 -0.318851 0.920626 0.717492 0.610669 : 0.6
0.914613 0.529878 0.906681 -1 -0.320161 -0.39758 -1 0.409997 1 : 0.4
0.906769 0.442519 0.952166 -0.877943 0.256063 -0.84393 0.00302248 0.943168 0.0941423 : 0.4
0.799714 0.247187 0.658594 -0.481152 -0.999596 -0.801902 0.64572 0.34858 -0.0515106 : 0.2
0.762755 0.685995 1 -0.45593 -0.443767 -0.679883 0.84895 0.260487 -0.537049 : 0.2
0.545936 0.733776 0.732652 -0.558846 -0.418006 -0.300992 -0.0698253 0.416647 -0.174774 : 0.3
0.611495 0.65152 0.871048 -0.129561 -0.199407 -0.565595 0.136257 1 -0.129904 : 0.5
0.767914 0.47891 0.944529 -0.642296 -0.31494 0.345209 -0.580865 0.170568 1 : 0.1
0.548584 0.631519 0.787162 0.852107 -0.241113 -0.216499 0.985911 -0.522855 0.0588166 : 0.2
0.768972 0.715093 0.93021 -0.854682 0.539297 -0.582205 -0.107976 0.279428 0.423794 : 0.5
0.673148 0.358783 0.874638 -0.841205 -0.246276 0.138658 0.78665 0.264167 0.441713 : 0.7
0.482513 0.198714 0.789434 -1 -0.195979 1 0.837415 0.70595 -0.32337 : 0.1
0.963532 0.460095 0.841118 -0.792715 -0.535249 -0.15287 0.583614 0.874015 0.988398 : 0.4
0.639019 0.479604 0.818082 -0.489749 -0.312614 -0.19699 0.959499 -0.483291 0.243025 : 0.6
0.557578 0.163032 0.822521 -0.74779 -0.405213 -1 0.88971 0.434874 0.479119 : 0.1
0.617471 0.328821 0.968096 -0.0905535 -0.160657 -0.605797 0.16016 0.736545 0.566266 : 0.6
0.666899 0.481593 0.870603 -0.508557 0.0558325 -0.58365 0.250634 0.0806367 1 : 0.4
0.512841 0.302444 0.734932 -0.67408 -0.669962 -0.812325 0.449148 0.0619187 -0.379683 : 0.2
0.488682 0.373062 0.773571 0.027986 -0.880653 -0.43261 0.651733 0.106557 0.265268 : 0.4
0.778799 0.472688 0.970305 -0.0102804 -0.678025 -0.233605 1 -0.441252 -0.228713 : 0.7
0.663954 0.55131 0.824168 -0.245543 0.440718 -0.490556 -0.275088 0.455507 -0.0827545 : 0.3
0.50241 0.350406 0.989559 -0.706128 -0.443195 -0.397053 0.832007 0.449594 0.713711 : 0.3
0.490729 1 0.926502 0.0259154 -0.128099 -0.477527 0.60139 0.922318 0.23469 : 0.2
0.784734 0.639026 0.998142 -0.779598 -0.0500931 -0.264368 0.743922 0.167977 -0.322212 : 0.5
0.68741 0.236251 0.675717 -0.581677 0.294734 0.390244 0.322706 1 0.0754312 : 0
0.70349 0.610529 0.808777 -0.565283 -0.0549541 -0.942016 0.938696 0.602934 0.521943 : 0.2
0.672898 0.323231 0.949065 -0.999964 -0.433475 1 1 0.597782 0.83431 : 0.4
0.775465 0.357154 0.922993 -0.165843 0.0441214 -0.149968 0.511564 1 0.407768 : 0.2
0.644364 1 0.745291 -0.881653 -0.343352 -0.375563 0.0148166 0.142358 -0.0540134 : 0.2
0.676165 0.488241 0.948491 -0.528097 -0.511974 0.508482 0.598911 0.171785 0.0318965 : 0.5
0.486262 0.307272 0.929332 -0.658695 -0.370506 -0.510462 -0.693274 0.538217 1 : 0.5
0.72544 0.640484 0.824049 -0.762965 -1 -0.877208 -0.495337 0.457908 -1 : 0.1
0.420815 0.435763 0.789683 -0.962724 -0.279546 0.111927 0.888199 0.22641 -0.666081 : 0.3
0.6182 0.529276 0.879349 -0.184257 -0.62408 -0.522794 -0.186954 0.633452 0.0868028 : 0.5
0.635274 0.19305 0.765981 -0.991986 -0.261679 -0.336964 0.793507 0.146267 0.119551 : 0.1
0.917263 0.740336 0.679419 -0.112238 -0.698717 -0.32936 0.468333 0.445915 0.810316 : 0.6
0.655055 0.116387 0.878192 -0.940263 -0.0729055 -0.103688 -0.112722 0.493968 1 : 0.4
0.505077 0.302237 0.85158 -0.6011 -0.425993 0.146845 0.75916 -0.0285146 0.0634075 : 0.6
0.590418 0.317061 0.310353 -0.885263 0.262112 -0.470586 0.857081 0.105435 -0.337336 : 0.4
0.750274 0.450391 0.862957 -0.740588 0.221381 0.108034 1 -0.168623 0.220532 : 0.5
0.745681 1 1 -0.354963 0.245609 -0.0855 0.853205 0.850931 0.575052 : 0.1
0.376395 0.300843 0.886647 -1 -0.323668 -0.17401 1 0.45185 0.825465 : 0.5
0.674401 0.555858 0.912193 -0.994191 -0.330835 -0.84428 0.658755 0.331883 0.113105 : 0.2
0.571446 0.339675 0.934415 -0.433169 -0.0495619 -0.362723 0.554943 -0.329085 0.275167 : 0.5
0.553493 0.709526 0.773255 -0.818928 -0.310044 -0.450444 0.278971 -0.0193968 0.632427 : 0.3
0.641938 0.542042 1 -0.0136229 0.247203 0.591404 0.133566 -1 0.307705 : 0.2
0.67174 0.152262 0.815258 -0.747368 1 -0.771106 -0.243147 1 0.107605 : 0.2
0.774574 0.239505 0.738218 -0.734209 -0.325514 -0.915155 0.850103 0.631965 -0.0589088 : 0.1
0.628663 0.5361 0.907776 -0.600914 -0.0231609 -0.280983 0.631301 0.574032 0.475463 : 0.3
0.504095 0.295157 0.691883 -1 0.469993 -0.466792 0.766116 0.254537 -0.383332 : 0.4
1 0.450907 0.967781 -1 0.0292357 -0.133737 0.489626 0.158701 -0.893853 : 0.6
0.647877 0.595074 0.904424 -0.517936 0.0994505 -1 0.621926 0.682277 -0.957648 : 0.4
0.615918 0.371746 0.579707 -0.414498 -0.127426 -0.60454 0.72771 0.552296 -1 : 0.3
0.520483 0.900259 0.754151 -0.519508 -0.18717 -0.778059 0.414452 0.162341 0.167058 : 0.3
0.801553 0.375309 0.868794 -0.716301 -0.020275 -0.00796449 0.0806275 0.347162 -0.982411 : 0.3
0.385826 0.281336 0.815722 -0.489342 -0.277137 -0.747281 0.723242 0.533488 0.266009 : 0.1
0.639087 0.578372 0.99876 -0.998902 -0.286491 -0.673799 0.796636 -1 0.286122 : 0.4
0.651644 0.534942 0.939301 -0.40874 0.623063 -0.350045 0.529674 0.926733 -0.81158 : 0.5
0.850037 0.536591 0.99294 -0.26236 0.771923 -0.152129 0.366967 0.291603 0.42944 : 0.4
1 0.565263 0.910868 -0.878306 0.371828 -0.148979 1 0.895206 -1 : 0.2
0.780082 0.333798 0.990509 -0.591352 -0.481755 -0.686222 1 1 0.775885 : 0.4
0.608045 0.469927 0.886438 -0.802683 -0.5932 -1 0.815141 0.859542 -0.105292 : 0.3
0.883953 0.159536 0.832137 -0.574907 -0.292986 -0.869457 0.394468 0.85072 0.463899 : 0.3
0.788497 0.12418 0.928604 -0.708393 -0.41765 0.832479 0.872483 0.543057 -0.841272 : 0.1
0.664394 0.137244 0.88874 -0.864445 -0.293495 -0.590159 -0.317461 0.67959 0.506598 : 0.3
0.609246 0.629086 0.694957 -1 -0.0253948 -0.755401 1 0.0483072 0.556342 : 0.1
0.62748 0.663135 0.698271 0.46191 -0.64433 -0.535555 -0.0405873 0.647428 0.241603 : 0.3
0.751622 0.229333 0.910447 -0.749333 0.354066 0.445501 0.500824 0.111989 0.76344 : 0.1
0.325517 0.422422 0.862812 -0.0451921 0.243152 -0.40942 0.432936 0.523835 -0.440021 : 0
0.517491 0.479537 0.895891 -0.0492145 -0.0994158 -0.342644 0.152677 0.834287 -1 : 0.6
0.745574 0.549192 0.761816 -1 0.31418 -0.839497 0.451321 -0.455038 0.0429588 : 0.3
0.823106 0.591282 0.94073 -0.528781 -0.0848937 0.438122 0.51863 0.481144 -0.85718 : 0.3
0.681647 0.582294 0.931552 -0.851618 0.131252 1 0.770444 0.370758 -1 : 0.3
0.833435 0.478841 0.383373 -1 -0.248709 -0.636246 1 0.405608 0.323459 : 0.5
0.603152 0.483754 0.795647 -0.576528 0.2648 -0.225514 0.839096 0.0202424 0.234557 : 0.6
0.776038 0.262289 0.901793 -0.220722 0.345531 -0.269511 0.584482 0.859865 0.613712 : 0.6
0.587882 1 0.347103 -0.828414 0.366909 -0.440009 0.669056 0.690697 0.189112 : 0.2
0.765849 0.420145 0.87367 -0.606353 0.209888 0.225338 0.541718 -1 0.390152 : 0.3
0.540342 0.400219 0.935894 -0.937849 -0.0651934 -0.661011 0.808576 -0.0677394 0.0173236 : 0.5
0.731672 -0.0309255 0.807466 -1 -0.219967 -0.564327 -0.845504 -0.777246 0.0827738 : 0
0.633785 0.633129 0.827214 -0.655651 -0.704321 -0.506706 0.356857 0.507946 0.86288 : 0.5
0.554937 0.509846 0.96033 -0.597353 0.388212 -0.493603 -0.0900316 -0.191749 -0.263145 : 0.2
0.630092 0.304265 0.726886 -0.975201 -0.698498 0.783169 0.570236 0.150996 0.757073 : 0.4
0.689226 0.459751 0.793971 -0.898046 0.48452 -0.870072 0.317039 0.0602061 0.835608 : 0.3
0.588041 0.231433 0.964959 -0.290031 -0.345252 -0.386695 0.986977 0.340686 0.438988 : 0.4
0.989487 0.192206 0.949718 -0.85961 -0.23494 -0.736639 1 0.137794 -0.655992 : 0.5
0.932445 0.261117 0.932138 -0.472519 -1 -0.905485 0.699586 -0.0824698 -0.164741 : 0.5
0.817125 0.565292 1 -0.125316 -0.990741 -0.0417802 0.127084 -1 -0.408515 : 0
0.564604 -0.0423156 0.819623 0.0834688 -0.166721 -0.380678 0.603507 0.19127 -0.0419331 : 0
0.747404 0.379262 0.523069 -0.0675932 0.425484 -0.507762 0.403162 0.837115 0.781814 : 0.2
0.735571 0.475696 0.882831 -0.61758 -0.945191 0.414205 0.0823145 0.873207 0.362517 : 0.3
0.661009 0.499535 0.929857 -0.117992 1 -0.32866 0.389722 0.528818 0.609693 : 0.1
0.606414 0.2763 0.977993 -0.597242 -0.262554 0.0595112 0.801203 0.472945 0.290175 : 0.4
1 0.506549 0.877826 -0.738658 -0.0115103 -0.98504 0.407463 -0.515875 0.205804 : 0.2
0.797391 0.697612 0.99268 -0.790756 1 -0.537034 1 0.453227 0.672845 : 0.3
0.623189 0.29014 1 -0.2907 -0.199195 -0.785146 -1 0.518385 -0.139096 : 0.4
0.636496 0.904721 0.95651 -0.705461 -0.548004 -0.466725 0.633384 0.287071 0.897229 : 0.3
