0.546863 0.204687 0.990594 -0.331587 0.0324447 -0.405477 0.100736 0.698983 0.915837 : 0.8
0.649533 0.733127 0.942983 -0.47868 -0.451452 -0.409527 0.127587 -0.0214183 0.790348 : 0.2
0.47069 0.278621 0.895703 -1 0.142753 -0.48438 0.236954 0.0810425 -1 : 0.3
0.934082 0.418932 0.804743 0.06727 -0.250457 -0.255125 -0.405628 0.167589 -0.17171 : 0.1
0.657381 0.219167 0.594059 -0.685371 -0.0115718 0.701399 0.907751 0.529023 0.192049 : 0.6
0.744098 0.370332 1 -0.507125 -0.013725 -0.0552307 0.540548 0.196971 0.693268 : 0.4
1 0.476956 0.978304 -0.633147 -0.503454 -0.0443755 -0.402452 -0.0802624 -0.178369 : 0.3
0.575684 0.867069 0.668139 -1 -0.316826 -0.210044 0.556412 -0.44394 -0.502113 : 0.1
1 0.225386 0.85387 0.346583 -0.168056 -0.174446 1 -0.0176834 -0.288357 : 0.4
0.586451 0.230501 0.723606 -0.752427 0.341789 -0.549137 0.255256 0.564663 0.220818 : 0.4
0.282496 0.528837 0.94744 -0.928263 -0.362197 -0.498854 0.487582 -0.0166875 0.472821 : 0.1
0.505806 0.500687 0.878044 -0.904395 -0.116623 -0.482857 0.0174469 0.446558 0.196756 : 0.4
0.6303 0.263055 1 -0.357302 0.0448331 -0.487686 1 -0.566151 0.590412 : 0.4
0.798374 0.431617 0.982758 -1 -0.350427 -0.326042 -1 0.424032 0.115727 : 0.5
0.665595 0.299771 0.989706 -0.798007 -0.308275 -0.678805 0.345875 -0.417341 -1 : 0.4
0.716285 0.586315 0.771099 -0.321204 0.0759741 -0.482569 0.684197 0.291886 0.280585 : 0.5
0.625772 0.56144 0.861276 -0.528875 0.218191 -0.563621 1 0.0383107 -1 : 0.3
0.462648 0.310348 0.78147 -0.474615 0.448811 0.534559 1 0.240618 -0.270793 : 0.2
0.741004 0.663436 0.854254 -1 -0.365627 -0.871093 0.305322 -0.264927 -0.826787 : 0.6
0.381468 0.542276 0.814885 -0.427945 -0.0407221 -0.885322 0.96123 -0.271575 0.829217 : 0
0.489358 0.272877 0.762744 -0.921308 -0.0317149 -0.140575 0.725982 0.34243 -0.300103 : 0.1
0.598372 0.301963 0.729144 -0.207731 -0.203567 -0.270159 0.649047 0.624606 -0.253293 : 0.6
0.101706 0.381606 0.842217 -0.51229 -0.441886 0.0881253 0.971932 0.0550654 -0.0482044 : 0.1
0.569218 0.279383 0.840605 -0.661435 -0.291761 -0.599016 -0.373765 -0.407985 -0.729525 : 0.4
0.68152 0.78175 0.884938 0.0272394 0.116031 -0.952932 0.54713 -0.0338885 0.0648247 : 0.1
0.562438 0.349638 0.915555 -0.661903 0.106203 -0.159204 0.818228 0.323224 -0.930974 : 0.7
0.692227 0.506413 0.596624 -0.638272 -0.299633 -0.0167424 1 -0.0493513 0.646046 : 0.3
0.250554 0.305582 1 -0.586146 0.353929 -0.0926686 0.429346 0.278151 0.140538 : 0.2
0.728574 0.330747 0.960818 -0.716512 -0.274476 -0.527191 0.600494 0.327503 -0.444066 : 0.4
0.506867 0.582011 0.977617 -0.611712 -0.411054 -0.850405 1 0.643582 1 : 0.2
0.699293 0.280765 0.905604 -0.408223 0.0780355 -0.454937 -0.100686 -0.246844 -0.338299 : 0.4
0.648075 0.582793 0.923058 -0.802091 0.179437 -0.324907 1 0.853199 -0.412272 : 0.2
0.523034 0.45034 0.89276 -0.658514 -0.293595 -0.60755 -0.579687 0.331848 -0.333433 : 0.4
0.82352 0.497647 0.78937 0.0740427 -0.282752 -0.320688 0.565601 -0.45928 -0.152566 : 0.4
0.506875 0.088055 0.869983 -0.777754 -0.141541 -0.870998 0.430748 0.0943673 -0.580239 : 0.4
0.71712 0.280567 0.822923 -0.704735 -0.13506 0.361648 1 0.921353 0.749546 : 0.4
0.622682 0.390817 0.879732 -0.532043 -0.313368 -0.865837 0.868497 0.241156 1 : 0.4
0.695647 0.78052 0.767866 -0.280751 0.377844 -0.652364 0.660388 0.653809 -0.375424 : 0.1
1 0.0576795 0.997095 -0.919877 -0.0958935 -0.0581002 -0.309707 0.463792 -0.0306357 : 0.3
0.537428 0.350643 0.899944 -0.874825 -0.180946 -0.595476 0.751691 -0.346041 0.711587 : 0.3
0.543734 0.248331 0.804007 -0.754439 -0.122383 -0.40093 1 1 -0.233487 : 0.5
0.733271 0.1922 0.636368 -0.420906 -0.226005 -0.77068 1 0.348005 -0.110553 : 0.4
0.987833 0.40111 0.95903 -0.740048 0.0945689 -0.195476 0.917343 0.433675 0.0270021 : 0.2
0.779249 0.504659 0.819786 -0.590032 0.1419 -0.190748 0.989116 0.942517 -0.449086 : 0.7
0.37734 0.342528 0.951984 -0.693523 -0.834038 -0.433582 0.363278 0.348404 0.857516 : 0.2
0.494364 0.35045 0.714301 -0.945328 -0.578723 -0.416324 0.669759 0.529474 0.721527 : 0.2
0.65544 0.330601 0.931633 -0.704926 -0.238217 -0.147309 0.450397 -0.933348 -0.360269 : 0.2
0.575864 0.479329 0.934485 -0.980287 -0.311397 0.0135176 0.744802 0.818235 -0.848973 : 0.4
0.533973 0.31182 0.937132 -0.82298 -0.264939 -0.857575 0.363162 -0.324094 0.126179 : 0.4
0.883692 0.369103 0.822172 -0.195026 -0.46871 0.198218 0.446324 -0.571867 -0.976308 : 0.3
0.530195 0.346174 0.892551 -0.816939 -0.232222 -0.32721 0.522771 -0.129192 -0.103936 : 0.3
0.667819 0.210341 0.985625 -0.506241 0.106328 -0.771692 -0.744417 0.212706 0.435431 : 0.2
0.605319 0.158982 0.894001 -0.78682 0.0165731 -0.662575 -0.488517 -0.708253 0.579778 : 0
0.897422 0.344624 0.947055 -0.353692 -0.272164 -0.43715 1 0.0757656 0.593187 : 0.4
0.768961 0.145085 0.857761 -0.0608488 -0.139166 -0.502484 0.998146 0.239125 -0.0467255 : 0.3
0.827216 0.158378 1 -0.577771 -0.243595 -0.0888715 0.110694 0.277088 0.70271 : 0.4
0.657488 0.612236 0.640163 -0.705934 -0.632955 -0.289716 -0.0700256 -0.155664 1 : 0.2
0.773849 0.661286 0.859635 -0.545206 -0.293483 -0.561802 0.456628 -1 -0.247811 : 0.3
0.58937 0.287371 0.902624 -0.609714 -0.13703 0.432611 0.800913 0.0708182 -1 : 0.5
0.876986 0.195892 0.899717 0.301441 -0.642773 -0.675624 0.243925 0.236856 0.317055 : 0.5
0.262395 0.149118 0.860186 -0.696848 -0.277678 -1 0.63816 -0.104631 0.511268 : 0.2
0.608174 0.708347 0.783562 -0.965524 0.0378974 -0.545306 0.817694 -0.705343 -0.519235 : 0.2
0.416736 0.285514 0.936292 -0.777478 -0.246483 -0.262212 0.350536 -0.06969 -0.672493 : 0.3
0.593934 0.198228 0.725075 -0.647064 0.0903838 -0.382001 0.494826 0.687403 0.770601 : 0.5
1 0.423716 0.86094 -0.51217 0.186182 -0.24832 -0.568178 -0.486016 0.487237 : 0.3
0.855249 0.439555 0.896631 -0.511124 -0.897856 -0.380574 1 -0.1972 0.125317 : 0.6
0.690552 0.348668 0.685568 -0.482932 0.162084 -0.474435 0.749026 -0.075378 0.189055 : 0.5
0.735267 0.340089 1 -0.300223 -0.0736336 -0.390157 1 0.501465 -0.166019 : 0.2
0.760037 0.285489 0.830157 -0.954696 -0.395212 -0.497992 -0.939179 1 -0.330595 : 0.4
0.698113 0.39882 0.65244 -0.191957 -0.062661 -0.0495037 0.689052 0.394231 0.578062 : 0.4
1 1 0.88179 -0.575022 0.42135 -1 0.703135 0.113907 0.784049 : 0.2
0.818561 0.269258 0.915101 -0.680552 0.163396 -0.563845 0.7179 0.0685596 0.248865 : 0.6
0.635784 0.397843 0.966107 -0.30428 -0.55981 -0.938162 0.375139 -0.076666 0.439647 : 0.4
0.598025 0.449046 0.492733 1 -0.518502 -0.142194 0.251313 0.89287 0.470865 : 0.5
0.64365 1 1 -0.627116 -0.357484 -0.426646 1 -0.433418 0.424202 : 0.2
0.635432 0.259322 0.811153 -0.554688 -0.135712 -0.700408 0.741482 -0.141519 0.72111 : 0.1
0.804743 0.490591 0.978508 -0.763759 -0.46068 -0.0122804 0.0866376 0.955435 -0.418985 : 0.5
0.619098 0.254474 1 -1 0.161049 -0.638113 0.505675 -0.133635 -0.277197 : 0.4
0.776483 0.395397 1 -0.571846 0.421997 0.886139 1 0.182903 0.996771 : 0.5
0.756196 0.284967 0.844506 -0.65744 -0.119868 0.0252203 1 0.366916 0.355675 : 0.3
0.361114 0.270158 0.818585 -0.850923 -0.565248 -0.480289 -0.556009 0.429359 0.438023 : 0.2
0.786839 0.447622 0.909684 -0.25777 -0.440043 0.441971 1 0.412282 -0.601192 : 0.4
0.537087 0.43118 0.567229 -0.580753 -0.407788 0.093452 0.126599 0.456645 -0.0523876 : 0.2
0.465871 0.501765 0.841088 -0.62063 -0.112022 -1 0.692701 0.349071 0.760342 : 0.1
0.439102 0.404138 0.715957 -0.58112 -0.327078 0.0696312 -1 -0.124724 0.926272 : 0
0.698592 0.583023 1 -0.0387247 0.687329 -0.259195 0.52837 -0.829374 0.145759 : 0.1
0.56926 0.289142 0.812295 -0.533581 0.0276736 -0.0453903 1 0.321691 0.336462 : 0.7
0.614486 0.0366895 0.940795 -0.51442 -0.197914 -0.800805 0.417587 0.699244 0.522074 : 0.2
0.731141 0.303768 0.796387 -0.476073 -0.415381 -0.085514 1 -0.399587 -0.329837 : 0.2
0.6445 0.396992 1 -0.801508 -0.225004 0.261021 0.0128909 0.528528 -0.483282 : 0.5
0.672085 0.171234 0.863183 -0.917024 -0.724846 -0.134194 0.661439 0.522658 0.157183 : 0.4
0.78101 0.430615 1 0.134218 0.230201 -0.618052 0.220876 0.634886 -0.597597 : 0.3
0.491122 0.439079 0.698587 0.350541 -0.290829 -0.206493 0.284861 0.206049 -0.0134693 : 0.4
0.762447 0.316823 0.903814 -0.739731 -0.28001 0.649876 0.919898 0.142212 0.950163 : 0.4
0.643981 0.37493 0.927219 -0.054382 -0.0403182 -0.495155 0.691873 -0.354394 -0.0434412 : 0.3
0.684921 0.273184 0.998742 -0.721739 0.161084 -0.201238 0.564217 -0.143026 -0.483304 : 0.3
0.484967 0.519418 0.875784 -0.614345 -0.284503 0.234176 0.504084 -0.0174296 -0.201294 : 0.1
0.763241 0.347726 0.911294 0.765047 0.496321 -1 1 0.310097 -0.454114 : 0.1
1 0.244071 0.933662 -0.668781 1 0.0972318 0.481768 0.587969 -0.139302 : 0.2
0.740464 0.37738 0.574018 -0.671698 -0.3775 -0.0233794 0.713555 0.229536 0.13176 : 0.2
0.905326 0.387134 0.762774 -0.336911 -0.196744 -0.429352 0.816386 0.512659 0.796125 : 0.1
0.681343 0.321022 0.936981 0.230321 -0.593987 -0.399415 -0.185866 0.91528 -0.448948 : 0.2
0.693953 0.265082 0.936394 -0.115908 -0.256592 -0.0761575 0.355109 0.862074 0.53553 : 0.4
0.37536 0.700441 0.851241 0.396665 0.0552903 -0.274782 0.304688 0.59312 1 : 0.1
0.674352 0.307157 0.810124 -0.895397 -0.60266 -0.621633 0.508243 -0.95675 0.280761 : 0.5
0.755131 0.355857 0.844799 -0.712618 0.214467 -0.0436338 0.544382 0.305313 -0.201653 : 0.7
0.584629 0.135966 0.750022 -0.612713 -0.296731 0.129093 0.566255 0.913306 0.294045 : 0.4
0.659463 0.197098 0.909165 -0.959808 0.703598 -0.382307 -0.409575 -0.0951658 -0.94872 : 0
0.957243 0.364778 0.951632 -0.448953 -0.242356 -0.448402 1 1 1 : 0.2
0.557223 0.397179 0.910866 0.432707 -0.356781 -0.223712 0.186883 -0.446871 -0.497683 : 0.4
0.612756 0.819658 0.786187 -1 -0.174227 -0.213947 0.456847 0.353382 -0.528281 : 0.3
0.56667 0.451636 0.862346 -0.840095 -0.426022 -0.180823 0.838618 0.279578 0.472161 : 0.1
0.424996 0.360904 0.868337 -1 -0.161406 -0.51044 0.936862 0.459787 -0.0503556 : 0.5
0.925906 0.344083 0.893107 -0.921826 -0.442481 -0.391441 1 -0.262132 0.28385 : 0.4
0.587433 0.409007 0.924039 -0.679711 -0.205797 -0.921157 0.808598 0.341177 0.917926 : 0.4
0.867785 0.288953 0.975535 -0.502705 -0.565806 -0.225176 0.983766 0.0306693 0.449145 : 0.1
1 0.368551 0.964939 -0.00354892 0.54648 0.176353 0.202479 -1 -0.804254 : 0.3
0.739495 0.534037 0.7524 -0.742534 0.467465 -0.164871 0.353934 0.1933 -1 : 0.4
0.514128 0.551006 0.866413 -0.954293 -0.662417 -0.00649279 -0.858291 0.0452621 0.685464 : 0.1
1 0.392406 0.912078 -0.781821 -0.779637 -0.450063 0.629101 -0.188184 -0.057756 : 0.4
0.554183 0.455079 0.856454 -0.876965 0.101505 -0.211295 -0.697338 -0.794444 0.113387 : 0.2
0.596771 0.328706 0.934731 -0.771819 -0.0360896 -0.60986 0.964271 0.519139 0.360906 : 0.5
0.67535 0.467413 0.822474 -0.679911 0.0231876 0.348845 0.756811 0.197861 0.058293 : 0.3
0.476676 0.474265 0.974637 1 -0.0249778 0.38215 -0.504456 -0.427412 -0.527663 : 0.3
0.591934 0.215157 0.841718 -0.296795 -0.353238 -0.646866 0.162118 0.304918 0.368524 : 0.5
0.53773 0.481436 0.941325 -0.692317 -0.604673 -0.306708 0.507371 -0.284463 0.792124 : 0.4
0.608753 0.360608 0.980473 -0.409535 -1 0.0541571 0.673271 0.655853 0.606475 : 0.2
0.640252 0.354198 0.877671 -0.974922 0.762096 -0.596869 -0.333993 -0.479008 0.0832125 : 0
0.494175 0.324332 0.805133 -0.378167 -0.359393 0.525755 -0.375031 0.228119 -0.763371 : 0.1
0.597527 0.345695 0.983359 -0.55485 0.193782 -0.0800157 0.412562 0.201239 0.0809884 : 0.4
0.63785 0.632353 0.878185 -0.856683 0.13498 -0.270377 1 -0.202928 -0.279428 : 0.4
0.6118 0.457012 0.886083 0.420258 -0.0446249 -0.518601 -1 0.825844 1 : 0.2
0.491185 0.50544 0.797781 -0.53529 -0.307487 -0.1965 0.727832 0.627467 -0.925308 : 0.5
0.605096 0.771561 0.979105 -0.26148 -0.474913 -1 0.335001 -0.599466 0.483322 : 0.1
0.683957 1 0.874199 -0.977659 0.927438 -0.327472 0.055581 -0.283634 0.180023 : 0.2
0.404616 0.525731 0.897244 -0.753526 -0.308727 -0.148365 0.112861 0.977292 -0.518614 : 0.2
0.70839 0.310728 0.921756 -0.656114 0.737742 -0.491645 0.787827 0.074919 -0.535532 : 0.4
0.454771 0.892838 0.831899 0.0856562 0.342314 -0.0024581 0.962012 1 -0.973084 : 0
0.539177 0.506584 0.792743 -0.486665 -0.356576 -0.42047 0.213544 0.507176 -1 : 0.4
0.613738 0.698621 0.905646 -0.887299 0.0569562 -0.438471 0.733366 -0.27661 -0.0744832 : 0.1
0.64838 0.356807 0.918035 -0.79051 0.30049 0.196335 0.722297 0.633442 1 : 0.2
0.663388 0.757256 0.72917 -0.863181 0.0094589 0.267921 0.98256 0.114733 -0.537339 : 0.6
0.676151 0.202649 0.717538 0.222355 0.126614 0.058557 1 -1 0.708502 : 0.5
0.672969 0.377997 1 -1 0.11748 0.616783 0.878874 -0.0270611 0.707205 : 0.6
0.904094 0.291196 0.896309 -0.792087 -1 -0.279358 1 -0.329893 0.365606 : 0.4
0.621888 0.388308 0.987742 -0.733695 -0.0259824 -0.467803 0.909464 0.151422 0.914011 : 0.4
0.719488 0.317322 0.706389 -0.164607 0.698257 0.9312 1 -0.0424812 0.241607 : 0.2
0.616604 0.153566 0.745604 -1 -0.25521 -0.340194 0.706887 0.149152 -0.357417 : 0.2
0.647292 0.430708 0.932043 -0.431946 1 0.291045 0.532924 0.253592 0.466423 : 0.1
0.478202 0.495219 0.839694 -0.912518 -0.3243 -0.523774 0.577303 0.658656 0.883987 : 0.4
0.660434 0.382206 0.937699 -0.747644 -0.128413 -0.765425 0.629567 0.469642 -0.170269 : 0.4
0.543305 0.432702 0.919703 -0.821823 -0.19106 0.0345964 0.79128 0.754668 0.119683 : 0.2
0.953228 0.475279 0.694425 -0.941884 0.754346 -0.566912 0.592931 0.814432 0.75206 : 0.5
0.750112 0.334925 0.852419 -0.878088 -0.191803 -1 0.574897 0.525166 1 : 0
0.874475 0.428196 0.801251 -0.68835 0.08761 -0.572063 -0.532332 0.222935 0.0376292 : 0.3
0.678559 0.398911 0.969329 -0.334951 -0.217862 -0.395045 0.82422 -0.176907 1 : 0.5
0.655856 0.403261 0.955319 0.260609 -0.126263 -0.539876 0.673619 0.734149 -0.02325 : 0.5
0.45463 0.370443 0.925786 -0.450715 -0.605744 -0.180822 -0.17055 0.61606 0.594961 : 0.4
0.52249 0.394933 0.94494 -0.78718 -0.348096 0.366394 0.295814 0.543368 -1 : 0.2
0.742254 0.388159 0.869021 -1 0.372388 -0.0470205 1 0.2392 -0.795606 : 0.6
0.664073 0.296339 0.735536 -0.750702 0.379096 -0.18245 -0.593004 -0.122731 0.593087 : 0.6
0.723831 0.440749 0.717702 -0.567449 -0.532835 -1 -0.436718 0.286216 1 : 0.2
0.429141 0.342204 0.796166 -0.219682 -0.248933 -0.347702 -0.0188312 0.49852 1 : 0.2
0.592242 0.423998 0.890794 -0.651325 -0.364955 0.448998 -0.560438 0.0575628 0.730283 : 0
0.627959 0.474057 0.966935 -0.526375 -0.104862 -0.569007 0.815031 0.541021 0.863501 : 0.5
0.593213 0.449957 0.780828 -0.551935 0.646739 0.251938 -0.0179375 0.234327 0.656331 : 0.3
0.606627 0.28835 0.948062 -0.444975 -0.693526 -0.760072 0.798528 -0.235589 0.0727541 : 0.3
0.539654 0.232773 0.863566 -0.689954 0.185376 -0.0367324 1 0.439502 0.315997 : 0.5
1 0.143974 1 -0.429402 0.324082 0.0740789 1 -1 0.660993 : 0.4
0.807565 0.209512 0.832971 -0.346779 -0.320991 -0.234052 0.165899 -0.473798 -1 : 0.1
0.906548 0.325289 0.798355 -0.844174 -0.37807 -0.263936 0.814818 0.199464 -0.629412 : 0.1
0.635965 0.136267 0.929907 -0.681538 -0.221723 0.0290809 0.761173 0.446117 0.249477 : 0.6
0.942695 0.440309 0.879829 -0.762577 -0.718062 -0.663189 1 0.439585 0.557923 : 0.2
0.631792 0.471119 0.827639 -0.988954 0.0938993 -0.0753305 0.256063 -0.709406 0.491001 : 0.5
0.648299 0.503383 0.878477 -0.38303 -0.425075 0.0851472 0.124335 -0.696401 0.578563 : 0.5
0.615693 0.177487 0.826717 -1 -0.591689 -0.560127 0.280523 0.315591 0.956367 : 0.4
0.685168 0.421107 0.687562 -0.813577 0.643256 0.171517 0.480497 -0.291571 0.96304 : 0.5
0.711312 0.648879 0.947208 -0.7788 -0.00106528 0.203609 0.491507 0.871332 0.105261 : 0.4
0.661452 0.31011 0.857137 -0.0411944 0.502343 -0.194492 0.772072 0.589742 -0.892343 : 0.5
0.71319 0.242379 0.765709 -0.811624 -0.276958 0.0440706 0.397161 0.8144 -0.439967 : 0.3
0.435593 0.384776 0.974758 -1 -0.0498653 -1 0.770371 -0.354734 -0.121367 : 0.3
0.703403 0.504832 0.867519 -1 -0.246943 -0.741578 -0.73424 -0.877019 -0.0768596 : 0.5
0.635905 0.338628 0.909058 -0.0452445 -0.100759 -0.252043 0.354207 -0.276915 -0.243893 : 0.5
0.784673 0.311947 0.994313 -0.918531 -0.318848 -0.404026 0.157992 -0.754693 0.667046 : 0.4
0.450102 0.224113 1 -0.502498 -0.736483 -0.106776 1 -0.843951 -1 : 0
0.965999 0.359714 0.859651 -0.878873 -0.099939 -0.34689 1 0.62799 -0.463225 : 0.3
0.634466 0.276344 0.933191 -0.677313 -0.146845 -0.0176746 0.560492 0.636911 0.957202 : 0.3
0.590169 0.404711 0.857989 -0.674976 -0.0951887 0.132045 1 0.0965674 -1 : 0.5
0.518948 0.2795 1 -0.904103 -0.299849 0.566645 1 0.519739 0.984626 : 0.4
0.874669 0.382651 0.725238 -0.869297 -0.609472 -0.516132 0.376622 -0.373059 0.770888 : 0
0.265846 0.48219 0.973943 -0.0542622 -0.577418 0.638047 0.490087 0.588396 1 : 0.2
0.851732 0.572524 0.904427 -0.891594 -0.723343 -1 0.739272 0.319943 -0.44184 : 0.2
0.631336 0.340866 0.859355 -0.439981 -0.0915774 -0.760463 0.949811 0.0234213 0.52639 : 0.2
0.555979 0.477689 0.673392 -0.759137 -0.301333 0.303082 0.299825 0.782119 -0.417499 : 0.4
0.427198 0.131422 0.932215 -0.736664 -0.346578 -0.220531 0.0853849 0.219499 0.149055 : 0.1
0.649931 0.389776 0.825431 -1 -0.103882 -0.848646 0.295485 0.444551 1 : 0.4
0.84738 0.599347 0.873619 -0.813888 -0.892723 -0.204068 0.817837 -0.086307 0.222973 : 0.7
0.803154 0.45684 0.959565 -0.468386 -0.906409 0.111618 1 0.242284 0.622911 : 0.4
0.948798 0.235474 0.921514 -0.741803 0.132767 -0.0164517 0.672544 0.546412 1 : 0.3
0.497863 -0.100046 0.876121 -0.355425 -0.0434813 0.527635 0.261585 0.344683 0.0660518 : 0
0.415102 0.602326 0.839899 -0.95151 -0.363015 -0.544542 -0.413564 0.0276423 -0.104253 : 0.3
0.487512 0.329232 0.863473 -0.758194 -0.519514 0.339651 0.61924 0.169129 0.0319837 : 0.4
0.623804 0.351294 0.98624 -0.780948 -0.121042 0.0638808 0.711694 0.570969 0.752558 : 0.6
0.63347 0.41604 0.927743 -0.630399 -0.370414 -0.156171 0.791051 0.929225 -1 : 0.3
0.799768 0.381483 1 0.512892 -0.0648828 0.263032 0.426027 0.0241706 -0.752647 : 0.4
0.452667 0.248206 0.958646 -0.673545 -0.40762 -0.118748 1 -0.384999 0.751177 : 0.3
0.560115 0.363047 0.923864 -0.760965 -0.301272 -0.205759 0.985385 -0.235155 -0.162809 : 0.5
0.511157 0.412762 0.933542 1 -1 -0.51991 0.932268 0.475969 1 : 0.3
0.982781 0.5286 0.871195 -0.226271 0.105189 -0.188481 -0.155672 0.778868 0.0888122 : 0.6
0.950685 0.339957 0.873184 -0.283154 -0.169409 0.0286787 1 0.367958 0.557436 : 0.6
0.61916 -0.00869383 0.745004 -0.735934 0.488446 -0.353468 0.270579 0.0424321 -1 : 0
0.432548 0.365543 0.750358 -0.921384 0.059455 0.447887 0.447442 0.462169 0.584874 : 0.6
0.509898 0.658179 0.881976 -0.565803 -0.483598 0.496665 1 0.335209 0.0242283 : 0.3
1 0.43599 0.919009 -0.265862 -0.373577 -0.449575 0.8153 -0.0100663 1 : 0.4
0.713003 0.512341 0.690929 -0.986224 -0.284785 -0.91988 0.655258 0.483697 -0.272165 : 0.4
0.964257 0.243032 0.952038 -0.17088 -0.183149 -0.412524 -1 -0.463662 0.199239 : 0
0.610042 0.781959 0.786537 0.036597 -0.415943 0.488378 0.537761 0.606471 -0.545469 : 0.5
0.574858 0.393702 0.950908 -0.925056 -0.277894 -0.855991 0.203574 0.153613 0.423733 : 0.6
0.681678 0.3066 0.990721 -0.737166 -0.47584 0.094893 -0.915841 -0.248601 -0.597175 : 0.1
0.702941 0.556037 0.932467 -0.418592 0.809965 -0.706198 0.616705 0.142144 0.367661 : 0.2
0.77563 0.340966 0.865319 -0.781195 -0.351365 -1 0.628829 0.110092 -0.355577 : 0.3
0.589475 0.385957 0.730631 -0.4211 -0.217246 0.108354 -0.982655 0.528737 -0.0367523 : 0.4
0.59317 0.437108 0.983238 -0.542802 0.565621 -0.0491513 1 0.127576 -1 : 0.3
0.830007 0.434315 1 -0.933065 0.355326 0.760142 0.955345 1 -0.449001 : 0.3
0.680772 0.125616 1 -0.369162 0.342346 -0.278586 0.33978 0.510458 0.419256 : 0.4
0.406909 0.322629 0.943353 -0.825978 -0.701717 -0.925389 0.477626 0.672466 -0.848738 : 0.6
0.939567 0.162 0.829409 -0.294831 -0.0538285 -0.386838 0.599397 -0.31011 0.492953 : 0.4
0.485887 0.311641 0.831156 -1 -0.490615 -0.588925 1 0.521039 -0.585777 : 0.1
0.481442 0.333254 0.959786 -0.873241 0.253558 -0.462806 0.496812 0.289042 -0.248554 : 0.4
0.607143 0.333531 0.87292 -0.108179 -0.185134 -0.539899 -0.0792031 -0.0122125 -0.219614 : 0.6
0.758052 0.64919 1 -0.693259 -0.0885247 -0.192637 0.432332 -0.0978209 -0.373874 : 0.9
1 0.395518 0.941336 -1 -0.154598 -0.18499 -0.28421 0.604039 1 : 0.7
0.544345 0.373868 1 -0.914268 0.0819595 0.43747 1 0.381719 -0.556541 : 0.5
0.280704 0.326754 0.943025 0.473774 -0.380113 -0.157331 0.211012 0.677139 -0.596098 : 0.2
0.670773 0.420664 0.838217 -0.848588 -0.186992 0.0434709 0.384957 0.275039 1 : 0.4
0.621423 0.554236 0.97595 -0.357645 -0.34829 -0.381744 0.331144 0.0386059 0.677136 : 0.5
0.472843 0.436487 0.82259 0.167128 -0.350453 -0.281829 0.40419 -0.217221 1 : 0.2
0.518928 0.467589 0.853409 -0.921948 -0.0132951 -0.648399 0.94414 -0.153334 0.458322 : 0.2
0.793007 0.383107 0.598039 -0.956362 0.169091 0.0967401 0.609956 -0.390361 -0.999838 : 0.5
0.503931 0.701126 1 -0.468154 0.066548 -0.369835 1 -0.0445068 0.0919972 : 0.3
0.620684 0.364874 0.918762 -0.421454 -0.109579 -0.0403735 0.386819 -0.0386165 0.628837 : 0.4
0.727016 0.5465 0.863642 -0.421853 -0.397662 -0.247442 0.887357 -1 0.249388 : 0.5
0.389193 0.470822 1 -0.369236 0.613784 0.00949336 0.722702 0.253867 0.502208 : 0.1
0.639231 0.343018 0.784743 -0.555936 -0.655217 -0.389347 0.0880576 0.543521 -0.130836 : 0.2
0.686942 0.386499 0.694692 -0.979886 1 0.203602 0.0947048 0.0770478 -0.097363 : 0
1 0.366796 0.907398 -0.485465 -0.376687 -0.37171 0.0629872 0.510569 0.588819 : 0.6
0.392148 0.184481 0.927304 -1 -0.153444 -0.386032 -0.0769972 0.0063357 0.998769 : 0.3
0.240458 0.296049 0.881957 -0.161192 0.130004 -0.302013 -0.0251161 1 -0.328873 : 0.1
0.967584 0.340312 0.868579 -0.263914 -0.849123 0.00457591 0.000640173 -0.145206 0.379798 : 0.1
0.671135 0.446616 1 -0.937449 -0.180798 -0.337631 0.0978708 0.585983 0.938629 : 0.4
0.594027 0.510224 0.95574 0.706434 -0.535971 -0.877625 0.417301 -0.440397 0.438679 : 0.1
0.746625 0.182362 0.947957 -0.504506 -0.754292 -0.291379 -0.248921 0.773928 0.974205 : 0.3
0.819722 0.449703 0.906919 -1 -0.559586 -0.577103 0.495873 0.496381 0.798016 : 0.5
0.682213 0.581962 0.73703 -0.339708 -0.0251477 -0.428751 0.940531 -0.157361 0.505859 : 0.3
0.440803 0.406451 1 0.855748 -0.951163 -0.818232 0.871305 -0.28007 -0.394358 : 0.1
0.680313 0.247415 0.750051 -0.591778 -0.0716978 -0.159562 0.992626 -0.379967 0.0241767 : 0.4
0.800793 0.642814 0.932884 -0.852988 -1 0.338994 -0.214997 -0.662525 -1 : 0.1
0.572036 0.300236 0.862851 -1 -0.200141 0.476535 0.251463 0.772401 -0.899696 : 0.3
0.673687 0.0441685 0.90535 -0.766814 -1 -0.73666 0.361611 0.508765 0.686854 : 0.4
0.413199 0.196739 0.63063 -0.688515 -0.103469 -0.0847642 -0.307756 0.155704 0.0724486 : 0.5
0.610222 0.532237 0.902872 -0.83736 0.0887483 -0.266693 0.879915 0.169346 -0.848273 : 0.4
0.414872 0.272497 0.848101 -0.854098 -0.169204 -1 -0.336505 -0.887082 0.582354 : 0.1
0.725442 0.242301 0.926998 -0.707256 0.0175931 -0.265371 0.685196 0.36788 0.610618 : 0.4
0.764747 0.756029 0.809661 -0.687464 0.815514 -0.410424 0.167802 0.319035 -0.192489 : 0
0.529566 0.413253 0.871614 -0.831378 -0.820905 -0.179384 -0.3981 0.0877212 0.376585 : 0.4
0.458473 0.328045 0.910079 -0.418871 0.0380509 -0.603796 0.814975 0.587366 0.892734 : 0.2
0.706773 0.0803274 0.797476 -0.678953 -0.0415344 -0.398144 0.343401 0.635177 0.0216332 : 0.2
0.619103 0.425728 0.751615 -0.485977 -0.402385 -0.128381 -0.129367 0.825034 -0.196383 : 0.7
0.954673 0.228803 0.865933 0.076272 -0.246195 -0.645255 0.7323 1 0.00745559 : 0.2
0.554868 0.347628 0.924444 -0.575547 0.844171 -0.543119 -0.0993865 0.690779 0.371965 : 0.1
0.697507 0.29643 0.755421 -0.949073 -0.268519 -1 0.477438 0.103072 -0.512335 : 0.1
0.522885 0.337042 0.955453 -0.639001 0.600881 -0.612464 0.88366 0.164519 0.803246 : 0.4
0.585052 0.337655 0.841467 -0.465246 -0.0389599 -0.615921 1 0.115902 0.318871 : 0.2
0.555068 0.170954 0.73017 -0.708685 -0.386508 0.0415724 0.134309 0.399227 -1 : 0.6
0.72722 0.122467 0.964123 -0.653741 -0.517741 -0.796677 0.309114 -0.171283 -0.486423 : 0.2
0.129442 0.453067 0.981707 -0.736603 0.514035 -0.0441466 0.0613036 0.687866 0.453945 : 0
0.771297 0.486627 0.9234 -0.890438 0.034729 -0.861425 0.741174 0.331428 -0.630633 : 0.6
0.769723 0.321717 0.875435 -0.819889 -0.130165 -0.628081 0.777973 0.404586 -0.178533 : 0.4
0.713493 0.870983 0.834727 -0.436512 -0.502191 -0.640759 -0.406932 -0.415933 -0.523589 : 0.1
0.271587 0.696443 0.831254 -0.767223 -0.258811 -0.266665 0.0957532 0.889641 0.977255 : 0.1
0.397338 0.218705 0.931342 -0.746446 -0.836158 -0.946159 0.115269 0.206509 0.109966 : 0.1
0.92847 0.375304 0.938547 -0.981975 1 -0.574974 0.997716 0.0775807 -0.340126 : 0.3
0.727978 0.478798 1 -1 -0.870561 -0.551814 -0.308829 0.344777 -0.492758 : 0.5
0.635034 1 0.737483 -0.648091 -0.219373 -0.649605 0.689912 -0.0392286 -0.0908425 : 0
0.630372 0.463548 0.883211 -1 -0.652282 -0.612697 0.381194 0.892044 -0.0551271 : 0.1
0.338382 0.419463 0.932093 -0.0301691 0.207743 -0.300162 0.802222 0.245199 -0.461401 : 0.2
0.595084 0.415756 0.832575 0.390494 -0.248828 0.290849 0.553746 0.478592 0.121225 : 0.2
0.557429 0.607545 0.906805 -0.929081 -0.228735 -0.444221 -1 0.768795 0.451765 : 0.2
0.726686 0.277266 0.925892 -0.792668 0.741982 -0.473027 0.213467 -0.189869 0.0394856 : 0.3
0.665919 1 0.843665 -0.529433 -0.649093 -0.113981 0.310791 -0.105163 0.842165 : 0.2
0.903297 0.583891 1 0.377863 -1 -0.413432 -1 -0.537573 -0.944496 : 0.1
1 0.367462 0.907659 -1 -0.111691 0.163867 -0.859257 -0.266761 1 : 0.2
0.390361 0.448292 1 0.849992 -0.447475 -0.278797 -0.435727 0.545002 -0.510668 : 0.1
0.589036 0.453059 1 -0.757082 1 -0.69357 0.558331 0.445027 -0.00219959 : 0.3
0.555781 0.516211 0.906213 -0.0960521 -0.210548 -0.128889 0.476354 0.807093 -0.237436 : 0.7
0.692952 0.436584 0.859378 -0.438861 -0.22064 -0.195039 0.924012 0.132823 0.764791 : 0.4
0.717514 0.318475 0.83224 -0.540772 -0.428265 -1 -0.428821 -0.456431 -1 : 0.2
0.619617 0.228069 1 -1 -0.340336 -0.280597 0.0340455 -0.762817 0.492913 : 0.4
0.711109 0.442521 0.733939 -0.228213 -0.371644 0.0860042 -0.612745 0.602052 0.0744555 : 0.1
0.692463 0.214824 0.86458 -0.286927 0.199529 0.0604748 0.564983 -0.0855273 0.821031 : 0.2
0.624077 0.409846 0.961081 -0.814898 -0.189103 -0.214121 0.385788 -1 -0.443552 : 0.1
0.321198 0.451361 0.943913 0.0292662 -0.276977 -0.717735 0.693474 0.31298 1 : 0.2
0.694663 0.708514 0.992136 -0.755099 -0.794184 0.454317 0.916766 0.600396 -0.0277712 : 0.3
0.670304 0.580491 0.810108 -0.597038 0.0928687 -0.489727 0.583772 -0.2756 0.694577 : 0.5
0.620957 0.668381 0.975634 -0.65321 -0.239609 0.343588 0.636903 0.686999 -1 : 0.3
0.572441 0.615176 0.771035 -0.942168 0.0758264 -0.962752 -0.219235 -0.721663 1 : 0.2
0.602004 0.292152 0.761173 1 -0.650495 -0.230669 0.453048 0.502585 0.428792 : 0.1
0.61666 0.345153 0.896415 -0.0987672 -0.160116 -0.271028 0.436928 0.310363 0.870308 : 0.6
0.801762 0.496627 0.896687 -0.727812 -0.0537655 -0.155397 -0.4541 0.193271 -0.0371522 : 0.5
0.783275 0.657459 0.82599 -0.64139 -0.209358 0.0121573 0.687048 0.274683 -0.29489 : 0.4
0.939541 0.669221 0.88427 -0.984405 -0.0350108 -0.621908 -1 -1 0.271582 : 0.3
0.692318 0.214936 0.858714 -0.45875 0.0277525 -0.876792 -0.104376 0.654494 0.132961 : 0.4
0.452991 0.588633 1 -1 -0.280273 -0.866305 -0.658764 0.216293 0.594926 : 0.2
0.528148 0.470363 0.788413 -1 -0.251078 -0.398447 0.381344 1 0.629908 : 0.2
0.368377 0.444708 0.942212 -0.38309 0.194232 0.0781703 1 1 1 : 0.2
0.866104 0.401669 0.835652 0.393625 -0.322384 -0.394659 0.937518 0.0850883 -0.807211 : 0.5
0.543944 0.346499 0.859251 -0.601549 -0.637799 -0.217542 1 0.54389 -0.42634 : 0.7
0.841177 0.451877 0.806981 -0.698452 -0.240223 0.00221951 -0.258951 0.329792 0.635727 : 0.3
0.411487 0.546543 0.941199 -0.659434 -0.0253574 -0.125077 -0.211602 0.234995 -0.204469 : 0.4
0.548107 0.385983 0.830625 -1 -0.199029 -0.331366 0.78065 0.438952 -0.519747 : 0.1
0.776606 0.906261 0.847102 -0.442414 0.489805 -0.656251 0.870784 1 -0.222981 : 0.1
0.782482 0.837767 0.865083 -0.290149 -0.315176 -0.6551 0.85823 -0.0277872 0.488617 : 0.2
0.582349 0.49011 0.954799 0.193664 -0.342832 -1 0.990147 0.535208 -0.819647 : 0
0.611239 0.209337 0.70506 -0.398949 -0.304715 -0.526158 -0.706731 -0.259728 0.36525 : 0.1
0.653454 0.301821 0.852471 -0.345204 0.296742 0.027859 -0.0831096 -0.204176 0.638468 : 0.4
0.626219 0.394203 0.826986 -0.442589 -0.221118 0.181228 0.0231378 -0.751758 -1 : 0.2
0.504123 0.350704 0.876336 -0.672447 0.00472593 0.0123104 -0.342567 -0.112343 0.400931 : 0.1
0.414776 0.306542 0.997351 -0.898302 -0.185951 -0.0363942 -0.137413 -1 0.893463 : 0.1
0.721041 0.17254 0.93086 -0.960525 -1 -0.236472 -1 -1 0.0861925 : 0
0.326808 0.0815853 0.863328 -0.164373 -0.315085 -0.814511 0.960299 1 0.501221 : 0.1
0.638803 0.321746 0.918854 -0.0361586 0.85879 -0.25835 0.83302 0.0424093 1 : 0.4
0.49256 0.460692 0.739608 -0.370035 -0.683875 0.0340237 0.989428 0.603784 0.651816 : 0.5
0.65643 0.252072 0.903257 -0.955726 0.488615 -0.39098 0.547084 -0.411049 1 : 0.3
0.555414 0.114776 0.943412 -0.271991 -0.550084 0.355299 0.563654 0.29874 -1 : 0.5
0.708954 0.430627 0.746877 -0.835626 0.439577 -0.482437 -0.655456 0.385319 -0.565579 : 0.5
0.555865 0.493966 0.549004 -0.782647 -0.398918 -0.657237 0.769836 -0.0729229 0.33108 : 0.2
0.940637 0.185438 0.88372 -1 -0.221694 -0.568104 0.10754 0.396867 0.845273 : 0.4
0.648538 0.529982 0.879299 -0.899306 0.22376 -0.359833 0.533761 -0.599888 0.439933 : 0.5
0.812593 0.434315 0.907938 -0.170479 0.0526465 -0.439876 0.990829 -0.222927 -0.225644 : 0.5
0.697389 0.339636 0.782735 -0.546931 0.37227 0.459015 0.935506 0.335559 0.797055 : 0.3
0.428718 0.320535 0.794889 0.163293 -0.178537 -0.270327 0.23984 0.584627 -0.239874 : 0.3
0.684168 0.120417 0.845584 0.105925 -0.182103 -0.163599 -0.0832945 0.677179 0.960202 : 0.2
0.551788 0.487711 0.910454 -0.553687 0.516026 -0.160235 0.593645 -0.339909 1 : 0.4
0.705843 0.361902 0.889481 -0.790068 -0.798375 -0.18986 0.965533 0.140623 0.111226 : 0.3
0.45503 0.185546 0.990031 -1 -0.320144 -0.308646 0.770183 0.00899875 0.240344 : 0.1
0.510754 0.356446 0.83114 -0.71489 -0.393888 -0.602235 0.0780517 0.675925 -0.490744 : 0.4
0.606558 0.869083 0.932665 -0.635853 -0.292952 0.379651 0.44455 0.65434 -1 : 0.3
0.613587 1 0.792183 -1 -0.836951 -0.443191 0.492299 0.194546 0.854176 : 0
0.486336 0.262731 1 -0.927476 -0.103432 -0.963604 -0.752917 0.205155 1 : 0.1
0.795949 0.427337 0.875565 -0.379749 -0.263109 -1 0.348984 0.0553236 0.243826 : 0.3
0.640599 0.223137 0.705294 -0.493875 0.569714 -0.214088 0.611177 0.0340127 0.980667 : 0.3
0.295796 0.496982 0.492113 -0.0885727 0.024506 -0.029349 0.949324 -0.0468147 0.437103 : 0
0.749824 0.304391 1 -0.633373 -0.301012 -0.505136 1 0.0803167 -1 : 0.5
0.664041 0.449537 0.609152 -1 0.843658 0.192113 0.55199 0.0417291 0.600993 : 0.1
0.616797 0.339013 0.878353 0.623197 -0.120873 0.817796 0.14948 0.843581 0.466214 : 0
0.557771 0.745067 0.713451 -0.724348 -0.898225 0.186895 0.760087 0.918761 -0.546852 : 0.3
0.62021 0.380734 0.844453 -0.357992 0.433908 -0.924327 0.813848 -0.193943 0.662841 : 0.6
0.52362 0.408749 0.753428 0.231585 -0.0899305 -0.599859 1 -0.539328 -0.606215 : 0
0.712024 0.498253 1 -0.959276 -0.233232 0.144527 0.631628 0.378972 -0.4044 : 0.4
0.769039 0.337873 0.830923 -0.568623 0.417595 -0.330638 -0.0666101 0.0182475 0.522993 : 0.4
0.75204 0.488447 1 -0.485405 0.455089 -0.673472 0.307554 0.48138 0.477944 : 0.2
0.402598 0.391519 0.873358 -0.501114 -0.286928 -0.146706 0.336955 0.396486 0.23856 : 0.5
0.54133 0.410552 0.55942 -0.246554 0.765334 -1 0.694394 0.131799 0.611915 : 0.1
0.152854 0.385874 0.811652 -0.757808 -1 0.696386 0.425837 0.242856 0.50211 : 0
0.533935 0.38457 0.618062 -1 0.29791 -0.493803 0.716008 -0.307281 0.169708 : 0.3
0.583944 0.533433 0.897507 -0.568888 0.640641 -0.723754 0.644998 -0.525145 0.891806 : 0.2
0.571169 0.39571 0.800852 -0.133533 -0.423869 -0.363612 0.924542 -0.273948 0.506887 : 0.7
0.577031 0.467093 1 -0.590064 -0.550092 -0.032341 0.138343 -0.68491 0.401014 : 0.3
0.665645 0.442667 0.802307 -0.450163 -0.527478 -0.488291 0.721391 0.502949 0.70218 : 0.2
0.567155 0.463928 1 -1 -0.406971 -0.332063 0.611114 0.361277 -0.0555892 : 0.4
0.635567 0.438814 0.934062 -0.674263 -0.338454 -0.548442 -0.446051 -0.349251 -0.163102 : 0.4
0.787831 0.271111 0.772318 -0.719063 -0.0876442 -0.25953 0.905083 0.50617 0.392418 : 0.5
0.652436 0.433412 0.83582 -0.359905 0.167128 -0.52776 0.577056 -0.989754 0.376352 : 0.5
0.807195 0.52033 0.910228 -0.640886 0.0260217 -0.122952 0.235005 0.520421 -0.620213 : 0.3
0.644949 0.329371 0.886832 -0.437932 -0.373141 -0.193943 -0.832928 0.168245 0.67411 : 0.3
1 0.924076 0.887739 0.383219 -0.0220892 -0.660624 -0.793054 0.483989 0.00938517 : 0.3
0.730319 0.509899 0.722515 -1 -0.294645 -0.406073 0.362257 0.296571 1 : 0.6
0.71403 0.474335 0.853357 -0.812241 -0.168956 -0.244652 0.133718 0.35578 0.801066 : 0.5
1 0.439281 0.921467 -0.926649 -0.326524 -0.0707671 0.817861 -0.998523 0.862392 : 0.2
0.688298 0.254459 0.82425 -0.525303 -0.767267 0.261964 0.707846 0.774466 1 : 0.3
0.646575 0.540584 0.826629 -0.695685 -0.182587 -0.928381 0.488622 0.701856 -1 : 0.3
0.636667 0.319477 0.740093 -0.80038 0.119395 0.660775 0.571118 -0.94326 0.496663 : 0.4
0.603176 0.259839 0.999814 -0.451189 0.117873 -0.0841507 0.127036 1 0.310244 : 0.4
0.596269 1 0.957719 -0.279752 -0.403739 -0.38758 -0.886547 -0.00651626 0.457457 : 0.2
0.434248 0.219576 0.824486 -0.475038 0.721091 -0.791706 -0.0341504 0.37764 0.49951 : 0.3
0.936636 0.260094 0.946188 -0.735467 -0.547073 -0.670914 0.494536 0.496643 0.524389 : 0.2
0.52408 0.361331 0.932002 -0.577164 -0.0891256 0.00616619 0.912295 -0.86023 0.710304 : 0.5
0.375414 0.165273 0.773805 -0.138269 -0.14233 0.0781912 1 0.861493 0.335381 : 0.2
0.892206 0.51196 0.820759 -0.545594 -0.0456557 -0.76471 -0.220631 0.634601 0.149837 : 0.6
0.591159 0.326294 0.789734 0.580767 -0.126641 0.0870111 -0.587485 0.494518 -0.542572 : 0.2
0.706547 0.388664 1 -0.501032 -0.469482 -0.420333 0.0342764 -1 0.413833 : 0.3
0.565602 0.389173 0.842597 -0.765117 -0.0225387 -0.569023 0.637032 0.314139 0.19393 : 0.5
0.368231 0.370498 0.807359 -0.28361 -0.415153 -0.875156 0.665549 0.372024 -0.303979 : 0.3
0.523331 0.562853 0.85753 -0.211319 -0.158904 -0.688587 0.348614 0.263722 1 : 0.2
0.805719 0.366521 0.921184 -0.726673 -0.104132 -0.340544 0.0803871 -0.0116185 -0.192013 : 0.5
0.984374 0.410693 0.795346 -0.686052 -0.0887693 -1 0.254416 0.0706604 1 : 0.3
0.763084 0.399696 0.803242 -0.411791 -0.383195 -0.482462 0.940883 -0.00215498 -0.34179 : 0.4
0.740845 0.29494 1 -0.612983 -0.362085 -0.43837 1 -0.831586 0.431638 : 0.3
0.691723 0.404596 0.915782 -0.955045 -0.186035 -1 0.552444 -0.159109 0.298264 : 0.3
0.693845 0.242632 0.869102 -0.609631 -0.807894 -0.521541 -0.239984 0.140912 0.669939 : 0.4
0.696036 0.311371 0.986616 -0.821371 0.401322 -0.105162 -1 -0.403625 -1 : 0.1
0.823409 0.312393 0.802547 -0.770264 0.465426 -0.31087 0.242831 0.395036 -0.247212 : 0.3
1 0.167047 0.929447 -0.789331 -0.193968 -0.404871 0.934792 -1 0.304013 : 0.2
0.638164 -0.0552326 0.258021 -0.694075 -0.0810857 -0.46425 0.651872 0.262492 0.483191 : 0.1
0.572542 0.583625 1 -0.678499 0.384354 -0.819246 0.687504 0.830834 0.233616 : 0.2
0.500817 0.484497 0.795883 -0.653002 0.0405368 0.203585 0.058118 0.556663 -0.580458 : 0.5
0.433345 0.530275 0.894754 -1 -0.366702 -0.395741 0.695503 0.202329 0.370476 : 0.3
0.788271 0.665796 0.803409 -0.375707 -0.0358181 -0.562802 0.525638 0.278932 -0.414664 : 0.3
0.459621 0.372145 0.654332 -0.758797 -0.239966 -0.240736 0.667756 0.553189 -0.195976 : 0.3
0.753777 0.356531 0.923367 -0.277775 0.249064 -0.0586903 0.564478 -0.54416 0.420471 : 0.2
0.877332 0.162382 0.848602 -0.699582 -0.0711249 1 0.578766 -0.166817 -0.720434 : 0.3
0.625663 0.397038 0.916838 -0.323258 -0.038489 -0.505057 0.85074 0.177784 1 : 0.4
1 0.911845 0.674907 -0.419327 -0.299153 -0.0167412 0.611746 0.0054411 -1 : 0.4
0.898108 0.224558 0.894584 -0.159656 -0.332783 -0.410217 1 0.721046 -0.371463 : 0.4
0.513547 0.32065 1 -0.77371 -0.318899 0.0956749 1 0.347892 0.538137 : 0.3
0.601292 0.324979 0.871287 -0.510779 -0.117735 -0.139655 0.756209 -0.146046 0.625903 : 0.6
0.410037 0.333614 1 -0.430102 1 -0.668449 0.567824 0.985081 0.452761 : 0.2
0.780712 0.494592 0.830576 -0.540862 -0.59023 -1 0.8057 1 -0.0558363 : 0.2
0.760383 0.33677 0.85967 -0.250341 -0.799371 -0.590372 -1 0.410312 -0.563527 : 0.4
0.787036 0.667122 0.797223 -0.612898 -0.734983 -0.635752 0.385931 0.38059 1 : 0.3
0.610567 0.175863 1 -0.31482 -0.212147 -0.730664 1 -0.121939 0.407082 : 0.4
0.570168 0.144364 0.591076 -1 -0.449701 -0.848366 0.897854 0.340476 -0.903945 : 0.2
0.661749 0.25098 0.782702 -0.685601 -0.0689117 -0.689414 0.357697 0.195128 0.290622 : 0.5
0.556693 0.545806 0.984487 -1 -0.613818 -1 1 0.160485 0.716416 : 0.2
0.650338 0.282986 0.741963 -0.257091 -0.488273 -0.657382 0.15936 0.0626712 -0.992049 : 0.2
0.51206 0.450765 0.732708 -0.697076 -0.464218 -0.0356305 -0.016866 -0.571304 0.901839 : 0.5
0.805459 0.803767 1 -0.902461 -0.247348 -0.812287 0.543507 0.43029 0.61227 : 0.4
0.834832 0.457509 0.932513 -0.835453 0.00565833 -0.0911641 0.754001 0.69384 -1 : 0.4
0.886832 0.582359 0.890366 -0.923087 -1 -1 -0.311951 -0.678487 -0.620031 : 0.2
0.817193 0.229568 0.710891 -0.549577 -0.398887 0.0284582 -0.146143 -0.988609 -0.123353 : 0.2
0.609411 0.459456 0.901999 -0.860229 0.519904 -0.818501 1 0.108454 1 : 0.4
0.736727 0.315884 0.963091 -0.664655 -0.505991 -0.587833 0.397007 0.42028 0.625552 : 0.4
0.495165 0.319315 0.87877 -0.822689 -0.286909 -0.620823 0.356769 1 0.550372 : 0.4
0.750333 0.382366 0.881262 0.233674 -0.438909 -0.540172 0.164947 -0.0435838 0.120519 : 0.4
0.2914 0.329994 0.987031 -0.641515 -0.190868 -0.801286 1 -0.157044 0.63713 : 0.2
0.675629 0.957371 0.952439 -0.956631 -0.731486 -0.165938 0.472441 0.505769 1 : 0.4
0.552769 0.275541 0.931647 -0.602108 0.947185 -0.165989 0.750592 0.0791043 0.928658 : 0.4
0.688873 0.390532 0.991409 -0.870745 0.356851 0.198117 0.869537 0.325307 -0.425969 : 0.6
0.342233 0.121018 0.862426 0.00660986 -0.118647 -0.379114 -0.0746782 0.25586 0.859823 : 0.4
0.707997 0.36039 0.842998 -0.390294 -0.602986 -0.902346 0.255124 1 0.536729 : 0.2
0.537958 0.364854 0.843218 -0.678888 -0.498193 0.329176 0.429209 0.126809 0.106179 : 0.4
0.628854 0.177104 0.927274 -0.480292 -0.023304 1 0.465295 0.304154 -0.944622 : 0.2
0.594331 0.926556 0.881746 -0.646124 -0.356785 -0.15089 1 -0.130745 -1 : 0.1
0.658657 0.484866 0.791934 -0.749254 0.614485 -0.449529 0.0636103 -0.407224 0.514033 : 0.5
0.761234 0.218851 0.985919 -0.758523 0.20657 -0.6171 0.481416 0.706752 0.714862 : 0.3
0.557644 0.143998 1 0.0615337 0.337718 -0.272224 -0.75091 -0.258291 0.420386 : 0.1
0.684474 0.546346 0.942104 -0.0631227 -0.0118371 -0.125234 0.0750442 -0.0682722 1 : 0.7
0.525825 0.303064 0.761608 -0.576323 -0.266648 -0.329993 1 0.840097 0.0755348 : 0.5
0.643719 0.648812 0.841414 -0.0675867 -0.589412 -0.0902561 0.333818 0.474916 0.417841 : 0.5
0.700512 0.347779 0.807449 -0.529623 -0.253939 -0.517216 0.616766 0.435367 0.784493 : 0.4
0.626718 0.534541 0.964779 -0.306451 -0.434605 -0.441566 0.0537496 0.941481 0.925785 : 0.7
0.650436 0.276758 0.750744 -0.784299 0.729932 -0.0611016 0.112734 -0.123934 1 : 0
0.566625 0.02058 0.821019 -0.412069 0.112316 0.0139973 0.79469 0.316396 1 : 0.2
0.737286 0.329339 0.930551 -0.350707 0.00330588 0.667362 -0.116139 0.916082 -0.751504 : 0.5
0.607173 0.294596 1 -0.973218 0.26636 0.133662 0.971002 -0.686717 -0.422805 : 0.3
0.533101 -0.0565564 1 -0.374062 0.664694 -0.540282 0.300207 0.0654577 0.645577 : 0.1
0.444775 0.353776 0.935387 -0.392656 -0.063869 -0.220497 0.9595 0.904874 -0.0440555 : 0.4
0.701949 0.725696 0.850743 -0.140787 -0.0929567 0.910943 1 0.288757 -0.595304 : 0.3
0.808494 0.38366 0.82175 -0.554182 0.294586 -0.697671 0.86378 0.926197 0.182863 : 0.3
0.368692 0.458595 0.848379 -0.0943135 -0.468344 -0.549637 -0.353634 0.350579 0.205169 : 0.2
0.593958 0.168484 0.555641 -1 -0.338879 -0.109049 0.975254 0.462567 -0.919243 : 0.2
0.622794 0.306489 0.71961 -0.99958 0.279865 -0.0216896 0.659714 -0.450142 -0.074046 : 0.3
0.501735 0.669589 0.867953 -0.433949 -0.339288 0.771316 1 0.289086 0.0274042 : 0.3
0.69232 0.420669 0.998598 -0.860667 -0.321587 0.0652789 0.941555 0.416582 -0.218227 : 0.4
0.533311 0.56018 1 -0.267898 0.628364 0.0798998 0.0217852 -0.202204 -0.903959 : 0.4
0.21636 0.409351 0.934145 -0.937486 -0.576534 -0.719641 0.893173 0.0502258 0.580033 : 0
0.666982 0.320109 0.877739 -0.769744 0.044311 -0.968283 0.711132 0.239768 0.699362 : 0.5
0.725897 0.357785 0.776195 -0.853377 -0.199104 -0.48365 1 0.389912 -0.528113 : 0.3
0.603658 0.365433 1 -0.711667 0.0923504 -0.582704 1 0.424907 0.11703 : 0.3
0.600637 0.271349 0.889331 -1 -0.641468 -0.15805 0.714711 -0.171592 -0.799879 : 0.3
0.612578 0.996787 0.746187 -0.717047 0.526041 -0.255474 0.390292 0.155133 0.335152 : 0.1
0.508314 0.404655 0.924004 -0.748138 -0.186767 -0.509638 0.0867148 1 0.157278 : 0.5
0.446815 0.264782 0.861718 -0.967796 0.218342 -0.427191 0.76467 0.972397 -0.247828 : 0.3
1 0.479775 0.786712 -0.881918 -0.494952 -0.322819 0.341196 0.394305 0.641645 : 0.4
0.74077 0.414922 0.96562 -0.705178 -0.211794 0.447174 0.589339 0.0504349 0.512551 : 0.5
0.399354 -0.174288 0.864497 -1 -0.494808 -0.384034 0.650647 0.169944 1 : 0
0.713665 0.492751 0.733786 0.0615908 -0.418738 -0.496235 0.00931252 0.608673 0.312955 : 0.7
0.762508 0.375893 0.683313 -0.601771 -0.216503 -0.594196 -0.00434394 -0.258197 0.336744 : 0.1
0.732954 0.466698 0.961667 -0.924462 -0.275002 -0.513645 0.115672 -0.970496 0.364515 : 0.7
0.707885 0.809566 0.802058 -0.443782 0.0732182 -0.24115 0.668108 0.184276 -0.900209 : 0.3
0.597224 0.387397 0.989048 0.0359576 -0.0709837 0.115998 0.908135 -0.338729 -0.57384 : 0.1
1 0.468948 0.855869 -0.729173 -0.898753 -0.343815 0.733394 0.386546 0.521053 : 0.2
0.704338 0.368382 0.965923 -0.124639 -0.209263 0.154462 1 0.737156 -0.427689 : 0.3
0.622284 0.358228 0.872493 -0.465946 -0.537668 -0.644149 0.935491 0.398601 0.370979 : 0.4
0.564804 0.352376 0.774481 -1 0.0491476 -0.844451 -0.0661002 0.61986 0.915156 : 0.4
0.579759 0.510213 0.60418 -0.89452 -0.352984 0.141061 0.999963 -1 0.54828 : 0.3
0.648742 0.367526 0.38007 0.092827 -0.225454 -0.576988 0.715162 -0.405701 0.201428 : 0.1
0.853615 0.593392 0.839927 0.918392 -0.342559 -0.447841 0.740317 0.458501 -1 : 0.4
0.844899 0.487771 0.867034 -0.344794 0.201315 -0.374687 0.842165 0.105867 -0.961022 : 0.4
0.61092 0.239428 0.930688 -0.656253 0.74894 -0.129888 0.560388 -0.0842462 -0.691775 : 0.2
0.649111 0.397929 0.851382 -1 -0.469222 -0.192846 0.916216 0.366854 -0.0605648 : 0.2
0.66318 0.404198 0.762033 -0.916988 1 -1 0.181343 0.163021 0.99307 : 0.2
0.647606 0.333672 0.951158 -0.846511 -0.497492 0.497475 0.822389 0.037028 -0.547558 : 0.6
0.782472 0.438864 1 -0.00189364 -0.209972 -0.19179 1 0.88809 -0.556623 : 0.2
0.651406 0.369681 0.791956 1 -0.153704 -0.859009 -0.734425 0.723967 0.582081 : 0.4
0.713262 0.555578 0.922419 -0.222894 -0.0647329 -0.5026 1 1 -0.0949005 : 0.7
0.419416 0.588984 0.685786 -0.431273 0.0067305 0.0262773 1 -0.20841 0.802594 : 0.1
0.604263 0.445688 0.850252 -0.96155 0.151606 -0.454713 0.74461 0.277613 0.125773 : 0.6
0.687571 0.351011 0.785785 -0.529662 -0.359069 -0.274218 -0.167299 -1 0.363458 : 0.4
0.579313 0.771317 0.817442 -0.708181 -0.257835 -0.170626 0.534095 -1 -0.0767596 : 0.4
