0.766011 0.246722 0.959031 -0.705871 -0.143468 -0.910473 0.652667 0.329201 -0.441137 : 0.2
0.58079 0.194291 0.988126 -0.665518 -0.41169 -0.284643 0.365642 -0.363772 -1 : 0.3
0.234942 0.422768 0.808511 0.115299 -0.375631 -0.268128 0.183831 -0.0796404 -0.910047 : 0.1
0.552922 0.907429 1 -0.515814 0.916649 -1 0.549515 -0.158259 0.856891 : 0
0.721083 0.197556 0.925228 -0.597611 -0.644147 -0.66872 0.9588 0.358345 0.521771 : 0.3
0.610117 0.240379 0.911953 -0.615584 -0.474503 -0.136189 0.445262 -0.384746 -0.211637 : 0.5
0.753642 0.284054 0.708723 -0.528432 0.207272 1 0.176897 0.677306 0.757938 : 0.1
0.604968 0.0249043 0.836025 -1 -0.406226 -0.634943 0.145514 -0.0199338 -0.389826 : 0
0.800563 0.602296 0.981727 -0.69917 -0.281315 -0.459532 0.693407 0.295189 -0.483453 : 0.5
0.659646 0.700236 0.876119 -0.175774 -0.552985 -0.564445 0.0439385 -0.138574 0.54062 : 0.5
0.625968 0.517213 0.849683 -0.740728 0.0874104 -1 0.720162 0.204713 0.492966 : 0.2
0.406443 0.221673 1 -0.956474 -0.248854 -0.662299 0.372102 0.286092 0.417264 : 0.3
0.534979 0.472312 0.841109 -0.824226 0.0100572 -0.668365 0.355718 -0.0474833 0.693026 : 0.2
0.663865 0.0401348 0.930055 -0.673546 -0.985105 -0.759956 0.383434 0.584245 0.738548 : 0.4
0.494804 0.504564 0.755426 -0.915151 -0.277625 -0.76816 0.651074 0.475293 -0.912222 : 0.1
0.717103 0.425755 0.963897 0.109959 -0.288283 -0.341732 0.231201 0.621758 -0.0102845 : 0.7
0.791854 0.39744 0.797447 -0.984916 -0.326384 -0.643574 0.776988 0.511154 0.0970341 : 0.3
0.731958 0.166594 0.861148 -0.288566 -0.822848 -0.174675 0.495764 -0.079787 0.823069 : 0.2
0.653647 0.59294 1 -0.785164 0.081138 0.550743 0.680352 0.870911 -0.56448 : 0.5
0.477464 0.441809 0.92102 -1 -0.269587 0.463795 0.408851 -0.0259234 -0.0931079 : 0.3
0.728998 0.640287 0.691255 -0.731462 -0.24989 -0.930651 0.673507 0.353937 -0.316463 : 0.3
0.585087 0.396577 0.889862 -0.61722 -0.192737 -0.370576 1 0.352028 -0.150817 : 0.2
0.817757 0.395926 0.50502 -1 -0.366473 -0.25343 -0.194525 0.502067 0.0647858 : 0.4
0.653103 0.585721 0.615742 -0.3883 0.113646 -0.215958 1 0.242345 -0.278548 : 0.4
0.829985 0.325708 0.883309 -0.599212 -0.342663 -0.684572 1 0.248122 1 : 0.4
0.672517 0.33875 0.817348 -0.493297 -0.511406 -0.500543 0.499437 0.499183 0.697328 : 0.5
0.694821 0.330361 0.839948 -0.386489 0.0433098 -0.207605 -0.448113 -0.488783 0.0472087 : 0.2
0.323007 0.475782 0.863269 -0.0691523 0.36194 -0.343498 0.612308 0.360687 -1 : 0.2
0.799824 0.335051 0.94933 -1 0.057586 -0.0640481 0.481383 0.271372 -0.72981 : 0.6
0.631274 0.0570297 0.845631 -0.779021 -0.134156 -0.234285 1 0.398667 -0.111433 : 0.3
0.852465 0.327363 0.94078 -0.330564 -0.668882 -0.749564 0.620034 0.242848 0.594275 : 0.3
0.613491 0.364331 0.806094 -0.646673 -0.313692 -0.811073 1 0.417864 1 : 0.5
0.583963 0.51422 0.809538 -0.530796 0.0216567 -0.412467 0.900419 0.282236 1 : 0.1
0.838876 0.450618 0.856507 -0.664979 -0.00204147 -0.115638 0.759163 0.968411 -0.955222 : 0.1
0.670963 0.6839 0.878735 -0.794141 0.0937697 -0.541663 0.00732067 0.600992 0.587009 : 0.4
0.624056 0.403307 1 -0.776619 -0.475228 0.11581 0.617625 0.505062 -1 : 0.4
0.775086 1 0.730759 -0.482776 -0.578896 0.023715 1 0.751304 0.290572 : 0.1
0.69601 0.280417 0.937089 -0.481908 -0.343203 -0.439596 -0.263624 -0.116165 0.914733 : 0.5
0.640148 1 0.987401 -1 -0.470762 -0.43917 1 0.123567 0.471666 : 0.1
0.565348 0.582646 0.928164 -0.1944 0.275859 -0.661886 0.880961 -0.0464298 0.427339 : 0.2
0.355372 0.116913 0.943686 -0.747151 -0.322789 -0.401418 0.908934 -0.524661 0.0892226 : 0.3
0.586754 0.519423 0.942794 -0.623942 -0.34748 -0.789154 1 0.429894 0.8852 : 0.1
0.59081 0.192624 0.843882 -0.070899 0.0694705 -0.630587 -0.619403 0.0522783 0.829106 : 0.3
0.935316 0.744984 0.815285 -0.697506 -0.951576 -1 -0.520719 0.355366 1 : 0.1
0.937988 0.581352 0.933627 -0.853717 -0.571077 -1 0.926234 0.57596 0.897364 : 0.2
0.717586 0.300422 0.903119 -0.387314 -0.304972 -0.491674 0.767243 0.447948 -0.0978732 : 0.3
0.591533 0.130315 0.760692 -0.585454 -0.221081 -0.352402 0.27328 0.953679 0.713066 : 0.4
0.754804 0.403284 1 -0.961511 0.791034 -0.454079 0.247784 0.255624 0.20277 : 0
0.632267 0.944421 0.98598 -0.351892 -0.64939 -1 0.941141 -0.608375 0.434472 : 0.2
0.348478 0.316348 0.904088 -0.613542 -0.19105 -0.627244 0.821476 1 -0.126848 : 0.1
1 0.119007 0.877797 0.340645 -0.197289 -0.212214 0.656279 0.209718 -0.2782 : 0.1
0.611505 0.316453 0.808399 -0.518389 -0.281904 -0.599355 0.987944 0.0360264 -1 : 0.2
0.729856 0.347433 0.941173 -0.529278 -0.137462 -0.206709 -0.0290095 -0.704355 -0.0431433 : 0.6
0.826422 0.210256 0.863016 -0.560577 -0.81132 -0.544727 -0.292924 0.0316498 0.845174 : 0.2
1 0.614812 0.949939 -0.750509 -0.298196 -0.0163094 1 0.508923 0.303765 : 0.4
0.941392 0.312491 0.795398 -0.227983 -0.235669 0.185929 0.510502 -0.735214 -1 : 0.1
0.824372 0.449658 0.888703 -0.829108 -0.100874 0.110604 0.763316 0.44375 -0.38788 : 0.7
0.512284 0.357035 0.855264 -0.752112 -0.195313 0.188398 0.620949 0.0241166 0.546332 : 0.4
0.748104 0.398376 0.915136 0.233525 -0.510338 -0.606022 0.322303 -0.39695 -0.199651 : 0.2
1 0.447672 0.920821 -0.823415 -0.229815 -0.338214 0.617767 0.14967 -0.511989 : 0.5
0.579553 0.731918 0.805927 -0.829769 0.261483 -0.551109 0.730598 -0.589425 -0.765323 : 0.2
0.750907 0.810863 0.870139 -0.834863 -0.747294 -0.225046 1 0.653816 0.0640887 : 0.3
0.865772 0.194246 0.695312 -0.561659 -0.256691 -0.399533 0.77828 -0.421651 0.502188 : 0.4
1 0.503642 0.732658 -0.43453 -0.543947 -0.533059 0.726123 0.494915 0.724229 : 0.5
0.446961 0.217556 0.759611 -0.816919 0.247957 -0.634267 0.724188 0.428071 0.423005 : 0.2
0.64675 0.27674 0.77463 -0.480382 -0.0371038 -0.954708 0.378761 0.331224 -0.549681 : 0
0.575724 0.30397 0.823543 -0.839034 0.657963 -0.678268 0.339631 0.561807 -0.648788 : 0
0.944512 1 0.777287 -0.473898 -0.203702 -0.505877 0.9639 -0.814628 -0.134064 : 0
0.73918 0.339943 0.70756 -0.16139 -0.545936 -0.324547 1 -0.380795 0.677733 : 0.5
0.709942 0.495665 0.874637 0.418308 -0.363401 -0.287216 0.993257 0.90655 0.629747 : 0.4
0.604918 0.449182 0.88596 -0.961403 -0.258451 -0.902822 0.937121 0.307727 -1 : 0.5
0.673791 0.30701 0.912566 -0.374626 -0.173791 -0.771544 0.687165 0.510951 -0.183572 : 0.3
0.734796 0.423763 0.972319 0.186932 0.368618 -0.758556 0.402451 0.425169 -1 : 0.3
0.742354 0.310038 0.850462 -0.428045 0.62161 1 0.747254 0.349839 -0.158425 : 0.5
0.649759 0.260366 0.906402 -0.00763255 0.758114 -0.0224057 1 -0.110538 0.753382 : 0.3
0.598799 0.70601 0.837271 -1 -0.663971 -0.55553 0.988173 0.345826 1 : 0.1
0.695119 0.8066 0.995703 -0.759326 -0.782773 0.42938 1 0.611114 -0.159269 : 0.4
0.625664 0.341252 0.733555 0.195612 0.49859 0.0504452 -0.126915 0.29671 -0.893202 : 0.3
0.694843 0.931435 1 -0.652693 -0.313633 -0.902057 0.963357 0.682044 0.216957 : 0.2
0.588073 0.618417 0.503753 -0.65833 -0.185522 -0.155056 0.331302 -0.104607 -0.440867 : 0.3
0.666872 0.287298 0.94942 0.127839 -0.36111 -0.594467 1 1 0.469085 : 0.4
0.615007 0.424512 0.948763 -0.801869 -0.0474578 0.0578485 0.712466 0.51292 0.994368 : 0.6
0.786877 0.431237 0.976871 -1 -0.428456 0.443511 0.0716707 0.659349 -0.138292 : 0.4
0.792173 0.456766 0.966869 0.870448 -0.41518 0.175906 0.752825 -0.000307798 -0.951409 : 0.4
0.668191 0.80125 0.856913 -0.389424 -0.74543 -0.277281 1 -0.122906 0.315533 : 0.3
0.653279 0.412752 0.743226 0.85059 -0.295945 -0.690264 -1 0.419132 0.623071 : 0.1
0.301733 0.328618 0.886092 -0.587605 -0.0943949 0.312739 -1 0.96216 1 : 0.1
0.583299 0.150882 0.821514 -1 -0.450887 0.0345857 -0.775173 0.454182 -0.280885 : 0.1
0.697926 0.586666 0.83645 -0.430232 0.256655 0.217367 0.485117 0.965756 0.43713 : 0.6
0.407229 0.0982707 0.931458 0.0934165 0.187037 -0.277851 1 -0.041219 1 : 0.2
0.597109 0.909188 0.791137 -0.689252 0.0319282 -0.868016 0.628215 0.563143 0.141538 : 0.1
0.516134 0.499154 0.932597 -0.450712 -0.525096 -0.605807 -1 0.103483 0.163264 : 0.3
0.680149 0.601677 0.99715 -0.665694 -0.82071 -0.723769 0.692083 0.831604 -0.0258846 : 0.3
0.631778 0.371148 0.500207 -0.727394 1 -0.717797 0.787316 -0.131982 -0.676961 : 0.3
1 0.330105 0.922917 -0.705595 0.662607 -0.415771 0.34664 0.137127 -0.0855053 : 0.2
0.457346 0.0740905 1 -0.694631 0.230101 -0.412982 0.460129 -0.696065 -0.141073 : 0.3
0.744161 0.257454 0.76602 -0.664301 0.186176 -0.542704 0.721276 0.378752 0.838168 : 0.5
0.729663 0.292687 0.706464 -0.539466 -0.16557 -1 1 0.484857 0.212688 : 0.3
0.623628 0.225912 0.933889 -0.183998 -0.184924 -0.365879 0.368019 -0.163005 -0.202685 : 0.4
0.562522 0.430822 0.720312 -0.425149 -0.0290892 -0.418921 0.913274 0.0349481 0.414781 : 0.2
0.524523 0.191503 1 -0.597819 -0.442453 0.785892 0.852398 0.484865 0.535668 : 0.3
0.496813 0.514765 0.755425 -0.601048 -0.12326 -0.278146 0.584408 -0.0380697 -0.140849 : 0.3
0.483736 0.551652 0.908952 -0.314041 -0.060392 -0.128276 0.378482 0.228712 0.797739 : 0.4
0.920877 0.220595 0.857863 -0.690042 0.0134413 1 0.555412 -0.20347 0.27759 : 0.4
0.945822 0.512445 0.909502 -0.159977 0.000269949 -0.371097 -0.0332019 -0.127631 0.635998 : 0.6
0.483043 0.347385 0.887623 -1 -0.332051 -0.853866 0.376301 0.979901 0.902415 : 0
0.669332 0.473767 0.835504 -0.502401 -0.74901 -0.291843 0.780651 -0.0585251 -0.206132 : 0.4
0.552502 0.404823 0.899945 -1 -0.103649 -0.280399 0.79615 0.424272 0.345287 : 0.3
0.701587 0.419158 0.855572 -0.75818 -0.247793 -0.59004 -0.496604 -0.651567 -0.22442 : 0.6
0.722538 0.30777 0.877295 -0.120385 -0.20608 -0.625831 0.732833 0.180617 0.0322119 : 0.5
0.617303 0.531197 0.8455 -0.487306 -0.529969 -0.740335 0.462704 0.503719 1 : 0.3
0.832739 0.387986 0.934592 0.749409 -0.0987454 0.56428 0.232099 0.354393 -0.0917982 : 0.3
0.770753 0.497497 0.957971 -0.313396 -0.27993 0.118523 1 0.429071 -0.133807 : 0.5
0.641615 0.199237 0.960537 -0.745263 -0.244102 0.0556448 0.619619 -0.125783 -0.685421 : 0.4
0.695243 0.47778 0.949234 -0.860451 -0.150179 -0.601959 0.975174 0.51114 -0.595124 : 0.5
0.523687 0.290949 0.818996 -0.72815 -0.173316 -0.399561 0.552797 -0.470578 0.815342 : 0.4
0.606332 0.342842 0.719307 -1 0.00756425 -0.718271 -0.498649 0.847912 0.920854 : 0.3
0.630813 0.329089 0.849916 -0.463586 -0.0809823 -0.701752 0.874804 0.345807 0.506058 : 0.6
0.605169 0.182388 0.429025 -0.815801 -0.470671 -0.601633 0.88666 0.513079 0.124778 : 0.6
0.376602 0.228082 0.944534 -0.423044 0.142923 -0.268524 0.238439 0.97262 0.986666 : 0.5
0.678663 0.393531 0.998917 -0.472413 -0.556199 -0.536058 -0.482521 0.11925 -0.566427 : 0.4
0.712271 0.437526 0.819299 -0.260606 -0.359037 -0.153447 0.64988 0.153151 0.137636 : 0.3
0.663098 0.448377 0.927056 0.009947 0.727121 -0.80108 0.579694 0.0426982 -0.111812 : 0.2
0.255935 0.398566 0.836738 -0.92481 -0.183282 -0.509667 1 1 -0.827509 : 0
0.689094 0.703263 0.965224 -0.659082 -0.240384 0.340725 0.620372 0.193816 0.0620905 : 0.3
0.648097 0.264993 0.949615 -0.438821 -0.241544 0.723662 0.800556 0.709681 -0.425977 : 0.5
0.658396 0.27952 1 -0.819917 -0.226267 -0.404506 0.705457 0.666323 -1 : 0.4
0.579194 0.479638 0.715822 -0.347556 0.065199 -0.306579 0.487293 0.404254 0.883062 : 0.6
0.561753 0.863334 0.861845 -0.919519 -0.777232 -0.165986 -1 1 0.454279 : 0.4
0.68879 0.34513 0.882424 -0.572442 -0.0516919 -0.690945 1 0.279896 0.628195 : 0.5
0.70331 0.384119 0.76047 -0.242151 -0.285592 0.208297 0.0691503 -0.0287201 -0.939934 : 0.5
0.55646 0.340032 0.880769 -0.805889 -0.680075 0.403103 0.863227 0.363065 0.744788 : 0.4
0.438059 0.484323 0.790159 -0.620941 0.153858 -0.0546888 0.771394 0.236186 -0.210574 : 0.1
0.798936 0.465495 0.576584 -0.829319 -0.443119 0.0307366 1 0.473148 -0.528975 : 0.5
0.586949 0.417375 0.944038 -0.858498 -0.437364 -1 0.779999 0.536101 0.626426 : 0.4
0.563556 0.895613 0.761754 -1 -0.255673 -0.483713 -1 0.933043 -0.389426 : 0.4
0.563937 0.49954 0.916482 -0.072657 -0.274382 -0.654755 0.655383 0.577173 1 : 0.4
0.120096 0.192252 0.949678 -0.853094 -0.365869 -0.916641 0.547097 -0.0833881 0.41925 : 0.2
0.742286 0.3171 0.822668 -0.67359 0.332558 0.301349 0.405444 -0.102863 0.468978 : 0.4
0.573115 0.367734 1 -0.402131 -0.275704 -0.849272 0.6054 1 0.666575 : 0.3
0.695299 0.410991 0.864786 -0.980294 -0.270779 -0.188181 0.290639 0.519252 0.862574 : 0.6
0.809613 0.184046 0.93129 -0.669003 1 0.100581 0.359066 0.510666 0.587286 : 0.3
0.79095 0.454951 1 -0.789836 -1 -0.0872594 0.697496 0.38084 -0.663209 : 0.4
0.902313 0.353993 0.922917 -1 -0.430368 -0.445683 -1 -0.33917 0.357777 : 0.3
0.729091 0.152524 0.960102 -0.717189 -0.00934219 -0.0891993 0.533368 -0.160295 -0.48553 : 0.3
0.722096 0.495709 0.83269 -0.961201 -0.643205 -0.264461 0.666351 0.292354 0.138785 : 0.5
0.5232 0.424319 1 -0.642431 -0.494512 0.11473 0.536805 0.0296594 0.0530182 : 0.4
0.647908 0.377926 0.809288 -1 -0.0527203 0.245891 0.707265 -1 -0.116302 : 0.5
0.269993 0.331717 1 -0.428498 1 -0.491739 0.466588 0.39367 0.319731 : 0.2
0.997141 0.262027 0.965587 -0.390512 0.564303 -0.703552 0.555137 0.883673 0.690733 : 0
0.618793 0.293831 0.855086 -0.354129 -0.179095 -0.269804 1 0.633554 0.528169 : 0.4
1 0.443446 0.893407 -0.414681 -0.441925 0.015993 0.81319 0.100326 1 : 0.5
0.786181 0.361421 0.932275 -0.75329 0.0352181 -0.268235 0.804795 -0.265872 0.259886 : 0.4
0.643892 0.316913 0.843465 -0.516899 -0.248169 0.0181241 -0.540913 0.493199 0.47775 : 0.1
0.596034 0.189767 0.890252 -0.980794 -1 0.203811 0.778884 0.657983 0.0541642 : 0.6
0.718379 0.524299 0.781317 -0.492305 -0.746321 -0.811957 -0.275342 -1 0.526634 : 0.2
0.652673 0.264601 0.720558 -0.449729 -0.387253 -0.446835 -1 0.105177 0.653745 : 0
0.379669 0.346662 0.861554 -0.359435 -0.674124 0.864946 -0.606358 0.514249 0.105571 : 0.1
0.653733 0.0239319 0.837306 -0.587403 -0.105039 -0.20325 0.398954 0.768637 0.0328879 : 0.4
0.469087 0.265058 0.835209 -0.716465 -0.285211 -0.979944 0.269607 0.965921 0.62761 : 0.3
0.682031 0.440297 0.830725 -0.459869 -0.192054 -0.428876 0.423537 0.935589 -0.048983 : 0.6
0.567352 0.364208 0.76904 -0.630756 -0.0675884 -1 -0.15694 0.382859 1 : 0.2
0.654245 -0.104271 0.873442 -0.466341 -0.514737 -0.848818 0.669846 0.369977 0.678947 : 0.1
0.777708 0.379925 0.968057 -0.649655 -0.47852 -0.236461 -0.136648 0.131823 0.771741 : 0.7
0.682457 0.671373 0.868301 -0.979835 1 -0.178481 -0.0544069 -0.239337 0.187169 : 0.2
0.568232 0.158613 0.772074 -0.875744 0.140857 0.403379 -0.0757743 0.0332005 0.104721 : 0.2
0.527416 0.323994 0.983788 -1 -0.473151 -1 0.962248 -0.147181 0.635271 : 0.1
0.393655 0.316481 0.838796 -0.824033 -0.170196 -0.414365 -0.0709811 -0.612661 0.15207 : 0.2
0.575776 0.538274 0.90284 -0.436922 0.186263 -0.284651 1 -0.309834 1 : 0.5
0.783152 0.314492 0.930542 -0.658405 -0.0760402 -0.184051 0.828759 0.12608 1 : 0.5
0.644284 0.462346 0.785591 -0.621177 -0.120085 0.0570228 0.593486 0.263404 0.606101 : 0.3
0.761062 0.35726 0.814151 -0.5242 -0.575659 -0.704622 -0.500429 0.0461773 0.440805 : 0.5
0.893623 0.335675 0.860588 -0.629186 -0.15477 -0.637317 -0.341968 -0.370736 0.14206 : 0.4
0.763376 0.435638 0.930685 -0.916245 -0.149433 -0.340108 1 0.393783 1 : 0.3
0.61754 0.19806 1 -0.624628 -0.575853 -0.268298 0.526129 0.778802 -0.323992 : 0.5
0.889471 0.264764 0.963081 -0.16623 -0.169183 -0.165325 -1 0.233087 -0.232931 : 0
0.762748 0.436101 1 0.283081 -0.615983 -0.598946 0.172018 -0.0548375 -0.804734 : 0.4
0.58526 0.311406 0.893136 -1 -0.216928 0.265704 0.491114 0.190588 -1 : 0.4
0.815714 0.239384 0.969162 -0.0611621 0.256949 0.090959 0.377675 0.453268 0.540243 : 0.1
0.712235 0.197739 0.863082 -1 -0.379913 -0.0924714 0.827415 0.862822 -0.301296 : 0.3
0.672493 0.445768 0.816828 -0.286964 0.047839 -0.0108642 1 0.783565 -0.625289 : 0.4
0.889099 0.19565 0.916142 -0.619896 -0.228666 -0.623157 0.602812 0.448544 -0.165906 : 0.1
0.650894 0.271372 0.890339 -1 -0.409479 -0.448494 0.644641 0.394228 0.146916 : 0.4
0.373312 0.598482 0.934801 -0.857265 -0.143966 -0.129568 0.864292 0.770869 0.156677 : 0.1
0.748843 0.335867 1 -0.55319 -0.333203 -0.677807 0.597419 -0.151221 -0.816631 : 0.3
0.662877 0.390105 0.694833 0.691619 -0.0702813 0.0616101 1 -0.215375 0.532408 : 0.3
0.602619 0.921009 0.764579 -1 0.134306 0.343547 0.615364 -0.0323076 0.592036 : 0.2
0.683245 0.122062 0.847111 -0.889782 -0.108783 0.533949 0.650333 0.651611 0.820842 : 0.6
0.677172 0.552405 0.772361 -0.999854 -0.0318742 -1 0.225065 0.484833 1 : 0.2
0.597635 0.276453 0.796173 -1 -0.160407 -0.414134 0.939977 0.519827 -0.252605 : 0.4
0.954673 0.228803 0.865933 0.076272 -0.246195 -0.645255 0.7323 1 0.00745559 : 0.2
0.66997 0.417164 0.526366 -1 -0.0863003 -0.464695 0.684682 0.469987 0.207451 : 0.5
0.316684 0.326663 1 -0.556672 1 -0.771041 0.405261 0.431596 0.352413 : 0
0.647093 0.355752 0.920695 0.286813 0.361664 -0.737199 0.703732 -0.654947 0.2312 : 0.1
0.823278 0.303828 0.83133 0.00312209 -0.188376 -0.279575 0.36397 -0.426241 0.420095 : 0.4
0.609835 0.207744 0.770022 -0.378989 -0.294242 0.346403 0.615819 0.884971 0.739965 : 0.4
0.652768 0.370976 0.62497 -0.417988 0.308121 -0.397597 -0.0274743 0.284817 -0.31857 : 0.5
0.656805 0.178006 0.968088 -0.421134 -0.244068 -1 1 -0.0888985 0.766608 : 0.4
0.545219 0.7667 0.834574 -0.452213 -0.145536 -0.042627 0.355101 1 0.447086 : 0.3
0.53626 0.431735 0.915039 -0.328523 0.172433 0.100031 1 0.287646 0.976217 : 0.1
0.656485 0.620106 0.809208 -0.596313 -0.252838 -0.0415516 0.487157 0.280286 -0.455124 : 0.6
0.534045 0.522463 0.978865 -0.445163 -0.255363 -1 0.0466108 0.624822 0.639793 : 0.3
0.693845 0.311391 0.82657 -0.744366 -0.773457 -0.708136 -0.399032 -0.296642 -0.152138 : 0.4
0.794743 0.26342 0.879527 -0.631809 -0.378712 -0.557562 0.181575 0.659237 0.989839 : 0.3
0.770984 0.521736 0.830939 -0.0357125 -0.589221 -0.660809 0.916018 -0.0912771 0.0230571 : 0.1
0.577549 0.517851 0.94412 -0.678119 0.273076 -0.951971 0.681593 0.484583 1 : 0.4
0.515518 0.392458 0.965258 -0.505869 -0.428407 -0.754346 0.732461 -0.2096 -1 : 0
0.200735 0.3764 0.941644 -0.0297631 0.0463949 -0.239068 0.645111 0.114374 -0.672807 : 0.2
0.61121 0.600832 0.852206 -0.691327 0.255485 -0.632713 0.80121 -0.0824169 -0.265654 : 0.3
0.797363 0.494818 0.988921 -0.945304 -0.167463 -0.771318 0.574046 0.575661 0.833338 : 0.4
0.585381 0.860956 0.823556 -0.52789 -0.162105 -0.734495 0.455795 0.154216 -0.388916 : 0.1
0.733355 0.36313 1 -0.419798 -0.375623 -0.265673 1 0.374166 -0.180728 : 0.4
0.539581 0.207233 0.748362 -0.532273 -0.422753 -0.0238097 0.713382 1 -0.193528 : 0.5
0.561046 0.147844 0.567197 -1 -0.471494 -0.645469 0.986832 0.481396 -0.922842 : 0.3
0.629068 0.335368 0.845011 -0.413801 -0.294401 -0.590099 -1 0.0756407 0.807823 : 0.4
0.463672 0.50526 0.84523 -0.38562 -0.464702 0.711188 -0.471357 0.109712 0.16671 : 0.3
0.622511 0.0556998 0.985627 -0.284223 -0.321488 -0.29347 0.636913 0.571857 0.486555 : 0.3
0.506578 0.265019 1 -1 -0.20727 -0.332958 0.833934 0.211678 -0.106849 : 0.6
0.702895 0.672848 0.858056 -0.915761 -0.311821 -0.678652 0.692133 0.0572103 -0.677785 : 0.4
0.788762 0.269036 0.929092 -0.135678 0.165891 -0.186788 0.707475 0.124078 -0.29664 : 0.1
0.497229 0.388443 0.862372 -0.750485 -0.153086 -1 0.631864 0.242504 -0.0365161 : 0.3
0.498262 0.307875 0.764435 -0.939846 -0.0187297 0.895062 0.141735 0.619096 0.24563 : 0.1
0.695995 0.311252 0.964724 -0.56451 0.42318 -1 -0.626186 0.159394 0.705593 : 0.5
0.780084 0.282461 0.960854 -0.381654 -1 0.555052 0.999104 0.131311 0.832389 : 0.4
0.724955 0.475955 0.868442 -0.277377 0.0836532 -0.214924 0.791105 0.874611 -1 : 0.9
0.453022 0.289541 0.879778 0.743323 -0.454224 -0.439854 0.379406 -0.693769 -0.546008 : 0.2
0.731538 0.303935 0.750543 -0.797666 0.0476986 -1 0.491038 0.751986 0.0608554 : 0.5
0.740789 0.534538 0.921391 -0.449227 -0.886924 -0.089616 -0.0243705 1 0.506371 : 0.4
0.669004 0.532579 0.890344 -0.853415 0.00257376 -0.898712 0.589121 -0.231426 -0.706761 : 0.5
0.504872 0.288725 0.950854 -0.621868 -0.277 -0.978235 0.436931 1 -0.202623 : 0.4
0.947031 0.212142 0.948863 -0.944093 -0.31477 -0.442062 0.498036 0.688516 -0.399156 : 0.4
0.780258 0.478796 0.943422 0.305412 -0.415602 -0.775561 0.514271 0.924015 -0.326184 : 0.1
0.754992 0.33406 0.707759 -1 -0.19756 -0.523281 0.306327 -1 -0.54694 : 0.6
0.620687 0.218735 0.764762 -1 -0.533064 -0.240421 0.0336882 -0.292496 0.416345 : 0.3
0.867842 0.455243 0.902871 -0.338347 0.85908 -0.859411 1 0.491519 -0.43903 : 0.3
0.939511 0.15782 0.835864 -0.467653 0.0152681 -0.331587 0.285815 0.394311 0.710735 : 0.4
0.869904 0.393188 0.933413 -0.943587 0.156314 -0.246363 -0.0366156 -0.258806 0.358573 : 0.5
0.400624 0.465851 0.910913 -0.225635 -0.268775 -0.151167 0.153853 0.963314 0.270157 : 0.4
0.828466 0.906484 0.966185 -0.897969 -0.665732 -0.80254 0.767181 0.267918 1 : 0.3
0.730645 0.368003 0.926551 0.0733061 -0.0297068 -0.267579 -0.409227 0.931649 -0.752357 : 0.5
0.464128 0.362941 1 -0.513264 -0.102939 -0.599079 0.560003 -0.919299 0.512624 : 0.2
0.647325 0.279439 1 -0.300574 0.428896 -0.37658 1 -0.378029 -0.280797 : 0.3
0.375044 0.127937 0.914364 0.123675 -0.29991 -0.0482364 -0.049978 0.196451 1 : 0.3
0.683065 0.381556 0.915698 -0.765828 -0.990185 -0.673326 0.608312 0.453664 -0.032373 : 0.3
0.601219 1 0.843992 -0.660335 -0.12653 -0.266359 0.0322811 -0.472822 0.633691 : 0.2
0.496403 0.197047 0.773275 -0.664036 -0.0798543 0.0930659 0.558215 0.712726 0.42235 : 0.5
0.776802 0.59589 0.878172 0.266899 -0.312717 -0.638955 0.385149 0.498773 0.416285 : 0.5
0.645045 0.391283 0.829517 -0.255463 0.0947548 0.242181 0.999236 0.162372 -0.187777 : 0.1
0.638516 0.335681 0.895548 -0.998075 0.914493 -0.559579 0.925218 -0.144762 -0.305851 : 0.1
0.640627 0.344954 0.769461 -0.434489 0.0114925 -0.455887 0.516397 0.677971 -0.599967 : 0.4
0.503812 0.321176 0.867001 -0.853186 -0.292105 -0.829172 0.600803 0.460012 -0.112582 : 0.3
0.651347 0.540659 1 -0.220502 1 -0.167131 0.0678784 -0.428013 -1 : 0.2
0.56035 0.6339 1 -0.401219 -1 -0.000962138 0.0810101 0.883293 -0.0216336 : 0.3
0.475317 0.107406 0.830632 0.882506 -0.296189 -0.077296 0.723223 0.859663 -0.647914 : 0.5
0.623972 0.317124 0.990287 -0.837177 0.499779 -0.592375 0.0220954 0.44477 -0.099768 : 0.2
0.524192 0.180056 0.7365 -0.442888 -0.437256 -0.618942 0.455604 0.590957 0.555725 : 0.2
0.377973 0.408799 0.836456 -0.0710847 -0.468772 -0.421997 0.748795 -0.451871 -0.25133 : 0.1
0.596664 0.422812 0.905347 -0.821866 -0.0791005 -0.231114 0.292945 0.566999 1 : 0.5
0.688459 0.739656 0.989539 -0.690338 0.544742 -0.504518 0.938807 0.790125 0.748855 : 0.1
1 0.409692 0.898198 -0.204824 -0.488027 -0.786513 0.781647 0.151764 0.908742 : 0.3
0.684762 0.264334 0.800751 -0.325843 0.0415487 -0.842249 -0.22981 -0.307169 -0.635027 : 0.2
0.754164 0.380894 0.921679 -0.28157 0.0768975 0.0459936 0.26951 -0.0806552 1 : 0.5
0.410199 0.361377 0.931576 -0.0920025 0.0518188 -0.201542 0.781397 0.258041 -0.531293 : 0.3
0.758976 -0.0617816 0.910032 -0.395706 -0.641876 -0.608355 0.269636 0.511764 0.617328 : 0.1
0.651065 0.286887 1 -1 0.401873 -0.475736 0.376939 1 0.821444 : 0.3
1 1 0.791497 -0.53031 -0.0357333 -0.234947 0.805371 0.291101 0.340016 : 0
0.266419 0.367449 0.954581 -1 -0.879342 -0.436139 0.3373 0.344863 0.880737 : 0
0.59004 0.12052 0.784456 -1 0.280739 0.172076 1 -0.936171 0.190789 : 0.1
0.839045 0.909535 0.830695 -0.167974 -0.511539 -0.375643 0.762482 -0.619974 0.571638 : 0.3
0.436338 0.186761 1 -1 0.175631 -0.324806 0.179562 -0.856866 0.728001 : 0.4
0.755094 0.280092 0.896471 -0.756421 0.0783529 -0.83813 0.64561 0.360729 0.0384212 : 0.5
0.787393 0.999509 0.843442 -0.571064 -0.276768 -0.0850146 -0.0237595 0.535069 0.29873 : 0.2
0.637996 0.42405 0.968063 -0.809351 -0.020682 -0.422389 -0.414887 0.786724 0.997836 : 0.3
0.719994 0.194282 0.892866 -0.946873 0.0320487 -0.12936 0.122252 0.35659 0.678196 : 0.4
0.666621 0.571489 0.999037 -0.79976 -0.322951 -1 0.830568 0.38455 0.299203 : 0.4
0.684343 1 0.75237 -0.728287 0.773228 -0.379876 1 -0.249226 0.215111 : 0.1
0.613723 0.342192 0.877243 -0.73994 0.0625207 -0.320687 0.749287 0.390686 -0.489305 : 0.4
0.12634 0.344189 0.903062 -0.746754 -0.673495 -0.603287 0.802719 0.436857 0.615291 : 0
0.536992 0.394706 0.914277 -0.511309 -0.764783 0.0116472 -1 0.142016 0.456736 : 0.1
0.597864 0.528594 0.97185 -0.582316 -1 -0.0724825 0.309424 0.500637 0.0825084 : 0.2
1 0.377186 0.877561 -0.235283 -0.736315 -0.794862 -0.0458429 0.654989 0.556148 : 0.3
0.818613 0.027915 0.92869 -0.728684 -0.215489 -0.959434 0.402918 0.398413 -0.694886 : 0.2
0.496804 0.280203 0.774858 -0.338417 0.366176 0.178032 1 0.371521 -0.257612 : 0.4
0.493606 0.315094 0.69414 -0.648066 -0.306244 -0.305511 0.323254 0.494074 -0.283527 : 0.3
0.597337 0.573168 0.576747 -0.76167 0.582836 -0.796191 0.533256 -0.552751 -0.0239785 : 0.3
0.762036 0.462655 0.989003 -0.566048 0.177614 1 0.64184 0.213173 1 : 0.4
0.638779 -0.121552 0.874693 -0.570742 0.0195815 -0.733811 0.550507 0.061752 0.329043 : 0.1
0.775066 0.294999 1 -0.966781 -0.186803 -0.450802 0.841765 -0.269934 0.131441 : 0.4
0.639558 0.12235 0.798889 -0.428171 0.124471 1 0.425483 -0.737439 -0.352286 : 0.1
0.527627 0.489757 0.914309 -0.913984 -0.221152 0.14004 0.592985 0.788346 -0.400355 : 0.3
0.51941 0.313044 0.884257 -0.368314 0.247671 0.0206024 0.24823 0.255903 0.0992745 : 0.4
0.480923 0.560811 0.96883 -0.678224 0.562141 -0.531638 0.26216 0.665375 0.432563 : 0.1
0.579536 0.364413 0.860618 -1 -0.060453 -0.686037 0.70889 0.249439 0.826863 : 0.2
0.910738 0.418722 0.897885 -0.449791 -0.471275 -0.971733 1 -0.268247 0.333935 : 0.3
0.548663 0.327873 0.756854 0.716624 -0.0865973 -0.2059 0.305575 0.56093 -0.483407 : 0.3
0.683501 0.537194 0.83849 -0.840154 -0.404703 -0.465744 0.183355 0.455627 -0.483647 : 0.5
0.628994 0.276671 0.826528 -0.216458 0.131731 -0.528619 0.209301 0.115191 -0.562844 : 0.4
0.630164 0.0621268 0.856271 -0.810469 -0.975931 -0.810977 0.697406 0.232028 -0.206234 : 0.3
0.533456 0.476476 0.987 -0.508097 0.627234 -0.0678326 1 0.11409 -0.454065 : 0.1
0.525535 0.505892 0.848954 -0.642819 -0.57108 -0.912826 0.0220681 0.149848 0.401175 : 0.2
0.626846 0.336808 0.794545 -0.522654 0.391892 -0.919552 0.924524 0.438899 0.600327 : 0.3
0.671528 0.339212 0.954917 0.0121511 0.0177057 -0.850745 0.659612 0.305905 -1 : 0.4
0.591989 0.40233 0.815716 -0.818802 -1 -1 -0.0830733 0.164059 0.927436 : 0.5
0.735099 0.304752 1 -1 -1 -0.617418 1 0.576442 -0.0644339 : 0.2
0.295254 0.0583639 0.734154 -0.80092 -0.360615 -1 -0.322901 0.331077 0.707544 : 0.2
0.620923 0.306515 0.785458 0.296827 -0.19972 -0.757273 0.543976 -0.826935 -0.109371 : 0.4
0.518659 0.48128 0.799195 -0.608255 -0.363974 -0.0178938 0.0202635 1 -0.174337 : 0.5
0.945464 0.324589 0.892412 -1 -0.432775 -0.0941493 0.917731 0.232157 0.835428 : 0.2
0.724487 0.503126 0.931675 -0.637024 1 -0.797374 0.393554 0.222411 -0.67896 : 0.1
0.383285 0.13821 0.936517 -0.504596 -0.0182059 -0.14558 -0.140689 0.343352 0.0753639 : 0.3
0.985612 0.421527 0.994962 -0.913345 0.293567 0.333109 0.606583 -0.457014 1 : 0.5
0.646017 0.451784 0.786081 -0.38087 -0.475634 -0.454601 0.944111 0.394634 0.56306 : 0.6
0.738235 0.180562 0.865561 -0.919891 -0.577926 -0.00813985 0.30852 0.535345 -0.302712 : 0.5
0.730825 0.244475 0.919754 -0.42488 -0.195106 -0.596176 0.370267 -0.160949 -0.335096 : 0.5
0.582437 0.539618 0.952737 -0.927112 0.519858 -0.402846 0.791793 -1 0.470144 : 0.4
0.729976 0.450665 0.971457 -0.477484 -0.631564 -0.161811 1 0.105625 0.567248 : 0.3
0.394523 0.371598 0.987404 -0.681352 -0.308512 0.32239 0.422423 -0.632124 -0.811609 : 0.3
0.545764 0.35922 0.934214 0.367342 -0.306439 -0.753926 0.955736 -0.401707 -0.54078 : 0.2
0.76889 0.301685 0.741734 -0.965476 -0.265865 0.19953 0.64577 0.149597 1 : 0.6
0.697295 0.429689 0.921369 -0.888642 -0.298269 -0.0243846 0.823614 0.989849 -0.129318 : 0.4
0.629207 0.547142 0.931223 -0.591429 -0.155636 -0.965673 1 0.864787 -0.681837 : 0.6
0.510547 0.152477 0.761866 -0.669943 -0.313983 -0.178251 0.720217 0.530912 -1 : 0.2
0.677796 1 0.774756 -0.602073 0.910271 -0.411804 0.30596 1 0.0403716 : 0.1
0.651797 0.391241 0.719149 -0.257714 0.138746 -0.542592 -0.255664 0.278869 0.0198422 : 0.5
0.581016 0.559499 0.8918 -0.888553 -0.025913 -0.14085 -0.793093 -0.35013 0.106127 : 0.3
0.251112 0.423073 0.903463 -0.0874867 0.0209011 -0.0833482 0.842484 -0.0330224 -0.517691 : 0.1
0.712424 0.330129 0.960731 -1 -0.487876 0.544979 -1 0.689366 -0.556333 : 0.3
0.627406 0.256599 0.731921 -0.503003 -0.0888387 -0.404634 0.859681 -0.358942 0.0645532 : 0.3
0.624987 0.402458 0.902319 -0.410921 -0.171998 -0.662164 0.490276 -0.91693 1 : 0.3
1 0.393949 0.935649 -0.202603 -0.75716 -0.492766 0.675579 0.856104 0.909152 : 0.4
0.685952 0.57304 1 -0.474479 0.110205 0.93414 1 0.300891 -0.167104 : 0.3
0.602718 0.332236 0.705758 -0.589262 -0.258768 -0.215465 0.667371 0.216012 -0.171424 : 0.4
0.482606 0.560367 0.842214 -0.748084 -0.0326632 -0.20696 0.331758 0.162382 0.149103 : 0.5
0.274923 0.309331 0.758505 -0.847343 -0.500145 -0.680389 0.121059 0.666178 0.405215 : 0.1
0.618285 0.220714 0.919585 -0.900105 -0.799723 -0.57501 0.249473 0.374259 -0.646057 : 0.3
0.602798 0.360363 0.764445 -0.949897 1 -0.437396 0.466226 0.0426294 0.613493 : 0.1
0.747844 0.305602 0.809243 -0.349765 -0.39161 -0.434555 0.19208 0.345462 0.751539 : 0.5
1 0.616867 0.836796 -0.684253 -0.772968 -1 0.0868009 -0.35933 -0.610794 : 0.1
0.737285 0.320058 0.819951 -0.717302 -0.584434 -0.572904 0.455611 0.55032 -0.166928 : 0.5
0.930559 0.155537 0.895624 -0.380766 0.469461 -0.230234 0.374281 -0.57039 0.478742 : 0.4
0.529503 0.306703 0.775641 -0.874936 -0.326839 -0.507655 0.405303 -0.238945 1 : 0.5
0.580235 0.48452 0.843814 -0.520812 0.454653 0.180927 -0.0501571 0.498966 -0.669399 : 0.2
0.494538 0.252618 0.863702 -0.313152 -0.120416 0.832181 -0.252169 0.914855 0.809896 : 0.1
0.593753 0.467664 0.92954 -0.113267 -0.177085 -0.968184 0.38052 -0.13555 0.844968 : 0.5
0.746303 0.296511 0.782032 0.960996 -0.687372 -0.517072 -0.545993 0.644392 0.458047 : 0.2
0.76224 0.338482 0.656565 -0.545702 -0.438522 -0.0267358 -0.534272 -0.545507 -1 : 0
0.666075 0.440089 0.918754 -0.701253 0.440975 -0.194404 0.842914 0.982201 0.500387 : 0.6
0.695251 0.226928 0.866069 0.327174 -0.952114 -0.232009 -0.209531 0.26612 1 : 0
0.658466 0.440627 0.66083 -0.652994 0.224761 -0.149025 0.275526 -0.276691 -0.787691 : 0.5
0.567008 0.534292 0.683672 -0.670502 0.686862 -0.843038 0.678748 0.274809 -0.602523 : 0.1
0.664718 0.496451 0.552725 -0.509963 -0.426398 -0.509841 0.614737 0.668966 0.728209 : 0.5
0.82546 0.92603 1 0.394768 -0.324273 -0.411473 0.167685 0.259509 0.678592 : 0.1
0.64726 0.454574 0.907158 0.296922 0.0344723 -0.0844162 -1 0.530642 -1 : 0.1
0.960589 0.509152 0.853076 -0.726186 -0.910253 -0.370773 0.831946 0.496057 0.523501 : 0
0.55038 0.250115 0.818376 -0.686685 0.159259 0.301392 0.833701 0.305978 0.636751 : 0.4
0.563852 0.334774 1 -0.404321 -0.0174375 -0.713505 0.587281 1 -0.0203125 : 0.2
0.667318 0.22587 0.780937 -0.41767 -0.4358 0.65668 0.869758 0.0465132 0.470699 : 0.1
0.711165 0.419137 0.72681 -0.553561 -0.524272 0.0586332 -0.34619 0.204664 -0.564034 : 0.3
0.726667 0.27685 0.655323 -0.354451 -0.69481 -0.676033 -0.574815 0.0978299 -0.0200922 : 0.1
0.440203 0.732792 0.807484 -0.150991 0.736569 -0.333559 -0.00076697 -0.347021 0.0961536 : 0.1
0.532123 0.286689 0.92004 -0.646687 -0.351478 -0.850559 1 -0.110589 0.381664 : 0.1
0.672788 0.464764 0.81954 -1 -0.0656197 -0.219878 0.752207 0.032179 0.805935 : 0.2
0.639182 0.234914 0.999409 -0.705876 0.143482 -0.0312803 0.563875 0.0745302 -0.233076 : 0.3
0.854887 0.435495 0.805217 -0.184911 -0.289145 -0.321964 0.730085 0.466084 0.696874 : 0.2
0.702301 0.458692 0.687271 -0.719613 -0.400081 -0.0470973 1 -0.179708 0.661349 : 0.4
0.626733 0.63979 0.985172 -0.869993 0.308514 -0.236683 0.978875 -0.0850853 -0.447691 : 0.1
0.806142 0.77971 0.842762 -0.490393 0.0245622 1 0.74644 0.347546 -1 : 0.3
0.352597 0.368515 0.863386 -0.762415 0.419162 -0.337159 0.82594 0.557788 0.482603 : 0
0.53418 0.347084 0.929047 -0.293327 -0.0457293 -0.295537 0.886495 0.903253 0.153847 : 0.1
0.663025 0.34368 0.725974 -0.309778 -0.295656 -1 0.697911 0.00332201 0.722445 : 0.3
0.637358 0.142353 0.834573 -1 -0.162836 -0.507152 0.486558 0.112572 -0.436235 : 0.2
0.626584 0.343227 0.931058 -0.233759 -0.0330756 -0.155898 1 -0.155456 0.825703 : 0.4
0.792816 0.00821855 0.864891 -0.290513 0.131631 0.157863 0.855379 -0.109964 0.487811 : 0.2
0.764732 0.665209 0.804953 -0.525925 -0.253077 -0.1129 -0.119758 0.306503 0.745555 : 0.5
0.132077 0.329408 1 -0.578187 0.390645 -0.259995 0.170178 0.253238 -0.00499865 : 0
1 0.248254 0.978385 -0.836506 1 1 -1 0.0489833 0.759167 : 0.1
0.629091 0.500806 0.848836 -1 -0.214934 -0.611438 0.965377 0.165606 0.330294 : 0.3
0.469139 0.411076 0.943842 -0.732247 -0.503664 -0.190951 0.519567 0.534602 0.489481 : 0.1
0.567273 0.36622 0.79814 -0.745051 -0.255948 -0.68889 0.518584 -0.297585 -0.0987912 : 0.2
0.704058 0.472165 0.89319 -0.92239 -0.0168603 -0.731006 0.972548 0.131285 -0.20546 : 0.3
0.661864 0.396705 0.871466 -0.980741 -0.104931 -0.718743 0.218831 0.195683 1 : 0.4
1 0.217501 0.825644 -0.779618 -0.442221 -0.431715 0.250857 0.446469 0.562472 : 0.4
0.660944 0.34754 0.738483 -0.858312 -0.201758 -0.406018 0.406936 -0.552583 0.46773 : 0.4
0.553837 0.646788 0.796124 -1 -0.107043 -0.286052 0.982032 0.449706 -1 : 0.5
0.660517 0.329137 0.908892 -0.619569 -0.20368 -0.393041 1 -0.131859 0.877586 : 0.4
0.566792 0.690803 1 -0.687613 0.35965 -0.295926 0.54287 -0.77736 -0.0390327 : 0.3
1 0.139195 1 -0.61315 -0.625219 -0.254714 0.819524 0.630453 0.501691 : 0.4
0.60551 0.663583 0.811482 -0.944099 -0.249184 0.0140417 0.482239 -0.450461 0.405024 : 0.3
0.926678 0.437548 0.659481 0.346026 -0.126578 -0.645808 -0.812471 0.154905 -0.0116495 : 0.1
0.166966 0.431412 0.793677 0.983228 -0.385965 0.479032 0.622781 0.801079 0.0323207 : 0
0.582819 0.506331 0.916547 -0.752471 -0.229832 -0.507185 0.674574 -0.591514 0.569463 : 0.5
1 0.500389 0.868824 -0.705751 0.0203449 -0.588128 0.885881 -1 -0.208786 : 0.4
0.762393 0.993695 0.781553 -0.551794 -0.189805 -0.65359 0.522178 0.599638 -0.189512 : 0.2
0.518063 0.47401 0.840384 -0.984542 -0.420328 -1 0.64213 1 0.966427 : 0.1
0.608735 0.450979 0.842769 -0.909271 -0.259593 -1 0.833403 -0.26896 0.2346 : 0.5
0.46507 0.451717 0.939625 -0.827262 -0.509782 0.627855 0.599388 0.170121 -0.627194 : 0
0.897832 0.29517 0.972381 -0.111977 -0.303741 -0.420346 1 0.128671 -0.558096 : 0.2
0.46615 0.353277 0.832079 0.000921369 -0.35943 -0.949989 0.379998 -0.209291 0.289398 : 0.2
0.71483 0.179375 0.838154 -0.791277 0.00882047 -0.616531 1 0.805341 0.567781 : 0.6
0.606092 0.406954 0.796657 1 -0.308321 -0.512484 0.960389 0.607083 0.478083 : 0.1
0.676312 0.721578 0.710613 -0.154033 -0.360157 -0.371236 0.651137 0.529432 0.761343 : 0.4
0.511252 0.324404 0.947287 -0.790578 -0.415594 0.258795 0.896704 -0.119079 1 : 0.3
0.620248 0.204376 1 -0.731256 -0.0846987 0.304445 1 0.373738 0.641072 : 0.6
0.570246 0.341733 0.760551 -1 -0.251091 -0.352739 0.449782 -0.17869 0.83509 : 0.3
0.325085 0.522908 0.641927 -0.0530624 0.0498747 0.831416 0.476841 0.337075 1 : 0.1
0.711849 0.366425 0.99687 -0.833147 -0.390203 -0.279036 0.179741 0.422026 1 : 0.2
0.878637 0.419506 0.754656 -0.78987 0.123037 -0.111185 0.72833 0.0177278 -1 : 0.4
0.729329 0.317724 0.91461 -0.521082 -0.0829719 0.671955 1 1 1 : 0.3
0.662348 0.461857 0.788588 -0.496749 -0.330943 0.205054 0.418801 -1 -0.4754 : 0.2
0.483237 0.419498 0.85149 -0.682011 -0.354905 -0.524275 0.609216 0.992015 0.163765 : 0.5
0.639906 0.608333 0.705296 -0.322087 0.752591 -0.181955 0.711766 0.0218711 -0.220768 : 0.1
0.634424 0.354248 0.826573 -1 -0.0827395 -0.251805 0.892824 0.0705412 1 : 0.5
0.285116 0.349232 0.759058 -0.0991171 0.0325663 0.563111 0.974689 0.432009 -0.856004 : 0.3
0.644475 0.465547 0.919283 -0.726864 -0.556228 0.322195 0.6523 0.276731 0.0220972 : 0.4
0.589408 0.456735 0.853749 -0.26864 -0.344495 -0.489604 0.492852 0.33606 0.890739 : 0.5
0.829942 0.491971 0.897148 -0.974131 -0.274851 0.540607 0.599843 0.391257 -0.391037 : 0.6
0.547995 0.452466 0.662827 -0.811807 -0.225595 -0.529619 -0.608879 0.827723 0.54257 : 0.4
0.535555 0.479372 0.875011 -1 0.16067 -0.209237 0.0164737 -1 -0.0640768 : 0.2
0.606038 0.254419 0.735026 -0.581483 0.00540942 -0.292825 0.53789 0.148367 0.289857 : 0.4
0.351319 0.0930269 0.965511 0.268878 -0.0940444 -0.216148 0.515885 0.0736029 -0.585204 : 0.3
0.468783 0.480307 0.815931 -0.841028 0.155326 0.186037 -0.00113343 0.534813 -0.197777 : 0.4
0.60303 0.526925 0.925611 -0.897892 0.151865 -0.899416 0.800268 0.336035 -0.624985 : 0.3
0.63418 0.0062637 0.878862 -1 0.164196 -0.76962 0.0266875 0.301284 0.816206 : 0.4
0.692444 0.313556 0.846363 -0.334077 -0.659649 0.166164 0.365418 1 -0.985328 : 0.6
0.574627 0.222221 0.965562 -1 -0.0554569 -0.142687 0.540982 0.157102 -0.84274 : 0.4
0.560485 0.386739 0.84914 -0.808379 -0.197858 0.174345 0.217941 0.201204 -0.303302 : 0.4
0.591868 0.478548 0.831484 -0.444049 -0.144782 -0.404616 1 0.332962 -1 : 0.5
0.695458 0.153439 0.879516 -0.241555 -0.208806 -0.5907 0.823588 0.337169 -0.114162 : 0.4
0.557077 0.501463 0.853904 -0.910941 0.028959 0.464517 -0.0245017 1 0.380625 : 0.4
0.586191 0.355962 0.875063 -1 -0.205276 -0.32125 -0.0466278 -0.0566425 -0.236951 : 0.3
0.625827 0.233114 0.975889 -1 -0.113377 -0.193649 1 -0.319158 0.37877 : 0.4
0.787659 0.350681 0.856052 -0.399843 0.0503547 -0.368407 0.495698 -1 -0.854721 : 0.2
0.63871 0.505148 0.952505 -0.769218 -0.0218239 -0.257272 0.364913 -0.187532 -0.312441 : 0.4
0.63412 0.419973 1 -0.832999 -0.940307 0.0240787 0.74125 0.533881 0.5374 : 0.4
0.636421 0.374669 0.77445 -0.624161 0.379129 -0.669871 0.120379 -0.0990315 0.3775 : 0.3
0.682417 0.266674 0.823423 -0.233147 -0.280826 -0.637953 0.473688 -0.27373 0.536648 : 0.5
0.660109 0.567877 0.84695 0.433409 -0.241208 -0.492062 0.162152 0.660263 0.947395 : 0.2
0.668858 0.197805 0.848046 -1 -0.54859 -0.178379 0.797032 0.0519191 0.812673 : 0
0.593875 -0.0577869 0.844986 -0.62155 -0.346678 -0.874712 0.275049 -1 0.203836 : 0
0.570548 0.752428 0.632019 -0.306115 0.320395 -0.219232 0.687422 0.288806 0.0740007 : 0.1
0.902047 0.749194 1 -1 -0.244829 -0.79266 0.986953 0.474221 0.482731 : 0.4
0.514843 0.190043 0.774419 -0.459821 -0.142878 0.119543 1 0.868938 0.0294806 : 0.3
0.883731 0.41897 0.84211 -0.673987 0.194231 -0.100236 0.472546 0.737935 0.473369 : 0.6
0.527102 0.3408 0.953316 -1 -0.262727 -0.523286 0.44777 0.0723331 0.348428 : 0.5
0.603144 0.950312 0.856835 -0.808273 0.241463 -0.908534 0.675232 0.290106 -0.965234 : 0.2
0.49611 0.434892 0.794141 -0.423839 -0.557778 -0.473472 -0.44625 0.859577 0.329416 : 0.3
0.588481 0.509456 0.81885 -1 -0.580335 -0.323197 0.211348 0.542594 0.589953 : 0.6
0.64167 0.418499 1 -0.84002 -0.309883 -0.309814 0.929693 0.815073 0.744417 : 0.4
0.40866 0.603849 0.699256 0.107233 -0.372894 -0.323311 0.523912 0.104391 1 : 0.3
0.725005 0.238877 0.844137 -0.573254 -0.461334 -0.821662 0.718117 0.308603 0.527939 : 0.4
0.463178 0.431413 0.604395 -0.740647 -0.207477 -0.748951 0.993446 0.0501863 0.941394 : 0.3
0.821091 0.347213 0.964767 -0.612986 -0.242322 -0.302464 0.645046 -0.078941 0.658366 : 0.4
0.752882 0.379308 0.929293 -0.513415 -0.184951 0.166231 0.622868 0.479002 0.679516 : 0.6
1 0.445963 0.933934 0.00882399 -0.0873876 -0.728431 -1 0.837946 0.0924002 : 0.5
0.563878 0.29778 0.829105 -1 -0.526258 0.627476 -1 -0.302666 0.128155 : 0.1
0.585008 0.398159 0.865695 -1 -0.47435 -0.402619 0.596932 -0.168048 -1 : 0.4
0.683697 0.457994 0.595347 -0.67082 -0.337894 -0.511626 0.791543 0.616107 0.718667 : 0.4
0.689213 0.484804 0.859949 -0.897749 -0.143549 -0.40463 0.845164 0.326464 0.020146 : 0.4
0.51018 0.588184 0.979208 -0.5735 -0.274989 -1 1 -0.66862 1 : 0.1
0.560039 0.489718 0.874121 -0.658613 -0.291146 -0.606364 -0.333057 0.337888 -0.160457 : 0.3
0.49294 0.406788 0.832691 -0.415837 -0.28657 -1 -1 0.663592 -0.0732126 : 0.2
0.592183 0.390377 1 0.910646 -0.525059 0.11773 0.715392 0.487258 -0.456412 : 0.2
0.952264 0.0456656 0.83436 0.315318 -0.346889 -0.413849 0.697495 0.782862 0.00872529 : 0.4
0.666461 0.104263 1 -0.440194 0.222286 -0.375229 0.800069 0.263061 0.450803 : 0.1
0.684419 0.347022 1 0.203002 -0.609131 -0.404264 -0.308733 1 -0.183188 : 0.4
0.559343 0.33648 1 -0.506461 1 -0.26849 0.256993 1 -1 : 0.1
0.824091 0.277738 1 -0.826969 -1 -0.380566 0.619403 -0.166848 -0.227622 : 0.3
0.555928 0.493856 1 -0.895744 -0.339708 -0.707526 0.787341 -0.155907 1 : 0.4
0.619334 1 0.877854 -0.582783 -0.0358006 -0.866496 0.635888 -0.0632522 0.786781 : 0
0.579608 0.522176 0.855257 -0.543082 0.774047 -1 -0.0995183 -0.0270757 -1 : 0.1
0.775964 0.356435 0.888526 -0.143127 0.120569 0.0952728 0.627799 -0.328848 0.283581 : 0.3
0.736915 0.588529 0.923648 -0.624048 0.234853 0.661714 -0.664807 0.833341 -0.796161 : 0.4
0.653495 0.290573 0.935736 0.494271 -0.708987 -0.372095 -0.196986 0.402193 1 : 0.3
0.674122 0.512468 0.529591 -0.822679 -0.40191 -0.424189 0.683779 -0.0739901 0.733667 : 0.5
0.195371 0.0877097 0.891567 -0.897351 -0.100672 0.0789644 1 0.370717 0.0289767 : 0.3
0.814873 0.502912 0.902489 -1 -0.452616 -0.163802 0.85031 0.435951 -0.729165 : 0.5
0.598584 0.370453 0.811122 -0.673655 -0.506164 -0.0422821 -0.154293 -0.838498 -0.470098 : 0.1
0.658716 0.343964 0.760247 -0.297397 -0.184271 -0.853425 0.444725 0.760986 0.564907 : 0.6
0.749605 0.362286 0.876502 0.6167 -0.434377 -0.0435343 1 -0.134543 -0.225941 : 0.2
0.241377 0.476691 0.935957 0.327694 -0.174867 -0.255743 0.60872 0.240764 0.525706 : 0
0.658786 -0.0224454 0.967379 -1 -0.65172 -0.192605 0.518155 0.931486 0.309834 : 0.4
0.692808 0.389952 0.805304 -0.589056 -0.243059 -0.274055 -0.191341 -0.335289 0.446726 : 0.6
0.500534 0.788288 0.932204 -0.592282 -0.614491 0.165798 0.455616 0.684587 -0.098066 : 0.1
0.296144 0.377646 0.88378 -0.51602 -0.536289 0.295407 0.398009 -0.218986 0.33913 : 0.3
0.977594 0.377721 0.961641 -0.503302 -0.229725 -0.24735 1 1 -0.0651042 : 0.5
0.895367 0.3677 0.960321 -0.750569 0.0763628 -0.653405 0.735179 0.367832 -0.45418 : 0.5
0.643918 0.197888 1 -0.625349 1 1 0.39312 0.196128 0.406784 : 0
0.732316 0.523638 0.934137 -0.457632 -0.241006 -0.655609 0.13158 0.653823 -0.922821 : 0.3
0.687163 0.413618 0.966028 -0.489849 0.0372015 -0.189175 0.428002 1 0.383082 : 0.3
0.849641 0.336849 0.94851 0.062867 0.737575 0.421884 1 -1 -0.902102 : 0.4
0.886633 0.344843 0.851678 -0.346792 -0.0907194 -0.870843 0.678314 0.765336 -0.804476 : 0.3
0.725569 0.621071 0.880676 -0.387084 -0.447095 -0.461944 -0.0799354 -0.163413 0.0761303 : 0.5
0.84123 0.435751 0.878439 -0.76581 -0.987104 -0.99327 1 0.427996 0.719561 : 0.5
0.833099 0.332915 0.99276 -0.764519 -0.846371 -0.555789 -0.124213 0.34533 0.47945 : 0.2
0.610292 0.292192 0.982738 -1 0.203339 -0.904967 0.464816 -0.27589 0.145281 : 0.5
0.299794 0.427055 1 -0.837358 -0.129577 -0.817668 0.418318 -0.259194 -0.346904 : 0.2
0.498369 0.383438 0.962793 -0.435308 -0.534315 0.0448432 -1 0.569011 0.00486133 : 0.3
0.708711 0.556604 0.892085 -0.64391 0.11478 -0.927748 0.714232 0.310929 -0.723372 : 0.5
0.321752 0.175221 0.911745 0.0819461 -0.337903 -0.364956 -0.165254 1 -0.414433 : 0.2
0.553892 -0.0710392 0.950947 -0.476948 -0.229562 -0.7187 -1 0.912933 0.290418 : 0
