0.636406 0.370271 0.895196 -0.158062 -0.326154 -0.393994 0.747736 -0.165849 0.975862 : 0.5
0.650498 0.476366 1 -0.613464 -0.321171 0.118052 1 0.66364 0.510833 : 0.3
0.626601 0.429584 1 -0.584794 -0.334649 -0.436468 0.619146 0.392503 0.209809 : 0.3
0.554762 0.342966 0.914019 -1 -0.509299 -0.164609 0.441227 1 0.535934 : 0.4
0.72425 0.310447 0.870983 0.0213236 -1 -0.152655 0.572644 0.297278 1 : 0.1
0.593769 0.202356 1 -0.690325 0.529486 0.423942 0.765407 0.0709592 -0.380974 : 0.5
0.620256 0.277501 0.891561 -0.354917 0.0267341 -0.227953 0.319623 -0.6819 0.553645 : 0.6
0.771834 0.596215 1 -0.290038 -0.647254 -0.164669 0.93264 0.633967 -0.234701 : 0.6
1 0.485185 0.938556 -1 -0.186858 -0.567221 0.452074 -0.235947 -0.0922255 : 0.5
0.559077 0.252047 0.934502 -0.787705 0.043856 -0.480408 -0.0283756 0.812695 -0.659126 : 0.6
0.638066 0.367883 0.947827 -0.500797 -0.551838 0.321607 0.343604 0.157927 -0.195435 : 0.3
1 0.330804 0.968824 -0.182201 -0.880421 -0.113118 0.802093 0.332497 0.889926 : 0.5
0.811139 0.387689 0.966174 -0.383023 -0.440294 -0.841569 0.368915 0.333843 0.404778 : 0.2
0.571886 0.430292 0.915251 -0.674915 -0.872457 0.248989 0.157325 0.536978 0.316506 : 0.3
0.597748 0.301571 0.903279 -1 -0.294098 0.292711 0.584911 0.452265 -0.503787 : 0.4
0.356265 0.336597 0.89181 -1 -0.315252 0.143786 0.455536 -0.067862 -1 : 0.4
1 0.400751 0.774909 -0.0192692 0.21607 -0.969358 0.858182 0.756642 0.394075 : 0.4
0.615771 0.307573 0.892097 -0.972626 -0.348278 -0.222433 -0.329194 1 -0.108761 : 0.5
0.556848 0.291753 0.946164 -0.843351 -0.322439 -0.324562 0.985875 -0.603357 0.741856 : 0.5
0.776344 0.297297 0.889669 -0.37853 -0.0533772 0.235592 0.204618 0.387553 -0.0630868 : 0.3
0.496382 0.786608 0.901451 -1 -0.386299 -0.748086 1 0.468786 -0.0246304 : 0.1
0.657163 0.43075 0.93943 -0.491425 -0.233089 -0.170952 0.0209811 -0.733105 -0.0781286 : 0.4
0.619078 0.997699 0.873938 -0.736887 -0.391221 -0.293445 0.403991 0.372199 0.702224 : 0
0.691056 0.305803 0.978311 -0.844616 -0.181868 -0.283773 0.768028 -0.158041 0.268874 : 0.3
0.636954 0.466877 0.852945 -0.555015 -0.671471 -0.284859 0.665662 0.998914 0.279976 : 0.3
0.705409 0.366246 0.831168 0.558898 -1 -0.762975 0.380359 0.081599 0.533483 : 0.2
0.552203 0.294173 0.878626 -0.602445 0.383268 -0.430923 0.656582 0.129412 -0.111564 : 0.5
0.709877 0.319726 0.785111 -0.635675 -0.0362532 -1 0.383504 0.331662 -1 : 0.2
0.775231 0.33703 0.836583 -0.0143031 0.173373 0.087566 0.905038 0.278878 0.588996 : 0.5
1 0.310964 0.789743 -0.734236 -0.0412123 -0.226112 0.394459 -0.444426 0.133872 : 0.3
0.705283 0.324306 0.96042 -0.267301 -0.22741 -0.344586 0.51903 -0.348064 0.30311 : 0.7
0.54709 0.370295 0.917448 -0.767039 -0.36874 0.657063 0.0913682 0.0555596 0.464267 : 0.4
0.881065 0.297055 0.896146 -0.430021 0.963503 -0.318985 0.0794133 1 0.696137 : 0.2
0.668245 0.273273 0.785249 -0.886999 -0.578293 -0.412463 0.887123 -0.0173371 -0.639549 : 0.3
0.617512 0.394147 0.897298 -1 0.431889 -0.331023 -0.0878614 1 0.229708 : 0.6
0.553716 0.917566 0.983175 -0.445175 -0.529507 0.378135 1 0.418641 -0.305489 : 0.1
0.721845 0.27911 0.527407 -0.45179 0.22538 -0.229479 -0.374874 1 0.275288 : 0.1
0.527329 0.401561 0.999617 -1 -0.356498 0.0120595 0.648366 -0.192485 0.232478 : 0.4
0.719106 0.415666 0.82847 -0.0845029 -0.391909 -0.362253 0.693097 0.313477 0.00622672 : 0.6
0.588093 0.509535 0.879995 -0.294077 -0.0419807 -0.610445 0.738761 -0.649239 0.967488 : 0.3
0.567132 0.427747 0.704017 -0.866016 -0.31849 0.700333 -0.239832 0.0627774 0.764129 : 0.3
0.643989 0.325135 0.975306 -0.502801 -0.950217 -0.128124 0.906003 0.548171 1 : 0.4
0.547336 0.455377 0.814593 -0.913521 -0.470131 0.261317 0.554383 0.251334 0.0207002 : 0.6
0.648039 0.284023 0.816515 -0.628068 0.0510921 -0.0755963 1 0.310188 0.616816 : 0.7
0.711346 0.31654 0.889377 -0.8294 -0.114451 -0.309399 0.523491 0.238607 0.351663 : 0.5
0.62552 1 0.912986 -0.586223 -0.174379 -0.19466 0.166049 0.221121 -1 : 0.2
0.62785 0.390459 0.823751 0.00197923 -0.51071 0.0387399 -0.273031 1 -0.0869105 : 0.2
0.554187 0.277733 0.972434 -0.291329 -0.683291 -0.245843 0.188387 0.703383 0.548979 : 0.2
1 0.341886 0.889168 -0.660593 -0.112152 0.212308 0.261933 1 0.109181 : 0.4
0.57732 0.42437 0.882991 -0.691337 -0.279888 -0.273619 0.364199 0.700168 0.553845 : 0.4
0.726325 0.275629 0.90679 -0.33783 0.0428571 0.203199 -0.272522 0.570897 0.962555 : 0.3
0.540775 0.386386 0.62389 -0.771374 -1 1 0.777988 0.738502 -0.220716 : 0.1
0.582617 0.309138 1 -0.439727 -0.867129 0.517185 -0.153526 0.216905 -0.471839 : 0.1
0.798302 0.42214 0.844881 -0.865603 -0.0962675 -0.119111 0.86651 1 1 : 0.5
0.72751 0.333655 0.854278 -0.0869225 -0.965795 -0.368091 0.340386 0.411588 0.936933 : 0.2
0.941319 0.455997 1 -0.242544 0.11983 0.973222 0.867876 -0.149555 -0.432123 : 0.3
0.720862 0.298404 0.829617 -0.372181 -0.505306 -0.201539 0.14306 0.673916 -0.0355875 : 0.2
0.599613 0.244345 0.689783 -0.437004 -0.453462 -0.509958 0.217404 -0.500126 0.300328 : 0.2
0.519667 0.422929 0.84111 0.131585 -0.0065296 -0.328488 0.607803 0.550009 0.899826 : 0.4
0.396023 0.280249 0.825503 0.0119672 -0.791928 -0.30879 0.757302 0.00899783 -0.531929 : 0.2
0.693969 0.251425 0.798734 -0.52572 0.00900197 0.0985413 0.497898 0.542297 1 : 0.4
0.642545 0.292526 0.828969 -0.663296 -0.520191 0.21894 -0.190425 0.975148 -0.233354 : 0.1
0.60692 0.290965 0.988681 -0.903706 0.256802 -1 1 -0.414646 0.975414 : 0.1
0.6149 0.998895 0.910586 -0.721598 -0.404029 -0.473233 0.122739 0.461497 -0.938257 : 0.1
0.684785 0.386467 1 -0.562688 0.0741061 -0.611415 0.72798 0.547065 -0.155565 : 0.5
0.65792 0.425211 0.989621 -0.297651 0.0813505 -0.766896 0.709576 -0.272837 -0.178608 : 0.5
0.537895 0.411872 0.858306 -0.514248 -0.634624 -0.3876 1 0.0295682 1 : 0.4
0.769998 0.308516 0.702872 0.0262465 -0.616108 -0.429853 0.517547 0.820292 0.354628 : 0.3
0.674944 0.568297 0.862109 -0.000865936 -0.479056 0.387775 0.57563 0.157921 0.684116 : 0.6
0.955746 0.450122 0.793895 -0.684046 -0.113855 -0.118202 -1 0.317367 -0.217106 : 0.2
0.6641 0.595255 0.902397 -0.878997 -0.405528 -0.426932 0.658808 0.528371 0.279012 : 0.4
0.56193 0.180251 0.929886 -0.138059 0.196214 0.22282 0.222335 0.448819 0.382114 : 0.2
0.614317 0.251665 0.667495 -0.816477 0.143361 -0.312875 0.702391 0.508547 0.361614 : 0.4
0.627542 0.380975 0.904285 0.0710222 0.332692 -1 -0.155677 -0.426767 0.0579617 : 0.2
0.699373 0.338449 0.711601 -0.560849 -0.22306 1 0.106468 0.107961 -0.136652 : 0.1
0.732962 0.310765 0.90429 -0.0448663 0.501781 0.171957 0.0566874 0.913068 -0.092622 : 0
0.372141 0.530728 0.93706 -0.326258 -0.407157 -0.522097 1 0.601053 0.609466 : 0.1
0.64247 0.401648 0.898341 -1 -0.558913 -0.0458976 0.517089 0.0817764 0.656448 : 0.3
0.581655 0.270581 0.81369 -0.514968 -0.458787 0.164977 0.632138 0.485237 0.75837 : 0.3
0.767257 0.475864 0.79584 -0.45673 -0.797671 -0.200393 0.177249 0.975069 -0.972546 : 0.3
0.612518 0.336053 0.991226 -0.923086 -0.0199134 -0.476005 0.506357 0.0611555 -0.314994 : 0.6
0.655281 0.297687 0.860542 -0.190288 -1 -0.479751 0.23282 -0.387966 1 : 0.2
0.577244 0.677294 0.794461 -0.450224 -0.52251 1 0.310533 0.197262 -0.535567 : 0.3
0.674595 0.728832 0.276499 0.00180125 -0.227439 -0.259804 0.0573844 -0.671048 0.62072 : 0.3
0.305448 0.496926 0.868001 -1 -0.303772 -0.325443 0.313008 -0.112641 -0.102665 : 0.3
0.64482 0.454787 0.955566 -0.643793 -0.44756 -0.311636 0.958975 0.999779 -1 : 0.4
0.758949 1 0.803409 -0.0315238 -0.116159 0.750075 0.260812 0.986853 -0.14585 : 0.5
0.728449 0.433789 0.963529 -0.113479 0.103708 0.910494 0.383278 -0.342963 -0.200033 : 0.3
0.900047 0.298399 0.788169 -0.485765 0.0197514 0.489186 0.309117 0.563187 -0.521158 : 0.3
0.576552 0.290246 0.856655 -0.817066 -0.00389624 0.0285836 -0.124989 1 -0.536153 : 0.3
0.660478 0.350329 0.816935 -0.958637 -0.476104 -0.104526 0.98537 0.93563 0.0925395 : 0.6
0.542976 0.342234 0.980029 -0.275108 0.603182 -1 0.81431 0.550169 0.31376 : 0.1
0.706605 0.19017 0.855396 0.271236 -0.325446 -0.507264 1 0.318836 1 : 0.4
0.603663 0.382547 0.933125 -0.831746 -0.601914 0.914688 0.510073 0.233784 0.958309 : 0.2
0.640119 0.410567 0.878673 -0.933711 -0.320096 -0.409721 -0.82692 0.798882 1 : 0.2
0.627675 0.36592 0.746083 -1 -0.678598 -0.421054 0.135558 0.363945 0.227744 : 0.2
0.781962 0.288454 0.808578 -0.851827 -0.635762 0.418252 0.452087 0.224271 -0.59977 : 0.2
0.684905 0.463732 0.884715 -0.976328 -0.455305 0.0678435 -0.427022 0.32574 0.706332 : 0.2
0.968535 0.425889 0.962326 0.339768 -0.0786954 -0.242449 0.254703 0.241735 0.598294 : 0.3
0.567923 0.382936 0.81275 -1 0.167546 -0.00716525 0.594335 0.343886 0.0276612 : 0.6
0.64583 0.973658 0.70307 -0.369484 -0.50185 -0.0967868 -0.0678092 0.741535 0.435016 : 0.2
0.602886 0.921834 0.958841 -0.504511 0.383165 -0.172888 0.453864 0.555233 0.551615 : 0.3
1 0.45517 0.910647 -0.131086 -0.102779 -0.00927103 0.909961 1 0.230709 : 0.3
0.613578 0.141023 0.848244 -0.491153 -0.327289 -0.398509 0.325716 1 0.141456 : 0.5
0.624701 0.946677 0.897585 -0.806819 -0.105961 0.322889 0.358858 0.117812 0.118269 : 0.3
0.983605 0.384926 0.896597 -0.775112 -0.364977 -0.414203 1 -0.146342 0.40645 : 0.7
0.621573 1 0.899741 -0.738095 -0.0658563 -0.284066 0.0479178 1 -0.815093 : 0.1
0.714768 0.542723 1 -0.143087 -0.151649 -0.11845 0.53242 1 0.281405 : 0.1
0.705416 0.389718 0.84042 -0.222784 0.0293494 0.0378988 0.101152 -0.250462 -0.111962 : 0.4
0.597303 0.28286 0.970262 -0.484214 -0.588786 -0.369959 0.804653 -0.290767 0.384539 : 0.3
0.780558 0.40232 0.867023 -0.510592 0.170281 -1 -0.279151 0.556864 0.239621 : 0.4
0.772849 0.364344 0.937709 -1 -0.415881 -0.360526 0.665525 0.346716 0.281062 : 0.3
1 0.380745 0.805144 -0.861474 0.072641 0.607027 0.632113 0.138235 0.144295 : 0.4
0.586676 0.256124 0.680748 -0.130656 -0.472123 -0.656435 0.661356 0.107927 -0.241639 : 0.1
0.779677 0.31577 0.80489 -0.834832 0.843873 0.0590497 0.252107 0.360578 0.179566 : 0.3
0.799492 0.31496 0.681705 -0.82127 0.165152 -0.368681 0.444696 -0.240521 -0.0631632 : 0.3
0.62765 0.416579 0.847297 -0.547889 0.217114 0.198121 0.775483 0.69636 0.633539 : 0.2
0.632128 0.400061 0.74678 -0.108689 -0.074166 -0.0159038 0.84443 0.564596 0.176847 : 0.4
0.64532 0.421865 0.837307 -0.756276 -0.18016 0.235278 -0.352413 0.428935 0.948605 : 0.4
0.511232 0.593303 0.64526 -0.485382 -0.45809 0.247513 0.243405 0.376475 0.293075 : 0.3
0.836963 0.439567 0.844177 -0.411492 -0.119687 -0.512099 0.450265 0.56355 -0.334348 : 0.4
0.795272 0.318655 0.900528 -0.0435905 -0.32029 -0.217015 0.272558 0.584939 -0.966402 : 0.4
0.66463 0.373935 0.875003 -1 -0.285748 0.119116 0.74019 0.526212 -0.223243 : 0.5
0.545908 0.444297 0.827561 -0.62613 -0.227836 -0.154658 0.45706 1 0.761124 : 0.5
1 1 0.928038 -0.452053 -0.713317 -0.0928847 0.271908 0.172897 0.447595 : 0.4
0.673184 0.370396 0.844945 -0.463367 0.37989 -0.509336 0.567401 0.321601 1 : 0.1
0.662144 0.290777 1 -0.94221 -0.375757 -0.34149 1 0.153295 0.0173275 : 0.5
0.626383 0.316294 0.8191 -0.437729 -0.661272 -0.105207 0.723384 1 0.421987 : 0.3
0.689399 0.312182 0.992841 -0.327216 -0.51787 0.310515 0.506901 0.509815 -0.331959 : 0.5
0.575576 0.36279 1 -0.910568 -0.484283 -0.282195 0.868492 0.508094 -1 : 0.3
0.655273 0.378783 0.838787 -0.141725 -0.476368 -0.086907 0.610847 0.330091 0.810509 : 0.7
0.416323 0.358824 0.803462 -0.82584 -0.549011 -1 0.520401 0.815453 -0.10463 : 0.1
0.578113 0.368545 0.759564 -1 0.0376539 -0.377601 0.423008 -0.0509536 -0.104076 : 0.4
0.803474 0.352578 0.756059 -0.484489 -0.10002 -0.328734 0.792383 0.327331 1 : 0.3
0.609227 0.341982 1 -0.977955 0.0190229 1 0.70464 0.688676 0.955883 : 0.3
0.63338 0.462459 0.734804 -0.61709 -0.329031 -0.349481 0.709272 -0.401438 0.428183 : 0.6
0.586215 0.420436 0.863337 -0.103125 -0.190626 -0.399827 0.300551 -0.365809 -0.151238 : 0.4
0.729601 0.275636 0.909502 0.315969 -0.122857 0.0599872 0.508477 -0.0159479 0.579663 : 0.4
0.584408 0.809389 0.902112 -0.196607 -0.470944 0.476584 0.132447 0.594548 -0.800145 : 0.3
1 0.34421 0.917955 -0.329771 0.0698817 0.954313 0.467077 0.361889 -0.272245 : 0.1
0.610229 0.358892 0.943585 -0.486583 -0.0572324 -0.318082 0.667532 -0.0565125 -0.275135 : 0.6
0.618844 0.306201 0.925534 -0.681827 -0.448908 -0.222618 0.440078 -0.323172 0.0634053 : 0.4
0.63745 0.500484 0.736387 -0.269993 -0.246273 -0.156302 0.351727 -0.252565 -0.587678 : 0.6
0.579009 0.41099 0.965561 -0.90506 -0.25969 0.0448202 1 0.938401 0.361415 : 0.5
0.688572 0.382809 0.893687 -0.501625 0.297088 -0.115165 0.928684 -0.164115 0.21221 : 0.4
0.691388 0.336046 0.834578 -0.381765 -0.527965 -0.107435 1 -0.325502 0.088304 : 0.5
0.660893 0.384545 0.861085 -1 -0.733095 -0.164107 0.208732 0.0748128 0.111563 : 0.3
0.828227 0.497437 1 -0.94837 0.469214 -0.120545 1 0.20183 0.565012 : 0.6
0.749001 0.502066 0.635321 -0.904396 -0.271769 -0.493178 0.411863 -0.216991 -0.479246 : 0.5
0.799428 0.470793 0.914383 -0.241501 0.527167 -0.701858 -0.14024 -0.571451 0.834323 : 0.4
0.503985 0.371947 0.781621 -0.0204155 -0.738488 -0.697564 1 0.644712 -0.710204 : 0.4
0.529134 0.361715 0.886641 0.402946 -0.20893 -0.327574 0.627147 0.562071 -0.746436 : 0.6
0.58303 0.351421 0.862942 -0.585481 0.731877 -0.447409 0.784652 0.893209 0.534835 : 0.4
0.488524 0.338239 0.990678 -0.20978 0.24017 0.149389 0.764925 0.00693737 -0.329077 : 0.6
0.699515 0.190109 0.888873 0.219365 -0.731859 -0.42722 0.379088 0.277774 1 : 0.4
0.627062 0.314824 1 -0.622691 -0.653275 -0.592275 0.328258 0.392874 0.730062 : 0.1
0.552077 0.42321 0.953474 -0.0422584 -0.15993 -0.458112 0.444758 -1 -0.149091 : 0.4
0.685133 0.30988 0.9719 -1 -0.248491 -0.502453 -0.127032 -0.497002 0.687241 : 0.2
0.812766 0.510324 0.835752 0.0236869 -0.719603 -0.0871179 0.131705 0.583806 -1 : 0.6
0.643115 0.389243 0.872784 -0.584428 -0.362829 -0.316589 0.709764 0.829509 -0.109443 : 0.4
0.806174 0.313357 0.801379 -0.764288 0.0614769 -0.47383 0.583494 1 0.235125 : 0.5
0.584165 0.363858 0.904782 -1 -0.606529 -0.264828 0.742924 0.496346 -0.572342 : 0.4
0.585573 0.198229 0.87906 -0.549173 -0.432522 -0.982963 0.287256 0.455952 -0.0894455 : 0.3
0.550291 0.397956 0.962359 -0.538264 -0.318887 0.0889115 1 0.181327 -0.0748314 : 0.3
0.665792 0.360247 0.875962 -0.352204 0.195429 0.705637 0.726197 0.581865 -0.064954 : 0.3
0.54459 0.416877 0.790816 -0.683655 -0.296236 -0.0811499 1 1 0.823632 : 0.3
0.601685 0.295124 0.923462 -0.128846 -1 -0.0374046 0.841694 0.818791 0.609614 : 0.4
0.677401 0.36334 0.871661 0.0752743 -1 -0.205264 -0.637375 0.285427 -0.354838 : 0.3
0.621255 0.39919 0.901646 -0.409167 -0.139057 -0.385865 0.123141 0.632122 0.530091 : 0.6
0.605402 0.416767 1 -0.876025 0.013964 0.758902 0.624292 1 -0.00179926 : 0.7
0.541929 0.334333 0.896044 -0.322107 -0.926306 -0.16885 0.323301 -0.456451 -0.0685819 : 0.1
0.589046 0.441843 1 -0.90707 -0.455636 -0.396635 -0.636376 0.291639 0.414195 : 0.5
0.634132 0.18407 0.707258 -0.855062 -0.184068 -0.429041 0.238715 0.978778 0.379018 : 0.7
0.702034 0.37014 0.749887 -0.5561 0.0451835 -0.727463 0.378142 0.79775 0.836761 : 0.4
0.767007 0.72549 0.878946 -0.620495 -0.0284276 -0.751237 0.953535 -0.215945 0.216846 : 0.6
0.617426 1 0.819255 -0.62575 -0.294639 -0.230508 0.137525 0.92381 1 : 0
0.665061 0.403101 0.817617 0.282905 -0.604474 0.413258 0.951622 -0.110367 -0.603442 : 0.4
0.536416 0.471293 0.936579 -0.435155 0.503954 -0.785749 0.741871 0.177608 0.488094 : 0.1
0.658473 0.310553 0.912531 -0.49761 -0.237406 -0.452785 1 0.819008 0.492594 : 0.7
0.708289 0.3929 0.82961 0.265124 -1 0.314812 0.44756 -0.331864 -0.774515 : 0.1
0.662887 0.176603 0.859669 -0.379736 -0.486313 -0.551757 0.564937 0.411263 0.148265 : 0.5
0.566438 0.291127 0.871409 -0.432752 -0.909867 0.384344 1 0.274324 1 : 0.2
0.643396 0.313749 1 -0.763567 -0.181487 -0.0701817 1 1 -0.610886 : 0.5
0.81429 0.507313 0.873431 -0.459726 -0.173429 -0.631319 1 0.813229 0.335832 : 0.6
0.612678 0.295766 0.817312 -0.475711 0.245708 -0.0949075 0.241048 0.0577499 0.522385 : 0.4
0.613929 0.438022 0.991121 -0.820202 -0.046833 -0.282472 0.643859 -0.585754 0.408635 : 0.3
0.625842 0.304558 0.881168 -0.820922 -0.813221 0.253035 1 1 0.414093 : 0.2
0.833953 0.240608 0.932622 0.826398 -0.236781 -0.23862 0.765726 -0.409255 0.577269 : 0.5
0.569622 0.348371 0.874549 -0.531456 0.330264 0.567945 0.241413 0.192125 -0.121728 : 0.4
0.943922 0.554947 0.83022 -0.972252 -0.178193 -0.656662 0.214507 -0.44349 0.345322 : 0.4
0.903813 0.361654 0.858989 -0.264394 -0.572419 0.0860644 0.256157 0.860913 0.495635 : 0.4
0.676102 0.451784 0.974705 -0.708014 0.369481 0.712518 0.593033 0.328036 0.50801 : 0.4
0.700137 0.513107 0.831289 -0.464505 -0.137245 0.114566 0.47988 0.430316 0.354779 : 0.7
0.447032 0.383462 0.897812 -1 -0.349469 -0.337332 -0.268349 0.579084 0.691702 : 0.4
0.794351 0.43219 0.708362 -0.858013 -0.240608 -0.167139 1 0.809234 -0.0221876 : 0.4
0.795615 0.71099 0.782579 -0.717833 -0.294627 -0.661031 -0.699115 0.486682 -0.192228 : 0.4
1 0.384876 0.914218 -1 -0.333871 -0.0601054 0.176833 0.104197 -0.234986 : 0.3
0.616989 0.921519 0.912834 -0.720425 -0.438974 0.266454 -0.0927818 0.579426 -1 : 0.3
0.598523 0.4792 0.868349 -0.703118 0.0515535 -0.427919 0.8493 1 -0.498541 : 0.5
0.607743 0.398192 0.901666 -0.872766 0.172186 -0.0424632 0.790754 0.328644 -0.0273345 : 0.8
0.451912 0.367151 1 -0.658506 -0.12421 0.431211 0.510243 0.487035 -0.0278192 : 0.4
0.540205 0.385824 1 -0.564398 -0.0416193 0.141007 0.716753 1 0.789781 : 0.3
0.626851 0.431262 0.817784 -1 -0.098946 -0.182791 0.563687 -0.218144 0.738429 : 0.5
0.66249 0.38286 0.908127 -0.609928 -0.0697646 -0.372538 0.670492 -1 -0.108736 : 0.3
0.609482 0.363662 0.701702 -0.852152 -0.0328613 -0.784165 0.417579 0.511833 -0.192801 : 0.3
0.534488 0.312291 0.876656 -1 -1 -0.0354665 1 0.871883 0.222013 : 0.4
0.663009 0.434338 0.86472 -0.465868 0.356223 0.14038 -0.173634 0.554596 0.783311 : 0.4
0.7373 0.420551 0.888063 -0.744176 -0.196136 -0.52547 0.290424 -0.248865 -0.231053 : 0.4
0.643284 0.354456 0.884339 0.643731 -0.586048 -0.665384 0.67687 0.252642 -0.0407619 : 0
0.61733 0.282665 0.846285 -0.871202 -0.602067 -0.296085 -0.158683 -0.55196 0.106822 : 0.3
0.608065 0.293182 0.927414 0.0785955 0.519008 1 1 0.369744 0.847297 : 0
0.75491 0.380037 0.817384 -0.861515 -0.115129 -0.11049 0.256882 0.663394 0.478289 : 0.5
0.518429 0.201023 0.831832 -0.724769 -0.126816 -0.333097 0.106913 -0.384668 0.169161 : 0.6
0.578653 0.474798 0.960051 -0.393937 -0.150918 0.205799 0.25018 0.612348 0.665696 : 0.3
0.542657 0.301989 0.902593 -0.591287 -1 0.0708583 0.748495 0.573409 0.328144 : 0.4
0.410512 0.486307 0.942631 -0.590314 0.0584254 0.677302 1 -0.156164 -1 : 0.2
0.819657 0.372488 0.733484 -0.079079 0.163282 -0.0257836 0.09022 0.532238 -0.153319 : 0.6
0.590089 0.473208 0.620893 -0.708901 -0.0895064 -0.846396 -0.00095892 -0.209386 0.166919 : 0.4
0.670024 0.245491 0.868102 -0.51253 -1 -0.185052 -0.448888 0.332743 -0.506088 : 0.2
0.545797 0.330081 0.944539 -0.877836 -0.147649 -0.807717 0.511038 1 -0.519414 : 0.4
0.46679 0.407221 0.72344 -0.752655 -0.317412 -0.0122198 0.13325 -0.902738 0.613023 : 0.5
0.792915 0.408653 0.713809 0.115542 -0.0546874 -1 0.389372 0.80485 -0.140639 : 0.4
0.644496 0.406647 1 -0.294018 0.822398 1 0.0196477 -0.467305 -0.394499 : 0.1
0.616661 0.380232 0.988566 -0.807136 -0.790894 -0.429668 0.877066 1 1 : 0.4
0.584113 0.250787 0.904796 -0.924117 -0.173254 0.248789 0.584281 0.356153 -0.127574 : 0.4
0.625007 0.279562 0.813854 -0.871357 0.287559 0.188772 0.632469 0.282832 1 : 0.4
0.618647 0.321182 0.87275 -1 -0.597295 -0.0703497 0.285569 -1 -0.223683 : 0.2
0.70294 0.446175 0.342979 -0.92497 -0.00757086 -0.177666 0.646053 -0.109705 1 : 0.3
0.527273 0.214277 0.880376 -0.090119 -0.349396 0.0891762 0.119572 0.168345 0.288113 : 0.5
0.923686 0.236971 0.904281 -0.275647 -0.518008 -0.321913 0.260348 0.240002 0.267184 : 0.3
0.853894 0.298222 0.742949 -0.832466 0.0863775 0.0526371 0.449954 -0.814938 -0.840813 : 0.2
0.617149 0.513775 0.781347 -1 -0.241535 -0.229637 1 0.58134 0.402398 : 0.5
0.553584 0.295371 0.884635 -1 -0.221013 -0.179807 0.624626 0.335302 0.687653 : 0.6
0.682611 0.371156 0.790869 -0.791531 -0.285603 0.318421 0.604121 0.472158 0.434495 : 0.5
0.608618 0.476205 0.800609 -0.436255 0.0138226 0.628382 0.377348 0.0551958 0.38911 : 0.4
0.625801 0.460965 0.802848 -0.675137 -0.545718 -0.261592 0.516931 0.399809 -0.187642 : 0.4
0.658776 0.488654 0.948453 0.09724 -0.200792 0.316658 0.625038 0.200921 0.489035 : 0.4
0.583512 0.356079 0.890997 -0.718636 -0.472557 0.460386 0.511833 0.132712 -0.0494684 : 0.2
0.632927 0.422008 1 -0.1251 -0.0298592 0.325977 -0.0867101 0.652241 0.776357 : 0.3
0.529919 0.344522 0.920715 -0.393056 -0.157547 -0.422729 0.0470534 0.107901 -0.982876 : 0.3
0.695518 0.357427 0.852289 -0.570667 -0.772401 0.736762 0.599733 0.0981284 -0.0790228 : 0.3
0.526148 0.257254 0.841298 -0.275152 -0.588391 -0.0813203 0.297213 0.170891 0.385725 : 0.4
0.638109 0.363887 0.860482 1 -0.0341698 -0.130218 0.582503 -0.761376 0.642245 : 0.3
0.623829 1 0.904608 -1 -0.0122925 -0.216102 0.505954 0.204872 0.405347 : 0.3
0.980686 0.477748 0.52181 -0.185613 -0.31526 -0.201105 0.248735 -0.184406 -0.546404 : 0.4
0.623856 0.655202 0.925196 0.371666 -0.418257 -0.349204 0.930298 -0.236668 0.19835 : 0.1
0.588695 0.352493 0.860448 -0.898197 -0.0942603 0.389894 0.383436 0.166772 -0.0789829 : 0.4
0.628527 0.28342 0.860761 -0.646021 0.53593 -0.196768 0.51295 0.754843 -0.223186 : 0.1
0.486059 0.227847 0.827506 -0.019598 -0.715532 0.180381 -0.126684 0.309181 0.541869 : 0.1
0.610152 0.366878 0.888726 -1 -1 0.0314763 1 1 0.778728 : 0.6
0.631196 0.480735 0.876173 -0.794327 -0.0129367 -0.328703 0.82332 0.942905 0.510604 : 0.3
0.474279 0.521257 0.944527 0.14517 -0.180853 0.332511 0.22341 0.398952 0.649788 : 0.1
0.741505 0.356389 0.897428 -0.241032 -0.255563 -0.19423 0.289625 0.378168 0.958507 : 0.5
0.607921 0.377316 0.800982 -0.668831 -0.931219 -0.0439711 0.349256 0.429509 -0.692337 : 0.5
0.616406 0.445537 0.905739 -0.784509 -0.527969 0.379367 0.291023 0.535958 0.485748 : 0.1
0.754553 0.374393 0.838461 0.0810872 0.0873654 -0.493461 0.270423 0.3579 1 : 0.5
0.68786 0.381997 0.950139 -0.895185 -0.470177 0.0688437 1 0.415109 -1 : 0.6
0.63979 0.373977 0.953748 -0.687747 0.867767 0.207719 0.459502 0.659158 -0.253993 : 0.4
0.670321 0.317799 0.750525 -0.69613 -0.0688916 -0.343073 0.499823 0.382565 0.020006 : 0.2
0.566027 0.399077 0.769827 -1 -0.485116 -0.350891 0.654441 0.670864 -0.0550061 : 0.5
0.725076 0.673805 0.636673 -0.75677 0.391929 -0.240702 1 0.764498 0.0680097 : 0.3
0.591852 0.417617 0.87457 -0.785859 -0.345604 0.892684 1 -0.0471649 1 : 0.5
0.633701 0.419829 0.85965 -0.497959 0.670043 -0.0993731 -1 0.0312135 -0.0122285 : 0.3
0.439768 0.384831 0.840164 -1 -0.599893 -0.148184 0.585998 0.457642 -0.46031 : 0.2
0.767581 0.412766 0.914198 -0.711781 -0.661629 -0.796998 0.205375 0.547358 0.318085 : 0.3
0.444152 0.463463 0.907227 -0.131323 0.239446 0.436951 0.434269 0.169378 0.838855 : 0.1
1 0.368474 0.864636 0.319751 -0.112008 -0.19614 0.525177 -0.595644 -0.485038 : 0.2
0.506812 0.352367 0.849342 -0.856132 -0.199644 -0.158866 0.0886742 0.175565 -0.283228 : 0.5
0.716965 0.435037 0.892361 -1 -0.462753 -0.0407168 0.649434 0.518193 0.246318 : 0.6
0.63636 0.200505 0.896256 -0.909538 -0.455765 -0.291832 0.556925 0.780979 -1 : 0.4
0.572544 0.28275 0.805605 -0.71314 -1 0.597745 0.80853 0.720836 1 : 0.2
0.709345 0.547121 0.831094 -0.297098 -0.728486 -0.780592 -0.222009 -0.0845625 0.665197 : 0.4
0.605709 0.342568 0.833145 -0.669798 -0.243924 0.33483 -0.819855 -0.26236 0.467941 : 0
0.668791 0.388014 1 -0.139334 0.0619963 -0.578278 0.703135 0.285642 -0.0748696 : 0.4
1 0.334492 0.863751 -0.905932 -0.669983 -0.201777 0.409973 0.451795 -0.222241 : 0.7
0.910937 0.415752 0.872653 -0.261763 -0.0751822 -0.0735353 0.296922 0.286304 0.539734 : 0.6
0.446143 0.393957 0.882773 -0.879273 -0.257951 -0.50306 0.373555 0.322911 -0.162929 : 0.4
0.485561 0.405516 0.868969 -1 -0.342688 -0.995067 0.703265 0.0945744 0.183642 : 0.2
0.725468 0.462325 0.676781 -0.735529 -0.410825 -0.204563 0.694411 1 0.59493 : 0.2
0.490801 0.192201 0.816962 -0.917878 -0.0555206 -0.265436 0.187316 1 0.19012 : 0.3
0.586766 0.374217 0.914941 -0.384421 -0.434619 0.00369734 0.725265 0.51567 0.625211 : 0.4
0.490812 0.473221 0.651699 -0.849716 -0.0718676 -0.277665 0.500343 0.693817 0.774262 : 0.3
0.647872 0.394785 0.830242 0.24872 -0.284176 -0.13486 0.081573 0.378789 0.483031 : 0.3
0.666744 0.292224 0.790852 -0.145523 -0.491256 -0.416679 0.688848 0.99128 -0.375738 : 0.5
0.447138 0.465787 1 -0.875879 -0.440822 -0.821226 0.811799 0.763071 -0.0228658 : 0.1
0.588916 0.292279 0.891074 -0.596265 -0.279096 0.394738 0.255773 0.844023 0.537636 : 0.3
0.451856 0.415873 0.922352 -0.547937 0.493238 0.389651 0.440181 -0.358127 0.743742 : 0.3
0.603515 0.311584 0.87213 -0.578164 -0.725869 -0.363688 0.207868 0.727425 0.308704 : 0.6
0.723997 0.445772 0.843761 -0.803755 -0.919735 -0.361712 0.121106 0.553313 0.874862 : 0.5
0.592015 0.338327 0.841921 0.375473 -0.868953 -1 0.765963 0.423236 -0.114112 : 0.1
0.649504 0.311293 0.690593 -0.113415 -0.139312 0.0365057 0.950502 0.771508 0.484786 : 0.4
0.592178 0.367666 0.87436 -1 0.109507 0.104687 0.465215 -0.550154 0.0465961 : 0.7
0.638463 0.168385 0.868475 -0.843929 -0.491369 -0.330162 0.781322 0.692979 0.136455 : 0.6
0.762083 0.33828 0.670924 -0.404095 0.257019 0.110418 0.537288 -0.397229 -0.52536 : 0.4
0.636752 0.479661 0.905966 0.357664 -0.433383 -0.554303 0.782355 -0.18578 1 : 0.4
0.496803 0.504901 0.832517 -0.895472 0.626292 -0.197386 -0.190648 -0.061002 -0.698076 : 0.2
0.754721 0.354782 0.922965 -1 -0.201341 -0.350058 0.830356 -0.32972 0.288809 : 0.2
0.488492 0.532606 0.849869 -0.942537 -0.279988 -0.0311953 0.340818 -0.106299 0.887707 : 0
0.627157 0.404611 0.801766 -0.325396 0.269359 0.0358745 0.161272 0.789882 -0.178103 : 0.4
0.596113 0.517872 0.887128 -0.649224 -0.27039 -0.184129 1 0.759564 0.0461253 : 0.5
0.749795 0.335537 0.947848 0.170501 -0.668144 -0.39481 0.813843 0.381199 -0.0587803 : 0.4
0.690305 0.353534 0.835873 -0.451329 -0.360181 -0.73081 -0.0191482 0.614705 1 : 0.3
0.703394 0.246209 0.833201 -0.302274 -0.0966229 -0.165834 0.392282 0.796804 0.79762 : 0.5
0.683298 0.457979 0.920571 -0.746554 0.0199576 0.0057289 0.539251 0.608375 0.737483 : 0.6
0.767609 0.759517 0.765148 -0.403413 -0.121567 -0.0233317 0.344514 0.948075 0.185227 : 0.6
0.69328 0.433119 0.855759 -0.705146 -0.481186 0.488418 1 -0.177236 -0.434118 : 0.5
0.893206 0.3249 1 -0.655758 0.150632 0.966538 0.754215 0.0238442 0.0902821 : 0.3
0.573844 0.399725 0.884351 -0.714645 -0.0517094 -0.550275 -0.0209199 0.587839 -0.0755225 : 0.4
0.64045 0.3196 0.856641 -0.941446 -0.08178 -0.506637 0.332741 0.240167 0.280735 : 0.4
0.801308 0.267153 0.910984 -0.661794 -0.110233 1 0.619485 -0.294505 -0.305519 : 0.2
0.707455 0.39436 0.906948 -0.377564 -0.488401 -0.248385 -0.19528 0.454193 0.333479 : 0.4
0.650387 0.4598 0.917406 -0.865195 0.03576 -0.00995469 0.0840988 0.859603 1 : 0.5
0.442964 0.459257 0.876622 -0.928633 0.0323895 -0.222284 0.498644 0.187338 0.148674 : 0.5
0.718358 0.376874 0.362655 -0.996751 0.085945 -0.510319 0.295268 1 0.367747 : 0.3
0.593532 0.091507 0.905922 -0.541376 -0.359602 0.194309 0.269319 -0.126147 0.365888 : 0.4
0.639507 0.464648 0.763309 0.0275831 -0.352461 0.248754 -0.123628 0.192941 -1 : 0.4
0.622636 0.335978 0.51818 -0.428583 -1 -0.0546792 0.755618 0.607047 1 : 0.3
0.631039 0.364364 0.87231 -0.591998 0.0508254 0.323095 0.622229 0.205775 0.366348 : 0.5
0.684025 0.532782 0.840622 -1 -0.222505 -0.645388 -0.446609 0.516156 0.0578029 : 0.2
1 0.873813 0.720544 -0.48139 -0.795378 -0.434325 0.0661932 1 -0.972811 : 0.5
0.697001 0.165639 0.648189 0.546137 -0.392668 -0.237822 0.324868 1 0.39731 : 0.4
0.60244 0.169524 0.754703 -0.0592698 -0.0925672 -0.194334 0.513977 0.856182 -0.230833 : 0.3
0.561336 0.172355 0.911364 -0.79009 -0.341429 0.20947 1 0.0687536 0.679566 : 0.5
0.613779 0.337874 0.838141 -0.942509 -0.362273 -0.221212 0.577143 0.426693 -0.0667088 : 0.2
0.932624 0.383844 0.925645 -0.446338 0.296721 -0.189741 -0.0538689 0.126166 0.262538 : 0.2
0.660704 0.305894 0.904136 -0.408462 0.322691 0.682598 0.0647959 0.335864 -0.164266 : 0.4
0.601035 0.426592 0.887778 -0.106817 -1 0.0785825 0.616151 0.0269087 -0.422834 : 0.5
0.660423 0.391056 0.919029 -0.854284 -0.273207 -0.178285 0.850906 -1 0.947115 : 0.5
0.569487 0.888948 0.864711 0.891015 -0.493075 -0.665888 0.536852 0.337409 -0.889631 : 0
0.472025 0.23613 0.888359 -0.794105 -0.279009 -0.354581 0.417954 0.300025 -0.239768 : 0.4
0.711669 0.369855 0.944536 -0.669623 -0.349447 -0.70107 0.984272 -0.388513 1 : 0.2
0.644204 0.334239 0.888197 -0.388601 -0.683339 0.220425 1 -0.511144 1 : 0.5
0.631831 0.357109 1 -0.481393 -0.25044 -0.720658 -0.167937 0.310967 -0.762626 : 0.4
0.723996 0.00125419 0.852983 -0.442803 -0.250948 -0.375728 0.239043 0.728752 0.0297494 : 0.4
0.708985 0.340863 0.798186 0.202731 -0.971812 -0.209413 0.491526 1 0.781574 : 0.5
0.44326 1 0.858438 -1 0.0341533 -0.0453937 0.726962 0.0174564 -1 : 0.3
0.555268 0.234921 0.870779 -0.976107 -0.049064 0.124427 1 0.66257 -1 : 0.3
0.681411 0.626137 0.999335 -0.553317 -0.221347 -0.384065 0.907186 0.0413384 -0.395049 : 0.6
0.9371 0.369142 0.969181 -0.670349 -0.0949239 -0.912472 -0.223274 1 0.43837 : 0.6
0.573702 0.464746 1 -0.81164 0.108209 -0.0624197 -0.273508 -0.107539 0.247624 : 0.4
0.604038 0.411825 0.837198 -0.635897 -0.242381 0.321646 0.498754 0.171011 -0.461504 : 0.4
0.586953 0.335301 0.869656 -0.395085 -0.726495 -0.207335 -0.123508 0.488189 -0.529838 : 0.3
0.773239 0.434028 0.700667 0.0507459 -0.414098 -0.452756 0.505319 0.234829 0.308798 : 0.8
0.737795 0.329193 0.817256 -0.33084 0.111241 0.425339 0.517893 1 -0.661005 : 0.5
0.568919 0.666877 0.905646 -0.654774 -0.431526 0.452381 0.152426 0.379741 0.665533 : 0.2
0.687067 0.318968 0.882904 0.0855678 -0.741858 -0.465443 0.437494 0.639289 -0.940226 : 0.3
0.645067 0.286533 0.809802 -0.638808 0.0237122 -0.465189 0.704478 0.573887 0.82002 : 0.4
0.794398 0.327417 0.908199 -0.628798 0.456959 -0.0548171 0.983289 0.149909 0.449338 : 0.4
0.591523 0.418711 0.972973 -0.42573 -0.0817364 0.410649 -0.0569689 0.212233 -0.367616 : 0.1
0.558031 0.162615 0.977279 -1 -0.324712 -0.400826 0.182992 0.922682 -0.554729 : 0.6
0.417309 0.346435 0.920655 -0.555216 -0.590591 -0.789551 0.183104 0.188401 -0.0249709 : 0.4
0.680009 0.401422 0.885998 -0.812791 0.0790333 0.284392 -0.216474 -0.102259 -0.121554 : 0.1
0.784281 0.304865 0.911383 -0.678989 0.617107 -0.450818 0.557205 0.409108 -0.231709 : 0.2
0.66244 0.492009 0.855014 -0.992556 -0.293351 -0.65766 0.205453 -1 -0.243354 : 0.5
0.616446 0.476688 0.871278 -0.587852 -0.206781 -0.294789 0.368797 0.969249 1 : 0.5
0.584267 0.377483 0.887123 -0.920656 -0.706777 -0.500299 0.439339 -0.0426889 -0.0411083 : 0.1
0.615269 0.229058 0.817024 -0.617402 -0.230316 -0.315543 0.854667 0.237226 0.767337 : 0.2
0.622018 0.650605 0.683649 -0.476535 -0.485963 0.218864 0.867644 0.958295 -0.0675413 : 0.4
0.68944 0.419246 0.902956 0.0332304 -0.38035 -0.564611 0.787705 0.471243 0.32228 : 0.2
0.848467 0.426451 0.849709 -0.576824 0.715393 0.578931 0.557644 1 -0.200035 : 0.5
0.766492 0.34165 0.774985 -0.130978 0.260641 -0.127337 0.051556 0.679721 -0.135828 : 0.1
0.683938 0.388884 1 0.121624 0.0210578 0.0236811 0.9954 0.311164 0.228751 : 0.2
0.61348 0.339751 0.879877 0.502508 0.141688 -0.196265 0.0432215 0.333885 0.166705 : 0.3
0.659313 0.157043 0.842032 -0.276908 0.356185 -0.638856 0.440178 0.66493 0.704787 : 0.5
0.546797 0.248593 0.866098 -0.699121 -0.116538 0.387345 0.347116 -0.350535 0.671221 : 0.5
0.471753 0.267277 0.621791 -0.377422 -0.390628 -0.551956 0.243951 0.145607 -0.0333436 : 0.3
0.631364 0.395344 0.811499 -0.445978 -0.223411 -0.694275 0.760926 0.481323 -0.120722 : 0.4
0.671517 0.387863 0.90132 -0.359327 -0.0235622 -0.311058 -0.0861315 -0.557156 0.249313 : 0.5
0.517586 0.459304 0.750543 -0.746912 -0.031853 -0.464315 0.552681 0.800919 0.685453 : 0.2
0.871664 0.379933 0.766819 -0.538152 -0.577745 -0.224501 -1 0.365288 1 : 0.3
0.616071 0.355099 0.982689 -0.256272 -0.626726 -0.233976 0.619248 0.384891 0.162297 : 0.4
1 0.57081 0.822961 0.501042 -0.129187 0.222165 0.589643 -0.100954 0.507722 : 0.2
0.670335 0.345013 0.886175 -0.44279 -0.591379 -0.394867 0.576636 -0.547066 0.995267 : 0.4
0.614122 0.357658 0.96803 -0.831101 -0.578515 -0.423831 0.53545 0.180606 -0.270696 : 0.4
0.689277 0.276878 0.959808 -0.890122 -0.312057 -0.239014 -0.401763 0.904068 0.994278 : 0.3
0.651734 0.291401 0.834927 -0.799232 -0.542603 0.601117 0.208047 -0.376012 -0.0460934 : 0.3
0.763283 0.397857 0.901524 -0.53837 0.421951 -0.356671 0.00521544 0.27289 0.150525 : 0.4
1 0.729864 0.918613 -0.511907 0.0867421 0.0698577 0.115438 0.0136583 -1 : 0.4
0.813557 0.412391 0.932045 -0.23536 -0.964296 -0.260518 0.215809 0.305998 -0.744972 : 0.2
0.760691 0.287878 0.845033 -0.67534 -0.54358 -0.304966 -0.235279 0.889454 -0.0911259 : 0.4
0.584913 0.436101 0.896612 -0.694342 0.252596 -0.124119 0.653161 0.0730058 -0.332446 : 0.7
0.642305 0.378056 0.93412 -0.749739 -0.172201 1 0.14231 -0.370549 0.303796 : 0.4
0.591052 0.31711 0.926885 -0.869744 -0.39493 0.290781 0.681837 -0.0128836 0.196496 : 0.5
0.546993 0.306543 0.960513 -1 -0.820799 0.909149 -0.265997 -0.0836708 0.223067 : 0
0.637331 0.384263 1 -0.733559 -0.177284 -0.31231 0.374278 -0.127589 0.327813 : 0.3
0.601802 0.267995 0.91421 -0.856206 0.050744 0.56426 0.596103 -0.665922 -0.226105 : 0.2
0.607075 1 0.899781 -0.665345 -0.404309 0.662708 0.788164 0.49241 0.175182 : 0.3
0.731987 0.469481 0.979207 -0.765541 -0.375451 -0.396276 0.391235 0.162768 -0.175379 : 0.6
0.55279 0.402185 0.880557 -0.443384 -0.479425 0.190916 1 0.215648 0.778325 : 0.4
0.567458 0.236983 0.922413 0.230545 -0.556713 -1 0.179217 0.151265 0.247452 : 0.3
0.7046 0.80309 1 -0.0169418 -0.564149 -0.701181 0.765301 0.525421 -0.143988 : 0.1
0.578768 0.999768 0.96452 -0.144875 -0.307956 0.372195 1 0.699569 0.212954 : 0.2
0.708614 0.353262 0.847283 -0.677768 0.366348 -0.332681 -0.101797 -0.100131 -0.0191419 : 0.6
0.677983 0.334748 0.76353 -0.622098 -0.826257 -0.434082 0.182192 0.412039 1 : 0.3
0.576979 0.295463 0.857345 -0.185945 -0.363484 0.0521959 0.362344 -0.274401 -0.0186225 : 0.5
0.478977 0.399368 0.640999 -0.202487 -0.118633 0.282106 0.990795 0.306194 0.265587 : 0.5
0.640581 0.472425 0.901102 -0.861685 -0.177699 -0.328897 0.225968 0.866977 -0.0731355 : 0.4
0.541746 0.356546 0.894816 -0.529552 0.271355 -0.326744 0.201741 0.202949 0.446337 : 0.5
0.550699 0.312937 0.869225 -0.466896 -0.71122 -0.11054 0.780035 0.41561 0.667077 : 0.5
0.650419 0.518675 0.802657 -0.4899 -0.296068 -0.35656 0.628002 0.291097 0.868599 : 0.5
0.729088 0.784545 1 -0.400619 -0.228043 -0.237848 0.449097 0.639002 0.279248 : 0.4
0.561688 0.340177 0.856627 -0.705263 -0.116932 -0.461764 0.437891 -0.0869255 -0.301084 : 0.3
0.596148 0.357386 0.962581 -0.671455 -0.202669 -0.444779 -0.206388 0.138221 0.633907 : 0.2
0.70523 0.329282 0.602422 -0.492139 -0.359907 -0.719136 0.29957 -0.307346 0.806638 : 0.3
0.534998 0.509033 0.807598 -0.969523 -0.696637 -0.675784 0.378365 0.492293 0.105458 : 0.2
0.747102 0.371103 0.890269 -0.647341 -0.0764809 -0.396385 -0.830117 0.545328 -0.148823 : 0.3
0.534621 0.273877 0.889959 -0.797184 -0.813847 -0.0923144 0.53217 -0.156928 0.25754 : 0.4
0.764939 0.368743 0.817125 -0.625655 -0.318704 -0.132842 0.519047 0.878214 1 : 0.6
0.548124 0.385134 0.596587 -0.178509 -0.154989 -1 1 0.274574 -0.172277 : 0.1
0.634019 0.459382 0.93434 -0.407121 -0.120841 -0.251331 0.82558 0.169428 0.523346 : 0.3
0.736586 0.288255 0.555329 -0.773278 -0.481045 -0.180798 0.804722 -0.650686 0.660285 : 0.6
0.654263 0.363577 0.995224 -0.308989 -0.347948 0.329154 0.958513 0.599561 -0.458571 : 0.1
0.730125 0.428639 0.908793 -0.175774 0.0436547 0.58061 1 0.361177 -0.251569 : 0.4
0.58657 0.898805 0.868601 -0.522611 -0.426011 0.93155 1 0.394898 0.452092 : 0.1
0.483511 0.518996 0.868707 -0.981751 0.36154 -0.376797 -0.609368 -0.120183 0.842299 : 0.2
0.541848 0.412771 0.804066 -0.503362 -0.386909 -0.0237951 0.714728 0.287522 0.402464 : 0.6
0.515519 0.259722 0.960639 -0.376076 -0.434459 0.136152 0.582187 0.25417 -0.133662 : 0.3
0.753913 0.342021 0.803061 0.599967 0.0641578 -0.110889 0.05913 1 0.115024 : 0.1
0.610496 0.320306 1 -0.568972 0.408983 0.848684 0.452699 0.111614 -0.352789 : 0.2
0.615758 0.419988 0.908992 -0.860138 -0.3592 0.427572 0.228558 -0.826564 0.25635 : 0.5
0.733668 0.320002 0.914072 -1 -0.0232891 -0.366273 0.313134 0.402176 -0.138618 : 0.4
0.63538 0.221938 0.558146 -0.905977 -0.404261 0.193702 0.405333 0.880716 0.797432 : 0.2
0.57105 0.338748 0.868885 -0.751456 0.139839 -0.247574 0.497722 -0.183833 -0.704946 : 0.4
0.457072 0.41719 0.853195 -0.572703 -0.654087 -0.407703 0.216581 -0.416036 -0.108146 : 0.4
0.659279 0.378367 0.782329 -0.923577 -0.332368 -0.395086 0.464505 -0.199162 -0.111281 : 0.5
0.657627 0.292929 0.973809 -0.394916 -0.392353 -0.107078 0.24601 0.315872 0.530779 : 0.6
0.758228 0.288175 0.79152 -0.688936 -0.670066 -0.44495 0.350973 1 0.620978 : 0.4
0.629685 0.28219 0.892197 -0.737431 -0.0361746 -0.0201252 0.093275 1 -0.441016 : 0.5
0.618143 0.419338 0.909237 0.352125 -0.0171029 0.19824 0.0690275 -1 0.13818 : 0.1
0.710434 0.369985 0.821443 -0.688259 -0.351305 -0.419742 0.537227 0.348876 -0.646969 : 0.5
0.718174 0.408703 0.982618 -0.989111 0.689906 -0.355659 0.219315 0.434657 0.939379 : 0.5
0.496859 0.389902 0.85333 -1 -0.360305 -0.325126 0.980262 -1 0.277585 : 0.4
0.50993 0.376865 0.982755 -0.363031 0.457719 -0.193168 0.558265 -0.0851208 -0.411737 : 0.4
0.641497 0.570323 0.944877 -0.986731 0.0860102 -0.478562 0.0116565 1 -0.346231 : 0.4
0.598423 0.361476 0.849286 -0.496255 0.568364 0.171035 -0.438368 0.0416231 0.801119 : 0
0.602972 0.468131 0.710094 -0.655459 -0.22909 -0.0638091 -1 0.877517 1 : 0.2
0.63303 0.31101 0.709477 -0.345993 0.461782 -0.513889 1 0.232035 0.559207 : 0.6
0.615898 0.360216 0.72862 -0.265355 -0.63882 -0.23432 0.361007 0.196442 0.594243 : 0.5
0.849664 0.339846 0.823409 -0.937727 -0.972929 -0.220678 0.751827 0.328011 0.494233 : 0.3
0.665008 0.392802 0.836006 -1 -0.212813 -0.612411 0.455029 -0.334966 0.375091 : 0.3
1 0.336691 1 -0.896292 -1 -0.465277 -0.163853 0.68043 -1 : 0.2
0.739679 0.406195 0.910894 -1 0.0909288 -0.277438 0.211566 0.0352033 0.443335 : 0.6
0.738706 0.308325 1 -0.737226 -1 0.217588 0.248697 0.3114 0.0177929 : 0.5
0.68512 0.32404 0.776821 0.176874 -0.0604357 -0.178205 0.673112 0.694077 -0.112608 : 0.5
0.842387 0.449668 0.744782 -0.981828 -0.184031 -0.0971344 -1 0.291378 0.291273 : 0.4
0.66378 0.379574 0.82689 -0.792038 0.0741004 -0.467752 0.677809 0.263372 0.917506 : 0.5
0.773317 0.455999 0.860086 -0.909782 0.0735772 -0.270595 0.310502 0.813054 0.515514 : 0.4
0.863676 0.550208 0.953658 -0.830371 -0.0431489 -0.480611 0.935187 -0.111305 0.262721 : 0.4
0.924534 0.388463 0.683406 -0.771133 -0.121275 0.478059 0.583274 0.249707 0.721737 : 0.2
0.746961 0.428736 0.793208 -0.570574 -0.159274 -0.171422 0.97757 0.955007 0.94627 : 0.3
0.723879 0.324617 0.882043 -0.818264 0.303083 -0.281956 0.191886 0.916665 0.00165039 : 0.3
0.680327 0.407398 1 -0.898967 0.1326 -0.185512 -0.0615947 0.50151 0.0802339 : 0.4
0.688283 0.388582 0.901063 -0.294539 -0.313323 0.0225529 0.363595 1 -0.346992 : 0.4
0.637046 0.383201 0.779073 -0.307015 0.214227 -0.192928 1 0.517787 -0.218132 : 0.3
0.580191 0.425147 0.925794 -0.818726 0.583473 0.123051 0.56875 -0.31592 0.0442573 : 0.4
0.681259 0.378312 0.832176 0.136117 -0.408335 -1 0.315928 0.288097 -1 : 0.4
0.608537 0.444972 0.927749 -0.582671 0.00284536 -0.498037 0.0970252 1 -0.612238 : 0.6
0.713474 0.282841 0.908777 -0.964283 0.103726 -0.34382 1 0.100301 -0.87822 : 0.4
0.642441 0.368686 0.854059 -0.617243 -0.817859 0.042246 0.100753 0.580538 -0.617208 : 0.4
0.591495 0.338582 0.872173 -0.686316 -0.466215 -0.536731 0.603937 1 -0.109915 : 0.3
0.638 0.227689 0.882581 -1 -0.593084 -0.416873 0.488196 -0.129139 -0.809674 : 0.3
0.65826 0.494608 0.83717 1 -0.128549 -0.720888 0.380613 0.344142 -0.350783 : 0.4
0.690724 0.559392 1 -0.536049 -0.1313 -0.280746 1 1 0.479543 : 0.5
0.60071 0.341903 0.786824 -0.169123 -0.508202 -1 0.331727 -0.391143 -0.456144 : 0
0.741632 0.352275 0.868791 -1 -0.854609 -0.31352 0.118582 0.15916 0.809196 : 0.3
0.618355 0.327133 0.881844 -0.625074 -0.381224 -0.394482 0.89589 -0.776883 0.211983 : 0.4
0.634329 0.393231 0.773147 -0.251803 -0.35521 0.252727 -0.335561 0.447846 -0.130334 : 0.3
0.616278 0.40699 0.868234 0.219078 -0.239757 -1 0.595982 0.373249 0.261537 : 0
0.669931 0.442586 0.881746 -0.736795 -0.311493 -0.437192 0.492592 0.303359 0.608694 : 0.3
0.62362 0.440346 0.901176 -0.586258 -0.225121 -0.158209 -0.422972 1 0.0445175 : 0.4
0.628436 0.389554 0.809369 -0.0889709 0.00857234 1 0.449853 -0.149942 0.0162146 : 0
0.465916 0.46983 0.878537 -0.996606 -0.345554 -0.399352 0.722578 -0.544948 0.127553 : 0.2
0.755821 0.331316 0.887219 -0.456495 -0.438829 -0.0644717 -0.373184 -0.273082 0.96435 : 0.4
0.640942 0.320784 0.915118 -0.755426 -0.809484 -0.557938 1 0.212712 0.102165 : 0.2
0.572249 0.443728 0.906892 -0.270627 0.530733 0.363454 0.667414 0.871647 0.629696 : 0.2
0.635125 0.255961 0.882129 -0.303781 -1 0.0363595 0.332855 0.966778 -0.310694 : 0.3
0.732454 0.311945 0.837456 -0.645091 -0.157329 -0.0373148 0.920616 0.389207 1 : 0.5
0.61936 0.398785 0.8725 -0.878222 -0.135991 -0.411142 0.296108 -0.433335 0.185474 : 0.6
0.569814 0.358802 0.652761 -0.741378 0.0688658 -0.327465 0.225463 0.359281 0.255479 : 0.4
0.620791 0.427237 0.86242 -0.402706 -0.96528 0.368834 0.994007 0.103994 1 : 0.3
0.717843 0.299338 0.835954 -0.452303 0.368148 0.268054 0.584251 0.72486 0.323475 : 0.4
0.619707 0.370652 0.902084 -0.23708 -0.10878 -0.56254 0.770143 0.867327 0.32498 : 0.2
0.596829 0.511969 0.971678 -0.599374 -0.420239 -1 0.581844 0.472845 -0.222898 : 0.4
0.638049 0.446736 0.959029 -0.322069 -0.128006 -0.0365233 1 0.357307 0.970574 : 0.2
0.598399 0.22697 0.942482 -0.739147 -0.0571862 -0.533556 0.754341 -0.103161 0.914599 : 0.3
0.671672 0.16912 0.981418 -0.946671 -0.359114 -0.0468168 0.918965 1 0.146885 : 0.4
0.673882 0.260768 0.866762 -0.0481151 -0.882934 -0.315702 0.692619 1 0.774087 : 0.3
0.488911 0.485697 0.585662 -1 -0.387418 -0.483093 1 -0.25618 -0.334901 : 0
0.8118 0.369428 0.861424 -1 -1 0.15143 1 0.607764 0.460646 : 0.2
0.627573 0.301657 0.767039 -0.0904077 0.118914 -0.274458 0.422393 1 0.00564456 : 0.3
0.740258 0.367239 0.807055 -0.862502 -0.497405 -0.578764 0.903455 0.966227 0.490741 : 0.6
0.627387 0.284518 0.882427 -0.672144 0.234845 0.222406 1 0.686578 -0.42112 : 0.3
0.564609 0.51356 0.987021 -0.730747 -0.395759 -0.503075 -0.19011 1 -0.146981 : 0.5
0.757387 0.237025 0.818132 -0.72625 -0.762448 -0.0164882 0.849743 0.45261 0.948609 : 0.2
0.541485 0.370876 0.911827 -0.991307 -0.527405 0.0366555 0.966352 0.686644 1 : 0.1
0.61133 0.355536 0.920374 -0.680674 -0.0150434 -0.522696 0.495119 0.100224 -0.401438 : 0.5
0.680728 0.282501 0.791193 -0.851463 -0.653044 -0.0824775 0.551033 0.076224 -0.788469 : 0.4
0.699737 0.33185 0.771934 -0.745081 -0.535367 -0.368881 -0.347799 0.806528 -0.197259 : 0.5
0.686035 0.316784 0.825428 -0.0708909 0.127606 -0.503726 0.792327 0.601378 0.026722 : 0.3
0.479785 0.440278 0.763747 -0.398642 -0.35018 0.637082 0.0101307 0.244165 0.850498 : 0.3
