0.606633 0.416297 1 -0.881906 -0.0742591 -0.293239 -0.38512 0.185943 0.0256477 : 0.3
0.614077 0.288521 0.963371 -0.0729645 -0.30993 0.139796 0.281956 1 -0.0840568 : 0.6
0.756491 0.410126 0.790851 -0.41544 0.00204623 -0.36198 0.874305 -0.114233 1 : 0.3
0.647214 0.507792 0.467271 -0.975706 -0.149616 -0.42273 0.276606 0.520698 -0.12898 : 0.1
0.594772 0.0868279 0.819781 -0.506544 -0.489198 -0.503868 0.688594 1 -0.116131 : 0.5
0.724401 0.471085 0.947963 -0.708938 -0.373911 0.0706946 0.162455 1 -1 : 0.1
0.628835 0.604309 1 -0.542075 -0.3469 -0.331834 0.712265 0.0333183 1 : 0.3
0.919377 0.351993 0.791667 -0.567673 -0.0250731 -1 0.0108767 -0.717535 0.0775837 : 0.5
0.696882 0.583246 0.959569 -0.0408363 0.109521 -0.500299 0.0621597 0.207156 -0.435064 : 0.4
0.377424 0.283835 0.931507 -0.646723 -0.545226 -0.451646 0.42201 -0.611356 1 : 0.2
0.517596 0.336866 0.900028 -0.878002 0.163368 -0.758055 0.728079 0.961228 1 : 0.6
0.677926 0.527841 0.916905 -0.54889 -0.273739 -0.440617 -0.159128 0.446437 0.349651 : 0.5
0.578558 0.476482 0.854306 -0.815495 -0.512147 -0.56953 0.676097 -0.0499595 -0.0655344 : 0.3
0.594569 0.615184 0.796714 -0.832641 -0.0983052 -0.226665 0.177509 -0.0292281 -1 : 0.6
0.553685 0.137994 0.858766 -0.276824 -0.137554 -0.362191 -0.0210238 -0.116038 0.895054 : 0.6
0.44457 0.331066 0.915529 -0.289002 0.432804 0.616535 -0.577975 0.536128 0.634771 : 0.3
0.73857 0.349417 0.780422 -0.311086 -0.0749656 -0.506551 -0.222533 -0.205689 1 : 0.1
0.713983 0.551982 0.72029 -0.134555 -0.373895 -0.611396 -0.422535 0.514068 -0.079699 : 0.5
0.634327 0.195553 0.806943 -0.571933 -0.474124 -0.349593 0.968481 -0.562803 0.816101 : 0.4
0.659775 0.224923 0.700234 -0.221887 -0.0383155 -0.397184 0.118278 -1 -0.495171 : 0.4
0.683647 0.699421 0.920838 -0.170078 -0.0932438 -0.276603 0.222726 0.103397 -0.10133 : 0.3
0.878879 0.567249 1 0.333927 -0.391526 -0.378078 0.533461 0.816624 -0.0552713 : 0.4
0.605861 0.0505384 0.804792 -0.341423 -0.203743 -0.208572 0.0681547 -0.28753 0.27004 : 0.1
0.905316 0.45293 0.814107 -0.422227 -0.605278 -0.0684026 0.278488 0.984467 -0.447284 : 0.7
0.616167 0.380629 0.783149 -0.588059 -0.433394 -0.19976 0.273413 0.615429 0.376387 : 0.3
0.43518 0.510369 0.825027 -0.270248 -0.146088 -1 1 0.0664718 -0.144619 : 0.5
0.644052 0.295353 0.986928 -0.623166 0.159265 -0.59914 1 0.568021 1 : 0.5
0.671013 0.579776 0.756031 0.349164 0.499584 -0.935253 0.509531 -0.6059 -0.0940271 : 0.4
0.695829 0.640306 0.602612 0.242425 -0.263322 -0.264294 0.0104529 1 -0.159721 : 0.4
0.580639 0.481363 0.766228 -0.534914 -0.104723 -0.508204 0.0870805 0.379402 -0.337193 : 0.6
0.532202 0.522723 0.853701 -0.0025177 0.605515 0.964692 0.519964 0.683128 -0.0544511 : 0.3
0.968733 0.320483 0.765885 -0.806767 -0.205576 -0.365202 0.220813 -0.749406 0.448596 : 0.4
0.631336 0.494154 0.775492 -1 -0.18087 -0.0335797 0.660523 -0.41079 -0.330501 : 0.4
0.820216 1 0.988824 -0.401789 0.171389 -0.604096 0.814857 -0.272115 1 : 0
0.548203 0.266583 0.218021 -0.711557 -0.242158 -0.0584369 0.193556 0.328741 -0.193821 : 0.3
0.714032 0.30498 1 -1 -0.241384 0.237455 1 -0.489815 -0.240822 : 0.4
0.712293 0.41352 0.817203 -0.827739 -0.00506279 -0.340441 0.266654 0.238519 -0.351437 : 0.4
0.600051 0.531471 0.837588 -1 -0.221428 -0.453489 0.381727 0.282325 -0.391657 : 0.2
0.707806 0.568425 0.777775 -0.302549 -0.137477 -0.50751 0.148308 0.421067 0.584552 : 0.4
0.578797 0.461688 1 -0.214466 -0.349159 -1 0.456122 -0.130112 0.344563 : 0.5
0.655487 0.570905 0.791785 -0.286356 0.359707 -0.054046 0.921259 -0.415393 0.22825 : 0.4
0.550803 0.398125 0.789891 -0.173005 0.338309 -0.525913 0.529766 0.615952 0.444 : 0.5
0.63955 0.218904 0.8513 -0.918265 -0.281905 0.0629811 1 -0.60136 0.137409 : 0.4
0.639455 1 0.37899 0.0904557 -0.485803 -0.491081 0.522828 0.141912 -0.662737 : 0.5
0.466525 0.382732 0.622071 -0.234807 -0.18793 -0.216751 0.78543 0.353422 0.787655 : 0.3
0.504749 0.365915 0.748512 -0.125357 -0.649239 -0.303561 0.255344 -0.0349303 0.497032 : 0.3
0.683673 0.428332 0.64202 -1 -0.365994 -0.761566 1 0.507743 0.0233877 : 0.3
0.585375 0.413817 0.962636 -0.596281 -0.0444335 -0.54588 -0.369503 0.257893 -0.123436 : 0.3
0.534876 0.64122 1 -1 -0.557078 -0.240865 -0.153393 -0.521927 -0.283964 : 0.1
0.639249 0.468064 0.756632 -0.113226 0.0211972 -0.483856 0.824886 0.275049 -0.0233645 : 0.1
0.49623 0.313523 0.61744 -0.952495 -0.222453 -0.421274 1 -0.0313126 0.599062 : 0.6
0.564028 0.457418 0.916819 -0.932016 -0.196295 -1 0.722418 0.197288 0.925917 : 0.3
0.5281 0.45435 0.618575 -0.593189 0.322614 -0.428866 0.105769 0.467402 0.192956 : 0.5
0.673214 0.344415 0.68579 -0.866276 -0.243309 0.0562471 0.303532 0.409141 0.518632 : 0.4
0.561266 0.389252 0.840773 -0.673823 -0.38536 -0.29725 0.893025 0.315226 0.42178 : 0.5
0.794179 0.595481 0.952508 -0.59088 -0.574288 -0.414132 0.232035 0.402938 0.591227 : 0.5
0.623176 0.610389 0.880477 -0.783594 -0.384942 -0.354744 0.495319 0.327903 1 : 0.2
0.583331 0.412821 0.762528 0.101179 -0.453555 -0.378975 -0.131372 -0.0863234 0.844836 : 0.7
0.736954 0.484046 0.755671 -0.701211 -0.236741 -0.119709 0.609983 0.0633789 0.44486 : 0.3
0.607742 0.329155 0.760395 -0.782607 -0.724254 -0.216953 0.241356 -0.858933 0.242992 : 0.7
0.571829 0.41917 0.615421 0.0924049 0.00275065 -0.270225 0.506514 0.214494 -0.485467 : 0.4
0.537716 0.37776 0.890336 -0.376605 -0.041469 -0.474351 0.0218316 0.179343 -0.435579 : 0.3
0.614002 0.731711 0.807868 -1 -0.0521742 0.199736 0.370653 -1 -0.567877 : 0.6
0.662469 0.368517 0.850416 -0.580429 0.229573 -0.487181 -0.144576 0.0669932 0.685255 : 0.7
0.496897 0.397898 0.797348 -0.722784 -0.26452 -0.529515 -0.161754 0.796127 -0.158657 : 0.6
0.659626 0.259288 0.849066 -0.544813 0.119819 -0.495471 1 0.200463 -0.271216 : 0.5
0.623975 0.228099 0.926187 -0.224528 -0.0450092 -0.476235 0.353429 0.222982 -0.0889388 : 0.2
0.675233 0.407893 0.754937 -0.864788 -0.39085 -0.383392 -0.634481 -0.739673 0.919551 : 0.2
0.623249 0.448499 0.740821 -0.617795 -0.383642 -1 0.633666 0.395648 0.206828 : 0.6
0.719742 0.360689 0.976813 -0.123112 -0.32407 0.0787329 0.175162 0.255403 -0.248271 : 0.5
0.489988 0.398704 0.994737 -1 -0.273754 -0.421438 -0.286203 0.58397 0.276622 : 0.1
0.526367 0.2095 0.815217 -1 -0.804054 -0.13341 0.449575 0.480614 0.319856 : 0.3
0.652677 0.629604 0.769329 -0.322795 -0.0560513 -0.223477 0.188074 -0.559077 0.606601 : 0.2
0.660436 0.312001 0.801477 -0.273644 -0.0255701 -0.392365 0.295036 -0.658583 0.0357821 : 0.3
0.778797 0.371716 0.64261 -0.873443 -0.399247 -0.436983 -0.0564804 0.225395 -0.0213604 : 0.4
0.574488 0.41462 0.748188 0.17875 -0.126683 -0.374395 0.402864 0.5203 -0.281256 : 0.7
0.664017 0.457692 0.616285 -0.118569 -0.502674 -0.253824 0.804892 0.589428 -0.240992 : 0.3
0.629623 0.444943 0.987069 -0.914765 -0.147027 -0.0801439 0.313446 0.376078 0.490147 : 0.2
0.620357 0.974817 0.800146 -0.958654 -0.149111 0.0595653 0.2418 -0.0956556 -0.837018 : 0.4
0.608087 0.33639 0.706083 -0.215959 -0.3401 -0.385216 0.539092 0.779426 -0.424902 : 0.4
0.642141 0.191548 0.819213 -0.424571 -0.260183 -0.157552 1 -0.139474 0.91516 : 0.5
0.53958 0.789063 0.988595 -1 -0.206438 -0.135697 0.577052 0.178862 0.494964 : 0.2
0.636324 0.605282 0.762189 -0.411201 -0.084062 -0.812194 -0.0202812 0.0595757 0.263774 : 0.5
0.585179 0.396553 0.840805 -0.338268 -0.386012 -0.587846 0.614698 0.344626 -0.322199 : 0.4
0.667847 0.403372 0.74675 -0.480024 -0.00957286 -0.435196 1 -0.749378 0.232068 : 0.5
0.715369 0.497261 0.700145 -0.336658 0.455885 -0.0761474 0.809782 0.710385 -0.0950901 : 0.6
0.777737 0.472325 0.784907 -0.971921 -0.151607 0.41411 0.618156 -0.187453 0.448738 : 0.1
0.59849 0.20438 0.870629 -0.257093 -0.425813 -0.158117 0.74656 -0.931736 0.390751 : 0.5
0.62144 0.413627 0.767251 -0.413427 -0.0910508 -0.166531 0.242733 0.385623 -0.194156 : 0.5
0.612182 0.1921 0.886907 -1 -0.118378 -0.40371 0.771445 -0.356127 0.955445 : 0.3
0.460885 0.436939 0.88666 -0.302474 -0.338696 -0.130647 0.780357 0.474728 -0.0461197 : 0.4
0.716931 0.365075 0.82392 -0.789956 -0.273997 -0.844957 0.966949 -0.549394 0.131687 : 0.4
0.66576 0.446805 0.819529 -0.585896 -0.254055 0.00419741 0.663556 -0.0438104 -0.0576373 : 0.3
0.550111 0.398276 0.850514 -0.461605 -0.223704 -0.408107 0.348261 0.45293 -0.434238 : 0.2
0.538192 0.354422 0.676982 -0.295171 -0.698909 -0.437996 0.81356 0.434659 0.390514 : 0.4
0.625528 0.552945 0.900739 -0.94497 -0.176387 -0.362853 0.122439 0.180103 -0.186826 : 0.2
0.552721 0.476985 0.764357 -0.00643629 -0.502311 -0.421997 0.534234 0.320786 -0.00382343 : 0.3
0.624527 0.542329 1 -0.803241 -0.332185 -0.251879 0.0237529 -0.056105 -0.744284 : 0.4
1 0.526892 1 -0.988756 -0.52698 -0.434559 -0.111494 0.442483 -0.0181401 : 0.6
0.559233 0.378232 0.821214 -0.0869951 -0.35388 -0.549744 0.805117 -0.0488394 0.294468 : 0.7
0.620171 0.477903 0.801911 -0.926478 -0.130128 -0.867999 0.46296 0.146497 0.461989 : 0.5
0.595841 1 0.723697 -0.979781 -0.4512 -0.770019 0.14144 0.220198 0.177319 : 0.5
0.688103 0.0315824 0.78793 -1 0.276222 0.114887 0.323593 0.647694 -0.521121 : 0.3
0.553951 0.474501 0.841751 -0.992186 -0.640238 -0.349115 0.235631 -0.915466 0.701805 : 0.4
0.657814 0.238556 0.982242 0.0506802 -1 -0.612088 -0.362616 -0.141848 -0.317556 : 0.5
0.632896 0.531635 0.900615 -0.431745 0.185182 -0.162171 0.773514 0.839308 0.0323482 : 0.4
0.466548 0.497052 0.825297 -0.805169 -0.385054 -0.299442 1 0.215161 1 : 0.1
0.492525 0.226967 0.837011 -0.556748 -0.578259 -0.511392 0.539873 1 -0.0645567 : 0.2
0.54439 0.367057 0.76605 -0.304996 -0.408983 -0.716415 0.749831 0.251521 -0.369375 : 0.4
0.63982 0.330321 0.996727 -0.204419 -0.211392 -0.170392 0.684065 0.233261 -0.323838 : 0
0.79832 0.64514 0.868818 -0.862367 -0.348984 0.173899 0.775869 0.680296 -0.948379 : 0.7
0.615203 0.32723 0.797958 -0.266713 -0.404709 -0.412026 0.214488 0.238435 -0.545781 : 0.6
0.555043 0.395399 0.581654 -0.466682 -0.0789679 -0.115164 0.345546 0.355628 -0.400291 : 0.5
0.555965 0.30791 0.756198 -0.0886714 -0.303928 0.160083 0.49015 1 0.0212619 : 0.6
0.72416 0.16966 0.638982 -0.415903 -0.0887766 -0.147698 0.474243 0.278609 -0.138186 : 0.3
0.729516 0.405855 0.934281 -0.178429 -0.513772 -1 0.751703 0.115683 0.541176 : 0.2
0.584022 0.53955 0.85849 -0.929249 -1 -0.177499 0.242631 0.391715 0.102341 : 0.7
0.548525 0.221215 0.824295 0.610649 -0.277988 -0.373479 0.373555 0.492437 0.0831013 : 0.5
0.615398 0.354894 0.673265 -0.392921 -0.541 -0.232468 0.038898 0.649605 0.580554 : 0.5
0.515335 0.154155 0.734881 -0.832708 -0.21676 0.0306864 0.124765 0.854396 0.528623 : 0.3
0.547612 0.172338 1 -0.989129 -0.118541 -0.366452 0.498268 -0.495451 0.805885 : 0.3
0.825409 0.319957 0.82484 0.0843232 -0.100428 -1 0.396471 0.133516 -0.251263 : 0.4
0.623135 0.629346 0.894098 -0.916581 -0.0375904 -0.275665 0.200929 0.264061 -0.417996 : 0.4
0.491168 0.371658 0.727866 -0.610447 -0.395551 -0.151229 0.230503 0.40744 -0.347312 : 0.5
0.558681 0.631303 0.729061 -0.156703 -0.132444 -0.255536 0.715357 -0.311993 0.258251 : 0.8
0.610549 0.333344 0.739402 -0.451341 -0.611187 -0.186376 0.62314 0.307793 0.147549 : 0.6
0.983618 0.260411 0.904684 -0.722989 -0.772808 -0.0313332 0.481389 0.422435 0.0340794 : 0.5
0.596586 0.427662 0.78941 -0.594866 -0.319054 -0.583496 0.217859 0.412832 -0.0769636 : 0.2
0.667449 0.445525 0.739411 0.0806653 -0.00597578 -0.242006 0.434528 0.0974848 0.682232 : 0.4
0.583066 0.625128 0.932439 -1 -0.356574 -0.323842 0.96574 -0.441124 -0.0651117 : 0
0.598424 0.258103 0.751551 -0.103882 -0.412891 -0.483034 0.941224 0.304776 0.167081 : 0.4
0.665273 0.409099 0.948671 -0.220383 -0.156779 -0.0205781 0.00976807 0.272856 -0.3318 : 0.5
0.688648 0.374793 0.907468 -0.950609 -0.416429 -0.44247 0.480978 -0.660848 0.62344 : 0.6
0.408293 0.385515 0.707508 -0.17188 -0.00196516 -0.366285 -0.206177 0.279717 -0.98703 : 0.5
0.598071 0.446536 0.856274 -0.576508 0.588614 -0.588041 1 0.525053 0.922135 : 0.4
0.831201 0.528762 0.780605 -0.0387642 -0.172076 -0.404432 0.653422 -1 -0.221458 : 0.3
0.630438 0.44983 0.712815 -0.61303 -0.191781 0.283715 0.726565 0.661768 0.0238735 : 0.2
0.733709 0.420266 0.820349 0.346241 -0.542692 -0.350567 0.00346222 -0.0238659 -0.47606 : 0.5
0.798508 0.367844 1 -0.266846 0.13883 0.00407874 0.586304 -0.0693684 -0.522142 : 0.4
0.603591 0.581755 1 -0.783673 -0.342173 -0.384806 0.713645 0.282988 -0.761093 : 0.5
0.68148 0.562896 0.913853 -0.8803 -0.590815 -0.714565 0.315772 -0.712136 -0.0139601 : 0.4
0.708743 0.246738 0.740301 -0.515729 -0.11985 0.00230205 0.716739 0.482034 0.0622698 : 0.6
0.702425 0.404244 0.638923 -0.756784 -0.242935 -0.334163 0.75778 0.274811 0.20945 : 0.1
0.579645 0.296268 0.983761 -0.34833 0.35263 -0.281434 0.247849 0.592248 0.550635 : 0.2
0.68341 0.698061 0.843778 -0.531432 0.140869 -0.262466 0.870037 -0.100572 -0.0596127 : 0.2
0.652389 0.199506 0.901474 -0.36734 -0.0389779 -0.259514 0.63556 0.0187424 0.0644248 : 0.3
0.540708 0.453427 0.981339 -0.189666 0.332145 -0.441493 -0.556171 0.307066 0.444104 : 0.5
0.573668 0.256835 0.723693 -0.0424931 -0.631333 -0.00902492 0.635542 0.788804 0.286624 : 0.7
0.60147 0.521701 1 -0.108054 -0.574066 -0.888583 0.865296 0.447507 -0.0606858 : 0.3
0.69399 0.306796 0.710191 -0.333426 0.142961 -0.277954 -0.714145 0.145854 0.275184 : 0.3
0.687394 0.310742 0.731053 -0.00616872 -0.621251 -0.221884 0.392199 -0.851384 0.376222 : 0.3
0.49057 0.509877 0.940013 -0.397113 -0.547081 -0.508487 1 0.765001 0.0773322 : 0.2
0.601114 0.339852 0.622626 0.0191899 -0.199547 -0.385445 0.217517 -0.432454 -0.252988 : 0.5
0.500829 0.476295 0.871278 -0.942034 -0.13036 -0.094547 0.760611 -0.394082 -0.446928 : 0.3
0.582017 0.554404 0.777814 -0.892438 -0.498895 -0.307322 0.047932 0.665912 0.569639 : 0.1
0.57399 0.545283 0.775975 -0.0342979 0.157567 -0.218063 0.41047 -0.626071 -0.556311 : 0.3
0.677627 0.452445 0.957438 -0.0257705 0.537476 -0.187803 0.246401 0.0264457 0.536966 : 0.7
0.520583 0.391973 0.923897 -1 -0.68264 -0.348717 0.613879 -0.888457 0.347502 : 0.2
0.595705 0.330793 1 -1 -1 -0.473204 0.515251 0.233343 0.473399 : 0.7
0.583028 0.473934 0.755072 -0.85178 -0.176454 -0.359431 0.270835 0.197664 -0.176701 : 0.4
0.285634 0.172071 0.832514 -0.203068 -0.186405 -0.0607417 1 0.808218 0.259634 : 0.4
0.722534 0.477927 0.876908 -1 0.605204 -0.13203 0.739898 -0.215277 -0.227652 : 0.6
0.698837 0.486214 0.721941 0.126867 -0.192938 -0.174083 0.333336 -0.136121 0.613496 : 0.6
0.869318 0.374161 0.856336 -0.212813 -0.518051 -0.667398 0.463247 -0.475583 0.0698206 : 0.2
0.64476 0.371611 0.810467 -0.283521 -0.323477 -0.0242595 1 -0.804335 -1 : 0.5
0.633849 0.358161 0.958865 0.148852 -0.346127 -0.420445 0.213152 0.315565 0.0348677 : 0.4
0.621689 0.32027 0.853715 -1 0.0756823 -0.452278 0.441375 0.365376 0.0229363 : 0.4
0.557365 0.248597 1 -1 -0.566705 -0.243411 0.0607711 -0.0685339 0.318527 : 0.3
0.517764 0.395388 0.63484 -0.515462 0.122762 -0.369357 0.61706 -0.559771 -0.202711 : 0.6
0.624188 0.563845 0.76191 -0.838864 -0.130387 -0.134563 0.246948 0.199518 0.998057 : 0.4
0.847293 0.494052 0.829853 0.0984121 0.0452352 0.461898 0.555498 0.103212 -0.454567 : 0.4
0.841371 0.223395 0.808831 -0.366995 -0.198116 -1 0.0984212 0.253346 0.888686 : 0.5
0.617966 -0.0753751 0.756011 -0.617421 -0.581027 0.0725348 0.340922 0.332929 0.099002 : 0.1
0.47963 0.544304 0.755299 -0.800619 -0.244029 -0.674866 0.488866 0.479183 0.998628 : 0.3
0.601684 0.710518 0.778648 -0.249899 -0.15424 -0.184645 0.665204 -0.14666 -0.514984 : 0.3
0.604714 0.563147 0.874288 -0.403609 -0.252607 -0.878066 0.425371 -0.673859 0.840228 : 0.3
0.554889 0.427087 0.558807 -0.955955 -0.461893 -0.438183 0.418969 -0.12721 0.578704 : 0.3
0.615178 0.683579 0.964425 -0.744056 -0.302951 -0.37201 1 -0.202395 0.886283 : 0.2
0.561624 0.268048 1 -0.96626 -0.352439 -0.404087 0.11372 -0.387641 0.208178 : 0.3
0.63371 0.348322 0.73901 -0.197415 0.00362714 -0.0561787 0.695704 0.109913 -0.818683 : 0.5
0.624741 0.350728 0.848962 -1 -0.216677 -0.370375 -0.454929 0.724776 -0.625809 : 0.5
0.526082 0.52351 0.690178 -0.954566 -0.492159 -0.466166 0.357423 0.0247607 1 : 0.3
0.596161 0.716222 0.886592 -0.232395 -0.358885 0.756246 0.400477 -1 0.159538 : 0.5
0.637891 0.382166 0.772398 -0.875449 -0.188362 0.144055 0.673068 -0.347092 -0.183488 : 0.4
0.632558 0.548897 0.757373 -0.0749949 -0.0887192 -0.471775 0.806999 0.388814 0.125863 : 0.4
0.625857 0.406926 0.737732 -0.183873 -0.2518 -0.956732 0.62064 0.546932 -0.269819 : 0.3
0.54152 0.351104 0.945659 -0.210635 -0.68586 -0.472617 1 0.390848 -0.216816 : 0.2
0.576378 0.370256 1 -0.234681 -0.204272 -0.292665 0.532812 -0.0395447 0.279099 : 0.6
0.613683 0.529839 0.847989 -0.596021 0.0278781 -0.755536 0.479794 0.523236 0.417157 : 0
0.525099 0.46816 0.936667 -0.17224 -0.161436 0.072841 -0.280442 0.506978 0.293972 : 0.4
0.608564 0.747365 0.86598 -0.791699 -0.831075 -0.0068115 -0.13327 0.669457 -0.250327 : 0.6
0.731454 0.333649 0.792813 -0.484356 -0.0872307 -0.0886247 -0.295168 0.804245 0.150137 : 0.4
0.681334 0.444602 0.785499 -0.892301 -0.45933 -0.706528 -0.0157662 -0.529027 0.533691 : 0.6
0.551216 0.438858 0.892112 -0.197334 -0.41361 0.162818 0.0945643 0.823399 -0.821183 : 0.1
0.703435 0.558376 0.754175 -0.456671 -0.20256 -0.239773 0.396793 -0.220517 -0.115897 : 0.7
0.656985 0.4387 0.802029 -0.567274 -0.05084 0.354437 0.279117 0.594249 -0.102554 : 0.3
0.512458 0.525944 0.923371 -0.323913 -0.201957 -0.167886 0.104095 0.305284 -0.157448 : 0.7
0.627533 0.299802 0.99288 -0.910289 -0.281865 -0.408322 -0.273081 -0.397106 -0.090777 : 0.2
0.814687 0.348606 0.326671 -0.872223 -0.0462304 -0.277137 0.331955 0.10367 -0.268985 : 0.7
0.543052 0.301331 0.982438 -0.774494 -0.479171 0.393 0.595636 -0.266193 0.0760748 : 0.2
0.656648 0.891525 0.919752 -1 -0.125341 -0.448912 -0.0645177 0.163801 0.0141728 : 0.1
1 0.78462 0.799437 -0.992018 -0.202581 -0.162006 0.595952 0.0161457 -0.1515 : 0.5
0.514629 0.267722 0.737403 -0.443325 -0.331725 -0.250891 -0.112908 -1 0.398294 : 0.4
0.429316 0.314925 0.956075 -1 -0.307332 -0.326223 0.311201 -0.9135 -0.60467 : 0.6
0.779301 0.723738 1 0.0164344 0.0357033 -0.387756 0.037994 0.0999827 -0.358624 : 0.4
0.474554 0.448614 0.628276 -0.255243 0.135931 -0.229671 1 0.287794 0.108596 : 0.3
0.736588 0.31591 1 -1 -0.176075 -0.0507731 0.650705 -0.332732 0.24249 : 0.2
0.925379 0.42462 0.693473 -0.22387 -0.136898 -0.0706424 -0.0110137 -0.482916 -0.201542 : 0.6
0.512772 0.551716 0.666968 -0.894377 -0.601615 -0.199273 -0.0683247 0.211234 -0.0798852 : 0.2
1 0.393966 0.933553 -1 -0.205421 -0.305532 0.737131 0.433653 0.15538 : 0.5
0.590535 0.554064 0.810272 0.0173854 0.0883026 -0.884994 0.22296 0.262098 -0.491797 : 0.3
0.435755 0.39158 0.765742 -0.572343 -0.793432 -0.456458 0.189809 0.683871 0.620563 : 0.3
0.801743 0.452002 0.810035 -0.757366 -0.829769 -0.204938 -0.213196 -0.345861 0.403533 : 0.1
0.8935 0.468644 0.971134 0.0501578 -0.514298 -0.0284321 0.0946246 0.391334 0.590721 : 0.4
0.677085 0.326098 0.822669 -0.601322 -0.216744 -0.635362 0.695992 -0.228983 0.413924 : 0.4
0.671121 0.497398 1 -0.705706 -0.397458 0.445464 0.457692 0.580425 -0.454384 : 0.5
0.627291 0.42294 0.827096 -0.2145 -0.48594 -0.718122 0.827197 -0.52608 -0.32234 : 0.5
0.575764 0.366265 0.790619 -1 -0.865481 -0.831058 0.198718 -0.215553 0.405403 : 0.6
0.687106 0.862663 0.769363 -0.0773497 -0.323455 -0.149507 0.278933 -0.558247 -0.127545 : 0.3
0.555131 0.416338 0.692965 -0.421931 -0.152696 -0.0152367 0.705996 0.289775 -0.222682 : 0.4
0.569424 0.459163 0.819627 -0.543289 -0.571483 -0.714662 0.247024 0.127189 -0.0823251 : 0.5
0.605744 0.34383 0.877351 -1 -0.16113 -0.060554 0.063087 0.212839 -0.348347 : 0.4
0.85496 0.407964 0.771674 -1 -0.28106 -0.0931044 0.563688 0.700066 0.333471 : 0.3
0.44848 0.385193 0.71831 -0.175501 -0.38304 0.0130279 0.532595 0.0972797 -0.656341 : 0.3
0.677233 0.608734 0.715217 -0.677319 -0.225955 -0.232155 0.794259 0.130578 -0.11376 : 0.1
0.740218 0.312725 0.866351 -0.671203 -0.38549 -0.331341 0.786699 0.477376 -1 : 0.4
0.857595 0.492489 0.845114 -0.68867 -0.343017 -0.530254 0.598656 1 -0.0274018 : 0.4
0.858349 0.494258 0.809521 -0.341005 -0.483044 -0.490556 0.472741 0.0422334 0.20406 : 0.2
0.614879 0.290537 0.872308 -1 -0.00704635 -0.101807 0.869312 0.134835 -0.407896 : 0.6
0.630645 0.385657 0.775267 -0.865769 -0.222809 -0.20688 -0.125674 0.125598 -0.0733469 : 0.8
0.752474 0.483695 0.758032 -0.894095 -0.159529 -0.3333 0.125386 0.410047 0.697971 : 0.5
0.399399 0.377574 0.555761 -0.468266 -0.0332237 -0.203839 0.407347 -0.55398 -0.239468 : 0.1
0.47034 0.497225 0.84456 -0.696244 0.107746 -0.493158 0.327216 0.385708 0.0681568 : 0.1
0.641157 0.386887 0.850076 -0.186725 -0.539725 -0.547125 1 0.73916 0.277016 : 0.6
0.646469 0.785976 0.672926 -0.607056 -0.67535 0.260079 0.613115 0.0182306 -0.0460834 : 0.4
0.70713 0.526715 0.650699 -0.0991512 -0.0739016 -0.565797 0.91202 0.123247 0.948888 : 0.4
0.536544 0.374581 0.840618 -0.0780942 -0.272811 -0.59401 0.133139 0.580167 0.47596 : 0.4
0.527696 0.461173 0.959701 0.289103 -0.0602848 -0.302896 -0.111753 0.695154 0.089295 : 0
0.557393 0.275132 0.871948 -0.77774 -0.582519 -0.985727 0.722125 0.778687 -0.207658 : 0.2
0.626472 0.263995 0.882769 -0.507507 -0.127529 -0.554059 -0.177124 0.565116 1 : 0.6
0.488103 0.388273 0.740577 -0.485768 0.264726 -0.387915 0.270397 -0.829601 0.293227 : 0.5
0.609854 0.455019 0.793967 -0.157456 0.0117102 -0.376631 0.401231 -0.162032 0.716901 : 0.8
0.677616 0.255906 0.698123 -0.424919 -0.0597843 -0.266461 0.33422 -0.719306 -0.097607 : 0.4
0.597868 0.330438 0.952113 0.0615516 -0.612986 -0.178594 0.117247 0.692038 0.391789 : 0.3
0.399808 0.644536 0.898495 -0.566859 0.433542 0.909558 0.610251 -1 0.754492 : 0.4
0.583673 0.227306 0.82556 0.232096 -0.457668 0.0416214 -0.376216 0.420194 0.11604 : 0.3
0.646573 0.372036 0.906969 -0.488518 -0.435748 0.489242 0.655047 -0.170803 -0.141671 : 0.6
0.628984 0.320623 0.845092 -0.480426 0.00114906 -0.334496 -0.00520605 0.499306 0.559213 : 0.4
0.589604 0.347612 0.921343 -0.234923 -0.293323 -0.465249 0.475631 0.463073 0.276161 : 0.3
0.634588 0.347159 0.761784 0.0477193 -0.253322 -0.745067 0.373443 0.516639 0.611709 : 0.4
0.627766 0.3619 0.998918 -0.424063 -0.135094 -0.410797 -0.279656 0.449328 0.313156 : 0.3
0.635173 0.35307 0.795318 -0.447158 -0.125807 -0.880569 0.481295 0.274965 -0.0490748 : 0.4
0.721292 0.257204 0.689977 -0.571113 -0.189492 -0.0910944 0.186239 0.466477 -0.399937 : 0.1
0.469359 0.354324 0.764425 -0.641899 -0.324056 -0.0181149 0.245908 -0.514588 -0.208565 : 0.4
1 0.278141 0.73309 -0.202202 -0.107889 -0.499896 0.686009 0.106728 -0.45698 : 0.4
0.499233 0.300577 0.837216 -0.94633 -0.674879 0.248938 0.984301 -0.769479 -0.724702 : 0.5
0.556509 0.684898 0.642606 -0.433669 -0.392302 -0.04109 0.248108 0.299767 -0.230379 : 0.6
0.678452 0.383202 0.771668 -0.805392 -0.502548 -0.428843 0.424491 0.24216 0.391978 : 0.4
0.579027 0.419177 0.645643 -0.308128 -0.307502 -0.68302 0.115487 0.371366 -0.138131 : 0.3
0.589869 0.358957 1 -0.390704 0.149022 1 0.537843 0.239654 -0.179604 : 0.5
0.516265 0.180662 0.922236 -0.431026 0.167718 -0.418891 0.218697 0.580562 -0.39421 : 0.5
0.615309 0.63298 0.940277 -0.334901 0.416859 1 -0.125972 -0.773354 0.201588 : 0.7
0.547015 0.400344 0.898784 -0.778992 0.0530093 -0.587647 0.771708 0.526735 0.175496 : 0.2
0.538168 0.32626 0.993365 -0.764662 -0.314509 -0.076016 0.198865 -0.21336 0.585948 : 0.3
0.537114 0.579363 0.959494 -0.998151 0.232476 -0.517963 0.276261 0.326541 0.256023 : 0.3
0.494553 0.326086 0.734465 -0.274807 0.254308 -0.337732 -0.56655 0.189894 0.203698 : 0.2
0.634354 0.358793 0.780239 -1 -0.234875 -0.398725 -0.457602 0.606179 0.0927342 : 0.6
0.487122 0.353441 0.880748 -0.841052 -0.353687 -0.303569 0.500582 -0.92268 0.281901 : 0.3
1 0.248984 0.982639 -0.769587 -0.796708 -0.521656 0.833358 0.369481 -0.189382 : 0.4
0.691465 0.639931 0.842699 -1 -0.0974611 0.350618 0.589506 -0.00309443 0.543112 : 0.4
0.680443 0.223103 0.78086 -0.41271 -0.437211 -0.248724 0.266657 0.218603 0.14498 : 0.5
0.493689 0.436029 0.896986 -0.598649 -0.322843 -0.173047 0.261241 -0.636393 0.635137 : 0.5
0.577957 0.625216 1 -0.984112 -0.362838 -0.436865 0.679726 0.460445 0.238811 : 0.3
0.873406 0.508654 0.77262 -0.808651 -0.711254 0.368216 0.621769 0.228305 0.401528 : 0.1
0.724989 0.65277 0.806334 -0.99583 0.37195 -0.548297 0.870398 -1 0.0615208 : 0.6
0.496009 0.497703 0.666053 -0.181024 -0.0858839 -0.363297 -0.413315 0.432023 -0.656284 : 0.5
0.546902 0.355785 0.808012 -0.96595 -0.107543 -0.419903 0.629027 0.265967 0.0849036 : 0.3
0.671625 0.527233 0.781963 -0.726024 -0.189127 -0.0599929 -0.252903 0.365628 0.142092 : 0.3
0.647994 0.330195 1 -1 -0.058778 -0.0627086 0.171585 0.737886 -0.605827 : 0.3
0.601351 0.280657 0.986991 -0.542924 0.34287 -0.495835 0.360099 0.381789 0.117346 : 0.2
0.488293 0.420898 0.929023 -0.214764 -0.65994 -0.44755 0.150521 -0.994301 0.392903 : 0.5
0.817896 0.354164 0.936298 -0.180216 0.306853 0.00400227 -0.329198 0.236802 0.552777 : 0.4
0.574753 0.349965 0.892269 -0.824285 -0.50161 -0.27214 0.955807 -0.0816942 0.0808051 : 0
0.476138 0.334122 0.975844 -0.520466 -0.319435 -0.44382 -0.0816666 0.277958 0.632703 : 0.3
0.692351 0.713265 0.894301 -0.475769 -0.156872 -0.344833 0.297715 -0.224295 -0.212302 : 0.2
0.78447 0.907906 0.900461 -1 -0.268122 -0.401729 0.535834 -0.15858 -0.513841 : 0.3
0.570709 0.103197 0.980838 0.0742176 -0.398472 -0.347318 0.722346 0.342005 0.245199 : 0.1
0.72151 0.512287 0.785746 -0.360402 0.446837 -0.601686 0.7278 -1 0.10749 : 0.1
0.605905 0.204089 0.778637 -0.54776 -0.361891 -0.439724 1 0.710692 0.508573 : 0.5
0.916325 0.410972 0.825192 -0.149359 -0.45913 -0.591617 0.282167 0.483752 -0.479974 : 0.5
0.555659 0.456669 0.726806 -0.333158 -0.634751 -1 0.574789 0.732865 0.116314 : 0.3
0.639487 0.465573 0.748889 -1 -0.513377 -0.443372 0.191543 0.0809247 0.590218 : 0.1
0.699177 0.534539 0.994247 -0.982169 0.477782 -0.549992 0.807114 -0.768474 0.113447 : 0.6
0.469966 0.120453 0.844715 0.121018 -0.33012 -0.419683 -0.346626 3.03015e-05 -0.174987 : 0.5
0.806292 0.561046 0.816182 -0.250734 -0.185535 -0.200836 -0.0173703 0.536148 -0.661362 : 0.6
0.90528 0.38387 0.85598 -0.729037 -0.221548 -0.105983 0.38413 -0.277906 0.177242 : 0.7
0.579197 0.369226 0.700017 -0.426182 0.174645 -0.149933 0.164323 0.443241 -0.160944 : 0.2
0.560366 0.504275 0.764273 -0.677015 -0.739582 -0.62266 1 -0.828671 -0.464606 : 0.7
0.734064 0.53828 0.917449 -0.371589 -0.82025 -0.560909 0.94611 0.797774 0.124967 : 0.1
0.60269 0.754448 0.902811 -0.19877 0.199171 -0.353451 1 0.206564 0.657826 : 0.4
0.534841 0.138991 0.962895 -0.468425 -0.516555 -1 1 -0.00858591 -0.321043 : 0.5
0.73385 0.797293 0.921853 0.510614 -0.38281 -0.100832 0.80372 -0.880792 0.011403 : 0.5
0.422173 0.292591 0.797612 -0.52016 -0.414816 -0.327246 0.260053 0.463363 0.64545 : 0.5
0.481124 0.540845 0.817019 -0.946241 -0.207511 -0.445908 -0.969908 0.42912 -0.631826 : 0.5
0.600205 0.256339 0.574503 -0.108441 -0.26605 -0.115934 1 0.393653 0.0694055 : 0.5
0.631353 0.490619 0.726416 -0.892782 -0.0999394 -0.0700616 0.546995 0.495103 0.488393 : 0.1
0.498946 0.379352 0.648242 -0.879247 -0.476316 -0.0998473 -0.0889243 -0.186977 0.454903 : 0.1
0.531217 0.435266 0.909352 -0.236235 0.163061 -0.439364 0.226894 0.481397 0.533626 : 0.4
0.694894 0.505858 0.792866 -0.32017 -0.326905 -0.50364 0.256505 0.379223 -0.0158232 : 0.1
0.704633 0.408657 0.849164 -0.793243 -0.148281 0.150683 1 -0.553095 -0.0963772 : 0.7
0.663993 0.471747 0.76328 -0.491361 -0.535679 -0.431994 -0.343175 0.101252 0.250353 : 0.4
0.670133 0.278743 0.905475 -0.241493 -0.590068 0.727679 0.753055 -0.033726 -0.188895 : 0.4
0.818372 0.417749 0.781265 -0.884105 -0.390696 -0.239803 0.482868 -0.923612 -0.135814 : 0.6
0.617911 0.501837 0.835825 -0.977711 -0.0351847 0.167329 0.852149 -0.418925 0.410872 : 0.7
0.639202 0.263528 0.869841 -0.484558 -0.43218 0.17159 0.661858 0.725094 0.151359 : 0.3
0.551061 0.470511 0.79594 -0.94969 0.120175 -0.507229 0.222397 0.394525 -0.946831 : 0.4
0.365491 0.416014 1 -0.556228 -0.221994 -0.067897 0.296963 0.732623 -0.132576 : 0.6
0.977428 0.653478 0.899874 -0.751917 -0.449205 -0.0524084 0.419747 0.332943 -0.180559 : 0.6
0.610343 0.426544 1 -0.296193 -0.224594 -0.232222 -0.402325 -0.911335 -0.25252 : 0.5
0.612696 0.694511 0.824913 -0.967626 -0.451191 0.0430782 0.593373 0.48094 -0.754665 : 0.3
0.509056 0.389327 0.84328 -0.389627 -0.482217 -0.506588 0.575353 0.783361 0.615888 : 0.4
0.597801 0.466123 0.87387 -0.484532 -0.60072 -0.375683 0.250968 -0.0149655 0.27876 : 0.4
0.556284 0.509494 0.864058 -0.0796053 -0.266907 0.276141 0.400818 -0.323195 0.313552 : 0.7
0.355779 0.662365 0.73789 0.114798 -0.195406 -0.0731266 0.643416 0.329281 0.165355 : 0.4
0.60888 0.359296 0.715864 -0.862217 -0.465052 -0.388437 0.0375882 0.0560102 0.403234 : 0.6
0.654828 0.50838 0.820857 -0.320392 -0.205061 -0.346853 0.257619 -0.137959 -0.0915883 : 0.4
0.627423 0.636314 0.873172 -0.778174 -0.0891565 -0.0223846 1 -0.4071 0.515444 : 0.6
0.60539 0.428532 0.802448 -0.788604 -0.171241 -0.268407 -0.126358 0.167431 -0.220573 : 0.5
0.645658 0.474858 0.903131 0.0522535 -0.124697 0.233738 0.245515 0.102982 0.0140715 : 0.4
0.65537 0.43983 0.692295 -0.177162 -0.5041 -0.354319 -0.390276 0.136575 0.489338 : 0.1
0.600141 0.387305 0.778938 -0.549129 -0.434658 0.0151775 0.180496 -0.652326 0.17955 : 0.7
0.571379 0.457321 0.913154 -0.452011 -0.599987 -1 0.562988 -0.0340589 0.46772 : 0.4
0.533731 0.395127 0.746314 -0.407865 -0.182447 -0.605382 0.277012 0.312817 -0.12978 : 0.2
0.57629 0.499965 0.837922 -0.22691 -0.368402 -0.579421 0.0435273 0.138697 -0.0710936 : 0.7
0.638158 0.492643 0.850411 -0.964937 -0.156371 -0.340636 0.566477 0.224057 -0.277057 : 0
0.660104 0.436881 0.7993 -0.334654 0.0354679 -0.480454 0.90341 -1 0.535375 : 0.4
0.638302 0.206075 0.778515 -0.490331 -0.0312689 -0.311405 0.510265 0.491038 -0.0752898 : 0.2
0.943855 0.426303 1 -0.411417 -0.120334 -0.0767539 0.569103 -0.507598 -0.214794 : 0.5
0.51084 0.196344 0.65783 -0.557319 0.0699347 -0.256597 0.0741678 0.757049 -0.608871 : 0.6
0.895865 0.403619 0.840685 0.293858 -0.62407 -0.280145 0.145112 0.0397265 -0.140969 : 0.5
0.500615 0.580254 0.763614 -0.705224 0.125516 -0.158154 0.248976 0.158735 0.189482 : 0.8
0.921409 0.702409 0.870675 -0.225044 -0.326569 -0.349498 0.319039 0.253814 -0.162625 : 0.3
0.577907 0.379925 0.771222 -0.173805 -0.404355 -0.130751 0.68896 0.198313 -0.295359 : 0.4
0.600519 0.431884 0.708988 0.000792444 -0.101706 -0.425921 0.450384 0.568055 0.471158 : 0.5
0.650736 0.355888 0.818612 -1 -0.157497 0.252466 0.815814 -0.483844 -0.638354 : 0.1
0.63351 0.298384 0.883626 -0.320701 0.460846 0.556548 0.216035 -0.967561 0.612771 : 0.4
0.684211 0.380773 0.963619 -0.707258 -0.186024 -0.437721 -0.229865 -0.652019 0.495207 : 0.2
0.70264 0.338236 0.861493 -0.439948 -0.279885 -0.351012 0.802546 -0.0337382 -0.165483 : 0.2
0.618563 0.493643 0.786769 -0.88094 -0.463602 -0.433039 -0.0911732 0.320707 -0.425465 : 0.2
0.462998 0.369921 0.937035 0.0370302 -0.312704 -0.497997 -0.0289028 0.503643 -0.121457 : 0.5
0.522145 0.52259 0.715149 -0.605466 -0.273474 -0.0925414 -0.373886 0.316585 0.274484 : 0.4
0.490655 0.249948 1 -0.929545 -0.197108 -0.119192 0.188922 0.874122 0.112099 : 0.4
0.610625 0.346217 1 -0.882684 -0.296664 0.244874 -0.792624 0.174387 -0.160992 : 0.4
0.69057 0.615568 0.797359 -0.618273 0.225595 -0.732248 -0.749735 0.287121 -0.0743441 : 0.4
0.588461 0.494923 1 -0.96645 -0.370578 -0.436114 -0.152095 0.703511 0.111493 : 0.3
0.593967 0.417773 0.84622 -0.18751 -0.180593 -0.00322497 0.864919 -0.299583 -0.103821 : 0.4
0.595706 0.52942 0.760242 -0.523162 -0.109161 -0.495209 1 0.392346 -0.0953521 : 0.2
0.768652 0.401842 0.968345 -1 -0.194406 -0.198776 -0.515586 0.601574 0.280716 : 0.5
0.677657 0.341534 0.956573 -0.135701 -0.328925 -0.510286 0.0856054 -0.345669 -0.151689 : 0.6
0.708421 0.166551 0.852824 -0.485278 -0.171609 -0.149301 0.660839 0.198934 0.822723 : 0.1
0.42132 0.320816 0.789935 -1 0.145118 -0.243009 0.196964 -1 0.507916 : 0.1
0.669093 0.544082 1 -0.564682 -0.021051 -0.260609 0.54388 -1 -0.287093 : 0
0.610864 0.647532 0.769342 -0.566824 -0.590484 -0.167398 0.333465 0.895956 0.826968 : 0.4
0.627347 0.295846 0.77309 -0.121844 0.11166 -0.492563 -1 0.58932 1 : 0.7
0.453132 0.431275 0.94209 -0.883067 -0.199775 -0.607919 0.713412 -0.690414 0.988827 : 0.3
0.570192 0.285021 0.947918 -0.485612 -0.731597 -0.0424206 0.360226 0.461613 0.179501 : 0.4
0.675524 0.208984 0.844802 -0.746079 -0.503164 -0.43671 1 -0.303573 -0.444286 : 0.4
0.576713 0.532138 0.721206 -0.0308018 -0.690954 0.000969172 0.136116 -0.102919 0.820013 : 0.3
0.375779 0.302648 0.956057 -0.468886 -0.321903 -0.385652 0.944869 -0.10185 1 : 0.2
0.629735 0.490575 0.758164 -1 -0.322503 -0.269411 0.474315 0.330427 -0.34036 : 0.6
1 0.227947 0.906124 0.0119148 -0.303745 -0.522755 0.508846 0.398052 0.139079 : 0.6
0.507158 0.616239 0.712618 -0.47085 0.00481582 -0.0401429 0.699091 -0.185181 -1 : 0.4
0.439222 0.283124 0.80854 -0.518962 -0.255828 -0.314631 0.219984 -1 -0.0586758 : 0.7
0.616814 0.391582 0.965086 -0.0732535 -0.0943261 -0.386463 -0.680044 0.450664 0.113246 : 0.6
0.654738 0.364523 0.831225 -0.634075 -0.219488 0.00747712 -1 -0.531629 0.053898 : 0.1
0.606909 0.46266 1 -0.462454 -0.607709 -0.207124 0.19794 0.201648 0.0141641 : 0.4
0.550894 0.428502 0.762877 -0.575664 -0.195055 -0.526301 -0.115233 0.623983 0.467002 : 0.5
0.708162 0.423041 0.480076 -0.85743 -0.262644 -0.249261 0.72973 0.222891 -0.339175 : 0.3
0.629375 0.356444 0.776018 -0.605934 -1 -0.0770539 0.714184 0.506725 0.255808 : 0.2
0.62962 0.626191 0.641153 -0.891184 -0.670847 0.0548111 0.243523 0.161228 -0.100141 : 0.3
0.912328 0.378631 1 -0.805631 -0.648861 -0.87383 0.426376 -0.467763 0.42416 : 0.1
0.732488 1 0.856423 -0.024048 -0.425939 -0.212648 0.704029 0.0772356 0.467643 : 0.1
0.698257 0.406106 0.737181 -0.79091 -0.481533 -0.371062 -0.246178 1 0.586226 : 0
0.810508 0.492876 0.795122 -0.301861 0.107463 -0.201223 -0.723004 0.774599 -0.344666 : 0.5
0.719464 0.379759 0.886071 -0.653485 0.532083 -0.534778 -0.056698 0.92775 -0.104447 : 0.1
0.51597 0.223164 1 -0.99472 -0.160783 -0.340613 0.617052 -0.146955 0.771203 : 0.5
0.630201 0.522062 0.703128 -0.0678061 -0.166328 -0.418735 1 0.135911 -0.168371 : 0.4
0.450517 0.524047 0.931075 -0.874981 -0.326444 -0.353231 0.223453 0.476872 -0.425023 : 0.5
0.660896 0.538466 0.81783 -0.0452188 -0.386366 -0.481977 0.292389 0.160828 -0.263443 : 0.5
0.595098 0.266266 0.789072 -0.334689 0.0193012 -0.155945 0.416893 0.323336 -0.112686 : 0.4
0.611291 0.306266 0.970865 -0.285571 -0.105042 -0.288322 0.940524 0.30425 0.0163462 : 0.3
0.773355 0.538648 1 -0.704312 -0.390014 -0.526687 0.186585 0.548572 0.0140001 : 0.5
0.730051 0.530204 0.767216 -0.897286 -0.199992 -0.321238 -0.120421 0.426923 0.876914 : 0.2
0.581185 0.468327 0.892054 0.234425 0.132832 -0.504967 0.562468 0.0412826 0.441009 : 0.3
0.574315 0.410415 0.76126 -1 -0.742712 0.295582 0.860913 -0.889131 0.401245 : 0.4
0.530695 0.467434 0.806729 -0.676394 -0.309393 -0.245679 0.618041 0.614833 -0.542068 : 0.5
0.645445 0.504469 0.937685 -0.282651 0.525085 0.0760843 0.356935 -1 -0.154217 : 0.4
0.517511 0.422322 0.56229 0.0351795 -0.152451 -0.430616 0.0262945 0.420663 -0.124006 : 0.2
0.540989 0.306067 0.868908 -0.901894 -0.916148 -0.598133 0.617598 0.715366 0.374538 : 0.2
0.303776 0.574364 0.954083 -0.511739 -0.260516 -0.415077 0.374711 1 0.280567 : 0.4
0.586532 0.7044 0.989507 -0.664887 -0.376831 -0.385051 0.132038 -0.492213 0.386508 : 0.4
0.730875 0.453186 0.745853 -0.643292 -0.45004 -0.0393776 0.115925 0.808502 -0.396212 : 0.3
0.533393 0.473162 0.748672 -0.0903051 -0.0391899 -0.43202 0.676763 0.146906 -0.257812 : 0.5
0.670282 0.0589233 0.671001 -0.433532 -0.775949 0.381795 0.516946 -0.531884 0.144662 : 0.5
0.829278 0.46168 0.895199 -0.585493 0.547884 -0.401931 0.0205816 0.819834 -0.158521 : 0.4
0.546726 0.285994 0.999125 -0.573719 -0.152802 -0.382603 -1 0.253116 -0.339109 : 0.5
0.667719 0.523791 0.749839 -0.184408 -0.400654 -0.530626 0.405074 1 -0.128879 : 0.1
0.581595 0.656486 0.863254 -0.587925 -0.0365458 0.0762752 -0.173424 0.817785 -0.132225 : 0.5
0.490918 0.270005 0.843204 -0.264795 -0.0282331 -0.445807 0.591825 0.373987 0.599636 : 0.1
0.516705 0.472425 0.359402 -0.337996 0.507339 -0.430437 1 0.481304 0.84395 : 0.4
0.60903 0.539907 0.724703 -1 -0.0249815 -0.502036 0.154328 0.344639 -0.286929 : 0.3
0.603253 0.611071 1 -0.9805 -0.187736 -0.37049 0.888581 0.138315 -0.35842 : 0.3
0.496842 0.392756 0.741518 -0.15897 -0.516386 -0.395669 1 -0.186839 0.764043 : 0.3
0.748188 0.542643 0.888545 -0.307578 -0.106253 -0.947064 0.585833 0.0498061 -0.436982 : 0.3
0.655301 0.29787 0.991167 -0.214243 -0.151085 -0.333793 0.76787 -0.171111 -0.238793 : 0.2
0.638963 0.333625 1 -0.0240999 -0.293921 -0.447258 0.47196 0.409594 0.485036 : 0.1
0.628222 0.464817 0.83989 -0.760274 -0.470171 0.549809 0.376482 0.0849806 0.0855268 : 0.4
0.661411 0.479112 0.780468 0.479234 -0.273811 -0.515232 0.541694 -0.113546 -0.407383 : 0.6
0.470998 0.362886 0.950598 -0.873296 -0.22995 -0.0715429 -0.163143 -0.360674 0.934673 : 0.2
0.62234 0.359156 0.916633 -1 -0.273678 -0.40365 -0.438659 0.414041 0.170524 : 0.2
0.522439 0.198823 1 -0.605679 -0.120795 -0.302043 0.506503 -0.776425 -0.918683 : 0.3
0.560485 0.530906 0.999707 -0.608923 -0.299757 0.039441 0.435331 1 0.289943 : 0.5
0.678317 0.840897 0.907846 -0.707905 -0.20679 -0.131982 -0.0726466 -0.0288595 -0.129092 : 0.2
0.624974 0.405164 0.603731 -0.522739 -0.291901 -0.148309 0.155995 -0.0861883 0.486383 : 0.3
0.642693 0.594165 0.734901 -0.0468998 -0.116719 -0.436782 0.465184 0.16271 -0.276482 : 0.3
0.647074 0.36634 0.829437 -0.117894 0.145671 -0.315688 0.957349 0.566888 -0.615803 : 0.3
0.760759 0.264868 0.690318 -0.860996 -9.10461e-06 -0.163142 0.948012 -0.265794 0.215569 : 0.3
0.646287 0.504898 1 -0.019414 -0.341796 -0.490219 -1 -0.0150114 0.353339 : 0.3
0.646391 0.476241 0.738346 -0.95321 -0.301343 -0.320669 1 0.187339 1 : 0.2
0.751153 0.359524 0.995841 -0.172512 0.0879841 0.193385 1 0.170422 1 : 0.5
0.504051 0.359899 0.581449 -0.440785 -0.642238 -0.286321 0.116428 0.473653 0.192053 : 0.2
0.606789 0.513785 0.801826 -0.697579 -0.345086 -0.504234 0.577936 0.516657 0.00315337 : 0.4
0.642715 0.499751 1 0.00162315 -0.345805 0.0939714 0.337563 0.0536184 1 : 0.4
0.692869 0.0925844 0.9366 -0.335607 -0.402161 -0.610131 1 -1 0.332932 : 0.3
0.648084 0.562069 1 -0.382597 -0.253171 -0.907793 0.475016 0.816014 0.0314646 : 0.3
0.788241 0.300131 0.81257 -1 -0.399672 -0.361224 0.504515 0.732668 -0.33355 : 0.5
0.639339 0.178075 0.783185 -0.355591 -0.143532 -0.206267 0.32035 -0.0807289 0.53376 : 0.3
0.491589 0.439143 0.420252 -0.450846 0.714983 -0.213455 0.590928 0.428401 -0.143338 : 0.3
0.666744 0.354109 0.815736 -0.329584 -0.387119 -0.390581 -0.172732 0.781868 0.137839 : 0.4
0.671196 0.596191 0.749497 -0.657456 -0.212453 -0.362461 0.299459 -0.382774 -0.0540298 : 0.3
0.806438 0.347954 0.969625 -0.708163 -0.229633 -0.413732 0.505871 0.790175 0.128416 : 0.6
0.543156 0.491067 0.933815 -0.453734 -0.594006 -1 0.505935 -0.386815 -0.210831 : 0.4
0.640562 0.620598 0.880611 -0.795173 -0.271684 0.196937 0.256866 0.480621 -0.45988 : 0.3
0.624437 0.124339 0.798833 0.00841737 0.274819 -0.30332 -0.709766 0.0296306 -0.657109 : 0.5
0.613963 0.43588 0.87855 -0.917939 -0.868152 -0.173461 0.505311 0.31327 0.182825 : 0.4
0.634872 0.308169 0.939942 -0.276001 -0.138059 -0.524943 0.945841 0.141254 0.549923 : 0.5
0.654498 0.528807 0.908157 -1 -0.0107839 -0.438308 0.24645 0.531459 0.251659 : 0.1
0.518553 0.482044 0.967389 -0.160924 -0.234649 0.196039 0.354525 -0.0339246 -0.242687 : 0.6
0.675335 0.246849 0.770698 -0.365276 -0.119489 -0.483999 0.215827 0.266361 0.139816 : 0.3
0.747584 0.310719 0.732814 -0.308726 0.0110896 -0.391852 0.9833 0.666853 -0.577093 : 0.4
0.560547 0.212337 0.880599 -0.237824 -0.574888 -0.760778 0.349049 0.490786 -0.15702 : 0.2
0.676872 0.385336 0.849791 -0.786025 -0.0174115 -0.637662 0.920837 0.331958 0.717512 : 0.5
0.747941 0.338534 0.73306 -0.564563 -0.0700375 -0.642662 0.716945 -0.0982872 0.0684485 : 0.7
0.580492 0.325487 0.784509 -0.168856 -0.222098 -0.447923 0.750674 0.321346 0.631604 : 0.1
0.559368 0.446481 1 -0.249583 -0.409109 -0.431355 -0.0789155 0.999378 0.617851 : 0.1
0.434289 0.232587 0.803157 -0.988092 -0.737068 -0.0787108 0.19012 -0.826028 -1 : 0.5
0.986146 0.563214 0.535401 0.114237 -0.286715 -0.331121 0.35078 0.366588 -0.242714 : 0.1
0.624551 0.52155 0.892587 -1 0.443541 1 0.373302 -1 0.650629 : 0.2
0.57811 0.621624 1 -0.936109 -0.338294 -0.27093 0.834373 0.258854 0.425018 : 0.8
0.724867 0.226332 0.783677 -0.513424 -0.492311 -0.541037 0.0677869 1 0.307514 : 0.2
0.779361 0.536467 1 0.166728 -0.387141 -0.423643 0.186566 -0.108053 -0.162127 : 0.6
0.649604 0.397633 0.819442 -0.562619 -0.491378 -0.39683 0.738454 0.368093 -0.181634 : 0.2
0.632547 0.286214 0.686233 -0.945165 -0.530477 0.0639097 0.523648 -0.442077 0.322917 : 0.5
0.65131 0.337606 0.590215 -0.399309 -0.32871 0.0984086 0.977163 0.525674 -0.375501 : 0.2
0.679532 0.387742 0.813346 -0.751538 -0.578134 0.179792 1 0.399686 1 : 0.6
0.569112 0.303024 0.808737 -0.590751 0.0507494 0.204082 0.0457866 0.901618 0.962691 : 0.4
0.620351 0.344937 0.814695 -0.96472 -1 0.0797766 0.229353 0.785944 0.0177211 : 0.6
0.625789 0.168426 0.901498 -0.363922 -0.223002 -0.483546 0.408599 0.49058 0.511563 : 0.1
0.626157 0.509911 0.776352 0.118979 -0.244623 -0.247979 -0.0307285 0.389089 0.22472 : 0.3
0.578463 0.459626 1 -0.198058 -0.568664 -0.327365 0.661663 0.167388 0.69647 : 0.7
0.642682 0.403088 0.814808 -0.233317 0.0824932 -0.449456 0.760595 0.172478 -0.261347 : 0.2
0.877341 0.338685 0.978009 -0.385393 -0.27474 -0.447855 0.308199 -1 -0.100034 : 0.5
0.696456 0.396986 1 -0.815732 -0.562047 -0.0493693 0.469589 0.578191 -0.00468421 : 0.5
0.644212 0.200423 0.633881 -0.657497 -0.174165 -0.348116 0.505049 0.129109 0.378115 : 0.5
0.507686 0.356503 0.755512 -0.207958 -0.167696 0.345146 0.0721419 0.157521 -0.190134 : 0.2
0.565066 0.352921 1 -0.298602 -0.558366 -0.0403383 0.123096 -1 -0.401333 : 0.4
0.604179 0.486491 0.768557 -0.68233 -0.369584 0.122623 -0.19632 -0.466322 0.612418 : 0.4
0.705096 0.335182 0.944921 -0.712347 -0.0406706 0.227502 0.718809 0.786247 -0.314195 : 0.2
0.608692 0.0892222 0.866876 -0.372957 -0.592087 0.209786 0.75618 0.517578 0.685876 : 0.7
0.480929 0.592594 0.990698 -0.40131 -0.175528 -0.155703 -0.0172551 -0.866043 -0.562596 : 0.6
0.545706 0.410487 1 -0.452225 -0.286299 -0.389259 1 0.179957 0.237603 : 0.2
0.641307 0.488831 1 -0.499973 -0.428656 -0.261357 0.142138 -0.205744 -0.467528 : 0.2
0.726924 0.166031 0.998984 -0.0281222 -0.405645 -0.367121 0.342456 0.189359 0.719628 : 0.2
0.889952 0.376374 0.966736 -0.449785 -0.473637 0.21464 1 0.160813 -0.070489 : 0.4
0.585655 1 0.62453 0.228532 -0.4883 -0.180729 0.290176 0.122769 0.6573 : 0.3
0.66368 0.671848 0.776981 -1 -0.096205 -0.607599 0.685862 -0.505782 0.0507285 : 0.5
0.663142 0.318705 0.81649 0.265533 -0.259866 -0.404219 0.806438 -0.027366 -0.35428 : 0.2
0.593137 0.461514 0.881317 -0.62976 -0.738698 0.129673 0.335868 -0.172452 -0.0015828 : 0.1
0.561822 0.512772 0.772745 -0.978207 0.220464 -0.533223 -1 0.12424 0.33998 : 0.4
0.498985 0.26814 0.794006 -0.465382 -0.0248275 -0.55139 -0.180218 0.548013 0.134998 : 0.4
0.549074 0.449167 0.7703 -0.823866 -0.0510646 -0.126643 0.620878 0.291384 -0.26301 : 0
0.545633 0.405657 0.978941 -0.860404 -0.25158 -0.171011 0.323784 0.348421 0.927475 : 0.1
0.547156 0.375538 0.779469 0.0865368 -0.425672 -0.472921 0.7403 0.410709 -1 : 0.5
0.626324 0.523403 0.748956 -0.66085 -0.143245 -0.35329 0.25269 0.908853 -0.262833 : 0.5
0.732576 0.283098 0.966482 -0.819275 -0.550357 -0.328815 0.20117 0.60745 0.323326 : 0.5
0.632519 0.463895 0.919916 -0.409035 -0.561393 -1 0.882735 -0.202972 0.177974 : 0.4
0.547423 0.496239 0.941936 -0.79818 -0.50465 -0.712676 0.562093 0.326629 0.363472 : 0.2
0.654422 0.49162 1 -0.071443 -0.402679 -0.574122 0.619494 0.0658965 -0.0455604 : 0.5
0.526441 0.381209 1 -0.872203 0.0947094 -0.665972 0.793471 0.509143 -1 : 0.5
0.566408 0.266402 0.76754 -0.863291 -0.282592 -0.423345 0.703668 -0.479886 0.198825 : 0.3
