0.55316 0.3841 0.921033 -0.895427 -0.389537 -0.540597 0.588651 0.533458 -0.174745 : 0.4
0.664824 0.397098 0.893995 -0.690259 -1 -0.286206 0.190179 0.334018 0.0718105 : 0.4
0.66248 0.372063 0.810838 -0.644258 -0.471944 0.0496987 0.273186 0.448514 0.712792 : 0.6
0.707504 0.41043 0.891602 -0.0430099 0.159054 -0.370515 0.465443 0.432517 0.580637 : 0.6
0.598448 0.357757 0.893501 -1 -0.27527 0.10509 -0.308171 -0.276496 1 : 0.5
0.682543 0.370957 0.902347 -0.377109 0.537383 -0.338831 0.385219 0.877016 -0.00892788 : 0.4
0.827153 0.329516 0.920738 -0.114133 -1 -0.270237 1 0.259316 -1 : 0.4
0.693251 0.374352 0.944398 -0.45372 -0.0957597 -0.310951 0.826358 0.190538 0.990092 : 0.4
0.585264 0.319755 0.784108 -0.574126 0.0136689 0.227809 0.0745799 0.395747 -0.308929 : 0.2
0.787125 0.549265 0.784149 -0.984844 -0.148853 -0.532816 -0.0168645 -0.11715 0.297028 : 0.4
0.63901 0.290866 1 -0.467121 -0.45823 -0.45899 -0.281318 0.165717 -0.16565 : 0.5
0.530123 0.320273 0.705046 -0.865086 -0.388429 -0.338979 0.225642 -0.549395 -0.748676 : 0.5
0.51049 0.341508 0.968129 -0.51438 -0.218018 -0.466642 0.321461 0.164769 0.372135 : 0.4
0.837305 0.378639 0.859525 0.109588 -0.671681 -0.417948 0.985238 0.993302 0.109949 : 0.4
0.634035 0.559434 0.713181 -0.166744 0.219357 -0.297803 -0.621267 -0.402048 -0.20915 : 0.2
0.599427 0.473889 0.924716 -0.605877 -0.246132 0.264974 0.458575 0.175904 -0.0305221 : 0.6
0.674695 0.451131 0.986419 -0.566551 0.119542 -0.220783 0.0405261 0.450087 1 : 0.4
0.676964 0.294741 0.94016 -0.8699 -0.0416431 -0.526614 0.524932 -0.167271 1 : 0.4
0.624275 0.333165 0.972974 -0.984856 -0.250448 0.30947 0.388677 0.512641 -0.537717 : 0.4
0.613196 0.383856 0.850504 -0.222929 0.0371657 -0.203591 0.542787 0.842304 0.388463 : 0.7
0.650311 0.393873 0.841003 -0.115462 -0.00250927 -0.617774 0.419425 -0.191065 -0.644748 : 0.3
0.594858 0.375375 0.954816 -0.0602168 0.128198 -0.33438 0.321205 -0.152915 -0.0371318 : 0.4
1 0.420617 0.803323 -0.527318 -0.108451 0.303344 0.449154 0.356627 0.727584 : 0
0.650701 0.380003 0.913468 -0.917756 0.153073 -0.949923 0.443949 0.54587 -0.56102 : 0.4
0.515576 0.344315 1 -0.596321 -0.0904566 -0.103681 0.458048 -0.185118 -0.0689909 : 0.6
0.563035 0.456026 0.838195 -0.782962 -0.121244 -0.0413756 0.304991 -0.388061 0.305537 : 0.4
0.500101 0.404455 0.754361 -0.596314 -0.516694 0.295801 0.361143 0.40666 0.471804 : 0.3
0.600255 0.305697 0.954442 -0.6674 -0.350979 -0.306468 0.893257 0.726815 0.742987 : 0.3
0.742157 0.382772 0.844963 -0.806281 -0.378308 -0.486232 0.707617 0.538437 0.836939 : 0.2
0.560477 0.180329 1 -0.184961 -0.277564 -0.248517 -0.185913 0.501043 -0.484281 : 0.6
0.636565 0.377877 1 -0.763588 0.310793 -0.55566 1 0.368007 -0.142289 : 0.1
0.538029 0.349713 1 -0.770242 -0.401979 -0.0222271 0.276587 -0.0960534 0.468717 : 0.6
0.612511 0.515466 0.84681 -0.597487 -0.590773 -0.178157 0.237695 0.0457604 1 : 0.6
0.830977 0.438856 0.817469 -0.752196 -0.111856 -0.258659 -0.691455 0.887989 -0.296144 : 0.4
1 0.373525 0.847389 -1 0.0403554 -0.33472 0.69918 0.0447346 -0.28995 : 0.4
0.613155 0.284359 1 -0.779508 -0.00873095 -0.18772 0.571498 -0.0478434 -0.0569966 : 0.5
0.688297 0.145647 0.948284 0.533552 -0.206651 -0.836011 0.153558 0.410621 -0.233618 : 0.1
0.616447 0.300335 0.769272 -0.663524 -0.0877514 0.271434 0.430631 0.0219532 -0.372779 : 0.5
0.534442 0.382015 1 -0.541974 -0.386868 0.233003 0.438514 0.413437 0.462627 : 0.5
0.621587 0.360522 0.763886 -0.671843 -0.315272 -0.973978 0.466512 0.563909 0.377976 : 0.4
0.594579 0.439699 0.830584 -0.420939 -1 0.00973983 0.116073 0.453924 0.138907 : 0.1
0.630758 0.623346 0.607012 -0.702986 -0.294879 -0.0363756 0.484111 0.489275 -0.143491 : 0.2
0.624941 0.312461 0.968868 -0.473276 -0.351143 0.187646 0.977486 -0.0264126 1 : 0.2
0.577758 0.268649 0.709998 -0.436476 -0.322501 -0.0420254 0.530025 0.482833 -0.114471 : 0.4
0.591359 0.308281 0.850591 -0.713664 -0.164311 -0.405171 -0.585781 0.461963 0.654878 : 0.5
0.988539 0.182802 0.896797 -0.911709 -0.24591 0.145983 -0.018824 0.634718 0.426092 : 0.2
0.759055 0.371143 0.917147 -0.969063 -0.032775 -0.284055 -0.513038 0.231166 -0.601152 : 0.3
0.629771 0.312624 0.904445 -0.619931 -0.47321 0.971994 0.458363 0.655569 0.877372 : 0.2
0.612085 0.582489 0.838363 -0.0774274 -0.305986 -0.182102 0.410515 0.368158 0.0912061 : 0.7
0.652846 0.469736 0.911534 -0.420775 -0.658192 -0.569653 0.406545 0.456707 0.235894 : 0.3
0.603895 0.438705 0.865228 -0.885063 -0.176592 -0.610391 0.378751 0.597462 0.497096 : 0.5
0.655098 0.506708 0.865254 -0.815783 -0.126034 0.486717 0.719596 0.631191 0.971544 : 0.3
0.57705 0.377069 0.891415 -0.82567 -0.111873 -0.895708 0.830855 0.556793 -0.0896218 : 0.2
0.602244 0.299435 0.928331 -0.0881373 0.356623 -0.252592 0.713825 -0.183705 0.222151 : 0.5
0.463391 0.426618 0.865611 -0.022534 -0.297857 0.248577 0.0721047 0.703495 -0.202318 : 0.4
0.632744 0.334644 1 -0.889035 -0.23182 -0.448044 0.471349 0.337429 0.577693 : 0.4
0.614547 1 0.77322 -0.750626 -0.129941 0.176975 0.95213 0.214227 0.591287 : 0
0.836512 0.419829 0.699377 0.385586 -0.29498 -0.00123209 0.471562 0.457629 -0.27229 : 0.6
0.611389 0.522922 0.87817 -0.515192 -0.428731 -0.173809 0.208711 0.640078 -0.0929136 : 0.5
0.48249 0.398187 0.963688 -0.211835 -0.696262 0.552123 0.642961 -0.233694 -0.357893 : 0.4
0.539635 0.339234 0.753361 -0.0757666 -0.096772 0.549056 0.526991 0.340015 0.166499 : 0.3
0.653285 0.353947 0.843514 -0.785365 -0.702544 0.233359 0.375629 0.655616 -0.517553 : 0.4
0.787291 0.426107 0.782413 -0.692116 0.826831 0.331195 0.437835 0.169516 -0.159039 : 0.1
0.644351 0.473983 0.867151 -0.786277 -0.394448 -0.227387 0.156724 0.379561 0.422564 : 0.5
0.549976 0.452135 0.656204 -0.685131 -0.609993 -0.181253 0.648191 1 -0.107426 : 0.4
0.671534 0.338953 0.782303 -0.795975 0.452869 -0.0792104 0.716274 0.396905 -0.139339 : 0.4
0.901219 0.378141 0.830395 -0.91057 -0.596148 0.466944 0.314962 1 -0.900381 : 0.3
0.623861 0.356971 0.80364 -0.586324 -0.10282 0.0193217 -0.241837 0.661338 1 : 0.4
0.50293 0.554706 0.898393 -1 0.0261881 -0.153593 0.0578745 0.133871 0.229403 : 0.6
0.622678 0.360702 0.720817 -0.232369 -0.376187 -0.43093 0.989277 0.248996 -0.696798 : 0.4
0.547275 0.377773 0.935377 -0.692864 -0.565442 -0.417514 0.252602 0.812933 -0.110982 : 0.5
0.85415 0.410964 0.836197 -0.41137 0.142686 -0.302992 1 0.246779 0.782067 : 0.4
1 0.357352 0.657911 -0.469114 0.812374 -0.38328 -0.0867411 0.300638 0.138936 : 0.2
0.68269 0.359644 0.84307 -0.315141 -0.360406 -0.262999 0.275516 0.359705 0.0799074 : 0.3
0.561335 0.43206 0.926828 -0.280202 -0.0114682 -0.247309 0.229277 -0.212265 -0.426358 : 0.3
0.704952 0.342714 0.794484 -0.787857 -0.488684 0.168757 1 -0.00730985 -0.378797 : 0.3
0.633426 0.31194 0.781576 -0.783955 0.0766029 0.39977 0.0415454 -0.207873 0.252757 : 0.4
0.749912 0.417549 0.996226 -0.864237 -0.0219596 -0.0934844 0.576449 0.71112 1 : 0.5
0.625905 0.371039 1 -0.643814 -0.206092 -0.0156597 0.765753 0.409629 0.539235 : 0.2
0.616106 0.37072 0.989553 -0.859193 -0.785608 -0.257064 0.311707 0.02655 0.686311 : 0.4
0.593643 0.391328 0.726327 0.108846 -0.845643 0.111439 0.367991 0.840172 -0.318764 : 0.2
0.532979 0.376452 1 -1 -0.311089 -0.00578651 1 0.383596 -0.264876 : 0.5
0.54476 0.354303 0.78288 -0.817703 -0.580482 -0.846445 0.327704 0.409751 0.220282 : 0.4
0.653808 0.376639 0.959807 -0.722822 -0.517349 -0.272571 0.602844 -0.0913681 0.108661 : 0.4
0.595446 0.326197 0.787328 -0.959384 -0.128958 0.143347 0.432697 0.219146 -0.00288808 : 0.5
0.586473 0.491734 0.735982 -0.397016 -0.710001 -0.569106 0.173845 0.728295 0.128499 : 0.3
0.582373 0.284576 0.868877 -0.295326 -0.5759 -0.0411964 0.551756 -0.329346 -0.249874 : 0.3
0.508172 0.448806 0.900626 -0.558023 -0.235517 -0.248057 0.413334 -0.292586 -0.192692 : 0.4
0.49728 1 0.887663 -0.524525 -0.731254 -0.0648895 0.737276 -0.648464 -0.649381 : 0
0.670997 0.561239 0.950891 -0.118814 -0.336034 0.304234 0.981649 0.0256004 0.162178 : 0.6
0.707893 0.431241 0.819123 -0.395723 -0.472392 -0.197711 1 0.0667357 0.0453759 : 0.5
0.518 0.352373 0.833508 0.523092 -0.823807 -0.391177 -0.374814 0.0232435 -0.915379 : 0.1
0.628558 0.254123 0.855715 -0.556153 -0.195205 -0.739891 0.1502 0.048588 0.435857 : 0.5
0.624667 0.359099 0.609034 -0.581435 0.190306 -0.312414 0.238513 0.714862 1 : 0.4
0.756577 0.334598 0.883265 -0.221512 -0.449172 -0.454543 0.217359 0.0200528 0.382509 : 0.4
0.659532 0.362307 0.799835 -0.554674 0.344018 0.264207 0.170688 0.227036 0.304339 : 0.4
0.422856 0.385939 0.89965 -0.65737 0.37242 -0.103757 0.29079 -0.245218 0.100666 : 0.1
0.707653 0.387064 0.819197 -0.564422 -0.429218 -0.076765 0.593604 0.936685 -0.572208 : 0.4
1 0.403634 0.952698 -0.621269 -0.012517 -0.655351 0.498677 0.180787 0.087664 : 0.6
0.623118 0.478486 0.872599 -1 -0.181149 -0.318846 1 0.712894 -0.142891 : 0.2
0.599763 0.338484 0.753446 -0.214175 -0.0289944 0.173369 0.376345 1 0.334159 : 0.6
0.65299 0.164277 0.85879 -0.516226 0.636361 0.13766 -0.0373446 0.251244 0.105482 : 0.2
0.715796 0.434737 0.803822 -0.39696 -0.215993 -0.30417 0.661728 -0.726022 0.169775 : 0.6
0.604051 0.353153 0.86364 0.332879 -0.274235 -0.104208 0.378191 0.361654 0.577597 : 0.4
0.624146 0.317363 0.761183 -0.610194 0.0255207 0.219449 0.371718 -0.106419 -0.626024 : 0.4
0.854916 0.241895 0.690203 -0.326847 -0.109667 -0.678231 0.417852 0.411566 -0.732984 : 0.1
0.671298 0.338275 0.855961 -0.584529 -0.714632 -0.313573 0.450407 0.812839 0.637601 : 0.5
0.62413 0.388414 0.984174 -0.671382 -0.0134043 0.0107276 0.615593 0.184265 1 : 0.6
0.611445 0.379296 0.861331 -0.746776 -0.489041 -0.235441 0.27852 0.242886 0.1935 : 0.5
0.693452 0.418102 1 -0.0494269 -0.166184 -0.340725 1 0.389771 0.933279 : 0.3
0.562833 0.499619 0.731916 -0.886226 0.130823 -0.0688663 0.434241 0.490808 -0.289174 : 0.5
0.640936 0.390705 0.888756 -0.896461 -0.365485 -0.270018 0.371507 0.371624 -0.38844 : 0.4
0.647214 0.423642 0.843251 -0.725803 -1 -0.798551 0.502866 0.495365 -0.171583 : 0.6
0.749527 0.428076 1 -0.856868 -0.213246 0.193418 0.582578 -0.0523807 -0.00676855 : 0.3
0.748305 1 0.848432 -0.686374 0.51026 -0.316338 0.535859 0.554592 0.41055 : 0.1
0.564795 0.353387 0.825266 -0.701801 -0.393404 -0.176868 1 0.418265 0.573519 : 0.3
0.682518 0.41074 1 -1 -0.365234 0.320343 0.467344 0.0804175 -0.502195 : 0.7
0.578462 0.303164 0.821745 -0.929039 -0.385553 0.204685 1 0.592126 0.0497255 : 0.2
0.614328 0.383344 0.857066 -0.286032 -0.56286 0.451929 0.601547 0.308081 -0.218933 : 0.3
0.582967 0.481002 0.822116 -1 -0.0347058 -0.00656647 0.377621 0.179975 -0.289883 : 0.5
0.701083 0.345095 1 -0.686283 -0.569974 -0.0588258 0.0557133 -0.746775 0.552965 : 0.4
0.608538 0.163938 0.953104 -1 -0.244685 0.067909 0.0516836 0.419269 0.334689 : 0.5
0.600657 0.548318 0.727487 -0.84939 -0.0911048 0.28259 0.719463 0.583271 0.921036 : 0.1
0.618368 0.257342 0.672157 -0.908839 -0.261669 0.269664 0.507484 0.554419 -0.207755 : 0.3
0.557572 0.412038 0.830503 -0.19042 -0.208771 -0.644731 0.731276 -0.149909 -0.678662 : 0.4
0.596758 0.611884 0.863981 -0.703044 -0.317467 -0.591935 0.809079 0.25363 -0.0324638 : 0.3
0.801542 0.361612 0.881923 0.411103 -0.315534 -0.332711 0.144904 0.517407 -0.065039 : 0.5
0.607 0.302122 1 -0.733661 -0.0239333 0.0359703 0.575778 0.670513 0.105683 : 0.4
0.570464 0.308131 0.875922 -0.573808 -1 -0.461264 1 0.16778 0.808083 : 0.3
0.678265 0.34144 0.84651 -0.392845 -0.380385 -0.227183 0.399553 0.213138 0.571737 : 0.2
0.651041 0.471445 0.896532 -0.788943 -0.265867 -0.250845 0.603199 -0.0481673 0.37034 : 0.4
0.734116 0.38394 0.898898 -0.492963 -0.584565 -0.109696 0.566032 -0.0821286 0.516046 : 0.5
0.68143 0.349131 0.621028 -0.793553 -0.327091 -0.583789 0.371124 0.199744 -0.448647 : 0.5
0.677469 0.411496 0.864685 -1 -0.515342 0.0139092 0.169059 0.337727 -0.332181 : 0.5
0.586443 0.404591 0.866392 -0.61653 -0.576078 0.209383 0.0875712 0.402589 0.339622 : 0.3
1 0.0587039 0.892653 -0.335618 -0.272468 -0.38219 0.254154 0.109712 0.544727 : 0.3
0.544147 0.374812 0.86411 0.429352 -0.360679 0.344742 -0.168056 -0.26771 0.180503 : 0.2
0.723114 0.35416 0.856532 -0.527147 -0.445503 0.575129 -0.598984 0.376639 -0.887627 : 0.1
0.544707 0.471694 0.579012 -1 -0.727047 0.0881602 0.757712 0.433392 0.524971 : 0.4
0.683971 0.502705 0.790281 -0.954129 -0.0874644 0.0247173 0.0261543 0.521781 0.317136 : 0.4
0.66927 0.319762 0.998077 -0.622313 -0.167677 -0.0861487 1 1 1 : 0.5
0.841421 0.38339 0.81689 -0.993557 -0.418544 -0.191352 0.930802 0.258558 -0.0441565 : 0.5
0.61865 0.498134 0.97877 -1 -0.192763 -0.363486 0.831787 0.133754 -0.513894 : 0.4
0.617847 0.380997 0.854691 -0.233387 0.264236 -1 0.523049 0.302948 0.539779 : 0.2
0.580036 0.381884 0.635535 -0.550179 0.0776685 0.0581678 -0.00362903 0.347375 -0.584305 : 0.4
0.50347 0.366967 0.752373 1 -0.912967 -0.0549882 -0.128161 1 -0.949711 : 0.2
0.563634 0.384025 0.76359 -1 -0.368079 -0.36472 0.877194 0.34802 0.93012 : 0.5
0.626815 0.4234 0.829458 -0.82674 -0.406948 -0.36468 0.248589 1 -0.302706 : 0.4
0.651576 0.433377 0.896078 -0.862449 0.109998 -0.0602434 0.61432 0.168876 -0.394239 : 0.4
0.735574 0.400912 0.781513 -0.745005 -0.294646 -0.176442 0.49132 0.520985 1 : 0.6
0.731314 0.399935 0.82947 -0.961679 -0.106607 -0.298554 0.500489 0.304887 0.54924 : 0.2
0.604457 0.107826 0.811432 -0.171045 -0.520946 -0.367333 0.874401 -0.246504 -0.278526 : 0.1
0.520602 0.306712 0.854151 -0.266044 -0.615743 0.281791 0.551876 0.349684 0.087694 : 0.3
0.611118 0.387622 1 -0.554113 -0.21575 -0.283284 0.734919 0.684656 0.558678 : 0.6
0.796 0.501101 0.879491 -0.519552 -0.414585 0.194596 0.473365 -0.0844961 1 : 0.5
0.648763 0.301368 0.712368 -0.387011 -0.993931 -0.283468 0.503375 0.807645 1 : 0.3
0.588252 0.434236 0.844042 -0.547292 -0.317453 -0.27105 -0.158403 -1 0.287358 : 0.2
0.583891 0.408329 0.860122 -0.473325 0.0471103 -0.148109 0.444006 -0.188508 0.108474 : 0.5
0.646274 0.330027 0.919339 -0.587654 -0.6882 -0.500434 0.454104 0.313221 -0.184778 : 0.5
0.635299 0.498167 0.959979 -0.790832 -0.227256 -0.292756 -0.247488 -0.0813471 -0.0313175 : 0.3
0.546951 0.394581 0.891185 -0.543778 -0.40498 -0.526677 0.458904 0.7339 0.116304 : 0.5
0.608647 0.33628 0.870187 -0.446878 -0.245077 0.0783134 0.533047 0.409308 -0.841836 : 0.3
0.57596 0.439002 0.949738 -0.747963 -0.319619 -0.93314 0.476255 0.671587 0.251739 : 0.3
0.769913 0.462432 0.984937 0.16234 -0.154439 -0.609849 0.67964 -0.0978451 -0.717709 : 0.5
0.92822 0.441979 0.864633 -0.518185 0.134825 -0.383881 0.619308 0.59648 0.258063 : 0.2
0.542235 0.304678 1 -1 -0.0343108 0.135255 -0.139484 0.315892 0.263804 : 0.4
0.622861 0.496986 0.794624 -0.909745 -0.544449 -0.481283 0.892765 1 -0.483608 : 0.5
0.511988 0.394599 0.834975 -0.30057 -0.276463 -0.501499 0.184174 0.066771 0.548 : 0.6
0.659739 0.547064 0.867375 -0.715117 -0.18462 0.146397 -0.097865 0.758923 1 : 0.5
0.62581 0.380352 0.761142 -0.648156 -0.575532 -0.554576 0.780648 0.637829 0.119844 : 0.3
0.587103 0.478879 0.83228 -0.841458 -0.487349 -0.342809 -0.0201161 -0.22032 -0.186108 : 0.2
0.608437 0.466485 0.806251 -0.409033 -0.00108303 -0.381807 0.286785 -0.103112 0.000372961 : 0.7
0.622386 0.383869 0.941161 -0.918077 -0.101116 -0.500856 1 0.00718868 -0.505406 : 0.4
0.555953 0.346337 0.983372 -0.533705 -0.87963 -0.487904 0.251301 0.362642 1 : 0.4
0.500896 0.246889 0.89334 -0.627074 -0.190601 -0.998269 0.782405 0.183757 0.794436 : 0.4
0.664606 0.42267 0.864483 -0.672212 0.199118 -0.118906 0.401425 0.563564 0.225925 : 0.3
0.61011 0.45382 0.842547 0.329756 -0.634905 -0.641513 0.432933 1 -0.651778 : 0.3
0.707618 0.471343 1 -0.532949 -0.177139 -0.0929272 1 -0.11885 0.573451 : 0.4
0.987544 0.304634 0.968223 -0.0297962 -0.0643286 0.0856214 0.322154 0.233579 0.225686 : 0.2
0.565449 0.362959 0.812162 -0.554467 -0.262475 -0.208556 -0.474313 0.554532 0.551276 : 0.3
0.656192 0.396646 0.799236 -0.538662 -0.198341 0.5119 0.502679 0.417322 -0.882546 : 0.6
0.650902 0.277931 0.778128 -0.692216 -0.842155 0.327147 -0.564208 0.470957 -0.546909 : 0.1
0.831807 0.460098 0.722506 -0.0033949 -0.722468 0.172052 0.511136 0.902504 0.202063 : 0.3
0.657303 0.314122 0.74558 -0.641275 -0.854613 -0.7863 0.390617 0.452169 -0.0425071 : 0.3
0.531111 0.320654 0.885014 -0.923765 -0.249659 0.332641 0.592172 0.678186 0.314517 : 0.3
0.63451 0.342908 0.943566 -0.857043 -0.160428 -0.568586 0.612823 0.479109 0.0608262 : 0.1
0.504026 0.282422 0.935036 -0.846149 0.222657 -0.164001 0.330498 -0.233892 -0.536583 : 0.6
0.628511 0.391524 0.984254 -0.902538 -0.164364 -0.0180357 0.852707 0.501137 0.237204 : 0.1
0.543804 0.427478 0.809478 -1 -0.179382 0.00712521 0.426163 0.617802 0.225073 : 0.5
0.575766 0.349264 0.814276 -0.042671 -0.45635 -1 0.0420103 0.592697 -0.218414 : 0.3
0.589279 0.29535 0.865231 -0.725551 -0.334352 0.220851 0.338042 0.644093 -0.0274354 : 0.6
0.624872 0.459149 0.949688 -1 -0.203926 0.0380262 0.392975 0.437319 0.534032 : 0.5
0.630014 0.393135 0.823793 -0.0845938 0.318364 0.726305 0.471879 0.867148 0.236201 : 0.2
0.511989 0.265076 1 -1 -0.0249326 0.0923718 -0.00301926 0.0133097 0.130825 : 0.4
0.560886 0.344705 0.749104 -0.82307 -0.847108 -0.371621 0.442565 0.367511 0.236077 : 0.4
0.619913 0.389141 0.702122 -0.662031 0.0410062 0.573629 0.654495 0.0812715 0.50916 : 0.4
0.727545 0.413192 0.898395 -0.5248 -0.412115 0.271961 0.703244 0.69667 -0.0424978 : 0.5
0.591274 0.529721 0.821926 -0.208986 -0.112479 -0.470075 0.472424 -0.28767 0.789197 : 0.5
0.709204 0.478529 0.248305 -0.85744 -0.519669 0.777628 0.395775 0.817258 0.0747162 : 0.1
0.737126 0.464735 0.855955 0.351544 -0.696901 -0.42639 1 0.926564 -0.231808 : 0.3
0.697677 0.503976 0.915158 -0.620289 -0.53478 -0.287686 0.292482 -1 0.705265 : 0.4
0.610697 0.379069 0.807841 -1 -0.253008 -0.545649 0.289169 0.232376 0.131571 : 0.5
0.657051 0.43212 0.984345 -0.766362 -0.210329 -0.394258 1 0.0659122 0.201515 : 0.4
0.723328 0.42397 0.277577 -0.998659 -0.258618 -0.0824852 0.137405 0.315785 0.284754 : 0.2
0.620067 0.327155 0.77581 -0.573046 -0.631143 -0.711489 0.506089 -0.186975 -1 : 0
0.595166 0.209173 0.82095 0.0361902 -0.462941 -0.404393 0.243191 1 0.228445 : 0.4
0.582956 0.447768 0.828384 0.0420305 0.115852 -0.186555 0.144154 0.833597 0.714727 : 0.4
0.673824 0.41715 0.766882 -0.414483 -0.776439 -0.26425 -0.0577289 0.390085 1 : 0.6
0.575686 0.398656 0.772206 -0.87586 -0.445271 0.0075587 0.503998 0.886338 -0.519384 : 0.4
0.613345 0.396016 0.868241 -0.364119 0.16359 -0.182402 0.379131 -0.131542 0.359403 : 0.5
0.635184 0.17293 0.874476 -0.457912 0.492533 -0.428873 0.502054 0.223595 -0.262961 : 0.1
0.651787 0.42389 0.497992 -0.886917 -0.322844 -0.337323 0.886705 -0.707534 -0.447212 : 0.3
0.490673 0.409163 0.995814 -0.512026 0.131825 0.323555 0.840384 0.0751037 -0.621314 : 0.3
0.605621 0.387249 0.780489 -0.395996 -0.481836 0.274729 0.243488 -0.136595 0.384579 : 0.6
0.678815 0.286485 0.830547 -0.493106 -0.586434 -0.332981 0.434501 0.316973 -0.183108 : 0.2
0.609144 0.537176 0.829923 -1 -0.494663 0.0165978 0.0632052 1 -0.632921 : 0.3
0.575361 0.440055 0.945677 -0.604712 -0.197568 -0.77642 0.26822 0.145853 0.348892 : 0.7
0.706513 0.513271 0.677626 -0.745553 -0.123037 0.474074 0.479845 0.558169 0.043853 : 0.3
0.461954 0.407404 0.979904 -0.552936 -0.277698 0.0252178 0.266509 0.154437 -0.178987 : 0.4
0.609575 0.304832 0.870493 -0.265422 -0.741665 0.27801 0.471537 -0.44223 -0.020188 : 0.4
0.597747 0.296214 0.566902 -0.432329 0.965287 0.641078 0.783337 0.214603 0.345896 : 0.2
0.759731 0.371496 0.872834 -0.719908 -0.212396 0.073313 0.278122 0.814254 0.0550307 : 0.7
0.735871 0.370847 0.804056 -1 -1 -0.220069 0.305083 0.272584 0.318197 : 0.2
0.621603 0.405894 0.848817 -0.37417 -0.275733 -0.0698047 0.706238 0.194702 0.423043 : 0.5
0.651634 0.295465 0.960541 -0.836728 -0.922702 -0.218499 0.272425 -0.0108635 0.363486 : 0.5
0.583568 0.414229 0.846438 0.0802865 0.213377 0.107101 0.177931 1 0.117232 : 0.4
0.772713 0.351181 0.861096 -0.22669 0.141454 0.284496 0.463061 -0.294435 -0.204681 : 0.7
0.580443 0.27533 0.91678 0.218033 -0.173212 -1 0.296275 0.0283296 -0.151686 : 0.4
0.627714 0.373397 0.947442 -0.694258 -0.46106 -0.27153 0.590825 -0.378222 0.748282 : 0.1
0.707383 0.312115 0.859568 -0.827468 -0.0326706 0.650665 0.596602 0.46646 -0.222893 : 0.3
0.998464 0.398502 0.91028 -1 0.16263 0.0784548 -0.169773 -0.156713 0.154247 : 0.3
0.66268 0.371478 0.670697 0.628323 0.0309389 0.17975 0.464191 -0.187217 -0.274562 : 0.5
0.484943 0.140572 0.800777 -0.0520184 -0.464955 -0.192948 1 0.946843 -0.842706 : 0.3
0.551844 0.441558 0.725993 -0.651998 0.111123 -0.0422268 0.360794 -0.294794 0.00692531 : 0.4
0.574219 0.480108 0.812441 -0.527173 -0.549937 -0.515612 0.360967 0.377061 -0.317275 : 0.2
0.64621 0.427871 0.628237 -0.596521 -0.790723 1 0.58453 0.281992 0.457169 : 0.2
0.754778 0.462352 0.861929 -0.6281 -0.663497 0.247546 -0.031269 -0.151179 0.613184 : 0.2
0.554954 0.453618 0.971391 -0.0486604 -0.184894 0.0467966 0.230291 0.519814 0.143546 : 0.6
0.553524 1 0.938166 -1 -0.477736 -0.174367 0.780367 0.838455 0.985918 : 0.1
0.717761 0.412956 0.980332 0.397171 0.0246567 0.137216 0.207707 0.59924 0.835183 : 0.5
0.735986 0.387014 0.853151 -0.104109 -0.38824 0.161764 0.459033 0.462502 0.194984 : 0.4
0.658986 0.464134 1 -0.657124 -0.642231 -0.501729 0.00844061 0.757778 -0.384341 : 0.4
0.655344 0.214979 0.914853 -0.503333 -0.10011 -0.357063 0.568115 1 -1 : 0.4
0.535679 0.371387 1 -0.697668 -0.114729 -0.0445721 0.278196 0.249902 0.292993 : 0.5
0.57751 0.417325 0.969071 -0.653096 -0.189777 -0.857324 0.162326 0.566458 0.287209 : 0.6
0.65726 0.518027 0.52106 -0.51211 -0.504134 -0.226638 -0.0829379 0.242063 0.441638 : 0.4
0.779642 0.274525 0.717192 -0.819085 -0.373229 -0.157035 0.606033 0.892623 1 : 0.6
0.430628 0.399223 1 -0.513241 -0.260233 0.0359287 0.317129 -0.861106 -0.628575 : 0.1
0.675729 0.379951 0.695218 1 0.0454567 -0.459233 0.585811 0.59037 -0.407922 : 0.1
0.702439 0.497023 0.828529 0.131862 -0.213423 -0.0369666 0.309493 0.46943 0.489161 : 0.2
0.636389 0.454072 0.863244 -0.170183 0.141789 -0.24457 1 -0.155709 1 : 0.5
0.799257 0.374967 1 -0.960873 -0.115132 -0.0967103 0.782981 -0.540468 -0.0803604 : 0.4
0.577834 0.474796 1 -0.653399 -0.463972 -0.689783 0.398955 0.559175 -0.135256 : 0.3
0.718206 0.436745 0.960456 1 -0.527997 -0.822649 0.348926 0.165121 0.978666 : 0
0.765788 1 0.879538 -0.772188 -0.263663 0.79569 0.388489 0.11491 -0.646429 : 0.2
0.620458 0.230665 0.894945 -0.136136 -0.570129 -0.21815 0.739269 1 -0.462819 : 0.2
0.566305 0.396416 0.844482 0.0742671 -0.132821 -1 -0.0370295 0.860893 0.114493 : 0.3
0.683267 0.347437 0.859642 -0.689482 0.123745 -0.00876702 0.527935 1 0.846229 : 0.4
0.992604 0.351637 0.82872 -0.206703 0.0166563 -0.349844 -0.279017 -0.15044 -0.685236 : 0.1
0.631014 0.392707 0.889028 -0.566836 -0.408243 -0.442506 1 0.110913 0.162392 : 0.4
0.600266 0.317445 0.879223 -0.87123 -0.0275232 0.0661488 0.0891597 0.451602 0.332296 : 0.4
0.702845 0.400343 0.94598 -0.392664 0.0169952 -0.290373 1 0.574501 0.249073 : 0.5
0.536008 0.547355 0.842471 -0.23644 -0.646182 -1 0.125162 0.784672 0.97202 : 0.1
0.564515 0.333269 0.851377 0.498086 -0.652314 0.0612724 0.495238 0.307464 0.0293478 : 0.3
0.782005 0.402292 0.695398 -0.252608 0.155804 -0.310962 0.713194 -0.00385702 0.107513 : 0.6
0.649236 0.425067 0.999074 -0.29821 -0.150105 0.258265 0.28245 0.397528 -0.55688 : 0.4
0.653461 0.745751 1 -0.729741 -0.272528 0.0667083 0.766841 0.395933 -0.178113 : 0.4
0.607023 0.370393 0.843052 -0.435332 -0.722642 -0.50691 -0.24734 0.459991 -1 : 0.2
0.696949 0.39659 0.693612 -0.78547 -0.0579181 0.266543 0.445851 0.741258 0.219833 : 0.3
0.546261 0.436155 0.774243 -0.663842 -0.231075 1 0.341948 0.582496 0.157587 : 0.2
0.704133 0.197958 0.898621 -0.484852 -0.340392 -0.304873 0.478241 1 0.108176 : 0.4
0.637561 0.55698 0.861105 -0.118359 -0.666026 -0.421636 0.159473 0.168286 0.0173899 : 0.3
0.785757 0.297397 0.762026 -0.634766 -0.353786 -0.561687 0.116528 0.784377 0.288265 : 0.1
0.590034 0.374794 0.928933 -0.418925 -0.365827 -0.202821 0.555758 0.588321 -0.342275 : 0.4
0.666765 0.507737 0.587435 -0.490084 -0.667939 -0.266707 0.318192 0.812031 -0.551514 : 0.2
0.670882 0.375777 0.684878 -0.41679 -0.354377 -0.299771 1 0.907209 -0.777971 : 0.4
0.625339 0.33328 0.814382 -0.690095 -1 -0.1146 0.471977 0.601948 0.435337 : 0.1
0.532564 0.442937 0.862563 -1 -0.223381 -0.23736 0.780335 0.632988 -0.993222 : 0.3
0.657778 0.398629 0.895273 -0.168912 -0.152229 -0.0311043 0.207527 -0.301815 -0.0571864 : 0.3
0.580251 0.381296 0.783571 -0.756173 -0.6922 0.0310838 0.50264 0.0473283 0.0257371 : 0.2
0.493133 0.402738 0.843095 0.214665 -0.40361 -0.249054 0.387842 0.313335 -0.0676982 : 0.5
0.7393 0.326072 0.980254 0.228465 -0.517926 -0.0760913 0.222906 -0.0854285 0.0632801 : 0.3
0.505424 0.335749 0.889617 -1 -0.173426 -0.255079 0.0911381 0.0830399 0.499756 : 0.3
0.609598 0.393885 0.833284 -0.556632 0.435601 -0.191968 0.720901 0.286415 -0.120973 : 0.4
0.848117 0.441885 0.855485 -0.440485 0.0568439 -0.286639 0.328665 0.84436 -0.48688 : 0.4
0.612484 0.339354 0.821406 -0.678216 -0.169538 0.713456 0.331318 0.670026 0.426054 : 0.4
0.63366 0.461377 1 -0.448705 -0.493205 0.31306 0.233402 0.445185 -0.100259 : 0.6
0.673 0.286975 0.760189 -0.595211 -0.613888 -0.250964 0.513931 -0.478028 1 : 0.4
0.604054 0.511258 0.771448 -0.398598 -0.3246 -0.489435 1 0.180491 0.199571 : 0.5
0.604777 0.402709 0.873003 -0.487678 -0.0975421 -0.636013 1 0.193274 -0.288224 : 0.3
0.656873 0.422125 0.88893 -0.44159 -0.421362 0.102239 0.605485 -0.581308 -0.0799287 : 0.4
0.745944 0.333502 0.817022 -0.643996 -0.223981 -0.468916 0.552952 0.755307 0.683809 : 0.6
0.634814 0.351124 0.874173 -0.227501 0.462956 -0.164662 0.657347 0.339806 -0.180531 : 0.2
0.706545 0.327477 0.614762 -0.915822 -0.168725 -0.654675 0.763674 0.611624 -0.0175903 : 0.4
0.655266 0.307661 0.929103 -0.998254 -0.470478 -0.470302 1 -0.103583 -1 : 0.3
0.724406 0.364022 0.868329 -0.684215 -0.476653 -0.199002 0.52786 0.32396 0.965627 : 0.2
0.622425 0.391299 0.988921 -0.860747 -0.158839 -0.370052 0.696539 0.33681 0.9242 : 0.2
0.625114 0.374378 0.774051 -0.911737 -0.0254958 -1 -0.185247 -0.132455 0.247164 : 0.5
0.970118 0.430834 0.862661 -0.147899 0.577525 0.222898 0.0752134 0.390849 0.161207 : 0.3
0.624817 0.475895 1 -0.502151 -0.643041 1 0.635835 0.381953 0.0118598 : 0.4
0.66248 0.326511 0.829798 -0.448121 -0.512839 -0.554463 1 -0.641952 0.128668 : 0.4
0.76865 0.385313 0.867941 -0.970835 -0.772051 -0.217628 0.546603 1 0.759573 : 0.4
0.595863 0.404023 0.898719 -0.486921 -0.73856 -0.436151 0.315685 0.451072 0.839409 : 0.3
0.741017 0.194102 0.829593 -0.803333 -0.467706 -0.435256 0.379583 0.265031 0.151717 : 0.2
0.564339 0.352321 0.950265 -0.852289 -0.323405 -0.232895 0.335575 0.262461 -0.668293 : 0.4
0.641704 0.412841 0.736773 -0.50946 -0.050674 0.142668 0.575565 0.63558 0.205523 : 0.5
0.630001 0.488265 1 -0.40545 -0.462897 -0.774387 0.508057 0.408104 -0.0760236 : 0.2
0.617613 0.412635 0.778569 -0.647862 0.132546 -0.428367 0.543542 0.319475 -0.235497 : 0.4
0.614345 0.286629 0.842891 -0.645137 -0.298496 -0.117106 0.357375 0.730277 0.57626 : 0.4
0.594806 0.537307 0.928328 -0.615561 0.205068 0.476494 0.326633 0.584345 0.414964 : 0.5
0.646624 0.45132 0.695203 -0.629264 -0.758017 0.818064 0.319074 0.291699 0.879299 : 0.3
0.497184 0.426144 0.894357 -0.558719 -0.159805 0.534244 0.857936 -0.038978 0.287614 : 0.3
0.61151 0.513565 0.797878 -1 -0.773668 -0.222362 -0.179965 0.293351 -0.248349 : 0.2
0.610047 0.437774 0.838477 -0.578131 -0.493452 0.0194876 0.35959 0.514489 -0.0586303 : 0.5
0.628853 0.299898 0.828546 -0.815358 -0.202574 0.0278843 0.457039 0.532967 -0.0601101 : 0.6
0.541859 0.428185 0.825454 -0.795856 -0.368272 0.271696 0.530937 0.368805 1 : 0.2
0.561514 0.32917 0.831111 -0.971375 -0.169664 0.0263543 0.812602 -0.339085 -0.254922 : 0.4
0.702398 0.419038 0.726336 -0.985315 -0.119998 -0.285345 1 0.384027 -0.751755 : 0.6
0.655831 0.41801 0.778349 -0.853254 -0.659515 0.111787 0.240927 0.95856 -0.2844 : 0.2
0.585635 0.393062 0.767411 -0.735612 -0.667857 1 0.673963 0.746645 0.0199805 : 0.3
0.622304 0.445774 0.924115 -0.700904 -0.351096 -0.756148 1 0.0366421 -0.0255606 : 0.5
0.600853 0.300356 0.812924 -0.876918 0.194722 0.717954 0.363145 0.7867 0.876026 : 0.3
0.617316 0.414943 0.818711 -0.56973 -0.0511633 -0.387891 0.309522 1 -0.286344 : 0.7
0.640384 0.39976 0.885929 -0.738219 -0.233823 0.263182 0.573393 0.88396 0.763441 : 0.5
0.649066 0.359798 0.973331 -0.764311 -0.153813 0.0430083 0.0972865 0.045989 -0.0875594 : 0.1
0.501595 0.356231 0.952288 -0.604269 -0.358417 -0.250899 0.500896 -0.0138391 -0.111964 : 0.4
0.600798 0.394306 0.837771 0.484944 -0.777657 0.104816 0.434914 -0.0353531 -0.115999 : 0.2
0.627037 0.856234 0.965464 -0.858312 0.116382 0.0913226 -0.0353269 0.652957 0.138195 : 0
0.799225 0.394636 1 -1 -0.0843065 -0.00375241 0.611183 -0.328246 -0.0755278 : 0.5
0.619083 0.46391 0.825471 -0.464185 -0.332346 0.250093 0.650987 0.359447 -0.0563877 : 0.5
0.501016 0.332806 1 1 -0.667309 -0.28244 1 1 -0.991624 : 0.4
0.732267 0.415014 0.773856 -0.830524 -0.256016 -0.0341258 0.460662 0.125383 0.543407 : 0.8
0.749049 0.396205 0.737009 -0.869871 0.0693893 -0.133946 0.583535 0.381484 0.0188909 : 0.5
0.55958 0.395298 0.718845 -0.801988 -0.732728 0.0508177 1 0.293444 0.237873 : 0.2
0.605488 0.439215 0.848058 -0.895577 -0.378398 0.507313 0.871259 0.660757 0.838163 : 0.5
0.74249 0.428594 0.946693 -0.756018 -0.294654 -0.183166 0.591752 -0.314432 0.225104 : 0.3
0.687107 0.348434 0.763802 -0.85617 -1 -0.252973 0.874246 0.0811521 -1 : 0.4
0.571598 0.449321 0.884244 -0.292809 -0.636405 -0.565606 0.513003 0.358224 -0.0730223 : 0.4
0.460892 0.383212 0.887658 -0.832109 0.0367344 0.0547462 0.408906 0.330367 0.796927 : 0.6
1 0.474593 0.846209 -0.31927 -0.289038 -0.322129 0.700222 -0.0944233 0.0696452 : 0.5
0.79193 0.402545 0.969555 -0.887071 -0.170143 -0.0978744 0.611502 0.66849 0.0311616 : 0.4
0.607782 0.290096 0.841041 -0.745544 -0.371311 -0.379748 0.718049 0.174263 1 : 0.3
0.578502 0.466581 0.886994 -0.622478 -0.0270027 -0.403927 0.435047 0.445993 0.457896 : 0.2
0.613498 0.433776 0.828949 -0.67124 -0.406116 -0.376227 0.0824032 0.399072 0.506467 : 0.2
0.607014 0.350279 0.781153 -0.290553 -0.877426 -0.550793 0.361934 -0.194985 0.367863 : 0.2
0.447538 0.405083 0.918692 0.143507 -0.482051 0.367022 0.0516738 -0.0754412 0.180095 : 0
0.578239 0.32464 1 -0.619725 -0.53459 -0.280651 0.522257 0.509021 -0.431548 : 0.6
0.573081 0.353548 0.914219 -1 -0.479652 -0.474099 0.373749 0.398762 0.106404 : 0.4
0.583571 0.41496 0.887524 -0.846478 -0.383212 0.424797 0.00731936 0.674805 -0.143088 : 0.1
0.586081 0.487049 0.943604 -0.000295818 0.149311 -0.469642 0.535339 -0.156763 -0.164041 : 0.2
0.643083 0.136305 0.867461 -0.420699 -0.28078 0.0996883 0.135992 0.462793 0.95809 : 0.4
0.619707 0.345204 0.867849 -0.631428 0.092075 0.593511 -0.0689842 0.430537 0.272773 : 0.4
0.785082 0.394315 0.874259 -1 -0.194904 -0.345674 0.536371 -0.231793 0.724522 : 0.4
0.598621 0.402414 0.626296 -0.415332 0.451984 -0.513447 0.558604 1 -0.302404 : 0.1
0.516474 0.333346 0.969488 -0.504225 -0.35803 -0.316602 -0.491006 0.36277 0.953691 : 0.2
0.560969 0.569054 0.790752 -0.455671 -0.805534 -0.332276 1 0.71517 0.254925 : 0.3
0.600851 0.362302 0.806472 -0.809444 -0.281043 0.0943681 0.228782 0.137803 -1 : 0.5
0.609226 0.243345 0.799207 -0.760539 0.0454516 -0.286946 1 0.264928 -0.0955639 : 0.3
0.562136 0.366665 0.948887 -0.94962 -0.207093 -0.305512 0.512692 0.86069 1 : 0.3
0.712273 0.466818 1 -1 -0.347225 -0.790804 0.150683 -0.282569 1 : 0.2
0.531366 0.346185 0.823785 -0.467718 -0.236161 0.526369 0.370415 0.387712 -0.128445 : 0.3
0.590158 0.36254 0.984507 -0.233814 -0.181261 -0.113371 0.366351 0.748781 0.135442 : 0.7
0.655696 0.364153 0.898201 -0.381986 -0.629806 0.331638 0.241623 0.553135 0.0191699 : 0.4
0.637611 0.330938 0.840962 -0.432886 0.106907 -0.302642 1 0.548762 -1 : 0.4
0.633666 0.37409 0.823326 -0.843653 0.245393 -0.312676 0.342303 0.365031 -0.493261 : 0.4
0.664586 0.406955 0.898439 0.350043 -0.624544 -0.46998 0.411832 0.322827 -0.160792 : 0.1
0.865951 0.42166 0.928355 -0.813317 0.441864 -0.18052 0.315149 0.159357 -0.841264 : 0.5
0.57421 0.283023 0.692483 -0.898534 -0.655227 -0.276411 1 1 -0.156368 : 0.5
0.526681 0.458369 0.990863 -0.284084 0.265956 -0.187556 0.0843518 0.378271 0.908127 : 0.3
0.622957 0.427054 0.861484 -0.696637 -0.160078 -0.189765 0.13376 0.138569 -0.0466065 : 0.4
0.555834 0.242727 0.907639 -0.29616 -0.183031 0.239386 1 0.582562 -0.0744599 : 0.4
0.769016 0.472609 0.838126 -0.748563 -0.223216 -0.490405 -0.0383589 0.819989 -0.0339033 : 0.8
0.620579 0.186535 0.81782 -0.361169 -0.189855 -0.399133 0.604547 1 -0.0576705 : 0.2
0.575117 0.395756 0.8461 -0.816284 -0.12867 -0.531211 0.587292 0.0313431 0.868122 : 0.6
0.63105 0.510616 0.987106 -0.497705 -0.213503 -0.0656864 0.158205 0.395409 0.546838 : 0.4
0.659896 0.327134 0.997565 -0.693632 -0.483286 -0.0882389 0.220208 0.692254 1 : 0.3
0.620583 0.476645 0.854093 -0.997482 -0.264891 0.0840642 0.0498792 0.395956 -0.373369 : 0.3
0.677012 0.337269 0.823855 -0.646548 -0.979678 -0.319141 0.43504 -1 0.582095 : 0.2
0.657127 0.267556 0.956062 -0.36455 0.69812 -0.527706 0.409647 -0.79112 0.203469 : 0.3
0.557116 0.425018 0.793481 -0.725635 0.121166 0.480972 0.696052 0.250309 -0.104599 : 0.5
0.627898 0.428834 0.923482 -0.756455 -0.139597 -0.26466 1 0.356802 -0.240605 : 0.2
0.726852 0.5241 0.618629 -0.841706 0.0407107 -0.236735 1 -0.394894 -0.155485 : 0.6
0.849412 0.332825 0.810951 -0.873704 -0.235208 0.00394464 0.440125 0.293546 -0.289025 : 0.5
0.623686 0.329576 1 -0.743587 0.0208906 0.228466 0.872808 0.707966 0.159097 : 0.5
0.660662 0.369758 0.980377 -0.484917 -0.144691 -0.349333 0.802145 0.591947 0.264505 : 0.6
0.621118 0.400766 0.87217 -0.172047 -0.334515 -0.466522 0.483998 -0.307287 0.691612 : 0.2
0.578303 0.290439 0.854683 -0.835574 -0.336498 -0.255416 0.551799 -0.192818 0.51171 : 0.2
0.58761 0.367491 0.883455 -0.982364 0.223754 0.404062 0.3834 0.148545 -0.247544 : 0.4
0.477334 0.422784 0.928717 -0.637447 -0.488878 -0.400274 1 0.137428 -0.501089 : 0.4
0.692967 0.338372 0.872766 -1 -0.565891 -0.114179 0.69835 0.312435 -0.139677 : 0.4
0.620115 0.155418 0.723878 -0.472998 -0.495868 0.886411 0.470086 0.0539839 0.301556 : 0.3
0.506956 0.491197 0.869215 -0.169521 0.215581 -0.435767 0.371766 0.581443 0.518333 : 0.1
0.476541 0.415758 0.848635 -0.776939 0.0965449 -0.817297 0.292256 0.163129 0.33179 : 0
0.61651 0.534323 0.743718 -0.974993 -0.426377 -0.307225 0.523777 -0.155634 0.721325 : 0.3
0.446543 0.476559 1 -0.29648 -0.316404 -0.284522 0.347853 -0.167539 0.813051 : 0.2
0.764311 0.347455 0.883584 0.0259362 -0.531214 -0.238476 1 0.285225 0.366411 : 0.4
0.624966 0.509439 0.894704 -1 -0.305507 0.366454 0.0453768 0.170475 -0.2564 : 0.1
0.58667 0.368852 0.923649 0.185063 -0.10266 -0.700647 0.144679 -0.134819 -0.70462 : 0.4
0.633968 0.470741 0.83166 -0.767069 -0.404014 0.0768105 0.467341 0.883151 0.948582 : 0.5
0.640696 0.349037 0.900079 -0.823194 -0.274725 -0.0265416 0.581048 0.679905 -0.00805569 : 0.7
0.613755 0.431308 0.805145 -1 -0.212829 0.19687 0.109681 0.357175 -0.0536068 : 0.2
0.588537 0.639757 0.913872 -0.919006 -0.85494 -0.385552 0.991457 -0.00309844 0.629692 : 0.4
0.722954 0.411266 0.879407 0.109068 -0.314819 -0.2909 0.332469 0.60395 0.369988 : 0.4
0.751555 0.438173 0.797482 -0.97172 -0.0999815 -0.1815 0.206821 0.490029 0.378538 : 0.5
0.598251 0.362084 0.75725 -1 -0.4251 0.105441 0.310242 0.288948 -0.193372 : 0.3
0.518554 0.294739 0.909292 -1 -0.933528 0.362211 0.423439 0.617756 -0.252683 : 0.3
0.618606 0.320028 0.973822 -0.453676 0.0100278 -0.26442 0.455414 0.343356 0.00142014 : 0.3
1 0.352631 0.793053 -0.399865 -0.60414 -0.256139 -0.138873 0.481307 1 : 0.4
0.649051 0.425527 1 -0.559733 -0.24138 0.328608 0.69899 0.664934 -0.200012 : 0.3
0.639996 0.374617 0.73437 -0.619399 -0.313798 -0.515905 1 0.178196 -1 : 0.3
0.525489 0.445419 0.756208 -0.7712 -0.184889 -0.0938232 -0.350241 0.698724 0.159027 : 0.4
0.603641 0.32008 0.862215 -0.298788 -1 -0.289266 0.0395601 0.124016 -0.168324 : 0.6
0.66087 0.425553 0.82329 -0.649868 -0.537622 -0.407436 -0.300747 0.126142 0.0553597 : 0.5
0.775135 0.466424 0.820798 -0.504246 -0.568556 -0.096027 1 -0.0257742 0.22301 : 0.4
0.662615 0.355906 1 -0.174193 0.523712 -0.565159 0.181371 0.413177 -0.833589 : 0.5
0.688014 0.227505 1 -0.947039 -0.686733 -0.57475 -0.354614 0.176722 -0.695803 : 0.4
0.719738 0.311967 0.862929 -0.940978 -0.268571 -0.312131 0.880582 0.49183 0.18957 : 0.6
0.625323 0.542925 0.923477 -0.54495 -0.296072 -0.409898 0.994067 -0.331448 0.269103 : 0.5
0.619862 0.528085 0.785373 -0.384137 -0.525294 -0.193932 0.414423 0.389484 0.508613 : 0.7
0.631999 0.408971 0.805888 -0.37351 -0.55708 -0.488124 0.870349 -0.35726 0.185373 : 0.3
0.611186 0.320164 1 -0.299012 0.0242108 0.0056718 0.519463 0.319254 -0.761536 : 0.6
0.753785 0.395735 0.939115 -0.775605 -0.622968 -0.266981 0.440149 0.350032 -0.2049 : 0.5
0.77703 0.324875 0.906866 -0.204776 -0.692963 -0.784718 0.650024 0.971565 0.488218 : 0.2
0.65116 0.432086 0.802653 -0.865218 0.0877945 0.234288 0.629159 0.916168 0.0075206 : 0.4
0.59445 0.290712 0.781885 -0.926297 -0.416786 -0.102387 0.479008 0.166797 0.935242 : 0.4
0.722851 0.374722 0.854259 -0.756745 0.244918 0.396696 0.542719 0.599863 -0.154236 : 0.4
0.56551 0.41898 0.865231 -0.850399 -0.305414 0.228698 0.184011 -0.0413708 -0.00045225 : 0.5
0.584579 0.514594 0.765002 -0.681058 -0.354458 0.379475 0.124776 0.473109 -0.139754 : 0.5
0.657309 0.51648 0.992002 -0.822365 -0.100721 -0.449308 0.947437 -0.139927 -0.702031 : 0.4
0.591484 0.508784 0.923315 -0.67849 -0.123852 0.168528 1 1 -0.216455 : 0.4
0.354609 0.408793 0.798675 -0.577247 -0.4599 -0.446192 0.19447 -0.505715 -0.451665 : 0.1
0.677484 0.318339 0.952378 -0.474654 -0.563586 -0.0253503 0.63769 -0.0319442 -0.102913 : 0.4
0.698091 0.464888 0.818498 -0.739426 0.146586 -0.316018 0.596719 0.443413 0.0811698 : 0.6
0.83595 0.372022 1 0.345762 -0.310197 -0.839156 0.381982 0.652398 -0.329482 : 0
0.601682 0.350271 0.866457 -0.719031 -0.280671 0.568069 0.413668 0.199632 0.441658 : 0.4
0.731032 0.419537 1 -1 -0.386386 0.15025 0.261057 -0.835504 1 : 0.5
0.651855 0.44227 0.806764 -0.0286584 -0.132041 -0.265765 0.0408542 -0.233329 0.0853183 : 0.4
0.462148 0.470201 0.857364 -0.95092 -0.457392 -0.240915 0.937176 0.320031 -0.348752 : 0.1
0.6604 0.375326 0.829888 -0.395865 -0.307095 -0.416168 0.754716 0.368291 0.632636 : 0.6
0.78946 0.434245 0.837961 -0.874007 0.158524 -0.316643 0.700325 0.086654 -0.021067 : 0.7
0.598867 0.4449 0.857074 -1 -0.0402878 -0.0520449 0.798263 0.107684 -0.934179 : 0.5
0.565728 0.416609 0.978511 -0.506283 -0.511042 0.55889 0.473216 0.766473 -0.066968 : 0.1
0.614124 0.309286 1 -1 -0.31547 0.179002 0.607215 0.634623 -0.576081 : 0.4
0.608611 0.320151 0.762004 0.526144 0.499453 -0.0605031 0.606985 -0.169071 0.933162 : 0.3
0.720703 0.442481 0.811796 -0.909812 -0.367914 0.513208 0.312735 0.25354 -0.0667125 : 0.3
0.648881 0.23625 0.869453 -1 -0.242624 0.166351 0.134035 -1 0.974955 : 0.3
0.593466 0.245063 0.866104 -0.439601 -0.0719783 -0.172525 -0.569103 0.630714 0.331885 : 0.3
0.716808 0.312506 0.994614 -0.574981 -0.457679 0.114981 -0.527132 0.00220978 -0.139897 : 0.4
0.621686 0.389126 0.818888 -0.648153 -0.0620048 0.802574 0.10156 0.57813 -0.534014 : 0.3
0.570384 0.515575 0.826177 -0.5605 -0.592235 0.682734 0.695876 0.326707 0.654566 : 0.3
0.347695 0.407823 0.814274 -0.807262 -0.258347 -0.0321521 0.107425 0.382135 0.227767 : 0.4
0.70856 0.470135 1 -0.655141 -0.675637 -0.19456 -0.484557 0.141736 0.182465 : 0.6
0.555355 0.512577 1 -1 -0.58446 0.112152 0.0594237 -0.18523 -0.267342 : 0.2
0.52665 0.396379 0.972284 -0.842566 -0.589994 0.297084 0.313534 0.618386 -0.0411162 : 0.3
0.575969 0.423361 0.787578 -0.670639 -0.621725 -0.306627 1 0.472046 -0.328344 : 0.1
0.608624 0.392425 0.93437 -0.641055 -0.0192093 0.130503 0.470443 0.841228 0.494193 : 0.6
0.542552 0.412299 0.893804 -0.421801 0.14074 -0.360317 0.0472225 -0.602556 0.148919 : 0.5
0.588317 0.256779 0.909881 -1 -0.50393 0.11721 0.646125 -0.165454 -0.605808 : 0.3
0.663376 0.349121 0.739231 -0.852717 -0.643653 -0.289949 0.398593 -0.660551 0.477862 : 0.3
0.632017 0.359009 0.909823 -0.312549 -0.0211195 0.0915843 0.713186 0.447013 -0.276945 : 0.6
0.660238 0.397009 0.786828 -0.794131 -0.552773 -0.674431 0.580311 -0.0760292 0.306594 : 0
0.548163 0.38906 0.774244 -0.0480875 -0.463345 0.363944 0.14519 0.461703 -0.308883 : 0.2
0.68592 0.344398 0.709963 -0.790553 -0.306865 0.109141 0.520473 0.76705 0.0764876 : 0.6
0.606035 0.407403 0.835369 -1 0.412374 -0.451605 1 0.729745 0.352165 : 0.2
0.63074 0.367815 0.885976 -0.922829 0.40702 0.17508 0.651017 0.353619 -1 : 0.5
0.658535 0.352158 0.816973 -0.0334674 -0.120614 -0.0869269 0.121826 0.718206 -0.288786 : 0.2
0.513315 0.340122 0.988615 -0.828797 -0.377562 0.207097 0.988046 0.502002 0.770493 : 0.2
0.521933 0.244276 0.906956 -0.207702 -0.559935 -0.320217 0.550576 0.526851 0.266333 : 0.2
0.610401 0.376765 0.866769 -0.566324 -0.696528 -0.103178 0.825982 0.672374 0.82281 : 0.3
0.635986 0.352166 0.770053 -0.651733 0.0128261 -0.477944 0.808868 0.350964 0.477509 : 0.6
0.595635 0.447263 0.932527 1 -0.736803 -0.335995 -0.213908 0.419176 -0.604655 : 0.1
0.75867 0.366167 0.777505 -0.469545 -0.211286 -0.294235 0.0315281 0.41448 -0.337138 : 0.6
0.601343 0.441027 0.893039 -0.736681 0.429811 -0.218689 0.488552 -0.430103 0.0367155 : 0.3
0.625651 0.420895 0.817339 -0.791739 -0.40319 -0.204225 -0.455768 0.454531 0.288519 : 0.4
0.613221 0.411542 0.81101 -0.497363 -0.112412 0.702933 0.228244 -0.180155 0.785489 : 0.2
0.523491 0.415329 0.886821 -0.587181 -0.20963 0.443664 0.688044 0.496775 -0.345475 : 0.4
0.759402 0.40676 0.379459 -0.951083 -0.238942 -0.236032 0.932501 0.508741 0.383474 : 0.5
0.587864 0.442075 0.819553 -0.692717 -0.276542 0.297679 1 0.411334 -0.0698978 : 0.1
0.560603 0.393029 0.790349 -0.299651 -0.185288 -0.251012 -0.118376 0.293492 -0.307943 : 0.4
0.59409 0.319174 0.841105 -0.51047 -0.705479 -0.169029 -0.80403 -0.208586 -0.0586171 : 0
0.576424 0.283827 0.863869 -0.326728 -0.251128 -0.457906 0.861636 0.785676 -0.226241 : 0.2
0.592795 0.414924 0.881271 -0.547353 0.0126008 0.310858 0.480225 0.909088 0.432871 : 0.4
0.786312 0.311163 0.938713 -0.756716 0.191303 0.116334 0.52916 0.528024 -0.147302 : 0.5
0.765101 0.398962 0.987154 -0.458976 -0.370472 -0.514159 1 0.341549 -0.360367 : 0.1
0.579874 0.364821 0.585668 -0.363015 -0.36049 0.283229 0.39752 0.350901 0.452583 : 0.5
0.608378 0.201676 0.597791 -1 -0.106134 -0.282454 0.629291 0.0181641 0.106479 : 0.6
0.604238 0.503374 0.83978 -0.789732 -0.816908 -0.404501 0.263295 -0.104015 0.148389 : 0.3
0.677369 0.304886 0.609335 -0.911737 -0.0150075 0.0891568 -0.550911 0.0182858 0.502257 : 0.1
0.558865 0.411587 0.667327 -1 0.0515405 -0.24741 0.912952 0.256175 0.19566 : 0.6
0.584992 0.53434 0.882172 -0.480381 -0.598724 0.771409 -0.14036 0.258379 0.137618 : 0.3
0.632679 0.210955 0.66643 -0.453057 -0.059693 0.548435 0.98908 0.753634 -0.649339 : 0.5
0.583632 0.217289 0.827265 -0.896952 -0.914256 0.350399 0.394109 -0.486838 0.00252509 : 0.3
0.610905 0.366176 0.805703 -0.478944 -0.141143 0.0881378 -0.17755 -0.0615527 0.431568 : 0.6
0.572037 0.433502 0.825641 0.212818 -0.231767 -1 0.0433784 0.717104 0.419512 : 0.2
0.696575 0.330053 0.901998 -0.610091 -0.902678 -0.616035 0.478374 -0.33009 0.637385 : 0.2
0.572698 0.3428 0.773042 -0.424826 0.0701648 0.129786 0.559498 0.144702 -1 : 0.4
0.818685 0.363013 0.824961 -0.0703228 -0.384806 0.33947 0.581145 0.386646 -0.918626 : 0.4
1 0.243993 0.82423 -0.419762 -0.0849007 -0.0983259 0.795754 0.658305 0.52472 : 0.4
0.673632 0.369153 0.976284 -1 0.240377 0.0746441 0.599785 0.41285 0.655311 : 0.4
0.75218 0.592292 0.838275 -0.957065 -0.807108 0.0593965 0.43627 0.415498 -1 : 0.5
