0.773685 0.397605 0.909454 0.0409307 -0.647235 -0.361347 1 0.94702 -0.272372 : 0.3
0.619716 0.26061 0.869949 -0.403238 -0.170341 -0.135171 0.705403 0.412131 0.324155 : 0.4
0.621587 0.292036 0.848837 -0.290519 -0.397214 -0.169828 0.469263 0.298921 -0.177384 : 0.5
0.575454 0.402227 0.644112 -1 -0.375619 -0.365569 0.13061 0.0566834 0.403071 : 0.3
0.523312 0.325079 0.782975 -0.526151 -0.433606 -0.143507 0.642315 -0.0819707 -0.043093 : 0.4
0.53948 0.392529 0.955816 -0.65239 -0.0730917 0.105032 0.401586 0.359858 0.386264 : 0.7
0.63499 0.452594 0.812442 -0.415549 -0.493478 -0.928112 0.345884 0.410155 -0.193419 : 0.3
0.59499 0.555995 0.825756 -0.699895 0.0674645 -0.382868 0.174053 0.476676 0.829405 : 0.5
0.585436 0.403044 0.721897 -1 -0.00551432 -0.034923 0.463458 0.255561 0.0743485 : 0.4
0.63288 0.380627 0.916264 -0.677468 -0.653392 -0.17394 -0.514034 -0.196818 0.195779 : 0.5
0.615359 0.554445 0.835907 -1 -0.692214 0.0532967 0.614339 0.146416 -1 : 0.5
0.545105 0.401584 0.855734 0.289132 -0.649401 0.214656 0.329793 -0.13547 -0.0631179 : 0.4
0.549148 0.444513 0.854879 -1 -0.36919 0.141542 1 0.302161 -1 : 0.2
0.624695 0.405225 0.798917 -0.80927 -0.00187182 -0.209675 0.117592 0.61998 0.182942 : 0.4
0.602594 0.4663 0.793691 -1 -0.152705 0.113588 0.142842 0.15987 -0.22484 : 0.5
0.573212 0.395102 0.720698 -0.968248 -0.00207171 0.12985 0.12867 0.576901 0.0751664 : 0.6
0.677413 0.34005 0.813909 -0.34156 -0.370607 -0.42372 0.333182 0.36158 1 : 0.4
0.656789 0.378081 0.865376 -0.402216 -0.589115 -0.937837 0.11021 -0.305556 0.0381082 : 0.1
0.625135 1 0.929547 -0.816102 -0.261655 -0.614541 0.0686698 -0.108189 0.514768 : 0.1
0.624457 0.344417 1 -0.933203 -0.218915 -0.139273 0.374577 0.669784 -0.230399 : 0.5
0.623522 0.368846 0.873767 -0.102049 -0.103718 -1 1 0.0838665 -0.271809 : 0.3
1 0.417756 0.806772 -0.587416 -0.331463 -0.171002 0.715366 0.842779 0.817532 : 0.1
0.564756 0.45431 0.873222 -0.599197 -0.961502 -0.635201 0.305449 0.6245 -0.230039 : 0.4
0.609709 0.517208 0.458032 -0.923798 -0.623162 -0.194081 0.723892 0.485912 -0.189303 : 0.4
0.618651 0.410443 0.870887 -0.947459 0.0677572 0.122928 0.371097 0.489484 0.94012 : 0.6
0.635354 0.38015 1 -0.642908 -0.33299 0.189185 0.877524 0.621183 -0.331119 : 0.5
0.666965 0.365858 0.93326 -0.819885 -0.149355 -0.0276413 0.655356 0.677816 0.298797 : 0.4
0.734565 0.416476 1 -0.582107 0.0381294 0.0612497 0.601079 -0.0305025 0.633583 : 0.5
0.621233 0.367044 0.682183 -0.958882 -0.345656 -0.554769 0.810449 0.338739 -0.674788 : 0.4
0.567064 0.36828 0.833166 -0.986166 -0.661691 0.00634068 0.189988 0.591766 -0.323382 : 0.4
0.630688 0.269182 0.59291 -0.466279 -0.208616 0.325042 0.589024 -0.0324552 0.24755 : 0.2
0.748373 0.343042 0.831499 -0.476773 -0.12704 -0.20573 0.494259 -0.328334 -0.327924 : 0.4
0.675321 0.288724 0.994497 0.30103 -0.218234 0.470674 0.206384 0.497743 -0.389086 : 0.1
0.71432 0.363231 0.953477 0.12729 -0.27995 0.0364892 0.412631 0.365588 0.453982 : 0.6
0.757062 0.457888 0.862463 -0.653412 -0.288357 -0.104185 0.309744 -0.0577602 0.849537 : 0.4
0.845185 0.421345 0.790809 0.338739 -0.271567 0.0643852 0.445877 0.441219 0.544816 : 0.3
0.636617 0.365483 0.97818 -0.383843 -0.0998586 -0.0925807 0.66318 0.0378051 0.541714 : 0.6
0.657114 0.398428 0.977216 -0.627864 0.125449 0.0939061 0.435429 -0.108607 0.0431853 : 0.4
0.595664 0.450249 0.78475 -0.395728 -0.268786 -0.40271 1 0.291226 0.353529 : 0.5
0.549385 0.355929 0.856487 -1 0.159713 0.172804 0.000685688 0.0580859 0.0170031 : 0.4
0.608084 0.403818 0.796667 -0.651609 -0.349023 0.266531 0.448443 1 -0.0157605 : 0.2
0.596057 0.601817 0.935143 -0.679575 -0.253037 -0.0517294 0.548006 0.479469 -0.52638 : 0.5
0.547497 0.474489 0.830585 -0.53323 -0.125934 -0.237143 1 1 -0.733142 : 0.6
0.641483 0.409546 0.659836 -0.198199 -0.304392 -0.541588 0.768515 0.329749 -0.617386 : 0.5
0.662703 0.354368 0.609524 -0.752646 -0.303858 -0.521031 0.0782027 0.63174 -0.305967 : 0.6
0.549943 0.375231 0.876704 -0.535074 -0.421414 -0.246996 0.666968 0.587364 -0.158681 : 0.5
0.598421 0.400815 0.993549 -0.898966 -0.376121 -0.192703 0.819156 -0.189503 1 : 0.4
0.585347 0.40358 0.810399 0.288149 -0.222211 -0.002718 0.535303 -0.00338754 0.713991 : 0.6
0.560112 0.438112 0.726669 -0.629144 -0.113029 0.952918 0.587577 0.293234 0.70179 : 0.3
0.62127 0.422622 0.793211 -0.740907 0.265625 -0.416189 1 0.295957 -0.21325 : 0.3
0.695453 0.379584 0.64533 -0.68482 -0.0621405 0.286839 0.435536 0.710833 -0.253623 : 0.5
0.697638 0.322603 0.9389 -0.807971 -0.257518 -0.540212 0.468136 0.296631 0.315211 : 0.3
0.654889 0.405344 0.841884 -1 -0.229741 -0.445179 -1 0.506785 -0.122105 : 0.4
0.655086 0.414508 0.749311 -0.733161 -0.279828 -0.295312 -0.135839 -0.174745 0.156099 : 0.5
0.594824 0.457705 0.888589 -0.675821 -0.180564 -0.854283 0.360705 0.387712 0.205696 : 0.3
0.592196 0.400927 0.844824 -0.556638 -0.496327 0.0977746 0.257083 0.511822 -0.0862052 : 0.5
0.573905 0.449139 0.797849 -0.804301 -0.0653265 0.125073 -0.144276 1 0.284409 : 0.3
0.760068 0.452158 0.775331 -0.428249 0.408734 -0.188073 0.25757 0.106215 -1 : 0.3
0.658963 0.373536 1 -1 -0.0630529 0.243123 -0.044443 0.150919 -0.728848 : 0.4
0.596651 0.553323 0.806181 -0.848252 0.143342 0.10768 0.672829 0.931971 1 : 0.6
0.623987 0.32134 0.654945 -0.681732 0.0222503 0.21387 0.596621 0.81667 0.719373 : 0.5
0.774891 0.518503 0.73276 -0.250168 -0.355596 -0.279656 0.594344 0.10725 -0.629382 : 0.8
0.703252 0.500893 0.824013 0.199065 -0.209071 -0.324383 0.485369 0.394319 0.194235 : 0.5
0.838462 0.440597 0.811517 -0.883591 -0.38022 0.666842 0.306972 0.258046 0.129252 : 0.3
0.637173 0.355015 1 -0.46815 -0.377772 -0.474321 1 0.467418 0.0420534 : 0.3
0.576492 0.414676 0.911637 -0.763619 -0.265913 -0.879798 0.511319 0.706446 0.491348 : 0.3
0.785024 0.343676 0.800358 -0.577696 -0.22054 -0.267572 0.0502785 0.476839 1 : 0.5
0.555096 0.315245 0.860951 -0.306747 -1 -0.324258 -0.116753 0.469347 -1 : 0.3
0.619749 0.392709 0.83835 -0.835395 -0.316098 0.144331 1 0.0667762 0.430023 : 0.5
0.624896 0.378951 0.78047 -0.819661 -0.150808 0.0727953 0.616358 0.872301 0.077787 : 0.1
0.618216 0.348679 0.840031 -0.850647 -0.410721 0.0709724 0.815158 0.263871 -0.0111631 : 0.6
0.684785 0.375421 0.879823 -1 0.0222901 -0.307045 0.756782 0.289441 -0.277098 : 0.3
0.471598 0.411138 0.847488 -0.920664 0.132665 0.221543 0.51412 0.200579 0.448703 : 0.5
0.635818 0.336948 0.759428 -0.292626 -0.793975 0.488173 0.0553907 -1 0.838336 : 0.1
0.593278 0.215812 0.812768 -0.890819 -0.818766 -0.600709 0.474767 -0.160544 0.81052 : 0.3
0.677137 0.351357 0.655863 -1 0.0936297 -0.217928 0.24093 0.219166 0.218659 : 0.6
0.738699 0.57011 0.987124 -0.966457 -0.751778 -0.198882 -1 0.507235 -0.113968 : 0.3
0.599122 0.453413 0.89532 -0.177369 0.103151 -0.235521 0.434972 -0.150201 -0.207919 : 0.3
0.579958 0.402494 0.85867 -1 -0.436628 -0.460553 -0.0253712 -0.315822 0.0105316 : 0.5
0.755538 0.199068 0.764059 0.635504 -0.485504 -0.291829 0.130035 0.71967 0.328932 : 0.3
0.585802 0.408778 0.966648 -0.701039 0.0171675 0.154479 0.373662 0.0700343 0.415242 : 0.3
0.473321 0.343654 1 -1 0.67441 -0.42403 0.764539 0.0668029 -0.290075 : 0
0.500499 0.377822 0.71323 -0.545464 -0.454569 0.37425 0.505578 0.260086 0.0497979 : 0.6
0.470964 0.397974 0.978422 -0.111302 -0.137322 -0.107122 0.512528 0.0874541 -0.153551 : 0.4
0.63353 0.439562 0.803837 -0.695468 -0.14717 -0.307661 0.487756 0.490276 0.0919137 : 0.6
0.602982 0.417887 0.859433 -0.579473 0.212206 -0.256149 -0.27883 -0.492743 0.305515 : 0.5
0.686545 0.456394 0.908063 -0.794969 -0.130231 -0.331497 0.688019 0.00906126 -0.56327 : 0.4
0.595941 0.821749 0.946872 0.141516 -0.00979945 -0.295745 1 1 0.22107 : 0.1
0.555791 0.262098 0.941384 -0.063571 -1 0.0476963 0.714347 0.840095 0.646685 : 0.1
0.681705 0.433709 0.748851 -0.678989 -0.588777 -0.884312 -0.129893 0.839229 0.577287 : 0.4
0.739149 0.467754 0.794063 -0.912565 -0.0964027 -0.238716 0.0437619 0.399399 0.093931 : 0.5
0.57334 0.402337 1 -0.823396 -0.308638 -0.207243 0.958257 0.784456 -0.111291 : 0.4
0.65516 0.374977 0.867143 -0.38701 0.378594 -0.0916753 0.766184 0.411477 -1 : 0.3
0.439055 0.442125 0.814461 -0.900468 -0.372134 -0.131829 0.467082 0.17036 -0.584614 : 0.7
0.615042 0.317177 0.728334 -0.401522 -0.613882 -0.291026 0.530599 -0.211874 -0.640869 : 0.5
0.653368 0.3324 0.792539 -0.996785 -0.400277 -0.208434 0.698765 -0.0555785 -0.233626 : 0.2
0.654129 0.484069 0.333691 -0.385159 -0.177612 -0.290035 0.0291245 0.132806 -0.144279 : 0.4
0.642041 0.431953 0.817666 -0.890546 -0.371813 -0.332232 -0.208258 0.678938 0.458574 : 0.3
0.545502 0.340835 1 -1 -0.662543 -0.299357 0.663913 0.42796 -0.0102195 : 0.4
0.597736 0.424629 0.793102 -0.847768 0.105141 0.114131 0.0441974 0.422415 1 : 0.4
0.730551 0.442916 0.836112 -0.412858 -0.215249 -0.230185 0.550914 0.910683 1 : 0.6
0.517612 0.314178 0.921886 0.815564 -0.804279 -0.293356 -0.228499 0.147377 -0.788498 : 0.3
0.759178 0.51001 0.690829 -0.372337 -0.513707 -0.293023 -0.0963678 0.244703 0.00928447 : 0.4
0.798654 0.364112 0.979288 -0.640526 -0.114799 -0.348298 0.163471 0.445311 -0.0803317 : 0.4
0.627137 0.235886 0.842296 -0.314868 -0.385752 -0.296908 0.940149 0.754346 -0.708687 : 0.3
0.705596 0.356849 0.859453 -0.980829 -0.809711 -0.233762 1 0.166819 -0.569051 : 0.4
0.647735 0.376128 0.943888 -0.375266 -0.179481 0.446857 0.54619 0.870827 -0.335152 : 0.2
0.604785 0.316642 0.845716 -0.901691 -0.362881 -0.311604 0.793288 0.0396029 0.848139 : 0.3
0.784724 0.404092 0.815806 -0.49673 -0.195 -0.420924 0.104944 -0.195232 0.559801 : 0.3
0.626185 0.311483 0.789879 -0.632765 -0.0149387 0.266303 0.405389 -0.0517316 -0.691041 : 0.5
0.545822 0.341655 1 -1 -0.0580769 0.00828618 -0.0406297 0.13737 0.308684 : 0.5
0.645828 0.37398 0.999715 -0.407217 -0.56786 -0.475323 0.545487 0.584768 0.660521 : 0.4
0.759513 0.4173 0.831765 -0.572814 -0.565473 -0.548165 1 -0.309878 0.20307 : 0.4
0.553845 0.347971 0.793915 -0.868177 -0.381308 -0.0720224 0.439409 0.12644 -1 : 0.7
0.716564 0.41314 0.771502 -1 -0.260487 -0.100167 0.699418 -0.673049 -0.617888 : 0.4
0.835211 0.41208 0.923867 -0.36263 0.306912 -0.493028 0.419709 -0.463706 -0.0212759 : 0.5
0.619987 0.465824 0.525079 -0.678159 -0.684449 -0.31589 0.698464 0.473672 0.106377 : 0.3
0.697655 0.44407 0.92206 -0.809825 -0.022527 -0.152461 0.565098 0.671172 0.98455 : 0.4
0.816175 0.447871 0.836651 -0.936603 -0.00212912 -0.0305573 0.404471 0.654835 -0.265637 : 0.6
0.765368 0.439731 0.876269 -0.970879 -0.519911 0.141523 0.385653 -1 -1 : 0.2
0.651605 0.585049 0.718523 -0.412598 -0.483381 -0.412546 0.0569029 0.251706 0.0161564 : 0.6
0.675658 0.366364 0.92942 -0.808661 0.496999 -0.0295721 0.0872024 0.0440225 0.490454 : 0.6
0.627066 0.388182 0.750266 -0.775814 0.308563 -0.373803 0.150143 -1 1 : 0.2
0.655872 0.425064 0.878817 -0.453668 -0.243022 -0.568636 0.172998 0.312722 0.73481 : 0.5
0.64991 0.457202 0.80698 -0.710485 -0.43029 -0.201039 0.315876 0.201924 0.654564 : 0.5
0.657264 0.376554 0.738212 -0.611176 0.0375454 0.111769 0.436759 0.527564 -0.289755 : 0.6
0.636956 0.555401 0.89236 -0.569856 0.491234 -0.442203 0.116539 0.144652 0.247465 : 0.4
0.681899 0.468228 0.952436 -0.940307 -0.240865 -0.242243 0.378574 0.259686 0.420667 : 0.5
0.588124 0.326305 0.88183 -0.793054 -0.215188 -0.330269 0.665707 0.777627 -0.182425 : 0.5
0.731823 0.434246 0.830168 -0.244271 0.540283 0.0235416 1 0.380565 -0.0560822 : 0.5
0.642894 0.357852 0.838173 -0.562275 0.452299 -0.219057 0.189048 0.470236 0.979815 : 0.5
0.596423 0.40824 0.926874 -0.159603 -0.221946 -0.0669079 0.352466 0.239381 -0.105695 : 0.9
0.626729 0.511155 0.500065 -0.316409 0.0310353 -0.285687 0.652864 -0.459708 -0.785319 : 0.4
0.721395 0.218223 0.959789 0.778624 0.0241768 -0.784606 0.226657 0.651875 -0.302193 : 0.3
0.667494 0.383288 0.954788 -0.537896 0.138455 -0.409113 1 -0.157618 0.0341041 : 0.4
0.754274 0.394012 0.960889 -0.73976 -0.474083 -0.440014 0.816831 0.294748 0.719458 : 0.3
0.622504 0.400447 0.879196 -0.566996 -0.760051 -0.380266 -0.0938907 -0.451598 -0.0351765 : 0.5
0.71137 0.526037 0.855754 -0.529696 -0.0503569 0.0570905 -0.0771987 0.474655 -0.146457 : 0.2
0.670465 0.305642 0.869845 -0.696503 -0.758927 -0.185127 0.599084 1 0.158615 : 0.5
0.56788 0.368383 0.777942 -0.571108 0.0717822 0.0887532 -0.186422 0.392486 -0.285896 : 0.3
0.557367 0.389571 0.728898 -1 0.12177 -0.239422 -0.58634 0.73458 -0.102407 : 0.4
0.634873 0.467231 0.350849 -1 -0.456672 -0.442015 -0.694867 1 0.448887 : 0.5
0.705573 0.44099 0.905704 -0.289922 -0.0942346 -0.317632 1 0.801288 0.213198 : 0.5
0.639408 0.369683 0.888012 -0.806342 0.282814 0.730525 0.329441 0.7695 0.157503 : 0.4
0.755531 0.460158 0.783663 -1 -0.449419 0.578879 0.644259 0.486612 0.548302 : 0.2
0.65046 0.276122 0.821333 -0.454462 -0.775295 -0.960258 0.00827818 -0.218561 -0.46755 : 0.1
0.631835 0.321497 0.801977 -0.382707 -0.563656 -0.336 0.336253 -0.64308 1 : 0.3
0.753159 0.310103 0.979705 -0.700846 0.194752 -0.357063 0.284195 0.784701 -0.355819 : 0.4
0.577158 0.45911 1 -0.636868 -0.209318 -0.283215 -0.295285 0.540803 -0.0874252 : 0.4
0.592387 0.290936 0.846306 -0.693022 -0.356149 -0.383027 -0.464611 0.170806 -0.161714 : 0.3
0.552375 0.297745 0.873053 -0.961247 -0.397915 -0.221864 1 0.342118 0.181368 : 0.5
0.632551 0.28827 1 0.520959 -0.680791 -0.114293 0.68311 0.321232 0.649451 : 0
0.665741 0.43131 0.766822 -0.421445 -0.224082 0.252446 0.102261 0.406745 0.732408 : 0.3
0.645208 0.385598 0.869298 -0.813518 -0.258212 -0.0714203 0.498935 0.54288 0.558455 : 0.5
0.5454 0.530225 0.989984 -1 -0.0288814 -0.954646 0.189136 0.874353 -0.22198 : 0.1
0.615615 0.417894 0.783257 -0.648828 0.16494 0.0579854 0.604768 0.584495 -0.310899 : 0.4
0.656528 0.246098 0.852074 -0.606233 -0.296519 -0.206688 0.961581 0.644502 -0.357652 : 0.4
0.74856 0.444934 0.791677 -0.665097 0.681455 0.153626 0.0157264 0.0497194 -0.0648169 : 0.2
0.564012 0.462984 0.94017 -0.326287 -0.368954 -0.411067 1 0.314903 0.7491 : 0.6
0.611144 0.396494 0.705049 -1 -0.434427 -0.232573 0.064673 1 -0.31885 : 0.5
0.780888 0.373252 0.812971 0.574328 -0.315672 0.205348 0.578592 0.769433 0.266088 : 0.4
0.642795 0.371248 0.808497 -0.40575 -0.397601 0.393703 0.391084 0.0991318 0.0823103 : 0.6
0.571717 0.527579 1 0.143291 0.105835 -0.695349 0.413596 0.948425 0.014134 : 0.1
0.666087 0.276069 0.744433 -0.324738 -0.646666 -0.0977498 0.21256 0.300661 -0.630044 : 0.6
0.58179 0.426956 0.805037 -0.738785 -0.125789 0.140731 0.771583 -0.077701 0.0421563 : 0.2
0.575639 0.343913 0.880767 -0.648317 0.540744 -0.0683735 -0.0595333 0.192676 -0.236364 : 0.4
0.620882 0.659304 0.888318 -0.488506 -0.568827 -0.257217 0.394349 0.575869 -0.390648 : 0.6
0.665109 0.489379 0.907313 -0.939257 0.279705 -0.575646 0.737043 0.49964 -0.0985466 : 0.4
0.620353 0.342809 0.837956 -0.395395 -0.203117 -0.619316 0.597603 0.13014 0.835327 : 0.1
0.64604 0.435525 0.899753 -1 -0.399601 -0.925525 0.595198 0.48063 0.637253 : 0.1
0.623051 0.326612 0.903434 -0.656913 -0.197671 0.362345 0.724259 -0.195326 -0.125818 : 0.2
0.577327 0.297675 0.915294 -0.994822 -0.453465 -0.385084 1 -0.364678 -0.981498 : 0.3
0.590062 0.34224 0.79587 -1 -0.680839 0.623187 0.305332 -0.127074 0.171387 : 0.2
0.655594 0.379581 1 -0.273383 0.40344 0.396381 0.284748 0.791377 -1 : 0.4
0.55989 0.0378675 0.823601 0.18143 -0.554053 0.124702 0.428044 -0.219398 0.381987 : 0.1
0.449633 0.39538 1 -0.472412 -0.149649 0.108891 0.292013 -0.367973 -0.413276 : 0.3
0.676797 0.316785 0.859885 -0.386405 -0.464432 0.884769 0.760274 0.0764337 -0.101192 : 0.2
0.555587 0.397372 1 -0.526838 -0.349834 -0.555636 1 0.637474 -0.262833 : 0.3
0.494801 0.446625 0.820064 0.0447736 0.283931 0.0672355 -0.16106 0.834518 -0.109824 : 0.1
0.499251 0.356815 0.912201 -0.623174 0.113988 -0.486697 0.346706 0.797783 -0.689945 : 0.3
0.545211 0.405207 0.935649 -0.807304 -0.515625 -0.188566 0.238561 -0.0606248 0.195589 : 0.3
0.641654 0.377429 0.852643 -0.367481 -0.134835 0.0658793 -0.253694 0.983254 -0.828861 : 0.4
0.520984 0.336178 0.915224 -0.77778 0.00390092 -0.0874917 0.382944 -0.125233 0.49013 : 0.5
0.614012 0.218794 0.794705 -0.175572 -0.489862 -0.298442 0.922795 0.987863 -1 : 0.3
0.610579 0.221969 0.758584 -1 -0.521318 0.0293603 -0.0901332 0.439823 0.329717 : 0.3
0.798957 0.55567 0.749817 0.448538 0.154784 -0.438401 0.119087 -0.153789 -0.00505024 : 0.4
0.56698 0.496982 0.840598 -0.774815 -0.13767 -0.148391 0.625853 0.819978 0.745095 : 0.2
0.799225 0.394636 1 -1 -0.0843065 -0.00375241 0.611183 -0.328246 -0.0755278 : 0.5
0.576596 0.39585 0.435364 -0.872803 -0.0921034 -0.816211 -0.121071 0.385267 0.272835 : 0.2
0.628223 0.568345 0.950699 -1 -0.506489 0.383213 0.545453 -0.0323624 0.370497 : 0.2
0.660139 0.358571 0.907396 -0.820049 -0.791787 1 0.812819 0.0436102 0.688581 : 0.2
0.505269 0.405672 0.866976 -0.948175 -0.319624 0.108402 0.501815 0.692224 0.481571 : 0.4
0.660007 0.328647 1 -1 -0.795616 -0.225647 0.201751 0.0688446 -0.737269 : 0.2
0.535721 0.372104 1 -0.529929 -0.295553 -0.043034 0.255896 0.185757 0.473376 : 0.3
0.592822 0.30723 0.870479 -0.434798 -0.00800359 1 0.500169 0.449497 -0.0981506 : 0.2
0.6089 0.359846 0.860803 0.129815 -0.211063 -0.262364 0.417925 -0.500289 1 : 0.3
0.620434 0.557008 0.835453 -0.22491 -0.688343 -0.430762 0.620371 0.980943 -0.894004 : 0.5
0.673331 0.347397 0.80863 -0.160216 -0.450089 0.0103089 0.118111 0.730652 -0.33305 : 0.5
0.723561 0.421418 1 0.241674 -0.236989 -0.283527 -0.00913252 -0.198148 0.0404244 : 0.3
0.679364 0.39077 0.783412 -0.190915 -0.459831 -0.0921877 1 -0.923638 1 : 0.4
0.56829 0.364117 0.988895 -0.461284 -0.54405 0.117201 0.539011 -0.18851 -0.264415 : 0.3
0.629004 0.267937 0.840803 -0.805115 -0.303656 -0.222185 0.409497 0.650374 -1 : 0.4
0.538794 0.393767 0.898232 -0.805975 -0.00178742 0.167941 0.363107 0.253906 -0.0395111 : 0.2
0.671685 0.554868 0.799319 -0.205101 0.351557 0.547106 0.440373 0.313521 -0.0633568 : 0.4
0.782447 0.508934 0.944398 -0.558078 -0.523809 -0.380498 0.817545 -0.494018 -0.349895 : 0.6
0.62942 0.343111 0.916563 -0.286034 -0.0777643 -0.348407 0.426076 1 0.331438 : 0.7
0.627389 0.344607 0.908633 -0.505296 0.0311906 0.389935 -0.0535329 0.510731 0.102704 : 0.3
0.620357 0.356208 0.984395 -1 -0.175067 -0.310814 1 0.238141 -0.115796 : 0.5
0.74705 0.343611 0.859727 -0.838438 -0.178995 -0.158995 0.672453 0.376267 -0.060286 : 0.3
0.598712 0.378641 0.838715 0.140225 -0.202134 -0.167649 0.654411 0.530191 0.264873 : 0
0.596276 0.512919 1 -0.899172 -0.526345 0.000522166 -0.0141691 0.172346 0.0667285 : 0.3
0.552725 0.456784 0.887982 -0.810694 0.420243 -0.060848 0.438529 0.415559 -0.838541 : 0.7
0.439803 0.519877 0.813568 -0.28085 -0.74006 0.340516 -0.278758 0.46132 -0.433283 : 0.3
0.558262 0.442558 0.611734 -0.628815 -0.475252 -0.37495 0.639714 0.952226 -0.982996 : 0.5
0.608707 0.425176 0.809796 -0.969534 0.0437374 -0.189057 0.536378 -0.375006 0.845756 : 0.6
0.634938 0.269569 0.868248 -0.817872 -1 0.0636688 0.478261 -0.279048 -0.260928 : 0.2
0.670936 0.551299 0.885183 -0.862261 -0.71617 -0.991166 0.358498 0.168015 0.102262 : 0.3
0.715303 0.324576 0.756045 0.481203 -0.282491 -0.652195 0.536317 0.39934 -0.106481 : 0.3
0.58335 0.310789 0.885165 -0.442089 -0.443775 -0.0784203 0.141554 -0.141969 -0.242955 : 0.6
0.917592 0.436695 1 -0.959372 -0.333279 0.11437 0.539184 0.297556 -1 : 0.6
0.702463 0.364378 0.759339 0.485928 -0.533203 -0.232968 0.696299 0.747548 -0.251068 : 0.1
0.819966 0.253125 0.865078 -1 -0.230271 -0.650392 0.603833 0.523174 0.242205 : 0.3
0.65346 0.557153 0.810177 -0.519309 -0.398013 0.263 -0.651713 0.245374 -0.239053 : 0.1
0.502503 0.515856 0.779713 -0.739375 -0.140282 -0.322613 0.275575 0.802581 -0.635433 : 0.7
0.508452 0.521404 0.836525 -0.557898 0.267222 -0.329907 1 -0.836454 -0.573119 : 0.2
0.596959 0.404242 0.846016 -1 -0.531611 -0.278059 0.621052 0.778267 1 : 0.5
0.577343 0.284503 0.867059 -0.409444 -0.153328 -0.141496 0.795671 0.822345 -0.418101 : 0.5
1 0.435127 0.913049 -0.497796 -0.13471 -0.276946 -0.108712 0.121948 0.886228 : 0.3
0.60568 0.626546 0.900176 -1 -0.517964 -0.0126477 0.769357 0.837775 -0.552343 : 0.2
0.538956 0.398237 1 -0.55512 -0.443413 0.103803 0.457716 -0.218571 0.455461 : 0.4
0.623894 0.356567 1 -0.826869 -0.36751 -0.380078 0.997412 0.306594 0.816913 : 0.5
0.720116 0.39321 0.840566 -0.899227 -0.301094 -0.291605 0.45701 0.363603 0.583228 : 0.4
0.603641 0.650732 0.904378 -0.612591 -0.347215 -0.378951 0.995933 0.26557 0.203115 : 0.4
0.650001 0.58596 0.851751 -0.40473 -0.46399 0.221365 0.142464 0.0262918 0.183258 : 0.6
0.534129 0.422103 0.793406 0.337648 -0.277893 0.424228 0.672767 -0.26791 0.0740745 : 0.2
1 0.3272 1 -0.962722 -0.0754954 0.0939375 -0.211888 0.0423326 0.385554 : 0.4
0.662578 0.393166 0.84584 -0.733028 -0.251278 0.0069401 0.527052 -0.00692183 0.0495898 : 0.7
0.602739 0.385261 0.884211 -1 0.0829353 -0.199578 0.322113 -0.181265 0.285728 : 0.5
0.606999 0.223898 0.804627 -0.344744 -0.17535 -0.323886 0.695152 0.279842 0.168724 : 0.5
0.615556 0.495357 0.94725 -0.599245 0.111726 -0.0238962 0.413926 0.411466 0.635913 : 0.5
0.617232 1 0.397497 0.171734 -0.177934 -0.106975 1 0.35823 0.0130591 : 0.1
0.47942 0.241417 0.884585 -0.459454 -0.310276 -0.611422 0.680487 1 -0.406643 : 0.5
0.803679 0.395456 0.851622 -0.284449 0.11507 0.150178 0.452048 1 -0.239484 : 0.5
0.549942 0.41667 0.851245 -0.991684 -0.255747 -0.144763 0.751882 0.678827 -0.3402 : 0.3
0.626948 0.403462 0.888928 -0.78522 -0.163761 0.267654 0.588304 0.640939 0.865008 : 0.4
0.640904 0.38143 0.837361 -0.776654 0.321328 -0.217831 0.712941 0.267568 -0.138932 : 0.3
0.67244 0.482041 0.580854 -0.403735 -0.0613268 -0.306553 0.298286 0.911468 -0.511359 : 0.4
0.605356 0.523267 0.86277 -0.834547 0.00910658 -0.178773 0.0679353 0.929571 -0.358963 : 0.4
0.614704 0.253749 0.913949 -0.839041 -0.95726 0.351925 0.582562 0.00759304 0.358901 : 0.2
0.599917 0.462733 0.74302 -0.683105 0.0437034 -0.178959 0.7118 0.861447 -0.86326 : 0.6
0.600787 0.324496 0.802321 -0.701108 -0.487207 0.193004 0.0668691 0.365431 -0.213709 : 0.3
0.685751 0.383685 0.849988 -0.684244 0.269775 0.138885 0.435247 0.834242 -0.191023 : 0.4
0.68287 0.305341 0.794364 -0.389762 -0.591229 -0.0123584 0.281959 0.446411 1 : 0.5
0.510461 0.500055 0.889844 -0.862428 0.0286183 0.161306 0.203353 0.48303 0.782057 : 0.3
0.614166 0.461656 0.995916 -0.433187 -0.530633 0.934602 0.667112 0.363161 -0.0627927 : 0.4
0.636912 0.284695 0.996265 -0.545062 -0.0141679 -0.285841 0.3235 0.496127 -0.267495 : 0.7
0.622461 0.517082 0.882489 -0.971306 -0.235065 -0.430829 0.280204 1 -0.714199 : 0.2
0.725899 0.349766 0.925361 -0.395001 0.123792 -0.523982 0.517713 0.591605 -0.0424643 : 0.1
0.597711 0.117582 0.819242 -1 -0.455973 -0.352754 0.271787 0.108654 -0.0142643 : 0.3
0.672289 0.230908 0.639079 -0.715758 -0.696411 0.0397063 0.219434 0.410336 0.633083 : 0.2
0.621581 0.500992 0.852893 -0.404458 -0.344237 -0.0853496 0.129714 0.360776 -0.0899324 : 0.7
0.622515 0.228656 0.53298 -0.812457 -0.232125 -0.212584 0.663 0.692343 -0.00452842 : 0.3
0.656705 0.432912 0.888994 -0.670402 0.293344 0.116396 -0.0889381 0.783174 -0.122312 : 0.6
0.434779 0.334008 0.838677 -0.690401 0.196636 -0.124662 -0.180584 0.499168 -0.131831 : 0.6
0.638642 0.249385 0.837448 -0.785079 -0.131081 0.10486 0.512387 -0.0477092 -1 : 0.4
0.573016 0.339672 0.9783 -0.89866 -0.341873 -1 0.391578 0.670454 -0.344205 : 0.4
0.634314 0.26824 0.954399 -1 -0.586431 -0.480828 1 0.204292 -0.113889 : 0.4
0.556076 0.464971 1 -1 0.0742117 -0.308314 0.300364 -0.398559 0.419066 : 0.3
0.583092 0.421125 0.760973 -0.774525 -0.361307 0.138885 0.541775 0.168022 0.0945831 : 0.5
0.641456 0.315615 0.831729 -0.757661 -0.281418 0.0536915 0.526434 -0.306098 1 : 0.6
0.574233 0.208327 0.756009 -1 -0.153286 -0.0240893 0.490749 0.461646 -0.135499 : 0.3
0.671125 0.342258 1 -0.422201 -0.377559 -0.143095 0.184505 -0.0638723 -0.930112 : 0.5
0.704887 0.376157 0.875705 -1 -0.212408 0.14772 0.566373 0.41485 0.648846 : 0.5
0.596224 0.464068 1 -0.864947 -0.678684 -0.156164 0.341954 -0.736684 0.343878 : 0.1
0.738857 0.439402 0.427436 -0.776892 -0.300021 0.221232 0.245162 0.18974 -0.143464 : 0.2
0.565612 0.327092 0.86734 -0.958848 -0.608847 0.238917 0.471583 0.641449 -0.354068 : 0.3
0.621556 0.472299 0.986433 -0.861473 -0.0834101 -0.250381 0.0792186 0.424682 1 : 0.5
0.949575 0.419872 0.866237 -0.44504 0.443557 -0.0544736 0.061952 0.315182 0.078851 : 0.4
0.692443 0.457739 0.786794 -0.66545 -0.336464 -0.191998 -0.0891852 0.708587 0.542441 : 0.6
0.5697 0.433993 0.772966 -1 -0.0430158 0.045644 0.701426 0.117972 0.300083 : 0.7
0.651041 0.471445 0.896532 -0.788943 -0.265867 -0.250845 0.603199 -0.0481673 0.37034 : 0.4
0.594595 0.437471 0.882044 -0.91159 -0.167509 -0.400898 0.314273 0.462608 0.478864 : 0.4
0.486055 0.45697 0.992709 -0.765228 -0.250476 -0.106411 0.233963 0.276851 0.351674 : 0.3
0.672528 0.51507 1 -0.386217 -0.557884 -0.267968 0.0879588 -0.455275 0.563337 : 0.4
0.563052 0.357302 0.778203 -0.424569 -0.938464 -0.258572 0.0896549 0.212837 1 : 0.5
1 0.428734 0.994539 -1 -0.171365 -0.0897289 0.614258 0.572821 0.394887 : 0.4
0.613784 0.237203 0.806294 -0.129436 -0.0538749 -0.455666 0.592051 0.137708 -0.0214895 : 0.2
0.631295 0.444601 0.976273 -0.259261 0.0849003 -0.646424 1 1 -0.197245 : 0.4
0.628108 0.495499 0.74909 -0.858747 -0.143008 -0.383436 0.597335 0.3916 -0.382245 : 0.6
0.799123 0.408279 0.793365 -0.373286 -0.915245 -0.335732 0.483629 -0.528746 -0.724761 : 0.4
0.644308 0.358471 0.873282 -0.712979 -0.245499 0.208382 0.483381 0.869905 -0.463822 : 0.5
0.586014 0.461454 0.818287 0.191569 -0.348367 0.575559 0.308696 0.768224 -0.138197 : 0.3
0.707355 0.479953 0.901775 -0.654355 -0.999241 -0.359698 0.486523 0.525695 0.196548 : 0.5
0.58926 0.58277 0.787107 -0.89037 -0.936532 0.117234 0.24075 0.072137 -0.506124 : 0.5
0.582958 0.3884 0.820685 -0.605076 -0.866862 -0.33694 0.883677 0.251232 1 : 0.3
0.755709 0.463154 0.888816 -0.761707 -0.304929 -0.316272 0.62773 0.609762 0.0890737 : 0.5
0.650613 0.358039 1 -0.203796 -0.209797 -0.411239 0.516321 -0.109622 -0.0267124 : 0.7
0.631339 0.313258 0.888871 -0.058522 -0.485456 -0.386892 0.988234 0.565535 0.0371456 : 0.2
0.594855 0.123869 0.632719 -0.90919 -0.624525 -0.171685 0.772821 1 0.0744024 : 0.5
0.571232 0.338827 0.915418 -0.68174 0.0308923 -0.847662 -0.145543 -0.0466965 -0.975153 : 0.4
0.583841 0.315982 0.771143 -0.174164 -0.134004 -0.163102 0.562667 -0.0123208 -0.369261 : 0.6
0.713051 0.40485 0.81938 -0.509041 -0.543571 -0.191046 0.659708 -0.313426 0.959936 : 0.2
0.633498 0.393478 0.902665 -0.692017 -0.161795 -0.0903724 0.235 0.0705571 0.446592 : 0.6
0.631908 0.362663 0.881573 -0.670923 -0.452983 0.0545041 0.676319 0.0647021 0.220874 : 0.7
0.618049 0.452236 0.624691 0.0136007 -0.453729 0.2541 -0.000341967 0.347098 0.144511 : 0
0.642578 0.368549 0.846929 -0.936454 -0.306787 -0.455828 0.522953 0.60621 -0.598749 : 0
0.64785 0.209939 0.974142 -0.859804 -0.725391 -0.227803 0.335228 0.0450801 0.358407 : 0.3
0.652027 0.340371 0.826418 -0.384955 -0.753667 -0.580662 0.0222244 0.47489 -0.671379 : 0.4
0.671176 0.368358 0.951837 -0.445435 -0.35689 -0.0642354 0.637877 -0.246414 -0.12295 : 0.3
0.698734 0.318235 0.913299 0.0994161 -0.325744 0.163736 0.42208 0.0417308 0.791805 : 0.5
0.712669 0.482861 0.851695 -0.739355 0.0610221 0.100777 -0.586261 0.878503 -0.260459 : 0.3
0.6324 0.372531 0.906378 -0.63253 -0.549101 -0.364892 0.43821 0.325592 -0.174036 : 0.5
0.639485 0.297488 0.860856 -0.900904 -0.047492 -0.292506 0.311524 1 0.981173 : 0.5
0.601428 0.581699 0.810594 -0.678697 -0.208064 0.0826875 0.694622 0.827538 -1 : 0.6
0.584621 0.367699 0.84591 -0.601851 -0.224837 0.443758 0.540859 1 -0.666424 : 0.4
0.602344 0.301682 0.863671 -0.461286 -0.076442 -0.289553 0.723386 0.192472 0.435463 : 0.5
0.650124 0.226389 0.910519 -0.765584 -0.328528 0.28034 0.356413 1 0.777975 : 0.4
0.713785 0.383731 0.359086 0.0953072 0.037771 -0.563812 0.778478 0.288637 0.234874 : 0.5
0.678528 0.477447 0.799603 -0.724728 -0.413292 -0.259601 0.551588 0.718321 -1 : 0.5
0.633702 0.364498 0.866794 -0.838967 0.0903841 -0.166634 0.467039 0.322673 -0.297129 : 0.4
0.637627 0.338243 0.983294 -0.866622 0.966706 -0.00974411 0.713832 -0.346515 0.330235 : 0.2
0.614558 0.485267 0.747705 -0.800821 0.0404139 -0.136814 -0.348124 0.179507 -0.0969371 : 0.4
0.674516 0.394972 0.865058 -0.144839 -0.220218 -0.214145 0.296865 0.436482 0.0281488 : 0.6
0.757312 0.245663 1 -0.994851 -0.158744 -0.0328563 0.634284 -0.183545 0.679297 : 0.1
0.792987 0.451229 0.815008 -0.324228 -0.474582 0.00801206 0.556965 -0.0778141 -0.668641 : 0.3
0.571016 0.473992 0.812711 -0.671638 -0.545101 0.395662 0.509946 0.701703 0.255641 : 0.3
0.566148 0.367977 0.95649 -0.980996 -0.109279 -0.619994 0.408584 -0.192389 0.597845 : 0.4
0.625497 0.345294 0.812138 -0.871364 -0.267945 -0.121813 0.428371 0.601298 0.716287 : 0.5
0.647623 0.349368 0.893921 -0.131118 -0.215383 -0.333943 0.9547 0.469454 -0.0146434 : 0.4
0.636587 0.332095 1 -0.0684825 -0.138179 -0.461243 0.373914 0.474169 -0.168086 : 0.5
0.714625 0.503146 0.839608 -0.549951 -0.484273 0.0947857 0.696734 0.676625 1 : 0.5
0.62795 0.284899 0.82613 -0.917307 -0.30763 0.166287 0.410938 0.544458 -0.546471 : 0.3
0.47621 0.495346 0.897422 -0.515945 -0.352317 -0.137465 0.365864 1 0.330652 : 0.6
0.570734 0.387648 0.820168 -0.817091 -0.500818 -0.418013 0.586955 1 -1 : 0.3
0.680129 0.383222 0.854535 -0.470083 0.275401 -0.239777 0.500463 1 0.712303 : 0.3
0.668253 0.344525 0.940652 -0.631939 -0.155245 0.280195 0.486083 0.42868 -0.424833 : 0.7
0.680558 0.396106 0.973742 -0.766537 0.106134 -0.0896212 0.773281 0.608291 -0.129402 : 0.2
0.611147 0.521054 0.744327 -1 -0.0681738 0.0221789 0.827772 0.141304 0.0294193 : 0.3
0.726376 0.375793 0.860302 -1 -0.206941 -0.0841662 0.0999083 0.337198 -0.0648811 : 0.5
0.747079 0.444676 0.769722 -1 -0.0564554 -0.42799 -0.0689982 0.329042 -0.311227 : 0.5
0.670557 0.31507 0.864446 -0.889551 -0.15242 -0.332692 0.726317 0.2549 0.00197854 : 0.5
0.697861 0.321588 0.997962 -0.34909 -0.159739 -0.0173689 1 0.786598 1 : 0.3
0.617656 0.318617 0.862042 -0.939573 0.385123 -0.227171 0.500152 0.328231 -0.027564 : 0.1
0.65987 0.291504 0.813269 -1 -0.557307 0.122373 0.315682 -0.0412792 0.132263 : 0.4
0.585509 0.374631 0.824623 -0.641261 -0.464754 -0.272208 -0.0971221 0.555678 0.121978 : 0.5
0.613769 0.306448 0.832075 -0.853514 -0.628707 0.0837551 0.71517 -0.0770697 -0.675239 : 0
0.600906 0.365916 0.829342 -0.452624 0.333053 -0.0126796 0.930739 0.297535 -0.24342 : 0.3
0.567379 0.423802 0.70864 -0.430045 -0.381594 0.265713 0.578914 0.633604 0.341343 : 0.1
0.604589 0.538128 0.967965 -0.782848 -0.265397 0.34781 -0.69344 0.962914 0.299236 : 0.5
0.570958 0.365127 0.628087 -0.498221 -0.337092 0.465255 0.547324 1 0.347519 : 0.4
0.479353 0.409082 0.903629 -0.0612586 -0.629752 0.472027 0.8197 -0.155809 -0.427715 : 0.3
0.86627 0.470164 0.934234 -1 -0.954332 -0.204744 0.630698 -0.328769 -0.825685 : 0.1
0.575169 0.424402 0.905285 -0.825873 -0.00152946 0.1082 0.18312 0.284702 1 : 0.7
0.676567 0.380439 0.93617 -0.284805 0.0775015 -0.136448 0.714718 0.843604 -0.0854612 : 0.4
0.604484 0.168565 0.666904 -0.765754 -0.742794 -0.216388 0.350531 0.430939 -0.392774 : 0.4
0.574346 0.50962 0.890025 -0.860502 -0.336575 -0.000245064 0.528404 0.860299 1 : 0.5
0.70065 0.479943 0.631113 -1 -0.192448 -0.0510717 1 -0.139542 0.35709 : 0.4
1 0.325934 1 0.104764 -0.779839 0.520946 0.360763 -0.00368926 -0.235233 : 0.2
0.611626 0.352469 1 -0.946936 -0.379247 -0.719525 0.388108 -0.130238 0.292852 : 0.4
0.628901 0.386423 1 -0.425402 -0.327661 -0.358199 0.939497 0.335177 0.038062 : 0.5
0.618855 0.42397 0.909732 -0.838713 -0.537229 0.727966 0.266097 0.792535 0.451224 : 0.4
0.609256 0.513038 0.734117 -0.271643 -0.201473 -0.197842 0.11502 0.572876 -0.952137 : 0.6
0.629152 0.309106 0.855416 -0.367376 -0.589158 -0.162861 0.412088 0.237151 0.152661 : 0.5
0.653187 0.383174 0.953512 -0.887529 -0.893965 0.0506698 0.303284 0.0490957 -0.149285 : 0.3
0.86895 0.376915 0.844698 -0.223881 -0.796496 0.171983 0.297446 0.349842 0.0135759 : 0.5
0.613808 0.418176 0.793117 -0.809399 -0.232913 1 0.548248 0.623217 0.690586 : 0.3
0.646625 0.458354 0.861666 -0.629274 -0.555554 0.237965 0.0992445 0.0448091 1 : 0.3
0.612954 0.37696 0.814054 -0.914669 -0.542883 -0.424868 0.305082 -0.00319175 0.702057 : 0.4
0.5926 0.0734161 0.935349 -0.32203 -0.181165 0.239315 -0.307193 0.458366 -0.0738983 : 0.2
0.719746 0.402255 0.83945 -0.665147 0.586179 -0.33004 -0.156549 0.237356 0.0259605 : 0.3
0.829325 0.417625 0.785945 -0.841961 -0.714684 -0.18163 0.436617 0.273789 -0.879841 : 0.4
0.700601 0.43824 0.836908 -1 -0.526683 -0.608262 0.254235 0.0609701 -1 : 0.4
0.52008 0.483192 0.80641 -0.477307 0.524345 -0.483453 0.54869 0.00927275 0.225429 : 0.2
0.660986 0.423408 0.96698 -0.451792 -0.250921 0.438986 0.307262 0.412493 -0.211589 : 0.3
0.630547 0.381303 0.961921 -0.443853 -0.548351 -0.270127 0.596943 0.0368228 -0.248046 : 0.5
0.520058 0.371363 0.937272 -0.811504 -0.245402 0.292094 0.33365 0.20669 -0.0336622 : 0.3
0.629327 0.42755 0.822972 -0.904059 0.0743501 0.125603 0.650109 0.824198 -0.0417234 : 0.5
0.604846 0.36718 0.782005 -0.665655 0.169488 -0.143524 0.545891 0.315115 -0.428638 : 0.5
0.665378 0.27789 0.893415 -0.364838 -0.311802 -0.22213 0.672931 -0.0438482 0.518236 : 0.6
0.611407 0.38694 0.888842 -0.61688 -0.402291 -0.504987 0.50023 0.712175 0.22415 : 0.3
0.616682 0.466344 0.869066 -0.672868 -0.476115 0.0167595 0.201775 -0.469387 -0.554099 : 0.4
0.613089 0.425395 0.859963 -1 -0.431646 -0.164245 -0.954152 -0.0134888 -0.130487 : 0.1
0.640423 0.376561 0.916026 -0.869934 -0.000630319 -0.180887 0.847683 0.558517 -0.173714 : 0.6
0.741038 0.383818 0.860552 -0.865874 -0.0380471 -0.192546 -0.345312 0.352772 -0.0164441 : 0.6
0.686254 0.342684 1 -0.421925 -0.24207 -0.327601 0.536217 0.367689 -0.28291 : 0.4
0.585991 0.604448 0.942165 -0.652157 -0.234067 -0.144763 -0.0414469 0.413411 0.138365 : 0.7
1 0.301794 1 -0.566508 -0.323587 0.318259 -0.256878 0.338342 -0.0347047 : 0.3
0.634956 0.275625 0.844998 -0.856237 -0.236643 -0.344707 0.113114 0.599569 -0.0499465 : 0.3
0.640874 0.5585 0.879447 -0.44459 -0.667438 0.0675749 0.129369 -0.243503 0.560893 : 0.4
0.548979 0.2967 0.810398 -1 -0.429599 0.000526249 0.759869 0.525833 -0.345948 : 0.6
0.695136 0.461138 0.866664 -1 -0.340138 0.0318502 0.180338 -0.702081 1 : 0.5
0.533979 0.409619 1 0.0332139 -0.107341 1 0.341132 0.540712 0.193829 : 0.1
0.66523 0.330996 0.960256 -0.637671 -0.196569 -1 0.0522754 -0.0488985 -0.0965218 : 0.5
0.630131 0.28432 0.753907 -1 0.113245 0.0888093 0.477912 1 0.184983 : 0.4
0.638598 0.425061 0.906261 -0.459375 -0.653409 -0.507451 0.614013 0.490678 0.0968836 : 0.3
0.595148 0.493489 0.963311 -0.982287 0.0394173 -0.414798 0.131006 0.713125 1 : 0.2
0.655513 0.332466 0.943622 -0.210754 -0.0857451 -0.208145 0.801935 0.895454 -0.807167 : 0.5
0.600141 0.499699 0.861024 -0.793314 -0.494039 0.499552 0.372074 0.753093 0.827827 : 0.3
0.658816 0.388971 0.838399 -0.961398 -0.522845 -0.294927 1 0.310521 -0.564908 : 0.4
0.712229 0.449346 0.436407 -0.987218 -0.263538 -0.0673963 0.17241 0.53398 0.319506 : 0.3
0.726741 0.381904 0.876339 -0.765634 -0.355518 0.364106 0.88132 -0.29035 -0.683664 : 0.3
0.430922 0.427877 0.804152 0.0834537 0.0910751 -0.245395 0.336729 -0.36182 0.0617126 : 0.4
0.838744 0.487164 0.866294 -0.910118 -0.679652 0.270305 0.306666 0.447628 0.647573 : 0.4
0.614602 0.252136 0.602882 -0.353552 0.0638227 -0.562868 0.853856 0.424922 0.508195 : 0.5
0.664681 0.648684 0.9747 -0.808659 -0.0527937 -0.529048 0.052485 0.14293 0.347194 : 0.2
0.628515 0.423482 0.838492 -0.679288 -0.0839091 0.400436 0.689412 0.10142 -0.377217 : 0.7
0.619712 0.183267 0.910283 -0.368158 -0.300957 0.065953 0.147506 0.628826 0.110013 : 0.5
0.543182 0.380114 0.767514 -0.331713 -0.461452 -0.347641 0.242436 -0.464676 -0.868142 : 0.5
0.499894 0.35797 0.781877 -1 -0.277776 -0.842118 -0.00622754 0.55561 0.175243 : 0.4
0.47858 0.401181 0.909954 -0.562485 0.204546 -0.278407 0.122528 -0.4972 -0.26111 : 0.5
0.535236 0.405687 0.804314 -0.233997 -0.337419 -0.109256 0.587596 -0.143236 0.663203 : 0.6
0.538365 0.638584 0.854769 -0.734114 -0.293676 0.0460567 0.374915 0.27271 0.332302 : 0.6
0.40043 0.363883 0.838745 -0.888452 -0.265838 -0.80005 0.582512 0.413706 0.706328 : 0.1
0.49048 0.439876 0.790143 -0.690554 -0.313007 0.280487 0.305405 0.389178 -0.11007 : 0.5
0.619469 0.327889 0.870995 -0.339084 -0.118166 -0.290293 0.0327596 0.75058 0.0985025 : 0.4
0.61968 0.547725 0.95146 -0.472528 -0.257868 -0.290615 1 0.200001 -0.100674 : 0.5
0.650618 0.40879 0.862113 -0.575573 -0.452496 -0.0152527 0.612062 0.762672 -1 : 0.4
0.609847 0.489447 0.812197 -1 -0.294661 -0.185223 0.302025 0.0430815 0.0508639 : 0.5
0.628933 0.36098 0.870044 -0.8417 -0.00423914 -0.0561506 0.195299 -0.319288 -0.290257 : 0.2
0.589294 0.516345 0.805786 -0.530754 -0.0216743 0.27048 0.309727 0.566193 -1 : 0.4
0.628961 0.356934 0.969879 -0.941826 -0.874652 0.12052 0.567155 0.155476 0.10099 : 0.1
0.674664 0.398067 0.740529 -0.412967 -0.294042 -0.54549 0.396055 0.475205 0.968486 : 0.5
0.682419 0.137657 0.86615 -0.915677 -0.296691 0.773773 0.230917 0.462546 0.936612 : 0.3
0.686062 0.613042 0.776828 -0.418564 -0.469082 0.218931 1 0.651389 0.0787304 : 0.7
0.587791 0.354209 0.811571 -0.951213 -0.231305 0.435145 0.291879 0.430917 -0.529191 : 0.4
0.702576 0.332443 0.281865 -0.979865 -0.726478 -0.356717 0.100534 0.447594 -0.0276542 : 0.2
0.622125 0.423497 0.783359 -0.662677 0.0279534 0.132355 0.441691 0.899885 -0.576241 : 0.6
0.664287 0.439471 0.902415 -0.569533 -0.451835 -0.137471 1 0.661743 -0.438388 : 0.6
0.743366 0.437819 1 -0.600622 -0.0367778 0.390319 0.0763119 0.518432 0.067595 : 0.4
0.643304 0.35581 0.920919 -0.59176 -0.428622 0.242 -0.0547046 -0.189858 0.46953 : 0.2
0.645462 0.376073 0.859175 -0.757334 -0.127589 0.0829324 0.106724 -0.061133 0.439498 : 0.5
0.607758 0.348093 0.821487 -0.616294 0.080044 0.655381 0.358439 0.882124 0.322197 : 0.3
0.541573 0.347752 0.771596 -0.421032 -0.246624 0.0502788 0.556524 0.606397 -0.0772609 : 0.6
0.633485 0.339771 0.786971 -0.859146 0.0477272 -0.151847 0.483164 0.937605 -0.0149627 : 0.1
0.511838 0.360654 0.821875 -0.779711 -0.308516 -0.480937 0.496898 0.0517225 -0.190027 : 0.6
0.560136 0.469943 0.700264 -0.658312 -0.405561 -0.275333 1 0.422791 -0.0145768 : 0.5
0.752007 0.415891 0.859886 -0.690779 0.499155 -0.313337 0.522182 -0.549788 0.32338 : 0.3
0.574242 0.458206 0.853967 -0.248945 0.013487 -0.359395 0.709215 -0.0605578 -0.131772 : 0.5
0.616312 0.589336 0.847832 -0.644944 -0.495315 -0.225235 -0.0825215 -0.00815909 0.592752 : 0.7
0.594307 0.386855 0.825589 -0.406262 -0.587954 -0.290078 1 0.160111 0.722701 : 0.7
0.653185 0.454075 0.818122 -0.410583 -0.452419 0.132357 0.127561 0.328062 0.573085 : 0.2
0.658831 0.402621 1 -0.540903 -0.290097 -0.221804 0.726465 0.776897 -1 : 0.1
0.589851 0.548279 0.838094 -0.615535 -0.616647 0.358668 0.392879 0.950037 -0.0364432 : 0.2
0.756386 0.484984 0.965598 -0.93229 -0.271875 -0.273461 0.349324 0.295424 -0.352322 : 0.4
0.624766 0.427721 0.908736 -0.54109 -0.180295 0.717454 0.270879 0.468879 0.159331 : 0.3
0.633204 0.343785 0.87444 -0.751451 -0.0780284 0.488119 0.986393 -0.41304 0.0094811 : 0.4
0.550208 0.462023 0.720108 -0.196275 -0.686 0.00818424 0.509721 1 0.150097 : 0.5
0.613061 0.316033 0.889269 -1 -0.103798 -0.466613 0.602762 0.225627 -0.822379 : 0.5
0.739237 0.336183 0.928852 -0.823329 -0.0591034 0.427592 0.593487 0.430431 -0.093455 : 0.5
0.668551 0.341529 0.87871 -0.45905 -0.415536 -0.294899 0.759593 1 -0.0792798 : 0.1
0.75684 1 0.795557 -0.233809 -0.225117 0.338846 0.521853 -0.0475343 0.922051 : 0
0.67242 0.502754 0.860453 -0.220634 0.160848 -0.314896 0.479982 0.614659 0.791705 : 0.4
0.600486 0.363492 0.825314 -0.659073 -0.282121 -0.220741 -0.316771 0.476509 0.511833 : 0.4
0.606065 0.389922 0.909303 -0.211546 -0.182528 0.119492 0.88185 0.604604 0.255627 : 0.4
0.612852 0.309795 0.840648 -0.191911 -0.556622 -0.30135 0.249154 0.249516 0.0420979 : 0.4
0.574371 0.395518 0.840058 -0.138583 -0.321668 -0.585381 0.458073 -0.129698 0.544675 : 0.4
0.668616 0.484874 0.891902 -0.412335 -0.0851825 -0.320427 0.299184 0.182548 -0.20346 : 0.7
0.633691 0.378701 1 -0.0616034 -0.232358 -0.31642 0.878133 0.653913 -0.291176 : 0.6
0.825783 0.326099 0.922779 -1 -0.0180272 -0.51647 0.872802 0.491639 0.888949 : 0.6
0.648259 0.178852 0.906295 -1 -0.564462 0.211451 0.200064 0.365098 -0.177046 : 0.4
1 0.430082 0.893072 -0.468742 -0.747507 -0.286691 -0.0559911 0.535064 -0.68325 : 0.1
0.550334 0.395855 0.888426 -0.444079 -0.149497 -0.351778 0.836712 0.431867 -0.269429 : 0.6
0.667107 0.318052 0.998054 -0.753558 -0.135419 -0.426948 1 0.0431058 -0.516965 : 0.4
0.610384 0.309128 0.768631 -0.479959 -0.306405 -0.505319 0.232113 -0.296998 0.178913 : 0.4
0.552118 0.272071 0.82531 -0.684023 -0.388906 -0.0185875 0.351969 1 -0.00151563 : 0.5
0.804449 0.459314 0.89082 -0.89925 -0.43157 0.0984956 0.33893 0.732027 -0.269952 : 0.6
0.527229 0.31282 0.867426 -0.417295 -0.0544111 -0.0535096 1 1 0.254971 : 0.1
0.676984 0.346279 0.72916 -0.604891 -0.930101 -0.214575 0.466725 -1 0.631107 : 0.4
0.627643 0.292628 0.862177 -0.500451 -0.574746 -0.187228 0.637228 0.526309 -0.179728 : 0.4
0.556728 0.232911 0.890254 -0.949023 -0.269647 -0.187785 1 0.346562 0.335894 : 0.5
0.715849 0.265029 0.937211 0.0866313 0.0108341 -0.13071 1 -0.344972 -0.371564 : 0.2
0.526737 0.470829 0.89279 -0.528612 -0.331772 -0.199147 0.476461 0.957834 0.234061 : 0.3
0.759678 0.333378 1 -0.85805 -0.862705 -0.400827 1 0.21158 -1 : 0.4
0.671517 0.380251 0.850904 -0.489184 -0.537528 -0.307049 0.418989 0.518334 0.0385507 : 0.4
0.597204 0.36039 0.70274 -1 -0.510719 -0.0446657 0.717227 0.520909 -0.224364 : 0.4
0.550918 0.3552 1 -0.518368 -0.506897 -0.0411677 0.283396 0.459057 0.192457 : 0.5
0.685313 0.329636 1 0.153777 0.463479 -0.291477 0.637495 0.0108377 0.211802 : 0.4
0.690465 0.391347 0.887453 -0.395745 -0.532834 -0.251811 0.335789 -0.0314496 0.0795677 : 0.4
1 0.288204 0.977009 -0.715554 -0.114502 -0.0573024 0.808342 0.275625 -0.282803 : 0.2
0.651194 0.551855 0.663826 -0.513512 -0.6311 -0.327023 -0.0511229 0.258692 0.139251 : 0.5
0.669554 0.348678 0.92349 -0.770446 0.180699 -0.47712 0.769395 0.22117 0.939779 : 0.2
0.486952 0.428419 0.932977 -0.85984 -0.641361 0.22323 0.195876 0.854213 -0.380678 : 0.1
0.599727 0.295199 0.873763 -1 -0.475366 -0.441778 0.458483 -0.316335 -0.030192 : 0.6
0.772157 0.239101 0.921578 -1 -0.0196819 -0.0794862 0.425931 0.0574214 -0.12881 : 0.2
0.712983 0.427316 0.758316 -1 -0.294888 -0.310855 0.770882 0.852736 0.596936 : 0.2
0.698798 0.593561 0.88257 -0.624068 -0.219185 -0.187994 0.495069 0.301946 -0.43158 : 0.6
0.586798 0.15208 0.9077 -0.382887 -0.496557 -0.84536 -0.556711 1 0.0133904 : 0.1
0.725618 0.431019 0.778096 -0.681005 -0.535944 -0.335451 0.788357 0.716925 -0.0379618 : 0.6
0.509602 0.311062 0.844587 -0.0420151 -0.611923 -0.319889 0.471494 0.319836 -0.0218576 : 0.3
0.561185 0.508148 0.763249 -0.876999 -0.121547 -0.28056 0.26953 0.50051 0.82769 : 0.4
0.5436 0.425363 0.96169 -0.191395 0.257168 -0.0183634 0.104671 0.633135 0.400617 : 0.5
0.921425 0.490015 0.925809 -1 -0.200308 -0.304159 0.61668 0.786156 -0.147418 : 0.6
0.655634 0.451021 0.8987 -0.77164 0.0665219 -0.150574 1 -0.018718 0.255847 : 0.6
0.563428 0.539896 0.839204 -0.0827962 -0.216306 -1 0.164108 0.65855 0.414727 : 0.5
0.52655 0.351912 0.800195 -0.796903 -0.494277 -0.27524 0.775855 0.453006 1 : 0.2
0.594917 0.341819 0.837472 -0.810379 -0.332693 0.441696 0.279413 -0.429843 -0.199698 : 0.5
0.576109 0.360516 0.777763 -0.72484 -0.329654 -0.746227 0.474668 0.571633 -0.0303819 : 0.5
0.729605 0.276834 0.803954 -0.743678 -0.306338 -0.202593 0.53047 0.671558 1 : 0.5
0.530589 0.493637 0.92511 0.0987558 0.0546699 -0.312563 1 -0.433261 -0.124423 : 0
0.580733 0.344585 0.745675 -0.478653 -0.582034 0.0728314 0.233036 0.220398 -0.000299774 : 0.5
