0.583901 0.398188 0.994845 -0.991611 0.439999 -0.30572 0.171202 0.0450833 1 : 0.5
0.60079 0.574712 0.915922 -1 -0.401638 -0.238277 -0.140939 0.540126 0.472469 : 0.5
0.596579 0.301706 0.476293 -0.385048 -0.538762 -0.538345 0.265813 0.65531 0.784365 : 0.3
0.707718 0.327351 1 -0.806945 0.121126 -0.501175 -0.208002 -0.00881471 -0.115907 : 0.3
0.442538 0.456969 0.818825 -0.749017 0.770095 0.392398 0.565972 0.196144 0.362768 : 0.1
0.52363 0.472578 0.899564 -0.796227 0.045596 -0.875969 0.699513 1 0.735649 : 0.6
0.708985 0.342315 0.987359 -0.644559 -0.21922 -0.432746 0.49304 -0.0571333 -0.381854 : 0.5
0.616963 0.312262 0.884551 -0.890775 -0.716859 -0.598558 0.276865 0.252474 0.120799 : 0.5
0.400317 0.536452 0.856819 -0.861616 0.0217237 -0.170634 0.660378 -0.00814122 0.702276 : 0.2
0.67882 0.595434 0.883523 -0.443024 -0.444254 -0.268148 1 0.410971 1 : 0.5
0.34652 0.48787 0.978631 -0.433887 -0.934724 -0.304658 0.876477 -0.071978 -0.850804 : 0
0.797466 0.371202 0.735038 -0.732894 -0.302418 -0.195458 0.596412 0.566004 0.658484 : 0.5
0.652325 0.398262 1 -1 0.382669 0.584558 -0.00976345 -0.383328 0.121657 : 0.3
0.65512 0.256782 0.867146 -0.190271 -0.00497052 0.253616 0.407939 0.785665 -0.450877 : 0.5
0.918553 0.230381 0.97101 -0.415721 -0.385126 0.470843 0.765822 -0.309415 0.283234 : 0.2
0.662513 0.501762 0.876236 -0.215759 -0.516367 -0.840809 0.544337 0.692313 0.70759 : 0.3
0.612143 0.316026 0.833422 -0.729876 -0.0937955 -0.504202 0.526258 0.189871 -0.700054 : 0.2
0.69542 0.374678 0.814878 -0.304061 -0.126511 -0.225115 0.318364 0.702747 0.83 : 0.6
0.944635 0.984375 0.725042 -0.259933 -0.859949 -0.551237 0.234657 0.79187 0.773195 : 0.1
0.634549 0.370145 0.932766 -0.670246 -0.0367634 -0.781667 1 1 0.847136 : 0
0.595469 0.431528 0.782316 -0.722942 -0.963419 -0.0118423 0.291313 0.50768 0.424931 : 0.3
0.610717 0.467729 0.927398 -0.897971 -0.512564 -0.268458 0.169338 -0.338147 -0.226183 : 0.4
0.759874 0.310617 0.808491 -0.775202 0.490219 -0.450394 0.269145 0.202324 0.241795 : 0.3
0.646233 0.38786 0.879283 0.300315 0.0783758 -1 0.421309 0.661205 -0.311229 : 0.3
0.505772 0.379437 0.922947 -0.438226 -0.312407 -0.433829 -0.0909703 0.0824626 -1 : 0.2
0.735737 0.319267 0.989098 -0.768657 -1 0.188621 0.112495 0.476897 -0.311242 : 0.2
0.371372 0.301178 0.857503 -0.604372 0.366505 -0.380854 -0.596225 -0.120846 0.567504 : 0.3
0.898854 0.296799 0.673281 -0.681665 0.116469 -0.296542 0.462465 -0.19904 -1 : 0.1
0.616644 0.390104 0.916229 -0.690552 0.431214 -0.359907 0.129179 0.424058 0.670345 : 0.5
0.687466 0.438243 0.852833 -0.66409 -0.0732852 -0.511996 0.598101 0.76547 0.341196 : 0.5
0.579101 0.357865 0.779556 -0.0341032 -0.221912 -0.792634 0.603981 0.295887 0.96687 : 0.2
0.566984 0.468285 0.841421 -0.16577 -0.681892 -1 0.387605 0.501046 -0.250057 : 0.4
0.607029 0.43797 1 -1 0.311994 -1 0.784996 -0.0358886 0.340718 : 0.1
0.469101 0.299601 1 -1 -0.585325 -0.164214 0.796462 0.64916 -0.305375 : 0.4
0.662138 1 1 -0.41355 0.36019 0.939433 1 0.112119 0.466264 : 0
0.615456 0.213951 0.748487 -0.915505 -0.397074 -0.170656 -0.218922 1 -0.107077 : 0.3
0.636085 0.287985 0.945364 -0.900896 -0.442136 0.136516 0.390254 0.673209 0.780211 : 0.3
0.710719 0.374728 0.977921 0.174248 -0.575958 -0.603854 -0.339309 0.828295 0.0721899 : 0.6
0.649602 0.324272 0.241856 -0.923428 -0.0157886 -0.265096 0.662353 0.13622 0.222469 : 0.3
1 0.28992 0.972914 -0.700025 -1 0.300075 0.244519 0.296495 0.0740998 : 0.2
0.665838 0.303677 0.77897 -0.622455 -0.403116 0.0332631 -0.0225605 -0.634794 -0.210992 : 0.1
0.479565 0.402419 1 -1 0.140936 -0.553292 0.915719 0.780116 0.118462 : 0.3
0.590985 0.489338 0.90063 -0.818337 -0.28709 -0.414307 0.160464 1 -0.446076 : 0.2
0.610957 0.322938 0.848621 -0.607991 -0.124038 -0.354423 0.515509 0.751124 0.614867 : 0.6
0.541669 0.357372 0.862326 -0.489076 0.571845 -0.0243059 0.699217 0.450789 0.462584 : 0.5
0.610455 0.370279 0.799055 -0.410555 0.155486 -0.710153 0.365727 0.552707 -0.320038 : 0.6
0.639336 0.324964 0.858703 1 -0.049241 -0.314327 0.610199 0.596608 0.501241 : 0.3
1 0.416989 0.811851 -1 -0.481627 -0.250407 0.936766 1 0.012188 : 0.4
0.625476 0.282843 0.68478 -0.735526 -0.103665 0.395634 0.662415 0.272189 0.759667 : 0.5
0.609278 0.321269 0.860823 -0.0512058 -0.0538109 -0.309768 0.508104 -0.154663 0.709975 : 0.6
0.656542 0.372111 0.935169 -0.229272 -0.0716506 0.483994 0.578937 1 -1 : 0.5
0.606409 0.347524 0.721977 -0.574696 0.480626 -0.194003 0.575632 0.528741 0.458046 : 0.4
0.59999 0.393166 0.851482 -0.452989 -0.345673 -0.371297 0.464589 0.13248 -0.105593 : 0.6
0.634595 0.434305 0.887435 -0.786655 -0.0726441 0.0881374 0.653579 0.983027 0.604277 : 0.1
0.735776 0.399308 0.843059 -0.70483 -0.684176 -0.481601 0.669488 0.644143 0.597742 : 0.4
0.675446 0.339271 0.863789 -0.763297 -0.614867 -0.5266 0.401987 0.233999 0.311524 : 0.4
0.65136 0.208274 0.837945 -0.14986 -1 -0.551031 0.514726 0.0753806 1 : 0.2
0.690199 0.508011 0.782875 -0.959589 -0.379546 -0.642103 0.312164 0.731303 0.410086 : 0.5
0.611665 0.305916 1 -0.780776 -0.140708 0.784354 0.792265 0.70815 -0.334155 : 0.6
0.477128 0.470267 0.817926 -0.255597 -0.0899104 -0.280539 0.697076 0.537855 -0.0562145 : 0.5
0.511067 0.293448 0.800727 -1 0.286658 -0.202416 -0.362769 -0.0915178 0.285195 : 0.3
0.447513 0.549713 0.810421 -0.961614 0.113636 -0.354511 0.360674 0.418859 0.917174 : 0.2
0.787664 1 0.906968 -0.917714 -0.150575 0.285111 0.0371018 1 -0.127018 : 0.2
0.596956 1 0.923212 -0.714733 -0.263473 -0.471388 -0.0506334 0.0554317 1 : 0.3
0.40972 0.294613 0.936018 -0.671291 0.0912043 1 0.419456 -0.230681 -0.0487394 : 0.1
0.475149 0.349191 1 -1 -0.121514 0.0833935 0.839335 -0.00826895 -0.366562 : 0.5
0.392915 0.436611 0.931181 -0.642341 0.483449 -0.992817 0.748741 0.133959 -0.910388 : 0.2
0.831481 0.348302 0.859816 -0.190544 -0.708839 1 0.169417 0.14651 0.0907112 : 0
0.877898 0.330786 0.840489 -0.672399 -0.149371 0.869667 1 0.997652 -0.357296 : 0.4
0.624844 0.447555 0.958119 -0.513796 -0.0996797 -0.356789 0.7299 -0.197343 0.408684 : 0.4
0.720256 0.359127 0.850937 -0.82304 -0.276214 -0.108887 -0.126803 0.136698 -0.284372 : 0.6
0.427462 0.519187 0.860875 -0.978405 0.230316 -0.0861567 -0.907044 0.808576 1 : 0.1
0.680685 1 0.866877 -0.827623 -0.154386 -0.205207 0.139228 0.321597 1 : 0.3
0.607174 0.371358 0.683216 -0.851601 0.36231 1 0.431615 0.401549 1 : 0.2
0.804734 0.354955 0.725128 -0.08505 0.422193 -0.11339 0.251819 0.39597 -0.934248 : 0.4
0.546095 0.448113 0.814821 -1 -0.258754 -0.020326 0.794366 0.670565 0.594501 : 0.2
0.619682 0.39637 0.844254 -0.474426 -0.682614 -0.247849 0.434169 0.351277 -0.386057 : 0.6
0.663525 0.288961 0.954952 -0.39934 -0.460027 1 0.500502 0.883156 1 : 0.2
0.661526 0.434247 0.977738 -0.568992 0.623052 -0.593029 0.548889 0.35964 0.560386 : 0.4
0.605587 0.289004 0.8926 -0.539594 -0.34883 -0.222353 -0.660677 -0.94149 0.99396 : 0.1
0.759899 0.486218 0.858631 0.0412847 -0.275897 -0.453314 0.604566 -0.168846 0.121691 : 0.6
0.648216 0.275078 0.865539 -0.580242 -0.0092967 0.14689 0.522243 0.212801 1 : 0.5
0.603156 0.324729 0.857744 1 -0.00764772 0.631775 0.599177 -0.712708 0.891551 : 0.1
0.4718 0.474942 0.981631 -0.277103 -0.324757 0.0683749 1 0.816915 0.568559 : 0.4
0.632892 0.3743 0.977193 -0.83972 -0.0102743 -0.503316 -0.931819 0.0349795 -0.248091 : 0.4
0.646152 0.353026 0.8929 -1 -0.467336 -0.0354879 0.98844 0.61801 0.965082 : 0.3
0.603219 0.401304 0.828399 -1 -0.122117 -0.621188 0.231775 0.651705 0.559426 : 0.2
0.703234 0.598081 1 -0.507903 -0.246482 -0.144875 1 0.862851 0.444702 : 0.2
0.633865 0.496851 0.689202 -0.736907 -0.393073 -0.0430197 -0.0459814 -0.123524 1 : 0.6
0.900354 0.2726 0.894386 -0.772849 0.0471463 -0.268587 -0.17331 0.54055 0.364247 : 0.2
0.43651 0.207973 0.884247 -0.449002 -0.292264 -0.320256 0.806009 -0.585039 0.464139 : 0.4
0.593591 0.648303 1 -0.669785 0.505209 0.0640669 0.824991 0.838276 -0.51152 : 0.4
0.718476 0.756701 0.894635 -0.710948 -0.281037 -0.553116 0.178848 0.386664 0.251151 : 0.4
0.929095 0.27876 0.777621 -0.843764 -0.256169 0.151998 -0.0563087 -0.949199 0.141237 : 0.1
0.499583 0.470347 1 -0.284552 -0.250836 -0.196071 0.877379 -0.0594193 -0.434467 : 0.3
0.694947 0.357548 0.820264 0.288305 -0.804518 -0.24575 0.665382 0.203665 -0.413709 : 0.6
0.910711 0.255687 0.965805 -0.812017 -0.177823 -1 0.45209 -0.157652 -0.214786 : 0.2
0.731547 0.334616 0.794036 -0.13055 0.406588 -0.226175 0.794858 -0.243714 -0.209285 : 0.2
0.553777 0.310283 0.903058 -0.798224 -0.4298 -0.138007 0.191402 -0.0917313 0.520583 : 0.6
0.702326 0.350063 0.906247 -0.723261 -0.0492697 -1 1 0.350297 -1 : 0.4
0.695876 0.404849 0.953839 -0.972848 0.312032 -1 0.309405 -0.229368 -0.388917 : 0.3
0.724778 0.336026 1 -0.0352468 -0.61173 -0.112302 0.615253 0.289809 1 : 0.5
0.700841 0.248092 0.767378 -0.498678 -0.364242 -0.367431 -0.79721 0.32484 -0.481414 : 0.2
0.57829 0.441374 0.879691 -1 -0.352691 -0.0244009 0.750573 1 0.0784963 : 0.5
0.672879 0.35483 0.86094 -0.538719 0.264793 -0.212849 0.523401 1 0.936963 : 0.4
0.742762 0.536717 0.919908 -0.867992 0.312918 0.0369687 1 0.0254446 0.545541 : 0.7
0.584347 0.335749 0.868709 -0.443563 -0.687028 -0.455443 0.631705 0.0295614 0.581832 : 0.4
0.727834 0.28582 0.769527 -0.644207 -0.0323204 -0.340564 0.161729 0.607631 -0.886962 : 0.6
0.633926 0.410766 0.951487 -0.787817 -0.282635 0.15867 0.640349 0.768382 0.321712 : 0.5
0.653029 0.829113 0.524712 -0.488356 -0.529436 0.239646 0.92453 0.419212 1 : 0
0.526062 0.488625 0.873078 -0.706762 -1 0.543482 0.624631 0.301118 0.518889 : 0.4
0.648761 0.326943 0.911572 -0.897627 -0.83985 -0.662562 0.7641 -0.494433 0.5611 : 0.1
0.670186 0.262595 0.762704 -0.732851 -0.0644722 -0.28886 -0.111808 0.792791 0.318485 : 0.6
0.638809 0.378754 0.768891 -0.525918 -0.636959 -0.0845362 0.376254 0.374976 0.433087 : 0.7
0.670366 0.530982 0.671628 -0.295055 -0.37247 0.0417869 -1 0.874422 0.754784 : 0.1
0.626524 0.296915 0.865155 -0.486462 -0.287292 0.184446 -0.00545752 -0.214053 -0.0796106 : 0.5
0.803908 0.329367 0.834485 -0.372279 -0.267865 0.0260693 0.463985 0.882835 0.756178 : 0.4
0.596528 0.324523 0.791461 -0.792135 -0.545396 -0.50466 0.499722 0.989367 0.285604 : 0.4
0.676182 0.418424 1 -0.551167 0.0997652 -0.346002 0.831837 0.645499 0.0464366 : 0.4
0.404876 0.154793 0.801489 -0.809472 -0.578691 -0.507491 0.305038 -0.0879802 0.0320735 : 0.5
0.906321 0.350816 0.923284 -0.332022 -0.0926224 -0.373511 1 -0.0489494 0.259647 : 0.3
0.485845 0.41384 0.807418 -0.975881 -0.436244 0.0446596 -0.279384 0.339571 -0.41687 : 0.3
0.655409 0.414344 0.789835 -0.592423 -1 -0.543747 -0.1183 0.552283 -0.864668 : 0.5
0.403286 0.496525 1 -0.593396 -0.0618006 -0.379841 0.845184 0.862512 0.753609 : 0.5
0.625729 0.21871 0.913676 -0.343754 -0.996929 -0.139173 0.256746 -0.702939 0.935964 : 0
1 0.358837 0.966974 -0.76987 -0.131567 -0.258524 -0.178443 1 0.49763 : 0.4
0.684719 0.377051 0.792769 -0.195545 -0.944862 -0.254055 0.350375 0.404723 -0.46478 : 0.4
0.502591 0.32857 0.808832 0.439673 -0.905229 -0.357352 1 0.673138 -0.194462 : 0.1
0.619225 0.293661 0.89464 -0.0747806 -0.420096 -0.0858782 0.594345 -0.76448 0.585042 : 0.4
0.576748 0.367541 0.954616 -0.460806 0.499907 0.448754 0.77278 0.189377 1 : 0.3
0.61966 0.293962 0.917261 -0.617221 0.472457 -0.455268 0.531233 0.0950992 -0.291533 : 0.1
0.611031 0.428213 0.868142 -0.677533 -0.175976 -0.0892064 0.62375 0.790575 0.0827961 : 0.6
1 0.201622 0.929942 -0.013883 -0.284171 1 0.365375 0.736878 -0.309199 : 0
0.690943 0.332311 0.67136 -0.375574 0.13331 0.00464737 0.946966 -0.652372 -0.075103 : 0.2
0.631134 0.927507 0.930317 -0.629101 -0.208495 -0.0719887 0.30305 0.590499 -0.133063 : 0.3
0.661759 0.42757 0.938851 -0.708313 -0.590496 -0.613716 0.122778 0.629723 0.25986 : 0.3
0.842359 0.394661 0.849513 -0.614287 -0.314304 0.456622 0.366453 -0.564248 -0.517146 : 0.2
0.494466 0.361544 0.917238 -0.277793 -0.306445 -0.313031 0.377215 -1 0.268658 : 0.4
0.615845 0.326703 0.892925 -1 -0.282094 -0.337598 -0.218691 0.242545 0.251723 : 0.2
0.722979 0.309281 1 -0.228875 -0.263282 -0.166881 0.913518 0.929957 0.468992 : 0.2
0.783731 0.358537 0.898407 -0.648775 -0.552105 0.538966 0.0493817 0.202806 -0.59011 : 0.4
0.640754 0.395485 0.947929 -1 -0.351919 -0.600387 -1 0.671392 -0.229483 : 0.4
0.965843 0.320624 0.869926 -0.506608 0.447361 -0.324062 0.265634 0.927227 0.773876 : 0.3
0.513883 0.406666 0.891823 -1 0.624805 1 0.560874 0.215203 0.442057 : 0.2
0.634641 0.484622 0.85766 -0.532796 -0.369126 -0.860576 0.431276 0.260799 0.858414 : 0.4
0.584181 0.990609 0.747364 -0.688305 -0.228189 0.47429 0.549963 0.463723 1 : 0.4
0.639333 0.259174 0.997297 -1 -0.100193 -0.0374354 0.0871562 0.848951 0.780479 : 0.4
0.578739 0.264694 0.915679 -1 -0.324831 -0.116063 0.212459 0.0361361 0.597123 : 0.4
0.71397 0.302318 0.837087 -0.376769 -0.525721 0.0380329 1 -0.397725 -0.365715 : 0.2
0.806356 0.282326 0.941066 -0.0243505 -0.308056 -0.0566402 0.90127 -0.868575 0.954949 : 0.5
0.559966 0.433635 0.878626 -0.95607 -0.328161 -0.405117 0.34472 -0.0619739 0.966172 : 0.2
0.363069 0.469256 0.918895 -0.500655 -0.366237 -0.574526 1 0.651877 0.577246 : 0
0.932377 0.563993 0.732641 -0.9487 0.0688682 -0.486721 0.410603 0.0131542 -0.603537 : 0.4
0.635163 0.429119 0.984086 -0.623443 -0.19636 -0.0120863 1 0.949338 0.578652 : 0.4
0.6025 0.310853 0.707451 -0.447401 -0.0863638 -0.461149 0.581983 0.162349 0.621946 : 0.3
0.608464 0.413155 0.976516 -0.306938 0.0191635 -0.210141 0.437688 0.238022 -0.864306 : 0.7
0.590904 0.289487 0.902707 -1 0.654838 0.298134 0.672336 1 0.216618 : 0.4
0.544939 0.17514 0.855732 -0.697686 -0.538564 -0.00513762 0.596641 0.446142 0.390551 : 0.3
0.629532 0.36458 0.731965 -1 -0.424678 -0.444987 0.767281 0.302223 0.618522 : 0.4
0.724462 0.555108 0.925934 0.0338647 -0.12902 -0.106722 0.799944 -0.64162 0.503217 : 0.4
0.699384 0.394965 1 -1 0.0016678 -0.119693 0.38822 1 -0.511008 : 0.5
0.743766 0.326322 0.820985 -1 0.251806 -0.0174889 0.538783 -0.534916 0.513081 : 0.3
0.2603 0.574936 0.947552 -0.24987 -0.49759 -0.335817 0.861917 0.428998 0.707981 : 0.2
0.637769 0.681542 0.590573 -0.226205 -0.764132 -0.322341 0.407828 1 -0.798096 : 0.3
0.790558 0.256092 0.845002 -0.545528 -1 -0.358192 0.242667 -0.0175673 0.904922 : 0
0.617992 0.360279 0.844957 -0.743072 0.0353049 -0.501158 0.746479 0.165201 -0.322758 : 0.7
0.489141 0.249202 0.751126 -0.692529 0.0792981 0.226883 0.13927 0.982093 0.300726 : 0.3
0.589094 0.457376 0.90957 -0.606948 -0.496177 -0.14876 0.145723 0.53548 0.810463 : 0.4
0.636542 0.442473 0.926847 -0.22905 -0.161967 -0.0162824 0.780997 0.315545 0.392069 : 0.4
0.759566 0.256007 0.884291 -0.20754 -1 -0.122176 -0.102939 0.88222 -0.314979 : 0.3
0.435368 0.257591 0.725891 -0.485908 -0.20582 -0.120331 0.0908123 -0.576747 -0.169221 : 0.4
0.929526 0.43063 0.949941 -0.518915 0.0590459 -0.134589 1 0.71065 -1 : 0.5
0.652196 0.464235 0.781058 -0.933453 -0.347059 -0.337591 0.728192 -0.569771 0.226554 : 0.5
0.674139 0.349014 0.86406 -0.401837 -0.854273 0.960301 -0.094294 -0.300292 -0.0837459 : 0.2
0.592909 0.27201 0.878697 -0.812988 0.13342 0.369616 0.754726 0.0283272 0.282195 : 0.4
0.609913 1 0.824874 -0.0924709 -0.392585 0.451122 0.391693 0.660502 -0.057864 : 0.2
0.380709 0.441545 0.82059 -0.304247 -1 -1 0.551736 -0.234034 -0.499782 : 0.2
0.585359 0.379752 0.864636 -1 -0.992797 -0.482038 0.438766 -0.0487152 -0.0352096 : 0.4
0.612315 0.679521 0.908038 -0.798494 -0.378913 -0.141274 0.222401 0.380664 -0.893615 : 0.2
0.732322 0.449014 0.785063 -0.771935 -0.0886734 -0.929543 1 0.479272 -0.0914568 : 0.3
0.771912 0.34546 0.558324 -0.713414 0.367592 -0.136235 0.543471 -0.131787 0.808091 : 0.3
0.580851 0.493403 0.970377 -0.666934 0.00103801 -0.480299 0.582461 -0.190742 -0.193876 : 0.4
0.519689 0.332372 0.941292 -0.200413 0.344365 -0.290698 0.77172 -0.716568 0.476397 : 0.2
0.709489 0.342312 0.868015 -0.737243 0.206108 -0.197285 1 0.2135 1 : 0.4
0.683697 0.374505 0.83613 -0.319848 -0.149086 0.253324 0.675099 0.529998 0.662765 : 0.5
0.617701 0.394007 0.942774 -0.693302 -0.159049 -0.565777 1 -0.0510018 0.0974658 : 0.5
0.560649 0.395555 0.875394 -0.401167 -0.559199 0.508847 -0.0551653 0.594685 0.247724 : 0.2
0.626056 0.0756978 0.897159 -0.187933 -0.297082 -0.0503525 1 0.25179 0.315599 : 0.3
0.587993 0.312804 0.844789 -0.932837 0.12662 -0.221246 0.468848 0.528649 -0.0944837 : 0.5
0.580528 0.393293 0.880808 -0.371678 -0.503792 -0.393012 0.462721 0.975646 0.121032 : 0.4
0.549483 0.289804 0.874998 -0.518676 -0.639526 0.960688 0.895126 -0.0739125 0.80255 : 0.4
0.480915 0.293598 0.95533 -0.595848 0.42885 -0.548156 0.804476 0.027751 -0.183419 : 0.1
1 0.372407 0.945575 -0.18397 -0.306504 -0.103345 -0.769864 1 0.892051 : 0.5
0.659233 0.430857 0.756477 -0.638537 -0.296771 -0.00921685 -0.979563 0.187081 0.518467 : 0.2
0.551266 0.304424 0.874983 -0.615779 -0.155757 0.762368 0.317881 0.0158345 -1 : 0.4
0.613997 0.368024 0.891715 -0.946902 -0.332905 -0.157158 0.490385 0.0695628 0.990625 : 0.3
0.72023 0.346925 0.876559 -0.610927 -0.123445 -0.69806 -0.180527 0.38964 0.986837 : 0.5
0.645197 0.492596 0.991541 -0.699009 0.105659 -0.362773 1 1 0.739464 : 0.5
0.628667 0.206112 0.666543 -0.582751 -0.81676 -0.0434972 -1 0.439388 0.88801 : 0.1
0.639264 0.311781 0.952527 -0.751968 -0.363524 0.0171214 0.989171 1 0.49585 : 0.5
0.61314 0.393555 0.986672 -0.238085 0.529386 0.134187 0.488782 -0.0105859 0.381309 : 0.4
0.676776 0.267772 0.837335 -0.315619 0.229245 -0.389463 0.725791 0.956867 -0.147962 : 0.5
1 0.1463 0.835109 -0.920037 -0.291366 0.435362 0.503173 0.6291 -1 : 0.2
0.755395 0.478899 0.985321 -0.734365 -0.629849 -0.270965 1 0.339211 -0.615139 : 0.4
0.551251 0.341612 1 -0.91909 -0.320597 -0.949286 0.0991772 -0.383091 -0.658142 : 0.2
0.884586 0.303199 1 -0.950071 -0.44315 -0.295571 0.137403 0.235493 0.351004 : 0.5
0.757671 0.36159 0.856934 -0.827386 -0.0648464 -0.284017 0.863456 0.158645 0.244932 : 0.4
0.600483 0.353682 0.967266 -0.989302 -0.605045 0.484225 0.586006 0.198645 0.910535 : 0.4
0.596983 0.274781 0.980442 -1 -0.499106 -0.401445 -0.70338 1 0.607805 : 0.2
0.728645 0.330675 1 -0.832985 0.461955 -0.430237 1 0.240661 0.567728 : 0.1
0.575636 0.367043 0.904189 -1 -0.59412 0.0475312 0.975791 0.609019 1 : 0.2
0.893502 0.491656 1 -0.975078 0.576605 -0.200908 1 -0.103748 1 : 0.2
0.824136 0.284705 1 -0.987372 -0.590655 -0.677999 0.376858 -0.660806 -0.212944 : 0.3
0.952281 0.383835 1 -1 -0.129655 -0.616019 0.362048 0.101625 -0.070592 : 0.5
0.618553 0.402052 0.905029 0.245492 0.374195 -1 -0.0385491 -0.273916 0.270757 : 0.3
0.850084 0.333506 0.826573 -0.537302 -1 -0.402723 0.888677 -0.555833 0.101048 : 0.3
0.661322 0.291331 0.943995 -0.983181 -0.365974 0.716014 0.0351386 -0.0650178 0.315681 : 0.4
0.696226 0.338084 0.886555 -0.471482 -0.261297 -0.164037 0.932248 -0.0614701 0.239848 : 0.5
0.83367 0.190677 0.815994 -0.928853 -0.230532 -0.211281 0.37585 -0.720357 -0.353872 : 0.3
0.483433 0.373182 0.789244 -0.361502 -0.00244963 -0.422988 0.00778189 0.0424383 -0.900319 : 0.4
0.6338 0.304649 0.770387 -0.416587 0.345785 -0.0664354 -0.405264 0.616091 -0.261202 : 0.1
0.544517 0.447772 0.915574 -0.833745 -0.199084 -1 0.820882 0.0721609 0.0356229 : 0.3
0.646603 0.278185 0.882658 -0.827421 -0.798839 -0.258153 0.332243 0.597915 -0.0434374 : 0.5
0.629335 0.281092 0.883437 -0.781121 -0.109132 -0.414707 0.545844 0.413832 0.578192 : 0.4
0.759458 0.44647 0.846237 -0.813995 0.337167 -0.427286 -0.32514 0.235493 1 : 0.6
0.761178 0.315878 1 -0.671775 0.38302 0.0017882 0.0677842 0.222108 -0.180298 : 0.3
0.859985 0.348662 0.857735 -0.847432 -0.173129 -0.0156979 0.383734 0.746181 0.670181 : 0.5
0.491413 0.301862 0.887708 -0.379209 -0.508419 0.0564511 0.00386345 0.0929639 -0.0622025 : 0.5
0.658312 0.965355 0.734078 -0.37568 -0.987068 -0.317852 0.861315 1 0.465724 : 0.2
1 0.362695 0.892442 -0.916313 -0.447068 0.397938 0.245908 0.551416 0.502447 : 0.1
0.669726 0.28607 0.874349 -0.975971 -0.318221 -0.0152908 0.166759 0.560922 -0.103802 : 0.4
0.651761 0.650452 0.753726 -0.414528 -0.420509 -0.756905 -0.0138644 1 -0.953584 : 0.4
0.983335 0.586347 0.837618 -0.89718 -0.41232 -0.459686 0.36484 0.795704 0.868243 : 0.5
0.63036 0.290509 0.831216 -0.605622 0.776118 -0.428823 0.492005 1 -0.18978 : 0.3
0.598532 0.3756 0.716487 -0.872902 -0.403364 -0.156037 0.573478 -1 -0.582705 : 0.3
0.495311 0.284878 0.945881 -0.239627 -0.289003 -0.645859 0.60284 0.727684 0.280462 : 0.3
0.705694 0.261989 0.862854 -0.827498 -0.527275 -0.389762 0.553552 -0.0716258 0.037762 : 0.7
0.551641 0.374949 0.907802 -0.858375 0.790076 0.371434 0.535632 0.871896 0.740945 : 0.1
0.545527 0.123428 0.884944 -0.853457 -0.70462 0.241341 0.885054 0.45741 0.124568 : 0.6
0.622249 0.388994 0.886469 -0.732752 -0.021683 -0.297637 0.727332 0.506993 0.605201 : 0.4
0.669561 0.341573 0.81722 -0.618039 -0.301906 -0.116595 -0.704864 0.85746 0.345335 : 0.1
0.550291 0.208915 0.901198 -0.838437 -0.57719 -0.377519 0.434827 0.262381 0.738257 : 0.4
0.807094 0.500555 0.801273 -0.550745 -0.368037 0.472503 0.543079 0.702688 0.234195 : 0.3
0.706297 0.277134 0.9786 -1 -0.678834 0.17446 0.613363 0.197099 -0.23574 : 0.4
0.760987 0.37728 0.892984 -0.137561 -0.628193 -0.536608 0.0804454 -0.041123 -0.234181 : 0.2
0.606424 0.773932 0.820589 -0.850508 -0.468274 -0.550439 0.878594 0.58126 0.707366 : 0.1
0.529126 0.352979 0.894464 -0.860041 -0.200428 -0.231607 -0.0705719 0.187765 -0.190513 : 0
0.647552 0.413892 0.905858 -0.648998 -0.191683 -0.310763 0.506823 0.0809148 -0.343356 : 0.6
0.560221 0.314718 0.776772 -0.762896 -0.350112 0.615669 1 1 0.389828 : 0.6
0.491443 0.414587 0.999178 -0.877035 0.172139 -0.426168 1 0.588153 -0.825254 : 0.6
0.573745 0.373468 0.862773 -0.587668 -0.268682 0.188754 1 0.651411 0.493626 : 0.5
0.56456 0.3077 0.782129 -0.810807 -0.397072 0.0626355 0.722834 0.146057 0.944254 : 0.8
0.583797 0.50139 0.879902 -0.70886 0.204714 0.660358 0.514784 0.615508 0.0761176 : 0
0.71018 0.407332 0.953278 -0.549097 0.121357 0.0314606 0.793341 -0.32957 -0.67442 : 0.3
0.653523 0.463735 0.882366 -0.7252 0.0786544 -0.362333 0.405012 0.513221 0.545359 : 0.5
0.643851 0.24032 0.944732 -0.220098 0.359645 -0.577446 0.202853 0.483552 0.417508 : 0.4
0.497262 0.384379 0.875815 -0.946398 -0.474386 -0.522029 0.434652 0.541879 -0.14242 : 0.4
0.761281 0.422872 0.966135 -0.832515 -0.651413 -0.791618 0.235223 0.643924 0.434493 : 0.3
0.618199 0.471979 1 -0.892165 -0.384228 -0.56117 0.332998 -0.118944 0.169693 : 0.4
0.526545 0.577667 1 -0.770319 -1 -0.163881 0.928448 -0.222917 0.360003 : 0.4
0.672525 0.323674 1 -1 0.080099 -0.00215288 0.99974 0.773916 -1 : 0.2
0.662777 0.3502 0.955824 0.19889 -0.0783635 -0.452596 0.329073 0.0905846 0.0165757 : 0.5
0.61163 0.309734 0.954788 -0.613692 -0.783934 -0.380956 0.58748 0.520274 -0.331288 : 0.4
0.6607 0.359444 1 -0.691266 -0.702457 -0.685191 1 0.2027 -0.73324 : 0.3
0.626004 0.476816 0.824332 -0.215626 -0.179546 -0.0495774 -0.0826916 -0.0653762 -0.429858 : 0.3
0.977093 0.387148 0.70873 -0.578026 -0.128959 -0.148079 0.485251 0.292148 0.784985 : 0.4
0.580461 0.510843 0.901219 -1 -0.247799 -0.603399 0.232962 0.720122 0.652506 : 0.4
0.527891 0.157526 0.883225 -0.00621849 0.183158 -0.0184665 0.264038 0.0398036 0.462777 : 0.3
0.65548 0.420169 0.910496 -0.646263 -0.3559 0.432159 0.162391 -0.400213 0.237462 : 0.3
0.788929 0.345532 1 0.11405 0.363748 -0.079578 0.000989318 0.283612 0.294592 : 0.3
0.607448 0.341029 0.904468 -0.220219 -0.397845 -0.3344 1 1 0.751082 : 0.5
0.550924 0.279275 0.882864 -0.865859 -0.450587 -0.143147 0.366598 0.907989 0.736799 : 0.4
0.663016 0.276428 0.902054 -0.739605 -0.83122 -0.576134 -0.554022 0.784034 0.171779 : 0.1
0.720178 0.43897 0.892171 -0.823223 -0.559595 -0.361109 -0.0404907 0.711237 -0.263053 : 0.5
0.539949 0.266654 0.902021 -0.847151 -0.291661 -0.201507 0.638908 -0.625385 -0.161632 : 0.4
0.989877 0.418509 0.787482 -0.929554 -0.142922 -0.557768 0.600131 0.161144 -0.208163 : 0.3
0.524252 0.326215 0.84978 -1 -0.132642 -0.189668 0.420105 0.220737 1 : 0.5
0.698182 0.238989 0.773912 -0.686089 -0.133546 0.212613 0.690686 0.93035 0.49832 : 0.5
0.560459 0.438446 0.916735 -0.847004 0.284195 0.400365 0.366952 -0.689687 0.498736 : 0.2
0.65624 0.41445 0.721572 -0.00821733 -0.492636 0.0628501 0.85505 0.929974 -0.654524 : 0.3
0.776193 0.379142 0.796917 -0.576144 -0.458151 -0.220523 -0.526758 0.974045 1 : 0.4
1 0.374027 0.987015 -0.530585 0.0799648 0.24826 0.668123 0.360414 -0.0279329 : 0.4
0.664536 0.0907966 0.645789 -0.377804 -0.506733 0.00215089 0.592039 0.355428 0.462122 : 0.4
0.540852 0.365795 0.934186 -0.531387 -0.151598 0.33304 0.75844 0.556349 0.962581 : 0.4
0.426229 0.454247 0.97033 -0.611035 0.158392 -0.97551 0.759933 0.759776 -0.225384 : 0.1
0.788016 0.697226 1 -0.272626 -0.0149335 0.208192 0.788202 -0.801093 -0.38637 : 0.4
0.691084 0.546001 1 -0.529191 -0.412302 -0.0643303 1 1 0.228796 : 0.4
0.527705 0.424345 0.895018 -0.432249 0.459491 0.904114 0.688621 0.304642 0.670668 : 0.2
0.641212 0.418407 0.8759 -0.588314 0.573454 0.256341 0.741939 0.908235 0.628138 : 0.1
0.616077 0.42857 0.632893 -0.514804 0.12899 -0.359385 0.0784689 0.33572 0.43287 : 0.3
0.618164 0.361368 0.865739 -0.764671 -0.260329 -0.132535 0.868496 0.588966 -0.574021 : 0.6
0.560502 0.332688 0.921065 0.0103961 -0.603363 -1 1 0.595826 0.437595 : 0.3
0.636891 0.364819 1 1 0.131578 -0.0942599 0.062497 -0.517065 -0.178952 : 0.5
0.578798 0.749969 0.893592 -0.722474 -0.797216 0.405265 0.163599 0.291341 0.584735 : 0.4
0.658595 0.503086 1 -0.0862088 -0.167815 -0.26385 -0.950682 -0.0134254 0.394068 : 0.1
0.6379 0.150851 0.920554 -0.363761 0.365266 0.379433 0.229372 0.495808 0.319305 : 0.5
0.6215 1 0.904558 -1 -0.16665 -0.0378917 1 -0.118495 0.206273 : 0.2
0.91036 0.439574 0.943235 -0.410567 -0.436696 0.0541031 0.955707 0.189676 0.663854 : 0.6
0.701667 0.372177 0.958457 0.0276836 -0.159809 0.637841 0.453429 1 1 : 0.2
0.662537 0.31399 0.661863 -1 -0.520059 0.0903778 0.600936 1 -0.434824 : 0.3
0.76174 0.863451 0.778976 -0.345623 -0.0748667 0.00347596 0.326977 0.110207 0.277918 : 0.5
0.755593 0.451062 0.980268 -0.566198 0.487566 -0.764228 0.718582 0.116965 0.501926 : 0.1
0.612705 0.418087 0.899052 -0.89234 -0.00391734 0.242502 1 -1 0.628171 : 0.6
0.636387 -0.0173379 1 -0.88891 -0.412668 -0.295769 1 0.0475591 -1 : 0.2
0.772768 0.396258 0.922648 -0.0240283 0.150272 1 0.412602 0.570818 -0.199656 : 0.2
0.659525 0.38152 0.890082 -0.354507 0.336226 -0.611654 -0.157824 0.974058 -0.0949026 : 0.3
0.424856 0.571204 0.887262 -1 0.42921 -0.0117318 -1 -0.542914 0.853792 : 0
0.609413 0.27292 0.860333 -0.377365 -0.352365 0.0617872 0.777342 -0.317207 -0.0126821 : 0.1
0.550785 0.406971 0.836391 -0.794044 0.941734 0.11423 -0.0228889 0.0416396 0.151024 : 0.1
1 0.540981 0.797854 1 -0.309414 0.0755934 0.759838 -0.0239611 0.475729 : 0.4
0.571087 0.441254 0.92235 -0.994448 0.566071 -0.414679 0.432151 0.395522 0.694894 : 0.5
0.590194 0.347279 0.93418 -0.254202 -0.637276 -0.276039 0.402596 0.992376 0.227551 : 0.3
0.70875 0.378765 0.750164 -0.88163 0.115565 0.215272 0.583174 0.302806 0.18868 : 0.4
0.725147 0.27394 0.879789 -0.716028 0.15777 -0.325438 0.119064 0.961717 0.533855 : 0.4
0.675414 0.328999 0.984154 -0.943807 0.512715 -0.947601 0.941818 0.83774 1 : 0
0.596258 0.299371 0.735875 -0.436656 0.161607 -0.552125 0.88168 1 0.481781 : 0.3
0.735382 0.361573 0.917758 -0.37577 -0.22602 -0.0772273 0.146748 0.393468 0.963 : 0.5
0.305792 0.337141 0.54698 -0.318379 0.149112 0.662583 0.331548 0.378555 -0.481119 : 0.1
0.789111 0.437677 0.885803 -0.461221 -0.201737 -0.320351 0.199097 -0.567191 -0.599752 : 0.1
0.354177 0.48817 0.918576 -0.328927 -0.540361 -0.893892 0.956339 0.523286 -0.43302 : 0.1
0.932302 0.34704 0.796643 -0.913181 -0.5517 -1 0.261873 0.117883 -0.227919 : 0.2
0.585935 0.457354 1 -0.741485 -0.455452 -0.385072 -0.7335 -0.828205 0.373917 : 0.2
0.86489 0.739447 0.896676 -1 -0.0452088 -0.7477 0.959769 0.0216219 -0.13483 : 0.3
0.71557 0.321376 0.962975 -0.0692439 -0.121583 -0.0900852 0.132657 0.648056 0.603324 : 0
0.610565 0.24786 0.918394 -0.974799 -0.0536339 -0.274158 0.0738611 0.197143 1 : 0.4
0.658477 0.511843 0.907268 -0.242429 0.0754797 -0.294326 0.773277 0.72578 0.540852 : 0.5
0.621956 0.240425 0.978214 -0.8854 0.434582 -1 -0.0648377 0.284669 -1 : 0.2
0.602649 0.36589 0.966681 -0.874629 -0.260333 -0.50021 0.983592 0.054726 0.752065 : 0.3
0.980102 0.572066 0.889788 -0.338431 -0.443475 0.250659 0.621193 0.498158 -1 : 0.4
0.640691 0.380996 0.99521 -0.550347 -0.096798 0.316945 -0.325108 0.660998 0.692699 : 0.4
0.612925 0.229376 0.54064 -0.349918 -0.12424 0.159316 0.615141 1 0.923757 : 0.3
0.557915 0.219326 0.965195 -0.549664 -0.0161247 -0.410071 0.0206911 0.817389 -0.545702 : 0.7
0.693223 0.422943 0.872252 -0.766594 0.0879171 -0.199466 0.922318 0.557535 0.987682 : 0.4
0.736713 0.347784 1 -0.0355765 0.55444 -0.797188 1 0.883852 -0.579576 : 0.2
0.848475 0.415259 0.830879 -0.454109 1 0.973855 0.596132 0.800815 0.203692 : 0.2
0.591909 0.525778 0.857516 -0.64721 0.494325 -0.0845782 0.888014 0.701008 -0.122517 : 0.4
0.62479 0.270412 0.863265 -0.163628 -0.392143 0.107603 0.78506 0.033893 -0.480923 : 0.2
0.748023 0.426745 0.776755 -0.90461 -0.044003 -0.069643 0.937391 1 1 : 0.5
0.546358 0.140764 0.869498 -0.530054 -0.446296 -0.0694984 0.95028 0.405079 0.498258 : 0.4
0.984295 0.382137 0.957288 -0.23631 -0.887525 -0.344774 0.269214 0.483157 0.871062 : 0.5
0.684171 0.346232 0.839859 -0.731085 0.0331282 -0.134198 -0.126539 0.905719 1 : 0.4
0.459665 0.424504 0.894733 -0.615584 0.0578638 -0.258201 0.587304 -0.552832 -0.377687 : 0.4
0.66551 0.378147 0.844172 -0.914662 -0.281071 -0.567727 0.798422 -0.548978 -0.198829 : 0.5
0.60383 0.380253 0.905092 -0.559042 -0.42205 -0.529831 0.69539 0.752339 0.134014 : 0.3
0.682937 0.386115 0.887007 -0.501857 -0.196698 -0.270587 0.178418 0.573937 -0.170662 : 0.5
0.634531 0.368281 0.938634 -0.879065 -0.397677 0.330604 0.638323 -0.0247893 -1 : 0.1
0.692371 0.618975 0.967808 -0.603672 -0.0154963 0.0705378 0.776647 0.196759 -0.31515 : 0.6
0.589338 0.404635 0.888799 -0.764829 0.0433971 1 0.674702 -0.691565 -0.198868 : 0.4
1 0.406524 0.902327 -0.805676 -1 0.0447697 0.259254 0.342997 0.82825 : 0.4
0.627137 0.326483 0.908548 -0.208385 -0.390108 -0.366196 0.551327 0.581991 0.307245 : 0.4
0.824827 0.336429 0.723924 -0.809743 -0.0338198 0.0816338 0.4549 -1 -0.76726 : 0.1
0.665118 0.313869 0.771179 -0.730942 -0.848946 0.883682 0.863574 0.516607 0.790676 : 0.2
0.504997 0.297271 0.788738 -0.986411 0.295994 0.0208898 0.171341 -0.909632 1 : 0.3
0.616405 0.28022 0.850821 0.12466 0.0575025 -0.551329 -0.00107139 0.739539 -0.141986 : 0.5
0.720189 0.269033 0.949011 -1 -0.0846375 0.952242 0.530512 -0.224957 -0.074341 : 0.3
0.616865 0.64213 0.589038 -0.904557 -0.376561 -0.727781 0.410407 1 1 : 0.3
0.638509 0.335616 0.893266 -0.536758 -0.594343 0.163904 -0.361148 0.205813 -0.33469 : 0.3
0.796618 0.359252 0.816665 -1 0.235107 -0.65467 1 0.583909 1 : 0.4
0.735328 0.377431 0.66531 -0.407247 -0.776324 -0.393141 0.1129 0.594233 -1 : 0.8
0.631063 0.364018 0.921295 -0.994211 -0.434271 0.298716 0.470296 0.493691 0.101003 : 0.3
0.67685 0.943907 0.797542 0.690579 0.0343037 0.226305 0.618549 0.044502 0.481101 : 0.1
0.754365 0.3726 0.865052 -0.690991 0.39085 0.33112 0.123186 0.189321 -0.370736 : 0.4
0.647882 0.388164 0.794258 -0.2466 -0.531246 -0.217644 0.505559 0.132142 0.52357 : 0.6
0.958313 0.326663 0.858753 -0.474139 0.20014 -0.185063 -0.459443 0.315037 0.381548 : 0.2
0.667219 0.449182 0.919261 -0.590847 -0.303692 0.301635 0.691007 -0.239657 -0.432596 : 0.3
0.652613 0.152 0.809864 -0.759268 -0.752918 -0.435777 0.76602 0.348638 -0.761564 : 0.1
0.67085 0.399791 0.841753 -0.958875 -0.38657 -0.0723425 -0.208533 -0.340473 -0.215406 : 0.3
0.723585 0.478901 0.81078 -0.704842 -0.256886 -0.123231 0.616417 0.680428 0.0677081 : 0.6
1 0.35763 0.856524 -0.606751 0.140255 -0.582203 1 0.287619 -0.16269 : 0.3
0.912042 0.399482 0.849234 -0.799586 0.362856 -0.0029335 0.615023 -0.677024 0.538614 : 0.3
0.633674 0.321609 0.799967 -0.0798304 -0.598161 0.167039 0.0867905 0.426128 0.205635 : 0.2
0.818391 0.44416 0.752833 -0.900006 -0.23152 -0.275562 1 1 0.752565 : 0.6
0.7287 0.342411 0.939017 -1 0.0105329 -0.833965 0.347362 0.268654 -0.491491 : 0.6
0.535739 0.390724 0.882574 -1 -0.690478 0.250585 0.671523 -0.024594 0.330464 : 0.6
0.691404 0.331719 0.962399 -0.526829 -0.124022 -0.65486 1 -0.635461 0.970486 : 0.2
0.659829 0.375452 0.851986 -0.607852 0.120897 -0.485951 0.708267 0.251853 0.896808 : 0.4
0.50419 0.530196 0.949019 -0.626131 -0.267976 -0.441082 0.751717 0.738854 0.570145 : 0.4
0.858145 0.449914 0.985171 -0.746683 0.420184 0.0812752 0.748275 1 0.867976 : 0.4
0.576222 0.149435 0.899969 -0.773277 0.0633489 0.377526 0.879132 -0.0335451 -0.352261 : 0.5
0.523113 0.287239 0.874946 -0.907068 -1 0.00978026 0.795404 0.801808 -0.331086 : 0.4
0.618989 0.305377 1 -0.852374 -0.291491 -0.572831 1 1 0.165596 : 0.5
0.905629 0.34768 0.851091 -0.717508 -1 -0.21629 0.247379 0.222729 0.437696 : 0.4
0.652038 0.514392 0.807394 -0.747962 -0.293039 -0.661607 0.831875 -0.336681 0.0930964 : 0.4
1 0.146098 0.92145 -0.742136 -0.195638 -0.107949 0.411628 0.388526 -1 : 0.4
0.525954 0.356056 0.938323 -0.853958 0.143811 -0.294793 -0.0176627 0.746267 0.1553 : 0.4
0.545161 0.976904 0.773856 0.52186 -0.998803 0.0262821 1 1 0.0781698 : 0.1
0.690216 0.288862 0.868448 -0.71753 -0.0934379 -0.200802 0.123429 0.745572 0.333627 : 0.5
0.748797 0.461931 1 -0.875379 -0.0992692 -0.540083 0.607863 0.702063 0.960261 : 0.5
0.574565 0.380783 0.947747 -0.833909 -0.455226 0.458938 0.877688 0.572389 0.748056 : 0.2
0.717122 0.306043 0.860587 0.212312 -1 -0.166567 -0.0748087 1 0.825933 : 0.4
0.794219 0.309749 0.669927 -0.143972 0.438686 0.0128853 0.512275 1 -0.23482 : 0.2
0.547915 0.338853 0.681095 -0.572265 -0.380837 0.18617 0.461018 0.605631 -0.931599 : 0.5
0.715903 1 0.813505 -0.598968 -0.200328 -0.492135 0.430395 0.250563 -0.716862 : 0.1
0.716136 0.580749 0.775395 -0.65586 -0.459801 -0.352155 -0.409231 0.800206 -0.0520731 : 0.5
0.727334 0.358442 0.8937 -0.661873 -0.306611 -0.12191 -0.0513819 0.260418 1 : 0.6
0.641523 0.398137 0.872699 -0.696927 -0.974357 -0.247486 0.219567 -0.296132 -0.354372 : 0.5
0.62986 0.289758 0.945496 -0.638548 -0.598533 -0.652997 1 0.26044 0.0895771 : 0.4
0.520895 0.290232 0.926535 -0.936424 0.13437 -0.314303 0.695079 -0.996243 0.43196 : 0.3
0.572056 0.314527 0.885914 -0.6261 -0.533013 -0.138177 0.882139 1 0.637602 : 0.3
0.595538 0.3832 0.971533 -0.604583 0.466806 -0.0108731 0.832895 1 -0.60336 : 0
0.697149 0.418877 0.830956 -0.527282 -0.151675 0.266755 0.931119 0.345706 -0.690699 : 0.5
0.740437 0.380773 0.850097 -0.666787 -1 0.82946 1 0.788622 0.622841 : 0.5
0.593013 0.491848 0.835285 -0.557558 -0.00835305 -1.54376e-05 1 0.703498 0.439918 : 0.4
0.902929 0.914655 0.927672 -0.940971 0.16517 -0.226949 0.407686 0.200317 0.486841 : 0.3
0.982598 0.418648 0.775414 -0.825263 -0.11772 -0.118587 0.179388 0.362788 -0.167838 : 0.6
0.93031 0.595206 0.749944 -0.680402 -0.133339 -0.0263716 0.438653 0.372542 0.587476 : 0.2
1 0.540896 0.838848 0.815409 -0.166929 0.137064 1 0.120506 0.383725 : 0.3
0.751978 0.485451 0.962507 -0.579659 -0.0474253 -0.406429 -0.492142 1 1 : 0.5
0.56583 0.360997 0.919104 -0.79574 -0.427898 -0.952116 0.40829 -0.255459 0.0995455 : 0.4
0.706721 0.318029 0.890273 -0.797909 -0.0538306 -0.379826 0.426007 0.301923 -0.114318 : 0.4
0.595717 0.341097 0.883179 -0.789427 -0.535924 1 1 -0.0969416 1 : 0.5
0.733246 0.386025 0.902565 -0.886414 0.516738 -0.192932 0.344369 1 0.292171 : 0.4
0.691513 0.690473 1 -0.618047 -0.205686 -0.393845 0.8326 -0.0913107 0.515551 : 0.4
0.849818 0.347063 0.883303 -1 -0.790813 -0.4571 0.10621 -0.0632582 -0.176381 : 0.1
0.622284 0.414929 0.974767 -0.74047 -0.928055 0.167206 -0.124275 -0.298362 -0.37393 : 0.1
0.699375 0.416539 0.891664 -1 -0.224913 -0.111526 0.345231 -0.138672 -0.226266 : 0.3
0.60611 0.272029 0.813529 -0.0825853 -0.267577 -0.00829476 0.653704 0.442207 -0.561727 : 0.4
0.750443 0.357829 0.77259 -0.58354 -0.0638929 -0.503228 -1 0.4746 -0.211888 : 0.1
0.611743 0.416372 0.852052 -0.556562 0.348065 0.000231117 0.360431 0.553992 0.781307 : 0.6
0.611477 0.431287 0.88403 -0.859823 -0.110828 -0.0426837 0.1681 1 0.620653 : 0.5
0.686783 0.393295 0.953482 0.169966 -1 0.587938 0.409965 -0.329633 -0.585551 : 0.1
0.702244 0.305553 0.897207 -0.371465 -0.626204 -0.148537 0.511193 0.118748 0.925266 : 0.3
0.675778 0.315886 0.568584 -0.447733 -0.191645 -0.766531 0.253742 -0.385726 1 : 0.3
0.702872 0.473564 0.986604 -0.710199 -0.503036 1 0.389262 0.0591541 0.430402 : 0.2
0.69818 0.315958 0.855297 -0.388226 -1 -0.579122 0.654263 0.341491 0.976025 : 0.4
0.674972 0.30895 1 -0.0532004 -0.255737 -0.522607 -0.564613 0.111339 0.618934 : 0.5
0.70261 0.403622 0.997217 -0.745402 -0.24951 -0.318661 0.138618 0.379811 0.698607 : 0.5
0.576555 0.42092 0.90466 -0.851621 -0.197309 0.311472 0.149073 0.878997 0.757772 : 0.3
0.762389 0.404216 0.939617 -0.883789 -0.143988 -0.490726 0.246415 0.668104 0.459629 : 0.4
0.621162 0.343218 0.855652 -0.578266 -0.682693 -0.115809 0.358156 0.625251 0.216666 : 0.6
0.625268 0.522005 0.87747 -0.874216 -0.104041 -0.0735022 -0.364401 0.544867 0.0199239 : 0.5
0.676199 0.404119 0.867112 -0.998981 -0.335939 0.331845 0.606037 0.16915 -0.0442467 : 0.5
0.609726 0.437512 0.872064 -0.0133481 -0.93057 0.067996 0.251517 0.41928 -0.409695 : 0.4
0.852208 0.424732 0.913765 -0.312512 -0.622124 -0.429252 0.810651 0.259848 -0.298295 : 0.5
0.787933 0.155484 0.761074 -0.654358 0.356838 1 0.25291 0.335275 -0.238788 : 0.1
0.702988 0.952488 0.827336 -0.677509 -0.0518557 -0.681888 0.521921 0.147543 0.450414 : 0.1
0.532352 0.517836 0.879605 -0.504231 0.0924965 -0.437075 1 0.132905 -0.197232 : 0.3
0.594735 0.323595 0.921215 -0.923836 -0.377455 0.221112 1 -0.581961 0.801341 : 0.5
0.865481 0.316435 0.925151 -1 -0.201407 -0.657974 0.531968 -0.22611 -0.00214446 : 0.3
0.633356 0.383589 0.962485 0.058448 -0.306515 -0.280587 0.140799 1 0.188173 : 0.4
0.544145 0.305264 1 -0.336863 -0.245213 -0.0173733 1 -0.050723 0.124768 : 0.4
0.635557 1 0.879733 -0.730601 -0.0661586 -0.329961 0.297803 -0.132817 0.0584118 : 0.2
0.878567 0.434772 0.917604 -0.556364 0.0199434 1 1 -0.1929 -0.0545126 : 0.4
0.802203 0.428245 0.828246 -1 0.0166564 0.202509 0.917397 0.495039 0.345479 : 0.7
0.587541 0.42958 0.889741 -0.474772 0.112062 0.300998 0.269137 0.52912 0.509347 : 0.4
0.595459 0.266049 0.695395 -0.515132 -0.172139 -0.798153 0.233583 0.70348 -0.148879 : 0.2
0.367435 0.809188 0.873869 -0.979469 0.0411133 -0.223945 0.505797 0.183396 0.522967 : 0.1
0.526851 0.304017 0.791571 -0.707376 0.0763214 -0.142629 -1 0.650532 0.0925547 : 0.3
1 1 0.919694 -0.965488 0.287983 -0.221114 0.165613 0.202349 0.32489 : 0.4
1 0.307746 0.866371 -0.589469 -0.748219 -0.0429983 0.0637414 0.779944 1 : 0.4
0.765281 0.450373 0.84299 -0.547135 -0.491949 0.590473 0.75424 -0.160031 0.512032 : 0.4
0.705423 0.340023 0.780187 -0.789183 -0.239005 0.0689886 0.0512885 -0.639389 0.858229 : 0.1
0.659555 1 0.958269 -0.381903 -0.631176 -0.468508 0.770863 0.269799 0.271003 : 0
0.610222 0.139033 0.901083 -0.670838 -0.392951 0.397354 0.634041 0.513117 -0.180534 : 0.7
0.564526 0.534619 0.87579 -0.711647 -0.0528259 -0.341444 -0.704235 -0.105706 0.787762 : 0.5
0.77339 0.600833 0.788864 -0.639927 -0.811779 -0.253868 1 0.56651 0.0890009 : 0.4
0.708227 0.331228 0.728502 -0.658226 0.390724 -0.344726 -0.556145 0.813411 -0.207548 : 0.1
0.818964 0.494782 0.879977 -0.591384 -0.326488 0.166416 0.558229 0.99463 0.803754 : 0.7
0.915674 0.381329 0.825616 -1 -0.979641 -0.30529 0.550674 0.00566554 0.636317 : 0.2
0.646731 0.43868 0.913089 -0.573148 0.0642689 -0.808745 0.650326 -0.805708 -0.0785425 : 0.3
0.496829 0.364688 0.879504 0.120854 -1 -0.320545 0.397682 0.634145 -1 : 0.3
0.554076 0.139208 0.589627 -0.986862 -0.161144 -0.787221 -0.26724 -0.612527 0.307911 : 0.4
0.510283 0.122722 0.98589 -0.842544 -0.579055 0.183805 1 0.351457 -0.100112 : 0.4
0.553953 0.29854 0.998857 -0.641534 -0.650638 -0.167885 0.803391 0.383408 0.616501 : 0.4
0.642608 0.474584 1 -0.618394 -0.247379 0.126556 -0.385176 0.790344 0.822906 : 0.3
0.575165 0.196853 0.9216 -0.625356 0.431595 -0.697909 0.83785 0.257143 -0.233822 : 0.2
0.507056 0.367761 0.926896 0.0445216 -0.0907068 -0.193231 0.68204 -0.843984 -0.201368 : 0.5
0.608394 0.430314 1 -0.360445 -0.267633 -0.859441 0.7422 -0.359601 -0.048271 : 0.4
0.588238 0.491907 1 -0.625247 -0.0604912 0.187666 0.111769 0.867592 0.872532 : 0.7
0.596086 0.464287 0.962831 -0.901576 -0.495023 -0.324283 -0.523031 0.293487 -0.153674 : 0.4
0.894065 0.278006 0.797983 -0.780567 0.00151245 -0.328456 0.00104606 1 0.0189327 : 0.2
0.559486 0.277358 1 -0.746783 -0.350664 0.0525805 1 0.59834 -0.240476 : 0.5
0.84333 0.402669 0.888553 -0.0948012 -0.458074 -0.917551 0.529142 0.274947 0.283785 : 0.3
0.468565 0.345506 0.95949 -0.135829 0.151995 -0.00112653 0.0903553 0.122788 -1 : 0.3
0.616777 0.404008 0.874018 -0.258773 -0.447858 0.170874 -0.743091 0.341997 0.807407 : 0.4
0.755977 0.324622 0.649013 -0.709893 0.193047 -0.312201 -1 0.496958 0.0525879 : 0.3
0.506665 0.402084 0.762608 -0.752309 -0.402481 -0.627944 0.248665 0.696179 0.649041 : 0.4
0.618665 0.328096 0.874659 -0.590577 0.0594231 0.58124 0.512455 0.20356 0.125641 : 0.5
0.64953 0.371823 1 -0.618093 -0.0714614 -0.50501 0.751664 0.61016 0.331172 : 0.4
0.682507 0.649093 0.873482 -0.934235 -0.380944 -0.278272 1 0.538922 -0.616341 : 0.4
0.576628 0.26424 0.877737 -0.0946103 0.118779 -0.0551242 0.776772 -0.336104 -0.502133 : 0.4
0.622721 0.524185 0.89107 -0.933658 0.361373 -0.0794153 0.0550324 0.682248 0.892663 : 0.5
0.624902 0.228354 0.869292 -0.506454 -1 -0.143742 -1 0.381872 -0.836176 : 0.1
0.777218 0.408895 0.875989 -0.739544 -0.212719 -1 0.922154 -0.286503 0.222592 : 0.4
0.699753 0.31651 0.841226 -0.466535 -0.212591 -0.284497 0.518955 0.929122 0.835546 : 0.4
0.640752 0.312935 0.787884 -0.726793 -0.775647 -0.531028 1 0.389746 0.378996 : 0.2
0.512597 0.350588 0.62359 -0.902402 0.0305982 -0.158901 0.312709 0.0813787 0.706185 : 0.5
0.752727 0.274272 0.84825 -0.660227 -0.63815 -0.573053 0.357094 -0.279303 1 : 0.3
0.704277 0.314313 0.967498 -1 -0.484733 -0.249227 -0.0564207 0.175705 0.611676 : 0.7
0.846472 0.371605 0.890302 -0.598059 -0.48256 0.0808559 0.907369 0.485373 -1 : 0.5
0.739212 0.283727 0.67561 -0.495425 0.316473 -0.311374 0.967713 0.887172 0.691868 : 0.2
0.621276 0.449779 0.760025 -0.332504 0.275999 -0.896504 -0.14739 -0.715943 0.54168 : 0.3
0.80786 0.658009 1 -1 -0.305664 0.55255 -0.158121 0.747058 -0.290671 : 0.5
0.497519 0.332765 0.886347 -0.599896 0.158163 -0.39598 0.799291 0.943488 -0.129439 : 0.4
0.527369 0.457116 0.916091 -0.404224 -0.55107 -0.265579 0.0962913 0.542125 0.858734 : 0.5
0.408601 0.940476 0.840903 -0.34417 -0.467887 -1 0.403956 0.886499 -0.603608 : 0.2
0.49364 0.302731 0.989364 -1 -0.406066 -0.111634 0.643704 0.175789 -0.190328 : 0.5
0.42155 0.477543 1 -0.970939 0.131796 1 0.822565 0.240417 0.452342 : 0.4
0.521816 0.0815764 0.952965 -0.831542 -0.20176 -0.420695 0.103112 -0.279945 -0.450675 : 0.3
0.587862 0.394835 0.678388 -0.900107 -0.36754 0.0834715 0.403781 -0.0217082 -0.110908 : 0.7
