0.836006 0.760381 0.668965 -0.612928 0.728206 0.188283 0.978507 1 -1 : 0
0.679448 0.820622 0.962663 -0.550413 0.113431 1 0.020504 0.176953 0.000286467 : 0.1
0.529674 0.48411 1 -0.105471 0.451095 -0.409948 -0.426505 0.623562 -0.0431298 : 0.1
0.687264 0.337187 0.979277 0.0503488 0.344308 -0.7681 0.612131 0.478144 0.586109 : 0.4
0.707534 0.367558 0.900757 0.0199366 -0.0687666 -0.686106 0.765453 0.71383 0.501958 : 0.4
0.299462 0.139366 0.73773 1 0.0979929 0.149267 0.730123 0.566769 0.757992 : 0.6
0.0813514 0.680844 0.982972 0.0666183 0.608319 -0.515009 0.0499862 0.0486428 0.340354 : 0
0.692972 1 0.950935 -0.548698 -0.021024 -1 0.552881 0.628091 0.861053 : 0
0.721095 0.541688 0.713877 -0.286708 0.504059 0.119751 0.576913 0.222583 0.117791 : 0.1
0.480656 0.464444 0.690545 -0.211343 -0.497196 -0.229433 0.877583 -1 0.649789 : 0.2
0.808649 0.376606 0.681587 -0.34262 0.238319 0.549535 0.755259 -0.189946 0.348747 : 0.5
0.748084 0.5385 1 -0.437972 0.0654478 -0.412195 -0.0219966 0.0447005 -1 : 0.5
0.720861 0.284742 0.986877 -0.00711095 0.0369607 0.0524815 0.273071 0.0132611 -0.747672 : 0.5
0.382928 0.921759 0.581593 -0.748252 0.361328 -0.390613 -0.480016 0.627901 -0.631428 : 0.3
0.630637 0.618514 0.928227 0.100753 -1 -0.424281 0.978985 0.482931 0.296017 : 0.2
0.957772 0.615119 0.661282 -0.579386 0.157147 0.00826067 0.0368835 0.276469 -0.127286 : 0.2
0.436977 0.496483 0.964344 -0.682583 0.332831 0.694597 -0.317368 0.170918 0.79598 : 0.1
0.66312 0.417764 1 -0.838238 0.0127068 1 1 0.240948 0.260333 : 0.5
0.323377 0.487003 0.922051 0.41493 -1 -0.386065 1 0.108852 0.394422 : 0.1
0.550146 0.157872 1 -1 0.357185 -0.683591 0.267046 0.746042 0.329241 : 0.1
0.713085 0.322163 0.898323 0.11426 0.425874 -0.385579 1 0.38254 0.623799 : 0.1
0.537398 0.612871 1 -0.210876 0.0211477 0.0429258 0.349879 0.496842 0.891981 : 0.3
0.783067 0.457363 0.821143 -0.947143 0.349805 -0.662526 0.102768 0.457937 0.401141 : 0.6
0.739249 0.560796 0.915166 -0.229419 0.308529 1 -0.250414 0.298703 -0.820755 : 0.4
0.828267 0.599732 1 -0.539578 1 0.0729471 0.36888 0.391405 -0.458987 : 0.4
0.673174 0.486636 0.801426 -0.0349475 0.42722 0.823291 1 0.685671 0.195521 : 0
0.57816 0.359648 0.759912 -1 -0.235108 -0.00573331 0.627499 0.554474 0.639189 : 0.4
0.400711 0.905644 0.936637 -0.452809 0.990933 -1 0.791997 0.811268 0.384785 : 0.1
0.760096 0.392766 0.84429 0.918296 -0.337762 -0.19694 0.258437 0.352931 0.519159 : 0.4
0.586055 0.24829 0.697341 -0.952383 0.430221 -0.0891748 0.948092 0.675633 0.279726 : 0.4
0.72853 0.289045 1 -0.410187 -0.315863 0.589924 1 0.10514 0.125638 : 0.6
0.570326 0.556249 0.672204 -0.994321 0.42923 0.407669 0.703356 -0.20385 -1 : 0.6
0.829301 0.43732 1 -0.282726 0.28972 -0.313212 -0.0566491 0.9794 1 : 0.5
0.800936 0.451385 0.967668 -0.487079 -0.184702 0.803412 -0.0739299 0.811402 -1 : 0.3
0.530303 0.258947 1 -0.125437 0.205475 -0.02136 0.273687 0.910411 1 : 0.4
0.610447 0.650195 0.942029 -0.512002 0.308025 -0.525472 0.304791 -0.186889 0.433381 : 0.4
0.835136 0.385029 0.883853 -0.294104 -0.399636 0.0962722 0.557952 0.196062 -0.00291497 : 0.4
0.526432 0.284138 0.747209 -0.0718382 -0.184393 -0.669428 0.926763 -0.447886 0.968368 : 0.3
0.947208 0.715551 0.834911 -0.44562 -0.110227 -0.162952 0.614059 0.130837 1 : 0.5
0.689004 0.307215 1 -0.45483 -0.0870798 -0.13755 0.718639 -0.0904909 0.476974 : 0.2
0.610682 0.388461 1 -0.372596 0.294354 -1 -0.11654 0.274413 0.0695232 : 0.3
0.687643 0.930653 1 -0.129586 -1 0.709866 0.518652 0.0517658 -0.295202 : 0.1
0.48995 0.982323 0.899495 -0.578188 0.101192 1 0.266547 0.618074 0.66071 : 0.1
0.530955 0.354259 0.795442 -0.359559 0.519628 -0.585852 -0.504872 0.0159654 1 : 0.4
0.500824 0.342994 1 -0.683696 -0.0762932 -0.204804 0.611642 0.201181 1 : 0.3
0.589818 0.379708 0.893807 -0.494324 0.381894 0.746544 0.538803 -0.590603 -0.141767 : 0.4
0.663915 0.773519 0.926135 -0.00798896 -0.17815 0.000192285 1 -0.736767 -0.0827012 : 0.4
0.325442 0.387313 0.845981 -0.529741 0.166303 -0.326669 0.538618 0.41457 -0.697464 : 0.4
0.858655 0.211842 0.391373 -0.066184 -0.479438 -0.321825 0.85153 0.743156 -0.531515 : 0
0.653377 0.667121 0.873515 -0.543616 0.868412 -1 1 0.133813 -0.275357 : 0.1
0.606645 0.334101 1 -0.641796 1 0.0860449 -0.0877719 0.019561 -1 : 0
0.702795 0.366216 0.913961 -0.338604 0.860058 0.647307 0.324595 0.21054 0.282038 : 0.1
0.571876 0.637842 0.998818 -0.403533 0.0848694 -0.703378 0.280048 0.693086 -0.518993 : 0.2
1 0.281771 1 -0.890101 0.105403 -0.598644 -0.00332904 0.899156 -0.328092 : 0.5
0.777156 0.494269 0.903217 -0.363649 -1 0.578529 0.0760188 -0.348658 -0.981159 : 0.2
0.767688 0.516411 0.833122 0.70297 0.533417 0.0703229 0.710431 0.292776 0.132943 : 0.4
1 -0.0238958 0.897449 -0.503101 -0.539972 0.0654418 0.576229 1 -0.192335 : 0.4
0.390927 0.360488 0.852362 -1 0.0926625 0.820717 -0.0687062 0.380485 0.399509 : 0.3
0.738841 0.402715 0.623257 1 -1 -0.843334 -0.092754 0.148161 -1 : 0.2
0.939151 1 0.743594 0.0213504 -0.687999 -0.115483 -0.689717 0.0628087 0.787861 : 0
0.914187 0.91895 0.952616 -0.369304 -0.241357 -0.890156 0.846851 0.503876 0.399599 : 0.4
0.637718 0.653738 0.943576 0.100963 -0.418375 -0.395763 0.294092 0.799966 0.558248 : 0.3
0.72569 0.493952 0.737537 -0.64641 -0.0683875 -0.459424 1 0.201303 0.215416 : 0.5
1 0.447558 0.945922 -0.506125 -1 0.149473 0.375996 0.540656 -0.35457 : 0.4
0.671892 0.643944 0.999953 -0.585054 -0.15326 -0.4282 -0.0876063 0.114237 0.438236 : 0.2
0.612025 0.445632 0.802493 -0.702832 -0.59923 -0.647427 0.482919 0.403113 -0.164335 : 0.3
0.650588 0.746764 0.874486 -0.76953 0.507657 1 0.566356 -0.242198 -0.180101 : 0.1
0.872068 0.635816 0.950045 -0.936302 -0.914664 -0.00136697 0.647706 0.435896 1 : 0.5
0.699341 0.772358 1 -0.358293 -0.499367 -0.826874 0.273551 0.720089 -0.0325403 : 0.5
0.69269 0.529341 1 -0.704478 0.0182116 -0.172542 0.345018 0.663016 0.797047 : 0.4
0.906512 0.50966 0.610036 -0.375403 1 -0.464971 -0.368972 -0.00588563 0.58775 : 0.2
0.862225 0.496331 0.950106 -0.931524 0.767933 0.129872 0.292794 0.573059 0.0379975 : 0.5
0.683795 0.536776 1 -0.146829 -0.0976153 -0.835645 0.395121 0.73602 -0.238235 : 0.2
0.672063 0.993722 0.717467 -0.811377 0.696316 -0.497306 0.937933 -0.505435 1 : 0.3
0.560847 0.396058 1 -0.987872 0.153733 -0.449268 0.59026 0.623838 -0.376937 : 0.3
0.816104 0.164731 0.762365 -0.608123 -0.50164 1 0.525486 0.534412 -0.344347 : 0.2
0.564444 0.410747 0.956025 -0.78543 0.0291649 0.826617 -0.124267 0.870118 0.0716685 : 0.1
0.46546 0.4777 0.685744 -0.651709 1 0.0249787 0.692439 0.506274 0.368536 : 0.2
0.725199 0.451436 0.962657 -0.194642 -0.453671 -0.229599 -1 0.786603 0.540938 : 0.2
0.640288 0.857511 1 -0.49409 0.070361 -0.53445 0.64316 -0.437837 -0.541027 : 0.3
0.991192 0.453215 0.971768 -0.69513 0.554394 -0.673339 0.180207 0.992129 0.440238 : 0.4
0.771169 0.376982 0.722683 -0.0392929 -0.0865496 0.0996404 0.640041 0.41299 0.612753 : 0.4
0.7323 0.500479 0.766595 -0.516 -1 -0.898431 -0.0249221 0.33315 -0.0475171 : 0.3
0.589726 0.517436 0.758287 -0.575262 -0.144563 -0.583774 0.833715 0.0901671 0.00809599 : 0.3
0.707536 -0.0623752 0.731389 -0.56334 1 0.367188 1 0.273321 0.277802 : 0.1
0.677804 0.40147 0.801464 -0.577882 0.361959 -0.67331 0.92287 -0.381379 -0.26107 : 0.2
0.706088 0.438668 0.962708 -0.297064 -0.306988 0.598914 1 -0.180288 0.0937584 : 0.5
0.601288 0.362082 0.771136 -0.213323 0.541012 1 0.279932 0.0774994 0.206615 : 0.3
0.734565 0.296655 0.844179 -0.245793 -0.626325 0.148246 0.33844 0.723928 0.398816 : 0.5
0.904314 0.483149 0.958592 -0.687762 0.263341 -0.829664 0.3945 0.497169 0.536261 : 0.5
0.718316 0.389336 1 -0.704426 0.0475348 0.027864 0.578686 0.669747 -1 : 0.3
0.952652 0.578609 0.916583 0.665223 -0.545694 -0.445459 0.631597 1 0.0694093 : 0.4
0.474736 0.157827 0.719072 0.500669 -1 -0.0767605 -0.312306 0.280198 -0.184815 : 0
1 0.706888 0.962409 -1 1 -0.887492 0.945616 0.657116 1 : 0.3
0.507309 0.464262 0.902503 -0.814968 -0.851282 -0.207458 0.758214 0.530256 -1 : 0.4
0.179088 0.661008 0.861306 1 0.232116 0.0761723 1 0.0777281 0.833497 : 0.2
0.563622 0.768173 0.968653 -0.634643 -0.957771 -0.215905 0.213845 0.335622 1 : 0.2
0.227138 0.338243 0.72784 -0.484522 -0.0036163 -0.116082 0.454968 0.0925282 -0.149575 : 0.4
0.784613 0.671715 0.751293 -0.00480062 0.503479 -0.0857341 0.329999 0.0988804 1 : 0.4
0.662627 -0.195853 0.851674 -0.289007 0.200289 0.19885 0.259848 0.324987 1 : 0.1
0.694128 0.626512 1 0.760588 -0.957847 -0.371783 -0.890522 0.47888 0.25066 : 0.1
0.666282 0.168048 0.651613 0.20467 -0.505507 -0.387794 0.734733 0.40387 -0.904672 : 0.4
0.966139 0.903835 0.917688 -0.614307 -0.751806 0.136841 0.360962 0.744126 -0.865336 : 0.3
0.246901 0.733439 0.809485 -1 1 -0.119212 -0.226681 0.512696 0.898244 : 0.1
0.590259 0.463656 0.922506 -0.285818 -0.991067 -0.0461821 0.500323 0.525427 -0.349674 : 0.6
0.771874 0.579244 0.911763 -0.218556 -0.181889 -0.27097 0.440522 1 0.731399 : 0.5
0.719182 0.598926 0.889112 -0.484733 -0.973746 -0.582581 0.7154 0.289203 0.0417987 : 0.2
0.0549462 0.368141 0.651173 -0.308452 0.305478 -1 0.583453 0.459745 0.753932 : 0.1
0.728079 0.0339166 0.727657 -0.639076 -0.519542 0.0579109 0.67398 0.168671 -0.309511 : 0.4
0.483999 0.290009 0.969903 -0.675813 1 0.791601 0.813305 0.647948 -0.0653526 : 0
0.940024 0.478679 0.483872 -0.566367 -0.211617 0.0420418 0.41017 0.738874 -1 : 0.3
0.82924 0.713718 0.779623 -0.520928 -0.650154 0.216866 0.520385 0.715017 -0.375754 : 0.3
0.520558 0.502464 0.933621 -0.357659 -0.043042 0.701923 0.791061 -0.230586 -0.489936 : 0.3
0.881304 0.368434 0.640097 -0.363269 0.48691 0.0871751 -0.611921 0.677359 0.640461 : 0
0.789436 0.565433 0.96147 -0.448933 -0.198439 0.174679 0.941983 -0.0503151 -0.708479 : 0.2
0.548977 0.531468 0.863917 -0.296809 -0.347754 -0.591284 0.800654 -0.248333 -0.154196 : 0.1
0.565788 0.796704 0.557438 0.799334 -0.27827 1 0.175566 1 -0.990736 : 0.1
0.663219 0.646621 0.819853 -0.297845 0.057287 -0.521739 -0.0326591 0.269665 -0.500747 : 0.4
0.990602 0.127396 0.276832 -0.762442 -0.538602 0.528152 0.920372 0.367457 -0.463268 : 0.1
1 0.847693 0.802344 -0.269539 -0.0833859 -0.109434 -0.490938 0.541073 0.225627 : 0.3
0.838479 0.13903 0.987175 -0.726785 0.317378 -0.613843 0.0477624 0.86198 0.377139 : 0.3
0.784017 0.377347 0.770134 -1 0.216882 -0.476542 0.488648 -0.2143 -0.849336 : 0.4
0.841228 0.411132 0.69598 0.00583729 1 -0.328011 0.383009 0.15941 1 : 0.4
0.582799 0.192745 0.812849 -0.3444 -1 1 0.364824 0.261136 -1 : 0.3
0.491875 0.603871 0.950609 -0.655427 0.27082 -0.935877 1 0.251683 -0.765299 : 0.2
0.572688 0.659865 0.85684 -0.610762 0.247145 1 0.569501 0.362289 -0.176088 : 0.2
1 0.469263 0.941739 -0.492596 0.0673695 -0.408263 -1 -1 1 : 0.3
0.68805 0.762006 0.888794 -0.548797 -1 -0.487989 -0.233316 -0.162842 -1 : 0.2
0.470474 0.480517 0.9315 -0.412015 0.0843017 -0.32591 -0.0470351 0.637543 -1 : 0.2
0.514093 0.706183 0.831059 1 0.262067 -1 -0.13581 0.137516 0.262931 : 0.1
0.609853 0.404647 0.94485 -0.598294 -0.895818 0.317765 -1 0.191152 -0.441298 : 0.1
0.942193 0.43623 0.705745 -0.35076 1 -0.167849 0.289914 0.695813 -0.999152 : 0.3
1 0.315199 0.739311 0.160638 0.243341 -0.692872 -0.120043 0.293032 0.0585878 : 0.4
0.746854 0.625133 0.939833 0.746013 -0.21987 -0.491095 0.0381898 0.320146 -0.195311 : 0.4
0.620181 0.788473 0.555339 -0.711317 0.349165 -1 -0.22417 0.317478 -0.329723 : 0
0.572486 0.550813 1 -0.498306 0.547529 -0.503813 0.972243 -0.142949 0.132669 : 0.2
0.604196 0.748511 0.812793 0.149124 0.0674667 0.409083 0.221183 -0.00806361 0.590387 : 0.3
0.428751 0.229035 0.944643 -0.60822 -0.408347 0.0296308 0.627677 -0.274589 1 : 0.2
0.918261 0.312241 0.741617 -0.587923 -0.272032 0.283643 0.422976 -0.0411304 -0.236911 : 0.1
0.711763 0.530887 1 -0.71289 0.353911 -0.0175841 0.653281 0.564115 -0.589289 : 0.4
0.714324 0.373064 0.988598 0.606737 -0.0877148 0.0780373 -0.00200693 -0.275098 0.267819 : 0.2
0.691738 0.513823 0.806549 -1 0.117424 -0.0674115 -0.589822 0.845483 0.475801 : 0.4
0.77258 0.423127 0.855497 -0.603452 -0.291258 -0.556989 0.457554 0.445155 0.0261982 : 0.8
0.788575 0.510593 0.757981 -0.989675 0.613417 -0.268736 -0.355399 -0.152105 0.926915 : 0.4
0.736464 0.560651 1 0.0558537 0.0385573 0.281357 0.206185 0.0078612 -0.0775992 : 0.3
0.792122 0.379596 0.855125 -0.379475 0.5912 -0.628564 0.820554 -0.459061 -0.154457 : 0.2
0.740453 0.587422 0.944769 -0.712507 -1 -0.341362 -0.371747 -0.228302 0.743993 : 0.2
0.535909 0.695442 0.850939 -0.654483 0.0514197 -0.623538 1 0.892077 -1 : 0.1
0.627268 0.27657 0.964874 -0.826133 0.493404 -0.595417 -0.986544 0.0331647 -0.391017 : 0
0.480669 0.530156 0.99858 0.923459 0.0956978 -0.166874 0.885561 -0.103347 -0.802344 : 0.1
0.505764 0.609427 0.997882 -0.602688 1 -0.845309 0.536818 0.765619 0.624595 : 0.3
0.743587 0.606716 0.85937 -0.605692 -0.225869 -0.192672 -0.431049 0.095506 0.707656 : 0.2
0.685306 0.614628 0.89176 -0.392472 -0.826756 -0.545618 0.447158 0.0684762 -1 : 0.4
0.902133 0.392737 0.933856 -0.104556 0.30027 -0.762419 0.121585 0.939895 0.790421 : 0.4
0.581408 0.332082 0.907479 -0.557301 -0.658044 -0.345506 -0.044675 0.034168 -0.810209 : 0.5
0.620951 0.397687 1 -1 0.654391 -0.306651 0.89311 -0.532527 0.358324 : 0.2
0.633314 0.151468 0.811699 -0.702441 0.857166 -0.475606 0.264906 -0.0140845 0.663751 : 0.1
0.778317 0.29462 0.714982 -0.594659 0.186855 -1 0.72564 -0.321513 0.706087 : 0.4
0.647479 0.297896 1 -0.183595 0.373699 -0.167982 0.654319 0.946743 -0.373406 : 0.4
0.589722 0.778364 0.903457 -1 0.400097 0.202745 -0.0646202 1 0.259983 : 0.1
0.750489 0.329298 1 1 0.275406 0.00650962 0.956635 0.17882 -0.355252 : 0.3
0.760924 0.757073 0.835244 -0.767684 0.0307482 -1 1 0.799493 -0.0955345 : 0.2
0.577091 0.528487 0.811426 -0.743593 0.196648 -0.000345469 0.461812 0.550291 -0.104261 : 0.3
0.777504 1 0.852561 -0.37155 1 -0.0967644 0.528405 0.62832 0.136714 : 0.1
0.858117 0.335065 0.742585 -0.44423 0.562286 0.738867 0.545501 0.909814 -0.0529912 : 0.4
0.507966 0.745664 1 -0.498714 -0.044094 0.175561 0.89804 0.670719 -0.231446 : 0.1
0.290142 0.675345 0.822549 -1 -0.384046 -0.327284 0.679005 0.587068 0.124288 : 0.1
0.965722 0.490803 0.635162 -0.645439 1 -0.191185 0.642626 -0.39042 -0.624078 : 0.4
0.656802 0.227342 0.384396 0.267962 0.612194 -0.360516 0.803737 0.599119 -0.175771 : 0.1
0.59001 0.766347 0.941096 -0.816394 0.251482 -0.849674 -0.248486 0.212099 -0.0875003 : 0.2
1 0.409379 1 -0.215911 0.91623 -0.639046 1 0.261683 0.372143 : 0.1
0.538083 0.861755 0.978474 -0.820754 1 -0.403464 0.0972298 -0.181722 0.311378 : 0.1
0.80712 0.310911 0.810265 -0.854659 0.169487 -0.582711 0.60193 -0.112717 0.472637 : 0.3
0.708611 0.948121 0.811037 -0.57851 0.357911 -0.300464 0.248389 0.575695 -0.266084 : 0.2
0.682667 0.676012 0.936517 -0.356816 0.396958 -0.697122 -0.232164 0.432859 0.623087 : 0.4
0.661587 0.241271 1 0.522436 -0.106078 -0.781179 0.209603 -0.645427 -0.172315 : 0.2
0.72821 0.415383 0.77773 -0.904389 -0.640241 -0.115306 0.532013 0.804938 -0.723919 : 0.3
0.808605 0.318561 0.961173 -0.63363 0.363395 0.626117 0.111405 0.291676 -0.297296 : 0.5
0.605516 0.777828 0.925749 -0.845361 0.0886374 -0.324623 -0.0486651 0.676657 -2.74926e-05 : 0.3
0.742696 0.659496 0.978575 -0.223356 -0.3079 -0.272332 -1 0.922545 0.757695 : 0.2
1 0.83975 0.86068 -0.612322 -0.878997 -0.423027 -0.332845 0.878255 0.42414 : 0.6
0.641424 0.610435 0.965695 -0.627399 -0.55143 -0.292346 0.807686 1 -0.471547 : 0.4
0.526783 1 0.88338 -0.620325 1 -1 -0.319013 -0.289172 0.779418 : 0.1
0.633745 0.822732 0.655255 -0.18118 0.0558907 -1 0.979936 0.186187 0.0530631 : 0.1
0.848699 0.477803 0.85262 -0.873215 0.0985442 0.794336 0.529182 0.324689 0.101348 : 0.6
0.920306 0.310568 0.78708 -0.152628 0.66941 0.454329 -0.129394 -0.0409405 -0.0259284 : 0.1
0.669968 0.78852 0.851151 -0.168918 0.580703 -0.845667 0.219791 0.591652 -1 : 0.1
1 0.580133 0.678092 -0.314687 0.477411 -0.421827 0.261271 0.587054 1 : 0.3
0.467832 0.376798 1 -1 -0.178945 -0.93283 0.935651 0.904317 0.788642 : 0.3
0.773488 0.47059 0.6148 -0.535528 0.0677272 -0.658847 0.623224 0.642075 0.77177 : 0.2
0.68322 0.739701 1 -0.230865 0.345369 0.72375 0.348295 0.732913 -0.0490219 : 0.1
0.646986 0.676798 0.906141 0.0762277 -0.216488 -0.728069 1 0.286905 -0.138943 : 0.1
0.67285 -0.0210689 0.671929 -0.316108 -0.280099 0.154837 0.532598 0.426041 0.569839 : 0.3
0.81728 0.698523 0.700422 -0.220936 0.536359 0.0018543 -0.69888 0.54774 0.808753 : 0.3
0.540614 0.376978 0.874324 0.635303 -0.415311 0.0863909 0.612841 0.553983 0.0876147 : 0.4
0.624179 0.626432 1 -0.419647 -0.394011 -1 0.902219 0.345049 -1 : 0.1
0.711519 0.30399 1 -0.508779 0.487845 -0.741696 0.332766 0.607315 0.411287 : 0.3
0.846635 0.484312 0.579843 -0.331063 1 -0.319369 0.45504 -0.336534 0.316093 : 0.2
0.646181 0.80137 1 0.17922 -0.0467625 -0.223684 0.727904 -0.0564123 -0.615279 : 0.5
0.786836 0.348405 0.846685 -0.587624 -0.466121 -0.136598 0.484845 -0.0811723 -0.0656055 : 0.2
0.735099 0.52332 0.987374 -0.55236 1 0.139542 0.793664 0.424498 -0.851307 : 0.2
0.0641581 0.932336 0.97969 0.316446 -0.417086 -0.258937 0.228246 -0.867858 0.452922 : 0
0.368985 0.7124 0.733529 0.0565486 0.397856 -0.317553 0.0827258 -0.107078 0.414459 : 0.1
0.519735 0.389137 0.815472 -0.582738 0.450282 -1 0.671962 -0.248782 -0.242991 : 0.4
0.543813 0.784297 0.912902 -0.463174 -1 -0.223157 0.291612 0.699268 0.509717 : 0.3
0.633231 0.217643 0.913971 -0.316 -0.641272 -0.444223 -0.16507 0.798868 0.228222 : 0.3
0.665387 0.360089 1 -0.848749 0.426683 -0.301358 0.398808 -0.345563 -0.730895 : 0.2
0.723255 0.265593 0.596974 -0.0417115 -0.274121 -0.449288 -0.310211 0.306936 0.396882 : 0.6
0.708752 0.377254 0.898783 -0.417352 0.701765 0.267818 0.623428 0.123245 0.241652 : 0.6
0.534388 1 0.84197 -0.669029 0.448009 1 0.159441 1 0.918182 : 0.1
0.76924 0.753595 0.878635 0.958105 -0.523406 0.139901 0.748213 -0.39775 0.654367 : 0.5
0.741113 0.462683 1 -1 0.24731 -0.677312 0.65266 -0.155645 -0.401494 : 0.3
0.242745 0.472483 0.718832 -0.585946 -0.060663 -0.218615 0.428694 0.503602 -0.276196 : 0.2
0.24957 0.464727 0.901351 -0.230807 0.856163 0.381809 1 -0.00197414 -0.084383 : 0
0.749026 1 1 -0.301632 0.082956 0.213059 0.263439 0.853592 -1 : 0.2
0.907196 0.255892 0.869713 -0.883546 -0.455837 0.258381 0.988151 0.366255 -0.490192 : 0.5
0.911914 0.613154 0.733778 -0.587278 -0.48426 -0.766271 0.607461 0.956711 0.380187 : 0.5
0.874446 0.650611 0.590789 -0.244187 0.127402 0.554917 0.546121 -0.260609 -0.308769 : 0
0.660438 0.851944 0.780606 0.621897 -0.49248 -0.38658 0.0547999 0.508416 -0.277231 : 0.2
1 0.699486 0.781303 -0.571027 0.229355 0.768996 0.0599973 0.52977 -0.155619 : 0.1
0.525508 0.582342 1 0.392783 -0.185162 -0.44139 0.750304 0.166642 -0.0171163 : 0.1
0.535001 0.221443 0.816319 -0.649664 0.242038 1 0.681489 -0.734576 -0.0135905 : 0.1
0.967369 0.912065 0.92656 0.310269 -0.33803 0.343231 0.535744 0.890859 -0.235131 : 0.3
0.512847 0.359838 0.802692 -0.834396 -0.429478 -0.872936 0.196508 0.518119 0.802039 : 0.1
0.978137 0.292558 0.838391 -0.579503 1 -0.37959 0.278912 -0.768602 0.244864 : 0.1
0.591969 0.423843 0.906339 -0.470693 -0.838189 -0.344177 -1 0.647778 0.254104 : 0.4
0.707656 0.548139 1 -0.701206 0.483855 0.492841 -0.916001 0.213169 -0.672218 : 0
1 0.481364 0.779495 -0.0929141 0.60159 -1 0.000153959 0.404035 -0.0225983 : 0.1
0.573821 0.769593 0.903345 -0.851024 0.778832 0.139882 -0.0168988 0.830168 -0.0889632 : 0
0.657315 0.924281 0.70662 0.117776 0.0285245 -1 -0.0741343 0.303899 1 : 0.2
0.546454 0.363884 0.975517 -0.156544 0.611065 0.0397255 0.64886 0.352476 -0.427364 : 0.5
1 0.311667 1 -0.465296 0.63046 -0.703948 0.733015 1 -0.238573 : 0.2
0.74154 0.46107 0.917593 -0.651004 0.194142 -0.169409 0.270041 -0.101349 0.673397 : 0.4
0.749986 0.282302 0.537992 -0.754403 0.745424 0.010562 0.560948 1 0.346153 : 0.5
0.573987 0.550938 0.967972 -0.639416 0.383068 0.366098 -0.517206 0.0402925 -0.310423 : 0.2
0.646111 0.566026 0.936116 0.545154 0.162059 0.480476 0.140112 -0.896246 0.824008 : 0.3
0.781116 1 0.808496 -0.111108 0.856277 0.40726 0.772732 0.329331 0.536571 : 0.4
0.773292 0.429695 0.9916 1 0.253161 -0.428227 -0.249051 0.577729 -0.381613 : 0.3
0.378708 0.757592 0.787561 -0.448103 1 -0.841754 0.22497 0.450615 0.295139 : 0
0.54976 0.506292 0.9585 -0.534943 -0.801995 0.380723 0.345252 0.232012 0.759257 : 0.3
0.622396 0.509431 0.69746 -0.0150582 -0.456767 -0.269801 0.129946 0.289505 -1 : 0.6
0.654486 0.346123 0.654256 -0.891631 0.814309 0.174372 0.578556 0.98691 -0.223414 : 0.2
0.429513 0.438259 0.907737 -0.493134 0.495593 0.117455 0.584768 1 -0.532928 : 0.3
0.591895 0.46911 0.680589 -1 0.832349 0.219772 -0.895544 0.674845 0.11302 : 0.2
0.807842 0.568071 0.874182 -0.904928 -0.544233 -0.392069 -0.0191875 0.530215 0.0262712 : 0.6
0.921904 0.362659 0.814674 -0.658026 -0.294645 -0.408837 0.21512 0.623537 -0.929512 : 0.3
0.804601 0.5156 0.706225 -0.0910996 -0.904218 -0.459626 0.656453 0.294047 -0.720917 : 0.4
0.683193 -0.0408673 0.928533 -0.027323 1 0.00547516 0.294889 0.398674 0.441326 : 0.2
0.656575 0.506621 0.887942 -0.786972 -0.441664 -0.22967 0.542969 0.888086 -0.0585914 : 0.4
0.509057 0.494018 0.720854 -0.527313 -0.0769089 -0.59643 -0.144574 -0.127407 -0.678913 : 0.2
0.144797 0.560983 0.931133 -0.66515 -0.0626081 0.119033 0.728787 -0.360812 -0.00995356 : 0
0.760572 0.226289 0.877951 -0.189053 -0.735173 -0.180936 0.697216 -0.00840358 0.466777 : 0.4
0.641786 0.375096 0.667834 -0.636774 -0.331835 0.0214217 1 -0.201174 0.464634 : 0.1
0.701988 0.161767 0.981378 -0.415416 0.023619 0.304109 0.527326 0.254043 -0.00586526 : 0.6
0.80169 0.605216 0.988429 -0.686826 -0.207713 -0.351845 0.431808 0.254989 0.274126 : 0.5
0.581293 0.421425 0.990244 -0.887853 -0.472055 -0.85425 0.978361 -0.0772853 -0.889354 : 0.2
0.585508 0.606836 1 -0.558606 -0.553675 -0.188898 0.208384 0.415972 -0.894864 : 0.7
0.576947 0.771303 0.487085 -0.12961 0.195303 0.101137 0.015543 0.745212 -0.290807 : 0
0.659827 0.488577 1 -0.354566 -0.916049 -0.19641 -0.33728 -0.213569 0.564511 : 0.2
0.578595 0.432189 0.698633 -0.811927 0.022436 0.0564995 0.736181 0.757537 -1 : 0.4
0.553802 0.509061 1 -0.126889 -0.0946074 -0.109663 0.832373 0.482354 1 : 0.4
0.611694 0.285052 0.959242 0.112122 0.103505 1 -0.79631 0.539256 -0.973516 : 0.2
0.575817 0.518674 0.847673 -0.902845 -1 0.101822 0.863366 0.188659 0.0657557 : 0.5
0.710932 0.55278 0.950997 0.586514 -0.462069 -0.102829 0.442906 0.680782 0.334474 : 0.2
0.517746 0.918479 0.945701 0.351338 -0.340461 -0.495926 0.627227 0.0256643 -0.248444 : 0.1
0.577772 0.169326 0.800937 -0.0509639 -0.83466 -0.5583 -0.157727 -0.303454 0.163741 : 0
0.628971 0.686388 0.652866 -0.45854 -0.164643 -0.650547 0.866268 0.301643 -0.120669 : 0.1
0.967968 0.292515 0.808675 -0.159684 0.597963 -0.629153 -0.799021 0.104242 0.282773 : 0
0.172522 0.906812 0.95716 -0.354421 -0.303022 -0.10909 -0.0680171 0.646585 -0.706839 : 0
0.538748 0.0892196 0.945287 -0.616785 0.924381 -0.867827 -0.364376 0.490548 1 : 0
1 0.363831 0.76273 -0.195613 0.670075 -0.437978 0.126241 -0.29273 -0.236371 : 0.5
0.415951 0.378997 0.960735 -0.460106 -0.20435 -0.480157 0.907837 0.674765 0.987963 : 0.5
0.995855 0.383804 0.895533 0.8825 0.21402 -0.900977 0.618553 0.527022 -0.784708 : 0.3
0.608268 0.571468 0.814089 0.597954 -0.188041 -0.545084 0.196151 0.663402 0.268351 : 0.2
0.655171 0.410224 0.905251 -0.128732 -0.0422805 -0.39148 0.155747 0.171313 -0.130286 : 0.6
0.622104 0.511936 0.684778 0.00576043 0.627927 -0.446746 0.297438 0.488793 -1 : 0
0.781114 0.658877 0.856104 -0.594783 -0.993988 -0.346793 0.206004 -0.190353 1 : 0.4
0.497613 0.410747 0.999289 -0.473652 0.465203 -0.182963 -0.396923 -0.117117 0.565699 : 0.3
0.663037 0.270534 0.964651 -0.0131702 0.0513371 -0.630111 0.669639 -0.627282 0.735431 : 0.4
0.70646 0.480532 0.842266 -0.723139 -0.177953 0.946368 0.286669 1 0.00473747 : 0.1
0.804361 0.664 0.97773 -0.821086 -0.306898 -0.578991 0.38841 0.0858398 0.0368473 : 0.3
0.762123 0.747192 0.899714 -0.336264 -0.765965 -0.157717 0.745169 1 0.134277 : 0.6
0.782004 0.409419 1 0.0363966 -1 -0.671951 0.104567 0.238344 0.15962 : 0.5
0.569842 0.491601 0.994221 -0.284316 0.187538 1 -0.745605 0.870159 -0.669265 : 0.1
0.912066 0.59814 0.807467 -0.534732 0.657634 1 0.443265 0.499777 0.957729 : 0.1
0.688 0.706985 0.766995 -0.86627 -0.428679 -0.0723867 0.41369 0.452701 0.687062 : 0.5
0.446371 0.843223 0.998031 -0.288926 -0.345589 -0.310232 1 -0.178793 0.331139 : 0.2
0.734397 0.330647 0.941444 -0.341906 0.597952 0.421126 1 0.777093 0.0319622 : 0.4
0.643858 0.778209 0.747989 0.956662 -0.505036 -0.141492 0.696148 0.535303 -0.0968237 : 0.2
0.61211 0.050743 1 0.30683 0.941715 -0.479129 0.952932 0.139618 -0.195737 : 0
0.624576 0.584239 0.607037 -0.808944 1 -0.728611 0.877162 -0.14724 -0.406455 : 0.1
0.517533 1 0.858607 -0.0292414 0.401518 0.207161 1 0.317837 -0.224746 : 0.1
0.408454 0.483191 0.841297 -0.498271 -0.248627 0.0677046 0.217382 0.93862 -0.118361 : 0.4
0.87625 0.33512 1 -0.76652 -0.125382 -0.129149 0.585132 0.521759 -0.297963 : 0.7
0.65419 0.399386 0.992246 -0.63263 -0.103374 -0.611529 0.383775 0.0367236 0.263022 : 0.5
0.57632 0.321398 0.865945 -0.41335 -0.83881 -0.568947 0.356343 -0.0147488 -0.162825 : 0.5
0.773008 0.498368 0.966971 -0.470685 0.202319 0.348849 0.0674407 0.367082 0.170212 : 0.3
0.723792 0.935422 0.670465 -0.919972 0.0914264 0.411893 0.185885 0.344989 1 : 0.4
0.831375 0.403518 0.65374 -0.635645 -0.0617223 -0.0228802 -0.820155 0.13106 0.332278 : 0.4
0.63484 0.147552 0.802844 -1 0.277756 -1 0.454651 0.0571451 -0.311095 : 0.2
0.791896 0.732806 0.834842 -0.807246 0.334445 -0.481102 0.737804 0.47133 -0.321026 : 0.6
0.638102 0.426032 0.809961 -0.692746 0.159004 -0.197505 0.261918 -0.448797 0.44992 : 0.3
0.74595 0.590819 0.795663 -0.801436 -0.47227 -0.587288 0.936242 0.484043 0.436641 : 0.5
0.825841 0.602773 1 -0.416725 0.0730734 1 0.955059 0.254826 0.565355 : 0.4
0.764641 0.761472 1 0.0603036 0.402068 -0.999329 -0.95163 0.794854 1 : 0.4
0.604849 0.240066 0.87746 -1 0.395428 -0.722806 0.524928 0.493649 0.694449 : 0.5
0.461121 0.706937 0.91274 0.393936 1 -0.728053 -0.0965094 0.42094 -0.109767 : 0
0.789489 0.450416 0.973464 -0.638412 0.105741 0.449891 0.317073 0.52978 0.648398 : 0.5
0.446148 0.749993 0.989721 -0.922097 -0.424969 -0.173669 0.456854 0.771036 -1 : 0.2
0.446726 0.180688 0.660163 -0.827845 0.23147 -0.662454 0.130985 1 -0.231632 : 0.2
0.577001 0.471501 0.986766 -0.524859 -0.0306221 -0.582575 0.307616 0.189662 -0.646292 : 0.5
0.6917 0.371621 1 -0.197326 0.143159 -0.0880996 1 0.038542 -0.757619 : 0.4
0.261967 0.537247 0.892236 -0.293666 0.698339 1 0.488514 0.356523 0.072539 : 0
0.817258 0.441751 0.832926 -0.361206 -0.382831 -0.329942 0.0687155 0.345477 0.138653 : 0.8
0.76738 0.574844 0.841295 -0.691507 -0.0447402 -0.327849 0.948028 1 0.455027 : 0.5
0.924609 0.306851 0.796092 -0.520725 -0.273824 -0.427818 -0.102143 0.222659 0.22496 : 0.6
0.608031 0.645809 0.827576 -0.71243 0.446425 0.390673 0.993431 0.305245 0.223198 : 0.3
0.41903 0.311426 0.795684 -0.839491 -0.186864 -0.418309 1 0.358476 -0.607241 : 0.5
0.967535 1 1 -1 0.687842 -0.868514 0.238628 0.850615 -0.0382906 : 0.1
0.699536 0.592149 1 -0.970304 -0.112078 0.352249 -0.00751489 -0.866928 0.0522645 : 0.3
0.68186 0.40945 0.902179 -0.558779 1 -0.545237 0.182429 0.36012 0.79958 : 0
0.732127 0.606818 0.891101 -0.524701 -0.444457 -0.870891 0.396599 0.843837 -0.659449 : 0.4
0.64248 0.508242 0.5121 0.128429 0.0616074 -0.583924 0.264082 0.0389168 0.208039 : 0.4
0.419176 0.63978 0.856234 -0.853199 -0.117901 -0.388071 0.851721 -0.53419 0.243021 : 0.3
0.555883 0.409156 0.918401 -0.495582 0.38995 0.912578 -0.292149 0.157655 -0.130204 : 0.1
0.594343 0.395168 0.951221 -0.292961 0.164127 -0.701198 0.173034 0.603663 0.96383 : 0.3
0.720753 0.475801 0.984893 -0.546637 0.00833293 -0.934084 0.544262 0.763762 0.543859 : 0.6
0.585716 0.42876 0.936787 -0.679594 0.688446 0.584515 0.690675 0.0493039 -0.346799 : 0.2
0.524385 0.336283 0.91237 -0.574247 0.0797778 0.444664 -0.114294 0.216509 0.990891 : 0.2
1 0.493028 0.860901 -0.284702 -0.0901823 0.352579 -0.284511 0.682391 -0.540136 : 0.4
0.736776 0.704679 1 -0.722381 -0.0711462 -0.321903 0.133435 0.904315 0.0814356 : 0.6
0.77213 0.436088 1 0.00823802 -0.424496 -0.686354 0.225245 -0.198722 -0.487139 : 0.3
0.517489 0.181042 0.867968 -1 0.19297 -0.326717 0.570213 0.0849229 0.817431 : 0.5
0.950004 0.511749 0.989842 -0.380569 0.226374 -0.783855 0.665541 0.374508 0.50895 : 0.6
0.615181 0.639811 0.829479 -0.5381 0.254061 -0.362614 0.470109 0.0540159 1 : 0.3
0.826943 -0.051503 0.725388 -0.551572 0.0950674 -0.782839 0.367915 0.41799 0.40233 : 0.3
0.70955 0.674764 0.688146 -0.230417 0.494267 0.193486 0.358541 1 0.0876887 : 0
0.614156 0.552413 0.969842 -0.542269 -0.175226 -1 -0.579241 -0.344569 0.0720915 : 0.3
0.796797 1 0.857664 -0.897174 -0.011345 -1 -0.49083 0.187295 0.993512 : 0.3
0.602464 0.341926 0.838985 0.534471 -0.490933 -0.175241 0.955231 1 0.0508927 : 0.3
0.864755 0.275402 0.976568 -0.216241 -0.420879 -0.642203 -1 0.572116 1 : 0.1
-0.11238 0.466931 1 0.237058 0.073159 -0.574715 0.626054 0.239989 0.609427 : 0
0.608755 0.347575 0.937658 -0.956241 -0.212019 0.952424 0.410693 -0.0190237 -0.472351 : 0.6
0.797332 0.733924 0.96123 -0.433406 0.512514 -0.348967 0.998829 0.686593 0.986661 : 0.1
0.712494 0.640689 0.893375 -0.769267 0.782292 0.65499 1 0.818549 0.241915 : 0
0.602787 0.638143 0.860999 -0.794796 -1 0.0640817 0.563793 0.0980708 -0.356988 : 0.4
0.448091 0.813266 0.941134 -0.0344875 -0.270616 -0.904993 0.462658 0.158047 0.522204 : 0
0.386022 0.641032 0.903603 -1 0.174937 0.353538 0.0910527 0.0833922 0.469008 : 0.1
0.593368 0.787447 0.842812 -0.204089 0.441886 0.847117 -0.0694768 0.700754 -0.70726 : 0.1
0.547539 0.572645 0.880141 -0.734115 -0.487081 0.794527 0.491932 0.150262 0.476892 : 0.1
0.941851 0.616014 0.746657 -0.444827 0.472464 -0.163201 -0.148159 0.171646 1 : 0.5
0.528198 0.563225 0.781553 -0.0228366 0.39658 -0.923796 0.309225 0.336005 0.148805 : 0.2
0.291009 0.361524 0.949647 -0.220957 -1 0.0177084 0.285207 0.120997 0.575474 : 0.1
0.613939 0.44912 0.677567 -0.249112 0.3741 0.131499 0.998937 0.999196 0.257279 : 0.3
0.24232 0.985744 0.699935 -1 1 -0.319127 0.518646 -0.664237 0.708247 : 0
0.587547 1 0.937759 -0.8875 0.922067 -1 1 0.147295 -1 : 0.1
0.634975 0.404317 0.731035 -0.354038 0.47649 0.374098 -0.133154 0.475707 -1 : 0.2
0.956306 0.311276 0.809081 -0.259428 -0.321677 -0.416101 0.251134 -0.266093 -0.432958 : 0.4
0.87164 0.244063 0.978862 -0.380803 0.125082 0.929159 0.42513 1 0.0958158 : 0.2
0.60788 0.548481 0.984167 0.629101 0.203844 -0.885737 0.866511 0.999974 -1 : 0.3
0.455052 0.467039 0.940407 -0.793549 0.515283 0.861099 0.57275 0.551009 -0.303224 : 0.2
0.526305 0.748996 0.7898 -0.448647 -0.56849 -0.728289 0.297006 0.385482 0.689952 : 0.2
0.561726 0.406858 0.858954 -0.695479 1 0.351706 -0.261297 0.0162708 -0.0176174 : 0.1
0.755143 0.623062 0.853098 -0.940721 1 0.635946 0.689833 0.802299 0.0154965 : 0
0.653142 1 0.903664 1 0.156176 0.0244195 -0.386177 0.763665 0.552231 : 0.1
0.636205 -0.30218 0.77356 -0.586245 -0.339782 -0.64703 1 0.503112 -0.561434 : 0
0.562645 0.688404 0.988953 -0.22078 0.346119 0.137776 0.228085 1 1 : 0.1
0.691733 0.270021 1 -0.551947 0.333266 0.333658 0.76839 0.756022 0.156683 : 0.1
0.475724 0.425245 1 -0.527414 -0.249568 0.18176 -0.515215 0.189584 0.00904232 : 0.2
0.783071 0.683822 0.619804 -0.235568 -0.0552951 -1 1 -0.147327 0.110962 : 0
0.575302 0.712962 0.239354 -0.587814 -1 -0.0591829 0.752629 0.659173 -0.825968 : 0.1
0.690949 0.18376 0.885489 0.486578 0.167117 0.0770675 0.539957 0.479466 -0.323447 : 0.1
0.654435 0.566807 0.734605 0.561999 0.11112 -0.337082 -0.05904 -0.02158 -0.43994 : 0.4
0.53326 0.941045 1 -0.258783 0.0955726 -0.095284 -0.239227 0.563441 1 : 0.1
0.783213 0.482877 0.884058 -0.609968 -0.435035 -0.523451 0.494975 0.648323 -0.73198 : 0.7
0.611768 0.566789 1 -0.888639 0.0760314 1 -0.311202 0.560581 1 : 0.1
0.59911 0.520835 1 -1 0.00979745 -0.472827 0.58063 -0.186854 -0.168915 : 0.4
0.573011 0.640916 1 -0.768644 0.81479 -0.974145 0.43257 0.234214 -0.00952699 : 0.1
0.668518 0.247635 0.959686 -1 0.198935 -0.340118 0.404846 -0.200845 -0.222391 : 0.2
0.790578 0.685838 0.779942 -0.938628 0.0361803 -0.0723801 0.604276 0.0895322 0.993102 : 0.5
0.537538 0.513848 0.702805 -0.700629 -1 -0.594184 1 -0.356494 0.527452 : 0.1
0.686401 0.533433 0.782079 -0.707776 -0.275411 0.175031 0.08397 0.368522 0.154332 : 0.3
0.030155 1 0.869517 -0.539268 0.753862 0.0522209 0.830251 0.532489 -0.184362 : 0
0.769318 0.679195 0.966118 -0.813344 0.0658274 -0.191807 0.841211 -0.419228 -0.120976 : 0.6
0.969551 0.225918 0.882219 0.0757443 0.877769 -0.753512 0.380337 0.575444 0.670741 : 0.2
0.729567 0.345483 0.94164 -0.712751 0.292163 0.216418 -0.178851 0.923329 -0.740006 : 0.1
0.650562 0.446912 1 -0.609308 -0.592704 -0.573827 0.042846 0.34088 -0.408332 : 0.2
0.549278 0.183246 0.807697 -0.440027 0.449605 0.684019 0.511349 0.568594 0.641562 : 0.4
0.549214 0.462685 0.873534 -1 0.243781 -0.190412 0.516028 0.579384 -1 : 0.4
0.620826 0.64779 0.916948 -0.666087 -0.0820888 -0.629368 0.645676 -0.00012809 -0.506738 : 0.2
0.687684 -0.0624967 0.908835 0.0665929 1 -1 0.875208 0.694979 0.892182 : 0.2
0.478159 0.680636 0.86622 -0.63752 -0.34383 -0.343192 0.935597 -0.10057 0.0147804 : 0.2
0.803189 0.280015 0.96546 -0.787013 -0.410376 -0.136773 0.307422 1 0.23569 : 0.4
0.594625 0.328393 0.798904 -0.679871 -0.197814 -0.390175 1 0.514003 0.148561 : 0.3
0.58753 0.520138 0.88409 -1 0.0631356 -0.239712 -1 0.902829 0.282755 : 0.5
0.567049 0.599335 0.915405 -0.687987 -0.687844 -0.344421 0.995273 -0.703591 0.541171 : 0.3
0.796809 0.191453 0.646578 -1 -0.0828667 -0.344739 0.950544 -0.00189694 -1 : 0
0.390202 0.686548 0.991104 -0.544538 0.673212 -1 0.170797 0.862106 -0.258774 : 0.1
0.791713 0.892792 0.60616 -0.832902 0.055273 -0.604826 0.479236 0.54299 0.450201 : 0
0.787368 1 0.775239 -0.793488 0.583767 0.172933 -0.047141 0.570874 -0.016811 : 0.1
0.710274 0.771926 0.690416 -0.169088 0.0669653 -1 -0.648166 0.390003 0.500701 : 0.1
0.721779 1 0.591358 1 1 0.0208878 0.32286 0.508355 1 : 0.1
0.532103 0.34377 0.802326 -1 0.30301 -0.632953 0.615314 -0.294643 1 : 0.2
0.874231 0.320142 0.873033 -0.271308 0.885493 -0.574128 0.20451 0.9834 -1 : 0.4
0.945015 0.499184 0.849139 -0.724321 0.0180641 1 -0.710909 -0.0873821 1 : 0.2
0.731698 0.480722 1 -0.438008 0.18856 -0.166263 0.632029 -0.0725731 0.411841 : 0.4
0.506479 0.385068 0.791189 -0.35909 -0.549825 -0.35964 0.556231 0.283153 0.273471 : 0.1
0.519809 0.523371 0.8487 -0.466659 1 -0.26001 0.659603 -0.202495 -0.837348 : 0.4
0.591702 0.294671 1 0.252281 -0.0703195 -0.512094 0.589231 0.982062 0.330309 : 0.4
0.451299 0.712037 1 -0.182859 0.232298 -0.324519 0.073995 0.290971 0.0175938 : 0.3
0.631524 0.682954 0.934791 -0.342473 -0.4001 -0.416622 0.581462 0.0825099 0.346267 : 0.5
0.763364 0.41525 0.334118 -0.101751 -0.841787 -0.109423 -1 0.515672 0.383293 : 0
0.575887 0.418465 0.515763 0.346384 0.569758 0.0279923 0.229362 1 0.273865 : 0
0.721047 0.477566 1 -0.791689 0.0748716 -0.312357 0.102722 0.787008 0.721548 : 0.5
0.991227 0.537671 0.561 -0.042689 -0.400808 0.0806296 0.511857 0.401435 1 : 0.1
0.5403 0.0684943 0.736802 -0.698954 0.468258 -0.00692329 0.184944 0.281001 0.742337 : 0.3
0.992211 0.396241 0.81079 -1 1 -0.783354 0.296964 0.690847 -0.172223 : 0.4
0.596307 0.154215 0.752092 -0.0458082 0.138486 -0.890233 0.154939 -0.490283 0.92926 : 0.1
1 0.527231 0.695073 -0.760101 0.711746 -0.743068 0.972597 1 0.310153 : 0.3
0.653439 0.157706 0.648334 0.177662 -0.237189 -0.656329 0.873514 0.542255 0.0506644 : 0.2
0.644763 0.0282168 0.849555 -0.904363 0.336288 -1 -0.32507 0.0820782 0.556574 : 0.1
0.620391 0.26374 0.667332 -0.339197 0.505562 0.109361 -0.0205888 0.108428 0.00931184 : 0.3
0.47828 0.664556 0.850558 -0.503728 -0.149735 -0.215324 0.653185 1 -1 : 0.2
0.459385 0.770635 0.864012 -0.854854 -0.3965 -0.233494 0.723698 -0.424109 0.252828 : 0.1
0.327436 0.399531 0.977654 -0.00408602 -0.329212 -0.497043 0.159378 0.919912 0.355183 : 0
0.803716 0.333947 0.57824 -0.25925 0.57165 -0.382014 0.531073 -0.555559 -0.276321 : 0.3
0.728015 0.357075 0.832805 -1 -0.047848 -0.229615 0.988673 -0.493757 0.766499 : 0.4
0.548455 0.570522 0.713565 -0.318047 -1 -0.978777 -0.0816149 -0.314816 -0.150233 : 0.1
0.882843 0.416784 0.923813 0.405332 0.120558 0.0943032 -0.769609 0.495782 -1 : 0.4
0.490007 0.634653 0.79953 -0.109349 0.26345 0.376903 0.206634 0.913266 1 : 0.1
0.690162 0.415037 0.945248 0.573336 -0.0513592 -0.264662 0.835331 0.552317 -0.317747 : 0.2
0.553262 0.299546 0.965639 0.48234 0.099321 0.140233 1 0.336724 -0.362589 : 0.5
0.782928 0.103223 0.699168 -0.0453975 -0.0546283 -0.151223 0.462832 0.830247 -0.286574 : 0.4
0.805768 0.59848 0.949863 -1 1 -0.175233 0.423556 0.355001 0.114615 : 0.5
0.837137 1 0.918288 -0.71961 0.998274 -1 0.396106 0.722612 -0.653381 : 0.1
0.9121 0.368224 0.941139 -0.492936 0.398864 0.578997 0.630892 0.274833 -0.519677 : 0.3
0.59109 0.760166 0.812252 -0.238897 0.334865 -1 0.0637248 -0.699478 -0.056038 : 0.4
0.634497 0.536043 0.70339 -0.824311 0.37236 -0.758751 0.797364 0.123882 0.992138 : 0.5
0.522247 0.408971 0.933294 -0.94181 -0.113427 0.351708 -0.342008 0.613505 -1 : 0.3
0.582532 0.727769 0.84505 -0.907298 -0.106059 0.0963284 1 0.952733 -0.0962645 : 0.6
0.470048 0.586317 0.976731 -0.473032 -0.41636 -0.754062 -0.274532 0.0708124 0.975448 : 0.2
0.763429 0.52583 0.852058 -0.759601 0.414099 -0.034304 0.264943 -0.833809 0.410837 : 0.5
0.16732 0.157098 0.880436 -0.427611 -0.215428 -0.581011 0.545483 0.455854 0.15167 : 0.5
0.444198 0.450874 0.996595 -0.393138 -0.100554 1 0.832294 -0.626347 0.0588234 : 0.5
1 1 0.984667 -1 0.135277 -0.852569 1 0.593952 1 : 0.1
0.729072 0.553111 1 -0.923477 0.798864 -0.133164 0.171094 -0.219591 0.792605 : 0.2
0.72405 0.433034 0.945342 -0.365325 1 -0.197513 0.179433 0.502321 -1 : 0
0.69041 0.106549 0.873618 -0.430062 -0.209579 0.732516 0.36715 -0.771521 -0.327845 : 0.1
0.798819 1 0.636517 -0.140221 -0.00964288 -1 0.679822 0.77443 -0.221479 : 0.1
0.189113 0.605924 0.837759 -0.803457 0.0507379 0.666642 0.629963 0.236609 -0.0250131 : 0.1
0.555811 0.664875 0.791869 0.150332 1 -0.373975 0.680393 -0.151737 -0.0547623 : 0
0.0720119 0.928348 0.992973 -0.202116 0.257324 -0.0616658 0.140889 -0.875378 0.592544 : 0.1
0.381186 0.555357 1 -0.688329 0.942092 -0.27304 -0.220478 0.268716 -1 : 0.1
0.385444 0.332489 0.823848 -0.705503 0.234189 -0.557789 0.553017 0.630078 -0.00308944 : 0.3
0.958537 0.809535 0.827497 -0.631189 1 -0.501983 0.762433 -0.0735752 0.324117 : 0.3
0.597263 0.725614 0.576847 -0.494754 0.254959 -0.106237 0.804096 0.393891 -0.145765 : 0.2
0.466129 0.403037 0.988504 -0.297545 0.985036 0.106192 -0.276906 0.442773 0.974109 : 0.1
0.605389 0.675657 0.7038 -0.796911 1 -0.611142 0.474162 0.269211 -0.0468739 : 0.2
0.645963 0.424182 1 0.477293 -0.883394 -0.283427 0.267821 -0.645903 0.254838 : 0.4
0.424825 0.652795 0.772973 -0.49323 -0.342673 -0.0586826 0.393492 1 0.0241334 : 0.3
0.73139 0.66033 1 -0.535356 -1 -0.18133 -1 0.365142 1 : 0
0.599961 0.696956 0.733454 -0.951472 1 0.230031 1 0.975253 0.0513497 : 0.2
0.580169 1 0.952549 -0.251197 0.439691 -1 0.47175 0.351414 -0.198168 : 0.1
0.38889 0.214008 1 -0.719078 1 0.169887 0.707222 0.325495 0.026758 : 0
0.985448 0.706587 0.993587 -0.569794 0.569163 -0.595351 0.0682666 0.178969 1 : 0.5
0.706251 0.68441 0.81668 -0.350461 0.0366485 -1 -0.00865024 0.0218953 0.215856 : 0.2
0.90092 0.338788 0.83425 -0.20038 0.18628 0.199757 -0.267765 0.264993 -0.032279 : 0.4
0.622599 0.309486 1 -0.934096 0.111048 -1 -0.875473 0.50176 -0.0866614 : 0.4
0.522317 0.374877 0.975224 -0.285982 -0.36701 -0.717714 0.789613 -0.166036 -0.0521961 : 0
0.601393 0.353534 0.977274 0.73939 0.0514823 -0.151901 0.443438 0.455523 0.883205 : 0.4
0.600582 0.947078 0.817894 -0.234508 0.304676 -1 0.962572 0.568143 0.102135 : 0.1
1 0.463319 0.836413 -0.0339633 0.638116 -0.0226458 -0.0388724 0.397514 0.237083 : 0.3
0.49299 0.849785 0.871918 -0.00725138 0.324921 -0.807308 1 -0.0720004 -0.806206 : 0.1
0.645233 0.475377 0.960066 1 -0.796035 -0.698725 -1 0.412331 1 : 0.3
0.969778 0.51142 0.904605 -0.843414 0.304527 0.209586 0.172227 0.317904 0.501399 : 0.5
0.314604 0.352638 0.98578 -0.158171 -0.239113 1 0.704143 0.562753 0.264547 : 0.1
0.590761 0.744742 0.948443 -0.0944341 0.299738 0.0398817 0.482551 0.202016 -0.0300962 : 0.1
0.740041 0.490151 0.994768 -0.414417 -0.249506 -0.447977 -0.534704 -1 0.571417 : 0.5
0.570042 0.400303 0.725098 -0.557607 -0.189992 -0.451718 0.937099 1 -0.266205 : 0.3
0.603264 0.836532 0.575749 -0.462045 0.140771 -0.634337 0.859102 0.58083 0.823721 : 0
0.741129 0.298592 1 0.229391 0.485368 -0.213244 -0.342941 0.761975 0.263361 : 0.2
0.821176 0.527087 0.826683 -0.161065 -0.749257 0.134364 1 0.149714 -0.0479909 : 0.5
0.570533 0.553143 0.97013 -0.816099 0.283138 1 -0.608762 -0.013037 -0.19593 : 0.1
-0.0289712 0.551597 0.892435 -0.345777 0.0387261 -0.697952 0.262205 0.116727 1 : 0
0.230454 0.572483 0.980803 -0.018037 0.15875 0.742583 -0.531229 0.556786 0.353023 : 0
0.428198 0.585152 0.786041 -0.834504 -0.181701 -0.704505 0.895524 0.84956 -0.226578 : 0.4
0.760146 0.228969 0.844571 -0.680173 0.118291 0.558797 -0.566708 0.437737 0.908944 : 0
0.585497 0.472184 0.881917 -1 -0.361696 -0.532497 1 0.995862 -0.886084 : 0.4
0.641524 0.375629 0.858913 -0.577185 0.104445 0.050239 -0.302573 -0.347788 -0.273907 : 0.2
0.659792 0.39317 0.876405 -0.788074 0.77692 0.221191 1 0.287879 0.203686 : 0.5
0.644726 0.72092 0.818059 -0.143604 0.0781227 -0.507134 0.537028 1 -0.22565 : 0.1
0.883685 0.590454 1 -0.846583 0.259274 -0.205411 0.409377 0.172911 -0.0695547 : 0.4
0.544411 0.874513 0.968449 -0.363136 -0.398337 -0.551971 0.760944 -0.258486 -0.298979 : 0.1
0.709608 0.0989541 0.826443 -0.724184 -1 -0.832609 0.576927 0.109467 0.594243 : 0
0.730027 0.403315 0.948536 -0.341028 0.626601 -0.542969 0.354632 -0.0271782 -0.790066 : 0
0.511477 0.690845 0.858914 -0.479457 0.0931198 0.0317564 0.72214 0.806778 -0.24051 : 0.1
0.561704 0.46045 0.455833 -0.0860965 -0.66454 -0.0715977 0.293893 0.476009 0.110119 : 0.4
0.699385 0.339318 0.459837 -0.818498 0.641821 -0.33032 0.632309 -0.49766 -0.0919726 : 0.4
0.712357 0.430434 0.853968 -1 -1 -0.271139 0.711135 0.121243 -0.0823893 : 0.4
0.409971 0.30859 1 -0.749793 0.663952 0.178717 -0.413097 0.13366 0.252786 : 0
