1 0.393553 0.896025 -0.00375497 0.010485 0.660018 0.192026 0.346026 -0.2698 : 0.2
0.602742 0.380139 0.78135 -0.90394 0.195216 -0.312352 0.29952 0.725124 -0.752136 : 0.5
0.733045 0.390841 0.884111 -0.544215 0.15011 0.260214 0.558844 1 0.588612 : 0.5
0.649055 0.467978 0.858689 -0.766155 -0.187373 -0.463717 0.907788 0.0168909 0.796317 : 0.2
0.649874 0.380543 0.840086 0.235888 -0.0547059 -0.702055 0.238238 0.176588 -0.511816 : 0.3
0.653513 0.386764 0.854081 -0.75106 -0.0101973 0.438689 0.514089 0.639748 -0.0975679 : 0.4
0.769997 0.271502 0.824558 -0.108126 -0.375834 -0.52017 0.569975 0.313543 1 : 0.5
0.61979 0.393423 0.628549 -0.954277 -0.228936 0.374694 1 0.810374 0.161482 : 0.6
0.821638 0.387948 0.92595 -0.841614 0.108858 -0.272297 -0.0300834 1 0.160482 : 0.5
0.652288 0.454231 0.903111 -0.209635 -0.233613 -0.355588 0.315779 0.396898 0.340579 : 0.8
0.764226 0.451266 0.820513 -0.61729 -0.577986 -0.283426 -0.0332496 0.00887953 0.263827 : 0.7
0.554921 0.367502 0.812386 -0.678582 -0.40258 0.301738 0.453052 -0.0732038 -0.0681843 : 0.5
0.694467 0.395014 0.786174 0.109249 -0.890046 -0.353445 0.831816 1 0.1415 : 0.3
1 0.434433 0.729942 -0.46177 -0.533314 1 -0.148899 -0.0919413 0.0850445 : 0
0.658039 0.325375 0.870319 -0.602227 -0.201213 -0.340906 1 0.28948 -0.756304 : 0.4
0.599654 0.337872 0.9198 -0.43222 -0.518077 0.0870473 0.614734 0.598721 -1 : 0.6
0.665873 0.517343 0.682602 -0.684548 -0.374085 0.126189 0.320697 -0.712798 0.745367 : 0.3
0.744007 0.482395 0.968322 -0.785426 -0.286199 -0.0751438 0.635835 0.0263772 0.0988781 : 0.6
0.481677 0.395987 0.88953 -0.822852 0.273308 -0.0619628 -0.217002 0.52986 0.448244 : 0.4
0.618478 0.885381 0.864999 -0.502191 -0.410625 -0.435623 0.344829 0.430542 0.687864 : 0.1
0.609233 0.248481 0.701876 -0.437131 -0.0769785 -1 0.995539 0.108528 -0.565709 : 0.5
0.546731 0.456127 0.574439 -0.500175 -0.391195 0.0814398 0.440697 0.638728 0.154342 : 0.3
0.620082 0.457447 0.830999 -0.631798 -0.347003 0.0958982 0.598331 1 -0.568165 : 0.4
0.635355 0.599477 0.72777 -0.495896 -0.0687556 -0.283597 0.535717 0.856767 0.504992 : 0.3
0.642443 0.46863 0.778362 -0.423189 -0.334002 0.323927 1 -0.223981 0.138906 : 0.6
0.776775 0.24051 0.888381 0.403615 -0.44729 -0.249462 1 1 0.323752 : 0.3
0.592365 0.495908 0.872969 -0.565938 -0.570961 -0.938918 0.428617 0.260339 -0.10431 : 0.2
0.637344 0.462302 1 -0.69116 0.0864197 -0.699574 0.437249 0.546564 0.380429 : 0.3
0.750456 0.381437 0.839508 -0.465677 -0.279152 -0.186083 0.762849 0.507201 0.653164 : 0.4
0.676836 0.642522 0.839396 -0.739528 0.488878 -0.167023 0.289871 0.354162 -1 : 0.4
0.637861 0.215579 0.599389 -0.787804 -0.0806354 0.59954 0.0436861 -1 1 : 0.3
0.631523 0.515111 0.791459 -0.353038 -0.0862938 -0.461777 0.811395 0.756839 0.5121 : 0.6
0.463112 0.404553 0.778531 -0.830537 -0.508833 0.197889 0.405013 0.903635 -0.364309 : 0.3
0.560552 0.326348 0.761881 -0.864371 -0.0517906 -0.305188 0.626655 0.317876 0.183272 : 0
0.49358 0.489503 0.766297 0.101957 -0.767764 0.255199 0.52413 -0.275349 -0.293326 : 0.1
0.498827 0.307802 0.85051 0.469971 -0.71183 -0.474424 0.851924 0.889258 -0.303965 : 0.4
0.648061 0.330408 1 -0.631002 -0.0566996 -0.627658 0.670239 0.310684 0.132678 : 0
0.552506 0.386015 0.952196 -1 0.631783 -0.263148 0.500731 -0.38043 -0.260398 : 0
0.637924 0.363025 0.868887 -0.740067 -0.802451 0.121236 0.860559 0.81716 0.169181 : 0.4
0.724392 0.332075 0.944227 -0.453658 -0.0796609 -0.285846 0.376967 0.31691 0.314669 : 0.5
0.703778 0.39352 0.917022 -0.0343817 -0.160787 -0.550535 1 0.269188 0.653547 : 0.5
0.894379 0.295274 0.821955 -0.182322 0.487901 0.00312403 0.662318 0.792423 -1 : 0.1
0.598132 0.337779 0.735933 -0.512689 -0.689439 0.348303 1 0.308987 0.417012 : 0.3
0.748433 0.428631 0.766638 -1 0.0333827 0.505442 0.289501 0.153812 -0.169315 : 0.6
0.629215 0.362746 1 -0.623067 -0.251406 -0.315807 0.484552 0.296704 0.30584 : 0.5
0.68839 0.347275 0.810253 0.0597153 -0.460494 0.160257 0.531545 0.299267 0.146855 : 0.6
0.49912 0.287698 0.905118 -0.354794 -0.395982 -0.514506 0.849653 -0.469673 -0.768389 : 0.3
0.580342 0.206538 0.905609 -0.179287 -0.0385425 0.0955756 0.163441 -0.345867 -0.380072 : 0.5
0.670077 0.285002 0.850312 -0.857873 -0.704448 0.277971 0.441552 -0.714672 -0.368975 : 0.4
0.677197 0.398566 0.907915 -0.900706 -1 -0.495363 -0.0778625 0.414366 -0.716963 : 0.4
0.556991 0.254482 0.904722 -0.837905 -1 -0.00617045 1 0.390572 -0.0744298 : 0.2
0.620629 0.510217 1 -0.71625 -0.187557 -0.354772 1 0.123122 0.499214 : 0.6
0.52053 0.382944 0.719514 -0.95939 0.0635648 0.713369 0.861485 0.429929 1 : 0.5
0.829078 0.351884 0.807174 0.14142 -0.446511 -0.304247 -0.00111526 0.497419 1 : 0.3
0.679009 0.413365 0.993014 -0.622853 0.216399 -0.295583 0.999517 0.467614 0.98917 : 0.5
0.794138 0.358647 0.841937 -0.0192711 -0.992033 0.188806 0.574842 0.34959 0.184341 : 0.3
0.78361 0.508677 0.884911 -1 -0.680991 -0.553427 0.833043 0.989357 0.280171 : 0.5
0.642744 0.253841 1 -0.940985 -0.533769 -0.343307 -0.382631 0.456809 -0.339846 : 0.5
0.669248 0.338255 1 -0.498453 -0.730067 -0.187366 0.0177062 0.364218 0.790881 : 0.5
0.517692 0.363612 0.770531 -1 -0.247509 0.105561 -0.338909 -0.452317 0.063873 : 0
0.701795 0.35408 0.766995 -0.807566 0.737685 -0.460145 0.716066 0.294804 1 : 0.3
0.716062 0.334316 0.977603 -0.275245 -0.255685 -0.273565 0.0871687 0.433213 1 : 0.2
0.517515 0.453963 0.875026 -0.442418 -0.00862269 0.822918 0.690112 0.131965 -0.226013 : 0.5
0.65256 0.37633 0.808222 -0.428646 0.0778868 -0.133288 0.347043 0.159059 -0.215544 : 0.5
0.635682 0.413086 0.861336 -0.802885 0.105806 -0.0352775 0.698655 0.6028 -0.876718 : 0.4
0.70198 0.45241 0.883077 -0.416379 -0.256876 0.231227 0.639537 -0.131616 1 : 0.5
0.799742 0.295837 1 -1 -0.106745 0.135712 -0.173685 0.0677192 0.110021 : 0.4
0.58769 0.250009 0.847964 -0.965719 -0.471917 0.0486406 0.651293 1 -0.63098 : 0.6
0.613759 0.387003 0.81728 -0.612623 -0.0847107 -0.847718 0.234141 -0.172508 0.555764 : 0.4
0.598565 0.425278 0.890676 -0.442099 0.0885616 -0.230277 0.355442 0.252008 -0.527037 : 0.6
0.749175 0.344888 1 0.167601 -0.288983 -0.605931 0.934096 0.704606 -0.0814684 : 0.3
0.626868 0.48392 0.94822 -1 -0.11185 0.0275461 0.0456268 0.435425 0.432663 : 0.3
0.607686 0.349164 0.586731 0.269751 -0.324135 -1 0.0981616 0.479028 -0.480881 : 0.1
0.666571 0.390323 0.810739 -1 0.370469 -0.984328 -0.894266 0.186196 -0.339918 : 0.4
0.648936 0.438349 0.833543 -0.513848 0.0397196 1 0.349885 0.37517 0.269229 : 0.2
0.577114 0.468411 1 -0.678171 -0.580635 -0.571082 1 1 -0.456174 : 0.4
0.571568 0.303065 0.843516 -0.944007 -0.887786 0.297786 -0.0762654 -0.338283 -0.0209598 : 0.2
0.492661 0.415231 0.859918 -1 -0.0453564 0.0512657 0.712825 0.119725 -0.100862 : 0.2
1 0.334183 0.905255 -0.440178 -1 0.269951 0.2177 0.334173 0.010936 : 0.2
0.674718 0.470464 0.945818 -0.420109 1 -0.353196 0.322895 -0.380166 0.204071 : 0.1
0.658715 0.339647 0.941289 -0.70411 -0.453042 0.400733 0.319156 0.507695 -0.499774 : 0.3
0.630677 0.300743 0.689375 -0.474373 -0.369517 0.332645 0.502139 0.428107 -0.681609 : 0.6
0.597641 0.332772 0.808336 0.390593 -0.589917 -0.22438 -0.163402 0.52917 0.479038 : 0.4
0.571187 0.587396 0.830722 -0.118031 -0.752858 -0.284782 1 -0.463573 0.0533689 : 0.3
0.552341 0.437877 0.753261 -1 -0.472784 -0.335208 0.248403 -0.303376 1 : 0.1
0.679825 0.364594 0.920182 -1 -0.137319 -0.017691 -0.564454 -0.266604 0.552863 : 0.4
0.56589 0.433206 0.726443 -0.939736 -0.731013 0.133296 0.628449 0.736967 0.234901 : 0.4
0.689802 0.426273 0.964534 -0.708284 -0.251767 0.201996 0.540863 -0.494587 0.118063 : 0.3
0.616489 0.1555 0.93624 -0.688969 0.239841 -0.222048 -0.0351655 0.907788 -0.46244 : 0.4
0.759555 0.470423 0.939796 -0.650661 -0.562037 -0.618401 0.50854 0.579774 0.282414 : 0.4
0.616248 0.415129 0.870339 -0.667021 -0.208774 -0.0141226 0.56086 0.0351817 -0.020576 : 0.7
0.576617 0.47269 0.908196 -0.128705 0.713729 -1 0.35869 -0.0365942 -0.151442 : 0.2
0.546065 0.319868 1 -0.975087 -0.270075 -0.0882764 0.0707583 0.512607 1 : 0.4
0.617261 0.302816 0.878191 -0.784837 -0.345071 -0.252153 1 0.381289 -0.0687187 : 0.3
0.750622 0.427221 0.85803 -0.684263 -0.169521 0.603044 0.453567 0.382989 -0.489342 : 0.4
0.567319 0.316514 0.821491 -0.72009 -0.998638 0.272088 0.498941 1 1 : 0.2
0.679845 0.309545 0.954636 -0.362592 -0.36135 -0.495777 0.611187 -0.0334291 1 : 0.4
0.525922 0.405859 0.7195 -0.9094 -0.785166 -0.251676 0.356858 -0.138548 0.192651 : 0
0.554043 0.32944 0.968979 -0.117028 -0.546085 -0.309891 -0.302906 0.181121 -1 : 0.4
0.57703 0.30272 1 -0.171269 -0.169288 -0.154326 0.115563 0.351298 0.252186 : 0.5
0.752199 0.482335 0.873528 -0.941391 -0.179675 -0.0426246 0.250213 -0.347569 0.628513 : 0.4
0.649283 0.43749 0.800703 -0.911241 -0.160102 -0.0839859 0.671127 1 1 : 0.1
0.54489 0.340795 0.873343 -0.585351 -0.123784 0.208934 0.617191 0.351237 0.160094 : 0.7
0.814953 0.583289 0.833184 -1 -0.236478 -0.723804 -0.233137 0.233384 0.27266 : 0.5
0.636323 0.507517 0.947043 -0.517976 -0.106968 0.0987032 0.360547 0.0924709 0.987905 : 0.3
0.582996 0.267386 0.807441 -0.661061 -0.555129 -0.343549 0.778758 0.317208 -0.399033 : 0.5
0.632434 0.294161 0.827145 -0.00748301 -0.756938 0.197328 0.568455 0.376982 0.0861385 : 0.3
0.72626 0.234115 0.988299 -1 -0.49333 0.0578501 0.309963 -0.00907712 -0.152527 : 0.5
0.589754 0.485759 0.843038 -0.0994438 -0.235349 -0.54138 0.440984 0.15665 1 : 0.4
0.835405 0.375703 0.8155 -1 -0.197315 0.136663 0.351582 -0.459981 -1 : 0.5
0.60501 0.444201 0.8772 -0.764731 -0.18842 -0.175502 -0.242587 0.653308 0.237104 : 0.5
0.725858 0.373917 1 -0.722704 -0.0220733 0.130442 0.0274088 0.229446 0.99935 : 0.5
0.608558 0.372496 0.697741 -0.435056 -0.469326 0.534133 0.150859 0.0419217 0.465451 : 0.1
0.569107 0.32719 0.981218 -0.502615 -0.580481 -0.522301 0.316958 0.360161 0.609714 : 0.3
0.618311 0.364281 0.818779 -0.51647 -0.373141 -0.193697 0.420999 0.167278 -0.132462 : 0.3
0.652023 0.509095 0.883421 -0.810099 0.136355 -0.436147 0.985979 0.411665 -0.0697439 : 0.6
0.671744 0.571437 1 -0.439637 -0.214299 -0.194727 1 -0.83272 0.921291 : 0.6
0.584616 0.30456 0.956516 -0.647924 -0.327441 -0.673297 0.925193 0.696526 0.386466 : 0.4
0.625041 0.431312 0.933352 -0.713277 -0.48459 -0.376219 0.404011 0.484007 0.149551 : 0.4
0.671073 0.473038 0.663448 -0.703144 -0.362886 -0.0265101 0.249403 0.22169 -0.520609 : 0.4
0.614924 0.332065 0.805811 -0.601159 -1 -0.411933 0.0802884 0.368629 1 : 0.4
0.611699 0.417282 0.867431 -0.831037 -0.414603 0.0201007 0.147842 -0.045989 0.353258 : 0.4
0.772472 0.623534 0.826581 -0.786399 -0.458493 0.216 0.554455 0.693529 -0.685642 : 0.4
0.690514 0.548497 0.932246 0.283757 -0.122859 -0.173231 0.977496 0.0836053 0.281745 : 0.2
0.536735 0.405545 0.296509 -0.522926 -0.370095 -0.322254 1 0.733937 0.328857 : 0.1
0.602356 0.0917616 0.746551 -0.932722 -0.765421 -0.753154 0.428991 0.0377224 0.273459 : 0
0.6112 0.314116 1 -0.889261 -0.364958 0.715266 0.841378 0.183894 0.306808 : 0.5
0.774826 0.375943 0.914862 -1 0.304928 -0.560365 0.280235 0.36971 -0.736606 : 0.4
0.440144 0.557399 0.865628 -0.443205 -0.242859 0.285766 -0.163979 0.712417 -0.409688 : 0.1
0.733847 0.386121 0.324572 -0.328211 -0.0592008 -0.230782 0.160281 0.754818 0.502721 : 0.3
0.556778 0.3391 0.787249 -0.727651 0.213719 -0.369539 -0.113706 0.452219 0.0875797 : 0.6
0.566479 0.355044 0.816857 0.164117 -0.323141 0.4155 -0.0542354 0.591731 1 : 0.3
0.663895 0.368897 0.675708 -0.930257 -0.455366 -0.197375 -0.0109515 0.547595 0.442994 : 0.6
0.6368 0.437101 0.755167 -0.664293 -0.464771 -0.28731 -0.025663 0.529054 -0.0650203 : 0.6
0.513627 0.45837 1 -1 -0.228506 0.479662 0.674679 -1 0.844612 : 0
0.593347 0.385356 0.832698 -0.170685 -0.017284 -0.741295 0.580413 -0.160247 1 : 0.4
0.551601 0.397247 0.805087 -1 -0.172232 0.204156 0.610897 1 0.0322391 : 0.4
0.736231 0.415982 0.885293 0.346568 -0.340477 -0.300498 0.177203 0.5712 -0.600945 : 0.3
0.74249 0.428594 0.946693 -0.756018 -0.294654 -0.183166 0.591752 -0.314432 0.225104 : 0.3
0.70026 0.404928 0.80701 -1 0.00682709 0.00302832 0.405209 0.224314 -0.289434 : 0.3
0.578558 0.218097 0.877032 -0.670827 -0.0103458 -0.46842 0.456256 -0.0416398 0.473423 : 0.5
0.620901 0.305201 0.86932 -0.821902 -0.0759004 0.488755 0.464435 0.72133 0.501444 : 0.4
0.68299 0.42718 0.825973 -0.68831 -0.337784 -0.0962045 -0.585204 -0.405775 0.157602 : 0.1
0.652574 0.259394 0.789948 -0.667594 0.171917 0.21922 0.531254 0.847119 1 : 0.3
0.630889 0.509385 0.85886 -0.5911 -0.332348 1 0.293434 -0.321333 0.789689 : 0.1
0.647364 0.309556 0.816466 -0.732926 -0.245327 -0.701739 0.115118 0.437559 0.788269 : 0.2
0.755167 0.454926 0.769504 -0.701018 -0.0557923 -0.544072 0.534801 0.539358 -0.169557 : 0.4
0.616116 0.283212 0.940774 -0.95963 -0.375996 0.252932 0.650648 0.0667352 -1 : 0.5
0.786596 0.431943 0.873076 -0.379883 0.389575 0.0652052 0.468686 0.281176 0.610015 : 0.5
0.581053 0.287446 0.831625 -0.825216 -0.321676 -0.0144855 1 0.0629162 -0.119282 : 0.4
0.747917 0.369459 1 -0.520541 -0.096599 -0.0500821 0.0374305 -0.640042 -0.0769809 : 0.6
0.586509 0.250622 0.89072 -1 -0.659416 -0.0569219 0.466525 0.788446 -0.207832 : 0.3
0.543845 0.314666 0.904564 -1 0.0939175 0.101009 0.351033 0.0827312 -0.0461786 : 0.5
0.863382 0.460733 0.788834 -0.648183 -0.194911 -0.390849 -0.845256 0.547245 0.119287 : 0.5
0.602056 0.442934 0.495007 -0.284856 -0.918832 0.31702 0.691383 0.310412 0.774893 : 0.5
0.60837 0.170262 0.803839 -0.946723 0.038322 -0.181057 0.251962 -0.239901 0.470392 : 0.4
0.608395 0.397834 0.78523 -1 -0.429144 0.0407499 0.401651 0.723876 -0.486515 : 0.4
0.917004 0.374646 0.817848 -0.688993 0.509276 0.340746 -0.0520891 0.321944 -0.110274 : 0.4
0.648488 0.392462 0.863029 -0.575241 0.273422 -0.372031 0.164061 -0.914018 0.155504 : 0.2
0.616754 0.505085 0.94573 -0.766957 -0.196023 -0.0912883 0.162608 0.341734 -0.592329 : 0.4
0.621153 0.246724 0.95382 -0.349906 -0.207291 -0.87248 0.492492 -0.224889 0.227379 : 0.4
0.768812 0.576578 0.84766 -0.843837 -0.839647 0.48658 0.791808 0.545851 -0.432219 : 0.4
0.615628 0.536256 0.833106 -0.754044 -0.0904444 0.437434 0.426563 -0.172233 -0.572695 : 0.5
0.619464 0.349238 0.838456 -0.542353 -0.441232 -0.522394 -0.129965 0.38279 1 : 0.4
0.589482 0.345062 0.850869 -0.965301 -0.379003 0.127451 0.428367 -0.12787 0.0545641 : 0.4
0.532999 0.29936 0.872815 -0.0573562 -0.698669 0.33901 0.458028 -0.333146 -0.252932 : 0.5
0.581445 0.341792 0.904469 -0.483839 0.869546 0.324417 0.370511 0.986344 -0.338079 : 0.2
0.948541 0.53743 0.848514 -0.990373 -0.245326 -0.41297 0.250491 0.132968 0.0241243 : 0.2
0.646013 0.43776 0.910243 -0.417459 -0.786659 0.287279 0.468344 0.567057 0.159132 : 0.2
0.619884 0.222788 0.929104 -0.975124 0.257563 0.00879735 0.806906 0.565087 -0.706361 : 0.3
0.631251 0.369805 0.866349 -0.81351 -0.771793 0.0342538 0.590123 0.982047 1 : 0.3
0.617391 0.372352 0.893751 -0.425331 -0.415137 -0.0528125 0.574148 0.25124 -0.0131463 : 0.6
0.623503 0.324146 0.81926 -0.0849267 0.0957139 0.0415244 1 0.434666 0.0670986 : 0.4
0.63132 0.305222 0.988806 -0.486554 -0.492228 1 0.702861 -0.189308 0.696383 : 0.1
0.630748 0.353557 0.898685 -1 -1 -0.239968 0.192355 0.329344 0.0816675 : 0.6
0.617984 0.328299 1 -1 -0.0326558 -0.170387 -0.871478 0.114558 -0.369412 : 0
0.540432 0.191329 0.944625 -0.885731 -0.307775 0.0915915 0.419994 -0.0434459 1 : 0.4
0.597316 0.361757 0.758031 -0.29099 -0.739914 0.065393 0.582179 -0.333027 0.130822 : 0.5
0.613233 0.388471 0.81645 -0.61022 -0.13568 0.0495383 0.290938 0.634058 -0.070152 : 0.5
0.538935 0.278378 0.892717 -1 -0.312632 -0.285984 0.987589 0.0946102 0.411595 : 0.4
0.49983 0.423485 1 -0.18402 0.154994 -0.497141 0.885409 -0.339013 1 : 0.3
1 0.253134 0.890517 -0.495611 -0.223869 0.112185 1 0.48312 0.0942892 : 0.4
0.616897 0.607932 0.819944 0.270606 -0.4923 -0.067124 0.979578 0.397193 -0.191163 : 0.3
0.594821 0.309942 0.872158 -0.494967 -0.292976 0.491645 0.668333 0.338741 0.146936 : 0.6
0.55687 0.382662 0.723327 -1 0.29842 0.17798 0.286489 0.347772 0.199206 : 0.7
0.779217 0.451925 0.797983 -1 -0.61858 -0.396147 -0.371051 0.889893 0.00469559 : 0.7
0.674949 0.39622 0.874459 -0.242907 -0.0281744 -0.228934 0.485805 0.0396501 0.0653509 : 0.3
0.770693 0.30338 0.937357 0.442911 -0.563995 0.0368481 0.475589 -0.136121 0.0728189 : 0.4
0.589285 0.524959 0.847325 -0.770816 -0.0581797 0.177827 0.565952 1 0.613426 : 0.5
0.657307 0.369571 0.974792 -0.80876 -1 -0.808204 0.182702 0.454127 -1 : 0.4
0.571043 0.404972 0.826586 -0.706739 -0.278385 -1 0.463006 0.0333955 0.291897 : 0.6
0.596426 0.263296 0.885986 -0.316409 -0.85883 -0.365473 0.0360571 0.448561 0.396494 : 0.5
0.768037 0.467266 0.755979 -0.762094 -0.168212 -0.0293424 -0.390931 0.971497 -0.621412 : 0.5
0.568569 0.267845 0.922096 -0.547944 -0.727889 0.160592 0.681447 -0.230513 -0.200975 : 0.5
0.575561 0.460348 0.828235 -0.542484 -0.56508 -0.0594207 0.755561 -0.255915 0.0674276 : 0.4
0.476086 0.421372 1 -1 -0.167856 -0.302736 0.45836 0.518993 0.958166 : 0.3
0.660163 0.203547 0.754754 -0.88133 0.101873 -0.275815 0.361072 0.421556 0.480319 : 0.1
0.612845 0.362575 0.978394 -0.614645 -0.00647134 0.128067 -0.0793344 0.448292 0.345994 : 0.3
0.621584 0.406939 0.799479 -0.868027 -0.354925 0.0732713 0.508353 0.490854 -0.195936 : 0.5
0.635789 0.39231 0.802759 -0.368942 -0.0617849 0.600235 -0.128222 0.650226 -0.540689 : 0.2
0.643006 0.303457 0.952314 -0.530033 -0.39426 -0.0204988 0.5609 0.222786 0.93308 : 0.6
0.550246 0.44592 0.852136 -1 -0.178048 -0.381442 0.58675 -0.0345847 -0.256202 : 0.4
0.605174 0.371362 1 -0.655877 -0.308647 -0.38654 0.142733 0.270416 -0.0420985 : 0.3
1 0.443663 0.95956 -0.138393 0.0585522 -0.247519 0.616542 -0.0147996 -0.358233 : 0.6
0.640306 0.283966 0.840725 -0.743658 -0.628341 -0.524526 0.854377 0.339211 1 : 0.5
0.62605 0.324033 1 -0.843476 -0.184228 0.253832 0.865042 0.672397 0.0260408 : 0.4
0.617327 0.392904 0.924231 -0.346128 -0.550029 -0.320958 0.130416 0.392216 -0.86326 : 0.4
0.632084 0.309923 0.685405 -0.421467 0.00472391 -0.298769 1 0.393495 -0.935557 : 0.4
0.577511 0.344553 0.850299 -0.0522456 -0.0443881 -0.186051 -0.629474 0.412513 0.540382 : 0.1
0.601746 0.327688 0.849373 -0.361519 -0.598649 0.111651 0.425999 -0.28451 0.690388 : 0.6
0.651912 0.352092 0.831901 -0.733072 0.0436356 -0.239724 0.969939 1 0.633061 : 0.5
0.50733 0.268481 0.845201 -0.425269 -0.60513 0.234688 0.627452 0.114522 0.00197947 : 0.3
0.607859 0.299076 0.903489 -0.742768 -0.239946 0.148667 -0.541129 0.19278 0.160893 : 0.4
0.670741 0.286192 0.735516 -0.388245 -0.363933 -0.553593 1 0.718209 -1 : 0.4
0.648981 0.356624 0.74707 -0.678004 -0.424653 -0.854522 0.254441 0.553639 0.362392 : 0.4
0.74261 0.402468 0.483396 -0.580687 -0.584728 -0.188984 1 0.321086 0.354289 : 0.4
0.670449 0.452182 0.847368 -0.640531 -0.219718 -0.611722 -0.269282 0.508826 0.0834959 : 0.5
0.574032 0.581676 0.985248 -0.537312 -0.0396166 0.10071 0.224388 0.346715 0.61049 : 0.3
0.697692 0.33751 0.726153 -0.58299 -0.280657 0.0199498 1 1 0.352807 : 0.2
0.662284 0.30707 0.842194 -0.488974 -0.670655 0.0892955 0.592357 0.27293 -0.146891 : 0.3
0.642913 0.352236 0.722098 -1 -0.336443 -0.278896 0.118896 -1 -0.533717 : 0.4
0.667934 0.328466 0.842165 -0.493039 -0.319643 -0.0242923 0.453428 0.696196 1 : 0.4
0.815331 0.469203 0.934444 0.118562 -0.154154 -0.48532 0.565174 -0.200222 -0.152182 : 0.3
0.612592 0.41807 1 -0.633351 -0.270168 0.230403 0.0698386 0.397526 -0.449291 : 0.5
0.657646 0.325713 0.867848 -0.143975 -0.162709 -0.0625318 0.471588 0.48135 -1 : 0.4
0.585997 0.34258 0.941637 -0.697394 -0.330642 -0.196938 0.621371 0.536227 -0.148675 : 0.3
0.584054 0.542227 0.898608 -0.349902 -0.0817291 -0.278395 0.740134 -0.240619 -0.405262 : 0.5
0.711372 0.463578 0.810952 -0.765003 -0.243761 0.382112 0.310362 0.547303 -0.0101472 : 0.2
0.838941 0.433955 0.874338 -1 -0.226163 -0.380076 0.44506 -0.890315 1 : 0.6
0.964756 0.347777 0.907223 -0.226232 -0.211052 -0.730188 0.475288 -0.10092 0.141404 : 0.3
0.799371 0.464523 1 0.180034 -0.391799 -0.645338 0.753986 -0.435935 -0.708384 : 0.3
0.523816 0.40232 0.845023 -0.602715 0.0588636 -0.200828 0.0965662 0.854287 1 : 0.2
0.659466 0.594292 0.9142 -0.539402 -0.217282 -0.24602 0.712732 0.824458 0.242964 : 0.5
0.576553 0.399505 0.835869 -0.0515952 0.00486087 -0.932793 0.510124 -0.0121604 -0.625855 : 0.4
0.627926 0.298052 0.760501 -0.603046 -0.836756 0.259193 0.411227 -0.469098 -0.0663404 : 0
0.636203 0.349673 0.858054 -0.690435 0.0732345 -0.0750204 0.399553 0.347422 0.997324 : 0.6
0.616224 0.466233 0.819147 -0.586423 -0.253088 -0.403838 0.454354 0.189473 0.521933 : 0.5
0.559 0.317561 0.7905 -0.321799 -0.364138 -0.715207 0.144371 0.602164 0.213508 : 0.4
0.634165 0.506134 0.926914 -0.842179 -0.474016 -0.293423 -0.475879 -0.427829 0.680122 : 0.3
0.567004 0.538647 0.868033 -0.868657 -0.420732 0.495862 0.203142 0.620058 0.317513 : 0.3
0.670708 0.396782 0.903065 -0.00353396 -0.18193 -0.422709 0.222847 1 -0.963066 : 0.5
0.732571 0.556382 0.945861 -0.559208 -0.414173 0.17317 0.146139 0.120835 0.980821 : 0.3
0.955107 0.493693 0.956984 -1 0.0343811 -0.286898 0.351333 -0.162027 0.17997 : 0.3
0.603501 0.301409 0.979543 -1 -0.240558 -0.22656 0.328131 0.312413 0.337061 : 0.4
0.645689 0.33547 0.874048 -0.269085 0.141313 -0.0100547 0.604798 0.547807 -0.755096 : 0.4
0.714814 0.360465 0.863395 0.633421 0.137896 0.941237 0.236979 0.391986 0.217426 : 0.1
0.620527 0.444864 0.830967 -0.978599 -0.620156 -0.0136874 0.126517 1 -0.755282 : 0.1
0.526024 0.160061 0.806626 -0.953857 -0.729399 -0.138615 0.379294 -0.0124261 0.152723 : 0.4
0.66841 0.434622 0.835971 0.178837 -0.18896 0.14907 0.359826 -0.389685 -0.308507 : 0.3
0.646658 0.50432 0.84895 -0.727853 -0.540121 -0.396827 0.0658395 1 0.480295 : 0.3
0.639147 0.0684577 0.652179 -0.483003 -0.478116 -0.417656 0.399029 0.413881 0.231358 : 0.3
0.575111 0.30629 0.84543 -0.901963 0.131736 -0.400869 0.726107 0.1003 0.839204 : 0.5
0.629861 0.356518 1 -0.417564 -0.580608 0.174337 0.327867 0.809346 1 : 0.7
0.484426 0.409824 1 -0.554266 -0.425419 -0.0927212 0.710143 0.15874 -0.217196 : 0.6
0.543861 0.449502 0.939298 -0.851947 -0.230596 0.313419 0.33129 -0.272789 0.16215 : 0.4
0.816144 0.379633 0.886842 -1 -0.413216 -0.0113404 1 0.491743 0.485642 : 0.3
0.759794 0.167617 0.640822 -1 -0.154024 -0.258494 0.778167 0.657852 -0.142254 : 0.5
0.65184 0.284874 1 -0.35764 -0.472815 0.0478404 0.579904 0.385054 -0.464234 : 0.2
0.48528 0.306151 0.973962 -0.394986 0.0727114 0.0740851 0.768014 0.261364 -0.279017 : 0.3
0.715475 0.327265 0.720303 -0.923135 0.238233 0.200441 0.519292 1 0.685254 : 0.4
0.623857 0.491606 0.893579 -0.59873 -0.708496 -0.458394 1 0.142893 0.145879 : 0.3
0.600233 0.360504 0.868011 -1 0.21077 0.348953 0.325697 0.399118 0.130415 : 0.5
0.611796 0.425357 0.991494 -0.7302 -1 -0.333863 0.378836 0.365605 -0.227763 : 0.6
0.6158 0.292922 0.675747 -1 -1 0.555095 0.581212 0.321794 0.00288117 : 0.1
0.727959 0.375646 0.618603 -1 -0.320948 -0.385461 0.822591 0.297401 -0.17971 : 0.3
0.449854 0.194569 0.799387 -0.395845 -0.441138 -0.440398 0.56133 0.0735066 0.444096 : 0.5
0.639178 0.331878 0.76128 -0.834588 -0.273344 0.560266 0.431901 0.061822 -0.0301291 : 0.3
0.664345 0.408937 0.810768 -1 -0.410512 -0.463724 0.45377 -0.446953 -0.907724 : 0.5
0.6548 0.354038 0.868691 -0.830457 -0.399388 -0.452576 0.438732 0.404961 0.568371 : 0.5
0.648922 0.387996 0.730537 -0.896114 -0.604153 -0.389558 0.169328 0.950439 0.46414 : 0.5
0.585714 0.441699 0.875731 -0.202891 -0.191067 -1 0.224264 0.0651053 -0.292948 : 0.5
1 0.430906 0.87211 -1 -0.0553356 0.304469 0.326274 1 0.669871 : 0.5
0.736837 0.449717 0.858883 -0.952897 -0.195638 -0.0399063 0.529855 1 -0.97352 : 0.5
0.553445 0.329787 1 -0.709365 -0.143404 -0.376943 0.477424 0.253395 -0.274498 : 0.4
0.748633 0.415359 0.967877 -0.261885 0.571873 0.901069 0.444699 0.758527 0.0480035 : 0
0.655288 0.3362 0.982468 -1 -0.230725 0.10901 0.596936 -0.192797 0.361256 : 0.1
0.767215 0.366532 0.730316 -0.859879 -0.652834 -0.282912 0.454023 -0.349962 0.170758 : 0.2
0.635589 0.364258 0.848619 -0.763354 -0.305374 -0.183842 0.574673 0.327593 -0.141404 : 0.5
0.6387 0.353944 0.942153 -0.681632 -0.242047 -0.37672 0.371483 0.20707 1 : 0.5
0.651623 0.450412 0.872303 -0.719894 -0.161446 1 1 0.801501 -0.125795 : 0.4
0.520759 0.364596 1 -0.848806 -0.600449 0.377854 0.486228 0.551106 -0.726947 : 0.5
0.630838 0.344177 0.98459 -0.58196 -0.295242 -0.432253 -0.0441742 0.345116 1 : 0.1
0.595936 0.433146 0.864364 -0.272858 -0.206415 -0.245886 0.284549 0.0620769 -0.648559 : 0.6
0.533067 0.358824 0.740644 -0.935132 -0.37633 -0.555462 0.538825 -0.0092822 1 : 0.5
0.570368 0.304636 0.896153 -0.628987 -0.0294432 -0.210632 0.434018 0.489543 0.337971 : 0.7
0.730651 0.348407 1 -1 -0.135591 -0.0568991 1 0.992397 0.902429 : 0.4
0.568855 0.372209 1 -0.563694 0.0411915 0.636483 0.573595 -0.208043 1 : 0.5
0.655904 0.434381 0.81907 -0.634744 0.229635 0.013781 0.8993 0.750885 -0.0861214 : 0.2
0.933142 0.378567 0.936872 -0.914588 0.0355349 -0.235825 0.366265 0.840416 -0.420069 : 0.4
0.695003 0.4164 0.804709 -0.44106 -0.48746 -0.0733145 0.440271 0.954203 0.198083 : 0.5
0.465192 0.371452 0.83664 -0.981169 -0.19341 -0.292204 1 0.183975 0.484285 : 0.4
0.538236 0.411806 0.824265 -0.607275 -0.192693 0.629979 0.457844 0.366916 -0.0810939 : 0.5
0.470465 0.319422 0.88282 -0.639398 -1 0.341264 0.144391 0.351817 -0.18388 : 0.1
0.615849 0.342503 0.562351 -0.63799 0.300148 -0.209925 0.417778 0.389314 0.682594 : 0.4
0.585143 0.0986382 1 -0.976507 -0.194478 -0.0660222 -0.104667 0.360511 0.221291 : 0.5
0.597401 0.442171 0.883559 -0.716569 0.204299 -0.223679 0.55817 1 0.322837 : 0.6
0.618423 0.61558 0.713841 0.013839 -0.416086 -0.303889 0.928523 -0.353799 0.444145 : 0.1
0.651867 0.357531 1 -0.255626 -0.65037 -0.594553 -0.149896 0.483552 -0.73443 : 0.2
0.794923 0.303749 0.992374 -0.748931 -0.569825 -0.10778 -0.422117 -0.470404 -0.15864 : 0.2
0.655714 0.232057 1 -0.804272 0.0935428 -0.535158 0.155639 0.968256 1 : 0.6
0.640398 0.42251 0.826641 0.180448 -0.272051 -0.331341 0.151673 0.993265 0.023425 : 0.2
0.632828 0.407853 0.906746 -0.883535 -0.294153 -0.00333446 0.706124 0.11299 0.232663 : 0.3
0.589812 0.360789 0.813749 -0.540208 -0.0504434 -0.314233 -0.280436 0.528725 0.451642 : 0.4
0.513527 0.498201 0.77792 -0.895243 -0.515622 -0.194283 1 0.769127 -0.0421968 : 0.5
0.732276 0.40373 0.21191 -0.331674 -0.212541 0.0197384 0.762481 -0.469866 0.427928 : 0.3
0.733655 0.488027 1 -0.797693 -0.209988 -0.179902 0.862279 -0.171953 0.572669 : 0.3
0.738614 0.367764 0.870284 0.0682077 -0.0408614 -0.186123 0.676906 -0.112754 -0.184545 : 0.4
0.6002 0.360619 0.744392 0.195323 -0.490644 -0.960109 0.745111 0.655208 -0.212835 : 0.2
0.558812 0.596981 0.765491 -0.670756 -0.486379 -0.485767 0.628289 -0.149737 -0.108594 : 0.1
0.882383 0.327452 0.861133 0.241847 -0.193108 -0.49429 1 -0.498598 0.804651 : 0.4
0.579088 0.448825 0.889868 -0.583685 -0.457607 -0.0308125 0.465962 0.964761 0.497239 : 0.4
0.631716 0.350115 0.817726 -0.670178 -0.522623 -0.245742 0.220896 0.00637435 -0.262102 : 0.5
0.765687 0.277377 0.887882 -0.649346 -0.428099 -0.401122 0.51844 0.197452 -0.127746 : 0.4
0.615613 0.40567 0.963426 -0.0295287 -0.0737248 -0.235237 0.376788 0.312639 0.213463 : 0.4
0.654585 0.364224 0.848485 -0.420413 -1 0.100013 0.511267 1 1 : 0.3
0.617724 0.253558 0.932032 -0.2102 0.150058 -0.204587 0.568108 0.389745 -0.332038 : 0.4
0.609102 0.338023 0.76437 -0.616462 -0.395718 0.0526228 0.550546 0.599276 0.278767 : 0.4
0.604894 0.548062 0.909412 -0.612445 -0.596014 0.839211 0.963438 0.38826 -0.659158 : 0
0.62595 0.411469 0.804571 -0.661727 -0.367908 1 -0.253647 0.768352 -0.529568 : 0.3
0.56611 0.140596 0.788921 -0.750352 -0.440606 -0.883641 0.626888 0.379561 -0.936665 : 0.1
0.644092 0.365964 0.878329 -0.509285 -0.405274 -0.101927 0.0783619 0.304605 -0.156538 : 0.6
0.660762 0.376346 0.814664 -0.877688 -0.17817 0.184604 -0.3098 0.285142 0.794319 : 0.5
0.678483 0.355278 1 0.0219575 -0.369646 -0.319303 0.315898 0.683386 0.969467 : 0.5
0.559072 1 0.927604 -0.800099 -0.377517 0.250226 0.671993 0.234176 -0.60801 : 0.1
0.700115 0.506627 0.984633 0.588139 -0.284046 -0.00449586 0.332373 0.0248485 0.628934 : 0.3
0.713821 0.259687 1 -0.568815 -0.199791 -0.0804312 0.98859 -0.125038 0.286414 : 0.3
0.580492 0.407918 0.851457 -0.915937 -0.101458 -0.542544 1 -0.372669 0.293213 : 0.2
0.554842 0.940822 0.836954 0.180537 -0.478071 -0.00431949 0.592662 1 0.116828 : 0
0.579791 0.266018 0.981108 0.209674 -0.330135 -0.0353742 0.591785 0.671968 -0.168967 : 0.1
0.553205 0.398666 0.927611 -0.0202897 -0.457447 -1 0.361847 0.685866 0.228971 : 0.3
0.554431 0.386991 0.786675 -1 -1 -0.207959 0.263052 0.314162 -0.00510257 : 0.3
0.875794 0.374605 0.852133 -0.712364 -0.220075 -0.106811 0.212996 -0.0440896 0.0217027 : 0.4
0.595855 0.355707 0.768461 -0.0818368 -0.523774 -0.179467 0.483326 1 0.719928 : 0.4
0.53452 0.513386 0.783936 -0.710982 -0.368882 0.230422 0.252989 -0.477278 0.298144 : 0.3
0.961884 0.289589 0.878254 -0.427088 -0.122231 0.440639 1 0.242301 -0.672295 : 0.3
0.676441 0.388521 1 -0.820827 -0.355667 -0.582741 1 0.189358 -0.747882 : 0.2
0.55674 0.381762 0.810008 -1 -0.237098 0.637 0.357763 0.188499 -0.242614 : 0.4
0.774556 0.379303 0.946626 -0.498001 -0.63806 -0.107129 0.580346 -0.0659727 0.507497 : 0.5
0.442265 0.423602 0.918659 -0.134922 0.148229 -0.174391 -0.0220674 -0.186773 0.405568 : 0.6
0.615962 0.339406 0.94768 -0.659645 -0.804948 -0.138662 0.884279 0.388769 -0.241618 : 0.6
0.592863 0.37189 1 -0.834644 -0.227819 -0.429908 1 0.305214 0.37113 : 0.2
0.526409 0.407005 0.943875 -0.197265 -0.0775631 -0.476927 0.785301 0.254582 0.565857 : 0.2
0.610967 0.491101 0.924314 -0.712145 -0.142535 -0.362107 0.755763 0.608495 0.459591 : 0.2
0.829365 0.304635 0.922285 -0.708291 -0.791299 -0.429354 1 -0.0723896 -1 : 0.3
0.585599 0.522808 0.88827 -0.769892 0.761833 0.389758 -0.202319 0.238217 -0.123766 : 0.2
0.693585 0.377977 0.780765 -0.677604 0.421124 -0.0651289 0.711527 0.406861 -0.026837 : 0.3
1 -0.0145775 0.826174 -0.302344 -0.55924 -0.398504 0.120564 0.116545 -0.0395283 : 0.3
0.577256 0.468918 0.836392 0.0822001 -0.174056 -0.98683 0.196051 0.835282 0.639943 : 0
0.552323 -0.00847824 0.896959 -0.498046 -0.27082 -0.243167 0.257994 0.139139 0.378762 : 0.3
0.569246 0.324698 0.874046 -0.407129 -0.891836 -0.0905905 0.464907 0.336446 0.0150388 : 0.5
0.526596 0.145454 1 -0.890955 -0.0886638 0.331526 0.928279 -0.205816 -0.144349 : 0.4
0.445137 0.558229 0.974018 -0.840545 -0.1932 -0.757225 0.836868 0.178116 0.25259 : 0.2
0.532629 0.353858 0.936467 -0.0163249 -0.339059 -0.42588 0.251399 0.71246 -0.152971 : 0.5
1 0.216625 0.909611 -0.244468 0.604178 -0.206592 -0.234451 1 -0.425787 : 0.1
0.579919 0.382098 0.575558 -0.269981 -0.245672 0.349575 0.177149 0.34917 -0.457065 : 0.2
0.571802 0.335791 0.919803 -0.581152 -0.485979 -0.52364 0.620274 0.403684 -0.189162 : 0.3
0.732883 0.403479 0.238816 -0.579943 0.207588 -0.0809816 0.525454 0.576546 0.292492 : 0.2
0.886417 0.477115 0.916515 -0.340765 0.799629 -0.12765 0.473096 0.747412 -1 : 0.4
0.605402 0.551535 0.734838 -0.873991 0.461509 -0.156185 0.529824 0.689803 0.73689 : 0.6
0.75945 0.50395 1 0.133104 0.00331348 -0.434419 1 -0.366161 -0.435352 : 0.3
0.672976 0.332511 0.883772 -1 -0.414398 -0.253094 0.61982 0.173403 1 : 0.3
0.587159 0.449014 0.733551 -0.637416 0.00872815 0.418861 -0.105499 0.4566 -0.291085 : 0.5
0.749041 0.436446 0.869437 -1 -0.432103 -0.510029 0.698115 -0.0281144 1 : 0.3
0.637928 0.388985 0.895173 -0.0998025 -0.695696 -0.271075 0.554876 0.947092 1 : 0.3
0.485652 0.55427 0.875237 -0.891605 -0.488999 0.0680913 0.879011 1 -0.982532 : 0.7
0.594387 0.274922 0.94974 -0.469492 0.606423 -0.282387 0.666341 -0.19971 -0.111996 : 0.3
0.584527 0.377257 0.674753 -0.522702 0.394826 0.420379 0.388746 0.353145 -0.258048 : 0.3
0.633261 0.391459 0.812578 -0.652128 -0.583248 -0.3734 1 0.407826 -0.353782 : 0.4
0.569315 0.441566 0.876974 -0.920824 0.109893 -0.216411 0.374112 -0.365394 1 : 0.4
0.553253 0.321717 0.837719 0.306919 0.575147 -0.359817 0.357191 0.713154 0.279471 : 0.1
0.645483 0.328897 0.814154 -0.373519 -0.556018 -0.289202 0.458649 0.502089 0.827617 : 0.3
0.924357 0.31796 0.776597 -0.0167701 -0.851927 0.256042 0.474225 0.428313 -0.127773 : 0.2
0.663518 0.326399 0.748374 -0.618483 -0.229021 -0.2922 0.0207897 0.418186 1 : 0.4
0.551742 0.346486 0.936065 -0.56039 -0.700342 -0.299635 0.0581975 0.468479 -0.524957 : 0.5
0.683409 0.416527 0.881053 -0.548812 -0.525851 0.130426 0.197822 0.335677 0.202543 : 0.3
0.652192 0.403501 0.832157 -0.642227 -0.54838 -0.299579 -0.60494 0.909839 0.973982 : 0.5
0.709556 0.415249 0.990273 -0.0365204 -0.0860053 -0.412582 0.756965 0.325273 0.66162 : 0.6
0.555218 0.379243 0.892464 -0.548992 -0.028868 0.230182 0.578174 0.497156 0.868786 : 0.4
0.735296 0.289507 0.886489 -0.538111 -0.409353 0.184522 0.510757 -0.0396017 -0.413785 : 0.4
0.623624 0.318178 0.730936 -0.964691 -0.106352 0.0445032 0.477222 -0.0548838 -0.56359 : 0.2
0.478501 0.301134 0.781568 -0.0901389 -0.0625987 0.564103 0.623726 0.302276 0.0762248 : 0.5
0.608373 0.276278 0.903132 -0.682729 -0.448806 0.518439 0.472891 -0.111188 -0.0412505 : 0.2
0.579254 0.260877 0.814408 -0.607314 -0.0899262 -0.163798 -0.645924 0.636754 0.956519 : 0.4
0.751198 0.402984 0.858384 -0.52914 -0.681983 -0.102817 1 0.697944 0.224278 : 0.3
0.625286 0.502873 0.924533 -0.657579 -0.887312 -0.462753 0.150694 0.30536 0.284017 : 0.5
0.793383 0.360789 0.909288 0.230582 -0.432134 -0.339822 0.368582 0.979274 -0.0492598 : 0.4
0.706983 0.349611 0.818143 -0.559514 0.0615228 -0.290184 0.318264 0.371092 -0.149563 : 0.4
0.665845 0.372392 0.909631 -0.444857 -0.619863 -0.374768 0.0540283 0.361069 0.796321 : 0.2
0.656927 0.438587 0.814932 -0.64075 -0.0122083 0.397504 -0.188621 0.127744 0.224506 : 0.3
0.62035 0.123064 0.794457 -0.443174 -0.263365 -0.648983 0.670108 0.178652 -0.141207 : 0.4
0.535207 0.398051 0.972109 -0.184288 -0.821407 0.563257 0.778261 -0.199758 0.0068652 : 0.4
0.555309 0.382589 0.697019 0.0486286 -0.342798 -0.769878 1 0.858802 -0.734161 : 0.3
0.55856 0.24948 0.847696 -0.849401 0.249939 0.542334 0.341148 1 0.853402 : 0.3
0.565198 0.356826 0.902402 -0.459898 0.0755445 0.321173 0.173669 0.346177 0.0423623 : 0.4
0.75387 0.223466 0.882359 0.157301 -0.0620214 -0.353522 0.57361 0.413316 -0.751971 : 0.2
0.604042 0.370655 0.899132 -1 -0.0559676 -0.262469 -0.60063 0.926987 0.702475 : 0.4
0.631991 0.260649 0.845061 -0.866144 -0.370661 -0.403005 0.673253 0.175093 1 : 0.6
0.679648 0.459659 0.913773 -0.690864 -1 0.275852 1 1 -0.194123 : 0.1
1 0.59148 0.540942 -0.497103 1 -0.303339 -0.0815867 0.265239 0.0388197 : 0.1
0.62894 0.374103 0.858168 -0.962679 -0.374284 -0.521587 0.208144 0.332361 0.138445 : 0.3
0.760024 0.410006 0.809857 -0.868083 0.11156 -0.252099 -0.0300383 -0.015247 0.219806 : 0.3
0.658259 0.203557 0.920106 0.0460145 -0.536013 -0.483534 1 0.871449 -0.0845536 : 0.5
0.702083 0.333237 0.903147 -0.416952 -0.487907 -0.341718 0.325059 -1 -0.293705 : 0.4
0.657127 0.352262 0.852844 -0.913749 -0.628835 -0.294182 0.161362 0.926704 -0.523535 : 0.6
0.738524 0.232354 1 -0.868455 -0.140961 0.16956 0.00877523 0.30797 -0.525945 : 0
0.613973 0.415642 0.806425 -0.539408 -0.355696 -0.0376629 0.0428062 0.347743 -0.0864895 : 0.6
0.674384 0.242241 0.707872 -0.283351 -0.537617 -0.377251 0.208431 0.504668 0.82314 : 0.3
1 0.359105 0.861059 -0.954629 0.355329 -0.205841 0.2346 0.433925 -0.863934 : 0.3
0.680583 0.406647 0.895867 -0.0983845 -0.199282 -0.107793 0.909015 0.281988 -0.0430359 : 0.4
0.957674 0.406025 0.840906 -0.0578829 -0.458008 0.17796 0.0935074 0.402547 -0.265998 : 0.1
0.751639 0.459959 0.914374 -0.711898 -0.392279 -0.209951 0.436202 0.108222 1 : 0.5
0.799473 0.343655 0.900201 -0.910716 -0.0119134 -0.651864 0.331694 0.192653 -0.982336 : 0.3
0.656443 0.540496 0.803927 -0.320888 -0.195212 -0.262218 0.022999 -0.200886 -0.21343 : 0.5
0.495798 0.337733 0.919068 -1 -0.292703 -0.00157303 0.244562 -0.0573674 0.326417 : 0.4
0.541363 0.398521 0.926012 -0.94216 -0.857761 -0.0942949 0.650629 0.363032 1 : 0.3
0.639383 0.294148 1 -0.618053 -0.158178 -0.385633 0.261192 -0.0629105 0.101213 : 0.2
0.642881 0.454556 1 -0.609264 -0.637202 -0.550498 0.716134 0.289332 0.0564913 : 0.5
0.651359 0.51445 0.772804 -0.921263 0.176715 -0.487804 1 0.734661 -0.572524 : 0.4
0.608931 0.235081 0.865463 -0.843018 -0.560425 0.321236 0.750252 0.575681 1 : 0.3
0.698586 0.411635 1 -0.223509 -0.167383 -0.439854 0.94491 0.313541 0.392732 : 0.4
0.53907 0.31529 0.900634 -0.803671 -0.13008 -0.259555 0.444269 1 -0.593243 : 0.5
0.794561 0.427503 0.826122 -1 -0.272103 0.000501871 0.597258 0.580234 0.225073 : 0.6
0.619063 0.426623 1 -0.555462 -0.165963 0.257438 0.626438 -0.770068 0.838748 : 0.5
0.715542 0.407482 0.8907 -1 -0.195245 -0.589641 0.521978 -0.158828 0.750501 : 0.4
0.5876 0.259351 0.934119 -0.668572 -0.326057 -0.942548 0.496652 -0.412668 0.472924 : 0.3
0.758492 0.400259 0.863659 -0.495646 -0.187344 -0.321019 0.446993 0.00750531 1 : 0.4
0.535688 0.331214 0.891199 -1 -0.238309 -0.184867 -0.0899585 0.444964 0.436923 : 0.4
0.779439 0.412717 0.867502 -0.862197 -0.723058 -0.338302 0.316024 0.968882 -0.445205 : 0.4
0.597224 0.295203 0.761927 -0.9877 -0.424685 0.133091 0.514637 0.474118 -0.0113506 : 0.4
0.600095 0.383276 0.89735 -0.616611 -0.605369 0.730063 0.537965 -0.164987 0.292212 : 0.4
0.592353 0.336181 0.813752 -0.851247 -0.103918 0.899132 0.401863 0.193516 0.524921 : 0.5
0.967124 0.349707 0.914947 -0.0624907 -0.757908 0.631932 0.647511 -0.140616 -0.28394 : 0.2
0.621242 1 0.902248 -0.74566 -0.41461 -0.529916 0.395797 -0.633655 -0.271361 : 0.2
0.653648 0.453979 0.915528 -0.664044 -0.0584025 -0.697001 0.975783 0.370804 -0.0311742 : 0.1
0.778677 0.280688 0.81697 -0.745566 -0.398921 -0.0809963 1 0.13871 -0.264859 : 0.2
0.649315 0.277049 0.912155 -1 -0.153622 -0.977581 0.469922 0.556246 -1 : 0.2
0.61927 0.42731 0.860104 -0.669436 -0.159972 0.488539 1 -0.0336327 0.438118 : 0.5
0.825444 0.280109 0.500135 -1 0.871848 0.491738 0.848433 0.227626 -0.0989558 : 0
0.612211 0.298196 0.755073 -0.775584 -0.671017 -0.0595331 0.441783 0.307099 -0.470024 : 0.4
0.79344 0.451987 0.976503 -0.707239 0.0685444 -0.0963697 1 -0.759802 0.2468 : 0.3
1 0.349236 0.822121 -0.838168 -0.664514 -0.0810201 0.210736 -0.15345 -0.0518517 : 0.2
0.640814 0.434933 0.889394 -0.462792 -0.467048 -0.375015 0.974321 0.0833641 0.245582 : 0.7
0.682721 0.549937 0.883669 -1 -0.257652 -0.260474 -0.363998 0.0731849 0.474664 : 0.5
0.625518 0.395482 0.806987 0.122632 -0.757446 0.20343 0.340058 0.67615 0.120895 : 0.1
0.64846 0.44332 1 -0.444742 0.115413 -0.196225 0.593198 0.104021 -0.414159 : 0.6
0.477339 0.330722 0.971366 -0.86272 -0.211937 -0.0591983 0.128868 -0.144335 0.683483 : 0.4
0.58303 0.416017 0.877575 -0.450402 -0.229442 -0.481922 0.679405 0.122699 -0.311833 : 0.3
0.587568 0.459085 0.88021 -0.931595 -0.129842 0.698087 -0.417936 0.958742 0.0983074 : 0.2
0.622147 0.400208 0.765347 -0.261263 -0.320218 -0.484262 0.866246 0.241484 -1 : 0.3
0.518991 0.45074 0.916991 -0.815867 -0.0441782 -0.25484 0.526478 0.722849 -0.248451 : 0.5
0.603143 0.248778 0.766953 -0.833967 -0.379278 -0.0369148 0.668267 0.507066 -0.240071 : 0.4
0.713095 0.382819 0.895715 -0.48922 -0.302748 -0.174141 1 0.315738 0.313264 : 0.6
0.676503 0.339189 0.909713 -0.795258 0.0643086 -0.223226 0.457753 0.337841 0.229664 : 0.5
0.594452 0.121844 0.790298 -0.667386 -0.418443 0.315795 -0.0591745 0.446719 0.0674714 : 0.5
0.674662 0.409252 1 -1 0.14555 0.372126 -0.579407 -0.186565 0.431541 : 0
0.479479 0.332493 0.909218 -0.863279 -0.0536269 -0.332564 0.817655 -0.117108 0.255395 : 0.4
0.690849 0.378372 1 -0.742404 -0.0972897 0.0211684 -0.668925 -0.786115 1 : 0.2
0.501061 0.305039 0.828737 -0.607597 -0.0385238 0.603558 0.435043 0.390708 -0.244152 : 0.5
0.626355 0.24184 0.816278 -0.556355 -1 0.568327 0.737383 0.949701 1 : 0.5
0.559083 0.603367 0.636688 -0.519352 -0.186742 0.362568 0.329962 0.352813 0.111202 : 0.3
0.716399 0.439119 0.735848 -0.425765 -0.604267 -0.204907 0.0841528 0.445269 0.729443 : 0.6
0.67361 0.485489 0.897352 -0.745876 -0.450864 -0.411635 0.615108 -0.0596126 -0.114382 : 0.2
0.70787 0.391251 0.787887 -0.129633 -0.834146 0.326428 0.399225 -0.192746 -0.473849 : 0.2
0.603381 0.356169 0.767268 -0.851146 -0.377716 0.0186082 0.675182 0.260669 -0.509319 : 0.3
0.689496 0.213032 0.988209 -0.718771 -0.259295 0.657723 -0.385568 0.456559 -0.494664 : 0.3
0.474739 0.455703 0.864411 0.0808975 -0.424909 -0.202687 0.935803 0.712041 0.444709 : 0.3
0.603345 0.301464 0.876146 -0.30534 -0.513599 0.186066 0.496524 0.343922 0.0894147 : 0.4
0.619417 0.360959 0.830875 -0.230611 -0.52924 0.376377 0.44168 0.883264 -0.372758 : 0.2
0.833587 0.53811 0.670303 -0.686344 -0.122724 -0.432204 0.503477 0.7816 -0.212226 : 0.8
0.612043 0.30074 0.867341 -0.957241 -0.0302871 0.0630075 -0.130828 0.381059 0.296802 : 0.4
0.573938 0.344321 0.752134 -0.541947 -0.0705591 0.267069 0.440757 0.0678967 0.518313 : 0.5
0.561651 0.234681 0.82385 -0.829243 -0.23877 -0.00220418 0.360935 -0.490777 -0.349542 : 0.3
0.552776 0.174448 1 -0.923618 -0.586882 0.242497 0.193144 0.849271 1 : 0.5
0.597046 0.301858 0.845255 -0.442693 -0.672654 -0.577305 0.132767 -0.0218501 -1 : 0.5
0.670584 0.280992 0.899513 -0.789351 -0.0295678 -0.132236 0.0858005 0.283327 0.306511 : 0.4
0.572548 0.302188 1 -0.916581 -0.189242 0.660049 -0.332261 0.197235 0.523148 : 0.1
0.625927 0.365587 0.749931 -0.982363 0.101432 -0.384036 0.970807 -0.0828572 -0.872567 : 0.5
0.590969 0.365251 0.757712 -0.731662 -0.310092 -0.160235 0.339308 0.7967 -0.0915203 : 0.5
1 0.297618 0.831325 -0.486915 0.0578499 -0.406282 0.907449 1 0.0434471 : 0.4
0.780902 0.50336 0.927267 -0.886165 -0.660432 0.10011 0.439325 0.526995 -0.373089 : 0.5
0.62001 0.335361 0.947504 0.0464982 0.778726 -0.114375 0.395458 0.440232 0.337004 : 0.2
0.530461 0.433831 0.89081 -0.899693 -0.350635 -0.403551 0.425167 -0.738886 0.340333 : 0.2
0.616018 0.312013 0.654551 -0.229451 -0.338416 -0.280029 0.443569 -0.374093 0.766266 : 0.5
0.671779 0.323515 0.885743 -0.780535 -0.31602 0.208643 0.58644 0.52324 0.242669 : 0.4
0.564718 0.408801 0.859114 -0.950968 -0.122422 -0.186624 0.269017 0.277109 -0.226579 : 0.3
0.616751 0.230541 0.893662 -0.576114 -0.725059 -0.236303 0.760747 1 0.781502 : 0.3
0.660657 0.403944 0.888973 -0.690032 0.347537 -0.0437231 0.688547 1 0.10751 : 0.4
0.789288 0.397831 0.854598 -0.674834 0.00681159 -0.00135112 0.375056 -0.27165 -0.164768 : 0.6
0.611977 0.505716 0.867753 -0.562674 -0.738487 -0.0747106 0.703041 0.574431 0.614906 : 0.4
0.571815 0.395298 1 -0.632747 -0.0541153 0.801352 0.701627 0.39996 0.520877 : 0.7
0.736238 0.780151 0.840734 -0.488749 -0.213824 -0.485251 1 0.932692 -0.464291 : 0.5
0.781248 0.398581 0.84659 -0.0622733 -0.282845 -0.147334 0.633646 -0.31665 0.917036 : 0.5
0.572802 0.498762 0.828622 -0.773858 -0.342965 0.375669 -0.699124 0.20177 0.261236 : 0
0.635182 0.427072 0.919615 -0.495684 -0.548169 -0.236331 0.720134 0.633304 -0.918146 : 0.3
0.613516 0.371227 0.914501 -0.982961 -0.544986 -0.554224 0.586975 0.40091 0.201922 : 0.5
0.649679 0.441619 0.863764 -0.685896 -0.0973688 0.426084 -0.143812 0.750291 0.604102 : 0.2
0.593075 0.352171 0.914811 -0.51142 -0.528573 -0.638036 0.0301625 0.655937 -0.0866566 : 0.3
0.636772 0.395668 0.830288 -0.673571 -0.0965433 0.255582 0.998116 0.384805 -0.448751 : 0.5
0.59196 0.458256 0.726158 -0.936078 -0.467969 -0.397398 0.40656 -0.289093 -0.3842 : 0.2
0.724578 0.508619 0.85059 -0.596371 -0.742641 -0.190666 0.299963 0.461801 0.346582 : 0.6
