0.692087 0.341437 0.868053 -1 0.0616237 -0.415437 0.942434 0.714434 0.987952 : 0.3
0.700526 0.272631 0.785918 -0.261454 -0.353579 0.152643 0.228286 -0.543228 1 : 0.3
0.624746 0.303305 0.849751 -0.247677 0.716874 -0.138736 1 0.217823 0.980466 : 0
0.669587 0.89747 1 -0.783203 -0.117743 -0.233796 0.0113689 0.263637 -0.79886 : 0.4
0.455022 0.279153 0.931738 -1 -0.116972 -0.241856 -0.405721 0.325158 -0.263022 : 0.3
0.98633 0.239445 1 -0.675414 -0.196415 -0.152114 0.851213 0.616759 0.873877 : 0.5
0.605211 0.45765 0.888519 -0.975886 -0.121492 -0.789337 0.715377 0.508117 -1 : 0.1
0.433059 0.442624 0.874599 -0.864342 -0.198041 0.18568 0.599168 -0.492566 0.735627 : 0.4
0.479437 0.448178 0.783448 -0.990982 -0.264852 -0.181745 0.103767 0.601933 -0.0720699 : 0.6
0.440336 0.583668 0.905816 -1 -0.367691 -0.393179 -1 0.173019 0.541447 : 0.2
0.634898 0.38492 0.925742 -0.41446 -0.104527 -0.694774 0.821711 0.417036 0.908247 : 0.2
0.815759 0.461372 0.696426 -0.968833 -0.423618 -0.757469 0.536388 0.492274 0.228684 : 0.5
0.58868 0.610136 0.950507 -0.788559 -0.028025 -0.544812 0.661968 1 0.0789704 : 0.4
0.336121 0.320085 0.960572 -0.296202 0.65116 0.0190015 0.77498 -0.952502 0.554868 : 0.2
0.640815 0.514974 1 -0.0878524 -0.195167 -0.649206 0.36634 1 0.227253 : 0.3
0.575116 0.341588 0.985363 -1 -0.386523 -0.377618 0.324525 -0.145171 0.138928 : 0.5
0.361462 0.269194 0.976158 -0.811255 -0.11013 -0.562177 0.691112 0.0429095 -0.23133 : 0.2
0.794295 0.400956 0.781695 -1 -0.696316 -0.43084 -0.526766 0.268205 0.611618 : 0.2
0.690035 0.444889 0.70063 -0.602235 -0.00110608 0.050637 0.374255 0.0305992 0.499943 : 0.3
0.674338 0.216135 0.958639 -0.503837 0.240669 -1 0.0981847 0.501588 0.356943 : 0.3
0.644024 0.489755 0.983914 0.0505372 -0.559604 -0.381182 0.384458 1 0.209473 : 0.4
0.571539 0.210557 0.933379 -0.671826 -0.660883 -0.669484 0.573507 -1 0.695506 : 0.3
0.171955 0.317015 0.796732 -0.765085 -0.14085 -0.334065 0.757716 0.246156 0.767754 : 0
0.487373 0.271127 0.768378 -0.718723 -0.0535569 -0.172917 0.68313 0.343214 0.570384 : 0.2
0.271838 0.501503 0.945794 -0.0757518 -0.524852 -1 0.957812 -0.0752572 0.441255 : 0.1
0.674671 0.325892 0.875453 -0.786859 -0.223396 -1 0.291594 0.471342 -0.447667 : 0.2
0.713931 0.66438 0.703538 -0.721235 -0.457702 -0.076293 0.342454 1 0.430991 : 0.4
0.645818 0.312446 0.789761 -0.622248 0.0726869 -0.133123 0.527461 -0.000443973 0.994763 : 0.3
0.628993 0.326039 0.638246 -0.746595 -0.531156 0.085428 0.938225 0.0235979 0.795459 : 0.4
0.45571 0.338818 0.796367 -0.0277479 0.182401 -0.276656 -0.750693 0.959363 0.25437 : 0.3
0.847156 0.634024 0.880096 -0.393769 -0.69564 -0.187439 0.268673 0.207474 0.2402 : 0.7
0.622311 0.389188 0.860172 0.315297 -0.52414 -0.245774 -0.493517 0.307494 0.362803 : 0.3
0.646641 0.293417 0.917837 -0.713843 -0.41728 -0.393069 0.414845 0.776777 -0.402677 : 0.4
0.381465 0.37223 0.807326 -0.164978 0.425987 0.106824 0.688748 0.528178 -0.176367 : 0.1
0.440763 0.435191 0.958999 1 -0.141758 -0.251315 -0.571705 0.346639 -0.319137 : 0.1
0.558286 0.289983 0.864423 -0.721331 -0.0838659 -0.12067 1 -0.453398 0.498215 : 0.6
0.602105 0.622923 0.926921 -0.795183 -0.813534 -0.236501 0.507576 0.181595 0.152799 : 0.5
0.645495 0.0820911 0.994756 -0.611763 -0.194984 0.594542 -0.0307342 0.565156 -1 : 0.1
0.691931 0.171684 0.835518 -0.380014 -0.140631 0.464467 -0.0443538 0.0027951 -0.0581042 : 0.3
0.654015 0.147834 0.497973 -0.513437 -0.0244025 0.260494 0.999253 0.803934 0.223219 : 0.4
0.747785 0.344881 0.857007 -0.640966 -0.265933 0.0309741 0.989025 -0.333051 0.037441 : 0.4
0.755022 0.385813 0.864873 -0.157854 0.202037 -0.0273156 0.568021 -0.854517 0.688086 : 0.5
0.728142 0.0661518 0.807706 -0.867206 0.0974016 -0.225001 1 0.93568 0.0574045 : 0.2
0.655421 0.299328 0.956612 -0.856719 0.310162 -0.292974 0.563225 -0.944848 -0.388955 : 0.4
0.633957 0.425553 0.906265 -0.703769 -0.310668 0.494983 0.844347 0.021673 -1 : 0.5
0.501735 0.669589 0.867953 -0.433949 -0.339288 0.771316 1 0.289086 0.0274042 : 0.3
0.523585 0.399929 0.842034 -0.779085 -0.158196 -0.783301 0.360864 0.188547 0.71185 : 0.5
0.5585 0.432943 0.817544 0.357644 -0.616561 -0.428704 1 0.0247045 0.489423 : 0.3
0.576796 0.58786 0.831625 -0.374979 0.0759439 -0.123758 1 0.0578046 0.703672 : 0.4
0.638712 0.529438 0.885744 -1 0.252624 -0.107033 -0.0546019 -0.746127 0.644961 : 0.1
0.578345 0.415442 0.588534 -0.591129 -0.381758 -0.219304 -0.852423 0.71095 0.0852652 : 0.1
0.570642 0.211052 0.599825 -1 -0.282125 0.077005 0.999583 0.346051 0.728961 : 0.2
0.458931 0.28621 0.834476 -0.627503 -0.00813894 0.551494 0.162662 0.513332 -0.553926 : 0.4
0.669616 0.161244 0.91944 -0.844021 0.0206424 -0.369615 0.140275 0.907658 -0.414474 : 0.3
0.902458 0.291473 0.778659 -0.669888 0.248479 -0.512595 0.942348 1 0.681491 : 0.5
0.657468 0.609205 0.731663 -0.906393 -0.773095 -0.727361 0.509661 -0.230847 0.649281 : 0.2
0.767308 0.472492 0.959417 -0.138533 -0.18395 -0.432933 0.403943 1 0.701789 : 0.5
1 0.438579 0.91323 -0.881316 -0.292459 -0.113094 0.86992 -0.0418345 -1 : 0.5
0.736963 0.304034 0.990056 -0.670064 -0.0427811 0.0942357 0.717058 0.784571 0.0749389 : 0.4
0.634616 0.490356 0.966066 -0.747113 -0.188056 -0.584626 -0.377586 0.0768691 0.467039 : 0.4
0.529368 0.420799 0.912318 -0.277502 0.605801 -0.510766 1 0.110181 1 : 0.1
0.781205 0.400496 0.825358 -0.356916 -0.244303 -0.350369 0.814643 -0.0780662 -0.293481 : 0.5
0.604193 0.272947 0.88343 -0.702243 0.240876 -0.0855159 0.7405 0.033025 1 : 0.3
0.489459 0.451842 0.71569 -1 -0.192452 -0.714852 0.323948 0.326011 0.121802 : 0.4
0.669583 0.348472 0.935316 -0.764946 -0.187085 0.015154 0.705785 0.595009 1 : 0.4
0.669885 0.452014 0.408415 -0.044243 -0.401051 -0.312441 0.702634 0.190079 0.13773 : 0.4
0.858207 0.570841 0.907325 -0.227142 0.63939 -0.0613668 0.957448 0.253335 -1 : 0.4
0.588671 0.392541 0.693579 -0.963924 -0.23836 0.524383 0.141777 -0.0925496 -0.134614 : 0.4
0.619611 0.490353 0.771561 -0.483986 0.558425 -0.472298 1 0.115467 -1 : 0.2
0.783709 0.503886 0.891525 -0.641379 0.321067 0.341629 0.270303 -0.213931 -0.993516 : 0.3
0.544978 0.255684 0.973044 -0.553403 -0.0950075 -0.577005 0.814255 -0.321485 1 : 0.3
0.53005 0.435871 0.637745 -0.570566 0.38759 -0.638713 0.998911 0.0109278 0.818373 : 0.2
0.66393 0.535734 0.876449 -0.800787 0.13145 -0.309156 0.988349 0.527349 -0.300042 : 0.5
0.69763 0.516204 0.821385 -0.423455 -0.0813723 -0.235849 0.797882 -0.432355 -0.344601 : 0.6
0.703732 0.620219 0.751266 -0.731757 0.468721 0.14556 0.438422 0.0891509 0.622517 : 0.5
0.888412 0.484953 0.845624 -0.0419933 -0.0389361 0.0402097 0.749258 -0.0794078 0.334681 : 0.6
0.860358 0.274128 0.806349 0.679793 -0.551381 -0.232335 1 0.339153 -1 : 0.4
0.588794 0.548259 0.936927 0.7057 0.0505109 -0.153663 0.289286 -0.176268 -0.150238 : 0.3
0.536105 0.231366 1 -0.651334 -0.301743 -0.16264 0.999848 -0.785405 -1 : 0.2
0.954943 0.281417 1 -0.765715 -0.416714 -0.32499 -0.0263237 0.24163 0.00450068 : 0.1
0.869562 0.350231 0.770627 -0.743154 -0.0641331 -0.0356666 0.743318 -8.51154e-05 0.746312 : 0.5
0.478396 0.406688 0.804908 -0.275731 0.474761 0.178691 0.505817 0.899572 0.845391 : 0.1
0.695824 0.461008 0.866893 -0.194249 -0.062634 -0.637993 0.417825 0.561264 -1 : 0.3
0.842748 0.291911 1 -0.659449 -0.30843 -0.127322 0.0631093 0.948982 0.828356 : 0.4
0.613581 0.287266 0.965855 -0.925944 -0.687951 0.0667713 0.630294 0.238707 -0.244414 : 0.3
0.5699 0.216615 0.958638 -0.828966 -0.244839 -0.325793 0.46923 -0.919988 0.213807 : 0.3
0.628858 0.309926 0.861142 -0.4862 -0.194786 -0.725069 -0.344977 -0.127523 0.424803 : 0.5
0.603883 0.413613 0.676277 -0.675409 -0.531318 -0.514213 0.57518 -0.128278 0.442977 : 0.4
0.738992 0.289198 0.794704 0.293122 -0.140004 -0.462539 0.0904542 -0.521355 0.501923 : 0.6
0.591463 0.263142 0.78474 -0.77974 -0.0779809 -0.609984 -0.771145 0.126375 0.12654 : 0.4
0.657171 1 0.743467 -0.298124 -0.418534 -0.423437 1 0.00774249 0.414547 : 0
0.667224 0.431741 0.8566 -0.511867 0.0153044 0.0866573 0.221477 0.318173 -0.310759 : 0.4
0.816764 0.306894 1 -0.540931 -0.301726 -0.20362 0.964652 0.573688 0.959325 : 0.4
0.656413 0.426171 0.542066 -0.483456 -0.29871 -0.017494 1 -0.413138 0.0716371 : 0.3
0.598196 0.306327 0.569129 -0.0777828 -0.244031 -0.397576 0.395664 -0.705164 -0.338833 : 0.3
0.624372 0.436025 1 -0.0604719 0.117148 -0.52937 0.634541 0.396753 0.765991 : 0.4
0.670922 0.0480327 0.742946 -0.777306 0.445626 0.261597 0.398278 -0.628416 0.574795 : 0.2
0.77954 0.478057 0.942478 -0.0312199 -0.32612 -0.851972 -0.679166 0.0795476 -1 : 0.2
0.728585 0.298508 0.766638 -0.798877 0.273445 -0.305991 0.471038 -0.110762 -0.188052 : 0.4
0.668456 0.186249 0.974292 -1 -0.0789666 -0.646709 0.842037 0.17517 0.482642 : 0.4
0.493516 0.343981 0.936926 -0.93297 -0.216913 -0.426305 0.0851993 0.593684 0.952533 : 0.2
0.562254 0.418291 0.830751 -0.606953 -0.239679 -0.121628 -0.132954 0.305615 -0.121294 : 0.5
0.475485 0.752602 0.752895 -0.777866 -0.577255 -0.405314 -0.422616 -0.229476 -0.564543 : 0.1
0.604181 0.480038 0.820794 -1 -0.426968 -0.000631243 1 1 -0.402817 : 0.3
0.296628 0.1623 0.625034 -0.712977 0.436313 0.39108 0.554061 -0.571174 0.744073 : 0
0.81104 0.40387 0.936393 -0.0302024 0.148196 -0.257428 0.943475 -0.437221 1 : 0.4
0.678675 0.389208 0.766002 -0.885697 1 -0.140863 0.924476 0.0203076 -0.486433 : 0.3
0.606301 0.453691 0.880628 0.322582 -0.577257 -0.309258 0.738412 -0.162001 0.841583 : 0.5
0.435847 0.378639 0.969031 1 -0.97515 -0.766889 0.893534 0.617032 -0.511085 : 0.2
0.699384 0.390088 0.856414 -0.945304 -0.1926 -0.648925 0.526093 -1 0.269513 : 0.2
0.57339 0.421462 0.983755 -0.774873 -0.855288 0.417594 0.953419 0.236506 0.0108236 : 0.4
0.686914 0.388895 0.863505 -0.962592 0.74544 -0.595386 0.6697 0.362019 0.121095 : 0.2
0.391616 0.242694 0.971023 -0.701453 -0.0724414 0.390389 0.843678 0.874754 0.889809 : 0.3
0.696646 0.762355 0.856375 -0.751585 0.0712614 -0.151596 1 0.286709 -0.993029 : 0.6
0.33475 0.480529 0.918145 -0.101779 -0.313473 -0.0167999 0.53169 0.712094 1 : 0.5
0.551916 0.28593 0.882887 -1 -0.224424 -0.307095 0.256846 -0.283769 -0.326883 : 0.1
0.723873 0.572936 0.824035 1 -0.0521703 0.174028 1 0.17389 1 : 0.3
0.748998 0.396426 0.814259 -0.821567 0.209805 0.582301 0.30115 0.175792 -0.325749 : 0.5
0.672446 0.338032 0.951525 -0.635454 0.00777316 0.0890485 0.720683 -0.126814 -0.298504 : 0.5
0.774988 0.321796 0.776566 -0.789871 0.15617 -0.218108 -0.927366 0.1344 0.319632 : 0.1
0.588827 0.524734 0.906601 0.981914 -0.2634 -0.253076 0.177818 0.758653 0.456187 : 0.2
0.630076 0.22771 0.682371 -1 0.522647 -0.375619 0.685156 -0.679647 0.804264 : 0.2
0.541243 0.565245 0.71199 -0.11266 -0.814929 -0.0501356 0.896994 0.0155481 0.765554 : 0.1
0.785848 0.484088 0.855207 0.0747434 0.0689841 -0.200932 0.96794 0.936539 -0.268489 : 0.2
0.470981 0.377401 0.926661 0.949156 -0.0857975 -0.599004 0.996931 0.327941 -0.153758 : 0
0.715209 0.456484 1 0.0385836 -0.196028 -0.567745 0.953662 0.711899 -0.351931 : 0.5
0.643005 0.358899 1 -0.813418 -0.196875 -0.607155 1 0.335431 0.366575 : 0.2
0.703305 0.134204 0.95169 -0.646267 -0.112806 -0.690123 0.031881 0.0599425 -0.168847 : 0.2
1 0.283855 0.879926 -0.703752 -0.537227 -0.251616 0.85804 0.504989 0.646637 : 0.4
0.55684 0.447837 0.867201 0.15292 -0.251814 -0.565208 0.553653 0.212016 0.573201 : 0.3
0.621639 0.421822 0.962143 -0.226565 -0.456366 -0.710387 0.986942 1 0.241124 : 0.4
0.468559 0.404397 0.849908 -0.481872 -0.165476 -0.0137037 0.894856 0.473224 0.270833 : 0.3
0.709669 0.239455 0.885813 -1 -0.395816 -0.130626 0.366451 1 -0.646853 : 0.3
0.758628 0.218298 0.848314 -0.386275 -1 -0.422601 0.480871 0.851392 0.530091 : 0.3
0.643249 0.404025 0.838015 -0.866027 -0.404084 -0.181901 0.652449 0.30481 1 : 0.6
1 0.286505 0.889782 -0.768753 -0.135528 -0.210935 -1 -0.0302475 1 : 0
0.516334 0.331163 0.768646 -0.515167 -0.106291 -0.434187 -1 -0.0273984 0.949919 : 0.2
0.507612 0.433947 0.877636 -0.842137 -0.0628324 -0.160004 -0.449356 0.217788 0.483397 : 0.2
0.550305 0.377644 0.757942 -1 -0.0330531 -0.204318 -0.0117008 0.52614 -0.880741 : 0.3
0.461116 0.211801 0.912556 -0.75387 -0.413108 -0.122491 0.42508 -0.724706 -0.702987 : 0.2
0.977512 0.264683 1 -0.772514 -0.890258 -0.356962 -0.0920638 0.461028 -0.107657 : 0
0.647352 0.321809 0.883271 -0.812754 -0.973189 -0.281391 0.765898 0.415567 -0.296175 : 0.6
0.515989 0.352129 0.955463 -0.727581 -0.121728 0.58567 0.536654 0.644909 1 : 0.3
0.585194 0.344323 1 -0.120581 -0.107562 0.0432263 0.823627 1 0.428336 : 0.3
0.615792 0.393823 0.899346 -0.927218 -0.436611 0.0446717 0.483865 1 -0.813889 : 0.4
0.547411 0.786907 0.946102 -0.549642 -0.647863 -0.412518 -0.391694 0.126742 0.4506 : 0.1
0.438634 0.30082 0.761688 -0.577681 -0.578166 -0.384509 -0.145266 0.524674 0.649648 : 0.2
0.763028 0.285786 0.75541 -0.766056 -0.682765 -0.563081 0.720254 0.380348 1 : 0.5
0.628554 0.236683 1 -0.826721 -0.612047 0.122492 0.247212 0.736283 -0.319909 : 0.4
0.973692 0.589738 0.761496 -0.78552 -0.113713 0.837101 0.933951 0.330467 0.771439 : 0.4
0.682523 0.371198 1 -0.58764 -0.172597 0.497528 1 0.333199 0.156658 : 0.6
0.615305 0.405965 0.965877 -0.0189402 0.00193328 -0.022823 1 0.0646781 -0.123557 : 0.3
0.686066 0.0560188 0.729425 -0.746941 0.234337 0.0994646 0.415961 0.241455 0.91879 : 0.5
0.954128 0.433933 0.984653 0.111032 -0.238871 -0.419994 -1 1 -0.468452 : 0.5
0.652273 0.242003 0.777218 -0.450037 -0.246506 -0.732661 -0.116723 -0.793336 0.293054 : 0.4
0.656042 0.51815 0.866256 -0.960529 0.494106 -0.415381 0.549051 0.0777337 1 : 0.5
0.627658 0.431884 1 -0.513184 -0.122737 0.763301 0.57502 -1 -0.0675065 : 0.4
0.698872 0.310271 0.856405 -0.434361 -0.18729 -1 0.816536 -0.421995 0.801809 : 0.4
0.53948 0.368432 0.898295 -0.972777 -0.174631 -0.444363 0.757903 -0.165987 -0.0433436 : 0.4
0.713477 0.787291 0.600267 -0.461045 -0.0403655 0.0257761 0.508096 0.339001 -0.858049 : 0.4
0.996738 0.424582 0.930443 -0.962367 -0.32227 -0.478786 1 -0.249497 -0.560126 : 0.4
0.310282 0.326087 1 -0.754238 0.0493113 -0.500286 0.987329 0.151298 0.348021 : 0.1
0.948052 0.941467 1 -0.834808 -0.13613 -0.299703 -0.519504 0.406871 -0.273495 : 0.4
0.701124 1 0.917038 -0.933077 -0.456057 0.696026 -0.0381306 0.378862 -1 : 0
0.745646 0.124432 0.746074 -0.53006 -0.691237 -0.249833 0.723209 0.960037 0.991113 : 0.4
0.760545 0.41233 1 -1 -0.357554 -1 1 -0.39123 0.350588 : 0.3
0.526901 0.145989 0.87802 -0.355559 1 -0.668953 0.901998 0.184864 -0.95259 : 0
0.587899 0.430744 0.796385 -0.968175 -0.376456 -0.219186 0.223063 1 0.711546 : 0.4
0.626736 0.111795 0.57344 -0.833083 -0.606479 -0.0731859 -0.423424 1 -0.0591946 : 0.3
0.692314 0.34279 0.917779 -0.871202 -0.175394 0.593244 0.472952 0.0724331 0.541438 : 0.4
0.550573 0.27165 0.935261 -1 -0.402484 0.0428761 -0.590946 0.212056 0.704035 : 0.4
0.634133 0.922178 0.877839 -0.800397 0.127248 -0.482284 1 0.0883555 -0.0136593 : 0.3
0.939147 0.338581 0.951536 -0.374705 -0.304922 -0.0867527 0.583946 0.031748 0.481 : 0.4
0.675084 0.600091 0.816546 -0.920951 -0.217853 -0.134125 0.559547 -0.453467 1 : 0.6
0.646785 0.385541 0.934436 -0.615001 -0.043015 0.179279 0.683378 0.119724 -0.170412 : 0.2
0.536182 0.407369 0.611915 -0.805191 -0.358824 -0.491987 0.593958 0.385736 -0.191121 : 0.5
0.977199 0.268279 1 -0.79135 -0.429444 0.140906 0.0340523 0.365288 1 : 0.1
0.454173 0.298794 0.584238 -0.648893 -0.387894 -0.4236 -0.276909 0.644305 0.159424 : 0.3
0.564663 0.580478 1 -0.658765 0.874642 -0.721167 0.556554 0.539069 -0.217889 : 0.2
0.757853 0.498826 0.835776 -0.674471 -0.054524 -0.103219 0.537667 0.19357 -1 : 0.4
0.294489 0.107885 0.802885 -1 -0.388983 -0.300736 0.0950446 0.199894 1 : 0.4
0.808031 0.326573 0.903378 0.519241 -0.241389 0.0239708 1 0.319528 1 : 0.5
0.758204 0.657375 0.862771 -0.082945 -0.347659 -1 0.409297 -0.237221 -1 : 0.2
0.687597 0.443976 0.877989 -0.827886 -0.1579 -0.735029 -0.714287 0.447277 0.0966199 : 0.2
0.641244 0.492087 0.958581 -0.786966 -0.212713 0.941487 0.929168 0.380587 0.792692 : 0.5
0.691557 0.547203 0.664246 -0.409987 0.171675 -0.398959 1 -0.135791 -0.341647 : 0.4
0.54614 0.346597 0.926026 -0.480283 0.894161 -0.803795 0.696564 0.33867 0.579426 : 0.3
0.280399 0.297892 0.797986 -0.721889 -0.175634 0.0250155 0.878991 -0.651202 1 : 0.3
0.686067 0.348356 0.990441 -0.827368 -0.186561 0.0934291 -0.8555 -0.197907 -0.946042 : 0.2
0.709084 0.574849 0.960672 -0.246806 0.74406 0.271725 0.111375 0.869965 0.210146 : 0.4
0.875439 0.632218 0.8413 -0.735439 -0.226162 -0.347457 0.469189 0.525274 1 : 0.6
0.922059 0.233988 0.791563 -0.519901 -0.410909 -0.330581 0.493822 0.541936 -0.313372 : 0.1
0.716215 0.401736 0.895567 -0.534839 -0.0378944 -0.606446 -0.407399 0.112268 0.430711 : 0.3
0.739712 0.414524 0.819831 -1 -0.476977 -0.538141 0.651528 0.626174 -0.331738 : 0.2
0.77785 0.383739 0.959337 0.861584 -0.068554 -0.487317 0.415318 0.0926438 0.556993 : 0.4
0.811057 0.379123 0.877 -0.381027 -0.486434 -0.450975 0.0157869 -0.117029 0.581293 : 0.3
0.851732 0.572524 0.904427 -0.891594 -0.723343 -1 0.739272 0.319943 -0.44184 : 0.2
0.765416 0.299681 1 -1 -0.345172 0.297865 0.223181 -0.472069 -0.231595 : 0.5
0.71691 0.327528 0.761292 -0.544416 -0.199036 -0.530157 -0.94296 0.354443 0.0310411 : 0.6
0.538992 0.389768 0.924285 -0.1477 -0.117402 -0.520754 0.312473 0.941471 0.385491 : 0.4
0.404359 0.878922 0.829141 -0.60847 -0.645562 -0.553093 0.46152 -0.406516 0.934863 : 0.2
0.640672 0.649651 0.839139 -0.778702 -0.0503209 -0.182585 -0.909927 0.88563 0.903391 : 0.1
0.713309 0.352547 0.988955 -0.404752 -0.72345 0.75947 0.273312 1 0.467451 : 0.2
0.664295 0.388617 0.850926 -0.83423 -0.193316 -0.924483 0.612973 0.696434 1 : 0.4
0.748784 0.538973 0.746258 -0.240688 -0.463414 0.227466 -0.57441 0.46749 0.335999 : 0.1
0.599588 0.322166 0.714587 -0.412628 -0.394836 0.14319 -0.583658 5.95152e-05 -0.0554506 : 0.2
0.629108 0.314632 0.846162 -0.553027 -0.214974 0.188222 0.738294 0.362264 1 : 0.2
0.705647 0.619334 0.726146 -0.64605 -0.164016 -0.109109 0.537507 0.32254 0.315064 : 0.6
0.600151 0.135274 0.818225 -0.632222 -0.578111 -0.531488 0.286966 0.443783 1 : 0.6
0.315498 0.409411 0.883003 0.386311 -0.0612424 -0.479779 1 0.38358 -0.177028 : 0.1
0.74324 0.3215 0.757128 -0.699018 -0.159759 -0.934125 0.207103 0.0146159 1 : 0.6
0.883692 0.369103 0.822172 -0.195026 -0.46871 0.198218 0.0067966 -0.571867 -0.976308 : 0.2
0.406022 0.144375 1 -0.773183 -0.760666 -0.432972 0.544314 0.26158 0.803168 : 0.2
0.732517 0.652349 0.720383 -0.780678 -0.474491 -0.329233 0.454667 0.053153 -1 : 0.6
0.62967 0.340583 0.828674 -1 -0.3663 -0.426931 0.763481 0.441648 -0.0882678 : 0.2
0.42953 0.520645 0.943022 -0.269356 -0.29445 -0.680621 -0.242359 0.271644 0.218536 : 0.2
0.48647 0.334793 0.836321 -0.891806 -0.148953 -0.462236 0.118673 0.887664 0.905939 : 0.3
0.70421 0.457164 0.9275 -0.746666 -0.758125 -0.275425 0.612457 0.326589 -0.439111 : 0.5
0.515197 0.499524 0.870902 -0.66328 -0.547193 0.309851 0.383951 0.061302 0.51884 : 0.4
0.5889 0.516728 0.911649 -0.730179 -0.374204 -0.211099 -0.325049 -0.814729 0.727281 : 0.5
0.0618097 0.160938 0.892831 -0.572045 0.0139111 0.327602 0.594744 -0.0177122 -1 : 0.1
1 0.25134 0.736339 -0.624884 -0.493478 -0.217507 -0.15096 0.950988 1 : 0.4
0.898771 0.465823 0.927633 -0.52636 -0.0608169 -0.301123 0.698206 0.935485 -0.47214 : 0.7
0.787479 0.547397 0.936109 -0.345825 -0.459288 -0.133722 -0.15216 0.135998 -0.090533 : 0.6
0.505913 0.185739 0.865659 -0.439885 -0.462954 -0.222331 0.378793 -0.125381 0.156355 : 0.4
0.589655 0.412293 0.846841 -0.962205 -0.351678 -0.0843838 0.203353 -0.159899 0.0781592 : 0.5
0.639796 0.64273 1 -0.26359 -0.276451 0.0752768 0.435007 -0.0935071 -0.258504 : 0.3
0.787554 0.393088 0.862697 -0.581562 -0.0224258 0.4167 0.941665 -0.121922 -0.171408 : 0.7
0.812333 0.388316 0.730685 -0.319691 0.504036 0.707606 1 -0.116204 0.708124 : 0.4
0.655957 0.438792 0.833865 -1 -0.660997 -0.630674 0.593652 0.473681 0.733998 : 0.4
0.714635 0.421797 0.910048 -0.266131 -0.926906 1 0.283394 0.0660377 0.664343 : 0
0.60333 0.778877 0.810366 -0.178592 -0.157119 -0.357891 0.38646 0.621931 -0.541111 : 0.5
0.545353 0.626756 0.816867 -1 0.0131185 -0.381779 0.638601 0.210133 0.53978 : 0.3
0.572771 0.498138 0.884274 -0.894593 -1 -0.696181 0.826539 0.44265 0.228034 : 0.3
0.487868 0.34891 0.936728 -0.785346 -0.283802 -0.528435 0.326866 0.0728885 0.374289 : 0.4
0.684217 0.355856 0.992146 -0.872814 0.271489 0.509352 0.628688 0.293567 -0.455688 : 0.4
0.637743 0.0575758 0.870463 -0.581094 1 -0.48523 0.549932 0.525457 0.194276 : 0.2
0.908175 0.297857 0.8875 -0.725089 -0.70759 -0.153719 1 -0.326416 0.265322 : 0.3
0.629298 0.433376 0.707585 -0.602089 1 0.167377 0.252457 -0.203282 0.987586 : 0.3
0.856195 0.371216 0.98771 -0.663985 -0.239839 -0.359927 -0.349533 1 -0.872423 : 0.5
0.720198 0.321576 1 -0.942784 -0.362428 -0.38824 0.33821 0.116641 0.653511 : 0.3
0.614633 0.344211 0.895737 -0.603181 -0.787253 -0.620582 0.999774 0.138158 0.825117 : 0.2
1 0.306469 0.780994 -0.824124 -0.846248 0.113831 0.0408732 1 0.389705 : 0.3
1 0.590438 0.579265 0.130247 0.398156 -0.761053 0.356629 0.685829 0.216845 : 0.3
0.872884 0.531749 0.572543 -0.435392 -0.249684 -0.146867 -0.888394 0.265362 -0.0901417 : 0.4
0.920223 0.438512 0.953686 -0.418058 0.238488 -0.295687 -0.315953 0.203937 0.435523 : 0.5
0.638224 0.245484 0.97425 -0.694485 0.00447989 -0.0499469 0.477562 0.258028 0.215345 : 0.7
0.560529 0.267147 1 -0.958596 0.0607831 -0.589464 0.986148 1 0.211096 : 0.2
0.580348 0.293393 1 -1 -0.0662217 -0.373031 0.849669 0.898776 0.177971 : 0.3
0.825222 0.27129 0.784797 -0.773741 -0.184923 -0.403083 -0.689215 0.467406 1 : 0.4
0.58756 0.87328 0.919363 0.453665 0.314334 -0.149136 1 -0.158258 -1 : 0.1
0.684085 0.614932 0.818644 -0.678023 0.0253679 -0.698177 0.771248 -0.576834 0.790791 : 0.4
0.560425 0.313364 0.847684 -0.584105 0.0669141 -0.272618 0.702684 0.37917 0.519963 : 0.2
0.677179 0.282084 1 -0.602343 -0.393738 -0.438576 -0.308131 -0.992282 0.36152 : 0.2
0.915313 0.365634 0.807963 -0.426062 -0.423801 0.164711 0.956902 0.308693 0.69969 : 0.5
1 0.48236 0.816604 -0.740951 -0.860555 -0.70111 0.531823 0.391887 0.601389 : 0.3
0.588858 0.489236 0.809584 0.0759588 -0.400209 -0.436184 0.307397 0.929537 0.677158 : 0.3
0.319785 0.27649 0.883642 -0.668849 0.948313 0.0248082 0.115771 0.667264 0.79561 : 0.1
0.739342 0.348548 0.955813 -0.229699 -0.377007 -0.419542 0.508251 0.311175 0.433493 : 0.1
0.549754 0.661748 0.769059 -0.653269 -0.342713 0.523019 0.735922 0.824923 -0.120695 : 0.3
0.563998 0.50934 0.800287 -0.214344 0.139071 -0.294495 0.430418 1 0.701072 : 0.1
0.763218 0.227744 0.872316 0.0421837 -0.427021 -0.529592 0.102034 0.152998 -0.0718951 : 0.3
0.633761 0.251803 0.944373 -0.496346 -0.463652 -0.164593 1 0.634994 0.92455 : 0.5
0.0679363 0.305762 0.843198 -0.925125 -0.221612 -0.541701 0.0943645 0.139439 0.109071 : 0.1
0.496483 0.361242 0.795728 0.268892 -0.23364 -0.228454 -0.0448384 0.495589 -0.489984 : 0.5
0.341068 0.259002 0.923171 0.723445 -0.423347 -0.788839 0.946954 0.517656 -0.701013 : 0
0.610888 0.539882 0.808221 -0.691508 0.496801 -0.708192 0.631624 -0.490481 -1 : 0.5
0.545292 0.295972 0.793099 -0.600761 -0.0961909 -0.177675 0.938962 -0.436096 -0.332367 : 0.4
0.788433 0.361811 0.709866 -0.686946 -0.282054 -0.0966989 0.558946 -0.348006 -0.732356 : 0.1
0.500334 0.478327 0.850255 -0.538341 -0.303073 0.752478 1 0.435517 0.0548598 : 0.3
0.514449 0.318837 0.941003 -0.449563 -0.0129167 0.283086 -0.0831814 0.834152 -0.713279 : 0.5
0.587575 0.414569 0.752237 -1 0.0555521 -0.249592 0.351521 0.249861 -0.282961 : 0.3
0.542699 0.245868 0.940813 -0.922753 -0.117936 -1 0.150714 -0.195313 0.0629264 : 0.4
0.5195 0.327974 0.807516 -0.527508 -0.327464 -0.687884 0.765614 0.395856 -0.651507 : 0.5
0.981427 0.509954 0.997278 -0.643524 0.0180859 -0.0439814 -0.244667 0.530546 -0.347645 : 0.4
0.654144 0.343436 0.895963 -0.698711 -0.173684 0.339784 0.310727 0.487365 0.00706887 : 0.3
0.694527 0.379316 0.85776 -0.797519 0.129488 -0.405742 0.0745654 0.89376 0.511832 : 0.3
0.615904 0.375051 0.821115 -0.240956 -0.721728 -0.432129 0.629793 -0.0772157 0.998394 : 0.5
0.641434 0.495102 0.826189 -0.668635 -0.012143 0.535184 0.392945 0.73053 -0.385046 : 0.4
0.635045 0.656863 0.879817 -0.376392 1 -0.617232 0.854627 0.767137 0.907526 : 0
0.590085 0.360078 0.920316 -0.713492 0.146738 -1 1 0.433797 0.313997 : 0.3
0.567619 0.121769 0.843291 -1 0.521177 -0.589749 0.0934062 0.326556 -0.50569 : 0.2
0.747843 0.147679 0.886463 -0.80022 -0.68999 -0.781579 0.560775 -0.155755 0.423621 : 0.3
0.627808 0.409307 0.861653 -0.47351 0.0328816 -0.221803 0.926073 0.801616 -1 : 0.2
0.451382 0.0275944 0.738985 0.353667 -0.148224 -1 -0.426729 -0.645792 0.922632 : 0
0.503243 0.341119 1 -0.0124494 -0.00562364 -0.356043 -0.565482 0.358323 -0.17956 : 0.1
1 -0.0892837 0.86527 -0.333264 -0.917796 0.903258 -0.963385 -0.181911 -0.0117356 : 0
0.660587 0.498082 0.844009 -0.197045 0.474719 0.320882 1 0.426094 0.934374 : 0.3
0.696177 0.253756 0.791425 -0.735776 -0.204358 -0.522289 0.770819 0.11663 0.794779 : 0.5
0.616071 0.478084 0.799817 -0.210948 0.18295 -0.219179 0.60117 -0.364774 0.477639 : 0.3
0.643922 0.407439 0.906581 -0.15989 -0.265343 -0.303532 -0.446121 -0.349569 -0.177991 : 0.3
0.671375 0.333325 0.884658 -0.559192 -0.347177 -0.150769 -0.111574 0.894221 0.484167 : 0.5
0.350748 0.271364 0.905556 0.135697 0.140394 -0.323804 -0.00668836 0.791281 -0.16095 : 0.2
0.908081 0.599874 0.94015 -0.973451 -1 -0.57556 -1 -0.927385 0.274445 : 0.4
0.706626 0.86262 0.770628 -0.370619 0.393757 -0.811677 0.686548 0.0225834 -0.448429 : 0.2
0.644013 0.37818 0.847555 -0.64556 -0.143201 -0.216414 -1 0.366599 0.0574443 : 0
0.490958 1 0.856721 -0.67148 -0.76729 -0.507706 0.474482 -0.358285 -0.882153 : 0.2
0.729954 0.578679 0.906712 -0.619435 -0.0673026 -0.333129 0.913325 0.103188 -0.524056 : 0.5
0.81482 0.139954 0.980009 0.0656327 -0.213616 -0.31868 0.951501 0.713441 -0.270406 : 0.5
0.612299 0.240008 0.769602 0.12946 0.51414 -0.242118 -0.843362 -0.305207 -0.815483 : 0
0.935013 0.325638 0.813591 0.527295 -0.400155 0.0244116 0.919421 -1 -0.798251 : 0.3
0.551428 0.492007 0.847859 -0.949386 -0.413921 -0.981389 -0.684575 0.339739 -0.487964 : 0.2
0.427712 0.0837363 0.928402 -0.00760126 -0.712923 -0.769311 0.679465 0.218335 -0.362582 : 0.1
0.496072 0.32245 0.82873 -0.938961 -0.667647 -0.646087 -0.513524 1 -0.119657 : 0.4
0.416747 0.321504 0.875419 -0.821232 -0.133579 -0.714815 0.913059 0.373096 0.269855 : 0.1
0.658216 0.234393 0.658315 -0.787753 1 -0.0709087 0.562393 0.470718 -0.235109 : 0.4
0.650575 0.151598 0.830013 -0.188979 -0.141292 -0.158412 -0.24541 -0.21062 0.501911 : 0.5
0.745214 0.633464 0.835971 0.0496387 -0.342155 -0.529441 0.507588 0.611955 -0.590086 : 0.3
0.823532 0.273005 0.931055 -0.630476 -0.00479826 -0.0769014 -0.693046 -0.586511 -0.676667 : 0.3
0.717163 0.933477 0.557881 -0.740518 0.292028 -0.488766 0.337913 -0.0454228 0.470842 : 0.1
0.441614 0.326999 0.784905 -0.136918 0.186409 -0.257121 0.186521 0.558236 -0.24586 : 0.5
0.943559 0.456778 0.989316 -0.896078 -0.166236 -0.0478229 0.158067 -0.64654 0.750801 : 0.4
0.680436 0.4077 0.519113 0.0486664 -0.0705273 -0.229739 0.707988 0.255125 0.917487 : 0.3
0.637433 0.305207 0.709082 -0.745925 -0.161344 0.233286 0.249619 0.539001 -1 : 0.4
0.531416 0.462651 0.754976 -0.875267 -0.950804 -0.663301 0.974799 -0.130541 -0.0133231 : 0.3
0.649655 0.585809 0.733532 -0.390396 -0.269482 -0.114471 -1 -0.215397 0.231815 : 0.2
0.641708 0.317135 0.706718 -0.458397 -0.167345 0.012043 -0.450621 -0.0520117 0.0233452 : 0.3
0.784799 0.568256 0.817305 -0.226996 0.0200683 -0.00188374 0.86794 -0.0147819 0.562857 : 0.6
0.395793 0.212872 0.870771 -0.573086 -0.111409 -0.752997 0.586936 0.211415 0.433192 : 0.4
0.5421 0.273135 0.859631 -0.57345 -0.0916768 -0.606718 0.0815253 -0.00157607 0.000261247 : 0.4
0.305257 0.276888 0.874062 -0.968421 -0.633364 -0.480026 0.61254 0.878864 -1 : 0.4
0.586912 0.39671 0.844312 -0.521467 -0.187341 0.0407109 0.56686 0.667915 1 : 0.5
0.779643 0.296789 0.695534 -0.482945 -0.444656 -0.203255 -0.129003 -0.117926 0.874258 : 0.3
0.589527 0.325258 1 -0.323384 -0.502327 0.686228 0.958277 -0.687436 0.197433 : 0.1
0.949571 0.487953 1 -0.793376 0.03805 -0.190363 0.860608 -0.236193 -0.442878 : 0.4
0.701832 0.376317 0.9331 -0.77146 -0.278312 0.0140582 0.440518 0.760102 -0.408417 : 0.5
0.448321 0.320302 0.971936 -0.665113 -0.442957 -0.594119 0.88903 1 1 : 0.4
0.623757 0.178073 0.764725 0.926544 -0.311527 -0.0996379 0.0802851 0.443347 1 : 0.2
0.740707 0.409317 0.855527 -0.822457 -0.354818 1 0.843862 0.780869 0.542502 : 0.3
0.940352 0.236117 1 -0.759654 0.371602 -0.605611 -0.691787 0.615179 0.371737 : 0.4
0.558453 0.219774 0.817517 -0.631831 -0.128258 -0.485786 0.329118 0.169721 -0.345404 : 0.3
0.530671 0.396016 0.85691 -0.739757 -0.222375 0.181589 0.515633 0.409783 0.568512 : 0.5
0.67503 0.110778 1 -1 -0.477254 -0.617617 -0.42934 -0.0769476 0.930674 : 0
0.575825 0.309139 0.911781 -1 -0.0279086 -0.270781 0.0942042 0.522746 0.379618 : 0.5
0.552782 0.546635 0.717672 -0.490106 -0.309829 -0.233514 0.950361 0.107184 -0.665 : 0.3
0.666281 0.815625 0.812898 -1 0.037333 -0.229693 0.747328 0.111166 -0.548818 : 0.4
0.704261 0.253751 0.840529 -0.699268 -0.185609 -0.0766803 1 0.99929 0.58419 : 0.5
0.735191 0.338101 0.97829 -0.545177 0.514825 -0.587022 0.997039 0.343387 0.699812 : 0.2
0.863603 0.273652 1 -0.817892 -0.448187 -1 -0.251885 0.582189 -0.805219 : 0.3
0.70761 -0.0124183 0.860687 -0.976437 0.0729843 -1 0.759714 0.293342 -1 : 0.3
0.826449 0.454701 0.917952 -0.779555 0.753377 -0.35184 0.721812 0.204249 0.11609 : 0.2
0.628236 0.990733 0.971413 -0.65079 -0.502402 -0.238213 0.705686 0.64654 -1 : 0.1
0.752508 0.782969 0.848068 -0.0144907 -0.530307 0.80455 0.757629 0.6192 -0.490406 : 0.6
0.781309 0.376709 0.775725 -0.43393 -0.258332 -0.189768 1 0.420399 -0.455232 : 0.4
0.336066 0.320799 0.857273 -0.773093 0.0310595 0.402411 -0.429319 0.378612 -0.355045 : 0.1
0.5705 0.0665247 1 -0.359454 0.351005 -0.407736 -0.0336532 0.0139174 0.301942 : 0.2
0.513178 0.55237 0.67079 -1 0.494802 -0.0240038 1 0.93819 0.627514 : 0.4
0.681167 0.481536 0.797488 -0.443442 -0.452487 -0.088606 -0.719773 -0.404807 -0.355718 : 0.1
0.698469 0.47966 0.992361 -1 -0.307484 -0.314995 0.872515 0.375075 -0.751039 : 0.1
0.553607 0.39639 0.856694 -0.781881 -0.618178 -0.27355 -0.150433 0.489151 0.387014 : 0.1
0.673923 0.295615 0.85275 -0.533923 -0.536026 -0.126961 0.974744 0.653506 -0.785604 : 0.3
0.760756 0.362537 0.901088 -0.816667 -0.649302 -0.834112 0.864493 -0.419217 -0.771134 : 0.3
0.604461 0.552917 0.993232 -0.043898 -0.248651 -0.590077 0.0421199 -0.612985 0.263938 : 0.4
0.604713 0.406568 0.968531 -0.39447 -0.119169 -0.134988 0.373635 0.264201 0.0796682 : 0.5
0.556502 0.410591 0.926269 -0.410504 -0.133363 0.0191801 0.540403 -0.00241012 -0.634357 : 0.7
0.615634 0.451582 0.990361 -0.500041 0.410009 -0.668217 0.572388 -0.30502 -0.668414 : 0.4
0.524392 0.173537 0.926744 -0.621269 -0.322085 1 0.990905 0.239455 0.730516 : 0.3
0.734155 0.394035 0.901666 -0.620779 -0.522869 -0.0631624 0.513441 0.405762 -0.8273 : 0.6
0.696918 0.624763 1 -0.801261 -0.185819 -0.260717 0.761304 0.36642 0.596501 : 0.3
0.598264 0.265563 1 -0.899536 -0.0198344 -0.834664 0.839413 -0.44925 -0.371945 : 0.2
0.574255 0.332914 0.842124 -0.483992 -0.154831 -0.49252 0.785995 -0.252972 0.344251 : 0.2
0.717994 0.339903 0.810418 -0.6599 -0.34745 -0.388144 0.21851 0.984003 -0.183883 : 0.6
0.7045 0.359597 0.985556 -0.780335 -0.505546 -0.756909 -0.227941 1 0.531437 : 0.3
0.590128 0.264158 1 -0.864112 -0.475071 -0.390561 0.641002 0.35079 -0.668221 : 0.4
0.622505 0.190066 0.800479 -0.603444 -0.103411 -1 0.329267 0.593315 1 : 0.2
0.349491 0.626013 0.878729 0.104 0.144483 -0.630042 -1 0.715464 1 : 0.1
0.764173 0.483869 0.867049 -0.22142 0.157117 -0.515246 0.887787 0.823514 0.00210989 : 0.1
0.658602 0.238454 0.455273 -0.559325 -0.605762 -0.645042 0.533291 0.402604 0.74155 : 0.6
0.714308 0.430389 0.832357 -0.517275 -0.472211 -0.99555 -0.446493 -0.306526 -1 : 0.2
0.638144 0.565815 0.853479 -0.706635 0.0332691 -0.218212 0.227731 0.244723 0.380955 : 0.4
0.552994 0.351185 0.805259 -0.488191 -0.136022 -0.431499 0.233648 0.539141 -0.668661 : 0.8
0.561945 0.426707 0.978566 -0.907013 -0.549228 0.290302 0.579366 1 0.484999 : 0.4
0.893549 0.443996 0.894685 -0.846318 0.312053 -0.883226 0.670304 -0.0217074 0.159032 : 0.4
0.713191 0.499648 0.943509 -1 -0.0134293 -0.0582105 -0.574557 -0.6455 0.942829 : 0.2
0.657353 0.381862 0.897071 -0.389368 -0.125414 0.623614 0.302991 -0.543437 1 : 0.4
0.663714 0.707164 0.86627 -0.454965 -0.239958 -0.15224 0.965469 -0.493816 -0.0485247 : 0.4
0.708818 0.97198 0.902169 -0.278099 -0.565569 -0.751884 0.356409 -0.0814184 0.43949 : 0.1
0.494922 0.463167 0.905378 0.126075 -0.399344 -0.301237 0.326316 -0.306271 0.0365961 : 0.2
0.638686 0.62372 0.801853 -0.170526 -0.323725 -0.631354 0.553543 0.114842 -1 : 0.4
0.606945 0.43456 0.870578 -0.67433 0.0654538 -0.392881 0.910604 0.640255 -0.0332222 : 0.5
0.60349 0.409578 0.962328 -0.563468 -0.278934 0.717578 -0.0212567 0.104398 -0.608812 : 0.3
0.883367 0.298078 0.838104 -0.93084 0.196803 -0.556031 0.318424 0.400023 -0.533725 : 0.3
0.594429 0.418494 0.970478 -0.146127 0.3568 -0.607241 0.66432 0.792689 0.222201 : 0.4
0.522457 0.343064 0.940401 -0.514597 -0.0396047 -0.34424 -0.0816113 0.336427 0.947193 : 0.4
0.689875 0.394643 0.763395 -0.569196 -0.0449725 -0.65741 0.574448 -1 0.185115 : 0.4
0.642195 0.420057 0.81128 -0.615288 -0.377824 -0.325748 0.173823 0.588682 0.185604 : 0.4
0.785671 0.963775 0.84929 -0.566915 -0.253718 0.024074 -0.225357 0.117407 1 : 0.3
0.50372 0.502146 0.535164 -0.924501 0.515366 -0.602902 0.582665 -0.229191 0.22255 : 0.2
1 0.0224313 0.864298 -0.757889 -0.686585 -0.488351 0.554698 0.451289 0.266441 : 0.2
0.552873 0.345625 0.955454 -0.908148 0.0752066 -0.24795 0.834607 0.287367 0.237992 : 0.4
0.754481 0.123767 0.709288 -0.463111 -0.680805 0.437937 0.291088 -0.105834 1 : 0.4
1 0.338919 0.99968 -0.340183 0.407657 -0.0643167 0.0338759 0.943707 0.235311 : 0.2
0.636975 0.492619 0.94453 -0.491616 -0.443925 -0.143643 0.734576 0.974665 1 : 0.8
0.654666 0.29124 0.982972 -0.283349 0.274208 -0.84269 0.863928 0.575605 0.599688 : 0.2
0.631414 0.306432 0.92425 -0.799935 -0.131044 -0.491526 1 0.36518 0.126955 : 0.1
0.526966 0.405404 1 -0.76877 -0.0880964 -0.394085 1 0.367405 0.806248 : 0.3
0.840373 0.208923 0.934727 -0.384034 -0.154003 -0.210424 0.230825 0.00069201 -0.291626 : 0.4
0.543384 0.477026 0.925118 -0.752564 -0.299492 -0.0148047 0.167593 0.865741 -0.833821 : 0.5
0.57301 0.417213 0.931972 -1 -0.372397 -0.158138 0.946427 0.219742 -0.341075 : 0.3
0.645769 0.361367 0.817744 -0.40199 0.279798 -0.488246 -0.0447628 0.0743859 0.262087 : 0.4
0.525483 0.41188 0.943312 -0.426422 -0.2879 -0.604497 1 0.304202 0.723417 : 0.3
0.537637 0.316078 0.889027 1 -0.380993 -0.471085 0.455528 -0.481234 0.0582898 : 0
0.666375 0.223923 0.688439 -0.63531 -0.0603898 -0.0830003 0.0763061 -0.0245818 0.646777 : 0.4
0.823545 0.42126 0.730094 -0.202217 0.274238 -0.379896 0.122226 0.376031 0.572668 : 0.5
0.658922 0.473909 0.984032 -0.137388 -0.430783 -0.405273 1 -0.429983 0.13734 : 0.6
0.731742 0.358451 0.849302 -0.453803 -0.621007 -0.697184 0.314267 0.0681942 0.407222 : 0.2
1 0.186489 0.918487 -0.0031172 0.121456 1 1 0.34054 -0.672463 : 0.2
0.657244 0.620423 0.927936 -0.717648 -0.350515 0.105096 -0.251752 0.0173318 1 : 0.1
0.865616 0.15426 0.863903 -0.702362 -0.563897 -0.204111 1 -0.170808 0.55134 : 0.2
0.442816 0.2525 0.76283 -0.71018 0.245341 0.189761 0.430632 0.0470862 0.61413 : 0.6
0.427247 0.114145 0.942915 -0.699902 -0.53775 -0.498563 -0.281289 0.208136 -0.574898 : 0.1
0.671975 0.296171 0.670315 -0.603363 -0.519087 0.201543 1 1 1 : 0.4
0.873031 0.403096 0.640085 -0.731918 0.0581387 0.201578 1 0.0404482 -0.412109 : 0.6
0.811596 0.615132 0.820568 0.862737 -0.27885 -0.798822 0.736743 -0.617809 0.876574 : 0.2
0.607552 0.470562 0.874925 0.24309 -0.0202877 0.325906 0.586654 0.575469 0.459423 : 0.2
0.357115 0.366496 1 -0.695855 0.37961 0.328586 0.416752 0.354337 -0.657876 : 0.2
0.669566 1 0.936716 -0.626221 -0.555363 -0.190334 0.430068 -0.14059 0.533929 : 0.2
0.686968 0.468283 0.743583 -0.622531 0.120718 -0.661738 0.789952 -0.0640483 0.338296 : 0.5
0.587408 0.0409087 0.666603 -0.903835 0.548871 0.403752 0.828288 0.445178 0.0926347 : 0.4
0.61398 0.368624 0.905632 -0.842604 0.175716 -0.52882 0.651326 0.869888 0.14802 : 0.4
0.629386 0.373869 0.712358 -0.658925 0.204756 0.0555888 0.271959 0.218015 0.0778418 : 0.6
0.640609 0.293912 0.936853 -0.605412 0.00109503 -0.551645 0.425793 0.470145 0.342607 : 0.3
0.575123 0.193054 1 -0.859648 -0.193437 -0.112373 -0.383212 -0.761831 0.656896 : 0.1
0.419314 0.557506 0.866981 -0.576206 -0.041761 -0.609125 0.78116 -0.292244 0.891604 : 0.1
0.699218 0.381032 1 -0.734765 -0.230212 -0.0215135 0.888862 0.045709 0.60643 : 0.4
0.847278 0.466261 0.739705 -0.412042 -1 -0.512675 1 -0.0531687 -0.978445 : 0.4
0.625286 0.192033 0.884761 -1 -0.211608 0.240869 0.508623 1 -0.539045 : 0.3
0.760558 0.433473 1 -0.726254 -0.325005 -0.233891 1 -1 1 : 0.4
0.743627 0.372958 0.827077 -0.531316 -0.400517 -0.798855 -0.119252 -0.0555093 -0.494971 : 0.4
0.579698 0.204734 0.92029 -0.863803 -0.437732 -0.958472 -0.36345 0.507517 0.346787 : 0.5
0.510982 0.702123 0.695887 -0.680609 -0.516045 0.38652 0.955882 -0.402503 -0.508156 : 0.1
0.441096 0.327564 0.923319 0.0777001 -0.239966 -0.62977 -0.335703 0.547189 -1 : 0.4
0.551828 0.563448 0.905847 -0.54317 -0.197986 -0.158742 0.469888 -0.377126 -0.293948 : 0.5
0.336762 0.31447 0.761938 -0.649108 0.557455 -0.492844 0.420779 0.540361 -0.516026 : 0.2
0.761568 0.304833 0.776992 -0.361179 0.333735 0.0321406 0.844625 -0.221386 -0.0159328 : 0.5
0.904735 0.250675 0.950561 -0.958515 -0.0362195 -0.435127 0.951148 -0.120407 -0.543937 : 0.3
0.643111 0.237332 0.875279 -0.827882 0.0770875 -1 0.537594 0.221816 0.352415 : 0.5
0.541004 0.297321 0.855006 -0.270046 -0.19407 -0.127962 0.579341 0.0364172 0.0165767 : 0.3
0.843556 0.591735 0.719829 -0.0587745 -0.188781 0.171764 1 1 0.776192 : 0.4
0.470121 0.266961 0.91438 -0.835711 -0.267199 0.23631 0.321741 0.0656819 0.908162 : 0.6
0.624469 0.168743 0.630437 -0.453491 -0.247744 0.09405 0.554474 0.26134 0.142137 : 0.4
0.72781 0.413495 0.748338 -1 -0.29408 -0.455896 0.321957 0.543055 0.641523 : 0.4
0.515559 1 0.9408 -0.669654 0.133604 -0.421987 0.0695158 -0.0405326 -0.576971 : 0.4
0.522533 0.329835 0.882424 -0.596663 -0.737974 0.126214 -0.305459 -0.147015 0.0489879 : 0.2
0.563654 0.0264811 0.744861 -1 0.458839 0.154959 1 -0.0372746 0.444487 : 0.1
0.601259 0.36986 0.93228 0.620558 -0.110077 0.386083 1 0.560964 1 : 0.3
0.890855 0.44824 0.81121 -0.606023 0.627588 -0.214321 -0.185931 0.223255 0.294854 : 0.4
0.527705 0.246683 0.696389 -0.810221 0.0364194 0.215216 1 0.191664 0.392423 : 0.5
0.287289 0.29646 0.707359 -0.605086 -0.242059 -0.28815 -0.943465 0.663312 -0.341954 : 0
0.492443 0.476953 0.550623 -0.548573 0.148516 -0.0187329 0.943559 0.0503037 0.504659 : 0.2
0.598318 0.177955 0.795047 -0.619136 -0.15389 -0.0123193 -0.432785 0.412427 0.0144926 : 0.4
0.689135 0.434821 0.838262 -0.441659 -0.577926 0.496082 0.127061 0.279007 0.609241 : 0.2
0.816018 0.618027 0.737973 -1 -0.105382 -0.295451 0.740603 0.200526 1 : 0
0.667804 0.565565 0.70444 -0.481975 -0.0298692 -0.394216 -0.518176 0.282736 0.151232 : 0.4
0.91731 0.394941 0.90042 1 0.781721 -0.752931 0.998138 0.170711 -0.808044 : 0.2
0.707149 0.319278 0.932509 -0.801499 -0.257792 -0.111083 0.957539 -0.0201166 0.58324 : 0.2
0.684701 0.539685 0.91751 -0.416431 -0.266916 -0.199501 -0.711957 -0.767692 1 : 0.3
0.691186 0.414143 0.88848 -0.825676 -0.643631 0.350565 0.99801 0.603892 -0.477816 : 0.2
0.950765 0.638266 0.861505 -0.798791 -0.602183 -0.54348 1 -0.164804 0.218943 : 0.6
0.761453 0.26432 0.879364 -0.386018 0.696739 -0.536941 0.124645 -0.0413482 0.643805 : 0.3
0.486442 0.255703 0.933556 -0.903364 -0.0271032 -0.466719 0.911246 1 0.571857 : 0.4
0.523178 0.478216 0.941207 -0.585771 -1 -0.153305 0.663421 -1 0.832992 : 0.4
0.774565 0.19947 0.904188 -0.487646 0.0107717 -0.676688 0.0472547 0.473676 0.539519 : 0.5
0.837026 0.516294 0.875064 -0.685455 -0.495005 -0.231137 0.869755 0.104905 -0.966269 : 0.4
0.679283 0.936737 0.555188 -0.615031 -0.00940943 -0.0247346 -0.361875 0.0668084 -0.0664365 : 0.1
0.537347 0.421207 0.809092 -1 -0.319418 -0.517673 0.4768 0.273824 -0.702507 : 0.5
0.500937 0.46002 0.969401 0.334955 0.0924237 0.0426252 0.119164 1 0.783306 : 0.5
0.9323 0.378006 1 0.14661 -0.496954 -0.630875 0.171424 1 0.424159 : 0.3
0.672041 0.51618 0.860799 -1 0.0465707 -0.228515 -0.0436058 0.718529 1 : 0.3
0.622121 0.343917 0.93315 -0.494084 0.129164 -0.567319 0.531353 0.598058 0.0838271 : 0.2
1 0.169717 0.898636 -1 0.725236 -0.19956 0.885925 0.690652 0.721936 : 0.1
0.705766 1 0.636259 -0.624661 -0.0237839 -0.504975 0.886625 0.163477 0.969886 : 0
0.674349 0.472104 0.870309 -0.249077 0.484336 -0.465027 0.648455 0.340889 1 : 0.4
0.58924 0.234344 0.812347 -1 -0.295013 -0.675816 0.256027 0.914512 -0.328177 : 0.2
0.689922 0.514949 0.787827 -0.736274 -0.00180176 0.457769 0.349719 -0.997592 -0.290719 : 0.1
0.521069 0.579781 0.894461 -0.750908 -0.623768 0.0494835 0.727002 -1 -1 : 0.3
0.737045 0.236546 0.666314 -0.15321 -0.572655 -0.456763 0.743451 0.440574 1 : 0.4
0.73219 0.388366 1 -0.78748 -0.4797 -0.0589061 0.927346 0.323443 0.0999831 : 0.5
0.524706 0.338156 0.868358 -0.963109 -0.188459 -0.353536 1 1 0.708799 : 0.4
0.841019 0.305687 0.736947 0.0721412 0.234878 -0.0671636 0.686721 0.369108 0.488754 : 0.1
0.572833 0.363089 0.945152 -0.851589 -0.269491 -0.00409785 -0.553657 0.0792421 0.744998 : 0.5
0.579129 0.173014 0.863755 -0.387739 -0.25351 0.360291 0.982101 0.764405 0.494652 : 0.6
0.692129 0.367417 0.864411 -0.223069 0.123984 -0.337921 0.988026 1 0.831817 : 0.3
0.787452 0.448614 0.727379 -0.305351 -0.768057 1 0.487706 -0.0249265 1 : 0.4
0.975647 0.244888 0.912617 -0.684486 -0.782312 -0.433539 1 -0.802758 -0.223518 : 0.5
0.581002 0.338351 0.840198 0.0883977 -0.154048 -0.378513 0.679976 0.396566 0.467352 : 0.3
0.820429 0.782914 0.811582 -0.994621 -0.852957 -0.16668 0.340505 -0.42259 1 : 0
0.637723 0.307931 0.877635 -0.434585 0.535212 -0.00505854 0.205181 -0.131009 0.11321 : 0.5
0.935448 0.377432 1 -0.955308 -0.00387803 0.224885 0.493591 0.772263 0.614146 : 0.6
0.67891 0.623829 0.877206 -0.286888 1 0.178904 0.0130552 0.302538 0.0597006 : 0.1
1 0.28245 0.917355 -0.625473 -0.207134 -0.469418 0.926807 0.394528 -0.247035 : 0.3
0.382389 0.566805 1 -0.885904 0.301154 -0.205324 0.5665 0.537929 0.381178 : 0.1
0.777253 0.340918 0.919844 -1 0.162261 -1 1 0.492381 -0.750188 : 0.5
0.69158 0.342661 0.761846 -0.735401 -0.0383991 -0.181954 0.848835 -0.068365 1 : 0.4
0.330952 0.383571 0.788857 -0.668628 -0.387699 -0.304168 0.434171 -0.194549 -0.0686178 : 0.3
0.697326 0.513509 0.925607 -0.639752 0.0228799 -0.570861 1 -0.941265 -0.360721 : 0.4
0.688299 0.261708 0.922611 -0.66108 0.741143 -0.16465 0.633294 0.0724471 1 : 0.2
0.604124 0.370258 0.936914 -0.5934 0.124519 -0.524404 -0.941578 0.970703 1 : 0.4
0.69325 0.545746 0.973549 -0.489673 -0.212791 -0.0499455 -0.383628 0.384972 0.592787 : 0.4
0.737205 0.323301 0.817108 -1 -0.0132483 1 0.323083 0.0655791 -0.773835 : 0.1
