0.757823 0.31304 0.853539 -0.854767 -0.368536 -0.0513392 0.846735 0.935525 0.955036 : 0.2
0.447536 0.453541 0.891072 -1 -0.247774 -0.485268 0.869226 0.909553 0.423441 : 0.1
0.549774 0.395751 0.925997 -0.772253 -0.108547 -0.542851 0.233212 0.0469041 0.90347 : 0.5
0.612747 0.345496 0.698111 -0.58973 -0.352367 0.0716158 0.325425 0.568213 0.0180024 : 0.6
0.601367 0.415785 0.772926 -1 -0.223484 -0.108407 0.966688 0.10282 -0.190769 : 0.4
0.395437 0.286794 0.89427 -0.793831 1 -1 0.771381 0.465039 -0.949053 : 0.1
0.649511 0.270636 0.954625 -0.111007 -0.978335 -0.80174 -0.0698375 -0.745185 -0.396029 : 0
0.639726 0.371193 0.757959 -0.755687 -0.351518 -0.236355 0.777077 -1 0.449181 : 0.3
0.484829 0.448771 0.893903 -0.92978 0.721864 -0.843102 0.752852 -0.322132 -0.223492 : 0
0.593327 0.402552 0.780396 -0.627633 -0.578682 -0.503913 0.747814 0.43207 -0.430562 : 0.3
0.552564 0.407195 0.958559 -0.93389 -1 -0.653211 1 1 0.427143 : 0.4
0.99963 0.370257 0.786004 -0.970059 -0.517676 -0.544407 -0.969464 0.128803 -1 : 0.2
0.626741 0.372778 0.927303 -0.59082 -0.584395 -0.622227 1 0.446056 0.149881 : 0.4
0.637028 0.358546 0.962427 -0.990535 -0.0554123 0.739413 1 0.633258 0.843982 : 0.5
0.688267 0.324367 0.813098 -0.412137 -0.100692 -0.0438863 0.726106 -0.225844 1 : 0.4
0.904308 0.594545 0.868393 -0.723976 -0.206472 0.86974 0.387446 0.187646 0.0314375 : 0.4
0.911354 0.332361 1 -0.539616 -0.214091 -0.029307 0.137495 -0.734154 -1 : 0.6
0.656383 0.582873 0.833821 -1 0.525711 -0.43034 0.671732 -0.095015 1 : 0.5
0.574825 0.474671 0.834992 -0.898548 -1 -0.256536 0.14945 -0.402826 -0.0796101 : 0.4
0.638792 0.619506 0.829868 -0.980516 -0.440896 -0.225212 -1 1 0.40725 : 0.3
0.599023 0.498808 1 0.0316564 -0.205208 -0.488018 0.959286 -0.697847 -0.268107 : 0.2
0.43088 0.328706 0.905005 -0.846526 0.231723 -0.288122 0.5062 -0.326307 0.783754 : 0.2
0.708555 0.50352 0.947513 -0.753918 -0.19694 -0.120246 0.903753 0.3552 0.58351 : 0.4
0.857881 0.29765 0.736683 -0.08342 -0.184153 -0.0557036 0.849002 -0.279716 -0.0168203 : 0.1
0.636856 0.608019 0.711878 -0.975578 -0.992847 -0.159942 -0.801607 -0.423958 1 : 0.1
0.64133 0.548061 0.8332 -0.683768 -0.0482617 0.28385 -0.0598425 0.720314 -0.286542 : 0.4
0.659374 0.298324 1 -0.619115 -0.176982 -0.498245 -0.113981 0.512769 -0.562848 : 0.3
0.527831 0.523067 0.671434 -0.453816 0.394976 0.0109472 0.370388 -0.230984 0.840463 : 0.1
0.57313 0.921436 0.982527 0.281462 0.291033 -0.0979253 0.48684 0.64176 0.572765 : 0.2
0.58004 0.396549 0.861471 0.356149 -0.440739 -0.239539 -0.578439 0.325714 -0.297864 : 0.4
0.547423 0.449108 0.899368 -0.510756 0.547816 -0.658397 1 -0.166156 0.743783 : 0.2
0.471951 0.362475 1 -0.495065 -0.519368 0.712943 -0.442175 0.727912 1 : 0
0.714369 0.406398 0.696966 -0.591552 -0.422794 0.0446057 0.34609 0.410172 -0.809008 : 0.5
0.483761 -0.100169 1 -1 0.332159 -0.7256 0.152469 0.128164 -1 : 0
0.57039 0.40326 0.964581 -0.627507 -0.665915 0.300769 0.956471 0.519046 -0.322316 : 0.2
0.771855 0.45185 0.904861 -0.0517911 -0.553804 -0.425323 0.551725 -1 1 : 0.5
0.284935 0.239781 0.94454 -0.741328 -0.210064 -0.0911296 0.500916 0.8472 0.547829 : 0.3
0.415632 0.287714 0.949206 0.152245 -0.0413928 -0.350424 -0.72973 0.610475 -0.152443 : 0.4
1 1 0.767121 -0.372816 -0.131518 0.108598 0.740033 0.401554 -0.415898 : 0.3
0.717947 0.338133 1 -1 -0.985979 0.389968 0.191902 -0.163694 -0.373951 : 0.3
0.664224 0.526903 0.652118 -0.835484 1 -0.0173961 0.997307 1 0.629559 : 0.2
0.502081 0.299982 0.70945 -0.280883 0.205265 0.0273662 0.774946 -0.522324 0.588834 : 0.4
0.733085 0.443277 0.996771 0.135711 -0.507968 -0.456885 0.992956 -0.55067 -0.206405 : 0.2
0.780569 0.323603 0.773383 -0.538764 -0.138751 -0.330601 0.237853 -0.00785612 0.491526 : 0.5
0.724703 0.358385 0.837283 -0.883048 -0.14761 -0.341288 1 0.364456 0.372335 : 0.3
0.700131 0.548606 0.906783 -0.759452 -0.481738 0.488101 0.50664 0.140821 -0.654072 : 0.6
0.703746 1 0.801572 -0.0983776 -0.148792 -0.463133 0.0579832 -0.431497 -0.0392991 : 0.1
0.62301 0.364966 0.866505 -0.54217 0.111695 0.0653655 -0.116789 0.270802 1 : 0.2
0.401021 0.331241 0.897913 -0.495735 0.346113 0.150449 0.105973 -0.363476 -0.595416 : 0.4
0.614182 0.856855 0.780075 -0.300738 0.323009 -0.55631 0.484404 0.123637 0.965597 : 0.3
0.804816 0.492361 0.68817 -0.322741 -0.486958 0.577848 0.183761 0.187391 0.573236 : 0.2
0.747543 0.333445 0.827822 -1 0.00510526 1 0.300299 0.126104 -0.413473 : 0.2
0.443201 0.297817 1 -0.800838 0.308123 0.0278513 0.58945 0.497721 -0.122972 : 0.5
0.679684 0.597431 0.65232 -0.867324 0.537087 -0.0179927 0.514102 0.245525 0.557017 : 0.5
0.524945 0.43693 0.899019 -1 -0.00664645 -0.322888 0.392945 -0.299135 0.571541 : 0.6
0.671198 0.35444 0.831642 -0.369666 -0.0847263 0.628291 0.025249 -0.733646 -0.186789 : 0.4
0.484457 -0.491539 0.845533 -0.528568 0.336861 0.840759 0.285945 0.0479251 0.53418 : 0
0.8604 0.378076 0.878833 -0.778781 -0.465609 -0.669787 0.452422 -0.139172 0.39879 : 0.4
0.762637 0.409217 0.605406 -0.638505 0.0571122 -0.404294 1 0.751058 -1 : 0.1
0.689202 0.161426 0.491884 0.0711576 -1 0.445844 0.464432 0.334807 -0.615511 : 0
1 0.0352502 0.869378 -0.6628 -0.315393 0.907348 1 -0.282671 0.642419 : 0.2
0.626822 0.364705 1 -0.792051 -0.515712 0.0694219 -0.772869 1 -0.93518 : 0.3
0.584658 0.27031 0.79813 -0.876624 -0.773481 -0.29625 0.0213946 0.865527 0.313657 : 0.7
0.313783 0.0453212 0.898966 -0.88858 -0.574403 -0.414469 0.837666 0.962746 0.23594 : 0
0.484823 0.502335 0.968848 0.837198 -0.164286 -0.825713 0.950019 0.83513 -0.214778 : 0
1 0.31701 1 -0.560615 0.710081 -0.013478 0.775401 0.562332 0.488337 : 0.5
0.657581 0.469552 0.916639 -0.719807 -0.131608 -0.112114 -0.0961466 -0.0746492 0.506643 : 0.3
0.673137 0.421305 0.863924 -0.982647 0.239108 -0.557387 0.628416 0.757968 0.212448 : 0.4
0.549757 0.352426 0.673237 -0.312875 -0.382993 0.162487 -0.450784 -0.0442066 0.244885 : 0.2
0.567183 0.363822 0.569567 -0.725558 0.0778178 -0.347679 1 0.15056 -0.732191 : 0.6
0.592931 0.500947 0.874412 -0.636528 -0.36794 -0.00427245 -0.00139189 0.25476 1 : 0.6
0.251455 0.880648 0.87621 -0.993894 -0.447711 -0.555248 0.469639 -0.452905 0.924635 : 0.1
0.530085 0.155395 0.720147 -0.749708 0.201034 0.135063 0.836657 0.280189 0.446339 : 0.1
0.645237 0.166703 0.976632 -0.272697 -0.716125 0.04823 0.401043 0.735802 0.0792537 : 0.5
0.702289 0.855121 0.642226 -0.584322 0.214064 -0.507497 1 0.140722 0.348962 : 0.1
1 0.554337 1 -0.783216 0.759747 0.541648 0.256478 0.422294 -0.295769 : 0.3
0.672424 0.378986 0.963902 -0.589949 0.0155985 0.274098 0.74259 0.154798 -0.299353 : 0.1
0.640342 0.455795 0.86155 -0.183455 0.427205 -0.172896 -0.682319 -0.152923 1 : 0.1
0.442243 0.353775 0.826627 -0.355714 -0.191506 -0.411643 0.131866 0.778678 0.542168 : 0.4
0.746148 0.489539 0.857403 -0.939717 -0.00107843 -0.27523 0.0267815 0.689653 1 : 0.4
0.830828 0.381294 0.84564 -0.479477 -0.253723 -0.186341 0.268797 0.585272 -0.555349 : 0.5
0.631005 0.0541572 0.779551 -0.817959 0.589458 0.270326 0.453492 -1 -0.540455 : 0.3
0.667623 0.876379 0.944296 -0.469123 -0.517986 0.00128198 0.131577 -0.17956 0.580875 : 0.3
0.652862 0.304692 0.814293 -0.576919 -0.282387 -0.146958 1 -0.538501 -1 : 0.3
0.623406 0.319599 0.906624 -0.172979 -0.0409049 -0.270211 0.945958 0.210877 -0.0469394 : 0.5
0.675014 0.210637 0.796414 -0.413326 -0.140325 0.107246 0.220617 0.535569 -0.629936 : 0.5
0.68161 0.365033 0.986264 -0.809904 -0.352757 0.810401 0.732481 0.664609 0.542995 : 0.4
0.625469 1 0.669228 -0.796797 0.0609447 -0.192383 0.487045 0.202303 0.0262128 : 0.1
0.454352 0.328375 1 0.879737 -0.475344 -0.415284 0.654723 -1 -0.443229 : 0.1
0.506876 0.614127 1 -0.0638419 -0.426852 -0.774481 0.619349 0.0115373 -1 : 0.1
0.941074 0.106452 0.894875 -0.861328 -0.423992 -0.53576 0.884817 0.692391 0.560358 : 0.4
0.556724 0.891366 1 -0.572721 -0.425318 0.103723 0.33105 0.407627 1 : 0.1
0.678463 0.201781 1 -0.553289 0.0480667 -0.00161374 0.49529 0.777585 0.783566 : 0.6
1 0.749136 0.366887 -0.862871 0.735894 0.24904 0.321496 0.662626 0.218255 : 0.1
0.858661 0.299651 0.755243 -0.466553 -0.17999 0.0262842 1 0.862901 0.353348 : 0.1
0.658283 0.605938 0.772522 -0.800943 -0.0674339 -0.529688 0.107955 0.516625 0.996848 : 0.4
0.573563 0.410821 0.616004 -0.637913 -0.845084 -0.274167 -0.663914 0.483381 -0.206878 : 0
0.677855 0.413952 0.888166 -1 -0.43927 -0.742586 1 0.830951 0.217595 : 0.6
0.766053 0.605213 0.775131 0.0728331 -0.9244 -0.328971 -1 0.729732 -0.427193 : 0.2
0.632812 0.32773 0.884807 -0.861604 -0.223193 0.730265 0.751622 0.991842 0.133864 : 0.5
0.80848 1 0.845908 -0.718348 0.119259 0.0113748 -1 0.0751172 1 : 0.2
0.703415 0.28595 0.865364 -0.643798 -0.239645 0.630069 0.792271 0.0422357 -0.20828 : 0.6
0.595088 0.53392 0.998166 -1 0.200697 0.412786 1 0.505048 0.850611 : 0.3
0.693655 0.460714 0.8708 -0.940153 -0.414337 -0.535545 1 -0.210565 0.420091 : 0.3
0.489333 0.370607 1 -0.502835 -0.285179 -0.417864 -0.576802 0.064953 0.615445 : 0
0.62493 0.269158 0.816213 -0.0195383 -0.166046 0.266324 0.153173 -0.731874 -0.156117 : 0.5
0.931879 0.297262 0.742212 -0.553681 0.279176 -0.250942 0.720471 -0.208411 -0.114712 : 0.1
0.698881 0.40969 0.860932 -0.848447 0.274516 0.568221 0.510879 0.42178 0.494874 : 0.5
0.718448 0.782904 0.749793 -0.360742 -0.169176 -0.465657 0.384679 0.376066 0.706414 : 0.3
0.561022 0.43529 0.8864 -1 -0.360822 0.538872 0.22115 0.708399 0.264688 : 0.2
1 0.317903 0.933463 -0.836497 -0.260015 -0.172526 0.867343 -0.174837 -0.752917 : 0.5
0.74478 0.473996 0.862905 -0.618215 0.077216 -0.204132 -1 0.480235 -0.284408 : 0.3
0.639452 0.390387 0.832911 -0.378699 0.10208 -0.173218 1 0.0470898 0.790624 : 0.5
0.728113 0.645892 0.829855 0.133055 -0.274876 -0.325587 0.401743 0.76545 0.825958 : 0.3
0.748228 0.7263 0.870887 -0.675913 -0.402382 -0.0407358 0.467521 0.696152 -0.934792 : 0.4
0.794026 0.231464 0.820716 -0.971042 -0.276043 -0.543811 0.451335 0.949898 -0.399717 : 0.4
0.716241 0.38231 0.89977 -1 -0.30458 0.522038 0.248192 -0.133894 0.75386 : 0.6
0.831143 0.448683 0.957014 -0.86002 -0.0460132 0.0887724 -0.640491 0.241522 0.777058 : 0.5
0.91754 0.214287 0.809178 -0.600289 0.260525 -0.618029 0.743474 -0.55806 -0.304879 : 0.3
1 0.515454 0.930918 -0.541654 -0.347768 -0.0897991 -1 0.321272 1 : 0.5
0.595702 0.650916 0.894706 -0.605254 -0.335052 -0.32964 0.377239 0.0059182 -3.21865e-06 : 0.3
0.883503 0.76052 1 -0.846483 -0.479164 0.975621 0.195257 0.724213 0.274844 : 0
0.9869 0.35569 0.566989 -0.678785 -0.28938 0.831276 0.814417 0.37623 0.01201 : 0
0.755766 0.476301 0.971238 -0.401096 0.493087 -0.454224 -0.0556996 1 0.990456 : 0.1
0.476365 0.43865 0.849682 -0.903015 0.363977 -1 0.78321 0.955116 0.56532 : 0.3
0.713875 0.380096 0.837456 -0.917053 -0.415948 -0.53358 0.858707 0.0846071 0.966054 : 0.2
0.676433 0.32122 0.621928 -0.921183 0.412842 -0.502309 0.823084 -0.219606 0.329425 : 0.3
0.627778 0.14798 0.862301 -0.606803 -0.493044 -0.391485 0.497177 0.50251 0.878842 : 0.2
0.53509 0.311161 0.785477 -0.611045 -0.257079 -0.543382 0.873158 0.395704 -0.151767 : 0.4
0.703702 0.489074 1 -0.396523 -0.195237 0.0574791 0.144179 1 -0.444069 : 0.5
0.579482 0.0637119 0.883467 -0.608673 -0.321253 0.236381 1 0.226091 0.50342 : 0.6
0.776551 0.503817 0.830503 -0.731393 -0.693596 -0.309313 0.232042 0.0245322 0.676663 : 0.3
0.696646 0.439654 0.849572 -0.639822 0.522403 -0.444531 0.147561 0.317179 -0.281487 : 0.4
0.835074 0.618723 0.88392 -0.718359 -0.518704 -0.364999 0.603149 0.149952 0.2513 : 0.5
0.27377 0.963721 0.829577 0.101607 1 -0.374406 0.982675 -0.186686 0.612969 : 0
0.977907 0.292971 0.793284 -0.472921 -0.587248 -0.474618 0.957608 -0.675346 -0.166879 : 0.5
0.873929 0.43671 0.823146 -0.907513 -0.421287 -0.335135 0.10494 0.626045 -0.317424 : 0.5
0.653693 0.382311 0.936778 -0.822957 -0.308494 0.577439 0.630913 0.364412 0.380114 : 0.3
0.58666 0.564607 0.765247 -0.795213 -0.709038 0.661221 -0.0857673 0.759606 0.761601 : 0.1
0.454772 0.551435 0.902983 -0.476385 0.780465 -0.607357 0.359726 0.313784 -0.4712 : 0.1
0.693804 0.417106 0.947631 -0.889969 -0.138919 -0.461063 0.979125 0.912235 -0.307279 : 0.3
0.673349 0.428943 0.946264 -0.993714 0.0833865 -0.698618 -0.162447 0.555511 0.195748 : 0.2
0.59848 0.300611 0.960618 -1 -0.376006 -0.386159 0.374139 0.152587 -0.244978 : 0.2
0.56159 0.504631 0.851176 -0.819071 -1 -0.221045 -0.508394 0.198244 0.401081 : 0.2
0.6072 0.246659 0.895016 -0.685577 -0.336945 0.469008 1 1 -0.728711 : 0.6
0.571709 1 0.535787 -0.735584 -0.378859 0.200464 0.218692 0.74711 0.862462 : 0.3
0.639066 0.456436 0.907909 -0.684122 -0.63639 -0.571988 0.881943 0.344474 0.410358 : 0.4
0.777995 0.373205 0.789965 -0.322028 -0.0881825 -0.46768 -0.0165781 0.646058 0.510232 : 0.4
0.482881 0.617841 0.998644 -1 -0.253064 0.330296 -0.0412548 0.395839 0.149809 : 0.3
0.633646 0.328715 0.945024 -0.852221 -0.239959 -0.0955617 0.818266 -0.49573 0.852986 : 0.5
0.690445 0.395086 0.7757 -1 -0.238046 -0.646492 0.456941 -0.725018 -0.258239 : 0.4
0.630261 0.760179 0.619122 -0.428306 -0.421614 -0.417408 -0.515715 0.784939 -0.57762 : 0.1
0.637832 0.268717 0.876588 -1 -0.278155 -0.821793 -1 0.0827534 0.157807 : 0.3
0.578799 0.675142 0.81887 -0.943501 0.187957 0.494485 -0.224411 0.673485 0.661535 : 0.1
0.516241 0.53283 1 -0.69995 0.137205 0.128623 0.247452 1 0.168912 : 0.7
0.657346 0.355195 0.927087 -1 -0.252862 0.349201 -0.80701 -0.344145 0.582428 : 0.1
0.677117 0.441979 0.88839 -0.786476 0.320278 -1 0.59879 1 0.366259 : 0.3
0.692265 0.343325 0.733221 -0.720769 -0.309538 -0.13715 -0.0910193 -0.0908279 1 : 0.4
0.713298 0.603312 0.814869 -0.259592 -0.536501 -0.151806 0.923225 0.425758 0.855406 : 0.6
0.254293 0.232267 0.867613 -0.653895 0.184029 0.281291 0.554431 -0.67293 0.751968 : 0.4
1 0.436008 0.822048 -0.705493 -0.176387 1 -0.187468 -1 1 : 0.3
0.746877 0.175665 1 -1 -0.780579 0.913362 -0.315204 -0.48806 -0.096289 : 0.3
0.734243 0.251194 0.573337 -0.574318 0.689076 0.201515 0.377665 0.012499 -0.12186 : 0.2
0.79699 0.597271 0.849459 -0.42563 -0.0692731 -0.211984 0.0705224 -0.0611934 -0.301746 : 0.7
0.633331 0.366276 0.953332 -0.872783 -0.425129 1 0.554458 0.817392 0.169295 : 0.3
0.576773 0.28607 0.978145 -0.381691 -0.177084 -0.0398023 0.689408 0.667328 0.138596 : 0.4
0.986461 0.298774 1 -0.913754 -0.425345 -0.350481 0.349961 1 0.739407 : 0.4
0.637473 0.394026 0.935262 -0.34458 0.140365 0.125146 0.999794 0.949745 0.786627 : 0.2
0.687318 0.30681 0.740589 -0.473696 -0.278571 0.228881 0.127445 0.803875 0.469616 : 0.2
0.507966 0.31092 1 -0.472039 -0.148843 -0.567472 0.0812526 0.546894 0.857147 : 0.6
0.933765 0.392919 0.581712 -0.314068 -0.120173 -0.250528 -0.986599 0.323574 -0.489571 : 0
0.557816 0.601189 0.835343 0.772482 -0.359835 -0.675806 0.993017 -0.260928 0.532107 : 0.2
0.465572 0.371511 0.782348 -0.429097 -0.217747 0.662931 0.248432 0.983663 0.120009 : 0.1
0.541302 0.2753 0.888637 -0.453943 -0.229964 -0.389515 -0.0937965 -0.231433 0.101745 : 0.6
0.520383 -0.0224074 0.989733 -0.567168 -0.363561 -1 0.0478539 -0.108604 -0.0980518 : 0.1
0.83566 0.502151 1 -0.662261 -0.781858 -0.516605 -0.671551 0.0150273 1 : 0.5
0.958689 0.388725 0.99472 -0.5594 -0.0355487 0.0601398 -1 0.44007 1 : 0
0.829837 0.775165 0.835554 0.0653535 -0.0319302 0.0129244 0.959927 0.0707762 0.55149 : 0.4
0.611317 0.29998 0.677063 -0.763531 -1 -0.341612 -0.173894 -0.54909 1 : 0
0.793064 0.532858 0.801947 -0.801501 0.911832 -0.723037 0.708377 0.767655 0.460393 : 0.6
0.692344 0.399271 0.886365 -0.234171 0.246274 -0.708987 0.991674 0.498382 0.108387 : 0.4
0.667683 0.291851 0.867292 -0.371579 -0.197045 -0.697459 0.87573 0.525952 0.980033 : 0.2
0.586062 0.301498 0.770291 -0.726788 -1 0.0100565 0.309253 0.917868 0.381908 : 0
0.784174 0.377715 0.712792 -0.105593 -0.465117 -0.151196 -0.547849 0.548327 0.409485 : 0.3
0.501181 0.267852 1 -0.491443 -0.162579 -1 0.94356 -0.431632 0.690262 : 0.2
0.517183 0.437611 0.815639 -1 -0.140328 -0.0557491 0.291496 -0.269358 0.683374 : 0.3
0.826234 0.641034 0.926077 -0.833979 0.0458697 -0.0266404 0.83782 0.990909 0.853123 : 0.5
0.601685 0.57336 0.788552 -0.259362 0.251896 -0.420215 0.877091 0.0343917 -0.138215 : 0.1
0.579213 0.401396 0.820581 -1 -0.140072 -0.619925 0.276331 0.0761961 0.152859 : 0.3
0.46008 0.466862 0.980639 -0.230452 -1 -0.00789157 0.723911 0.516092 0.383172 : 0.3
0.645187 0.289758 0.730849 -0.532906 0.0638627 -0.458628 0.635526 0.205488 0.586248 : 0.5
0.581965 0.156072 0.739832 -0.61513 -0.0984906 -1 -0.0207358 0.483222 0.798834 : 0.2
0.639784 0.964926 0.801047 -0.603377 -0.555508 -0.392284 0.385547 -0.138129 -0.140519 : 0.2
0.621016 0.355457 0.910816 -0.691898 -0.264866 -0.754881 0.491681 0.253065 -0.149682 : 0.5
0.681392 0.26507 0.720692 -0.749213 -0.394354 0.23648 0.403084 0.00223741 0.851542 : 0.4
0.65281 0.260807 0.875239 -0.818569 -0.0224235 1 0.363118 0.219736 -0.20689 : 0.2
0.466434 0.309299 0.576927 -1 -0.39667 -0.613579 1 0.687198 0.163486 : 0.2
0.900052 0.183504 0.765257 -0.275638 -0.413303 -0.355431 -0.695282 0.634796 -0.195206 : 0.3
0.718549 0.468048 0.85046 -0.120025 0.58975 0.132736 0.63766 0.730708 0.144003 : 0.3
0.608837 0.486314 0.985979 -0.788891 -0.392292 0.887549 -0.451062 0.697938 0.638178 : 0.1
0.696743 0.424164 0.789387 -0.668177 0.021006 0.0713581 0.710169 0.423498 0.171267 : 0.8
0.586576 0.345051 0.821998 -0.358848 -0.421457 -0.0432401 0.952832 -0.427293 0.197502 : 0.2
0.690858 0.433511 1 -0.86713 -0.383934 -0.0581309 0.691976 0.943063 0.204479 : 0.5
0.517122 0.20279 0.93299 -0.900203 -0.227224 -0.114177 0.999625 -0.720312 0.705482 : 0.2
0.609733 0.455363 1 -0.558189 0.285537 -0.604707 0.356928 -0.644591 -0.831618 : 0.4
0.819395 0.436568 0.877782 -0.760744 0.10254 -0.154857 -0.0345684 0.0532357 0.856618 : 0.6
0.654658 0.458049 0.902579 -0.450036 -0.252584 0.61898 1 0.61002 0.846705 : 0.2
0.5405 0.491807 0.959815 0.104535 -0.347558 -0.337003 0.29199 1 0.188943 : 0.2
0.935432 0.450619 0.915166 -0.778604 -0.422639 -0.0664524 -0.31669 0.889066 0.055492 : 0.3
0.680304 0.311102 0.709108 -1 0.263042 0.0388809 0.754421 0.643872 -1 : 0.5
0.57887 0.580521 0.992802 -0.782121 -0.432278 -0.9241 0.266446 0.439475 0.0997144 : 0.5
0.764076 0.240972 0.961699 -0.731304 -0.344238 0.690487 0.500259 0.147288 0.62023 : 0.5
0.827634 0.207712 0.72573 -0.457959 -0.229907 -0.407916 -0.572713 0.993433 -0.261475 : 0.2
0.539397 0.351515 0.907856 -0.740787 -0.341632 -0.135356 0.558353 0.104356 0.711422 : 0.7
0.876339 0.470799 1 -0.452348 -0.466316 -0.40422 0.748883 0.263898 0.792779 : 0.5
0.62852 0.375902 0.933794 0.063754 -0.122984 -0.259494 0.985958 0.299994 0.185491 : 0.4
0.814485 0.510251 0.840486 0.462111 0.437908 0.458358 0.926815 0.402428 0.207346 : 0.2
1 0.452485 0.940683 -0.728778 -0.248786 -0.283658 0.0402324 0.432668 0.490858 : 0.6
0.588506 0.30971 0.851893 -0.485712 -0.199042 -0.461836 -0.518858 0.462097 0.7979 : 0.4
0.841687 0.306829 0.593267 -0.644378 0.0856971 -0.551962 0.684037 -0.119334 0.39202 : 0.6
0.768532 0.314411 0.756255 -0.727219 -0.233579 -0.0141035 0.89744 0.337533 1 : 0.4
0.660111 0.456651 0.954776 -0.77573 -0.469765 -0.610767 1 0.522167 0.711554 : 0.4
0.44146 0.283118 0.888972 -1 -0.109628 -0.26539 -0.235709 0.364278 -1 : 0.2
0.560373 0.556785 0.771793 -0.567601 -0.381859 -0.279402 -1 0.0715108 0.579241 : 0.3
0.617251 0.412064 0.836137 -0.756232 -0.307854 0.0342888 0.449908 0.566839 0.526602 : 0.4
0.606296 0.436558 0.909609 -0.717387 -0.676746 -0.00502676 0.338824 -0.429079 0.390876 : 0.3
0.568188 0.326163 0.791682 -0.606764 -0.292633 -0.245786 0.154703 0.89491 0.160481 : 0.4
0.584079 0.392386 0.991499 -0.737775 -0.426315 0.293844 0.908732 0.243428 0.469492 : 0.5
0.457301 0.494672 0.803347 -0.742169 -0.997569 -0.671794 1 0.0408524 0.25686 : 0.1
0.699513 0.31888 1 -0.987637 -0.215452 1 -0.0610736 0.206376 -0.74384 : 0.3
0.698296 0.89884 0.839383 -0.0878289 -0.618448 -0.514588 0.578242 -0.0918904 0.590005 : 0.2
0.741002 0.360371 1 -0.637311 0.144847 0.182242 0.644001 0.624794 1 : 0.5
0.858447 0.469187 1 -0.670557 0.14434 -0.901996 0.691225 0.87436 0.176292 : 0.5
0.947006 0.494932 0.812969 1 -0.298383 0.194131 0.812509 -0.518183 -0.938052 : 0.4
0.651994 0.386086 1 -0.829725 -0.362248 -1 -0.040578 -0.192098 -0.36721 : 0.5
0.48261 0.290365 0.763927 -0.764146 -0.994509 -0.503512 0.401834 0.357978 0.000591755 : 0.4
0.726056 0.30634 0.882921 -0.842991 -0.394777 0.154624 0.315354 1 -0.501844 : 0.6
0.623374 0.339799 1 -0.748913 -0.323191 -0.443067 0.96342 0.232265 0.185629 : 0.3
0.514355 0.796008 0.977779 -0.708731 -0.930167 -0.575158 0.350823 0.0978783 0.604405 : 0.1
0.375329 0.343379 1 -0.255248 -0.0726467 0.530025 1 0.795528 0.30087 : 0.1
0.103387 0.145488 0.793516 -0.479672 -0.295804 -0.297272 -0.142919 0.781028 -0.877887 : 0
0.636851 0.377976 0.886033 -0.864044 0.151725 -0.607631 0.00515628 0.920744 0.15355 : 0.4
0.609287 0.395256 0.762196 -0.692226 -1 -0.348808 -0.155284 -0.0920168 -0.181305 : 0.1
0.539539 0.46477 0.903785 -0.873828 -0.660704 -0.955119 -0.128752 -0.570977 -0.146343 : 0.2
0.751118 0.671654 0.836809 0.050295 -0.487199 -0.529674 0.377182 0.563184 -0.631785 : 0.5
0.692181 0.447046 0.83168 -0.620322 -0.589764 -0.424922 0.213958 -0.442337 0.176181 : 0.4
0.502189 0.518943 0.741448 -0.812936 -0.229016 -0.39417 -0.456428 0.701143 0.048679 : 0.5
0.539087 0.338391 0.867019 -0.563294 -0.0689861 -0.12123 1 -0.231493 1 : 0.5
0.615036 0.535752 0.728364 -0.48623 -0.601462 0.127607 -0.693034 0.390064 0.673489 : 0.1
0.47096 0.35207 0.960306 -0.657064 0.0157405 0.419731 0.771356 0.595051 -0.471029 : 0.5
0.637995 0.433651 0.573185 -0.743604 0.104851 -0.103775 0.787079 0.0504196 -1 : 0.5
0.937783 0.347368 1 -0.839952 -0.136228 -0.386736 1 0.244823 -0.556214 : 0.4
0.567282 0.37096 0.776473 -0.205611 0.133995 -0.298504 0.772663 -0.292503 0.934815 : 0.4
0.606727 0.312314 0.808209 -0.991061 -0.297584 -0.538264 -0.00973392 0.566796 -0.301054 : 0.5
0.779731 0.436237 0.764409 -0.753944 -0.0451463 0.044894 0.870691 0.345918 1 : 0.5
1 0.483155 0.863 -0.651682 -0.538472 -0.464035 0.79395 -0.114912 0.223942 : 0.3
0.47952 0.435399 0.874468 -0.888203 -0.106087 -0.309019 0.453172 0.176026 0.533567 : 0.2
0.776768 0.329981 0.790772 -0.344244 -0.358409 -0.414995 -0.214199 0.87749 -0.42029 : 0.4
0.626031 0.485822 0.833054 -0.422189 -0.190499 0.0355359 0.350109 0.131069 -0.801711 : 0.4
0.555176 0.403729 0.847926 -0.947181 -0.380022 -0.340109 0.569691 0.567455 -0.120916 : 0.3
0.67774 0.585533 0.917544 0.582373 -0.230146 -0.157476 0.438329 -0.64375 -0.31949 : 0.4
0.487984 0.333133 0.859421 -0.931735 -0.0868592 -0.477238 -0.300215 1 0.194103 : 0.5
0.586388 0.388662 0.874168 -1 -0.174425 0.142527 0.564885 -0.297445 0.0790714 : 0.4
0.668196 0.57885 0.829729 -0.830123 -0.29321 0.175867 1 0.989408 1 : 0.4
0.627492 0.39154 0.768697 -1 -0.379027 -0.342136 -1 0.689503 -0.12675 : 0.5
0.557052 0.536488 0.500435 -0.590344 -0.273217 -0.236711 -0.914042 0.243895 0.108434 : 0.2
0.630413 0.296313 0.830281 -0.434011 -0.092342 0.333242 0.233016 0.390037 0.161859 : 0.4
0.711158 0.541644 0.996239 -0.354882 0.18061 -0.202711 0.406108 0.0943005 0.786698 : 0.6
0.621207 0.636293 1 -0.316901 -0.077346 0.376227 0.223166 1 -1 : 0.1
0.710682 0.491121 0.898766 -1 0.387891 -0.191865 0.696216 -0.000723161 0.456366 : 0.5
0.953304 0.279323 1 -0.788856 -0.00877178 -0.446263 0.377446 0.540783 0.421725 : 0.6
0.653353 0.32076 0.860926 -0.694133 -0.128682 0.307631 1 0.168792 0.34186 : 0.3
0.718348 0.250524 0.85787 -0.122904 -0.741862 -0.351898 -0.184497 0.29153 0.248827 : 0.5
0.588601 0.469849 0.784756 -1 0.0346966 -0.638496 0.373088 -0.317437 -0.312556 : 0.3
0.670971 1 0.887304 -0.261726 -0.393645 -0.0677007 0.911703 0.609503 1 : 0.3
0.780712 0.313049 0.772333 -0.935656 -0.077643 0.0696771 0.776791 0.829376 1 : 0.7
0.232051 0.233871 0.898666 -0.676882 -0.38846 -0.766222 0.844315 0.268143 0.876894 : 0
0.486638 0.295062 0.935655 0.174534 -0.839791 -0.307222 -0.979076 0.72104 -0.145715 : 0.1
0.471215 0.334053 0.938884 -1 -0.364468 -0.213348 1 1 -0.0938728 : 0.7
0.651767 0.634461 0.837568 1 -0.468612 0.157797 -0.343139 0.112495 -0.377891 : 0.1
0.672477 0.348381 0.936262 -0.459718 -0.201978 -0.0605976 -0.41054 -0.0570744 -0.017048 : 0.4
0.58777 0.420187 1 -0.780071 -0.134169 0.736537 0.982212 0.223608 -0.0376341 : 0.2
0.639636 0.385644 0.913208 -0.764907 -0.272286 0.411779 0.542144 0.235056 0.876378 : 0.6
0.930346 0.277706 1 -0.778439 -0.410691 -0.35917 -0.209977 0.417517 0.0179467 : 0.2
0.491074 0.346898 0.84142 -1 -0.172993 -0.247243 0.343288 0.063351 0.62097 : 0.5
0.512812 0.266524 0.927 -0.344591 0.723271 -0.629357 -0.027596 0.469455 0.660469 : 0.2
0.637283 0.504112 0.876792 -0.822229 0.295353 -0.99494 1 -0.254401 0.196275 : 0.1
0.581522 0.442288 1 -0.82896 -0.52888 -0.62147 0.114367 0.256299 0.270155 : 0.5
0.944239 0.34216 0.856082 -0.847742 -0.445795 -0.512178 0.447532 1 -0.062797 : 0.4
0.678868 0.114682 0.956167 -0.851016 0.129509 -0.402468 0.288382 1 0.252856 : 0.2
0.928866 0.37465 0.9291 -0.563335 0.220057 -0.435537 0.749256 1 -0.706703 : 0.4
0.6804 0.584482 0.897454 -0.121327 1 0.237067 0.887789 0.698422 0.973841 : 0.4
0.862997 0.495399 0.835732 -0.441959 -0.201533 0.373019 0.607869 0.985246 -1 : 0.3
0.507105 0.396785 0.884246 -0.692106 0.0651737 -0.433614 1 0.13716 0.942487 : 0.3
0.780206 0.318078 1 -0.796305 -0.232629 0.884839 1 0.847345 -0.731614 : 0.5
0.68623 0.62584 0.852328 -0.676629 0.0079121 0.0275734 0.365559 0.480925 0.744212 : 0.3
0.895591 0.399162 0.982065 -0.478597 0.721017 -1 0.411597 0.80475 -0.0196688 : 0.1
0.5846 0.619992 0.748281 -0.568449 -0.77589 -0.170199 -0.372213 -0.022558 0.63534 : 0.1
0.64479 0.298083 0.920485 -0.478227 -0.413492 -0.0818837 -0.48562 0.820598 0.326718 : 0.3
0.301841 0.359832 0.828568 -0.612571 0.533727 -1 0.00408527 0.0876486 -0.289617 : 0.3
0.482959 0.375201 0.867957 -0.605146 -0.504955 -0.199301 -0.172244 0.891327 0.164875 : 0.2
0.944853 0.504412 0.816439 -0.917911 0.467092 -0.0478059 0.412112 -0.172286 -0.475088 : 0.5
0.507202 0.645696 0.739172 -0.699652 -0.609842 -0.0513733 0.64662 -0.489202 0.66661 : 0.2
0.640551 0.424194 0.930143 -0.730618 -0.125939 0.353531 1 0.532476 -0.0772889 : 0.5
0.602551 1 0.962386 -0.847392 -0.176134 -0.574073 0.937889 -0.158658 -0.285929 : 0.2
0.606315 0.305714 0.952517 -0.644833 -0.0322109 -0.209034 0.810413 0.0858131 -1 : 0.7
0.680161 0.277792 0.769228 -0.528474 -0.0900615 -0.493685 -1 -0.0343128 1 : 0.3
1 0.310782 0.917478 -0.903313 0.0862479 0.167505 0.54356 0.277145 0.715496 : 0.5
0.823551 0.395488 0.904471 -0.166309 -1 0.890288 -0.398677 -0.0663777 0.105592 : 0.2
0.893517 0.409023 0.988512 -0.725907 -0.18722 -0.372767 -1 1 -0.831038 : 0.3
0.725171 0.397887 0.716035 -0.848427 0.658339 0.186326 0.352166 0.241216 0.74249 : 0.6
0.631969 0.315062 0.884178 -0.770872 0.0862784 -0.352483 0.66972 0.629115 0.183152 : 0.2
0.238131 1 0.818943 -0.444186 0.169144 0.949335 0.38889 -0.347549 0.310194 : 0.1
0.602188 0.548779 0.968971 -0.633253 -0.467676 -0.566415 1 0.757194 0.41593 : 0.1
0.58374 0.375429 0.85505 -1 -0.025391 -0.124245 1 0.798462 0.85799 : 0.4
0.542751 0.393602 0.855444 -0.647566 -0.231432 -0.361913 0.7988 0.629575 1 : 0.3
0.718046 0.933793 0.927668 0.117246 -0.0378343 0.238842 0.505068 -0.0520561 0.542793 : 0.3
0.794733 0.450301 0.733663 -0.50002 0.336985 -0.603921 0.996702 0.00185287 0.89634 : 0.3
1 0.602223 0.880349 -0.993614 -1 -0.237084 0.814025 0.158825 0.0637879 : 0.4
0.620824 0.247317 0.76853 -0.264213 -1 -0.163767 0.708128 0.189303 0.139732 : 0.4
0.507189 0.367353 0.815511 -0.569243 0.482 -0.437848 1 1 0.64885 : 0.1
0.570453 0.495459 0.885472 -1 0.481212 -0.233796 0.876613 0.65897 0.201825 : 0.5
0.792401 0.624537 0.928838 -0.658948 0.232921 -0.169911 0.504763 0.17721 0.121997 : 0.4
0.593023 0.383193 0.72242 -0.550361 -0.27302 -0.38628 1 0.966277 -0.733768 : 0.5
0.424439 0.0774855 0.982427 -0.834405 0.0709538 -0.373035 0.370004 0.944844 0.484257 : 0.3
0.350993 0.369523 0.977439 -0.505309 -0.308737 -0.0764484 0.867102 0.00178501 0.294048 : 0.1
0.778327 0.355409 1 -0.984904 0.163927 -0.341447 0.410937 -0.566555 1 : 0.3
0.758902 0.424561 0.700986 -0.627921 0.162514 0.454378 0.767021 0.510625 1 : 0.5
0.73517 0.506579 0.86157 -1 -0.677513 -0.374702 -1 0.738548 -0.868564 : 0.5
0.60873 0.21622 0.840622 -0.781749 -0.153695 0.458371 1 -0.240399 -0.588493 : 0.5
0.680463 0.412353 1 -0.674303 -0.0408093 -0.428785 0.95669 -1 1 : 0
0.564739 0.183219 0.884734 -1 -0.257192 -0.313035 0.226487 -0.0764283 -0.373755 : 0.4
0.654553 0.466171 0.689848 -0.407857 0.147652 -0.120665 0.95565 0.593734 0.562551 : 0.3
0.388672 0.0940964 0.923893 -0.631027 -0.614848 -0.51315 0.256715 0.210973 0.743326 : 0.2
0.269927 0.473925 0.913184 -0.809903 -0.552894 -0.0594597 0.98684 0.157681 0.566368 : 0.2
0.967109 0.728465 0.973217 -1 -0.192547 -0.477 1 -0.0542715 -1 : 0.3
0.6577 0.291421 0.815917 -1 -0.288602 -0.233405 -0.139982 0.760938 0.323533 : 0.3
0.728612 0.291348 0.763564 -0.642322 0.62646 -0.687035 0.39808 0.100644 -0.201282 : 0.2
0.551806 0.0981863 0.654477 -0.973109 1 0.570082 0.42263 0.267911 0.713369 : 0.1
0.7401 0.477953 0.897294 1 -0.0840346 0.1714 -0.417934 0.0730915 1 : 0.2
0.652039 0.219085 0.875837 -0.341366 0.402036 0.386749 0.924484 -0.0248357 0.233183 : 0.4
0.704429 0.276208 0.583247 0.361228 -0.285347 -0.358706 1 0.0285354 -0.25938 : 0.4
0.72903 0.306653 0.914235 -0.30929 -0.383384 -0.257628 0.496175 -0.243809 -0.0445824 : 0.2
0.988309 0.225977 1 -0.558987 -0.125518 -0.347164 0.193394 0.590233 0.0665969 : 0.5
0.964857 0.239937 0.970838 -0.636464 -0.12687 -0.264314 0.581895 0.393639 -0.388067 : 0.2
-0.032155 0.355043 0.832504 -0.30488 0.355693 -0.170714 0.938178 0.0609889 1 : 0
0.556864 0.302688 1 -0.811268 -0.344679 -0.426528 0.297631 0.409373 0.590572 : 0.4
0.63971 0.39037 0.80394 -0.835518 -0.198844 -0.861956 0.250489 0.577836 -0.0130008 : 0.4
0.542847 0.407432 0.933102 -0.417943 -0.339985 0.000716269 0.971497 0.40367 0.918233 : 0.4
0.589361 0.0148533 0.744517 -0.802539 -0.574038 0.467417 -0.246741 -0.416607 0.798305 : 0
0.745196 0.331013 0.984693 -0.635262 -0.737942 0.34694 -0.133959 1 0.49652 : 0.3
0.501938 0.396273 0.889981 -0.772179 -0.237831 -0.371845 1 0.36076 0.555612 : 0.5
0.607512 0.449771 0.969615 -0.457508 0.0237834 -0.217586 0.74338 -0.136252 -0.154585 : 0.5
0.798081 0.405936 0.824956 -0.824458 -0.459266 0.242156 -0.0870523 0.510807 -0.0896411 : 0.4
0.451343 0.87565 0.830971 -1 0.0417442 0.00763937 0.353704 -0.308481 0.543693 : 0.1
0.637025 0.5928 0.792924 -0.722561 -0.41686 -0.095832 0.584234 1 -0.237001 : 0.4
0.699956 0.271226 0.864076 -0.541219 -0.493381 -1 -0.0335087 -0.20045 -0.730286 : 0.2
0.269007 0.294468 0.772372 -0.772061 -0.139358 -0.53442 0.752375 0.286631 0.851774 : 0.2
0.251396 0.292164 0.780297 -0.50816 -0.285067 0.276538 0.294407 1 -0.371521 : 0.1
0.432698 0.353238 0.94857 -1 -0.147548 0.414489 1 1 1 : 0.6
0.564699 0.309415 0.7556 -0.0492175 0.101474 -0.295321 0.0228451 0.319787 -0.37305 : 0.5
0.607237 0.317867 0.89815 -0.538494 -0.489783 -0.108651 -0.0557697 0.975628 0.0171614 : 0.4
0.716831 0.244002 0.766415 -0.797424 -0.00983441 -0.227738 0.923518 0.657665 -0.4391 : 0.5
0.626542 0.180361 0.649068 0.0250264 0.522207 -0.25552 0.543177 -0.590396 0.813483 : 0.3
0.631055 0.327888 0.894767 -0.753029 -0.123752 -0.70476 0.411795 -0.0844069 0.118163 : 0.5
0.918552 0.624835 0.946418 -1 -0.870286 -0.401211 1 -0.0742227 0.00274448 : 0.6
0.784689 0.45335 1 -0.87336 -1 0.20513 0.391298 -0.201665 0.494034 : 0
0.890932 0.195177 0.848325 -0.68673 -0.238528 -0.0869864 1 0.809592 0.584133 : 0.5
0.623961 0.406594 1 -0.544892 -0.332309 -0.10536 0.849621 0.426383 -0.929876 : 0.6
0.92278 0.252191 0.807715 -0.763231 -0.588853 -0.652 -0.2066 1 -0.580521 : 0.3
0.636503 0.399086 0.799193 0.0674392 -0.355546 0.205373 0.483442 1 -0.463362 : 0.4
0.685504 0.394066 0.904936 -0.416491 1 -0.171878 0.542643 0.0294659 -0.1902 : 0.2
0.62512 0.48718 1 0.294623 1 -0.614445 0.800808 0.0736669 -0.523712 : 0
0.540457 0.432438 0.880393 -0.40205 -1 -0.0967644 1 -0.0549507 0.981377 : 0.1
0.572091 0.255007 0.933116 -0.432334 -0.171863 -0.458604 1 0.517264 0.0912584 : 0.5
0.726291 0.194181 0.999937 -0.717244 -0.473671 0.0888607 0.283081 0.363226 -0.0804521 : 0.4
0.977269 0.384469 0.846622 0.543444 -0.521666 -0.362849 0.159701 0.0935109 0.532703 : 0.2
0.723316 0.535586 0.659395 -1 -0.382128 -0.130596 -0.198041 0.174858 0.71338 : 0.5
0.399639 0.335839 0.955974 -0.0541178 0.144421 -0.374633 -0.878113 1 -0.269341 : 0.2
0.631754 0.392585 0.698885 -0.701381 0.201776 -0.656975 0.986668 0.0621968 -0.983302 : 0.5
0.689548 0.481638 0.874366 -0.0236598 -0.0802692 0.607941 0.640798 0.937997 -0.0745361 : 0.5
0.656648 0.582144 0.997621 -0.0640429 0.024033 -0.531244 0.822072 -0.0117581 0.507018 : 0.2
0.620535 0.324386 0.639477 -0.987028 -0.500971 -0.200537 0.713683 0.0930724 1 : 0.4
0.709338 0.336836 1 -0.526133 -0.195452 -0.259857 0.052007 0.210827 1 : 0.5
0.468435 0.332884 0.992799 -0.469116 -0.320845 -0.766118 1 0.583944 0.367259 : 0.4
0.708634 0.482878 0.830349 -0.640629 -0.189888 -0.524847 0.10651 0.957335 0.883328 : 0.6
0.672723 0.22348 0.600692 -0.548124 0.324004 0.20217 1 0.37132 0.751904 : 0.4
0.602566 0.302282 0.749617 -0.686884 -0.805566 1 0.139307 0.925876 -0.138781 : 0
0.550822 0.193813 0.716931 0.470767 -0.575893 -0.27439 0.805222 -0.0124114 1 : 0.2
0.572506 0.482052 1 -0.860024 -0.326366 -0.224221 1 -0.237404 0.704914 : 0.7
0.779066 0.300738 0.798367 -0.608168 -0.724413 -0.348745 -1 -0.0605511 -1 : 0
0.908176 0.467186 0.744534 -0.671014 -0.100211 -0.128925 0.69477 0.487461 0.507408 : 0.4
0.415312 0.0183174 0.796072 -0.751457 -0.312637 -0.106694 0.118511 -0.414573 0.834534 : 0.1
0.695582 0.48802 0.758264 -0.223825 -0.238624 -0.32401 1 0.126349 1 : 0.4
0.0242143 0.489688 0.931086 -0.860864 -1 -0.408597 -0.201271 0.340631 0.0284606 : 0
0.75601 0.353319 0.835404 -0.80566 0.00625177 -0.142367 1 0.784497 0.997965 : 0.3
0.733583 0.538648 0.812367 -0.669169 0.0129032 -0.732743 0.831534 0.715961 -0.73817 : 0.6
0.748902 0.470054 0.949956 -0.217742 0.0492882 -0.498083 0.917654 1 0.853205 : 0.2
0.653717 0.354 1 -0.611648 0.108386 0.28854 0.184861 0.108551 -0.879874 : 0.4
0.713754 0.378253 0.83124 -0.123116 1 -0.435875 1 0.06521 0.436968 : 0.2
0.537422 0.588032 0.846228 -0.432401 0.606896 0.0534505 0.379503 -0.00922523 0.511663 : 0.2
0.591609 0.622522 0.784448 -0.421245 -0.0772851 -0.0233868 0.730556 -0.241912 -0.346397 : 0.3
0.509935 0.45517 0.841187 -0.801614 -0.0500475 0.42875 0.265344 0.526522 0.998726 : 0.3
0.484008 0.445572 0.795105 -0.715465 -0.239853 -0.206399 0.526138 0.621935 0.0738989 : 0.4
0.484056 0.616967 0.982522 -0.584789 -0.316787 -0.148587 0.237034 0.236022 0.254577 : 0.1
0.526802 0.426973 0.520643 -0.770268 -0.348796 0.552464 1 0.317915 -0.29248 : 0.5
1 0.625829 0.997171 -0.738217 0.204607 -0.28642 0.459844 0.839548 0.449648 : 0.4
0.768982 0.389846 0.786938 -0.0674495 -0.689952 -0.535643 0.254348 0.111474 0.346255 : 0.5
0.658763 0.36366 0.907643 -0.376114 -0.44471 -0.34085 1 0.7264 0.00358035 : 0.3
0.835125 0.391069 0.873506 -0.657005 -0.438523 -0.742434 0.834405 -0.546529 -1 : 0.2
0.614878 0.421273 0.494946 -0.443375 0.460258 -0.543596 0.999772 0.2605 -0.626195 : 0.3
0.709701 0.564516 0.908416 -0.858332 0.10551 0.286113 0.212012 0.738256 -1 : 0.4
0.633661 0.573691 0.977572 -0.897231 -0.225155 -0.371989 0.577629 -0.675514 -0.432143 : 0.4
0.602471 0.267967 0.966405 -0.889574 -0.570585 -0.296513 0.608158 -0.749747 -0.79442 : 0.5
0.700543 0.775814 0.869768 -0.753726 0.277756 -0.265112 0.720674 0.124169 0.685016 : 0.3
0.454131 1 0.880076 -0.537824 0.0622148 0.0231674 0.585513 1 0.141251 : 0
0.787847 0.299156 0.784987 -0.0286978 0.547625 -0.915185 0.388357 1 0.35306 : 0.3
1 0.468854 1 0.0174161 -0.0319909 -0.730392 -0.233526 0.592951 0.112242 : 0.5
0.670185 0.314386 0.837107 -0.419896 -0.361525 -0.0758636 0.287044 -0.956187 0.95398 : 0.3
0.614269 0.307774 0.946004 -0.687911 -0.443713 -0.399103 0.157241 -0.190515 0.930175 : 0.6
0.717923 0.331538 0.889631 -0.567689 -0.384074 -0.413058 -0.0249291 0.496665 0.742283 : 0.2
0.767747 0.529054 0.862312 -0.866576 0.00613514 0.105778 0.359111 0.282303 -0.158662 : 0.4
0.335931 0.724459 0.953064 -0.320031 -0.302976 0.340447 -0.318377 0.533347 0.0466028 : 0
0.609052 0.427777 1 -0.733284 0.051213 0.650159 0.89092 -1 0.480718 : 0.3
0.827073 0.186293 0.83171 -0.560909 0.326558 -0.390704 0.586564 0.946406 0.616473 : 0.3
0.636242 0.420939 0.960823 -0.476573 -0.280682 -0.141823 0.816911 0.189734 0.941779 : 0.4
0.631891 0.598154 0.773225 -0.578692 -0.559961 -0.197451 0.198386 0.189954 0.431792 : 0.8
0.717148 0.392912 0.983929 -0.747115 0.29796 0.276255 0.49133 0.237375 0.773708 : 0.5
0.70245 0.323377 0.863616 -0.762159 -0.880881 -0.356741 0.692642 0.448062 -0.422206 : 0.4
0.331241 0.365913 0.539117 -0.713782 0.14649 1 1 0.276271 0.261803 : 0.1
0.581721 0.42078 1 -0.607275 -0.345636 -0.206623 -0.36065 -0.806952 1 : 0.2
0.710656 0.50572 1 -0.4955 -0.234151 -0.0220742 1 0.515404 0.0940497 : 0.4
0.645139 0.115324 0.870819 -1 0.132015 -0.94239 -0.113462 0.327555 -0.792606 : 0.5
0.528946 0.349588 0.956541 -0.201185 -0.102959 -0.591912 1 0.442021 -0.588641 : 0.2
0.660133 0.443983 0.540551 -0.515826 -0.471987 -0.0194664 1 -0.200529 0.0785379 : 0.3
0.434218 0.45979 0.959477 0.314766 0.262909 0.089152 -0.265081 0.23777 0.140368 : 0
0.531834 0.672399 0.901129 -0.270405 -0.53508 0.195205 0.562613 0.502266 -0.841277 : 0.3
0.64546 0.155914 0.969692 -0.755339 0.239628 0.797361 0.324568 0.489996 1 : 0.2
0.556557 0.511194 1 -0.633661 -0.712385 -0.236112 0.283321 -0.102308 0.489892 : 0.1
0.907225 0.321819 0.836071 -0.341 -0.1138 -0.115761 0.446778 0.557108 0.569855 : 0.7
0.670563 0.414932 0.594726 -0.967433 -0.248358 -0.307701 0.596328 0.289411 0.286142 : 0.8
0.157831 0.168484 0.819304 -0.681065 -0.47863 -0.329576 0.636535 0.863948 -0.128856 : 0
1 0.442542 0.900863 -0.303317 0.387348 -0.130298 1 0.933944 -0.67086 : 0.4
0.531619 0.355016 0.688579 -0.544545 -1 -0.364073 0.908081 0.9853 0.613885 : 0.1
0.474958 0.485914 0.900128 -0.915779 -0.0905976 -0.427191 -0.438231 0.552128 -0.28754 : 0.1
0.815745 0.261208 0.82457 -0.572863 -1 -0.159032 1 -0.351392 0.819774 : 0.2
0.670696 0.24905 0.861344 -0.435744 -0.112142 0.17067 0.894816 1 -0.75226 : 0.5
0.657023 0.245101 0.78996 -0.524665 0.0145212 -0.128986 0.982647 -0.0311975 0.557538 : 0.4
0.646861 0.371825 0.760107 -1 -0.589043 0.0120016 0.0585357 0.552599 1 : 0.3
0.447572 0.313463 0.949291 1 -0.888897 -0.711457 1 0.567566 -0.295036 : 0.2
0.881087 0.368104 1 -0.0220345 -0.296133 -0.368005 1 0.302102 0.791575 : 0.5
0.772269 0.429937 0.841266 -0.787527 -0.105143 -0.209939 -1 0.741866 -0.662394 : 0.4
1 0.28912 0.863496 -0.780267 -0.660832 -0.217819 0.934749 0.369048 -0.541455 : 0.1
0.779201 0.39065 0.832223 -0.108806 -0.155413 0.231143 0.457269 1 -1 : 0.4
0.603808 0.202611 0.678429 -0.774745 0.0245847 -0.270433 0.672399 0.155067 0.544644 : 0.7
0.590211 0.48257 0.867209 -0.213894 0.916676 0.725116 0.193965 0.629537 1 : 0
0.707961 0.373913 0.815808 -0.318302 0.36321 -0.393325 0.861254 -0.0428913 -0.194693 : 0.3
0.602249 0.347675 1 0.126847 0.620265 0.143212 1 0.963233 -0.47514 : 0.1
0.564025 0.757549 0.852945 -0.755845 -0.523138 -0.162478 0.0531392 0.259354 0.326277 : 0.2
0.479039 0.615311 0.824226 -0.429145 -0.373569 -0.184885 0.945379 -0.730884 -0.561463 : 0.1
0.618447 0.445874 0.872037 -0.68197 -0.692664 -0.725374 0.531776 0.51749 -0.977531 : 0.5
0.524061 0.344894 1 -0.0203424 -0.315928 -0.551034 0.987349 0.446563 -0.410141 : 0.3
0.576581 0.297478 0.679169 -0.291138 -0.629589 0.0357456 0.0526457 1 -0.0162989 : 0.6
0.5421 0.273135 0.859631 -0.57345 -0.0916768 -0.606718 0.0815253 -0.00157607 0.000261247 : 0.4
0.488968 0.244803 0.829483 -0.601588 -0.176942 -0.0335749 1 0.705266 0.558407 : 0.3
0.894134 1 0.851239 -0.852698 -0.295739 0.624051 0.363565 0.932654 -0.775695 : 0.4
0.546996 0.54182 1 -1 0.0941163 -0.207185 -0.278184 0.584503 0.981476 : 0.4
0.344325 0.382904 0.764303 -0.45169 -0.0929483 -0.747124 0.348255 0.914854 0.332547 : 0.4
1 0.352047 0.803129 -0.562294 -0.12268 -0.543487 0.503678 0.258726 0.634751 : 0.1
0.481939 0.300425 0.99081 -0.902027 0.208346 -0.723217 0.778915 -0.0845232 -0.161698 : 0.3
0.497986 0.339079 0.851019 -0.907569 -0.271326 -0.168117 0.333333 -0.0754366 0.0283703 : 0.5
0.648698 0.268453 0.936813 -0.163588 -0.00579412 -0.286938 0.995702 0.780924 0.110985 : 0.2
0.623357 0.181984 0.822867 -0.543722 -0.499029 -0.272839 0.944101 0.98942 0.946197 : 0.5
0.612615 0.468423 0.969191 -0.795713 0.575729 -0.721586 1 0.174316 0.911236 : 0.6
0.662592 0.216835 0.968576 -0.796779 -0.141416 0.0630737 1 0.43418 0.609484 : 0.6
0.226302 1 0.892339 -0.754581 0.0760157 0.122555 0.130851 -0.357932 -0.583072 : 0.2
0.543569 0.663826 0.854813 -0.148783 0.410025 -0.287871 0.472738 0.87064 0.467928 : 0.1
0.763399 0.571507 0.641698 -1 -0.397423 -0.360157 0.463215 0.124542 0.704277 : 0.4
0.737602 0.244382 0.863272 -0.763204 -0.349028 -0.599251 0.281822 -0.297427 -0.315834 : 0.4
0.574084 0.35056 0.852213 -1 -0.0269108 -0.235753 0.115728 0.469805 0.423849 : 0.5
1 0.344732 0.721465 -0.675706 0.773114 0.045178 0.256947 0.643481 0.672734 : 0.4
0.861994 0.524187 0.984531 -0.633739 -0.824497 -0.319317 1 1 0.758306 : 0.3
0.6601 0.392853 0.91685 -0.971464 -0.378378 -0.70342 0.619723 0.234153 0.611338 : 0.1
0.505465 0.213343 0.968407 -0.570743 0.0126172 -0.438673 0.0795497 -0.651979 0.0218835 : 0.3
0.66735 0.219404 0.802571 -0.66488 -0.157187 -0.117009 -0.032633 0.10323 0.280446 : 0.5
0.666899 0.345429 0.813708 -0.321529 0.809994 -0.874119 0.168537 0.963819 -0.0971212 : 0
0.529297 0.317935 0.92382 -0.797202 -0.131115 -0.390672 0.756062 0.0689472 0.79465 : 0.3
0.694711 0.424179 0.785807 -0.422833 0.228956 0.304615 0.780229 0.107145 -0.397121 : 0.3
0.446263 0.411995 0.956601 1 -0.134406 -0.463374 1 0.343784 -0.115057 : 0.1
0.767888 0.34866 0.859701 -0.853496 -0.485964 -0.0259075 0.258124 0.669619 1 : 0.6
0.825458 0.408518 0.74965 -0.817082 -0.0855142 0.993501 -0.374635 0.0416228 -0.219299 : 0.1
0.498807 0.602988 0.820175 -0.445997 -0.36994 -0.495856 -0.219457 0.136913 0.345792 : 0.3
0.63295 0.493201 0.975567 -0.157353 -0.514632 -0.727957 0.96273 1 0.186513 : 0.3
0.891956 0.353646 0.910006 -0.0525821 0.207543 -0.0949527 0.985712 0.16896 0.364223 : 0.4
0.548827 0.319094 1 0.125847 -0.135644 -0.338967 0.701133 -0.303894 -0.162288 : 0.3
0.63479 0.338761 0.833155 -1 -0.527695 -0.114631 0.115738 0.0264621 0.9131 : 0.2
0.439258 0.373651 0.818895 -0.752087 0.705872 -0.189123 0.21474 0.436957 0.360545 : 0.4
0.677693 0.389244 1 -0.681659 1 -0.874984 0.796838 0.744782 0.0303444 : 0.1
0.550562 0.448105 0.819515 0.930745 -0.33839 -0.425859 0.372258 -0.239606 0.560768 : 0.2
0.700513 0.378025 0.922561 -0.513055 -0.606723 -1 0.268475 0.380656 0.410753 : 0.4
