0.45691 -0.806551 0.300227 -0.158096 -0.354507 0.121943 -0.11879 0.288547 0.392562 : 0
-0.487163 1 0.0335277 0.077704 0.125825 0.535695 1 -0.582992 0.813667 : 0
-0.027963 -0.626209 -0.00369346 0.259121 0.801895 -0.111432 -1 0.32394 0.10008 : 0
-0.655939 -0.384042 0.0607511 0.060366 0.456061 0.438027 -0.440126 -0.414974 0.0511696 : 0
-0.58884 0.680855 0.367055 -0.108746 -0.239165 0.103391 -0.293695 0.358725 0.286072 : 0
0.265695 -0.204307 -0.324023 -0.288201 0.567952 0.206322 -0.110402 0.521955 -0.891513 : 0
0.97858 0.993674 -0.584843 -0.294563 -0.00546816 0.663516 0.376683 0.386317 0.947756 : 0
0.648156 0.345818 -0.300533 0.406337 -0.510322 0.0902778 -0.152136 -0.283636 -0.480782 : 0
0.0177177 -0.721376 0.24376 -0.873674 0.559628 0.974931 -0.893139 0.227487 -0.172038 : 0
1 0.164816 0.448508 -1 0.904101 0.834991 -0.0365274 -0.742396 -0.0166891 : 0
-0.540551 -0.160514 -0.885898 0.0875193 0.184923 0.248261 0.613996 -1 0.655439 : 0
0.0397702 0.881167 -0.046428 -1 -0.390883 0.501676 -0.134381 -0.904598 -0.750561 : 0
-0.0166448 0.0001086 0.229559 0.0569518 -0.083405 0.237745 0.285436 -0.0612359 0.125169 : 0
-0.0372825 1 -0.552124 -0.252597 0.743524 -0.327944 0.402374 0.523655 -0.604027 : 0
0.376803 -0.643861 0.563356 -0.178966 -0.535492 0.0280003 -0.131554 0.344733 0.0520744 : 0
-0.00541127 0.91458 0.586754 0.201158 0.0763936 0.0162112 0.0370383 -1 -0.994599 : 0
0.668929 0.538262 0.855199 -0.148365 -0.117251 -0.996088 -0.692897 0.384779 0.291498 : 0
-0.487547 0.190644 -0.315985 0.438405 0.325769 -0.699037 0.233747 0.682215 -0.312598 : 0
-0.183591 -0.368512 -0.364359 0.159202 -0.0258588 0.0964025 0.856221 0.303386 -0.468926 : 0
0.244971 0.0227853 -0.325751 -0.0878547 0.0876155 0.319769 0.277654 -0.671178 0.23375 : 0
-0.596863 -1 -0.85684 1 -0.134944 -1 0.503976 0.986519 0.592533 : 0
-0.509772 -0.327871 -0.49992 0.583717 0.108917 0.668314 -0.912269 -0.664631 -1 : 0
0.284553 0.626591 -0.0765609 0.0142398 0.369159 -0.961419 0.452754 -0.420301 0.400204 : 0
-0.315041 0.406316 -0.0249194 -0.181515 0.394927 0.296553 -0.316944 -0.0244229 -0.253928 : 0
0.818566 0.634822 0.307796 -0.298172 0.349377 0.0197453 0.500673 -0.372337 -0.298552 : 0
-0.296181 -1 0.211098 0.121166 0.415218 0.146481 0.0661616 0.701028 0.0771184 : 0
0.529757 -0.0284219 -0.144066 0.474945 -0.722727 0.673888 0.761348 -0.0673478 -1 : 0
-0.554229 0.300068 -0.481973 -0.217591 0.328941 -0.222357 0.725517 -0.705345 -0.139471 : 0
0.430141 0.0215427 0.208419 0.884147 -0.148263 0.947298 -0.15566 -0.316577 -0.443592 : 0
-0.23008 0.759373 0.0999392 0.644428 0.0393427 -0.165751 0.447684 0.541427 0.621255 : 0
0.61484 -0.565719 -0.47424 -0.962765 0.190241 0.195824 -0.609543 -0.515754 0.950034 : 0
0.766712 0.700696 -0.0731243 -0.750037 0.533136 0.287545 -0.425801 0.301584 -0.287552 : 0
-0.198503 -0.324036 0.655398 0.25664 0.416992 0.162006 0.124632 -0.08687 0.198478 : 0
0.749444 1 -0.258982 -0.168756 -0.319828 -0.206618 -0.538545 0.445093 -0.857493 : 0
-0.773643 -0.293659 0.285376 -0.564121 -0.544207 -0.508186 -0.172201 0.00653696 -0.959054 : 0
0.587489 0.629468 -0.0857707 0.320539 0.21239 0.301486 -0.0911653 0.548685 -0.558686 : 0
-0.0605898 -1 1 -0.0780697 -0.639155 0.221506 0.601828 1 -0.237398 : 0
0.998779 0.776736 -0.604979 0.0465437 0.497767 0.334515 -0.0968535 -0.653671 -0.0527171 : 0
0.0180071 0.207543 -0.227254 0.418369 0.020919 0.0261823 -0.566784 -0.735968 -0.861462 : 0
0.452022 -0.446989 -0.850802 0.180423 -0.168386 0.407712 0.249914 0.730478 -0.175192 : 0
-0.81069 -0.501633 0.265231 0.35484 -0.604765 0.269585 -0.572031 -0.289861 0.067701 : 0
-0.490304 0.561225 0.0774951 -0.240699 -0.3172 -0.0565932 -0.192115 -0.427263 -0.0516261 : 0
-0.0609298 -0.684226 -0.753882 -0.867567 0.0486965 -0.561413 0.478833 0.89077 0.82529 : 0
0.361011 0.870354 -0.592085 0.0768611 -0.380456 -1 0.6123 0.242579 0.0521661 : 0
0.329474 0.467073 0.282277 0.0777451 -0.351201 0.455853 -0.489183 0.266647 -1 : 0
-0.00527771 -0.566024 0.405236 -0.501668 0.426806 -0.270069 -0.43337 -0.114461 -1 : 0
0.31352 0.65786 -0.184984 -0.283109 0.126266 0.250167 0.643422 -0.256364 -0.21106 : 0
0.687269 0.278122 -0.35975 0.995168 -0.212469 -0.115027 0.115677 0.684598 -0.0707935 : 0
-0.078858 0.0572159 -0.367018 0.0261059 -0.697681 0.217925 -0.504811 -0.552911 -0.746358 : 0
0.301613 0.0197904 -0.324539 -0.146526 -0.16726 0.227165 -0.715188 -0.867938 -0.561594 : 0
-0.456563 0.042436 -0.175169 -0.688142 1 0.437539 0.737913 0.742881 0.656765 : 0
0.0827195 0.220241 -0.432484 -0.428774 -0.162234 -0.817822 -0.30071 -0.00557101 0.12389 : 0
0.0488249 -0.161571 0.494338 -0.361214 0.112962 -0.492344 0.0449782 -0.889264 -0.436705 : 0
-0.683849 -0.436723 -0.92183 0.642225 -0.363507 -1 0.334364 1 -0.473791 : 0.2
0.585005 -0.214615 -0.280925 0.342673 -0.485574 -0.168325 0.0262309 0.881379 -0.743533 : 0
0.0101855 -0.611431 1 0.24088 0.185028 0.14052 0.0703033 0.0608092 0.204057 : 0
0.549922 -0.0394551 -0.296152 0.363224 -0.0894548 0.177609 0.603474 0.590898 0.756252 : 0
-1 0.957705 -0.208701 -0.411304 0.472612 -0.203387 0.580079 -0.678502 -0.719094 : 0
0.00325617 1 -1 -0.0981783 0.212419 -1 0.0790052 1 0.469996 : 0
0.279427 0.232974 0.450294 -0.234374 0.707949 1 -0.334145 -0.417514 0.65959 : 0.1
-0.0125405 0.97196 -0.76127 0.549262 -0.770968 -0.23432 -0.9146 -0.527981 1 : 0
-0.821669 -0.743598 -0.774728 -0.650027 0.0272664 0.795083 0.333197 0.200954 0.0745361 : 0.3
-0.241181 0.0430426 -0.629925 -0.449291 -0.568159 -0.506648 -1 0.926907 0.341947 : 0
0.160915 1 -0.85853 0.417861 -0.524556 0.0326933 0.468488 0.694754 -0.738871 : 0
0.454286 0.806101 0.182469 -0.397758 0.177349 1 -0.144338 0.94153 1 : 0
0.452543 0.101631 -0.0170309 -0.00836301 0.17468 0.485293 0.296891 0.249058 0.594779 : 0
-0.0378513 1 -0.19305 -0.400105 0.287142 0.84195 -0.472334 0.157617 -0.483631 : 0
0.570609 -0.372146 0.332755 -0.0149419 -0.196577 -0.100621 -0.766439 0.256526 0.0205781 : 0
-0.518613 -0.0126075 -0.666175 0.753139 -0.356777 -0.626821 0.10197 -0.139977 -0.804615 : 0
0.822015 -0.397756 -0.438521 0.234862 -1 -0.024003 -0.594864 0.274337 -0.542042 : 0
0.721239 1 -0.29752 0.352156 0.379023 0.944255 -0.0763616 -0.0486492 -0.641782 : 0
-0.330102 0.203859 -0.308933 1 1 -1 0.378185 0.289902 -0.651469 : 0
-0.272623 1 0.014268 -0.0895512 -0.44461 0.345248 0.484813 -0.199075 -0.592355 : 0
-0.068924 0.092544 0.816368 -0.545734 -0.621493 -0.184784 -0.0338342 0.371226 0.35179 : 0
0.734006 0.826537 0.137913 0.154605 0.117686 -0.135973 0.0131488 -0.447222 -0.193589 : 0
-0.621256 -0.821976 1 -0.00351948 0.651645 0.483235 -0.0102455 -0.0234959 0.663037 : 0
0.425427 1 -0.012118 -0.14948 -0.774111 -0.243742 0.716477 -0.312372 0.180115 : 0
-0.161859 0.172629 -0.717793 0.114646 0.581168 -0.0812595 -0.840531 0.250492 0.17443 : 0
0.202055 0.0725681 -0.107203 0.0154816 -0.402394 -0.358061 0.0330383 0.0508471 -0.152191 : 0.2
0.351835 -0.00163788 -0.40794 0.0751139 0.114684 0.483465 0.899351 0.464315 0.507019 : 0
0.490568 1 0.494667 0.548691 0.61005 -1 0.446926 0.314388 0.238184 : 0
0.353565 0.44996 0.912333 0.26827 0.641894 0.934274 0.40386 0.482826 0.487796 : 0
0.704724 -0.847441 -0.30757 -0.707058 0.208584 -0.436518 -0.597481 0.289613 0.288519 : 0
0.00267625 0.968663 -0.218809 0.8714 0.317096 -0.050905 0.528955 -0.999805 -0.277279 : 0.1
0.191043 0.391912 -0.290703 0.843987 -0.312098 -0.182312 0.105242 -0.537382 -0.841782 : 0
-0.324198 -0.683046 0.726216 1 -0.934294 1 -0.0879424 -0.466907 -0.797248 : 0
0.214334 0.825977 -0.350709 0.0630026 -0.202311 -0.153381 -0.00179234 -1 -0.708171 : 0
0.195447 0.581948 -0.266656 -0.195288 -0.0122955 0.246113 -0.0219546 -0.10152 0.0702761 : 0
0.0845522 -0.194444 0.296354 0.646383 0.191383 0.435989 -0.380986 0.00446677 -0.00609922 : 0
-1 0.697606 0.47525 -0.286434 0.453568 -0.0175622 0.36289 1 -1 : 0
-1 -0.815259 -0.51596 0.345304 0.0578199 -0.253349 0.309047 0.359285 -0.386478 : 0
-0.394138 0.31007 -0.228857 -0.827541 0.205436 0.268915 -0.230676 -1 0.324611 : 0
-0.794622 0.622495 0.211153 0.713933 0.207594 -0.507292 -0.33977 0.338268 0.171544 : 0
0.632319 -0.120094 -0.880992 0.552623 -0.339098 0.28777 0.972101 0.714112 -0.279496 : 0
0.209977 1 0.517213 -0.399037 0.168857 -0.157755 -0.288289 -0.898818 0.182603 : 0
0.470619 0.534883 -0.18884 0.526568 0.986192 0.117522 0.359201 0.678392 -0.61943 : 0
0.191367 0.177578 0.134392 0.464455 0.0463684 -0.0654708 0.341045 0.8211 -0.1714 : 0
0.303346 0.197731 -1 0.289477 0.585075 -0.214254 0.123391 0.728656 0.225222 : 0.1
-0.0889716 -0.628622 0.590002 -1 0.552462 -0.736103 -0.744417 -0.642613 -0.540303 : 0
0.756177 0.413422 0.110688 0.232897 0.0842993 0.46963 -0.386041 1 0.639656 : 0
-0.416984 0.198587 -0.130738 -0.301719 0.0554241 -0.816657 -0.591954 -0.957388 0.479381 : 0
0.804946 0.127616 0.124414 1 0.635766 0.635561 -0.478122 -0.70958 0.210063 : 0
-0.0434687 0.119573 0.445893 -0.14859 0.70488 -0.27286 0.0385952 0.678652 0.574381 : 0.1
0.735146 0.10212 0.224084 -0.276094 -0.732391 0.025147 0.461095 -0.749531 -0.0660473 : 0
-0.272943 0.360754 -0.322311 0.871156 0.520499 0.677777 -0.953623 -0.821661 0.531077 : 0
-0.0534663 -0.113656 -0.890573 -0.0660323 -0.55411 0.178904 -0.549119 -0.894896 0.812632 : 0
0.523242 0.246945 -0.793435 -0.381098 -0.202677 0.199286 -0.394733 -0.102694 -0.139669 : 0
-0.550201 0.499394 0.993982 0.281263 -0.470872 -0.1974 0.309471 1 0.0190905 : 0
-0.142455 -0.000586748 0.170188 -0.0396951 -0.743311 -0.12584 -0.406494 -0.432781 0.834355 : 0
-0.000345886 0.0770014 0.544895 -0.561054 -0.629461 0.138455 -0.722497 0.251055 0.359199 : 0
0.0949343 0.533725 0.195447 -0.0469929 -0.239979 0.811628 -1 0.0637838 0.248078 : 0
-0.418085 0.28682 0.229165 0.539822 0.0273061 -0.286633 0.935179 0.000147313 0.276712 : 0
0.244908 0.220781 -0.885059 0.449695 0.598072 -0.565927 0.32173 -0.590714 0.123387 : 0
-0.33306 -0.338801 0.89586 0.704663 0.38288 -0.446711 -0.975466 -0.448507 -0.583732 : 0
0.245461 0.178757 -0.0809695 0.412449 0.171774 1 -0.922087 0.15368 0.279202 : 0
0.455205 0.914173 1 -0.364743 0.164867 1 0.787667 -0.631242 -0.543164 : 0
-0.874002 1 -0.450854 0.498968 -0.830734 -0.557234 -0.695326 0.560738 -0.421127 : 0
1 0.773806 -1 0.612825 0.156352 -0.262298 0.0882757 -0.094897 0.625873 : 0
-0.343041 0.706188 -0.269759 -0.312822 0.783311 0.580247 -0.827039 -1 0.38158 : 0
0.212937 -0.280745 -0.386151 -0.00103375 1 0.384819 -0.0243824 -0.259578 -0.430106 : 0
0.536929 -0.692856 0.0618981 0.301571 0.512149 -0.345349 0.298527 0.3794 0.274634 : 0
-0.60033 1 -0.515507 -0.288103 -0.22443 1 -0.638883 -0.62664 -0.583827 : 0
-0.0447777 0.149584 -0.650143 -0.109274 1 0.52686 -0.515967 -0.0536328 -0.328957 : 0
-0.223515 1 -0.271952 -1 0.91604 -1 -1 -0.464121 -0.668088 : 0
-0.242904 -1 -0.28724 0.703029 0.0881791 0.583257 -0.813209 -0.992102 -0.539581 : 0
0.892061 0.882969 -0.113707 -0.38901 0.0553912 -0.870242 -0.213128 0.878177 0.0700699 : 0.2
-0.391622 0.777881 -0.563341 0.549442 0.89579 0.470822 -0.847813 0.0915841 -0.0239925 : 0
-0.142381 -0.148952 0.0352258 -0.241848 1 0.681999 -0.252251 -0.0943633 -0.0672297 : 0
-1 -0.405831 -0.322806 0.043767 -0.598238 -0.119272 -0.3435 0.740514 0.144334 : 0
0.102357 -0.124593 -0.953126 0.527909 -0.110544 0.464815 0.576729 0.113119 0.682766 : 0
0.759467 -0.261708 1 -0.610926 1 -0.80623 0.475656 0.403776 0.354701 : 0
0.701087 0.642663 0.127866 -0.0604871 0.000715137 0.617419 0.489053 0.32768 -0.13777 : 0
0.265644 0.568183 -0.70951 0.515891 0.315712 -0.318182 0.287184 -0.643711 0.414286 : 0
0.764201 1 -0.504754 -0.366953 0.189122 -1 -0.590907 0.575958 0.341813 : 0
0.437907 1 -0.142941 1 -0.230259 0.379698 -1 -0.637092 0.804578 : 0
-0.135439 0.356502 0.370687 -0.164948 0.880629 -0.0633607 -0.214272 0.10153 1 : 0
-0.68103 1 -0.924803 0.637678 0.725146 0.338562 0.172531 -0.0519994 0.0401627 : 0
-0.765925 -0.0604234 0.925348 0.65631 -0.397706 -0.121901 -0.344114 -1 -0.510397 : 0.3
0.217505 -0.375799 -0.751969 -0.954345 0.169196 0.475408 0.696549 -0.119318 0.643707 : 0
-0.197735 0.455941 -0.560684 -0.973279 -0.358775 -0.410919 -0.821588 0.419755 -0.617231 : 0
-0.992701 -0.591675 -0.802488 -1 0.0183417 0.87976 0.385772 -0.429435 -0.411512 : 0
-0.28229 0.403143 -0.399236 0.0285486 0.539101 0.499624 -0.134412 -0.289031 0.683382 : 0
0.0643843 0.751273 0.411045 0.60724 0.357377 -0.0214316 0.215973 -0.209523 0.943816 : 0
-0.611915 0.735973 -0.958747 -0.0550933 0.887634 -0.23739 0.327176 -0.392917 -0.121388 : 0.1
0.870888 0.838274 -0.768557 1 -0.515033 -0.977386 -0.111421 0.07997 0.785193 : 0
0.708163 0.876848 -1 -0.838115 0.0129931 -1 -0.123292 0.602515 0.0550749 : 0
0.501043 0.323447 -0.00209147 0.051285 0.223939 0.917254 -0.808304 0.0657535 0.421858 : 0
-0.0926284 -0.546606 -0.456198 -1 -1 0.12445 -0.510682 -0.371391 0.55635 : 0
0.567696 1 0.305962 -0.0820873 0.359483 -0.172204 -0.0472624 -1 0.548213 : 0
0.0714251 0.40721 -0.185928 0.255039 0.100216 -0.166651 -0.320863 0.504887 0.650146 : 0
0.686224 -0.640851 -0.50221 -0.14796 0.952428 0.513747 -0.428814 -0.407426 -0.115131 : 0
0.96235 0.675835 -0.00365271 0.152219 0.605492 -0.207542 1 -0.581858 0.575179 : 0
0.320076 -0.643186 0.221943 0.532106 0.288701 0.926258 -0.2228 0.840542 -0.0943364 : 0
0.92124 0.275949 -0.713809 0.34396 -0.150105 -0.267179 0.496522 -0.0164509 0.741411 : 0
-0.481492 0.623132 0.406898 -0.00573087 -0.267105 -0.391614 0.524332 0.399267 -0.635282 : 0
-0.367242 -1 -0.225642 0.477764 -1 0.171694 -0.312699 -0.677252 -0.610575 : 0
0.24858 -0.0868341 0.415537 -0.630688 0.0568936 0.645294 -0.613112 -0.885415 0.0369765 : 0
-1 -0.514105 -0.678997 -0.059243 -0.792305 0.421004 0.355829 -0.834073 0.289287 : 0
-1 -0.955175 0.108357 0.403786 1 0.112448 0.345425 0.113679 -0.623381 : 0
0.069028 -0.188651 -0.483393 0.375271 -0.722939 -0.0948827 -0.621991 0.637834 -1 : 0
0.520259 0.625308 0.212503 0.523093 -0.416583 0.115744 0.836513 0.0110492 -0.569488 : 0
0.0656303 0.0863981 -0.122022 -0.385255 0.859795 0.327205 -0.451087 0.765295 0.582604 : 0
0.191747 0.0918374 -0.442015 0.795098 -0.454627 0.659892 0.292985 0.42882 -0.601073 : 0
0.340169 -0.766667 0.203557 -0.272548 0.567221 0.265208 -0.649086 0.404143 -0.79007 : 0
-0.594321 -0.208874 0.798297 -1 0.612013 -0.651227 0.412263 1 0.435003 : 0
0.100063 -0.392032 0.581489 0.824184 -0.591963 0.351175 -0.442655 0.323405 0.0897081 : 0
0.90309 0.0265481 -0.251838 -0.0848584 0.182368 0.0330114 0.484201 -0.317213 -1 : 0
-0.308093 0.691809 0.413685 -0.141537 0.593791 -0.628766 0.282622 0.158945 0.227932 : 0
-0.224829 -0.725242 -0.180878 -0.980485 0.775535 0.616288 -0.319825 -0.27528 -0.166701 : 0
-1 -0.625711 0.125826 0.427553 1 -0.304001 0.417941 0.115992 -0.265574 : 0
0.739151 0.00872397 -1 -0.417146 -1 -0.780254 0.236904 -0.634758 0.588125 : 0
-0.0917689 -0.318863 -0.460289 -0.155154 1 -0.0952377 -0.190847 -0.569995 0.914839 : 0.1
-0.882026 0.996288 0.59886 0.276015 0.319037 0.388517 0.552886 0.21889 0.183759 : 0
0.895716 0.103858 -0.539901 0.765041 0.631365 0.773235 0.869374 -0.446725 1 : 0
0.120098 0.323997 0.154609 -0.306414 -1 -0.456778 -0.255417 -0.0293453 0.433949 : 0
-0.545567 -0.335984 0.779693 -0.505758 -0.646987 0.117328 -0.995594 -0.538028 1 : 0.1
0.232888 0.956092 0.4283 0.454731 -0.547721 -0.0356442 0.0552758 -0.31504 -1 : 0
0.698699 0.210742 0.181245 0.111498 -0.846234 -0.859693 -1 0.47371 -0.781574 : 0
1 0.237251 -0.521766 1 -0.517976 -0.331265 0.911348 0.156279 -0.792816 : 0
0.939019 0.550336 0.723084 0.426983 -0.184465 0.106803 -0.386039 0.794543 0.61573 : 0
0.206508 0.66413 -0.340404 0.205112 0.0654047 0.575382 0.496129 -0.0179692 0.717756 : 0
-0.184126 0.476861 0.445461 -0.24834 0.428867 -0.712073 0.332612 0.188593 0.981868 : 0
0.360902 -0.601105 -1 0.665971 -0.244568 0.233787 -0.20286 -0.12891 0.827957 : 0
-0.339078 0.755669 -0.119336 -0.47818 -0.548361 -0.3376 0.566578 -0.0866712 0.581421 : 0
-0.242079 -1 0.174067 0.367705 -0.927792 0.0689844 0.27051 0.0367679 -0.571197 : 0
0.258079 -0.514067 -0.388908 0.690663 0.513564 0.0246027 0.15077 0.434543 0.174891 : 0
0.132114 -0.887142 0.440161 -0.189395 0.802696 -0.00711578 0.491483 -0.687437 -0.567475 : 0
0.00147226 -0.561044 -0.900333 -0.024509 0.456637 -0.627354 -0.479919 -0.308727 0.898854 : 0
0.691757 0.913733 1 -0.299553 -0.373805 -0.666174 -0.147895 -0.552328 0.388895 : 0
-0.00323166 -0.195978 0.651701 -0.503027 -0.248971 -0.194861 -0.44494 0.123051 -0.957845 : 0
-0.528967 0.641533 0.609364 0.256469 -0.146434 -0.591002 -0.26935 0.459071 0.00864136 : 0
-0.707528 -0.505568 0.631758 -0.00785261 -1 -0.490329 -0.303053 -0.186804 -0.248549 : 0
-0.00813806 0.410347 -0.29454 0.58109 0.201128 0.724643 1 -0.0106633 0.871936 : 0
0.0615256 0.745444 -0.851518 -1 0.589258 -0.645048 0.221315 0.856257 0.529286 : 0
0.347064 0.0696529 0.329784 -0.761974 0.2837 -0.513564 0.0344441 0.436343 0.125893 : 0
0.0447932 -1 -0.14757 0.71075 -0.236782 -0.188846 0.194467 0.26593 0.256275 : 0
0.130127 -0.108131 0.295112 1 -0.575993 -0.501218 0.355988 0.424572 0.0704435 : 0
-0.915906 -0.702723 -0.582669 0.386213 -0.630669 -1 0.255081 1 0.649433 : 0
0.120167 0.387271 -0.00226276 -0.744211 -0.945879 0.702569 -0.615645 -1 0.164129 : 0
-0.316058 0.2498 0.329431 -0.318421 1 0.0964035 0.192942 -0.388306 -0.866761 : 0
0.890936 -0.741676 -0.130838 0.961903 0.962008 -1 -0.100269 0.0823678 -0.188978 : 0
-0.650072 0.634994 -1 0.351531 0.781276 0.633951 0.0469844 -0.372179 -0.505407 : 0
0.821305 0.600348 -0.64038 0.124057 -0.0160244 0.287518 -0.273458 0.221934 0.86951 : 0.2
0.514017 -0.148642 -0.344213 0.217835 1 0.420723 0.317947 0.155844 -0.242577 : 0
-0.41582 0.770019 -0.564841 0.98911 -0.59722 -0.259272 0.288311 0.0939201 0.216342 : 0
-0.250411 -0.049033 0.18368 0.00363898 -0.100312 0.203003 -0.743975 0.0714573 0.191635 : 0
0.102458 0.928707 0.747949 1 -0.11033 0.378073 0.304816 0.579257 0.408229 : 0
0.190249 0.223627 0.13934 0.632268 0.215232 -0.0363113 0.815823 0.387468 -0.209853 : 0
0.568524 -0.285482 -7.33137e-06 0.0106212 -0.370841 -0.48482 -0.225843 0.0242149 -0.44722 : 0
0.628109 0.595539 0.617639 -0.355404 -0.350699 -0.587534 -0.0289995 -0.494299 0.502124 : 0
0.989773 -0.297754 0.544841 -0.560648 -0.13858 -0.35261 0.681595 0.506745 0.642182 : 0
-0.36196 -0.289075 -0.958713 -0.427519 -1 -0.750865 -0.394998 -0.0664431 -0.0574499 : 0
0.0726223 1 -0.643703 1 -0.278736 -0.12147 0.976711 0.711827 -0.397714 : 0.1
0.561162 0.224454 1 -0.0876912 0.566919 0.648775 0.00760845 0.691254 -0.109663 : 0
0.361148 0.280969 -0.326455 0.787635 -0.880926 0.668414 0.399927 -0.71884 -0.568612 : 0
1 0.655505 -0.422389 -0.20666 0.733208 0.333377 0.531408 0.0748235 0.502258 : 0
-0.110013 -0.387714 0.614114 -1 0.496141 0.216273 -0.358078 1 0.513637 : 0
0.667476 0.428853 -0.031587 -0.099148 -0.0373626 -0.659119 -0.623708 0.874554 -0.0626523 : 0
0.341077 -0.593811 1 0.730814 -0.501102 0.110674 -0.563192 0.268123 -1 : 0
-0.71587 0.513905 -0.745905 0.0545372 0.546887 -0.159387 0.330215 0.345074 0.107345 : 0
-0.241006 0.751736 0.802591 -0.106958 0.0274142 -0.539676 -0.0205413 0.838237 0.0700742 : 0
-0.204806 0.899366 -0.646771 0.332153 0.0982239 -0.710179 -0.389966 1 1 : 0
0.435725 0.40103 -0.0309158 0.177019 -0.705074 -0.800604 -0.530675 0.0170865 0.534294 : 0.1
-0.874504 0.211758 0.0736787 0.257422 0.1154 -0.587236 -0.255363 0.295414 -0.797153 : 0
1 0.949188 0.24651 -0.505538 -0.156579 -1 0.796547 1 -0.0886406 : 0
-0.174288 -0.208109 -1 -0.544333 0.81007 0.28479 -0.717483 0.0337675 0.0862829 : 0
0.680446 -0.168205 -0.498289 -0.303091 0.972983 -0.964476 0.320607 1 -0.355517 : 0
1 -0.646162 -0.151495 1 -0.738568 -0.362924 1 0.110709 0.116386 : 0
0.579365 0.739211 0.0281399 -0.245158 0.000548124 -0.87976 0.653422 0.839577 -0.167135 : 0.2
-1 0.130595 -0.187546 0.00372022 -0.424533 0.761589 -0.205214 0.230197 -0.684253 : 0
0.174438 1 -0.0597335 0.808698 -0.189487 -1 0.562526 -0.609168 0.464353 : 0
0.819332 0.423944 0.0563286 0.129961 0.396802 0.618775 -0.106271 -0.517843 -0.876333 : 0.1
-0.089506 0.800685 -0.857255 0.531814 0.63072 -0.8559 -0.196077 0.183963 0.659092 : 0
0.291575 1 0.456338 -0.262077 0.975297 0.416515 1 -0.124519 -1 : 0
-0.384138 -0.409101 -1 1 0.725506 -1 0.631565 0.672871 0.751426 : 0
0.576884 -0.64033 -0.00259984 0.28533 0.064568 -0.566162 -0.789791 0.316342 0.843337 : 0
-0.425541 -1 0.324747 -0.037362 0.423683 -0.310523 -0.0126677 -0.368583 1 : 0
-1 0.623112 -1 -0.272193 0.299797 0.664036 0.563359 0.729428 -0.145477 : 0
0.182907 0.819621 0.202228 0.277782 0.673 -0.187541 1 -0.642843 -0.477582 : 0
1 0.370342 -0.219918 -0.248298 -0.351734 -0.44146 0.757488 0.0435036 -0.281073 : 0
0.692165 -0.274811 0.710554 0.170755 -0.749853 -0.436001 0.54939 0.515754 -0.277257 : 0.3
0.175392 0.775239 0.808006 0.698596 0.804161 -0.186118 0.415514 0.941411 -0.165325 : 0
-0.194132 0.0736585 -0.146936 0.521296 -0.0996665 -0.651472 -0.667941 0.639061 0.660755 : 0
0.118074 1 -0.292426 -0.293188 -0.209661 -0.60265 -0.31449 -0.589849 1 : 0
0.960269 -0.40872 0.629708 0.992154 0.102644 -0.355967 -0.908565 -0.477995 0.812372 : 0
-0.602916 0.224938 -0.29585 0.0351995 0.282757 0.139712 -0.17124 -0.359635 -0.708842 : 0
0.670461 -0.282192 -0.499354 0.136883 0.876875 0.144808 -0.105873 0.299461 -0.0709132 : 0
-0.2025 0.112442 -1 -0.678327 0.186171 0.511825 0.370191 -0.515143 -0.487906 : 0
-0.246049 0.749306 -0.454474 -0.00593562 -0.554256 0.598984 0.381647 -0.0219516 0.00038147 : 0
-0.206429 -0.593514 1 0.437368 0.309608 -0.558265 0.98121 0.916194 0.446805 : 0
-0.0500487 0.120553 -0.581185 0.719666 -0.450643 0.00908065 -0.365742 0.227644 -0.0729403 : 0
0.50943 -0.143515 0.469085 0.638662 0.0981495 0.58272 -0.370445 0.23515 -0.210512 : 0
0.407861 -0.860668 -0.117914 -0.0871137 0.611003 -1 0.0236846 0.445614 0.566619 : 0
0.652185 -0.241856 -0.472993 0.00179522 0.0863368 0.0784513 0.20142 -0.142063 0.205268 : 0
-0.202503 0.273725 0.265321 -0.494412 -0.26883 0.690057 -0.965423 0.0494322 -0.303739 : 0
-0.0442438 -0.00273225 -0.607285 0.0432155 0.469106 -0.132221 -0.303279 0.0882908 0.0556797 : 0
0.835447 -1 -0.273288 0.00710827 0.786889 -0.182609 0.360983 0.00468338 -0.750477 : 0
-0.846838 -0.0145208 -0.472838 -0.977707 0.00211692 0.135709 1 0.687927 -0.799039 : 0
-1 -0.192477 -0.427789 -0.0654621 0.961176 -0.079595 1 0.803433 -0.932782 : 0
0.881112 -0.300342 -0.687754 -0.0315226 0.283199 -0.109928 -0.0338634 0.657865 0.123936 : 0.2
1 0.710713 -1 0.519964 -0.26981 -0.885051 0.114015 0.0301563 -0.973264 : 0
-0.0858115 0.0224776 -0.458913 -0.277612 0.334988 0.119851 -0.757823 -0.58678 -1 : 0
0.585981 0.472352 0.392491 0.541407 0.0710697 -0.0401303 0.943959 0.402235 0.509842 : 0
0.473808 0.41228 -1 0.0264264 0.817239 -0.19903 -0.447702 0.368544 0.677189 : 0.1
-0.022835 -0.233518 0.2129 0.593641 0.254475 -0.186488 0.739136 0.110527 0.593999 : 0
0.444686 0.457453 -0.379931 0.657678 0.170545 0.27875 0.444854 -0.0378416 0.0942792 : 0
-0.264576 0.429325 1 -0.283185 0.0960038 0.297496 -0.146395 0.444176 0.177363 : 0
0.700195 0.645663 -0.311547 -1 -0.25915 -0.194492 1 0.0516966 -0.87676 : 0
0.0435261 0.896722 -0.30936 -0.111009 -0.00382132 0.157109 -0.451177 -0.560337 0.446359 : 0
0.489275 0.429971 0.0604493 0.112134 -0.405213 -0.0371716 0.0624694 0.488776 0.0636756 : 0
-0.333051 0.131419 -0.885751 0.125131 0.863966 0.378907 -0.683824 -0.562305 -0.215432 : 0
0.583411 0.77081 0.0872297 0.515615 0.173903 0.176044 -0.35208 -0.765073 0.871769 : 0
0.089568 -0.0280132 -0.33007 0.0530957 -0.470857 0.101549 -0.874292 0.195343 -0.232372 : 0
-0.0590889 0.671128 0.107751 0.527897 0.133911 0.0440367 0.167807 0.0954062 0.0115713 : 0
0.245143 -0.654125 -0.367164 0.404849 -0.422244 -0.383568 -0.20547 -0.0233962 -1 : 0.1
0.783513 0.863106 0.860149 -0.136103 0.471131 0.502048 0.573886 0.976551 0.401598 : 0
0.569667 -1 0.118447 0.327009 0.267554 -0.0570366 0.125584 0.804288 0.0294156 : 0
0.517298 0.962382 -0.0864114 -0.445028 0.222321 -0.116308 -0.105252 0.844431 -0.262836 : 0
0.889703 -0.420606 0.174473 0.347578 -1 -0.829298 -0.401531 0.13896 0.108752 : 0
-0.156184 0.318863 1 -0.530861 -0.114539 -0.0277203 -1 -0.300526 0.356516 : 0
-0.322713 -0.0875525 0.583898 -0.28783 -0.159449 -0.312391 -0.601569 0.264095 1 : 0
0.667216 0.135746 0.590369 -0.994244 -0.0475819 0.635409 0.778762 0.320136 0.874316 : 0
0.840769 1 -0.476245 -0.332976 0.829152 1 -0.463265 0.158863 -0.121206 : 0
-0.2303 0.74053 -0.473863 0.266778 0.701932 -0.00800264 -0.0868278 1 -0.579643 : 0
0.892576 -0.423704 -0.478766 0.13323 -0.104622 0.600041 1 -0.627128 0.0859623 : 0
-1 0.190971 1 -0.64746 0.452914 -0.752833 0.454409 -0.128233 -0.863403 : 0
0.511878 0.0262068 0.199575 -0.850223 0.120221 1 0.765688 -0.251123 -0.281741 : 0
0.63548 -0.989096 0.402382 1 -0.0380955 0.648417 0.110581 -0.819858 -1 : 0.3
-0.459949 -0.00372636 0.854001 -0.153291 -0.970673 -0.447971 0.128033 0.0405225 -1 : 0
-0.286967 0.121688 0.752976 -0.418397 0.0872 -0.771411 0.571692 0.0724407 -0.0655861 : 0
-0.963912 0.360888 0.91174 0.154396 0.952516 -0.545433 -0.307402 0.285328 0.126995 : 0
-0.264907 -0.160158 -0.105113 -0.46691 0.940183 0.0419509 0.607894 -0.572747 -0.681404 : 0
0.589766 0.792282 0.44252 0.750964 0.186041 0.133469 -0.648407 0.114078 0.79097 : 0
0.278915 -0.208266 1 -0.282687 -0.771919 0.350034 0.0303717 -0.722231 -0.163274 : 0
-0.866153 -0.241318 0.112173 0.0347268 -0.645448 0.295504 0.56415 0.693449 -0.593962 : 0
-0.349931 -1 -0.279174 -0.268368 -0.352607 -0.241262 0.354931 1 -0.503052 : 0
0.740013 0.194628 0.306437 0.105283 0.36868 -0.492201 0.256732 0.665621 0.105254 : 0
-1 1 -0.416785 0.231018 0.0440596 -0.0858206 0.571825 0.477183 -0.82362 : 0.4
-0.68474 -0.0461832 -0.495473 0.690401 -0.365943 0.0692223 -0.259608 -0.671498 -0.121951 : 0
0.37973 0.323432 0.581738 -0.279782 -0.581634 -0.95342 0.951032 0.554801 0.259059 : 0
0.306504 1 -0.270295 0.664467 -0.112288 -0.717713 0.931297 0.775941 0.0529951 : 0.1
-0.0558993 -0.589475 0.644394 0.233837 -1 -0.222704 0.26406 0.34113 0.244817 : 0
-0.614585 -0.0394582 0.527276 -0.327109 0.13914 -0.208606 0.48792 -0.541396 -0.833837 : 0
0.508565 0.695813 -0.81153 0.610141 0.241404 -0.45278 0.0870246 0.15766 0.0876307 : 0
-0.158167 0.102657 -0.425074 -0.920281 0.787938 -0.944957 -0.948764 -0.289776 -0.560856 : 0
1 0.565381 -0.027291 0.0280108 -0.70941 0.509263 1 -0.656641 0.896992 : 0
0.590436 0.320748 0.568899 -0.43817 -0.411456 0.472818 0.425049 0.850845 -0.35093 : 0
0.273777 0.359206 -1 0.364877 0.308088 -0.490531 -0.940603 0.717453 -0.137043 : 0.1
0.957327 -0.201582 -0.392181 0.383714 0.182615 0.710989 0.882721 0.136134 0.726454 : 0.2
0.0426617 -0.567024 0.760153 -0.0840458 -1 0.154056 0.188403 -0.38703 -0.709602 : 0
0.143504 -0.216074 -0.0786542 0.153481 -0.727066 -0.384154 -0.514892 0.154516 0.358993 : 0
0.0501775 -0.0499223 0.463267 -0.345468 0.867436 0.555987 -0.558125 0.624756 -0.890689 : 0
1 -0.281285 -1 0.509199 -0.365461 -0.168735 0.642078 0.568167 0.308722 : 0
1 -0.746165 -0.505266 -0.39954 -0.558334 -0.254216 0.424684 0.129127 0.418329 : 0
-0.851749 0.850761 0.200011 -0.540519 0.721719 -0.39033 -0.0472534 0.41668 -0.193267 : 0
0.514521 -1 -0.85157 0.0833105 0.885131 -0.713782 -0.0210468 0.268759 -0.373594 : 0
-0.0150908 0.287343 -0.21779 0.14437 0.582669 0.562105 0.883937 -0.720874 0.318222 : 0
-0.243228 0.102602 0.804727 0.256788 -0.360531 -0.70631 -0.848094 0.294535 0.550644 : 0.2
-0.137492 -0.103838 -0.0260511 -0.289407 0.812805 0.854292 0.152324 -0.986487 -0.893836 : 0
-0.368281 -0.107267 0.138238 0.0901901 -0.368932 -1 -0.659693 0.776358 0.0952903 : 0
0.27895 0.338546 -0.605141 1 -0.310225 -0.477459 -0.383999 0.871715 -0.343261 : 0
0.593479 0.648131 -0.0585769 -0.168121 -0.640402 -0.136391 0.0542961 0.465796 -0.175443 : 0
-0.238675 -0.266651 0.572678 -0.684483 0.558203 -0.205896 0.0587715 -0.365675 0.389286 : 0
0.0364281 -0.488101 1 -0.115043 -0.0999556 -0.0867055 0.360942 -0.245276 -0.412535 : 0
-0.29596 -0.245384 0.728988 0.303766 1 -0.304376 -0.342464 -0.113048 -0.111346 : 0
0.273031 -0.177978 0.438163 0.736315 -0.596305 -0.381761 0.587266 0.0172675 1 : 0
-0.35023 1 0.793138 0.37832 -0.400567 1 1 -0.652772 0.565614 : 0
-0.387786 -0.344462 -0.447801 0.117041 -0.581585 -0.374405 -0.429065 -0.118966 -0.00219873 : 0
-0.624304 -0.419848 -0.0475656 -0.223334 0.908291 -0.0151256 -0.277766 0.0246905 -0.612321 : 0
-0.0486565 -0.414732 0.751338 -0.639801 1 -0.246124 -0.871794 -0.2952 0.245504 : 0
0.380608 0.390809 -0.607803 -0.104939 -0.42113 0.583679 -0.0698571 -0.291618 -0.61774 : 0
-0.191089 0.208448 -0.828507 -0.154598 0.899451 -0.0819083 0.171978 -0.0453987 0.183197 : 0
0.189199 -0.797934 0.139423 -0.83883 0.804792 -0.665112 0.234086 -1 0.286739 : 0
-0.280484 0.28612 0.535429 -0.173193 -0.0573849 0.231225 0.388907 0.066114 -0.369906 : 0
-0.0325044 -0.118318 0.544237 0.349104 0.793589 0.00291631 -0.475294 0.175999 -0.0109489 : 0
0.347027 0.670209 -0.116778 -0.0300725 -0.602857 -0.616161 0.608683 0.726958 0.479092 : 0.3
-0.270082 0.105416 0.407357 0.0427323 0.418532 -0.809223 -0.244327 0.250188 0.66382 : 0.2
-0.646051 0.124133 -0.165577 -0.26482 0.284559 -0.208737 0.206222 -0.62156 -0.31364 : 0
-0.49729 0.912736 0.940076 -0.261069 0.253531 0.451787 -0.899643 -0.226293 -0.236675 : 0
-0.575151 0.845025 0.0418367 -0.603129 0.196711 0.286911 -0.458586 0.0166713 -0.733963 : 0.3
-0.762757 0.152716 -0.64524 0.00381094 0.0525917 -0.724696 0.43461 -0.508538 -0.10847 : 0
-1 0.0195013 -0.0688768 0.776466 -0.21916 -0.0672889 0.768117 -0.0763665 -0.112187 : 0
0.173736 0.209649 0.0917259 -0.898799 0.380231 0.829869 -0.847617 0.368043 0.426344 : 0
0.844623 0.940441 0.937275 -0.188784 0.100508 0.659781 -0.167741 -0.30746 -0.305122 : 0.3
-0.548059 -0.411602 0.103914 -0.579912 -0.0562735 0.135335 -0.866711 -0.692741 -0.835506 : 0
-0.0464078 -0.379499 -0.837631 -0.387888 0.0494569 -0.185468 0.402224 0.25909 -0.0529438 : 0
-1 0.987105 -0.25373 0.0246743 0.469987 0.477874 -0.6999 1 -1 : 0
0.75034 1 -0.178216 -0.26246 -0.871136 -0.622324 0.0849463 0.480752 0.861168 : 0
-0.00208512 0.204688 -0.81203 -0.218 0.528765 0.272564 0.137105 -0.503319 1 : 0
0.434886 0.245186 -0.0772092 0.671702 0.774822 0.282271 1 -0.268923 0.578824 : 0
0.754988 0.372303 0.132645 -0.57683 -0.670513 0.0259889 0.917716 -0.790533 0.968913 : 0.1
0.321527 0.142727 -0.819345 -1 0.203135 0.528175 -0.891729 -0.753372 -0.531654 : 0
0.523322 0.911809 -0.295321 -0.356874 -1 0.0188652 0.255129 0.0711372 0.309263 : 0
0.907121 -0.573777 0.417081 -1 0.415934 0.120149 0.641721 -0.493054 -0.09411 : 0
0.0907043 0.124615 -0.116728 1 -0.149565 -0.31372 0.453101 -0.449182 -0.557187 : 0
0.379004 0.439803 -0.216064 0.0506064 0.0281 0.159441 -0.0241381 0.751233 0.367658 : 0
-0.0949215 0.688445 0.388633 -0.00851405 0.0798781 0.412268 1 0.893265 -0.0137297 : 0
-0.0421335 -0.0177119 0.281312 -0.843756 0.768202 0.750291 -0.236743 0.00239098 0.143542 : 0
-0.495308 0.572297 0.693445 -0.886433 0.471695 0.898707 0.765984 -0.378604 0.725985 : 0
0.483817 1 -0.365127 0.528906 0.675178 0.385757 1 1 -0.267141 : 0.1
-0.00455308 0.609214 0.161587 1 0.427612 0.0667685 -0.0214221 -0.134427 0.140499 : 0
0.246369 0.479408 0.10628 0.115547 0.903454 0.628425 -0.0881745 0.620592 0.266809 : 0
0.5519 -0.218452 0.265683 1 -0.0586659 1 -0.918935 -0.012002 0.449232 : 0
0.46659 -1 -0.649351 1 -0.134818 -0.584985 0.84841 0.605056 -0.0128797 : 0
-0.733886 -0.621638 0.532525 0.591677 -0.761669 -0.611645 -1 -0.281747 0.0106047 : 0.1
1 1 -0.901881 0.36173 0.332715 -0.0729359 -0.201303 -0.980519 0.43136 : 0
-0.00425854 0.694334 0.0912794 0.106042 -1 0.0995862 -0.81437 -0.00560764 0.517797 : 0
-0.141882 -0.209597 0.128772 0.939505 0.981156 0.657249 -0.632606 0.711825 0.316478 : 0
0.667472 0.63697 0.188704 0.0502854 -0.407828 0.323045 -0.151413 -0.509015 0.330254 : 0
0.489789 0.307997 -0.44912 0.522027 1 0.390538 -0.0379987 -0.59564 0.226406 : 0
0.20562 1 1 0.316065 -0.282558 0.555399 -0.29169 -0.95616 0.646682 : 0.1
0.168019 -0.955947 -0.155486 -0.048049 0.318803 0.253185 -0.558849 0.612365 0.333259 : 0
0.44394 0.15123 -0.19432 -0.0375909 0.327987 0.529821 0.755027 0.913902 -0.20066 : 0
0.742226 0.0697795 -0.598561 -0.599116 -0.805678 -0.391377 1 -0.832526 0.759688 : 0
-0.288811 0.240221 0.565163 0.13132 -1 0.148556 -0.195941 -1 -0.601133 : 0
-0.0700848 0.433172 1 0.167445 1 0.483482 -0.273526 -0.931167 -0.452148 : 0.2
0.0523277 -0.156484 0.754892 0.870012 0.540668 0.217174 1 0.615335 0.0639922 : 0
0.836648 0.957747 0.00141746 0.226755 0.564637 -0.16011 1 -0.798965 0.806544 : 0
-0.767542 -0.924203 -0.034909 -0.924947 0.378667 1 1 0.336691 -0.84114 : 0
-0.428435 -0.54347 -0.44862 0.0621444 -0.741074 -0.204384 -0.618152 -0.0882891 -0.59706 : 0
1 0.799518 0.128141 -0.484773 -1 0.291932 0.0356735 0.0362319 -0.797638 : 0
-0.740259 -1 0.206747 0.395692 0.00999486 0.289907 -0.121036 0.174597 -0.487757 : 0.1
-0.432781 -0.339065 0.174547 0.787988 -0.862825 -0.548486 -0.921442 -0.181951 1 : 0
0.145965 0.273825 0.687619 -0.538959 0.143597 -0.497407 0.318347 -0.225358 -0.521394 : 0
0.450684 0.78869 0.17751 -0.793443 1 0.650913 -0.229533 -0.53129 0.375357 : 0
0.938725 0.063773 -0.36806 -0.19825 0.369878 0.27994 -0.303747 1 0.233225 : 0.1
0.792873 0.593757 -0.0599284 0.208387 0.989982 -0.683866 -0.0844408 -0.0116388 1 : 0
0.496251 0.938358 0.228961 0.36467 0.122255 0.376445 0.277633 0.418416 -0.686744 : 0.1
-0.1838 -0.0505534 0.478678 -0.50976 1 -0.0279957 -0.866086 0.222752 0.438354 : 0
0.609067 0.0815409 -0.516428 -0.0555127 0.134725 -0.0161035 -0.119718 -0.92856 -0.603505 : 0
0.508101 -0.0354191 0.322705 -0.0950876 -1 0.6872 0.0183777 1 -0.806352 : 0.1
0.782078 0.610438 0.226682 0.984302 0.234158 0.35709 -1 -0.655449 -0.544776 : 0
-0.0784563 -0.0847389 -0.157419 -0.400181 0.26393 -0.299381 -0.895683 -0.558422 0.936937 : 0
0.347216 0.722124 -0.395841 -0.109981 0.455092 -0.0358221 0.335669 0.88372 0.124904 : 0
0.931838 0.620856 -0.0314431 0.161235 0.380204 0.525549 0.43593 0.197137 0.595038 : 0
0.769884 -0.511697 -0.239819 0.498272 -0.957546 -1 -0.526577 -0.353121 1 : 0
0.787548 0.434992 -0.526475 -0.712381 0.116179 0.104092 0.673292 0.162434 -0.329619 : 0
0.881185 -1 -0.195588 -0.125345 0.0816112 -0.325171 -0.26477 -0.679235 -0.318622 : 0
0.669045 0.698899 -0.825395 0.404707 -0.487908 0.0316591 -0.204964 -0.847882 0.712584 : 0
-0.76519 -0.728955 -0.474982 -0.612216 -0.95391 -0.409134 0.446857 0.166931 -1 : 0
-0.254034 0.729491 -0.257163 0.0257996 -0.529263 0.117688 0.154738 -0.760926 -0.0057314 : 0
-0.61911 1 -0.912846 0.96964 -0.338025 -0.268181 -0.856293 0.04495 -0.38008 : 0
0.0446473 0.55219 -0.341064 -0.257276 0.375216 1 0.940812 0.206153 0.424365 : 0
-0.422939 0.995205 -0.463463 -0.233517 -0.0213749 -0.653546 0.241252 -0.56108 0.0626426 : 0
1 0.0951146 1 0.0182975 0.0411073 -0.330382 -0.0591049 0.398775 0.723328 : 0
1 0.626768 0.067363 -0.639007 0.486437 0.607591 -0.360849 -0.805911 0.428689 : 0
0.847856 -0.19526 -0.354647 -0.175925 0.860899 -0.0492395 0.196659 0.275823 -0.310221 : 0
0.486673 0.800993 -0.024109 0.28863 0.528694 -0.121982 0.0178175 -0.582359 -0.0304232 : 0
-0.664696 -0.0537133 0.906221 -0.414647 0.0419989 -0.0295287 0.537132 0.349854 0.769307 : 0
0.517416 0.414084 0.0318488 -0.220446 0.686408 0.590653 -0.303491 -0.153172 0.103187 : 0
0.603661 0.920765 0.12193 -0.10641 -0.0455828 -0.150814 0.618156 -0.823989 0.118968 : 0.1
0.654615 0.0350085 0.284447 -0.129491 0.459868 0.042055 0.286313 1 0.0918773 : 0
0.29452 0.037223 -0.103434 0.329191 0.566304 0.286454 -0.283894 0.548841 -0.163391 : 0
0.516334 -0.354857 -0.0140164 0.805475 -0.758591 -0.230624 0.348224 0.378963 -1 : 0
-0.0418182 -0.129686 -0.248641 -0.0487717 -0.163813 0.619621 0.600872 0.340789 -1 : 0
0.103055 0.440819 -0.415366 0.00304026 0.0596418 0.56295 0.274427 0.336226 0.157655 : 0
0.552436 -0.543799 -0.413392 0.434396 0.624502 0.678551 0.435688 -0.835192 0.75282 : 0
-0.015197 0.410135 0.17338 0.456374 -0.186056 -0.18657 -0.582083 1 -0.683004 : 0
-0.546801 -1 -0.946672 0.803453 1 0.682415 -0.735023 0.673909 -0.270593 : 0
-0.43583 -0.386093 -0.814308 1 0.380651 0.0206539 0.304667 1 0.407559 : 0
0.985225 0.116343 0.09613 -0.320092 -0.0489267 0.572313 0.23431 0.683709 -0.394964 : 0
0.588709 0.331156 -0.122856 0.698314 0.54542 -0.144197 0.224483 0.679371 -0.360029 : 0
-0.862777 -0.159632 -0.22256 0.35795 -1 0.138158 -0.198557 0.226647 0.130089 : 0
0.167944 -0.826174 -0.323911 -1 0.228665 1 0.587378 -0.667408 0.153773 : 0.1
0.825657 0.84337 0.934826 -0.0453421 0.212936 0.756314 0.980913 0.41834 -0.119444 : 0
0.15494 -1 -0.469444 -0.484189 0.513654 -0.107492 0.793435 -1 -0.806852 : 0
0.504032 0.549261 0.173164 0.425229 0.0943877 -0.472319 1 0.0112472 -0.461542 : 0
0.0967636 -0.339735 1 -0.480292 -0.957202 -0.685893 0.505383 -0.554431 -0.486719 : 0
-0.769754 0.397038 -0.0796992 -0.306913 0.713854 0.617409 -0.104035 -0.976282 0.158141 : 0
0.685987 -0.806723 -0.499988 0.288007 1 -0.088058 0.126452 0.26136 -0.141473 : 0
-0.21824 -0.760756 0.590441 -0.0557657 -0.301616 -0.941872 -0.803331 0.646626 0.360003 : 0
0.701143 -0.45286 0.174195 -0.624813 0.389869 -0.324542 -0.29834 -0.00693478 -0.938393 : 0
1 0.781564 -0.68043 -0.782871 0.175122 0.0757266 -0.838705 0.457519 0.804848 : 0
0.620046 1 0.660625 -0.154321 0.12512 0.383786 0.177773 0.937472 -0.776484 : 0.1
0.754829 -0.277782 -0.138919 0.513547 0.415311 1 0.293481 0.224239 -0.606189 : 0
-0.674836 0.492746 -0.0644755 0.762953 0.75875 0.882846 -0.316102 -1 0.122997 : 0
-0.379959 -0.36407 0.72275 -0.59622 0.795555 0.0374579 0.955859 0.205765 -0.34893 : 0
-0.435265 0.157339 0.817544 0.582675 -0.247519 -0.838839 -0.738687 -0.271713 -1 : 0
0.500272 0.820145 -0.862054 -0.502047 0.0395446 -0.72459 0.189611 -0.287444 -0.127897 : 0
0.374852 -0.0110385 0.198364 0.309856 0.341929 0.202633 0.389679 -0.695789 1 : 0
0.558913 -0.297153 -0.0417215 -0.384892 0.533275 -0.594221 0.543958 -0.791303 -0.937116 : 0
0.331108 0.239835 0.46675 -0.481074 -0.0228916 0.311899 0.991874 0.114775 -1 : 0
-0.503241 -0.6744 0.336835 0.3584 -0.361651 0.180543 -0.552133 0.956788 0.325003 : 0
-0.222083 0.182476 -0.27692 -0.367949 -0.2013 0.442855 -0.376753 -0.0637861 0.0568865 : 0
-0.0696073 -0.6998 1 0.894434 -0.481969 0.209695 -0.728896 -0.915702 0.0748565 : 0
-0.425803 0.749992 -0.463058 -0.125824 -0.885389 -0.416493 0.0736876 0.221011 -0.361068 : 0
-0.311472 -0.179634 0.15029 0.67521 -0.495392 0.708871 -0.722749 -0.262923 -0.739284 : 0.1
0.786872 0.144605 1 0.133195 0.0782895 0.162665 -0.125405 0.864554 0.660248 : 0
0.391714 -0.164197 -0.426596 0.332635 0.839601 -0.271269 0.0208631 0.447298 -0.0230037 : 0
-0.324285 0.503167 -0.12843 0.385909 -0.416013 -0.132262 0.720916 0.107506 0.82077 : 0.5
0.0209393 0.857196 -0.708259 -0.143642 0.158614 -0.31501 -0.275354 -0.272004 -0.731282 : 0
-0.13678 0.906876 -0.362862 1 -0.469187 -0.311084 0.495956 -0.431887 -0.50128 : 0
0.569616 1 -0.743154 -0.213657 0.704404 -0.356333 0.427002 0.604818 -0.806823 : 0
0.0502823 0.839735 -0.0734586 0.226277 -0.490482 -0.0977809 0.117904 -0.55133 0.558077 : 0
-0.138394 0.980316 0.689615 -0.193608 0.364529 -0.313933 -0.0281511 0.453268 1 : 0
0.853168 -0.151503 0.218059 -0.293562 0.43528 -0.388472 0.283684 -0.450241 1 : 0.8
0.962225 -0.610376 0.0255695 -0.456267 -0.401512 0.650353 0.21821 0.850687 0.177404 : 0
0.536605 -0.678051 0.128065 0.435498 -0.0374265 -0.14033 -1 0.883836 0.0973385 : 0.1
0.234581 0.842133 -1 -0.930538 0.891776 0.509256 0.810028 0.86839 -0.238667 : 0
-0.337335 0.279558 0.837206 -0.371887 -0.172015 0.337323 0.562991 -0.287456 0.183099 : 0
-0.0811961 0.701864 -0.12629 0.946957 -0.312779 -0.33834 0.2726 -0.465585 0.33479 : 0
0.576633 0.733974 0.250964 -0.514912 0.125434 -1 -0.730646 0.355379 -0.400742 : 0
-0.89229 -0.0375395 0.174918 -0.278097 -0.914062 -0.0291383 -0.325413 0.412806 -0.745738 : 0
0.336905 0.124928 0.15694 -0.378848 0.742035 -0.288124 0.317905 1 -0.318676 : 0
-0.422296 -0.314024 -0.384806 -0.510361 0.883117 0.299005 0.648824 0.340679 -0.233417 : 0
0.170576 -0.217714 0.0451962 1 -0.199974 0.0515967 0.29542 0.625371 -0.840931 : 0.1
-0.312946 -0.423271 -0.826961 -0.120352 -0.851115 0.386836 -0.298502 -0.664811 -1 : 0
-0.862341 1 -0.124536 0.430343 0.899035 0.508378 -0.724521 0.0960247 -1 : 0
0.781109 -0.207108 -0.51119 0.448945 -0.896884 -0.056205 0.0337019 0.802464 -0.747381 : 0
-0.106927 -0.0790151 -0.904725 0.54046 1 -0.348352 -0.510231 -0.278076 -0.854843 : 0
-0.294429 0.137641 0.0381186 0.304697 0.147001 -0.0948526 0.390602 0.0642153 -0.806144 : 0
0.28811 -0.0370589 0.0883135 -0.259436 0.232242 -0.0997756 -0.917178 0.749431 0.350107 : 0
0.567476 -0.0891142 -0.0367782 0.450764 -0.388574 0.291957 0.120521 0.606825 0.418972 : 0
-0.359937 0.77349 -0.576395 0.165603 -0.484932 0.0593138 -0.264038 -1 -0.291251 : 0
0.545686 0.244553 0.140291 -0.428344 -0.897562 -0.599894 -0.332759 0.941295 0.046339 : 0
1 -0.147015 -0.746514 -0.126145 -0.138942 -0.362398 -0.283945 -0.521927 -0.756673 : 0
-0.117072 0.813583 0.1055 0.293445 -0.171319 -0.141694 -0.0893172 0.394364 0.189931 : 0
0.37008 0.118768 0.0658804 -0.879744 0.686788 0.594171 -0.99645 0.708917 0.590339 : 0
-0.208472 0.807686 -0.210963 0.18498 -0.371332 -0.271687 -0.0853877 0.344185 -0.345548 : 0
0.486746 0.746293 -0.678317 -0.251888 0.735119 -0.392262 0.227624 0.480792 0.546374 : 0
-0.268634 0.121481 0.2517 -0.0281851 0.722682 -0.601863 -1 1 -0.947354 : 0
0.438886 0.356973 -0.701415 0.768674 -0.211808 0.480778 -0.180696 0.425543 -0.636193 : 0
-0.671496 0.822651 -0.191113 1 0.491874 0.0228712 0.562006 1 0.0552156 : 0
-0.778137 0.123419 -0.172176 0.232279 -0.852401 0.1311 -0.211274 -0.46007 -0.125431 : 0.3
-0.824374 0.0338747 0.0268813 0.971415 -0.796658 0.104544 -0.687118 0.401409 -0.367218 : 0
0.992981 -0.993733 0.154716 0.466275 0.492691 -0.594526 0.319806 -0.713251 0.82815 : 0
0.517647 0.312498 -0.944987 0.429672 0.427515 0.612574 -0.720829 -0.0375743 0.251769 : 0
0.107652 0.249083 -0.107532 -0.0909777 0.291943 0.540832 0.333869 0.447797 -0.305032 : 0
-0.761461 0.356171 -0.186166 -0.0448943 0.391821 -0.102638 0.953493 0.594803 -0.357377 : 0.1
0.116264 0.430268 -0.479581 -0.232041 -0.276854 -0.584422 -0.431692 0.575285 -0.624243 : 0
-0.252296 0.682695 0.503951 0.184228 0.837672 0.179137 -0.13879 -0.25141 -1 : 0
0.933806 0.263716 0.868116 -0.751102 0.0036698 -0.0598326 0.0978765 -0.0771483 -0.737765 : 0
0.105067 -0.513158 0.466655 0.20655 -0.435197 0.299995 -0.439191 -1 0.217665 : 0
0.254324 0.631026 -0.279704 0.383192 0.000333764 0.0751136 0.29886 1 0.380784 : 0.2
0.311293 0.25596 -0.700259 0.0773068 0.444138 -0.115619 -0.598647 0.00166652 -0.24774 : 0
-0.256124 0.806641 0.606051 -0.543532 0.196984 -0.481199 -0.274168 0.916965 0.787045 : 0
-0.180792 0.893382 -0.866894 -0.00379437 -0.252144 -0.320766 -0.0497522 -0.647207 1 : 0
0.847019 -0.195715 1 0.577799 -0.565958 0.476238 0.533725 -0.741378 -0.385816 : 0
-0.823733 -0.591355 -0.102355 0.504813 0.0909329 0.14539 -0.521553 -0.697913 0.684617 : 0
0.582974 0.290784 0.161946 0.16651 -1 0.57608 -0.188088 -0.659852 -0.326498 : 0
