0.774894 0.422208 0.887906 -0.477404 0.29602 0.576528 -0.237292 0.262011 0.115691 : 0.2
0.825228 0.461202 0.779888 -0.668015 0.813023 -0.469128 0.811696 0.739763 0.192722 : 0.3
0.0265454 0.281763 0.895034 -0.4395 -0.117399 -0.240933 -0.0489613 -1 0.45729 : 0
0.633589 0.8625 0.603357 -0.891213 0.137127 0.204258 -0.0478003 0.332474 -0.0198347 : 0.2
0.468894 0.527893 0.821339 -0.349252 -0.749127 0.103526 0.862319 0.676418 -0.0597049 : 0.5
0.944739 0.76026 0.930996 -0.343457 -0.165655 -0.729644 0.819751 0.169232 0.315064 : 0.1
0.814153 0.805985 0.853743 -0.208649 0.594332 -0.0678748 0.824147 0.438648 -0.377816 : 0.4
0.606398 0.462893 0.728989 -0.265023 0.0299452 0.22071 -0.0645578 0.259327 1 : 0.3
0.595841 1 0.93284 -0.517318 -0.174775 -0.108627 0.306059 0.232959 0.472534 : 0.1
0.692997 1 0.915312 -0.252285 -0.937415 0.732967 0.298493 0.199877 0.204939 : 0.4
0.786291 0.589656 0.865034 -0.742371 -0.57375 -0.872209 0.510924 -0.262827 1 : 0.3
0.387674 0.805379 0.718168 -0.20485 0.451548 0.386248 0.889113 0.712362 -0.496162 : 0.1
0.776084 0.412585 0.697896 -0.396684 0.477333 -0.327755 0.554828 0.527916 -1 : 0.3
0.878709 0.0599693 0.850717 -0.367739 -0.354039 -0.26406 0.399038 0.00644612 0.552871 : 0.3
0.607059 0.432798 0.606254 0.222371 0.0614438 0.153348 0.489953 0.867934 1 : 0.4
0.562862 0.448215 0.620519 -0.0756569 -0.578341 -0.681192 0.336223 0.363719 0.640492 : 0.5
0.633865 0.97171 0.683147 -0.220204 -0.18999 -0.622429 0.778921 1 0.185978 : 0.3
0.745587 0.72075 0.858738 -0.636382 -0.480047 -0.204153 0.921619 0.338874 0.0509109 : 0.3
0.440301 0.640265 1 -0.181088 0.23037 0.626857 0.571493 1 0.658003 : 0.1
0.791997 0.609465 0.826767 -0.118651 0.738018 0.496087 1 0.435396 0.475057 : 0.3
0.548812 0.626139 1 -0.11377 0.341932 0.132408 -0.312308 -0.218121 0.763626 : 0
0.631866 0.765861 0.921895 -0.432523 0.694609 -0.440858 -0.317322 0.51135 -1 : 0.3
0.757008 0.237673 1 -0.452568 0.229407 0.58782 -0.175517 0.297171 0.80318 : 0.1
0.749268 1 0.842338 -0.21765 0.727006 -0.538805 0.314481 0.417396 -1 : 0.2
0.714285 0.804169 0.866533 -0.172716 -1 -0.0696621 0.976971 0.615832 0.337602 : 0.3
0.655589 0.559227 0.883322 0.186181 -0.406839 -0.520153 -0.25406 -0.0593185 0.262881 : 0.4
0.685354 0.120326 0.801636 -0.591956 -0.00730169 -1 0.0801144 -0.442377 -0.736796 : 0.1
0.709455 0.640798 0.640124 -0.725792 -0.332069 -0.497737 1 -0.250566 0.664448 : 0.1
0.549344 0.462786 0.692374 -0.955542 -0.60583 -0.484355 0.841003 -0.0206893 0.522599 : 0.1
0.765807 0.510963 0.810743 -0.292821 -1 0.134474 0.385225 0.707288 -0.00447172 : 0.3
0.648446 0.5866 0.824706 -0.0456248 0.000728965 -0.819877 0.744941 0.860605 -0.0454611 : 0.4
0.876418 0.60681 0.840329 -0.203227 0.49502 1 -0.232543 0.608906 -0.639519 : 0
0.512987 0.52256 0.887425 0.0178873 0.395559 0.565036 -0.289401 0.634944 -0.199735 : 0
0.375843 0.660215 0.737925 0.066945 0.461796 -0.784288 0.0812192 0.910449 0.627288 : 0.1
0.762299 0.299842 0.964133 -0.453257 -0.372326 0.0517599 0.345897 0.674273 0.214255 : 0.4
0.458678 0.744563 0.826675 -0.506614 0.87029 0.149846 0.768408 0.643174 0.248478 : 0
0.667266 0.478405 0.919289 1 -0.0147243 -0.805109 -0.269944 0.304551 0.369917 : 0.3
0.957863 0.250808 0.724141 0.0897136 0.158952 -0.0358685 0.640379 0.568306 0.650107 : 0.2
0.569975 0.773301 0.85402 -0.653722 0.38843 1 0.556889 0.359832 -0.151209 : 0.2
0.359188 0.531334 0.84585 -0.15954 0.100347 0.282149 0.79157 0.138257 -0.350904 : 0.4
0.580297 0.620385 0.926585 0.101991 0.554535 -0.576209 1 0.774769 0.565113 : 0
0.66795 0.836539 1 9.67383e-05 0.593379 0.195852 -0.0996449 0.973207 -0.894386 : 0.1
0.47462 1 0.727455 0.127973 -0.285123 -0.973232 1 -0.0163347 -0.257227 : 0.3
0.328226 0.486406 0.769258 -0.94965 0.155545 -0.177546 0.715562 0.615732 -1 : 0.3
0.672512 0.557471 0.778908 -0.87585 0.60837 0.15387 1 0.42282 0.23239 : 0.4
0.531193 0.911912 0.878549 -0.456109 -0.216757 -0.000573277 0.874336 -0.018519 -0.144647 : 0.2
0.188376 0.580639 1 -0.30429 0.0981119 -0.447944 0.555794 0.481479 -0.135752 : 0.1
0.902167 0.339724 0.921027 0.782652 -0.680248 -0.647538 -0.45819 1 -0.69966 : 0.3
0.990374 0.108068 0.942932 -1 0.829112 1 0.459665 -0.220463 0.524445 : 0
1 0.490379 0.958487 -1 -0.398916 -0.26932 0.104897 0.927269 0.217897 : 0.5
0.627604 0.513287 0.976175 0.828238 0.147262 1 0.846117 0.424166 -0.381489 : 0.2
0.951914 0.561725 1 -0.0501153 0.0888733 0.614461 0.959071 0.515098 0.914967 : 0.4
0.227429 0.941594 0.768445 0.602195 -0.628923 -0.185062 0.344203 0.502506 -0.276859 : 0
0.519203 0.594015 0.936917 -0.330296 0.167478 0.6594 -0.69678 1 -1 : 0.1
0.558041 0.346784 0.831122 -0.697911 0.58417 0.738472 1 0.0234087 -0.015534 : 0.2
0.545815 0.414915 0.881523 -0.397022 0.0778899 -0.453816 0.778396 -0.725836 0.0840287 : 0.2
0.786525 0.297764 1 -0.427732 0.198139 -0.159552 0.322046 -0.194522 1 : 0.2
0.540021 0.506307 0.94686 -0.32689 0.0434456 0.999741 -0.508847 0.992421 -0.406456 : 0.1
0.390894 0.457197 0.635971 -1 0.254656 -0.0924916 0.0789785 0.553242 0.104518 : 0.2
0.699241 0.57846 1 -0.50412 0.131366 -0.00189691 0.714108 0.314561 -0.735732 : 0.5
0.54498 0.51479 1 -0.227197 -0.124706 -0.173061 1 0.68684 -0.684034 : 0.3
0.686354 0.450161 0.963259 -0.364455 0.0367037 -0.492235 0.657987 -0.160223 -0.9293 : 0.4
0.627197 0.737853 1 0.142999 0.628717 -1 -0.362829 -0.666552 1 : 0.2
0.471627 0.749865 1 -0.420005 0.545452 -0.279092 0.739931 0.228832 -0.347442 : 0
0.573509 0.265507 0.974294 -1 0.0222071 0.276754 0.330486 0.082767 -0.357716 : 0.3
0.447383 0.255567 0.848038 -0.694052 0.504294 -0.0397172 0.354085 0.837256 0.575038 : 0.4
0.635244 0.65262 0.608724 -0.478761 -0.3605 -0.607397 0.869753 0.341737 -0.383799 : 0.2
0.734553 0.615198 0.726348 -0.419616 -0.865596 0.149295 0.568229 0.304624 -1 : 0.1
0.642083 1 0.70958 0.322783 -0.0279932 -1 1 0.117215 0.967081 : 0.2
0.706063 0.4542 0.89926 -0.695557 0.273956 -0.0489695 0.495225 0.297492 -0.369704 : 0.6
0.623308 0.650508 0.793206 -0.733993 -0.561182 -0.55592 -0.308468 0.40434 -0.416503 : 0.1
0.665524 -0.0937905 0.668187 -0.476617 0.196916 -1 0.666952 -0.142866 1 : 0
-0.00729908 0.142656 0.926123 -0.522542 -0.875583 0.49681 -0.966866 0.51571 -0.673394 : 0
0.845034 0.3257 0.727225 -0.0337886 -0.782935 0.250498 0.162122 0.673665 0.594406 : 0.1
0.736078 0.548259 0.893841 -0.53948 -0.140377 -0.341901 -0.13957 -0.0442076 -0.643594 : 0.5
0.680626 0.225011 0.9357 -0.0594937 0.469827 0.192851 0.768005 0.748971 0.0817603 : 0.3
0.700136 0.534545 0.765249 -0.222648 0.0851856 -0.0149806 0.606062 -0.0592372 -1 : 0.5
0.767351 1 1 -0.407572 0.124696 -1 0.760094 0.418 -1 : 0.1
0.142342 0.36157 0.961096 -0.576892 -0.103907 0.99136 0.286478 1 0.291342 : 0.3
0.789962 1 0.949346 -0.0420337 0.117737 -0.626115 0.123236 1 -0.105939 : 0.1
1 0.455212 0.920967 -0.322012 -0.532218 0.520467 0.346661 0.152938 0.574036 : 0.2
0.926895 0.535037 0.571002 -0.574856 0.137124 -0.0535147 0.71023 0.339827 -0.356445 : 0.5
0.648909 0.544733 0.962328 -0.786538 -0.521318 0.839173 0.842622 0.884585 -0.070436 : 0.1
0.748904 1 1 -0.559744 0.951661 0.189994 0.506799 0.694587 0.0268403 : 0.1
0.823492 0.505125 0.850848 -1 -0.373311 -0.19173 0.0831355 0.21506 -0.351251 : 0.6
0.804565 0.412022 0.592905 -0.723457 -0.681487 -0.176781 0.332544 1 0.155391 : 0
0.914655 0.313275 0.930671 -0.387264 -0.313606 0.489535 0.371999 0.811398 0.387384 : 0.3
0.200365 0.325611 0.599036 -0.928271 0.64015 -0.56349 0.532351 0.430998 -0.0630947 : 0.1
0.701254 0.553186 0.892872 -0.415369 -0.816908 -0.428312 1 -0.125426 0.212219 : 0.4
0.644784 0.075103 0.452167 0.458357 0.304362 -0.660296 -0.463076 0.0304372 0.434161 : 0.2
0.659493 0.447153 0.806714 -0.532274 0.186344 0.989648 0.512284 0.695615 0.7749 : 0
0.692594 0.771414 0.543471 -0.790401 0.0335303 0.471589 0.13217 0.37587 1 : 0.3
0.617844 0.679037 0.990138 -0.65725 0.128617 1 -0.874393 0.635867 -1 : 0.1
0.691037 0.507251 0.914114 -1 0.131122 -0.175235 -0.248719 0.609389 0.609122 : 0.4
0.659953 0.442064 0.888582 -0.845389 1 0.488643 -0.0543098 0.366894 1 : 0.1
0.643639 0.67468 0.927201 -0.687994 -0.0251828 -0.461721 0.521779 0.501614 0.581501 : 0.4
0.507363 0.180404 0.823828 -0.480689 1 -0.638305 0.984158 0.656734 0.531655 : 0.3
0.787578 0.675143 0.836787 -0.885546 -0.201201 -0.249576 0.391077 0.110335 0.99876 : 0.7
0.252207 0.387107 0.964323 -0.451907 0.360724 0.853098 -0.256672 0.633943 0.51101 : 0.2
0.790977 0.283937 0.595155 -0.611522 -0.377377 0.197577 0.303318 0.655073 0.591664 : 0.1
0.531423 0.382516 0.719548 0.316623 0.333401 -0.561693 1 1 0.984003 : 0.5
0.672974 0.665717 1 -0.437412 -0.366922 -1 0.492638 0.574812 -0.467308 : 0.5
0.352593 0.359296 0.995599 -0.732808 0.929826 -0.432102 -0.267933 0.304277 0.5644 : 0
0.696999 0.139528 0.872021 -0.202776 -0.425414 0.156089 0.533291 1 0.38555 : 0.4
0.540696 0.767814 0.825722 1 -0.177834 0.0217862 -0.315036 0.251553 1 : 0.2
0.880163 0.482523 0.92969 0.668914 -1 0.0117907 -1 0.494966 1 : 0
0.667978 0.618016 0.711259 -0.287133 0.0442044 -0.803133 0.192784 0.218121 -0.308835 : 0.5
0.707613 0.546099 0.656778 -0.850395 0.0704717 -0.341205 0.46089 -0.158401 0.10701 : 0.5
0.673209 0.0887061 0.755896 -0.189934 0.373851 -1 0.182866 -0.846202 0.475694 : 0
0.396139 0.162225 0.848787 0.828688 -0.393744 -0.422815 1 -0.0724311 0.64379 : 0
0.544968 0.77313 0.878306 -0.506076 -0.882051 -0.648566 -0.0106162 0.598147 -0.51169 : 0.1
0.698351 0.456612 1 -0.415731 -1 -0.707673 0.236725 0.310461 0.168226 : 0.4
0.514774 0.293682 0.865283 -0.375078 0.335069 0.875654 0.662969 -0.0110688 -0.191924 : 0.1
0.921255 0.326218 0.680572 0.214681 0.247845 -0.725088 0.153172 0.807421 0.367976 : 0.2
0.280756 0.359263 0.893937 -0.47637 0.0181191 -0.362452 -0.100658 0.925024 -0.320625 : 0.1
0.544399 0.360106 1 0.751295 -0.402338 -0.306254 0.734826 -0.525799 0.586938 : 0.3
0.767383 0.512095 1 -0.35487 -0.156698 0.908602 0.271728 0.713155 0.192515 : 0.4
0.938782 0.468207 0.696875 0.384873 0.740295 -0.700042 -0.0577555 0.642212 0.124618 : 0.2
0.948774 0.613293 0.590178 -0.12774 -0.486039 0.0765711 0.546782 0.497202 0.681467 : 0.5
0.723572 0.543454 0.835693 -0.670102 0.314756 0.428478 -0.608932 -0.0544319 1 : 0.2
0.137838 0.738747 0.896023 -0.410601 0.499628 -0.702395 0.89508 -0.0250151 -0.03604 : 0
0.302473 0.636395 0.965982 -0.699723 0.233764 0.65247 0.680966 0.467815 -0.415842 : 0.2
0.647393 0.372666 1 -0.558244 0.369534 -1 -1 0.478442 -0.0133716 : 0.7
1 0.542475 0.8649 0.954755 0.206893 0.310979 -0.109826 0.972502 -0.579948 : 0.3
0.857012 0.55017 0.687167 -0.553651 0.426921 -0.262137 0.416274 0.770978 0.343433 : 0.3
0.960092 0.397081 0.681017 -0.944759 0.101825 -0.502927 0.410055 -0.0751739 -0.278341 : 0.4
0.899547 -0.0799274 0.881136 0.424042 0.196809 0.0726089 0.583773 0.236325 -0.252165 : 0
0.433311 1 0.970022 -0.456229 1 -0.648658 0.766306 0.948642 0.240764 : 0.1
0.63316 0.365459 0.528788 -0.625816 0.749957 -0.162746 0.637969 -0.391214 0.0863893 : 0.3
0.555651 0.545624 0.915243 -0.583706 0.42385 -1 0.523706 -0.642349 -0.281571 : 0.2
0.57501 0.385046 0.802728 -0.372873 -0.537034 -0.269778 0.558385 0.17093 0.293677 : 0.5
0.33885 0.838603 0.721411 0.338347 0.0170521 -0.468784 -0.109518 0.243925 0.200008 : 0
0.879237 0.558593 0.68535 -0.814246 -0.0353225 0.329187 0.414237 -0.0751862 -0.258891 : 0.3
0.76709 0.743022 0.941239 -0.566216 -1 -0.461602 -0.214849 0.0717902 1 : 0.1
1 0.635044 1 -0.640198 0.696676 -0.550199 0.103055 0.55466 -0.055396 : 0.3
0.584845 0.4724 1 -0.389871 -0.433449 -0.873761 0.40622 0.399638 0.200321 : 0.1
0.505869 0.737873 0.819721 -0.365073 -0.215265 -0.0132099 0.544315 0.963729 -0.269489 : 0.4
0.727541 0.539032 0.957237 -0.898676 0.486659 0.616218 -0.189836 0.963362 -0.0285871 : 0
0.491421 0.757522 1 -0.697077 0.447067 -0.518844 0.897536 -0.311862 -0.244973 : 0.2
0.519077 0.276046 0.937881 -0.207002 0.00200353 -0.574127 0.764117 0.352649 0.370338 : 0.3
0.493197 0.359499 0.133401 -0.66464 -0.762482 0.793742 1 -0.611172 -0.495975 : 0.2
1 0.45286 0.881864 -0.395938 0.300656 -1 0.0490632 -1 -1 : 0.2
0.628561 0.896186 0.953355 -0.655322 -0.417818 0.0102074 0.720368 -0.317721 0.646414 : 0.1
0.479652 0.549359 0.90261 -0.577831 1 -0.262639 0.698697 0.611566 -0.627108 : 0
0.687524 -0.239025 0.902119 0.0623779 1 -1 0.977513 0.288757 0.794382 : 0
0.547982 0.468539 0.633756 -0.698801 -1 -0.642205 1 -0.412414 -0.0120863 : 0.3
0.69579 0.286781 0.948338 -0.11219 -0.948263 0.148779 0.670355 -0.264693 -0.323935 : 0.4
0.718668 0.49297 0.904752 -0.959882 0.246509 -0.352219 0.296351 0.753342 -1 : 0.2
0.841803 0.548832 0.86104 -0.124964 0.254971 0.131859 -0.292063 0.0420771 -1 : 0.5
0.810209 -0.0114604 0.904708 -0.334581 0.369533 0.195685 0.673262 -0.147232 0.388525 : 0.3
0.676009 0.190963 0.733798 0.955149 0.503761 -0.623337 0.173833 -0.631364 0.771817 : 0
0.772811 0.365614 0.877144 -0.259946 0.39475 -0.169112 0.259586 -0.0366567 0.841485 : 0.6
0.497124 0.438494 0.925453 -0.357135 -0.00392578 0.042724 -0.943909 0.815739 -1 : 0.1
0.950928 0.540973 0.780116 -0.287184 0.237042 0.257772 0.326686 0.333149 1 : 0.5
0.643537 0.662222 0.925133 -0.580818 1 -1 0.263928 0.622423 0.183167 : 0.1
0.588598 0.717762 0.947355 -0.338038 0.344821 -0.0679411 0.364781 0.0734766 -0.293963 : 0.2
0.492682 0.303435 0.973415 -0.154554 0.373465 -0.666465 -0.239537 0.470424 -0.322684 : 0.1
0.608861 0.805729 0.655518 -0.394635 -0.0276724 -0.959231 0.850434 0.494116 0.0981911 : 0
0.549157 0.268392 1 -0.384013 0.780055 0.400563 -0.262944 0.501547 -0.340772 : 0
0.521566 0.855165 0.969148 -0.568925 0.0434984 0.366651 0.249727 0.494056 -0.210214 : 0.3
0.888431 0.348255 0.706217 -0.458628 -1 0.976209 0.615385 0.720073 0.404904 : 0.4
0.576153 0.590632 0.960698 -0.438013 0.0593004 -0.602786 0.492944 -0.191484 -0.303975 : 0.4
0.652613 1 0.511178 -0.89083 -0.171954 -0.75368 0.952482 0.224805 0.425597 : 0
0.297856 0.430141 1 -0.302831 0.368977 -0.0460295 0.217666 0.786575 0.566743 : 0.3
0.631748 0.712254 0.747267 0.0983585 0.347712 -0.270404 0.981787 0.124745 -0.0573846 : 0.2
0.356404 0.69453 0.882404 -0.903233 0.263533 0.460618 0.976425 1 0.261221 : 0.1
0.309589 0.693035 0.957044 -0.462666 -0.215419 -0.622176 0.911166 0.767174 -0.202126 : 0
0.750222 0.381178 0.856593 -1 -0.498622 -0.757275 0.618277 0.985186 0.776499 : 0.3
0.911375 0.841949 0.958459 -0.408967 -0.173659 -0.249778 0.882224 0.528079 0.501945 : 0.3
0.82518 0.634245 0.94754 -0.00832629 0.538644 -0.463761 -0.275582 0.414323 1 : 0.2
0.483561 0.72649 0.633685 -0.194565 0.796776 -0.220349 0.451495 0.795989 0.678608 : 0.3
0.0889977 0.172154 0.858565 -0.44919 0.13226 -0.519211 0.438543 0.213121 0.138486 : 0.1
1 0.37122 0.755473 -1 0.0322745 -0.218272 1 0.278831 0.789868 : 0.3
0.552133 0.555705 1 -0.671663 0.192305 1 0.443387 0.518023 0.979762 : 0.1
0.638655 0.274306 0.874091 -0.158244 0.27031 0.238197 0.50385 0.445156 -0.307716 : 0.4
0.379819 0.507328 0.656136 0.625663 -0.327566 0.0715402 0.526693 0.499991 -0.177798 : 0.2
0.675202 0.339172 0.932016 -0.124314 0.37944 0.543344 0.98328 0.619727 -0.118781 : 0.1
0.835646 0.535198 1 -0.563508 0.187029 0.181028 -0.782632 -0.0220226 -0.470976 : 0.3
0.551799 0.66878 0.717922 -0.740022 -0.716931 -0.739229 0.926866 0.115086 0.535715 : 0.1
0.805197 0.716951 0.761078 -0.560598 -0.114308 1 1 0.266046 0.523077 : 0.2
0.6137 0.358941 0.931934 -0.130784 -0.0412606 -0.719542 0.601946 0.00196651 0.390886 : 0.5
0.727994 0.0489714 0.68824 -0.820474 -0.054621 0.178684 0.604183 -0.0670211 0.175132 : 0.2
0.263672 0.262825 0.930025 -0.094842 1 -0.0977435 0.186813 0.660852 -0.868883 : 0.1
0.580531 0.692708 0.908774 -1 -1 -1 -0.202462 -0.00159904 0.0243325 : 0.4
0.503476 1 0.93284 -0.960784 0.623737 0.123725 0.285939 0.617241 0.667618 : 0.1
0.741524 0.738276 1 -0.505072 0.282854 -0.321398 -1 -1 -0.36046 : 0.1
0.687702 0.0562423 1 0.0563932 0.350962 -0.944044 0.903401 0.444834 0.761947 : 0.2
0.542345 0.33378 0.645767 -0.746933 -0.352715 -0.473621 0.807459 -0.223727 -0.279475 : 0.3
0.432744 0.355612 0.795022 -0.378203 0.160737 -0.977925 0.509346 -0.477834 -0.334965 : 0.1
0.745266 0.536076 0.548135 0.0196871 0.1969 -0.513953 0.172417 0.017636 0.162265 : 0.4
0.63524 0.26581 0.996266 -1 0.0332348 -0.534216 0.738545 -0.486526 0.456587 : 0.3
0.859615 0.714044 0.790723 -0.374919 0.519286 -0.182013 0.0405663 0.767606 -0.498033 : 0.2
0.83143 0.592735 0.733089 -0.167263 0.131176 -0.241135 0.106513 0.167001 -0.630754 : 0.5
1 0.751552 0.847618 -0.629785 0.489217 1 0.157194 0.324216 1 : 0.2
0.420015 0.385359 0.888203 -0.358793 -0.0816494 -0.33779 0.813903 0.548795 0.127399 : 0.5
0.881626 0.340242 0.977701 -0.0311161 -0.113697 -1 0.848981 0.501512 0.831196 : 0.4
0.532274 0.539459 0.856487 -0.631991 0.615075 -0.379949 0.279186 0.366574 0.201002 : 0.3
0.444953 0.796423 0.974962 -0.894763 -0.39844 -0.675675 0.716282 -0.193436 -0.339724 : 0
0.401873 0.675404 0.91887 0.100878 -1 -0.55891 0.428751 -0.949393 0.545446 : 0
0.722487 0.575926 0.925367 -0.797816 -0.00113368 -0.538264 0.625738 1 -0.135478 : 0.2
0.535748 0.637617 0.883698 -0.673562 0.0025861 -0.0236292 -0.545214 -0.281995 1 : 0.3
1 0.506621 0.887942 -0.786972 -0.441664 -0.22967 0.542969 0.888086 -0.0585914 : 0.7
0.576677 0.513877 1 -1 0.0787005 -0.527921 -0.185702 0.222652 0.435353 : 0.4
0.692037 0.166067 0.738508 -0.864665 0.0792371 -0.280905 0.287853 0.355834 1 : 0.4
0.686896 0.996149 0.512355 -0.480134 -0.00935958 -0.080161 0.916956 -0.232902 0.828688 : 0.1
0.674701 0.116322 0.838759 -0.15845 -0.243874 0.449279 0.378297 -0.149167 0.733938 : 0.3
0.61075 0.525999 0.813787 -0.061089 0.727382 0.510756 0.384776 0.167074 -0.300446 : 0.4
0.515077 0.421454 0.870045 -0.669698 -0.266289 0.445536 1 -0.0177356 -0.119015 : 0.5
0.629182 0.492565 0.989975 -0.856973 -0.0752688 -0.733603 0.574168 -0.190249 0.824755 : 0.4
0.414188 0.56453 1 -0.561144 0.33345 -0.54164 -0.032498 0.376642 -0.73799 : 0
0.465865 0.602261 1 -1 0.693197 -0.00125313 0.30993 -0.158124 0.107614 : 0.3
0.648178 0.746534 0.900875 0.291973 -0.0532092 -0.221131 0.0941649 0.552656 1 : 0.3
0.555062 0.373738 0.591302 -0.691205 -0.173013 -0.480981 0.845459 -0.315572 -0.185811 : 0.4
0.686807 0.404818 0.737743 -0.586706 0.404088 0.28702 0.24552 -0.550053 -0.513184 : 0.2
0.570941 0.37597 0.976083 -1 0.285584 0.377598 0.579084 -0.130819 -0.423477 : 0.4
0.600147 0.754095 0.870888 -0.0302233 0.0490121 -0.58307 0.824276 -0.0473407 -0.842649 : 0.2
0.599514 0.411727 0.471381 -0.360512 0.923003 -0.0509215 0.504707 -0.0626341 -0.70343 : 0.1
0.728642 0.341456 0.567365 0.0106684 0.580889 0.399322 0.996315 0.417704 1 : 0.1
0.613119 0.662995 1 -0.223972 0.233901 0.428479 0.273076 0.751366 -0.0481095 : 0.1
0.771918 0.73001 0.833206 0.495901 0.505613 0.0438308 0.369015 0.164152 0.467903 : 0.4
0.535174 0.502722 0.890055 -0.434118 -0.586776 -0.106273 -0.579309 0.133897 0.286224 : 0
0.711142 0.43979 0.842018 -0.393824 -0.33379 -0.614988 0.850976 -0.747598 -0.53461 : 0.3
0.579597 0.253217 0.646596 -0.274331 0.426804 -0.0226933 1 0.738586 0.206726 : 0.2
0.638771 0.72956 0.8936 -0.881645 0.514444 -0.698809 0.848197 0.35109 -0.0151188 : 0.1
0.811841 0.545215 0.83424 0.0143954 0.241155 -0.4125 -0.322751 0.013048 -1 : 0.3
0.50952 0.512059 0.924576 -0.462596 -0.0112426 0.27864 0.521897 -0.0731156 -0.726352 : 0.3
0.759903 0.959603 0.827562 -0.351846 0.327181 1 0.738489 0.679945 -0.673903 : 0.2
0.234406 0.968579 0.928727 -0.593114 0.517414 1 1 0.621964 0.962214 : 0.1
0.710543 0.77327 0.793295 -0.55163 0.217982 1 0.0286764 0.697651 -0.183717 : 0.2
0.597973 0.394721 0.808151 -0.456958 0.484828 1 0.481686 -0.197644 -0.339212 : 0.2
0.576858 -0.0193719 0.522017 -0.611707 -1 -0.101767 0.438012 0.577447 -0.132287 : 0.2
0.581917 0.460222 0.943797 -0.386709 -0.145583 -0.70299 0.838891 0.959508 -0.245095 : 0.2
0.816327 0.418107 0.802014 -0.3342 -0.0564699 -0.0878812 1 -0.274727 0.931822 : 0.4
0.597063 0.149554 1 0.0685546 0.275185 -0.451112 0.807732 0.661342 -0.867422 : 0.3
0.574076 0.601281 0.992524 -0.56999 1 -0.464183 0.283872 0.333672 -0.485017 : 0.2
0.723766 0.932608 1 0.28063 0.555453 -0.358169 0.586499 0.427216 0.987567 : 0.1
0.672156 1 0.90077 1 0.116852 0.0439649 -0.10502 -0.0897829 -0.0786388 : 0
0.888102 0.175564 0.218711 -0.051636 -0.453619 0.335558 1 0.00473902 -0.168678 : 0.1
0.463592 -0.159461 0.861762 -0.160847 0.440764 -0.360719 0.280646 0.0113353 1 : 0
0.546529 0.961014 0.939884 -0.249537 -0.0105131 -0.390786 -0.270547 0.380975 0.225288 : 0.1
0.270634 0.508376 0.747948 -0.773403 -0.495603 -0.548618 0.332949 0.629019 -0.412453 : 0.1
0.513718 1 0.796818 -0.371723 0.302934 -0.733105 -1 -0.194739 0.312318 : 0.3
0.756132 0.263534 0.974351 0.77772 -0.195975 -0.591153 0.181156 -0.115737 -0.792605 : 0.4
0.589645 0.39721 0.809886 -0.568681 -1 0.518294 -0.229815 0.139443 0.107706 : 0.1
0.57171 0.682363 1 -0.768252 0.795757 -0.747341 0.474005 0.417024 -0.234436 : 0.2
0.384345 0.720067 0.981069 -0.292213 0.936191 -0.019951 0.3005 0.43823 1 : 0
0.92288 0.543152 0.94052 -0.895144 0.912692 0.129567 -0.280409 0.554379 0.718375 : 0.3
0.865754 0.430801 0.840682 0.890607 0.396287 0.0590263 0.229493 0.178809 0.643941 : 0.3
0.691308 0.55979 0.870593 -0.462577 -0.605128 -0.326984 0.376752 1 1 : 0.4
0.0588669 0.607199 0.84522 -0.632019 0.0280305 -0.418405 0.829491 0.13733 0.264618 : 0.2
0.926428 0.368116 0.892401 -0.0452832 1 -0.581472 -0.215727 0.287643 0.47312 : 0.1
0.422185 0.860911 0.933343 -0.219059 0.157647 -0.0488704 0.397898 -0.980316 0.15706 : 0.2
0.588986 0.572257 0.587038 -0.798178 -0.361495 -0.346995 0.933569 -0.287197 -0.0707146 : 0.4
0.534688 0.39905 0.996943 -0.13899 1 -0.789472 0.262192 0.81817 0.880981 : 0.2
0.787008 0.84113 0.777606 -0.749198 0.598407 0.128445 0.14104 -0.0466474 0.021643 : 0.2
0.651195 0.843923 0.923762 -0.439067 -0.133554 0.16496 -0.615875 1 -0.940803 : 0.3
0.493554 0.404714 0.681356 -0.32238 0.615171 0.16804 0.23172 0.175683 -0.455773 : 0.5
0.708284 0.459991 0.36613 -1 0.226409 -0.14748 0.266926 0.0816531 -0.00458669 : 0.5
0.948155 0.3555 0.80504 0.218677 0.694254 -0.61639 1 0.575245 -1 : 0
0.702243 0.619848 0.885948 -0.773326 -0.0129576 -0.217467 0.262698 -0.0948195 -0.139923 : 0.8
0.668265 0.29721 0.697366 -0.97307 0.487499 0.289352 0.519805 1 -0.182562 : 0.4
0.521555 0.440922 0.844751 0.112036 0.26515 0.78641 1 -0.0819385 -0.78801 : 0.2
0.828796 0.272049 0.961318 -0.587088 0.816951 -0.130377 0.169556 0.551859 -0.0407474 : 0.2
0.763058 0.391528 0.937335 0.130934 0.094865 -0.741167 -0.23425 0.465951 0.19978 : 0.5
0.590842 0.288621 0.964423 -0.34117 0.000622138 -0.678103 1 0.492741 0.320263 : 0.4
1 1 0.88186 -0.00808668 -0.781902 1 1 0.12389 -0.147177 : 0
0.383145 0.855598 0.717329 -0.0263567 0.356882 -0.298069 0.324161 -0.103786 0.593238 : 0.1
0.520754 0.693928 0.77572 -0.538083 0.507852 -0.30224 0.0367064 0.273767 -1 : 0.1
0.539466 0.476846 0.87582 0.0716474 -0.43497 -0.321475 0.460112 0.500318 0.06928 : 0.5
0.8402 0.655058 0.734617 -0.171113 0.387162 0.454379 0.219872 0.669067 0.84427 : 0.4
0.57365 0.543073 0.916698 -1 0.117582 -0.122383 -0.0254288 0.844155 -0.747893 : 0.3
0.659815 0.732735 0.988674 -0.321885 0.342415 0.9908 -0.48187 0.866719 0.105875 : 0.1
0.802402 0.346809 0.980849 -0.840252 0.0363829 0.0774084 0.585127 0.0682793 1 : 0.4
0.773493 0.697137 0.840244 -0.743965 1 -0.0375928 0.557056 -0.0671977 -0.163848 : 0
0.83207 0.38821 0.976407 -0.659717 0.354967 0.556014 0.362019 0.666162 -0.38946 : 0.3
0.632831 -0.267546 0.869474 0.235563 -0.791482 -0.730766 0.48791 0.730355 1 : 0
0.670629 0.776777 0.960953 -0.321644 0.107896 1 -0.219719 1 -0.424868 : 0.1
0.555191 0.762362 0.710877 -0.413801 -0.486179 -0.606197 0.634366 -0.291338 0.0895965 : 0.3
1 0.48164 0.447153 -0.0275534 0.175339 -0.406976 -0.635429 0.441515 -0.227501 : 0.1
0.618452 0.945378 0.962796 -0.40414 0.359774 -0.81664 -0.116622 0.425903 0.207558 : 0.1
0.54117 0.968009 1 -0.904474 0.119245 -1 -0.0303902 0.791006 1 : 0
0.654482 0.293879 0.840251 -0.411236 1 0.641888 0.54301 0.115964 -0.0150695 : 0
0.50271 0.761744 0.826215 -0.859266 0.209944 -0.603882 1 0.922546 -0.672541 : 0.1
0.634916 0.525057 0.645598 -0.419375 -1 -0.962404 0.732144 0.154588 -0.114115 : 0.1
0.589722 0.227322 0.975627 -1 0.107653 0.134692 0.251019 0.249498 -0.0687797 : 0.4
1 0.0558463 0.356414 0.540671 -0.597091 0.505716 -0.20844 0.547451 -0.244698 : 0
0.68255 0.709274 0.857664 -0.533871 0.291816 -0.495112 -0.350835 0.285827 -0.313018 : 0.3
0.623719 0.579935 1 -0.0981781 -1 -0.375893 -0.319779 0.141062 0.387741 : 0.2
0.693715 0.484738 0.88366 -0.378399 -1 -0.219572 0.518927 0.862469 -1 : 0.5
0.568706 0.440856 0.970275 -0.709077 0.268047 0.634909 -0.875261 0.404901 -0.336638 : 0
0.77053 0.611913 0.883306 -0.818321 0.431669 0.969852 0.406381 0.216181 -0.0419728 : 0.4
1 0.466821 0.586188 -0.439403 1 1 0.330602 1 0.0581987 : 0
0.539148 0.573251 0.88189 -0.854699 -0.368991 1 0.643397 1 -0.917843 : 0.2
0.771078 0.482611 1 -0.439417 -0.675529 -0.015868 0.605901 0.245696 -0.462845 : 0.5
0.572839 0.622144 0.970953 -0.459681 0.701916 -0.20382 0.202055 0.830192 0.205148 : 0.3
0.218386 0.426905 0.796107 -0.429439 0.27687 -0.106045 0.210751 -0.0798677 -0.00258404 : 0.1
1 0.35415 0.860878 -0.00823748 -0.317806 -0.713798 0.324813 0.546743 -0.175602 : 0.3
0.655946 0.37574 0.814291 -0.841901 0.328432 -0.359704 0.292928 0.216232 -0.0470679 : 0.6
0.855063 0.388992 0.569431 -0.636068 -0.130809 -0.470483 -1 -0.0861885 0.373531 : 0.1
0.829463 0.907866 0.843955 -1 0.390402 -6.80443e-05 1 0.216551 -0.0138515 : 0.1
0.709849 0.513318 0.771698 -0.72527 -0.193495 0.517139 0.656498 1 0.237756 : 0.3
0.62498 0.378965 0.98039 -1 0.0883818 -0.413713 0.985876 0.167123 0.015789 : 0.3
0.783288 0.465403 0.933211 -0.302389 0.429498 -0.698829 0.313072 1 0.499336 : 0.1
0.657709 0.697995 0.86321 -0.809033 0.326228 -1 0.82928 -0.298767 0.043727 : 0.4
0.7445 0.731663 1 -0.430717 0.353517 -0.832911 -0.140475 0.52389 0.627506 : 0.2
0.595792 0.465187 0.92532 -1 -1 0.359893 1 0.735136 -0.229791 : 0.1
0.861122 -0.252532 1 0.00246632 1 -1 0.873274 0.885885 -0.305511 : 0
0.536104 0.186908 0.938953 -0.494716 -1 -0.626353 0.549965 0.435619 -0.916286 : 0.1
0.508686 0.623385 0.751594 -0.162886 0.522309 0.40563 1 -0.116308 0.0557371 : 0.4
0.748913 0.111013 1 -0.692637 0.559734 0.562529 0.902575 0.964307 -0.629854 : 0.3
0.287572 0.657287 1 -0.128876 0.316881 -0.0720039 0.625142 -1 0.503119 : 0.1
1 0.793419 0.961007 0.0652657 -1 -1 0.107951 -0.152266 0.056066 : 0.4
0.750364 0.970554 0.0175669 -0.778222 0.0707137 1 0.973394 0.227469 -0.446274 : 0
1 0.720691 0.873324 -0.439642 -0.992403 -0.446964 -0.0391566 0.762963 -0.244504 : 0.5
0.952713 0.415623 0.777542 0.0168794 -0.647066 -0.700249 0.394768 0.498931 0.145663 : 0.4
1 0.0930546 0.818979 -0.0743687 -0.468958 -0.441099 -0.915451 0.557391 0.0751606 : 0.3
0.6934 0.40064 0.897029 -0.601872 0.392062 0.478318 -0.416721 0.0925685 -0.150071 : 0.1
0.807606 -0.0394452 0.898863 -0.225296 0.2606 -1 -1 0.569339 0.772389 : 0
0.112788 0.767495 0.84813 -0.893936 -0.716758 -0.55353 -0.226498 0.0571455 -1 : 0
0.937857 0.659117 0.940188 -0.799334 -1 -0.169802 0.532308 0.371594 -0.537941 : 0.3
0.518014 0.663374 0.774205 -0.428259 0.810406 -0.953151 0.574354 0.194214 -0.8608 : 0.2
1 0.671088 0.908933 -0.697244 0.14313 0.77898 0.0890635 0.161091 -0.0185471 : 0.1
0.719649 1 0.840804 -0.755356 1 -0.561214 0.310139 0.374424 -0.538539 : 0.2
0.611845 0.516403 1 -0.532614 -1 -0.0893801 0.36927 0.297019 0.295256 : 0.4
0.779841 0.776856 0.910964 0.090777 0.434951 -1 -1 -0.0301591 0.0712808 : 0
0.755648 0.221162 0.70223 -0.496394 0.23839 0.464747 0.703396 0.0769171 0.0782407 : 0.4
0.910453 0.717099 0.813009 -0.439559 -0.235129 0.0533515 0.518632 -0.340665 0.728193 : 0.4
0.638485 0.290679 1 -0.663471 0.0343319 -0.341274 -0.197375 -0.0268237 -0.925133 : 0.7
1 0.50393 0.859961 -0.824998 -0.0186335 0.3522 -0.255535 0.226198 -0.653189 : 0.5
0.74115 0.580013 0.968958 -0.607614 0.214871 -0.683519 0.961449 0.995332 -0.431964 : 0.5
0.602974 0.669953 0.998312 -0.106869 0.323516 0.0426282 0.319024 0.646301 -0.148787 : 0.1
1 0.583881 0.824987 -0.867675 0.107913 -0.442017 -0.207012 -0.21985 -0.184703 : 0.5
0.728105 0.368254 1 -0.653115 -0.358968 0.031968 0.758999 -0.220382 -0.279284 : 0.5
0.327855 0.578708 0.886273 -0.489419 -0.18155 0.154827 0.302489 0.803423 -0.599068 : 0.2
0.557912 0.426982 0.752739 -0.375059 0.586949 -0.778973 0.569879 0.716002 0.490106 : 0.3
0.433427 0.380757 0.621068 -0.432566 -0.385089 -0.0700634 0.355028 0.153663 -0.230095 : 0.6
0.317781 0.255909 1 0.450355 -0.229243 1 -0.000903279 0.952755 -1 : 0
0.511002 0.36858 0.826699 -0.581748 -1 -1 0.457255 0.0428577 -0.0506719 : 0.3
0.960189 0.192118 0.853073 -0.879258 0.159601 -0.964172 -0.258067 0.0952663 0.306662 : 0.3
0.512667 0.158954 0.951926 -0.429628 0.237253 0.00921851 0.135293 0.616381 -0.131448 : 0.2
0.685479 0.587793 0.933221 -0.195294 -0.624043 -0.533562 0.108076 0.538074 1 : 0.5
0.925179 0.233591 0.939643 -0.12139 -0.369839 0.647022 1 0.934078 0.0359444 : 0.3
0.578176 0.98586 0.992577 -0.203539 0.231703 -1 0.165461 0.0614427 -0.134253 : 0.1
0.694541 0.356063 1 -0.320807 0.0175716 -0.363029 0.745498 0.138472 0.41297 : 0.4
0.647551 0.813026 0.701361 -0.880902 -0.421946 0.103713 0.549063 -0.00605351 1 : 0.3
0.663188 0.881589 0.911379 0.0653 -0.49141 -0.457318 0.910727 0.118266 -0.0486753 : 0.1
0.844389 0.672777 0.688371 -0.105062 0.21153 -1 -0.494699 0.257983 0.387494 : 0.6
0.686922 0.800661 0.885121 -0.705961 0.0221881 -0.350783 1 0.58538 -0.0158855 : 0.1
0.699035 0.773262 0.913544 -0.761694 1 -1 -0.805838 1 0.835673 : 0.2
0.646686 0.343021 0.743919 -0.753228 0.227891 0.49072 0.891381 0.375277 -0.417645 : 0.4
0.746254 0.974814 0.588098 -0.53674 0.0600771 0.413697 -0.0384562 0.300679 -0.792166 : 0.1
0.617211 0.940393 0.705985 -0.733152 0.118477 -0.160952 0.548985 0.327722 0.666839 : 0.2
0.718436 0.953295 0.889601 -0.500232 0.152686 -0.511508 0.362551 0.0237426 0.650579 : 0.1
0.520425 0.463865 0.875537 -0.940992 0.230765 0.393569 -0.121596 0.0204287 0.118713 : 0.5
0.82603 0.35282 0.811596 -0.70527 0.418888 -0.0580371 -1 0.324528 0.283134 : 0.4
0.369342 0.511835 0.963992 -0.698309 -0.581503 0.251253 -0.782911 0.182979 1 : 0.1
0.684046 0.889847 0.981819 -0.254251 -1 0.62814 0.525986 -0.0859289 -0.296832 : 0.1
0.899197 0.551457 1 -0.274135 0.229641 -0.636548 1 0.335562 -0.05658 : 0.5
0.59959 0.24922 0.0183537 -0.567432 1 -0.139982 0.636024 0.530812 0.76043 : 0
0.662671 0.571964 1 -0.733524 -0.292317 -1 -1 -0.354157 -0.0838398 : 0.4
0.915433 1 0.942647 -0.287286 0.210542 -0.644558 0.962932 0.581796 0.78494 : 0.1
0.58269 1 0.849989 -0.589687 0.231012 0.707755 0.564476 0.355044 -0.176218 : 0
0.439294 0.418319 0.883334 -0.61729 0.331357 -0.00262523 0.727554 0.609311 -1 : 0.2
0.795487 0.600865 0.862698 -0.576657 0.736358 -0.770827 0.283434 1 -0.805535 : 0.4
1 0.45304 0.800632 -0.551135 0.127188 -0.473196 -0.365145 0.318356 -0.848356 : 0.3
0.760792 0.230783 0.846707 0.643529 -0.271838 -0.183034 0.698013 -0.136316 0.533756 : 0.3
0.829398 1 0.830545 -0.203079 0.837108 1 0.796082 0.682086 0.613324 : 0.3
0.912479 0.339481 0.929506 -0.250997 1 0.52438 0.14383 0.671622 -0.103255 : 0.2
0.570872 0.465209 1 -0.246101 -0.936166 -0.137065 1 0.896329 -0.142105 : 0.3
0.672438 0.752262 1 -0.548591 0.350895 0.513585 0.212522 0.300377 -0.593873 : 0.1
0.914629 0.418901 0.917181 0.537346 -0.839822 -0.285042 1 -0.266699 0.783067 : 0.5
0.698633 0.337668 0.24666 -0.928314 0.559173 -0.94616 0.615641 -0.969123 0.743746 : 0.1
0.835249 0.512604 1 -0.958318 -0.0563389 -0.681208 0.542382 -0.269829 1 : 0.4
0.685665 0.91813 1 -0.303654 -0.424984 -0.801912 0.587697 0.423464 0.932774 : 0.2
0.711312 0.88891 1 0.037603 -0.115627 -0.974187 0.630682 -0.122456 1 : 0.1
0.765628 0.19552 0.94333 -0.459886 0.526345 -0.701206 1 0.149293 -1 : 0.2
0.694228 0.36426 0.899975 -0.2753 0.597884 0.431696 -0.121383 0.595848 0.179929 : 0.4
0.56663 0.819961 -0.0419693 -0.599379 -0.0311815 0.803844 0.50684 0.718987 -0.705335 : 0
0.688625 0.581013 0.985873 -0.563912 1 -0.0614074 0.0672935 0.17737 -0.362348 : 0.3
0.861917 0.589339 0.921013 -0.087822 0.064306 -0.509406 0.591907 0.735544 1 : 0.4
1 1 0.692644 -1 0.163315 -1 0.96988 0.67794 1 : 0.3
0.504129 0.585179 0.909562 -0.300032 0.796456 -1 -0.188888 0.440513 -0.33135 : 0.1
0.791855 0.418066 0.927017 0.37783 0.374624 -0.405808 -0.0113401 0.398933 -0.0789494 : 0.3
1 0.829773 0.799387 0.224255 -0.417523 -0.273613 0.998393 0.391318 -0.295557 : 0.5
0.68873 0.21234 1 0.0690776 1 0.369189 0.24179 0.62447 -0.635015 : 0
0.572576 0.406694 0.833956 -0.0387129 1 -0.771993 -0.359344 0.233865 -0.0116583 : 0.3
-0.165773 0.443164 0.843482 0.284228 -0.356662 -0.977693 0.559595 0.238618 0.116082 : 0
0.526341 0.63975 1 -0.749193 -0.109283 -0.36722 0.0296453 0.596787 -0.410636 : 0.4
0.72884 0.385223 0.912934 -0.950831 -0.0718824 -0.13526 0.985768 0.490754 0.0444166 : 0.4
0.76266 0.590801 0.899088 -0.590256 0.86337 -0.441122 1 0.449877 0.0634902 : 0.5
0.684559 0.369402 0.907085 -0.556084 0.411341 -1 1 -0.0469138 -0.249903 : 0.3
0.555088 0.162272 0.710115 -0.531004 0.0778797 -0.619819 1 -0.0718383 -0.099057 : 0.4
0.425363 0.722594 0.987126 -0.021968 0.00654298 -0.280875 0.584511 -0.925688 0.204693 : 0
0.639016 0.725902 0.804125 -0.0407454 -1 0.587394 -0.11309 0.5114 1 : 0.3
1 0.594625 0.843858 -0.223648 0.671748 0.332908 -0.700397 0.37097 0.397691 : 0.1
0.625495 0.375736 1 0.73428 -0.758569 -0.334382 0.277627 0.826935 1 : 0.5
0.614954 0.466 0.790402 -0.0959065 -0.0828529 -1 0.663191 -0.560731 1 : 0.3
0.799105 0.424857 0.929907 -0.547579 -0.130861 -0.207946 0.539599 0.436854 -0.276767 : 0.4
0.689956 -0.187329 0.895474 -0.691531 0.330561 -0.904874 -0.233268 0.259708 -1 : 0
0.661421 0.461261 0.942265 -0.123892 -0.583851 0.526216 0.448052 0.59447 -0.32993 : 0.2
0.668619 0.975616 0.909055 -0.855414 0.0453549 -0.697197 0.811049 0.395545 -0.0702331 : 0.2
0.754996 0.785345 0.879083 -0.673148 -0.122355 0.785889 0.116006 0.165114 0.155047 : 0.2
0.70386 0.451657 0.761762 -1 0.257006 -0.280518 0.422018 -0.232232 -0.21583 : 0.5
0.772205 0.51624 1 -0.532198 -0.639745 0.0765445 0.885698 1 0.679881 : 0.4
0.687132 0.519347 0.967815 0.319012 -0.214631 -0.500708 0.634209 0.901206 -0.0742567 : 0.5
1 0.385076 0.986644 -0.868758 0.145355 -0.348842 0.544709 0.511174 -1 : 0.6
0.370852 0.442872 0.594588 -0.598725 0.383715 -0.298577 1 0.00870401 -1 : 0.2
0.575817 0.573546 1 -0.793543 -0.597415 -0.751053 0.38372 0.53889 0.36882 : 0.3
0.565261 0.661995 1 1 -0.177836 0.883809 -0.0157929 0.820453 -0.599504 : 0
0.646403 0.467685 1 0.303342 0.994419 -0.273264 0.107008 0.369678 -0.550365 : 0.2
0.570346 0.362098 0.883811 -1 0.284329 0.362958 0.586799 0.451776 0.445827 : 0.5
0.493145 0.775711 1 -0.433534 -0.18247 -0.459638 0.0995965 0.154741 1 : 0.1
0.716393 0.347398 0.856982 -0.974854 -0.537888 -0.851346 0.267099 1 -0.346725 : 0.5
0.577519 0.420592 0.707207 -0.920947 -0.629063 -0.628459 -0.104548 -0.220312 0.591105 : 0.4
0.28164 0.381337 0.906925 -0.30682 0.822986 0.671112 0.14005 0.457755 0.401817 : 0.1
1 0.945268 0.963222 -0.202802 1 -0.873611 0.940335 0.953716 0.830624 : 0.5
0.839789 0.408462 0.888475 -0.388951 0.449229 -0.222091 -0.468069 1 0.87685 : 0.2
0.775993 0.654055 1 -0.423024 -1 -0.336675 -0.0284364 -0.186748 -0.904874 : 0.4
0.645586 0.520569 0.849739 -0.62528 0.0478522 1 -1 0.301104 -0.0849025 : 0.2
0.698126 -0.310191 0.595031 -0.080755 1 -0.603849 0.876639 0.964697 -1 : 0
0.557259 0.670028 0.848586 -0.615801 0.649069 -0.0779443 0.147552 -0.661364 -0.246504 : 0.3
0.674011 0.13741 0.991297 0.418649 -0.716997 -0.375262 0.472621 -0.0983659 0.046394 : 0.3
0.598206 0.528005 0.939637 -0.40906 -0.707177 0.591414 -0.773824 0.316192 -0.229743 : 0.3
0.696323 0.6514 0.845958 -0.226275 0.0624358 -0.686066 0.692875 -0.975782 -0.384839 : 0.2
0.636693 -0.0315124 0.882832 -0.207742 0.959218 1 0.10022 0.367363 -1 : 0.1
0.783731 0.307606 0.929582 0.0595663 -0.667602 -0.410331 -1 0.541704 0.605526 : 0
0.501347 0.526416 0.892421 -0.244015 0.469196 -0.40624 -0.358361 0.576492 0.0625775 : 0.1
0.436509 0.432469 0.899311 -0.56852 -1 0.0705135 0.148969 0.625068 -0.0304057 : 0.4
0.568564 0.445886 0.898034 0.966352 -0.434922 0.0292368 0.789626 0.484724 0.212321 : 0.1
0.560784 0.595064 0.993349 -0.358793 0.410251 0.377415 0.161204 0.075148 -0.578654 : 0.3
0.572045 0.300339 0.840344 -0.482427 -0.484905 -0.0276368 0.569455 0.401032 0.304099 : 0.7
0.617866 0.489417 0.965458 -0.708785 -0.013689 -0.368546 0.372629 0.750263 0.532301 : 0.4
0.985981 0.572251 1 -0.679685 -0.29581 -0.343098 0.541406 -0.15151 -0.555874 : 0.4
0.677748 0.876735 1 -0.575245 -0.0159829 0.930825 0.75678 0.0362105 0.0744269 : 0.4
0.629616 0.89035 0.917379 0.394952 0.214864 -0.20402 0.183088 0.800911 0.666899 : 0.2
0.531814 0.666182 1 -0.821776 0.036678 -0.234365 0.204452 0.884621 1 : 0.3
0.482534 0.456299 0.827746 -0.582735 -1 -1 0.439054 -0.209533 1 : 0
0.790397 0.469024 0.812376 0.210325 0.517017 0.687924 0.609737 0.419903 -0.00820976 : 0.5
0.643222 0.511954 0.984799 -0.321671 -0.931881 0.142573 0.391349 -0.00149266 0.575719 : 0.3
0.720773 0.625207 0.815983 -1 0.224655 -0.46615 0.468274 -0.0577287 -0.167595 : 0.5
0.597984 0.893214 0.579288 -0.352892 0.860897 -0.996715 0.539108 0.213003 0.225193 : 0.1
0.534308 0.382742 0.691803 -0.3067 -0.409328 -0.773723 0.584839 0.312624 0.842489 : 0.2
0.622052 0.247839 0.994439 1 0.436309 0.115039 0.342195 0.655472 0.511303 : 0.2
0.600025 0.366137 0.781729 -0.108587 0.425956 -0.701375 1 -0.386423 0.0702286 : 0.3
0.525145 0.380696 0.807254 -0.39927 0.383195 -0.740584 0.596502 -0.303536 1 : 0.4
0.666999 0.721002 0.620925 -0.332123 -0.27139 0.462103 0.472724 0.37877 -0.336379 : 0.2
0.668762 0.64931 0.69039 0.0793799 0.871231 -0.997262 1 0.276663 0.823087 : 0.1
0.386035 0.449188 1 -1 0.845719 0.477065 -0.355313 0.303988 0.97913 : 0.2
0.658165 0.313186 0.794952 0.824987 0.0370079 0.659518 0.857175 1 0.269818 : 0.3
0.387661 0.694925 1 -0.252855 0.310397 -1 0.0890327 -0.566824 0.367727 : 0.1
1 0.626263 0.896002 -0.277694 -0.00340773 0.72207 -0.680117 0.132044 0.998264 : 0.1
1 0.618363 0.917539 -0.244113 0.429734 -0.830458 0.21006 -0.0481017 -0.0645363 : 0.6
0.569631 0.353552 0.74089 0.369727 0.168869 -1 1 0.455214 -0.849347 : 0.2
0.738788 0.285252 0.916866 -0.502179 0.629581 -0.786631 0.424362 0.601154 -0.142413 : 0.2
0.121676 0.455864 0.789372 0.603971 -0.337193 -0.413765 -0.591334 0.543462 0.25191 : 0
0.652403 0.979022 0.463237 0.444047 1 1 0.858684 -0.101606 -0.19087 : 0.2
0.594708 0.817282 0.825296 -0.299161 -0.269984 0.0537839 0.0873324 0.877317 -1 : 0.5
0.650981 0.991426 0.954933 -0.0328071 -0.0911003 -0.649478 0.890684 0.539997 1 : 0
0.867183 1 1 -0.525976 0.442847 0.335087 0.984294 1 0.56163 : 0.1
0.404549 0.627844 0.949375 -0.824449 -1 -0.842203 0.87493 0.875905 0.0728469 : 0
0.593671 0.395625 0.950816 -0.390493 -0.878323 -0.409905 -0.674194 -0.68942 0.121919 : 0.3
0.763429 0.52583 0.852058 -0.759601 0.414099 -0.034304 0.264943 -0.833809 0.410837 : 0.5
0.592165 0.442877 0.914216 -0.783208 0.0431148 -0.91389 1 0.565877 -0.668851 : 0.3
0.548301 0.641711 0.798234 0.196156 0.0636189 -0.576705 -0.027765 -0.0556704 -0.499861 : 0
0.716426 0.331766 1 0.179849 0.560266 -0.590888 0.607345 0.406986 0.0971177 : 0.1
0.465735 0.75038 0.850111 -0.0543389 -0.444132 -0.427686 0.820725 0.627619 0.184015 : 0.1
0.664706 0.49077 0.944825 -0.224333 -0.2169 -0.72644 0.810647 -0.0105253 -0.0802716 : 0.3
0.614305 0.382767 0.772932 -0.260945 -0.406339 -0.332127 0.735458 0.814713 -0.740531 : 0.6
0.986086 0.512265 0.945768 -0.443257 0.816299 0.287562 0.692212 0.662545 1 : 0.5
1 0.373364 0.905376 0.261132 0.857572 -0.201517 0.288998 0.715304 0.297306 : 0
0.693375 0.12904 0.860276 -0.806045 0.134679 0.469688 0.276546 -0.970999 -0.555884 : 0.4
0.695685 0.664315 1 1 -0.233604 -0.466364 0.108223 0.573615 -0.167278 : 0.2
1 0.389295 0.940343 -0.936168 0.283922 0.368859 -0.126688 0.0109115 -1 : 0.3
0.904203 0.511332 0.963497 -0.455875 -0.193851 -0.0768923 0.447762 0.545105 -0.358065 : 0.5
0.917003 0.106983 0.962806 -0.53766 0.170123 -1 -1 0.330017 0.370766 : 0.2
1 0.834226 0.754638 -0.05248 0.040913 -0.283616 0.156966 0.757599 -0.861882 : 0.4
0.778886 0.327331 0.937839 -0.353882 0.632737 -0.208548 0.565909 0.827838 0.255736 : 0.3
0.82817 0.55558 0.537561 -0.328848 0.28812 1 0.59435 -0.23396 0.369938 : 0.1
0.557563 0.614 0.854476 0.0469449 0.403038 0.694702 0.461673 0.244346 -0.0461823 : 0
0.505324 0.791035 1 -0.249655 0.183721 -0.435243 0.39826 0.12293 0.918718 : 0.1
0.793432 0.619825 0.671605 -0.470536 0.48866 0.0344672 0.0974261 0.373026 0.672024 : 0.3
0.893558 0.426807 0.830679 -0.88864 0.191125 0.0560213 -1 0.644371 -1 : 0.2
0.890675 0.213861 0.879803 -0.18079 0.4273 -1 0.627043 -0.493599 -0.350578 : 0.3
0.712119 0.675639 0.773913 -0.102862 0.208066 -0.149784 -0.130161 0.324938 0.532715 : 0.1
0.806503 0.243634 0.986723 -0.0599313 -0.0631911 -0.134653 0.220009 0.853176 -1 : 0.6
0.676575 0.195022 0.765852 -0.628921 0.305383 1 -0.521116 -0.638417 -0.872788 : 0
0.410846 0.591796 0.71259 -0.395679 -1 1 1 0.116262 0.676066 : 0.1
0.507228 0.474395 0.937063 -0.542881 0.900164 -0.910708 0.270769 0.734469 0.802461 : 0.1
0.479494 0.775946 1 0.562322 -0.322129 -0.510289 0.668421 0.219001 -0.84157 : 0.2
0.654373 0.622454 0.56424 -0.835717 -0.311242 -0.680612 1 0.0399142 -0.750596 : 0.3
0.760212 0.251642 0.852646 -0.709376 -0.491622 -1 0.381165 1 0.0066582 : 0.1
0.753323 0.422703 1 -0.981446 0.858608 -0.266461 0.762916 0.0661324 -0.422491 : 0.1
0.730246 0.643017 0.883866 -0.227541 -0.43657 -0.634159 0.627938 0.172326 -0.752852 : 0.6
0.469342 0.550714 1 -0.0522355 0.404217 -0.202098 -0.650782 0.750427 -0.0995251 : 0.1
0.654709 0.93425 0.882724 1 0.128253 -0.106092 -0.286135 0.549362 0.472952 : 0
0.10944 0.452056 0.799437 0.0197694 0.276971 -0.36943 0.0804162 -0.345488 0.957726 : 0
0.0977406 0.715439 0.783649 -0.82543 1 -0.109283 -0.266687 0.733197 -0.352085 : 0
0.67889 0.584251 0.709937 0.36218 -0.271983 0.10104 0.322965 -0.0130243 0.0781311 : 0.2
0.695805 1 0.782857 -0.444805 -0.261953 -0.676673 1 0.530027 -0.230183 : 0.1
0.492089 0.456259 0.996226 -0.519411 -0.0555429 0.707319 0.86935 -1 -0.326937 : 0.3
