0.651545 -0.0333472 0.78868 -0.733219 0.741992 -0.361239 -0.21849 0.411559 0.465233 : 0
0.981275 0.320039 0.769569 -0.556965 0.284235 -0.604642 0.320046 0.783142 -0.444112 : 0.2
0.460528 0.418617 -0.942708 -0.593329 0.13179 -0.454885 1 0.965298 0.410479 : 0.1
0.557306 0.359626 0.911021 -0.501182 0.338978 -0.738269 0.440862 0.324932 0.928145 : 0.3
0.68099 0.386765 0.894175 0.125365 0.30899 -0.384812 0.52944 0.501576 0.126344 : 0.2
0.702727 0.303989 1 0.283855 -0.345867 -0.323895 -0.249267 0.6664 0.115395 : 0.6
0.56307 0.754248 0.859792 -0.718519 0.519598 -0.239747 0.0111408 0.7949 0.596374 : 0.1
0.669428 0.55424 0.953371 -0.132971 -0.375887 -0.394441 0.874468 -0.111643 0.12938 : 0.3
0.845379 0.214419 1 -0.968539 -0.0699023 -0.101193 0.269886 -1 -0.426592 : 0.2
0.548087 0.744469 1 -0.796951 -0.985937 -0.404441 0.925878 0.614126 -0.353067 : 0.2
0.802751 0.583847 0.976367 -1 -0.60156 -0.584159 1 -0.0934862 -0.926295 : 0.4
1 0.42945 0.914427 -0.545646 0.532161 -0.568577 0.920362 -0.342902 -0.234275 : 0.2
0.511479 0.481197 0.701643 -0.509182 0.356526 -0.550111 1 -0.189756 -0.517186 : 0.2
0.422698 0.595007 0.879043 -0.716441 -0.254425 -0.732344 -0.229283 0.194812 1 : 0.2
0.575273 0.562907 1 -0.741524 -0.106293 -1 0.333207 0.668419 0.406329 : 0.2
0.544354 0.519269 0.700549 -0.278674 0.0907009 0.0746558 -0.0198702 0.802851 -0.687181 : 0.5
0.677658 0.540555 0.785368 0.0154188 0.71021 0.630328 0.000128277 -0.358811 -1 : 0
0.153403 0.355503 0.941191 -1 -0.264402 -1 -0.197573 0.559279 0.477583 : 0
0.593148 0.700349 0.977473 -0.447341 -0.193671 -0.296563 0.0998226 0.650681 1 : 0.6
0.953171 0.703142 0.876567 -0.552443 1 -0.384066 0.0856578 -0.151348 0.422533 : 0.6
0.667737 0.559744 0.886641 0.319165 -0.349028 -0.466944 0.301806 -0.280092 0.482447 : 0.4
0.659605 1 1 -0.579488 0.783001 -0.611861 0.0963332 -0.253661 0.0392144 : 0.1
0.674386 0.137414 0.775518 -0.882096 0.514671 -1 0.660339 1 0.54175 : 0.3
0.637364 0.600749 0.977124 -0.501332 -0.303997 -0.105892 -0.743233 0.179574 -0.246895 : 0.4
0.422607 0.636117 0.829254 -0.757126 -1 -0.0828233 0.630437 -0.131062 1 : 0.1
0.750623 0.747175 0.801239 0.256882 1 -0.393399 0.239027 -0.356843 0.756026 : 0
0.571488 0.644541 0.809608 -0.875209 0.304516 -0.10712 0.321878 1 -0.71936 : 0.2
0.673208 0.347293 0.949823 -0.832817 -0.335521 0.218575 -0.602854 -0.750792 -0.11444 : 0.1
0.757503 0.749367 0.858941 -0.555221 0.0319039 -0.291915 -0.200845 0.84423 0.085776 : 0.1
0.528626 0.2894 0.821171 -0.207436 -0.712934 -0.982878 -0.0747249 0.463773 0.384361 : 0.3
0.676967 0.210354 0.827801 -0.899035 -0.36389 -0.979892 0.800558 0.565549 -0.120098 : 0.2
0.695272 0.0994933 0.667362 -0.0606965 0.0553347 0.58385 0.193375 0.630798 -1 : 0.1
0.885342 0.224663 1 -0.552631 -0.102988 -1 0.874627 1 -0.0361574 : 0.5
0.563153 0.410198 0.95332 -0.610506 0.0494173 -0.715488 0.150181 0.664614 0.952322 : 0.2
0.709463 0.306808 0.898071 -0.595748 -0.0142656 -0.0696867 0.342064 0.578445 0.364737 : 0.5
0.60478 0.509221 0.79159 -0.151939 -0.571606 -0.357321 0.859501 0.959468 0.821984 : 0.2
0.442079 0.54806 0.947719 1 0.290054 -0.108029 0.415338 0.0528952 -0.486242 : 0.1
0.573554 0.458212 0.895849 -0.293 0.0454867 -0.236742 -0.582461 -0.609079 0.864578 : 0.1
0.751435 0.913055 0.894503 0.0533867 -0.686146 -0.633988 1 0.137427 0.44215 : 0.2
0.827829 0.745635 0.874213 -0.773457 0.993313 -0.0897261 0.1941 0.903029 -0.00852194 : 0.4
0.73113 0.593547 0.844563 -0.695497 -0.22425 0.00485551 0.259947 -0.00212049 -0.247132 : 0.8
0.856311 0.459875 0.971818 -1 0.141312 -0.349961 0.496948 0.934941 0.250369 : 0.4
0.754112 0.376528 0.741687 -0.110688 0.222186 -0.743897 1 0.0563349 -0.676479 : 0.5
0.417097 0.54314 0.923752 -0.915478 -0.689825 0.696239 0.624431 0.761901 -0.523379 : 0.2
0.338819 0.445039 0.888646 -0.622988 0.356123 -1 0.312568 0.560736 0.773486 : 0.3
0.375289 0.553053 0.963019 -0.473921 1 -0.449874 -0.629767 -0.164944 0.843207 : 0
0.819233 0.428279 0.86048 -0.616189 -0.473305 -0.675402 0.193499 0.387922 -0.433848 : 0.5
0.516202 0.55665 0.894268 0.169514 -0.183573 -0.0470607 0.802789 0.458141 0.512038 : 0.2
0.661244 0.356726 0.746057 0.115742 -0.408523 -0.530973 0.250423 0.547798 -0.461873 : 0.6
0.742546 0.783908 0.893851 -0.715234 0.178135 -0.338401 0.482554 0.330697 0.134255 : 0.4
0.656731 0.294744 0.888892 -0.428545 -0.0575547 -0.17327 0.267085 1 0.56558 : 0.5
0.485313 0.513928 1 -0.548996 -0.52103 0.172258 0.311233 -0.347996 -0.766012 : 0.2
0.360681 0.427677 0.85585 -0.106668 -0.188009 0.00745904 0.0999267 0.159915 -1 : 0.3
0.406854 0.680361 0.923768 -0.302049 -0.49961 -0.0875162 0.858555 0.5256 -0.0267203 : 0.1
0.273147 0.363275 0.825359 0.0245879 -0.817758 0.776111 -0.0973102 0.106039 0.771419 : 0.2
0.47289 0.475951 0.854256 -0.59123 -0.120595 -0.366345 0.806444 0.0054757 1 : 0.2
0.357069 0.71632 0.999616 -0.235453 1 -0.360291 0.325094 0.329995 -1 : 0
0.468678 0.0304437 1 -0.564394 -0.281628 0.898367 1 0.21304 -0.339309 : 0.4
0.619198 0.599471 0.996913 -0.669002 -0.471263 -0.501238 1 0.305679 -0.00930738 : 0.4
0.443098 0.433772 0.81604 0.0264688 0.988049 -0.525025 1 0.50257 0.657038 : 0
0.617872 0.477906 0.842396 -0.970944 1 -0.583686 0.147832 0.517069 0.843521 : 0.2
0.557646 0.269995 0.892262 -0.8053 -0.0986655 0.0714645 0.187989 0.0309559 0.409544 : 0.4
1 0.388689 0.904551 -0.669742 -0.700945 -0.330137 0.473137 -0.265999 -1 : 0.5
0.617179 0.244848 0.944816 -0.354849 0.196813 -0.991813 -0.233481 0.309738 0.716919 : 0.1
0.63592 0.57619 0.856639 -0.119458 0.446426 -0.269712 0.437795 -0.729629 0.183128 : 0.5
0.736835 0.636887 0.804297 1 0.356422 -0.156907 1 0.208336 0.610016 : 0.3
1 0.288049 0.939583 0.159803 0.40988 -0.829373 0.9644 0.759377 0.198124 : 0.4
0.678533 0.676616 0.891835 0.155135 0.0711496 -0.116238 0.0986439 1 0.326433 : 0.3
0.320603 0.649832 0.966962 -0.359142 -0.111634 -0.113001 -0.547257 0.919095 0.662921 : 0.2
0.605525 0.659037 0.641666 -0.827474 -0.126904 0.967789 -0.804243 0.684288 0.938303 : 0
0.692823 0.284813 0.753292 -0.0788859 0.111548 -0.383865 0.663887 0.245395 -0.0330295 : 0.6
0.412903 0.51523 0.846487 -0.769413 -0.175799 -0.742684 0.603005 0.636756 -0.420581 : 0.2
-0.177039 0.429167 1 -0.818743 -0.569268 -0.509135 0.983469 0.24428 0.712696 : 0.1
0.46762 0.324046 0.854476 -0.581825 0.0928512 -0.881347 0.343277 0.346987 0.311249 : 0.5
0.657325 0.825197 0.794043 0.116805 1 -0.5214 0.562791 -0.185389 0.282584 : 0.1
0.567208 0.680056 1 -0.300005 0.160222 -0.273789 0.0289387 0.344379 -0.911305 : 0.1
0.645002 0.0757549 0.855617 -0.922138 0.101512 -0.185213 0.513552 -0.363272 0.11197 : 0.2
0.664395 0.224334 0.823714 -0.59454 -0.232927 -0.776873 -0.0126546 0.782764 0.0436629 : 0.5
0.539642 0.528507 0.953713 -0.739044 -0.0828572 -0.856869 0.87681 0.688693 0.769114 : 0.3
0.53905 0.521654 0.905429 -0.149239 -0.942939 0.840088 0.152518 0.627488 0.322285 : 0.2
0.618372 0.401977 0.815044 1 -0.225359 -0.839209 0.512956 0.0287287 0.194554 : 0.4
0.710322 0.270961 0.699776 -0.575568 -0.380343 -0.397759 -0.372323 1 -1 : 0.3
0.573445 0.364596 0.398553 -0.692457 -0.18123 -0.395011 0.529957 -0.0695073 0.468984 : 0.5
0.531308 0.300765 0.618001 -1 -0.190976 -0.503757 0.0453523 -0.649306 0.263662 : 0.2
0.439026 0.492505 0.68321 -1 -0.542355 -0.388319 0.183125 -0.350574 0.250733 : 0.3
0.587345 0.465395 0.908012 -0.223467 -0.46714 -0.585625 0.46483 0.831918 -0.0269408 : 0.3
0.541999 0.482047 0.855135 -1 -0.0551957 -0.265656 0.722673 0.736773 -0.367612 : 0.3
1 0.522092 0.741041 -0.177186 0.404555 -0.828299 1 0.0427745 0.0705421 : 0.5
0.898207 0.233721 0.946361 -0.494572 0.0585358 -0.224743 0.772792 0.303279 -0.315406 : 0.3
0.503796 0.258269 0.688109 -0.519952 -0.38103 -0.387289 1 0.629885 1 : 0.4
0.638596 0.714592 0.976099 -1 0.578061 -0.678572 0.794086 0.43772 -0.897547 : 0.4
0.659573 0.474204 0.98459 -0.549074 0.241188 -0.746085 1 -0.243337 -0.184665 : 0.4
0.603851 0.375905 0.881482 -0.779329 -0.279738 1 -0.273048 0.293785 -1 : 0.4
0.723818 0.274924 0.979279 -0.625109 -0.138282 -0.440726 -1 0.656832 -1 : 0.3
0.577154 0.295072 0.743065 -0.33248 -0.350274 -0.467318 1 -0.00997996 -0.121391 : 0.3
0.522925 0.234349 1 -0.967462 0.465063 -0.5408 0.257511 0.727197 -1 : 0.2
0.63118 0.537912 0.587804 -0.769674 0.179688 -0.911303 0.364993 0.966852 0.377695 : 0.5
0.839885 0.536569 0.796923 -0.412138 0.475824 -0.0665286 -0.233549 0.556896 1 : 0.4
0.585618 0.446545 0.773986 -0.455136 -0.122966 -1 0.27432 0.630667 0.674306 : 0.2
0.669662 0.592523 0.827499 -0.511186 0.274645 1 0.46094 0.364318 0.158752 : 0.2
0.534988 0.539808 0.718378 0.585036 0.568952 -0.199476 -1 -0.0105027 0.0742858 : 0
0.574282 0.295947 0.746 -0.897777 -0.600035 -0.161335 1 1 -0.474819 : 0.4
0.531276 0.331789 0.743129 0.0571812 -0.729671 -0.452173 -0.320049 0.489631 0.91988 : 0.1
0.423409 0.390536 0.562698 -0.733717 -0.537422 -0.709758 1 -0.278543 0.330307 : 0.1
0.116087 0.336909 0.978809 0.0389642 0.852893 -0.281506 0.943847 0.631005 -0.303806 : 0.1
0.746403 0.737215 0.812409 -0.859482 0.498627 -0.289049 0.506863 0.478059 0.140647 : 0.2
0.511956 0.320854 1 0.206981 0.610433 -0.904621 0.673456 -0.0255912 0.341575 : 0.2
0.53588 0.395508 0.934136 -0.962438 -0.363389 -0.79294 -0.00616622 0.552043 -0.940531 : 0.3
0.735565 0.373791 0.948829 -0.309453 0.120298 -0.717343 0.629618 0.680492 -0.723333 : 0.5
0.710627 0.640562 0.743332 -0.924274 -0.300232 -0.259638 0.811122 0.272957 -1 : 0.5
0.595859 0.576817 0.901774 -0.805676 -0.165814 -0.415708 -0.552886 -0.718751 -0.725292 : 0.5
0.785296 0.402318 0.922814 -1 0.17394 -0.871133 0.424852 0.250873 -0.0508381 : 0.3
0.747158 0.436092 0.819303 -1 -0.0147148 -0.29562 0.861019 -0.368511 0.779275 : 0.3
0.571244 0.617607 0.798589 -0.727017 -0.400424 -0.65018 0.986979 -0.377424 0.224996 : 0.1
1 0.125347 0.785761 -0.776347 1 -0.212442 0.323312 -0.469438 0.425284 : 0.2
0.483193 1 -0.0797524 -0.369943 0.377651 -0.83026 0.840692 -0.13802 1 : 0
0.618824 0.366626 0.769213 0.308259 -0.605106 -0.118649 -0.00161497 0.52409 0.0756361 : 0.5
0.91979 0.696558 1 -0.774588 0.730304 -0.767591 0.151057 -0.181449 -0.965337 : 0.6
0.785199 0.266181 0.859716 -0.202678 0.103222 -0.406777 -1 0.541316 0.666197 : 0.2
0.59288 0.584801 0.800585 -0.824619 -0.321519 -0.487195 0.087163 0.781035 0.769738 : 0.4
0.630449 0.445926 1 -0.11609 0.0261534 -0.773406 -0.275183 0.667914 0.313483 : 0.1
0.749322 0.661216 0.97587 -0.475562 -0.157103 -0.297163 0.336665 0.350814 0.0544346 : 0.6
0.717398 0.330352 0.882434 -0.434781 -0.240405 -0.09028 0.54143 0.185667 0.466888 : 0.7
0.590482 0.810936 0.814114 -0.499224 -1 0.817996 -0.180314 -0.0201751 1 : 0.3
0.693243 -0.218934 1 -0.30771 -0.4891 -0.618887 0.317039 0.267115 -0.47328 : 0
0.706354 0.351743 0.976739 -0.943556 -0.377511 -0.0891197 0.836133 0.269557 0.062103 : 0.5
0.679817 0.551492 0.89625 0.0413691 -0.846589 0.432097 -1 0.818579 0.229682 : 0.2
0.563568 0.414951 0.729776 -1 -0.0909072 -0.0502431 0.240031 0.678063 0.960561 : 0.4
0.599425 0.652593 1 -0.358741 -0.572484 -0.684318 0.480687 0.370493 0.744969 : 0.2
0.787051 0.427817 0.878084 -0.643332 -0.338558 0.426251 -0.237548 0.402457 0.895339 : 0.5
1 0.337593 0.7201 -0.309863 0.50077 -0.32977 -0.152643 -1 -0.708153 : 0.3
0.736474 0.254056 0.856305 -0.209023 0.373135 1 0.294601 0.417517 -0.613068 : 0.1
0.505965 0.65592 0.927009 -0.762496 1 -1 0.561271 0.990407 0.369534 : 0.2
0.506714 0.887926 0.883975 -0.746526 -0.483929 1 0.436067 0.673168 -0.279352 : 0.1
0.633845 0.459435 0.985302 -0.779002 -0.378039 -0.170072 -0.43263 0.794757 0.0505182 : 0.4
0.671747 0.433721 0.668222 -0.316335 -0.199647 -0.855562 0.442239 0.367842 0.711432 : 0.4
0.703625 0.362492 0.911192 -0.39327 -0.248477 -0.0396965 -0.0312172 0.613662 -0.301749 : 0.6
0.585222 0.438549 0.866308 -0.843969 -0.297333 -0.243474 0.390591 0.351891 -0.0241162 : 0.7
0.521285 0.64673 0.789729 -0.16582 0.280579 -0.345618 -0.105355 0.297602 -1 : 0.2
0.483424 0.303447 0.822306 0.200313 -0.0834341 -0.0241907 0.664872 0.336319 -0.80206 : 0.1
0.455876 0.268446 0.735483 -0.950798 0.0328097 -0.399089 -0.346614 0.0442809 0.683817 : 0.2
0.349695 1 0.945112 -0.765098 -1 -0.240825 -1 0.272395 -0.8506 : 0
0.776874 0.453305 0.997795 -0.274135 -1 -0.946567 -1 0.500135 0.493487 : 0.3
0.431383 0.372335 0.967946 -0.87721 0.0282871 -1 1 0.475569 0.833401 : 0.3
0.482987 0.743949 0.734808 -0.252135 -0.456465 -0.282421 0.500963 0.528406 -0.0268452 : 0.1
0.574357 0.610211 0.90692 -0.446135 -0.318776 -0.312644 -0.0972333 0.597132 0.542991 : 0.8
0.643458 0.465753 0.865211 -0.203278 0.150193 -0.972976 0.237719 0.365647 0.614683 : 0.4
0.60711 0.77586 0.877386 -0.260522 -0.259629 -0.661275 1 0.325828 -0.442761 : 0.1
0.551907 0.747591 0.858054 -0.658597 -0.344056 -0.0387318 -0.678886 -0.130156 0.263798 : 0.1
0.750929 0.649507 0.862702 -0.650294 -0.251139 -0.0599575 1 0.5031 -0.870166 : 0.8
0.938799 0.47036 0.91954 -1 -0.0150684 -0.24665 0.422955 0.679638 0.157006 : 0.4
0.647662 0.626691 0.830062 -0.621369 -0.51931 -0.140253 0.482426 0.372905 0.476511 : 0.5
1 0.179521 0.989775 0.436725 -0.313744 -0.534974 1 1 -0.0155414 : 0.5
0.674958 0.69571 0.985809 -0.913756 -0.637779 -0.0770394 0.00234175 0.111509 0.337227 : 0.4
0.433834 0.251045 0.860866 -0.54548 -1 -0.344766 0.416017 0.18828 -0.430655 : 0.3
0.57202 0.40084 1 -0.252171 -0.546027 -0.453724 0.754966 0.691138 -0.954081 : 0.1
0.595176 0.372344 0.854027 -0.677547 -0.233209 0.740638 0.832202 0.320253 1 : 0.5
0.618277 0.377256 0.639851 0.182345 0.246241 -1 0.517518 0.535199 0.111288 : 0.3
0.513707 0.483997 0.977717 -0.636164 -0.0127546 -0.000893354 -0.0364391 0.370038 0.787541 : 0.2
0.734949 0.458087 0.878463 -0.966308 -0.122903 -1 1 0.807454 0.132273 : 0.1
0.399184 0.368651 0.981967 -0.603717 0.211715 -0.62031 0.653641 0.12546 -1 : 0.4
0.664992 0.613224 0.873311 -0.967514 0.164174 1 -0.641011 0.739033 0.689008 : 0
0.736064 0.599548 0.775574 -0.450673 -0.13093 -0.518027 -0.587272 0.343942 -0.761976 : 0.5
0.787982 0.349583 0.988691 -0.507906 -0.467639 -0.360663 0.912813 0.745767 0.402495 : 0.2
0.907107 0.502389 0.912846 -0.289806 -0.582667 -0.301098 -0.0299366 0.441021 0.104107 : 0.4
0.875336 0.434137 0.964471 -0.573056 0.764447 -0.175879 0.76241 -0.236026 0.56611 : 0.4
0.338943 -0.181336 0.80933 -0.814473 -0.122337 -0.408474 -0.265481 0.209961 1 : 0
0.892185 0.428661 0.922471 -0.529424 -0.436644 0.0936129 0.378622 0.286122 -0.484551 : 0.5
0.71969 0.502202 0.809786 -0.619415 0.129286 -0.653413 -1 1 0.440899 : 0.5
0.720216 0.647478 1 -0.480315 -0.232473 -0.950164 0.974571 0.413729 0.0274841 : 0.5
0.758864 0.193608 0.966708 -0.665494 0.00533336 -0.526349 1 0.124931 0.942421 : 0.5
0.733894 0.516089 0.948282 -1 -0.581248 0.744602 -0.631817 0.0479654 0.269129 : 0
0.717836 0.446967 0.989202 -0.226309 0.332028 1 0.872195 0.516712 0.228932 : 0.4
0.839824 0.423579 0.758422 -0.748278 -0.385833 -1 0.745808 0.42822 0.604727 : 0.1
0.606447 0.59876 0.825457 -1 -0.128473 -0.320526 -0.157175 0.474149 1 : 0.4
0.576475 0.808 0.845276 -0.54517 0.0559618 -0.262362 -0.0206898 0.280343 0.23193 : 0.1
0.657141 0.56153 0.909045 -0.870093 -0.223566 -0.0534325 -0.500043 0.135536 0.370728 : 0.4
0.53331 0.35262 0.815342 -0.528837 0.0331922 0.15905 0.617873 0.88644 0.219563 : 0.5
0.572267 0.199507 0.957945 -0.677608 -0.718877 0.118107 -0.499934 -0.0924707 -0.394929 : 0.2
0.727834 0.813565 0.899568 -1 0.481685 -0.724819 0.373848 1 -0.880502 : 0.2
0.740551 0.543769 0.935285 -0.666389 0.940595 0.0352522 0.082348 0.441265 1 : 0.3
0.752047 0.287426 0.839665 -0.967084 -0.236685 0.405583 0.264141 0.539578 -0.181588 : 0.2
1 0.12016 0.76945 0.184128 0.712654 -0.0170348 0.57719 0.33596 0.465397 : 0.1
0.679033 0.268354 0.912069 -0.937084 -0.646186 -0.237653 0.556667 -0.779236 0.330573 : 0.3
0.833257 0.645254 0.957957 -0.839384 -0.405972 -0.995618 1 0.314268 0.168782 : 0.5
0.696432 0.310053 0.820354 -0.339781 0.292475 -0.519881 0.632785 0.148142 -0.963952 : 0.3
0.806122 0.352296 1 -0.447669 -0.00906895 -1 0.0283553 0.551124 0.696478 : 0.5
0.561462 0.307014 0.946996 -0.237699 0.144014 -0.865292 0.68765 -0.268928 0.649994 : 0.5
1 0.286002 0.981942 -0.309983 -0.278042 -0.501157 0.287647 -0.192303 0.584008 : 0.5
0.58783 0.487638 0.916796 -0.0570281 0.549382 -0.581369 -0.367465 0.969273 -0.167455 : 0.5
0.769549 0.309809 0.859686 -0.131814 0.140841 -0.750179 -0.135628 0.515673 -0.71356 : 0.3
1 0.0177518 0.97657 -0.723323 -0.15895 0.365888 0.705795 0.325801 -0.00853919 : 0.3
0.94028 -0.0153124 0.978666 -0.491473 -0.127471 -1 0.487371 0.443505 -0.238323 : 0.2
0.683071 0.426477 0.761444 -0.0610596 -0.317236 -0.0814593 0.0299265 -0.347658 0.763504 : 0.3
0.670473 0.797652 0.971887 -0.782163 -0.445603 -0.258177 0.258022 0.580503 1 : 0.7
0.892586 0.478965 0.892698 -0.670108 0.865484 -0.883231 0.168197 -0.306845 -0.304004 : 0.1
0.549894 0.551444 0.821941 -0.434149 0.373913 -0.512121 0.880989 0.348183 0.277761 : 0.1
0.566694 0.457103 0.833835 -0.963527 -0.901526 0.285711 -0.800336 0.612805 0.465193 : 0.2
0.539908 0.342638 0.831273 -0.249615 -0.309247 -0.968432 0.0302772 -0.0891709 0.262509 : 0.5
0.80847 0.440413 0.920378 -0.233583 -0.249651 -1 -0.0315411 0.856207 0.394009 : 0.4
0.538502 0.737084 0.973165 -0.735776 -1 -0.87775 0.131438 0.427446 -0.167216 : 0.2
0.296761 0.301284 0.838079 -0.412633 -0.561699 -0.233565 0.689468 0.440778 -0.761847 : 0
0.737646 0.625492 0.815881 0.238108 1 -0.394112 1 -0.174574 0.0856852 : 0.3
0.811435 0.439413 0.899121 -0.438127 -0.142156 1 -0.0176747 0.481848 0.986651 : 0.1
0.819118 0.623353 0.951214 -0.770738 0.0543898 -0.0977452 0.293506 -0.0352931 0.647832 : 0.4
0.76303 0.0137458 0.820763 -0.543982 -0.455645 -0.581035 0.42452 0.362861 0.451111 : 0.1
0.360863 0.520772 0.911643 -0.556734 0.0679256 -0.0762589 0.209221 0.272689 -0.133725 : 0.1
0.563404 0.373158 0.872361 -0.153449 -0.123392 -0.486005 -0.540908 0.118978 0.62419 : 0.1
0.609101 0.723886 0.77436 -0.10914 0.459978 -0.537153 0.124939 0.540379 -1 : 0.1
0.628069 0.484015 0.868558 -0.662315 -0.00731218 0.749479 0.331132 0.288108 -1 : 0.3
0.826245 0.544183 1 -0.792272 1 -0.0741462 -1 0.77064 0.790453 : 0.3
0.580296 0.853878 1 -0.516338 -0.515607 -0.892976 0.874324 0.538005 -0.494144 : 0.2
0.598222 0.567668 0.287349 -0.591654 -0.326696 -0.382259 0.523208 0.615337 -0.543866 : 0.1
0.716282 0.223638 0.892611 -0.788662 -0.0091489 -0.804514 0.449583 -0.56292 0.0117026 : 0.3
0.917913 -0.00356423 0.886236 -0.436643 -0.113755 1 0.633841 -0.452686 -0.424723 : 0
0.505683 0.931548 0.915096 0.603349 -0.872064 -0.574821 1 0.638641 0.274379 : 0.1
0.654165 0.505967 1 0.0899887 -1 -0.461535 0.492446 0.630608 0.248072 : 0.4
0.739294 0.693336 0.868761 -0.565731 -0.945133 -0.422916 -0.234927 0.352676 -0.808868 : 0.2
0.568712 0.871371 0.681068 -1 0.164715 0.159035 0.80115 -0.128113 0.685498 : 0.2
0.814649 0.704149 0.963054 0.149068 -0.537315 -0.41484 -0.235558 0.711199 0.0650843 : 0.5
1 0.829336 0.806286 -0.817362 -1 0.062714 0.107507 0.387856 0.666919 : 0.4
0.559194 0.428979 0.811301 -0.860972 -0.710301 -0.849902 0.778292 0.937986 0.711542 : 0.2
0.828141 0.0903879 0.902854 -0.273287 0.174828 -0.169154 0.43234 0.00058113 0.352842 : 0.3
0.460753 0.365127 1 0.279181 -0.199105 -0.319633 1 0.428678 -0.352609 : 0.4
0.609244 0.400325 0.882019 0.468771 -0.383274 -0.458719 -0.25801 -0.240163 0.185339 : 0.4
0.783616 -0.0115301 0.766391 -0.609539 1 -0.78758 1 0.597035 0.209677 : 0.4
0.90845 0.477376 0.977217 -0.802531 -0.661189 0.145969 -0.226363 0.00932851 0.30385 : 0.4
0.506165 0.72237 0.93014 -0.821115 -0.797479 -0.27253 0.277988 0.584552 -0.121851 : 0.3
0.342657 0.384219 0.757129 -1 -0.575469 -0.84425 0.936446 0.881923 -0.0504652 : 0.1
0.829833 0.475196 1 -0.875676 -0.390711 0.374422 -0.00225085 0.560572 -0.253317 : 0.5
0.792605 0.116532 0.88768 -0.984319 0.132925 0.329098 0.694821 -0.431116 -0.301957 : 0.4
0.49883 0.389928 -1 -0.660913 -1 0.0726 -1 0.524922 0.794547 : 0
0.681228 0.224755 0.748966 -0.740036 0.166538 -0.344729 1 0.197173 -0.25376 : 0.4
0.761663 0.314651 0.832124 -1 -0.633591 -0.824237 1 0.912093 0.198199 : 0.5
0.426377 0.558317 0.9558 -0.603093 0.743856 -0.52761 0.733778 0.733789 0.0648419 : 0.2
0.43934 0.88899 0.857156 0.630482 0.201577 -0.059424 1 -0.369814 0.130624 : 0.2
0.729089 0.316726 0.861493 -0.327556 0.323211 1 0.773282 -0.699599 0.0797726 : 0.4
0.64989 0.509886 0.859516 -0.75263 0.586123 0.0527326 0.988353 0.776611 0.151952 : 0.2
0.615868 0.260768 0.831188 -0.552097 0.116987 -0.697984 0.19462 -0.879291 -0.00794247 : 0.5
0.575866 0.350639 0.772588 0.812987 -0.441508 -0.875471 -0.325943 0.61362 0.234741 : 0.2
0.514606 1 0.848604 -0.963186 -0.413143 -0.454517 0.362707 0.510598 -0.840038 : 0
0.660207 0.412888 0.850288 -0.360916 0.109165 -0.108515 -0.111196 0.441426 0.122032 : 0.5
0.619885 0.282931 0.952913 -0.228725 -0.594154 0.293923 -0.0866386 0.458241 0.338028 : 0.4
0.635538 0.45828 0.909912 -0.435745 -0.391494 0.462776 0.269642 0.618391 0.506008 : 0.2
0.732132 0.802099 0.913879 -0.992636 0.735064 0.163476 1 0.560143 -0.14554 : 0.5
0.872241 0.499116 0.773416 -0.654702 -0.571553 0.77642 -0.612558 0.403793 0.861747 : 0.5
0.604272 0.466898 0.723959 -0.190505 0.999542 -0.0300152 0.987411 0.869688 -0.684102 : 0.1
0.55597 0.414485 0.857932 -0.412056 -0.0363877 -0.576823 0.58848 -0.298 0.0321303 : 0.4
0.655886 0.635939 0.993152 -0.738215 -0.698252 -0.609488 0.478915 0.686546 0.600022 : 0.4
0.532714 0.250701 1 0.434291 -0.167833 -0.933583 0.544867 0.256572 -1 : 0.4
1 0.465371 0.780386 -0.442007 0.47508 1 0.0400709 -0.15529 1 : 0
0.37491 0.484119 0.920227 -1 -0.999398 -0.979587 0.315963 0.0225995 0.204485 : 0.1
0.935909 0.938189 0.919896 -0.548687 -0.095976 -0.675914 0.949197 0.0935927 -0.307017 : 0.2
0.587566 0.643339 0.844173 0.829824 -0.0178796 -0.31798 0.0855922 -0.876093 -0.0521888 : 0.3
0.48741 1 1 -0.738829 0.25241 -0.399887 1 0.0815063 0.64721 : 0
0.56002 0.451643 0.882089 -0.853022 -0.0781394 -0.046271 0.708274 -0.498529 -1 : 0.4
0.102339 1 0.92345 -0.250841 -0.0925366 -0.308938 -1 0.657156 -0.148269 : 0
0.767777 0.237139 0.825373 0.482282 -0.533844 -0.290812 0.430596 -0.52684 0.79463 : 0.2
0.550966 0.388719 0.890979 -0.895007 0.00553179 -0.278048 0.860537 0.556069 0.276361 : 0.5
0.587842 0.773729 0.972617 -0.77107 -0.272719 -0.884292 1 0.666392 0.0911493 : 0.2
0.625506 0.484978 0.84777 0.360251 0.0767408 0.13185 -1 0.423021 0.672547 : 0
0.673947 0.147817 0.96006 -0.641648 -0.0961883 -0.698032 -0.397278 -0.000291765 -0.362734 : 0.2
0.608169 0.878566 0.639418 -0.983607 0.16219 -0.302729 0.0532266 0.621592 0.378731 : 0.2
0.60262 0.682387 0.987375 -0.435371 -0.941728 0.549143 0.0601791 0.0997124 0.632158 : 0.2
1 0.969165 0.911791 -0.895984 -0.00941193 -0.780035 0.860873 0.384797 1 : 0.1
0.567071 0.219958 0.680139 -0.160219 0.481487 -0.309078 0.341396 -0.597826 -0.405755 : 0.2
0.610029 0.839645 0.817026 -0.780623 -0.917927 -0.36006 0.750254 0.0349087 -0.685429 : 0.1
0.717311 0.314327 0.8586 -0.977507 -0.44925 -1 -0.117631 1 0.0225442 : 0.5
0.119836 0.372455 0.941316 -0.626316 1 -1 0.258248 0.386209 0.313883 : 0
0.568097 0.613806 0.920557 0.889205 -0.248551 -1 0.473917 0.68552 0.313676 : 0
0.704697 0.81096 0.967445 -0.995911 -0.638294 -0.176866 0.92315 0.559678 -0.243052 : 0.6
1 0.621555 0.852454 -0.70209 0.00904995 -0.213545 0.845947 -0.28992 0.0263715 : 0.4
0.783614 0.540187 0.94802 -0.475348 1 0.171763 0.352126 0.81236 -0.128513 : 0.2
0.207714 1 0.71447 -0.90827 0.365164 -0.624962 0.337968 0.210288 -0.0822461 : 0.2
0.47735 0.268491 0.830746 -0.653412 -0.107025 -0.554737 1 0.451229 0.782832 : 0.5
0.722752 0.338537 0.709363 -0.759213 0.589838 -0.434898 0.274267 0.799969 -0.676074 : 0.4
0.980897 0.373722 0.832983 0.0201956 -0.277313 -0.154058 1 -0.0416762 -1 : 0.2
0.739705 0.383936 0.876225 -0.464534 -0.0728849 0.0712379 0.334294 0.46712 -0.167792 : 0.7
0.912792 0.501066 1 -1 -0.290863 -0.241613 0.594498 0.13953 0.209109 : 0.3
0.828541 0.534621 0.836315 -0.835494 -0.133685 -0.544971 0.194701 0.282597 -0.42767 : 0.3
0.722293 0.290092 0.768708 -0.740961 0.959772 -0.736846 0.34198 -0.262676 -0.604038 : 0.2
0.818603 0.361696 0.852849 -0.604835 -0.587963 -0.525245 0.854202 -0.281597 0.551203 : 0.4
0.974693 0.341282 0.963458 -0.724848 -0.349111 0.0321668 0.621192 0.598707 -0.505841 : 0.3
0.659031 0.777113 0.645632 0.246646 -0.433778 -0.906974 0.459123 0.527402 0.861776 : 0.2
0.782018 0.420564 0.796025 -1 0.115337 0.253139 0.534103 0.29869 0.0486169 : 0.3
0.585757 0.365761 1 -0.545487 -0.225321 -0.0078584 -0.551849 0.595654 -0.341923 : 0.4
0.52233 0.353292 0.958857 -0.988141 0.221859 -0.418295 0.335311 0.704667 0.00719121 : 0.2
0.6831 0.585899 0.969483 -1 1 -0.531382 0.435759 0.847063 -0.802933 : 0.3
0.158024 0.262616 0.915942 -0.662186 -0.215142 -1 0.454342 1 1 : 0
0.594577 0.798904 0.921892 -0.685164 -0.599777 -0.951962 0.856172 0.401732 -0.367201 : 0.3
0.468499 0.651826 1 -0.926749 -0.131705 -0.634029 0.406735 0.213231 0.604633 : 0.1
0.603312 0.394256 0.885357 -0.77023 0.608698 -0.969389 -0.169187 1 -0.859453 : 0.3
0.507644 0.711675 0.851446 -0.87088 0.309369 1 0.680362 0.896515 -0.346022 : 0.2
0.748258 0.701221 0.929785 -0.875592 -0.1695 -0.165775 0.510961 0.679455 0.150949 : 0.5
0.71552 0.233869 0.919363 -1 -0.37916 -0.982265 0.496345 0.591862 -0.549364 : 0.4
0.865725 0.620799 0.937512 -0.712711 -0.860047 -0.591908 0.827701 0.424613 -0.474228 : 0.4
0.434034 0.514721 0.937709 -0.108756 -0.971552 -0.733516 1 -0.303203 -0.505503 : 0.1
0.181713 0.754352 0.970421 -0.388848 -0.248016 -0.729954 0.017503 -0.632172 0.395083 : 0
0.716822 0.806927 0.864208 -0.606778 -0.703653 -0.554581 0.218186 0.159205 -1 : 0.3
0.2169 0.0568564 0.937169 -0.705194 -0.0894878 -0.76434 0.66535 0.710792 0.373947 : 0.1
0.739057 0.341537 0.990697 -0.698817 -0.24554 -0.617031 0.445024 0.268084 0.533356 : 0.3
0.833457 0.501477 0.962363 -0.529932 -0.20994 -0.129518 0.92417 0.365485 -0.191942 : 0.4
0.705058 0.408609 0.793413 -0.586043 1 -0.551405 0.0803473 0.384702 0.0818407 : 0.1
0.474724 0.469551 0.908799 -0.76023 0.343682 -0.533264 0.409063 0.554791 0.650348 : 0.4
0.578618 1 0.895712 -0.757651 -0.188109 -0.631865 -1 -0.201801 1 : 0.1
0.683262 0.89365 0.636466 -0.433331 -0.560821 0.866967 0.575585 0.260621 0.184069 : 0.2
0.635598 0.300852 0.784995 -0.933803 -0.387702 -0.539832 0.97397 -0.642609 -0.659358 : 0.5
0.792025 0.336005 0.836884 -0.881535 -0.40336 -0.208877 1 0.694758 -0.127732 : 0.5
0.845558 0.329627 0.755133 -0.687463 -0.026324 -0.979386 -0.263034 0.429876 0.278041 : 0.5
0.392561 0.82594 0.728999 -0.67058 -0.485024 -0.0120676 0.175123 0.593735 -0.47198 : 0.1
0.53922 0.540188 0.765949 -0.457576 0.0832036 0.413747 0.0202657 0.0228418 -0.18928 : 0.3
0.909285 0.279565 0.876297 -0.907551 -0.671065 -0.676138 0.160496 0.205413 -0.884732 : 0.5
0.630482 0.356891 0.802681 -0.662096 -0.648264 -0.784391 0.806907 1 0.698772 : 0.4
0.834583 0.833156 0.844703 -0.174674 0.430631 -0.268631 0.334777 0.48868 -0.302047 : 0
0.656169 0.525602 0.720901 -0.285622 0.124569 -0.1637 1 -0.452503 0.0994354 : 0.3
0.199658 0.280125 0.8503 -0.529299 -0.130253 -0.335417 0.26071 0.422788 1 : 0.1
0.500911 0.312945 0.916843 -0.676108 -0.0201467 -1 -0.222502 0.407219 0.409577 : 0.2
0.269911 0.253884 0.713888 0.271198 -0.69097 -0.682806 0.847238 0.367874 -0.757039 : 0.1
0.895156 -0.00744073 1 -0.0854336 0.204051 -0.751723 1 -1 1 : 0
0.560838 0.299295 0.885696 -1 -0.244449 -0.478308 0.111495 -0.0431342 0.664931 : 0
0.271521 0.975671 1 -0.157608 -0.0273085 -0.797323 0.975942 0.223785 0.176566 : 0.1
0.622979 0.482206 0.988107 -0.419605 0.39777 -0.776428 0.749545 0.38103 0.830512 : 0.2
0.335818 0.317416 0.908341 -0.563139 -0.321199 -0.0716621 0.154602 0.653305 -0.6014 : 0.4
0.668611 0.444562 0.891104 -0.984235 0.149344 0.976502 -1 1 0.47064 : 0.1
0.979124 0.473676 0.911123 0.343558 0.243696 -1 0.294274 -0.0533808 1 : 0.4
0.667708 0.38673 0.727669 -0.266264 0.560824 -0.156678 0.830294 0.611518 0.252918 : 0.4
0.441704 0.501895 0.99629 -0.2755 -0.388418 -0.504505 0.538848 0.513443 -0.439918 : 0.2
0.920405 0.130795 0.965706 -0.629847 1 -0.548354 -0.653491 1 0.933001 : 0
0.880367 0.297318 0.957134 -0.790263 -0.375564 1 -1 0.108 -0.0512682 : 0
0.663554 0.23102 0.909068 -0.157254 -0.128253 -0.747236 0.732679 -0.545641 -0.762463 : 0.3
0.464319 0.246029 1 0.198136 0.0732834 -0.421098 -0.120079 1 -0.408503 : 0.3
0.898781 0.663204 1 -0.612701 0.447317 -0.863323 0.523886 0.751589 -0.538972 : 0.4
0.959143 0.517868 0.807253 -0.666681 0.499714 0.976592 -1 0.486106 1 : 0.1
0.843222 0.171081 0.905972 -0.573765 0.0525761 0.7656 0.436558 0.197487 0.584168 : 0.3
0.833022 0.245843 1 -0.744604 -0.347294 -1 0.023889 0.649222 -0.278303 : 0.2
0.564334 -0.201896 0.822134 -0.563759 -0.259239 -0.975535 0.324812 0.637708 -0.0398875 : 0
0.585499 0.231627 0.933549 -0.321913 0.166038 -0.401135 0.57326 0.012674 -0.133796 : 0.3
0.676426 0.251707 0.880477 -0.771964 -0.284108 -0.192251 0.857221 -0.283577 -0.246782 : 0.5
0.513067 0.465157 0.89346 -0.766258 -0.411207 -0.350522 0.677154 0.473166 -0.890462 : 0.2
0.648733 0.291602 0.960614 -0.421213 -0.321338 -0.304933 -1 0.679755 -0.349505 : 0.4
0.587732 0.319949 0.83456 -0.163755 0.176863 -0.682548 1 -0.24893 -0.0163871 : 0.4
0.586423 0.695191 0.927394 -0.840388 0.641735 -0.495018 -0.0806106 -0.144515 -0.661896 : 0
0.802072 0.770656 1 -0.282914 -0.454435 -0.69764 -0.173898 0.275948 -0.709013 : 0.3
0.372207 0.285783 0.180825 -0.697193 -0.0721463 -0.266439 0.980555 0.50244 0.986103 : 0
0.506717 0.511941 0.856541 -1 -0.355774 -0.47467 0.206101 0.113815 -0.109405 : 0.4
0.623011 0.439701 0.915488 -0.710843 -0.567918 -0.055588 1 -0.877684 0.0959117 : 0.5
0.665039 0.816017 0.911584 -0.702753 0.147032 -1 0.332884 0.893835 -0.559908 : 0
0.707714 0.476041 0.910982 -0.46389 0.386313 0.250409 -0.54645 0.596122 0.412557 : 0.3
0.793901 0.26245 0.779632 0.224768 0.0319428 0.413853 0.08123 0.361794 0.934016 : 0.1
0.72084 0.246053 1 -0.381779 -0.299449 -0.417101 0.872164 -0.232656 -0.203613 : 0.4
0.906617 0.560063 0.859264 -0.667755 -0.13384 -0.316859 0.288699 0.575881 -0.193281 : 0.5
0.628634 0.463611 1 -0.227082 -0.104082 -0.267706 0.465494 0.657359 -0.109 : 0.4
0.759258 0.820755 0.925679 -0.819523 0.236346 0.401187 0.807751 -0.254746 -0.138219 : 0.3
0.589069 0.532859 0.876491 -0.549809 0.175679 1 0.908994 0.560917 0.144146 : 0.2
0.591392 0.735177 0.733037 -0.100526 -0.165443 -0.973109 0.0115014 0.416292 0.345607 : 0.2
0.525172 0.289713 0.89153 0.0681601 -0.486461 -0.590064 0.817233 0.152288 -0.0697913 : 0.3
0.605169 0.421115 0.914263 -0.843566 0.0779244 0.0859353 -0.680607 0.658531 0.52938 : 0.2
0.418923 0.734018 0.915246 -0.624589 0.701831 -0.835749 0.0288588 0.447982 0.0258271 : 0.1
0.708371 0.148998 0.764964 -0.61577 0.718779 -0.47407 0.151682 0.728362 0.877276 : 0
0.617423 0.350013 1 -0.238998 0.374573 -0.41832 0.853898 -0.684356 0.0750422 : 0.3
0.719879 0.282434 0.783301 -0.551683 0.0172016 0.306751 0.317043 0.627559 0.195012 : 0.6
0.483367 -0.284327 0.696769 -0.369446 1 -0.337688 0.364372 -0.690783 0.428511 : 0
0.552715 0.382723 0.832254 -0.725962 -0.123035 -0.495907 0.194584 0.548571 0.0849376 : 0.4
0.632947 0.220217 0.78222 -0.924992 0.215258 -0.371605 0.832383 -0.337538 0.409837 : 0.3
0.443438 0.550188 0.848356 -0.464196 -0.0508908 -1 -0.529241 0.840706 0.695947 : 0.2
0.586855 0.223075 0.924291 -0.171122 -0.166421 0.257866 0.800472 0.260732 -0.898379 : 0.4
0.812708 0.638934 0.868327 -0.315393 0.000858806 -0.0267485 0.335782 0.596433 -0.52295 : 0.5
0.676781 0.647841 0.753185 -1 0.161982 -0.732687 -0.378387 0.797357 -0.741193 : 0.4
0.566 0.402336 0.829544 -0.60981 0.0694855 -0.400738 0.23278 0.617575 0.637329 : 0.5
0.859375 0.353744 0.959994 -0.078377 0.0897095 -1 -0.442143 -0.182726 -1 : 0.5
0.690291 0.504703 0.869771 0.381634 -1 -0.642808 0.422375 -0.321044 -0.712609 : 0.2
0.688919 0.48932 0.987079 -0.988093 -0.710105 -0.345806 -0.399456 -0.627849 0.491804 : 0.5
0.522835 0.874396 0.764467 -0.0792994 -0.109737 0.0148595 1 -0.268201 0.124427 : 0.1
1 0.596701 0.803853 -0.986427 1 -0.243578 0.683885 0.495563 -0.361236 : 0.7
0.856348 0.571715 1 -0.527502 -0.0492829 -0.225121 -0.516574 0.649024 0.101366 : 0.3
0.819792 0.804524 0.978995 -1 0.967479 -0.929327 0.127449 -0.164776 -0.0194155 : 0.3
0.607027 0.516913 0.988295 -1 -0.959245 -0.129277 -0.784543 0.697429 0.579772 : 0.2
0.674298 0.39739 0.940832 -0.33837 -0.136335 0.590239 -0.245892 -0.75366 0.767735 : 0.2
0.38965 0.442716 0.890054 -0.447833 0.490215 -0.76623 0.724343 0.526095 0.411777 : 0
0.672779 0.725688 0.831361 -0.345801 0.324713 -0.0798481 0.355955 0.605912 0.333116 : 0.1
0.589738 0.25007 0.798654 -1 -0.582256 -0.256235 0.366195 0.466293 0.652518 : 0.6
0.778969 0.586109 0.832808 -0.39452 -0.031842 0.735527 1 0.0322163 -0.594913 : 0.3
1 0.494039 0.992737 -0.241117 -0.198664 -0.768594 0.791272 -0.628845 -0.497515 : 0.1
0.627386 0.6536 0.939433 -0.60179 -0.233791 -0.128668 0.531918 0.468915 -0.732875 : 0.5
0.300076 0.337671 0.792861 -0.55664 -0.23273 -0.762743 0.2808 -0.0257111 0.205281 : 0
0.841418 0.183231 0.742766 -0.962304 -0.248401 -0.166785 -0.179135 0.399673 -0.0167982 : 0.2
0.748151 0.630585 0.763998 -0.905343 1 -1 0.368787 1 0.172924 : 0.5
0.41763 0.540455 -0.218262 -0.580732 -0.462312 -1 0.495747 -0.0378337 1 : 0
0.454287 0.419363 1 -0.935516 -0.507939 0.368143 0.714715 0.709638 0.200938 : 0.4
0.606191 0.505166 0.875874 -0.690127 0.37811 -0.84209 0.730196 -0.411164 0.850307 : 0.4
0.842535 0.344428 0.777337 -0.412768 -0.0852914 -0.335026 0.624326 1 0.268728 : 0.4
0.989101 0.230501 0.93599 -0.147128 0.0502913 -0.508583 -0.489603 0.517911 0.601962 : 0.5
-0.25745 0.531353 0.911067 -0.409415 -0.156436 -0.824362 1 -0.0970058 0.251866 : 0
0.634056 0.484445 0.9162 0.130484 0.0588229 -0.446175 -1 0.425884 -0.0754025 : 0.2
0.74578 0.602918 0.783621 -0.683039 -0.348699 -1 -0.06315 -0.196364 -0.660494 : 0.3
0.562605 0.568121 0.92445 -0.897366 0.111818 -0.50117 0.666816 0.494574 0.173595 : 0.6
0.602564 0.352031 0.662961 -0.481167 -0.495819 -0.509953 -0.0307073 0.516464 0.432747 : 0.3
0.568202 0.675281 0.878728 -0.690522 0.0897163 -0.372865 0.135906 0.761001 0.523054 : 0.3
0.528461 0.425728 0.892491 -0.61984 -0.381238 -1 -0.41 -0.420938 0.678336 : 0.4
0.792766 1 0.887496 -0.539158 -0.320114 -0.204975 -0.358055 -0.0152191 0.270507 : 0.1
0.569851 0.694921 1 0.0410761 0.724495 -0.936934 -0.0736743 0.229877 -0.474193 : 0.1
0.634085 0.598532 0.754084 -0.0863602 -0.0285847 -1 0.0599204 -0.461572 0.0428996 : 0.1
0.525384 0.605292 0.914107 0.163922 -0.325698 -0.67165 1 -0.100146 0.510014 : 0.3
0.523442 0.443047 0.890451 -0.506624 0.0552005 0.0426376 -0.0575102 0.43478 0.91469 : 0.6
0.932123 0.242603 0.933384 -0.780039 0.00427451 0.288319 0.591045 0.172807 0.592481 : 0.7
0.559189 0.787845 0.919089 -0.699447 -0.28249 -0.482435 0.289426 -0.370774 0.345965 : 0.1
0.693411 0.743534 0.839667 -0.78104 -0.427377 -0.513153 0.503922 -0.442212 0.375927 : 0.2
0.743329 0.678093 0.929172 -0.211237 0.0947945 -0.777568 0.352755 0.0185469 0.00719406 : 0.3
0.369085 0.643788 0.968037 -0.563802 0.498585 -0.540733 0.063671 0.652339 0.993221 : 0
0.674578 0.612278 0.694419 -0.727272 0.25755 -0.784027 0.675789 -0.397594 0.055177 : 0.5
0.326149 0.401035 0.974522 -0.756132 0.2159 0.717612 0.863708 0.61679 -0.118241 : 0.2
0.736256 0.134371 0.718197 -0.261154 -0.594342 -0.273658 0.305708 -0.0453816 0.304042 : 0.4
0.850169 0.401582 0.957638 -0.211767 0.0887288 -0.947114 0.543242 -0.0975671 0.761725 : 0.3
0.630655 0.642191 0.829673 -0.511379 -0.895836 -0.10737 0.447838 0.581059 0.256134 : 0.2
0.609829 0.756525 0.925836 0.42547 0.145171 -0.580093 -0.593707 0.556263 -1 : 0.2
0.415571 1 0.836178 -0.0919927 0.429499 -0.192743 1 0.612095 0.201363 : 0
0.756882 0.813764 0.946023 -0.807856 -0.244813 -0.00769639 0.650838 0.220283 -0.264986 : 0.5
0.983923 0.087976 0.565135 -0.073838 0.190574 -0.635967 1 0.491124 0.607342 : 0.3
0.584475 0.908795 0.855593 -0.29916 0.219708 -0.56626 0.663947 0.151575 -0.349456 : 0.2
1 0.882432 0.950024 -0.74382 0.703599 -0.0832455 1 0.0513079 0.498786 : 0.4
0.620213 0.51038 1 -0.643952 -0.414662 0.296923 -0.844246 0.257341 -0.215377 : 0.4
0.871182 0.465345 0.962709 -0.273687 1 -0.160182 0.553198 0.693669 0.0552971 : 0.2
0.627518 0.652398 0.898755 -0.559113 0.60478 -0.916903 0.537826 0.490037 -0.0705512 : 0.4
0.80808 0.634448 0.975044 -1 -0.0887785 -1 0.635707 0.461739 0.191633 : 0.2
0.737936 -0.11312 0.882591 -0.517171 0.52842 -0.185653 0.847467 0.722047 -0.107836 : 0
0.405233 0.58856 0.731898 -0.870471 -0.436421 -0.306416 0.78294 0.340599 0.217065 : 0.2
0.683654 0.461281 0.856567 0.501058 0.0184886 -0.594429 0.480694 0.546598 0.244711 : 0.2
0.569286 0.275489 0.775685 -0.048427 -0.37858 -0.454962 0.0844696 0.467009 0.828453 : 0.4
0.466493 0.535309 0.663375 -0.614393 0.507662 -0.453973 0.123439 0.580607 -0.0198394 : 0.2
0.583188 0.62709 0.855686 -0.546829 -0.487931 -0.0989932 0.504401 0.676166 -0.186155 : 0.5
1 0.208075 0.924862 -0.363946 -0.3328 -0.408101 0.656958 1 0.404789 : 0.3
0.781174 0.391709 1 -0.39591 0.350051 -0.686867 -1 0.451773 -1 : 0.3
0.65421 0.423218 0.928668 0.0117972 -0.885 -0.412823 0.482254 0.833139 0.221408 : 0.3
0.711301 0.973097 0.829784 0.336879 -0.535733 -0.635511 0.346811 0.911909 0.699372 : 0.2
0.668774 0.423174 0.835455 -0.993929 1 -0.386485 1 0.691256 1 : 0.3
0.745363 0.575638 0.841645 -0.461354 -0.180954 0.0487385 0.305494 1 0.163886 : 0.5
0.229559 0.224401 0.911722 -0.55408 -0.23621 -0.479711 -0.801592 0.473818 0.432143 : 0.3
0.574693 0.194911 0.779082 -0.397467 -0.027065 -0.60498 -0.319293 0.510081 -0.733311 : 0.5
0.579401 0.71256 0.970339 -0.10282 0.0810089 -0.681013 1 -0.546378 0.0283753 : 0.1
0.657918 0.467966 0.969139 -0.294915 -1 -0.582513 -0.190136 0.426334 0.779925 : 0.4
0.642926 0.162349 0.804657 -0.0754555 -0.39812 -0.059423 0.4723 -0.117865 0.123277 : 0.3
0.882421 0.413223 0.759885 -0.384076 -0.901466 -0.619064 0.0112373 1 0.435257 : 0
0.804038 0.410369 1 -0.632216 0.314423 -0.641018 0.454686 0.873747 0.127623 : 0.6
0.521423 0.33028 0.912376 -0.566282 0.672076 -0.0546007 0.440175 0.511396 0.12309 : 0.4
0.751764 0.835633 0.929663 -0.602571 0.820932 -0.792614 0.170595 -0.156377 -0.0766499 : 0.1
0.629653 0.049686 0.904637 -0.538747 0.894984 -0.11986 -0.177747 0.59992 -1 : 0.3
0.571913 0.639747 0.953349 -0.628531 0.129604 -0.0661416 -0.0974832 0.39904 0.0647504 : 0.3
0.576435 0.284979 1 -0.51389 -0.374309 0.224547 0.212225 -0.352087 -0.419145 : 0.4
0.571947 0.25121 0.708179 -0.912886 -1 -0.508102 1 0.715028 0.696436 : 0.2
0.721906 0.417765 0.944294 -0.0960804 -0.135581 -0.485608 0.601962 0.771313 -0.0362932 : 0.7
0.528963 0.735964 0.921332 0.045908 -0.0758114 -1 0.835958 0.485093 0.702361 : 0.1
0.480741 0.465437 0.847365 -0.399908 -0.232348 -0.718305 1 -0.40291 0.353175 : 0
0.273372 1 0.820449 -0.892477 1 -0.726536 0.205936 0.718965 0.996141 : 0.2
0.759643 0.143327 1 -0.464609 -0.562596 -1 0.843035 0.463236 1 : 0.1
0.748022 0.104513 0.919195 -0.320419 -0.0227323 -0.511409 0.318602 0.558261 0.121787 : 0.5
0.402443 0.0779946 -0.711096 -0.417001 0.331002 -1 0.702074 -0.207921 0.528482 : 0
0.674998 0.317134 0.797793 -0.531542 -0.345544 0.161977 -0.442873 0.0824581 -0.636731 : 0.2
0.226413 0.410166 0.758404 -0.600494 -0.425041 -1 0.318321 0.20944 0.114272 : 0
0.684844 0.823454 1 -0.41374 0.566251 -0.382095 -0.651523 0.173692 0.0260855 : 0.1
0.817597 -0.0651751 0.879251 0.698307 -0.905274 -0.841715 0.971085 0.960127 -0.0303756 : 0
0.732919 0.4671 0.937275 0.0111423 -0.111928 -0.302928 0.651843 0.771942 -0.211689 : 0.5
0.479235 0.288567 0.770166 -0.283286 0.388237 -0.13552 1 -0.555029 0.106861 : 0.1
0.875165 0.370273 0.733309 -0.725255 0.147475 0.792285 0.449644 0.405521 -0.35418 : 0.2
0.691432 0.543038 0.898954 -0.842963 -0.33975 0.244116 0.484883 0.1922 0.976814 : 0.4
0.564997 0.157136 0.823201 -0.788731 -0.6419 -1 0.461774 0.427108 0.0337712 : 0.2
0.513857 0.229473 0.905334 -0.254116 -0.223292 -0.85564 0.489863 -0.45855 0.342636 : 0.4
0.757185 0.506364 0.958079 -0.631199 -0.459811 -0.45158 0.673779 0.325342 0.241228 : 0.6
0.692647 0.365802 0.832287 0.168347 -0.226229 -0.556808 0.529844 0.322427 0.359633 : 0.6
0.760834 0.289533 0.73053 -0.583261 0.22834 -1 0.30533 0.782025 -0.559383 : 0.4
0.532578 0.482556 0.874068 -0.739869 -0.533534 -0.7265 0.471201 0.720292 0.276384 : 0.5
0.699031 0.48225 0.850578 -0.246824 -0.322153 -0.668246 1 0.258761 1 : 0.2
0.640236 0.513981 0.95324 -0.376381 0.115051 -0.0825634 0.305314 0.309421 -0.149145 : 0.5
0.790694 0.263125 0.733269 -0.682083 -0.4226 -0.791418 -0.0790521 -0.35752 0.925264 : 0.5
0.695413 0.289904 0.85089 -1 -0.279591 -0.258811 0.826968 -1 -0.420141 : 0.4
0.628505 0.616852 0.863898 -0.0917015 -0.0552133 1 -0.467419 0.904308 -0.353441 : 0.1
0.364406 0.829446 0.886168 -0.461828 0.365211 -0.376205 0.607177 0.405253 -0.72908 : 0.1
0.939672 0.97215 0.636794 0.14494 -0.100543 -0.385112 0.631331 1 -1 : 0.1
0.544486 0.523322 0.868898 0.299352 -0.515477 -0.796167 0.817576 0.497401 -0.460434 : 0.1
0.768546 0.411845 0.819364 -0.571903 0.787559 -0.686678 0.47949 0.579127 -0.887194 : 0
0.768965 0.722345 0.995933 -0.886002 1 -0.0775949 0.119239 0.19563 0.0322177 : 0.1
0.748201 1 0.83984 0.152488 -0.299679 -1 0.80149 0.94918 -0.0392442 : 0
0.639324 0.331746 0.879475 -0.822642 0.34159 1 0.289756 1 -0.766345 : 0.2
0.633169 0.23061 0.838675 -0.618202 0.23642 -0.51053 0.891994 0.995787 0.906453 : 0.4
0.644917 0.469012 0.993584 -0.80606 -0.0771496 -1 -1 0.517722 0.531803 : 0.4
0.626032 0.17865 0.902321 -0.142147 -0.340926 -0.397318 1 0.510369 0.983383 : 0.5
0.698376 0.477131 0.935807 -1 -0.0355372 -0.519426 0.0914008 -0.180818 0.211432 : 0.4
0.80455 0.307221 1 -0.507869 -0.349951 -0.260424 0.220065 0.666526 0.588771 : 0.2
0.317849 0.57452 0.76256 -0.31258 0.0869826 -0.485859 -1 0.49922 0.507134 : 0.1
1 0.615353 0.90005 0.403914 -0.32623 -0.94907 0.241008 0.336754 -0.245927 : 0.5
0.605141 0.394797 0.751779 -0.559369 0.204139 -0.617992 0.362048 0.294812 -0.832187 : 0.6
0.587417 0.223243 0.696394 -0.182393 0.0586978 -0.042308 -1 0.72991 0.740595 : 0
0.744185 0.457688 0.977394 -0.295584 0.3809 -0.625467 0.337586 0.612779 0.0421823 : 0.4
0.354156 0.235479 0.92666 -0.757546 -1 0.0892705 0.315645 0.34935 0.408646 : 0.2
0.663501 0.523524 0.897245 -0.263716 -0.00302258 -0.0946697 0.365469 0.00266689 0.911627 : 0.5
0.79588 0.481933 0.949851 -0.935623 -0.271375 -0.0514261 0.340919 0.810069 0.779591 : 0.2
0.710166 0.260429 0.910008 0.108311 0.516542 -0.0640147 0.418811 0.864922 0.642307 : 0.5
0.612875 0.827258 0.924737 -0.51473 -0.0126629 0.891504 -0.95075 0.0453597 0.66525 : 0.3
0.792658 -0.17158 1 -0.440792 -0.268653 -0.701886 -0.209357 0.512992 -0.168794 : 0
0.77247 0.478605 0.849235 -0.48684 -0.122302 -0.754878 -0.265702 -0.189628 0.115174 : 0.3
0.782343 0.661331 0.774749 -0.759191 0.36273 -0.68044 0.0877757 0.658758 0.883076 : 0.2
