0.63768 0.457116 0.827723 -0.572508 0.416526 -0.343171 1 0.0489085 0.509861 : 0.1
0.540956 0.314798 0.61084 -0.61702 -0.526528 -0.163018 0.286058 0.706711 -1 : 0.3
0.723828 0.344863 0.787478 -0.0658715 0.204332 -0.338894 0.837058 -0.224379 -0.141334 : 0.2
0.47425 0.87105 0.780241 0.273145 -0.0900337 -0.232229 0.12537 0.35142 0.499865 : 0
0.433518 1 0.889146 -1 0.107558 0.0482757 0.228476 -0.279297 -0.12848 : 0.1
0.65404 0.290357 0.881248 -0.74439 -0.380495 0.779872 0.512936 0.482328 -1 : 0.1
0.635512 0.659142 0.905758 -0.703432 -0.455392 0.107444 0.395894 0.531992 0.489461 : 0.4
0.574713 0.321757 0.883065 -0.559232 -0.528855 -0.0644199 1 0.117843 -0.199664 : 0.4
0.925018 0.431182 0.97563 -0.586422 -0.0791182 -0.157974 1 0.608309 1 : 0.6
0.761588 0.548141 0.887355 -0.471831 -0.285969 -0.447901 -0.0696874 -0.0538967 0.478694 : 0.5
0.474841 0.505841 0.774583 -0.783777 1 0.384437 0.80233 0.431381 -0.465374 : 0.2
0.669481 0.426332 0.955063 -0.509511 -1 -0.563409 0.346913 -0.121065 -0.555353 : 0.3
0.771022 0.429744 0.843092 0.109668 -0.0309105 -0.326155 -1 0.666484 -0.15788 : 0.4
0.54274 0.4197 0.875987 -0.683269 0.359862 -0.512823 0.914364 0.409599 0.595173 : 0.3
0.779731 0.436237 0.764409 -0.753944 -0.0451463 0.044894 0.870691 0.345918 1 : 0.5
0.883365 0.489683 0.998314 -0.944986 -0.588423 -0.629108 0.9251 0.135057 1 : 0.1
0.653973 0.464563 0.827404 -0.720883 -0.398013 -0.301416 0.538282 -0.720324 0.476549 : 0.3
0.561826 0.177702 0.869684 -0.739239 -0.0229551 -0.272501 -0.0729566 0.723726 0.956454 : 0.3
0.633041 0.330126 0.898654 -0.855898 -0.256129 -0.00785074 0.140028 1 0.383904 : 0.5
0.600663 0.0206078 0.995588 -0.722206 0.307983 -0.0683167 0.625883 0.106068 -1 : 0.6
0.728984 0.408119 0.80638 -0.391455 -0.228249 0.222083 0.627983 0.664697 0.937084 : 0.2
0.534778 0.360071 0.632015 -0.575059 -0.354626 0.625116 0.989318 0.423977 -0.553424 : 0.1
0.743619 0.230682 0.984357 -0.667578 -0.47808 0.416912 -0.010928 0.385093 0.347252 : 0.6
0.627677 1 0.595167 -0.456699 -0.548374 0.518348 -0.509593 0.588929 0.254488 : 0.2
0.558998 0.37675 0.858599 -0.408521 -0.42886 0.231329 -0.459884 -0.5715 0.246575 : 0.1
0.659985 0.352504 0.928214 1 0.198933 -0.26556 0.0411804 0.740945 0.578043 : 0
0.565972 0.37604 0.893401 0.763878 -0.365286 -0.305152 0.33825 0.330643 -0.320644 : 0.3
0.539266 0.213321 0.930833 -0.612212 -0.119947 -0.595062 0.0752012 -0.69605 0.101778 : 0.2
0.66168 0.454889 0.868653 -0.875281 -1 -1 0.822328 0.163292 -0.117243 : 0
0.536422 0.424 0.802234 0.534745 -0.258667 -0.302358 -0.530962 0.82619 0.403935 : 0.3
0.835405 0.389799 0.814715 -0.557597 -0.565824 -0.698695 0.789519 0.899129 -1 : 0.1
0.605917 0.446554 0.855294 -0.908819 -0.352534 0.00590181 0.764417 0.326081 0.0555104 : 0.3
0.667837 0.224232 0.86959 -0.496781 0.0346997 -0.296754 0.511509 0.990494 0.614074 : 0.5
0.501846 0.5082 0.969217 -0.924657 0.358157 -0.720919 0.811116 -0.0238655 -0.172661 : 0.5
0.686093 0.340711 0.791762 -0.237439 0.205398 -0.0318178 -0.669603 0.113216 0.887983 : 0.5
0.701616 0.483768 0.930283 -1 0.413616 -0.0721951 1 0.125122 0.316079 : 0.7
0.681341 0.396496 0.85317 0.458579 -0.806211 -0.284796 0.922999 -0.781263 -0.157557 : 0.3
0.625829 0.501986 0.789856 -0.237004 -0.491103 -0.363501 1 -0.282294 1 : 0.5
0.635605 0.359602 0.859941 -0.0708029 0.258345 0.348718 0.589577 0.0741121 0.101441 : 0.3
0.692956 0.317253 0.826885 -0.692093 -0.398332 -0.478501 -0.825094 0.550242 -0.300019 : 0.5
0.731282 0.322867 0.850173 -0.569787 -0.387297 0.256162 0.650139 0.711253 -0.155115 : 0.4
0.535121 0.220478 0.989909 0.134918 -0.204205 -0.366819 0.603342 -0.303098 -0.683092 : 0.4
0.667172 0.281742 0.655991 -0.136227 0.769771 -0.281085 1 0.740439 0.33587 : 0.2
0.383863 0.64649 0.923104 -0.472168 -0.220194 0.180414 -0.368318 0.122878 0.306103 : 0.1
0.649509 0.269813 0.949354 -0.489081 -0.292233 0.214468 1 -0.596202 -0.810611 : 0.6
0.563033 0.286409 0.675987 -0.479925 -0.17708 -0.791759 -0.040198 -0.797014 -0.226298 : 0.4
0.520132 0.238954 1 -0.795613 -0.534352 -0.332998 0.470889 -0.293876 -0.386884 : 0.4
0.708977 0.135016 0.789178 -0.465032 -0.123232 -0.165061 0.50293 -0.0941142 0.91586 : 0.3
0.70616 0.36179 1 0.0655978 -0.0605612 -0.534593 -0.321779 0.0895837 0.647368 : 0
0.974353 0.130175 0.840396 -0.893451 -0.493156 -0.519644 0.485986 0.872441 -0.420487 : 0.2
0.711109 0.356298 0.77002 -0.673054 -0.252224 -0.309838 0.458397 -0.186522 -0.978183 : 0.3
0.548866 0.437376 0.879659 -0.919616 -0.0846574 -0.322408 0.173524 -0.509943 0.197435 : 0.3
0.707827 0.434693 0.987072 -0.796612 -0.496816 0.742778 -0.172446 0.406948 -0.0901849 : 0.3
0.794896 0.336965 1 -0.572404 0.079047 0.149226 0.460487 0.59875 -0.200794 : 0.6
0.615838 0.414464 0.933576 -0.71355 -0.748174 -0.560692 0.0817146 0.614678 -0.652421 : 0.3
0.646175 0.229877 0.978232 -0.0340952 0.275616 -1 -0.0504177 0.319086 -0.677414 : 0.2
0.713098 0.479345 0.991073 -0.47183 -0.212435 -0.513585 0.508811 0.673423 -0.180845 : 0.6
0.626953 0.318868 0.89351 -0.512067 0.314155 -0.680433 0.608026 0.122635 0.0198521 : 0.5
0.547154 0.426271 0.866749 -1 -0.0285065 -0.37144 1 0.928346 0.728404 : 0.1
0.543534 0.300167 0.833789 -0.787891 -0.596632 -0.691235 0.302909 0.11494 -0.00716655 : 0.4
0.559486 0.383321 0.92905 -0.745121 -0.516928 -0.384726 1 0.678336 0.424634 : 0.3
0.593445 0.191076 0.737888 -0.709921 -0.363883 -0.267182 0.452896 0.773074 -0.0170435 : 0.3
0.708453 0.309986 0.895873 -1 -0.272427 -0.693558 -0.488227 0.233597 0.342342 : 0.5
0.616186 0.418312 0.867553 -0.269686 -0.403573 0.00615534 0.534582 -0.33035 -0.107455 : 0.4
0.563705 0.308917 0.659611 -0.97017 -0.240502 0.457193 0.425098 0.833547 -0.696295 : 0.4
0.595601 0.425906 0.951079 -0.639966 -0.597824 -0.613903 1 0.500103 -0.250808 : 0.6
0.627972 0.939979 0.886887 0.274298 0.12609 -0.0838987 0.162815 0.012354 0.660307 : 0.3
0.831068 0.504959 0.880386 -0.870941 0.101163 -0.0614406 0.988967 1 1 : 0.2
0.94397 0.329942 0.893589 -0.718449 -0.676491 -0.392991 0.913667 0.126838 -0.717579 : 0.1
0.628671 0.382473 0.950512 -0.611074 -0.373332 -0.0148116 0.480619 0.594203 -0.326528 : 0.5
0.908521 0.556829 0.7754 -0.673085 -0.131999 -0.0184877 0.431006 0.746632 0.703764 : 0.2
0.437189 0.440266 0.848119 -0.716665 -0.242179 -0.297626 0.14998 -0.0201122 -0.164417 : 0.3
1 0.519977 0.797043 -0.711438 0.0820454 -0.223442 0.414969 0.216672 0.274627 : 0.5
0.860143 0.352705 0.784758 -0.676038 -0.190959 -0.231333 0.695097 0.270779 0.0378596 : 0.5
0.624969 0.529335 0.850997 -0.989281 -0.211497 -0.0153695 -0.27876 -0.0920272 0.108484 : 0.5
0.633937 0.286728 0.932424 -0.698786 -0.462536 0.164818 0.634225 0.858142 0.287695 : 0.3
0.570039 0.128267 0.898407 -0.845635 -0.564088 -0.251543 1 0.46348 -0.085037 : 0.3
0.566857 0.417877 1 -0.806163 -0.801904 -0.165673 0.995412 -0.482839 0.24462 : 0.4
0.711647 0.291347 0.883119 -0.640832 -0.250694 -0.167698 1 1 0.741068 : 0.3
0.310783 0.49391 0.938737 -0.580921 -0.280342 -0.452878 0.812141 -0.219912 -0.396808 : 0
0.660268 0.245905 0.899813 -0.53179 -0.140366 -0.173012 1 -0.0985196 0.551296 : 0.6
0.592099 0.381432 0.929772 -0.468015 -0.503352 -0.225603 0.259473 0.160567 -1 : 0.2
0.645833 0.293892 0.948449 -0.94134 -0.025314 -0.290185 0.0616266 -0.292678 -0.336307 : 0.1
1 0.303729 0.930747 -0.742619 -1 0.0728577 0.504339 -1 -0.0973863 : 0.3
0.618803 0.437865 0.896317 -0.667779 0.111239 -0.596804 0.51017 0.245082 -0.266001 : 0.5
0.886301 0.392223 0.873911 -1 -0.322091 0.32465 0.695076 -0.908117 0.11782 : 0.4
0.572033 0.347645 0.953283 -0.983347 0.191406 -0.71124 0.495775 0.109346 -0.0911002 : 0.2
0.854362 0.467506 0.912975 -0.815595 -0.082283 -0.746413 -0.545682 0.263749 0.0150803 : 0.4
0.70019 0.475227 0.759801 -0.784358 -0.919096 0.546081 0.793298 0.768304 0.653953 : 0.3
0.909437 0.633496 0.848686 1 -0.477473 0.164913 0.932009 0.0280132 -0.95568 : 0.1
0.430831 0.374768 1 -0.775553 0.420479 0.305091 0.369669 0.202817 0.423549 : 0.3
0.597927 0.31769 0.890701 -0.662788 0.560937 -0.677845 0.0477776 0.116806 -0.191604 : 0.1
0.795632 0.481877 1 -0.625957 -0.574161 -0.369811 0.843272 0.75753 0.867428 : 0.3
0.519459 0.274194 1 -0.736103 -0.738528 0.182358 0.966292 0.515088 -0.308412 : 0.2
0.860062 0.348003 0.862408 -0.548093 -0.245552 0.465288 0.898431 -0.693897 0.360477 : 0.3
0.556819 0.0181536 0.964906 -1 -0.158107 -0.786177 -0.822815 -0.454722 0.0510473 : 0
0.57656 0.3151 0.857498 -0.646111 -0.707682 1 0.397511 0.309008 -0.230704 : 0.3
0.595164 0.359382 0.864502 -0.280608 -0.765312 -0.660241 0.639995 -0.68224 0.871851 : 0.4
0.559727 0.311159 0.829336 -0.245351 -0.16296 -0.464944 0.975941 0.406367 0.851206 : 0.1
0.90666 0.312646 1 -0.80194 -0.0106143 -0.333786 0.570994 -0.390735 0.660322 : 0.5
0.833014 0.436607 0.840383 -0.882291 -0.371032 -0.598129 0.448299 -0.586574 0.0760348 : 0.4
0.851426 0.350854 0.825538 -0.770083 -0.292948 -0.578936 0.371084 0.836729 0.398282 : 0.5
0.632287 0.280015 0.781722 -0.180262 -0.28898 0.144971 0.862407 -0.951465 0.13851 : 0.4
0.725461 0.34072 0.959005 -0.795408 0.144639 -0.273301 -0.497711 -0.320825 -0.26438 : 0.4
0.62609 0.124097 0.59872 -0.628718 0.363417 0.69322 0.351546 0.533681 1 : 0.1
0.790291 0.473702 1 -0.447217 0.735303 -1 0.672127 0.77084 0.018823 : 0.1
0.738642 0.397099 0.919242 -0.29946 0.418263 1 0.274861 0.387683 1 : 0.3
1 0.0556522 0.866351 -0.48826 -0.537471 1 -0.269507 -0.739886 0.245081 : 0.1
0.841497 0.248116 0.782223 -1 -0.279977 -0.166877 0.931238 0.954297 -0.493452 : 0.5
0.609255 0.340777 0.776331 -0.274315 0.130246 0.300336 0.718704 0.573962 -0.884778 : 0.2
0.769138 0.37953 0.806819 -0.248051 -0.719117 -0.335585 0.267789 0.111537 0.641714 : 0.1
0.627626 0.344397 0.737973 -0.316715 -0.309011 0.18032 0.243422 0.635933 -0.888962 : 0.5
0.700531 0.317443 0.928788 -0.500545 0.282502 0.510609 -0.488708 0.040577 -1 : 0
0.74021 0.38932 1 0.539576 -0.479499 -0.43179 0.525878 0.748894 -1 : 0.3
0.606928 0.329276 0.770189 0.362586 -1 -0.461607 0.999818 0.819237 -0.660731 : 0.2
0.658165 0.342612 0.814481 0.00346363 -0.790894 -0.131269 0.212663 0.648275 -0.34602 : 0.3
0.75531 0.502326 0.968937 -0.633235 -0.226986 -0.6304 0.9392 1 0.978061 : 0.6
0.578238 0.316276 1 -0.0336545 0.140096 -0.191819 0.505706 1 -0.436673 : 0.2
0.656573 0.500208 0.921041 -0.0881322 -1 -0.555206 -0.612808 0.771223 0.72503 : 0.1
0.57927 0.344156 0.540525 -1 -0.488374 -0.405306 0.4602 0.292892 0.317143 : 0.5
1 0.351274 0.986097 -0.709826 -0.823038 -0.48291 0.796697 0.127212 0.0547984 : 0.4
0.713172 0.531003 1 -0.577016 -0.515226 -0.354866 1 0.976522 -0.045259 : 0.3
0.644754 0.272349 0.906449 -1 0.0469437 0.0374162 -0.708377 0.855749 -0.4914 : 0
0.639051 1 0.901072 -0.240826 -0.159897 -0.0322805 0.944215 0.294292 0.374896 : 0.2
0.714999 0.782444 1 -0.098772 0.245512 0.0172089 0.534869 0.0528561 0.461815 : 0.2
0.775889 0.393797 0.955465 -0.912016 -0.490505 -0.252143 0.929254 0.232867 -0.281159 : 0.4
0.658046 0.339534 0.826891 -0.767416 -0.051103 -0.776094 -0.0505741 0.327646 0.997694 : 0.5
0.796798 0.71701 0.950643 -0.53475 -0.638124 -0.0331586 0.607939 0.500769 0.180375 : 0.7
0.562051 0.297915 0.991788 0.205517 -0.279472 -0.696144 0.792662 0.963717 0.788586 : 0.4
0.650609 0.352828 0.771235 0.70888 -0.293335 0.370897 0.426508 -0.521657 -0.250185 : 0.1
0.762966 0.401801 0.843703 -0.144438 -0.795521 -0.200226 0.980992 0.994162 -0.837239 : 0.2
0.368773 0.319936 0.79072 -0.568897 0.127396 1 0.910863 0.444966 -0.0307316 : 0.3
0.656789 0.888228 0.762313 -1 -0.123424 0.138939 0.824779 -0.173386 0.454985 : 0.3
0.615891 0.300463 0.859407 -0.663039 -0.23274 -1 0.0540207 -0.0480173 -0.107166 : 0.5
1 0.363689 1 -0.183979 -0.424644 -0.329885 0.853744 0.463727 0.789805 : 0.2
0.295819 0.318953 0.793515 -0.460827 0.487186 0.38841 0.830702 0.0264183 0.30157 : 0.3
0.531391 0.530378 0.843703 -0.86242 -0.131276 -0.0396228 1 0.134755 -0.274722 : 0.4
0.729756 0.312107 0.621787 -0.579995 -0.222371 -0.365494 1 0.793384 -0.0159051 : 0.1
0.701469 0.142628 0.775256 -0.696626 0.672733 -0.35271 0.578763 0.0596138 -0.173387 : 0.3
0.635928 0.396104 0.925742 -0.323686 -0.263582 -0.313444 -0.400659 0.164303 -1 : 0.5
0.637307 0.688355 0.418635 0.107052 -0.441062 0.908819 0.530104 1 0.754845 : 0.3
0.714036 0.338551 0.995411 -0.708035 0.575658 -0.432753 1 0.311818 0.3204 : 0
0.746456 0.231485 0.792858 -0.700715 -0.539271 -0.498097 -0.676372 0.853488 -0.233324 : 0.4
0.699285 0.530338 1 -0.186772 -0.275803 -0.0981806 1 1 0.198371 : 0.4
0.606028 0.377712 0.832803 -0.243508 -0.120715 -0.220774 1 0.0678907 0.807275 : 0.4
0.582926 0.345241 0.915915 -0.924988 -0.463873 0.301637 0.987717 0.992512 0.795746 : 0.1
0.566712 0.425797 0.941577 -1 0.3464 -0.455682 -0.766186 0.26896 0.974518 : 0.4
0.57854 0.302256 0.894102 -0.817702 -0.335036 0.104818 0.860117 0.0756699 -0.367715 : 0.6
0.634302 0.398135 0.874529 -0.207146 -0.172416 0.488232 0.573382 0.343681 1 : 0.6
0.579665 0.164395 0.871521 -0.76339 -0.178198 0.223246 1 0.0844887 0.738025 : 0.6
0.791301 0.297661 0.917131 -0.248662 -0.25079 -0.471741 0.764211 0.654428 0.622158 : 0.3
0.767141 0.557846 0.790398 -0.0523783 -0.0912635 -0.36167 0.86746 -0.171228 -0.311299 : 0.4
0.696171 0.252556 0.790025 -0.508344 -0.294885 -0.452275 0.657264 1 0.129383 : 0.3
0.748731 0.469497 0.943281 -0.592985 -0.0757651 -0.494795 1 0.745932 0.7396 : 0.7
0.869283 0.26445 0.835987 -0.385704 0.199808 -0.259231 0.01437 0.0978556 0.615948 : 0.5
0.649234 0.294871 0.859659 -0.7194 -0.108505 -0.211411 0.591168 0.588207 0.154051 : 0.6
0.392098 0.464306 0.998932 -0.860585 0.0931425 -0.677894 0.587374 0.427904 0.468151 : 0.3
0.696097 0.304365 0.83441 -0.520995 -0.263049 0.00571033 0.860343 -0.0734933 -0.362417 : 0.2
0.743795 0.276323 0.83871 -0.959609 -0.586656 -0.0674517 0.762599 -0.393398 -0.20549 : 0.3
0.635217 0.524017 0.872339 -0.967725 0.33735 0.00464648 -0.441466 0.811756 0.859278 : 0.4
0.612849 0.412119 0.876327 -0.293169 0.419196 -0.100031 0.53047 -0.310861 0.776715 : 0.5
0.601153 0.565534 0.892154 -0.227976 -0.142533 0.124345 0.700926 0.387064 -0.904899 : 0.5
0.663998 0.415365 0.741048 -0.735493 -0.945437 0.505437 1 0.637619 0.329536 : 0.2
0.674034 0.401027 0.898507 -1 -0.868352 0.287729 0.645842 0.651185 0.0379154 : 0.3
0.584669 0.351542 0.994579 -0.884077 -0.420311 0.243295 1 0.600466 0.906501 : 0.4
0.666947 0.410953 0.985007 -0.762273 -0.248013 -0.545457 0.987671 0.0651398 0.0476846 : 0.2
0.383956 0.409639 0.773533 -0.455348 0.450219 0.458464 0.399902 0.964464 -0.343195 : 0.2
0.58304 0.324258 1 -0.610947 -0.192038 -0.162425 -0.564695 0.319957 0.522345 : 0.4
0.703184 0.325273 1 -1 0.144307 -0.0196557 0.587847 0.424513 -1 : 0.7
0.906176 0.359865 0.823398 -0.676553 -0.123545 0.371036 0.557419 -0.371099 -0.529908 : 0.4
0.648312 0.356552 0.874918 -0.441486 0.000385344 0.251074 0.450834 0.0559637 0.74138 : 0.4
0.730727 0.357629 0.677051 -0.289178 -0.122067 -0.391287 -0.433028 0.288599 -0.206889 : 0.6
0.654745 0.265463 0.853032 0.519362 -1 -0.316637 -0.0774695 -0.545551 0.562768 : 0.2
1 0.347826 0.783057 -0.73462 -0.0841472 -0.203433 0.398762 -0.0423232 0.307429 : 0.4
0.726735 0.422734 0.820573 -0.349161 -0.78869 -0.228068 0.599232 -0.27456 -0.368903 : 0.5
0.625142 -0.116836 0.939196 -0.50316 0.0953203 -0.103892 0.815899 -0.0140818 0.443154 : 0
0.779437 0.708072 0.956127 -0.863055 -0.400027 -0.0205303 -0.348105 0.593322 0.027616 : 0.4
0.159496 0.472558 0.820812 -0.698843 -0.992786 -0.333376 0.646995 0.0623312 -0.361637 : 0.1
0.708847 0.92255 0.974719 -0.600001 -0.0422252 -0.706363 0.727167 0.200514 -0.672942 : 0.4
0.633293 0.874849 0.839263 -0.205063 -0.39119 -0.521535 0.407972 0.825128 0.642272 : 0.5
0.717334 0.553922 1 -0.606866 -0.253287 -0.645165 1 0.852335 0.411578 : 0.3
0.770521 0.32832 0.970941 -1 -0.267785 0.364497 0.279629 0.399692 -0.259114 : 0.5
0.577835 0.293495 0.856317 -1 -0.321889 -0.612613 -0.0521802 -0.44262 -0.191205 : 0.6
0.643813 0.429356 0.763621 -0.960591 -0.363763 -0.341926 0.71297 -0.661005 -0.187938 : 0.5
0.671008 0.411899 0.908495 -0.690954 -0.284065 -0.212734 0.0446373 -0.293115 -0.352171 : 0.4
0.642644 0.33057 0.983355 -0.198947 0.167519 -0.250766 0.962426 0.806674 -0.0390464 : 0.5
0.714337 0.45405 1 -0.679931 1 0.504351 0.490869 0.901514 0.546006 : 0.3
0.587148 0.390618 0.92209 -0.863817 -0.0608359 -0.193245 -0.136887 0.0739674 0.474695 : 0.2
0.684187 0.379262 0.836795 0.0110584 0.850617 -0.459272 0.869265 0.0782668 0.193478 : 0.2
1 0.294265 0.863511 -1 -0.499806 0.21894 0.581466 -0.0295684 -0.572813 : 0.2
0.62015 0.657028 0.898056 -0.134976 -0.689506 -0.446475 1 -0.159258 0.398474 : 0.1
0.548918 0.455507 0.839174 -0.378274 -0.224339 -0.237902 1 0.55898 0.55673 : 0.7
0.992107 0.371409 0.892212 -1 -0.435209 -0.170453 0.329671 0.19729 -1 : 0.4
0.725573 0.492735 0.860838 -0.489359 -0.260293 -0.110415 0.801141 0.542561 0.769157 : 0.3
0.736197 0.234823 0.867945 -0.532177 -0.377758 -0.0929424 0.808166 0.944765 0.807682 : 0.5
0.617163 0.491048 0.981626 -0.941638 -0.133151 -1 0.527857 0.71373 -0.367957 : 0.2
0.584291 0.504605 0.974023 -0.373691 -0.521408 -0.709802 0.110314 0.579921 0.814694 : 0.3
0.550631 0.583484 0.883156 -0.600154 -0.311808 -0.249871 -0.579764 0.342111 0.607397 : 0.1
0.6062 0.491978 0.820494 -0.713935 -0.596433 -0.384386 -0.719952 0.502525 -0.175326 : 0.1
0.578792 0.463852 0.868289 0.599647 0.0939977 0.257153 0.298006 -0.423306 0.914576 : 0.4
0.612922 0.429263 0.58385 -0.699101 -0.00743131 -0.150502 1 0.0519387 -1 : 0.2
0.728516 0.239014 0.842422 -0.69274 -0.166864 -0.346189 -0.225753 0.340315 -1 : 0.5
0.503428 0.0464157 0.858414 -0.483787 -0.185193 0.245728 0.486339 -0.0365547 -0.545643 : 0.4
0.78038 0.876799 0.832118 -0.700932 -0.146923 0.653161 0.56758 0.626477 0.109787 : 0.3
0.619634 0.3359 0.757639 -0.177988 -0.916456 -0.25769 0.554881 0.320602 1 : 0.6
0.666979 0.249761 0.841763 -0.602915 -0.282302 -0.182741 0.708846 0.95006 0.286716 : 0.2
0.52874 0.158951 0.886859 -0.438339 -0.546695 0.147832 0.695689 0.279058 0.768557 : 0.4
0.617312 0.288217 0.823704 -0.570008 -0.162997 -0.10834 0.271566 0.659864 0.205336 : 0.5
0.864012 0.358742 1 -0.762575 0.00862897 0.134164 0.405755 -1 -0.404404 : 0.4
0.8139 0.324985 0.824427 -0.220127 -0.962136 -0.295701 1 -0.0824865 0.762486 : 0.1
0.670803 0.462364 1 0.150635 0.130824 -0.631133 -0.253898 0.821189 -0.282279 : 0.3
0.94308 0.735243 0.732774 -0.529878 -0.873095 -0.450334 0.258747 -0.0743861 -0.0279068 : 0.4
0.655719 0.296186 0.853206 -0.406271 -0.162916 0.315889 0.267619 0.240631 0.160246 : 0.6
0.635622 0.37947 0.865533 -0.709792 -0.213928 -0.414097 0.11194 0.487094 0.369491 : 0.3
0.943916 0.63109 0.86695 -0.854569 -0.318248 0.0353738 -0.238614 0.895553 0.537803 : 0.4
0.452742 0.341219 0.781881 -0.821863 -0.235297 -0.0738732 0.67563 -0.965423 0.822673 : 0.3
0.545163 0.336895 0.76612 -0.770571 -0.581448 -0.255348 0.423174 0.281346 0.844318 : 0.5
0.662257 0.542083 0.769041 -0.569718 0.0466268 0.347556 0.67837 0.0520619 0.566573 : 0.4
0.91274 0.966211 0.837201 -0.874928 -0.0170068 -0.0641245 1 0.249299 -0.0899582 : 0.3
0.846313 0.300471 0.844494 -0.453436 -0.339818 -0.0666988 0.000306427 0.703202 -0.0704124 : 0.4
0.719516 0.410976 1 -0.687978 0.665617 0.0720536 0.811583 0.973276 0.784911 : 0.3
1 0.386441 0.961867 -0.237952 -1 -0.681611 0.704458 0.882797 0.260156 : 0.4
0.719308 0.397076 0.845604 -0.867566 -0.181289 0.564561 0.197104 0.0767928 -0.406802 : 0.3
0.551808 0.309753 1 -0.12735 0.269493 -0.233159 0.512621 0.598666 -0.247033 : 0.3
0.562687 0.353597 0.921149 -0.9021 0.590819 -0.712883 0.52353 0.599798 0.650588 : 0.4
0.515813 0.366129 0.624594 -0.579418 0.546568 -0.448501 1 0.963151 0.642286 : 0.2
0.962211 -0.206952 1 -0.899135 0.124944 -0.142245 1 0.769286 -1 : 0
0.480377 0.292525 0.914983 -0.48122 -0.664393 -0.594173 0.851099 0.0771748 0.0861454 : 0.3
0.83974 0.32832 0.840966 -0.398142 -0.262424 -0.19794 0.873907 1 0.378303 : 0.7
0.759468 0.381526 0.883857 -0.396683 -0.301421 -0.549901 0.239652 0.431974 -0.57704 : 0.4
0.607914 0.358985 0.822112 -0.443318 -1 0.375728 0.939763 -0.221262 0.171009 : 0.2
0.91357 0.372846 0.920111 -0.696771 0.0557628 -0.344735 -0.69457 0.898512 -0.334528 : 0.4
0.622021 0.339652 0.895855 -0.670427 -0.0991003 -0.42476 1 -0.266264 0.535762 : 0.3
0.325194 0.876454 0.740243 -0.523154 0.332996 -0.398799 -0.836661 -0.116422 -0.132673 : 0
0.639425 0.617476 0.716375 -0.715867 -1 -0.124684 -0.251699 -0.421404 1 : 0.2
0.375133 0.275899 0.948018 -0.809579 -0.0991733 -0.971421 0.762317 0.518713 -1 : 0.1
0.502604 0.355179 0.625385 -0.933996 -0.611194 1 0.52784 -0.0790889 0.993719 : 0.3
0.751242 0.360519 1 -0.871739 -0.382187 -0.68539 0.775398 -0.805603 -0.201152 : 0.5
0.528489 0.509213 0.89498 -1 -0.457026 -0.348732 -0.112542 0.332368 0.237505 : 0.6
0.669774 0.435929 0.616811 -0.842959 -0.220265 -0.0448816 0.308255 0.53011 0.85834 : 0.1
0.66719 0.385137 1 -0.614024 0.128598 0.198701 0.868654 0.230833 -0.372379 : 0.5
0.59757 0.362233 1 -0.920694 -0.38121 -0.144516 1 -0.0559649 0.710826 : 0.4
0.629525 0.316668 0.998798 -0.75827 -0.472953 -0.261853 0.558899 0.486818 -0.88442 : 0.6
0.42554 0.274813 0.967177 -0.648496 0.619558 0.319017 0.39024 0.0804912 -0.40923 : 0.1
0.475589 1 0.917474 -0.856037 -0.172257 -0.129793 0.999001 -0.214568 -0.14243 : 0.1
0.670858 0.282742 0.776685 -0.510314 -0.115834 -0.494194 1 -0.279812 0.821932 : 0.4
0.633048 0.551924 0.916936 -0.41878 -0.334831 -0.0510471 -1 -0.752248 1 : 0
0.660333 0.308138 0.979281 -1 -0.198611 -0.49133 -0.549683 1 0.605457 : 0.2
0.635174 0.324987 0.781807 -0.0421743 -0.640197 -0.161158 0.203301 0.722941 0.525434 : 0.1
0.656914 0.332704 0.756812 -0.162118 0.227244 0.173591 -1 -0.0435584 0.068292 : 0
0.9807 0.35014 0.824531 -0.34221 -0.41906 -1 0.367401 1 0.740666 : 0.3
0.791988 0.400273 0.776871 -0.793192 -0.465255 -0.47319 0.305038 0.191819 -0.101374 : 0.5
0.803449 0.850858 0.764116 -0.429287 -0.362374 -0.409139 -0.534676 0.859438 -0.417203 : 0.4
0.739299 0.401668 0.826804 -1 -0.683716 -0.52554 0.811573 -0.0868286 -0.0122883 : 0.3
0.900934 0.252127 0.969674 -1 -0.600483 -0.485194 0.368462 -0.721656 1 : 0.5
0.689758 0.320688 0.831788 -0.934871 -0.135571 -0.455215 0.873 0.948194 0.199103 : 0.5
0.545056 0.311413 0.808825 -0.345971 0.78127 -0.188847 0.156235 0.847832 -0.25354 : 0.1
0.71761 0.301874 0.90095 -0.938594 -0.29658 -0.260842 0.122464 -0.285631 -0.174983 : 0.6
0.676625 0.443354 0.823488 -0.889057 -0.0290595 -0.283258 0.830289 0.301362 0.455959 : 0.4
0.770846 0.281389 0.95921 0.640913 -0.0620167 -0.366702 0.322369 0.194021 -0.195111 : 0.4
0.58156 0.517041 0.78168 -0.593015 -0.374033 -0.347497 -0.621332 0.750433 -0.0919829 : 0.2
0.673719 0.424382 0.885401 -0.98285 0.0885341 -1 0.906009 0.820879 0.212274 : 0.4
0.57933 0.0631107 0.814984 -0.6471 -0.781285 0.10492 0.705341 0.693837 0.450934 : 0.2
0.534154 0.450384 0.831281 -0.217642 -0.0122924 0.349209 -0.118791 0.614969 0.287864 : 0.5
0.593052 0.619998 0.904849 -1 -0.391794 -0.315348 -0.506599 0.674388 0.424945 : 0.5
0.643444 0.288748 0.942479 -0.485809 -0.313728 1 0.481658 0.62969 0.13179 : 0.4
0.84563 0.54991 0.708862 -0.784012 -0.202956 0.317585 -0.391013 -0.0550207 0.230623 : 0.3
0.679351 0.300204 0.830966 -0.275032 -0.558441 -0.276238 1 -0.289499 -1 : 0.4
0.621689 0.312612 0.784597 -0.412031 0.427962 -0.812164 0.346535 0.460956 -0.407428 : 0.4
0.427228 0.299348 0.942592 -0.893038 -0.402114 -0.0597243 0.926898 0.85807 -0.100438 : 0.5
0.580329 1 0.913834 -0.975109 -0.167329 -0.154196 -0.912667 -0.103069 1 : 0.1
0.503215 0.218448 0.968117 -0.589806 -0.856508 0.285398 0.927936 0.247778 -0.182837 : 0.3
0.598703 0.466103 0.580921 -0.660174 0.271086 0.0519024 0.140826 1 0.776352 : 0.1
0.669749 0.318589 0.853509 -0.311707 -0.031181 0.0258059 1 1 0.107626 : 0.2
1 0.335928 1 -0.84239 -0.00713706 -0.769152 1 1 0.12407 : 0.3
0.814708 0.23594 0.837958 -0.611516 -0.845646 -0.390171 0.681582 1 -0.0206683 : 0.4
0.653753 0.380916 0.931328 -0.76453 -0.244184 0.5713 0.775646 0.388823 0.799156 : 0.5
0.826339 0.482449 0.838293 -0.956176 -0.35552 -0.016269 0.36521 0.552388 -0.596865 : 0.5
0.247901 0.434924 0.901202 -0.800958 0.346633 -0.711415 1 0.286049 0.856781 : 0.1
0.605793 0.581705 0.764788 -0.702274 -0.0718111 0.0728379 0.379699 0.841147 0.473479 : 0.6
0.723964 0.382064 0.962228 -0.431648 -0.350311 0.647646 0.0714948 0.794152 -0.614676 : 0.1
0.747437 1 0.850804 -0.200472 -0.0394697 -0.892569 0.389973 0.39802 -0.659378 : 0.2
0.670387 0.412664 0.824148 -0.434779 -0.655931 0.0862768 0.88608 -0.0567187 0.645203 : 0.4
0.558742 0.335519 0.925871 -1 -0.673562 -0.537853 1 -0.211309 -0.115496 : 0.3
0.367734 0.370992 0.570718 -0.593912 0.146723 0.752171 1 0.186841 -0.350291 : 0.2
0.866691 0.626737 0.7546 -0.119622 -0.34201 -0.0147535 -0.193023 0.0598211 0.923302 : 0.4
0.560044 0.476169 0.824357 -0.644417 0.125758 -0.542421 -0.347256 0.420805 0.12021 : 0.4
0.621027 0.48929 1 -0.736907 -0.407714 -0.142278 -0.35426 -0.258936 1 : 0.2
0.508162 0.225148 0.967241 -0.543531 -0.645726 0.357344 -0.283264 -0.519825 -0.0923919 : 0.2
0.436698 0.104562 0.936496 -0.798596 -0.453579 -0.37762 -0.0340041 0.479581 0.00977615 : 0.2
0.716852 0.303904 0.88699 -0.330483 -0.544465 0.197284 -0.661047 0.0849007 -0.359734 : 0.3
0.503707 0.161286 0.989603 -0.88361 0.0512354 -0.00308508 1 0.572191 -0.266425 : 0.8
0.638621 0.327005 0.909159 -0.9648 0.410806 -0.529816 0.17599 -0.991648 -0.0109862 : 0.3
0.656629 0.447673 0.956204 -0.932935 -0.671201 -0.322575 0.372357 1 -0.428887 : 0.4
0.532873 0.0457699 0.784644 -0.99312 -0.143183 -0.742902 0.0488954 0.988665 0.280436 : 0.4
0.135132 0.452686 0.924171 -0.840581 -0.799344 -0.338985 0.676569 0.425041 0.715069 : 0
0.744601 0.523598 0.742681 -0.866115 -0.206861 -0.423672 -1 1 0.77626 : 0.2
0.571103 0.425883 0.878258 -0.624346 -0.322461 0.448152 -0.623991 -0.24604 -0.0352639 : 0
0.836762 0.393837 0.884553 -0.887215 0.060705 -1 -0.414879 0.940198 -1 : 0.4
0.718566 0.438595 0.986825 -1 -1 0.12353 -0.0535434 0.383442 -0.394954 : 0.4
0.574084 0.35056 0.852213 -1 -0.465706 -0.235753 0.115728 0.469805 0.423849 : 0.4
0.554661 0.442139 0.84891 1 -0.312099 0.132743 0.206878 -0.242835 0.680203 : 0.4
0.554236 0.379894 0.982027 -1 -0.258569 -0.63316 0.723656 0.549733 0.518976 : 0.2
0.641482 0.400981 0.966152 -0.0636241 -0.740664 -0.405152 0.631582 0.632938 0.562981 : 0.3
0.577371 0.437242 0.872071 -0.650913 -0.136823 -0.372744 -0.43385 0.636255 0.819337 : 0.4
0.530254 0.319183 0.997233 -1 -0.257862 -0.232759 0.769935 -0.466054 -0.58527 : 0.5
0.664481 0.380196 0.84458 -0.926615 -0.289566 -0.038878 1 -0.599486 -0.192581 : 0.3
0.481459 0.323489 0.944574 0.622564 -1 -0.342562 1 0.990339 -0.0672479 : 0.2
0.879355 0.328316 0.977596 -0.343118 -0.992336 -0.440325 0.80768 0.806156 0.0209227 : 0.3
0.581579 0.394242 0.950927 -0.834581 -0.0902625 -0.533027 0.297987 -0.0777142 -0.289569 : 0.4
1 0.371571 0.958071 -0.332129 -0.136943 0.347386 -1 1 0.776239 : 0.2
0.700033 0.563026 0.939476 -0.681264 -0.429946 -0.31315 0.279435 0.504323 1 : 0.5
1 0.464652 0.877768 -0.919987 -0.279274 -0.241334 0.317055 0.768336 -0.0510691 : 0.7
0.757532 0.452083 0.97361 -0.4435 0.25273 -0.854492 0.642831 0.95747 0.510241 : 0.5
0.368206 0.696126 0.775235 0.211688 0.271912 0.283211 0.69634 0.105297 0.608819 : 0.1
0.925684 0.435846 0.739697 -0.554403 -0.352383 0.336649 0.43744 0.269872 0.573161 : 0.1
0.551193 0.199715 0.961996 -0.713634 -0.353235 -0.023413 0.801426 0.466597 -0.0168293 : 0.3
0.559302 0.306826 0.733131 -0.730103 -1 0.409494 0.779119 0.691959 -0.147672 : 0.1
0.688825 0.353329 1 -0.519901 -0.190866 -0.12865 -0.0574492 0.162615 0.87318 : 0.5
1 0.345303 0.951303 -0.350051 -0.468763 0.179882 1 0.829911 0.743125 : 0.4
0.872774 0.418267 0.83086 -0.449211 0.192717 0.161155 0.617565 0.337796 -0.635603 : 0.4
0.337145 0.514105 0.830023 -1 -0.105803 -1 1 0.447505 -0.982275 : 0.1
0.332796 0.510948 0.861769 -0.272593 -0.119945 -0.168957 0.729231 -0.216822 0.641727 : 0.3
0.617597 0.801906 0.947512 -0.830122 -0.472506 -0.138812 0.878164 0.577843 0.701764 : 0.4
0.678269 0.560774 0.819731 0.00471783 0.556887 0.0297697 0.81831 -0.0672799 0.556917 : 0.2
0.806442 0.303172 0.93023 -0.48646 -0.49607 -0.427766 0.0259745 0.259046 -1 : 0.4
0.73384 0.357558 0.767102 -0.463788 -0.333194 -0.624165 0.25615 0.834256 0.505858 : 0.2
0.563098 0.457667 0.881811 -0.769037 -0.937093 -0.205378 -0.860878 -0.129545 0.261117 : 0.1
0.654017 0.200876 0.804927 -0.821287 -0.208944 0.263525 1 0.138599 0.653616 : 0.6
0.655663 0.267665 0.861864 -0.195399 -0.191266 0.0888187 0.765212 0.439949 -0.491903 : 0.4
0.512934 0.40736 0.92865 -0.880664 -0.334978 -0.620528 0.480592 0.660813 -0.259472 : 0.3
0.970288 0.480584 0.89521 -0.446034 0.1784 -0.125209 0.732593 -0.681991 -0.595596 : 0.6
0.59807 0.269677 0.902299 -0.764203 -0.917726 -0.276502 -0.155645 0.529501 -0.174189 : 0.6
0.829472 0.293455 0.979767 -0.6126 -0.904624 0.347043 0.376048 0.875043 0.51661 : 0.5
0.661014 0.801085 0.880201 -0.608628 -0.469066 -0.523953 0.481348 0.477435 -0.331976 : 0.2
0.608564 0.22449 0.668568 -0.752785 0.0356655 0.809019 0.965704 0.537697 0.71748 : 0.6
0.629548 0.373987 0.875599 -1 -0.239843 0.614021 0.67428 0.705105 0.131438 : 0.5
0.721126 0.264509 0.91664 -0.802176 -0.59055 -0.133074 0.664972 0.169012 0.714815 : 0.3
0.653748 0.357009 0.943299 -0.741235 -0.288807 -0.00334209 0.735496 1 0.502327 : 0.3
0.799507 0.3997 0.815215 -0.135229 -0.269153 0.594079 -0.0245685 0.3552 -0.747039 : 0.2
0.723609 0.55435 1 -0.712769 0.285142 -0.200237 0.367122 0.062911 0.548336 : 0.5
0.614912 0.906283 0.901064 -0.588345 0.261803 -0.655776 0.390261 -0.449636 -0.264594 : 0.1
0.631822 0.36458 0.939439 -0.935315 -0.422993 0.804422 0.445212 0.297584 0.0809333 : 0.5
1 0.391482 0.923367 -0.723722 -0.240128 -0.517455 -1 1 0.887619 : 0.3
0.843311 0.420841 0.793104 -0.622079 -0.227162 -0.212799 0.52526 0.661748 -0.402193 : 0.4
0.541153 0.279657 0.657965 -0.489959 -0.53249 -0.372024 0.243605 0.505785 -0.0731869 : 0.4
0.577467 0.420663 0.988947 -1 -0.0622891 -0.779003 0.979807 0.740735 -1 : 0.3
0.131302 0.580467 0.86711 -0.260837 -0.511132 -0.245205 0.853247 0.426594 0.808085 : 0.1
0.821259 0.309057 0.994432 -0.691918 -0.579686 0.375758 0.28848 0.975937 -0.240342 : 0.3
0.510851 0.378582 1 -0.659945 -0.447927 1 -0.2044 0.0544539 -0.0414295 : 0.1
0.995872 0.529104 1 -0.862127 -0.064871 0.40921 0.50283 0.667009 0.442991 : 0.5
0.61711 0.474887 0.917081 -0.787 -0.260589 -0.412212 1 0.11421 -0.377956 : 0.6
0.7161 0.208736 1 -0.84006 0.0932013 -0.443563 0.715956 0.82872 0.120468 : 0.6
0.778183 0.474639 0.915532 -0.693289 -0.562493 -0.143648 0.767713 0.327478 -0.509629 : 0.6
0.87955 0.259518 0.859428 -0.327276 -0.439142 -0.566506 0.742194 0.982236 0.550247 : 0.3
0.580297 0.172075 0.740463 -0.679489 0.67469 -0.225927 0.613364 0.275214 -0.54604 : 0.3
0.26351 0.375884 1 -0.490345 -0.151255 0.634068 0.331293 0.664397 -0.437434 : 0
0.632353 0.551421 0.87828 -0.892674 -0.499385 -0.261788 0.461365 0.0037632 0.180799 : 0.5
0.591389 0.116892 0.794082 -1 -0.204957 0.0752653 0.998327 -0.308015 -0.342552 : 0.3
0.65568 0.316098 0.952996 -1 -0.391677 -0.740933 1 0.174233 0.685203 : 0.6
0.564941 0.155768 0.620041 -0.837699 -0.93344 -0.658235 0.458754 0.198993 1 : 0.3
0.6518 0.340107 0.840169 -0.0631278 0.254152 -0.0756243 0.867086 0.812502 -0.210401 : 0.3
0.43441 0.415515 0.730307 -0.691709 -0.228687 0.58917 0.571856 0.373348 0.853964 : 0.4
0.665265 0.450826 0.991918 -0.722353 -0.509269 -0.488712 1 -0.0132195 0.27621 : 0.2
0.582865 0.353146 0.854587 -0.196471 -0.282198 -0.173622 0.879668 1 0.779542 : 0.3
0.636063 1 0.814343 -0.814759 -0.845464 -0.473354 0.850345 0.694504 0.47952 : 0
0.348036 0.432517 0.964369 -0.492768 -0.194357 -1 0.933068 0.572964 0.542834 : 0.2
0.545192 0.138416 0.984312 -0.835694 -0.676253 -0.644157 0.809241 0.673434 1 : 0.4
0.327857 0.0950691 0.898667 -0.667504 -0.59468 -0.5924 0.430305 0.243607 0.761038 : 0.2
0.648616 0.651856 1 0.198837 -0.273192 -0.213783 1 -0.332117 -0.0266635 : 0.5
0.523067 0.391188 0.834926 -0.654797 0.354528 0.104667 0.190495 0.458996 0.721994 : 0.2
0.526815 0.336895 0.811691 -0.684925 -0.0181906 -0.849599 1 -0.402885 0.0400814 : 0.2
0.448617 0.603259 0.85632 -0.054266 0.0833436 0.0762047 0.783068 0.845207 -0.439358 : 0
0.668751 0.276112 0.960872 -0.538259 0.0463006 -0.534024 0.718958 -0.208908 -0.131493 : 0.4
0.770917 0.0699706 0.91664 -1 -0.640112 0.390577 0.761237 -0.352761 0.0302558 : 0.2
0.337321 0.631797 0.906544 -0.95934 0.617033 -0.0758325 0.548448 0.415076 0.369874 : 0.2
0.874179 0.191727 0.932004 -1 -0.242977 -0.875562 0.656128 0.050198 0.071516 : 0.2
0.771969 0.217844 0.994981 -0.744011 -0.291658 -0.404944 -0.148858 0.185546 -0.342413 : 0.3
0.788855 0.471926 0.945165 -0.649115 0.345918 -0.92137 0.315194 0.0225191 0.292581 : 0.4
0.598008 0.358461 1 -0.695668 0.102417 -0.960343 -0.496784 -1 0.0717223 : 0.3
0.719776 0.462789 1 -0.529681 0.0286503 -0.105615 0.832805 0.801627 0.0912429 : 0.4
0.712005 0.305321 0.814888 -0.768949 -1 0.117664 0.0530323 0.517167 -0.305232 : 0.2
0.631286 0.36179 0.923218 -0.875486 -0.175474 0.802571 0.570517 0.209434 0.228979 : 0.2
0.839454 0.459571 0.854834 -0.880228 -0.231149 -0.522937 1 0.969595 0.466248 : 0.6
0.654344 0.227136 0.845518 -0.586841 0.144233 -0.394839 0.564409 0.238912 -0.343312 : 0.3
0.652604 0.248184 0.86366 -0.701252 0.147638 -0.126206 1 0.421566 0.760742 : 0.2
0.662174 0.456442 0.907906 -0.24039 -0.4472 -0.362309 1 0.263913 0.526162 : 0.5
0.647181 0.31415 0.931214 -1 0.310437 0.116017 0.381164 0.401864 0.223415 : 0.3
0.498922 0.337377 0.686097 -0.570914 -0.392737 0.169784 0.439356 0.57069 1 : 0.4
0.769825 0.39391 0.821648 -0.954588 -0.753476 -0.450738 -0.972093 0.737455 -0.817597 : 0.1
0.930452 0.383238 0.968155 -0.524041 -0.131995 -0.151696 -1 0.382056 0.843594 : 0.1
0.548458 0.407264 0.9372 -0.845122 -0.152811 -0.482939 0.393322 1 0.423469 : 0.3
0.537654 0.300104 0.737808 -0.387093 -0.00594974 -0.999017 -0.0101825 0.796631 -0.0428989 : 0.4
0.647359 0.312945 0.91705 -0.413627 -0.243252 -0.141804 0.726483 1 0.510596 : 0.3
0.508006 0.294542 0.955056 -0.11569 -0.129753 -0.0702026 0.695249 0.364487 0.632672 : 0.6
0.647998 0.305878 0.748133 -0.390238 -0.109602 0.116312 -0.578063 0.430026 -0.250644 : 0
0.695678 0.331223 0.751761 0.277071 0.450188 0.114455 0.662052 -0.871181 0.0536916 : 0.4
0.475059 0.47248 0.884563 -1 -0.0759124 -0.335293 -0.201825 0.184837 0.194093 : 0.5
0.695157 0.459959 0.815118 -0.303739 0.667425 -0.598262 0.663384 0.717012 0.0265039 : 0.3
0.49204 0.333284 0.733015 -0.3523 -0.325815 0.286711 0.272297 0.766234 0.170737 : 0.2
0.576682 0.277166 0.898008 -0.668742 -0.303507 0.0700352 0.30818 0.175838 -0.783106 : 0.5
0.479945 0.367007 0.856905 -0.995393 0.412242 -0.310228 0.404997 0.0445985 0.60635 : 0.6
0.588455 0.275829 0.997505 -1 -0.497509 -0.417964 -0.0186719 0.878405 0.729498 : 0.5
0.498943 0.708372 1 -0.914047 -0.0411697 -0.521765 0.387368 -0.00830509 0.0949531 : 0.2
0.464507 0.477962 0.912225 -0.523433 -0.129067 -0.30301 0.546551 0.80612 0.722753 : 0.4
0.544511 0.463229 0.869361 -0.934114 0.61413 0.0723349 0.266204 0.694306 1 : 0.2
0.585039 0.273636 0.834782 -0.767735 -0.263723 -0.336199 0.530376 0.895827 0.770183 : 0.4
0.764524 0.271127 0.723503 -0.680483 -0.790747 -0.5081 -0.460189 -0.404077 -0.183565 : 0.3
0.489023 0.386086 0.87211 -0.703772 -0.319148 0.340195 0.521717 0.208776 0.451996 : 0.3
0.243705 0.916478 0.74571 -0.916858 0.133913 -0.338297 0.609169 -0.471749 0.536767 : 0.2
0.592521 0.315383 0.738084 -0.528748 -0.214619 -0.385406 0.194796 0.230848 0.0186536 : 0.2
1 0.061207 1 -0.445792 -0.439328 0.0794051 0.223952 0.455199 -0.528807 : 0.4
0.748163 0.352369 0.833775 0.205247 -1 -0.408646 0.134575 0.0808047 0.41364 : 0.2
0.599359 0.600169 0.818229 -0.776639 -0.384381 0.0269836 0.00751038 1 -0.384688 : 0.2
0.503093 0.256702 0.840206 -0.510088 0.210192 -1 -0.384641 0.659935 -0.862308 : 0.4
0.730744 0.36417 0.841199 -0.831295 -0.276964 -0.434722 0.153717 1 0.243361 : 0.5
0.716938 0.547134 0.830398 -0.621523 -0.480765 -0.39268 0.194721 -0.168167 0.454276 : 0.6
0.386302 0.313905 0.849474 -0.957268 0.0179023 0.293114 0.537104 -0.0483731 0.203981 : 0.4
0.46535 0.341548 1 -0.410283 -0.0150325 0.378631 1 1 -1 : 0.1
0.892759 0.264986 0.85048 -0.747184 -0.204005 0.151768 0.439362 0.265031 -1 : 0.4
0.773496 0.429268 0.841825 -0.756633 -0.235241 0.0863088 0.338066 0.560301 1 : 0.6
0.748895 0.359051 0.794677 -0.642007 -0.0828777 -0.495265 -1 0.535997 1 : 0.2
0.963455 0.280216 0.943748 -0.599031 -0.316882 0.318307 0.659117 -0.286793 -0.0106001 : 0.3
0.376002 0.296867 0.905672 -1 0.102817 -0.291925 0.321401 0.564786 -0.0212595 : 0.4
0.559914 0.339532 1 -0.921216 -1 -0.23833 0.135898 -0.377251 -0.230409 : 0.2
0.554558 0.39822 1 -0.798941 -0.123765 -0.505723 1 1 0.171428 : 0.4
0.625158 0.341917 0.87759 -0.577242 -0.962793 0.465031 0.833136 -0.523383 -0.139376 : 0.3
0.806339 0.379252 0.744932 -0.905706 -0.706134 -0.571023 -0.020797 0.291289 -0.508938 : 0.1
0.469921 0.265298 0.926609 -0.470492 -0.4674 -0.40448 0.835698 0.575141 0.603309 : 0.4
0.266351 0.119807 0.864211 -0.672765 -0.0961385 -0.586451 0.796084 -0.607383 0.526912 : 0.2
0.453362 0.415694 0.955219 -0.851493 -0.243545 -0.43494 0.527147 0.50091 0.158367 : 0.6
0.701805 0.390334 0.737488 -0.768601 -0.114049 -0.140093 0.779658 0.656395 -0.462629 : 0.6
0.733081 0.565321 0.766213 -0.938601 0.0566857 -0.324898 0.197916 0.469088 1 : 0.5
0.658172 0.253916 0.872738 -0.20844 -0.0171096 0.0139692 0.455809 0.777262 -0.451396 : 0.3
0.930346 0.277706 1 -0.778439 -0.410691 -0.35917 -0.209977 0.417517 0.0179467 : 0.2
0.77086 0.308165 1 -0.850307 -0.0436361 0.232808 0.477506 -1 1 : 0.4
0.766326 0.304448 0.591406 -0.428239 0.307381 -0.536549 0.965012 -0.269161 0.601992 : 0.2
0.603436 0.388595 0.929751 0.316581 -0.261205 -0.435225 -0.295258 0.254772 -0.319445 : 0.1
0.554974 0.508173 0.886242 -0.32594 0.416652 -0.469433 1 -0.00118802 -0.150226 : 0.2
0.654566 0.382995 1 -1 -0.289227 -0.379863 0.08538 0.211644 0.175499 : 0.5
0.929249 0.259014 0.747643 -0.954936 -0.192528 -0.560182 0.377043 0.0411559 -0.29591 : 0.5
0.645961 0.292293 0.954433 -0.161829 -0.962059 0.523896 0.358527 0.882927 1 : 0.1
0.736713 0.347784 1 -0.0355765 0.55444 -0.797188 1 0.883852 -0.579576 : 0.2
0.758286 0.344057 0.882457 -0.96826 -0.0451958 -0.0601594 0.465171 -0.299855 1 : 0.3
0.697796 0.377971 0.888195 -0.49154 -0.2494 0.0913564 0.296176 0.545574 -0.106542 : 0.5
0.829893 0.405196 0.858988 -0.63988 -0.241123 -0.43048 0.344033 -0.0706805 -0.32634 : 0.6
0.828548 0.293004 0.780771 -0.725677 -0.291368 0.0261677 0.53454 0.834929 0.395589 : 0.6
0.584387 0.386059 0.906865 -0.627361 -0.432162 -0.346943 0.649068 0.667592 0.107767 : 0.4
0.616481 0.246629 0.846462 -0.668337 -0.148421 0.417586 0.682568 1 -0.371146 : 0.4
0.554757 0.517649 1 -0.896516 -0.43537 -0.74136 0.12586 -0.0147501 0.0490061 : 0.4
0.612715 0.287559 1 -0.550537 -0.218436 -0.389872 -0.262212 -0.572942 -0.411283 : 0.7
0.517974 0.210993 0.733014 -0.239507 -0.245626 0.132074 0.298885 0.835185 0.0402839 : 0.3
0.487585 0.73678 0.53336 -0.876153 0.660545 1 0.366758 0.662089 0.235384 : 0.1
0.423266 0.517611 0.904763 -0.868325 -0.42988 -0.43877 0.237285 -0.0178901 1 : 0.3
1 0.371463 0.775461 -0.854098 -0.470652 -0.343067 0.527354 0.274642 0.874185 : 0.6
0.588117 0.278535 0.895482 -0.604296 -0.129883 -0.264047 0.492793 0.736573 0.737385 : 0.6
0.524445 0.323067 0.831612 -0.732693 0.518788 -0.161636 0.563698 0.159094 0.568711 : 0.5
0.528168 0.387463 0.970957 -0.735584 -1 -0.566305 -0.269401 -1 0.448415 : 0.1
0.889147 0.463302 1 -0.861399 -0.0272504 -0.100501 -1 0.00906392 1 : 0.4
0.598377 0.413042 0.930926 -0.543072 -0.504983 -1 0.819786 0.407595 0.567195 : 0.5
0.49546 0.49869 1 -1 -0.509554 -0.360475 0.840892 0.170166 -0.193893 : 0.4
0.671919 0.363659 0.813853 0.178879 0.29265 -0.253936 0.596011 -1 -0.381353 : 0.4
0.539445 0.354993 0.917615 -0.848216 -0.132808 0.313264 0.836079 0.288119 0.550581 : 0.8
0.826169 0.270574 0.727162 -0.682507 -0.107203 -0.125951 0.66338 -0.440225 -1 : 0.2
0.667171 0.309969 0.868123 -0.802222 0.269313 -0.424249 0.810018 -0.430633 -0.183955 : 0.4
0.639541 0.301391 0.831792 -0.465409 -0.21173 -0.194502 0.274781 -0.190671 -0.485084 : 0.6
0.588762 0.379079 0.968834 -0.869722 -0.651991 0.137234 -0.577653 0.770583 0.186292 : 0.3
0.539313 0.441403 0.899559 -0.76829 0.461732 -0.0654757 0.962435 0.396089 0.670734 : 0.5
0.97646 0.384254 0.897926 -0.974465 -0.950266 -0.364629 0.955984 0.0969603 0.680364 : 0.3
0.523936 0.673512 0.863176 -1 -0.249021 -0.0142942 0.9794 0.179928 0.451322 : 0.1
0.652619 0.401442 0.968946 -0.804412 -0.438267 -0.318817 1 0.069541 0.512256 : 0.3
0.592378 0.421431 0.846773 -0.907412 -0.617934 0.251889 1 1 0.700513 : 0.6
0.63222 0.301652 0.861658 -0.345021 -0.361661 0.0320923 0.571621 -0.406601 -0.470331 : 0.7
0.763152 0.345019 1 -0.784835 -0.205371 -0.111067 0.352304 -0.000131875 0.98164 : 0.2
0.512692 0.271019 0.850117 -0.554349 -0.0997419 -0.550504 0.00620738 -0.0421939 -0.172304 : 0.5
0.770424 0.318118 0.807895 -0.506096 -0.927924 -0.391802 0.903306 -0.976381 -0.218655 : 0.4
0.681639 0.325414 0.674321 -0.858182 0.531288 -0.00753462 0.436277 0.263627 0.470771 : 0.5
0.658251 0.583198 0.911085 -0.281146 -0.284883 0.368493 -0.397641 0.919478 0.971648 : 0.1
0.574885 0.392079 0.902005 -0.64595 -0.290945 0.499107 1 0.847674 0.44474 : 0.5
1 0.346003 0.827578 -0.936094 0.0931473 0.593618 0.565393 -0.017692 0.5788 : 0.4
0.483877 0.307016 0.995926 -0.85064 -0.0487988 -0.196667 0.546088 0.520135 -0.446355 : 0.3
0.808685 0.790201 0.854543 -0.632336 -0.126466 0.438077 -0.0449074 0.42464 1 : 0.3
0.560333 0.391401 0.926527 -0.0871812 -0.239442 -0.823194 0.540134 0.829392 0.655089 : 0.3
0.716999 0.369559 0.799136 -0.0997869 -0.185586 -0.376398 0.0789874 0.0798831 0.844877 : 0.7
0.621437 1 0.766371 0.863826 -0.00805938 -0.0581948 0.611669 0.212305 0.618964 : 0
0.666425 0.11825 0.91013 -0.840921 -0.606242 0.00833774 0.371871 1 0.424915 : 0.6
0.641327 0.591976 0.737048 -0.450873 0.341153 -0.331682 0.842391 0.847706 -0.440871 : 0.2
0.866252 0.369252 1 -0.520737 -0.253221 -0.162343 0.474122 1 0.828511 : 0.5
0.778723 0.421888 0.834987 -0.0293639 0.543428 0.0140926 0.651926 0.909026 0.601947 : 0.5
0.706267 0.324772 0.876398 -0.725063 -0.209045 -0.434765 0.0733652 0.429362 -0.3937 : 0.3
0.710402 0.271935 1 -0.776493 -0.439028 1 0.388308 0.234768 -0.603734 : 0.1
0.660819 0.424385 0.806903 -0.00720465 -0.340874 -1 -0.437573 -0.236497 0.298679 : 0.3
0.633772 0.432311 0.725486 -0.740817 -0.321313 0.064044 0.0042429 -0.0547646 1 : 0.5
0.83304 0.563323 0.881091 0.314042 -1 -0.142626 1 0.0738599 0.0451281 : 0.5
0.64903 0.374113 0.799534 -0.919739 -0.155726 -0.94156 -0.121748 -0.452407 -0.0427173 : 0.2
0.475076 0.503965 0.888596 -0.997817 0.161985 0.0118913 0.386771 -0.168805 0.794975 : 0.5
0.706857 0.406142 0.987566 -0.642129 -0.649134 -0.550759 -0.517334 0.851412 0.0883161 : 0.5
0.495775 -0.0455405 1 -1 0.901769 0.847412 0.403307 0.129779 -1 : 0.1
0.766433 0.533565 0.716024 -0.63423 -0.460212 -0.437637 0.244437 0.694382 0.791574 : 0.4
0.6241 0.350147 0.746961 -0.74397 -0.229943 -0.609064 1 0.389605 0.579498 : 0.2
