1 0.0562271 0.925271 -1 -0.734306 0.209751 0.862517 0.528393 -0.207739 : 0.2
0.648823 0.411814 1 -0.281051 0.412671 -0.607571 0.198685 0.773472 -0.377955 : 0.2
0.7905 0.232701 0.826814 -0.249541 -0.122374 0.259765 0.631603 0.767395 -0.608742 : 0.3
0.889164 0.744831 1 0.251284 -1 -1 0.585708 0.218851 -0.476338 : 0.6
0.449731 0.364834 0.799363 -0.632664 -0.154855 -1 1 -0.105099 -0.225262 : 0.3
0.60308 0.371103 0.655004 0.249191 0.362311 1 1 0.506212 -0.0799707 : 0
0.670102 0.702109 0.453204 -0.02715 -0.37614 -0.405819 0.463775 0.322216 0.182631 : 0.1
1 1 0.975841 0.319166 0.0493465 -0.466509 0.623712 0.920916 -0.400359 : 0
0.984125 0.383766 1 0.308285 1 0.188516 0.182234 0.440631 0.795741 : 0.2
0.755398 0.699237 0.846386 -0.875623 0.143532 0.950249 0.293473 0.422302 0.517056 : 0.4
0.729894 0.746535 0.891827 0.108597 -1 0.109705 0.0922741 -0.517903 -0.465156 : 0.1
0.494251 0.757913 0.905674 -0.753163 0.22014 0.371627 0.836263 0.886529 -0.541321 : 0.3
1 1 0.64576 -0.581286 0.245891 1 0.710826 0.31404 1 : 0.1
0.920653 0.164047 0.749921 -0.900836 0.276802 -0.47867 -0.666097 1 0.176291 : 0.2
0.696054 0.488684 0.943852 -1 0.484457 -0.818671 -0.580241 0.623624 0.608872 : 0.3
0.58704 0.5017 0.573128 -0.612883 0.989677 0.512645 1 0.226409 -0.279964 : 0.1
0.608078 0.863601 0.839352 0.014875 -0.18647 -0.528282 0.329182 0.413454 -0.0698399 : 0.1
0.79926 0.658034 0.660018 0.00991813 -1 -0.0402008 0.509346 -0.352913 0.416027 : 0.4
0.798691 0.461611 0.854979 -0.648006 0.252066 0.286354 0.691792 0.209649 -0.453299 : 0.3
0.481582 0.54102 0.960093 -0.549953 -0.153298 -0.275436 0.22826 -0.220015 -0.0344155 : 0.5
0.619485 0.537062 0.805366 -0.00549757 0.390222 -0.316644 0.178388 1 0.247815 : 0.2
0.428131 0.6787 0.625231 0.0713822 -0.858812 0.0317727 -0.392092 1 0.0873626 : 0.1
0.781427 0.390857 0.596316 -0.908952 -0.518246 -0.463508 0.43434 0.713788 -0.0386664 : 0.4
0.56907 0.545222 0.638727 0.614739 0.802429 -0.777705 0.390613 1 -1 : 0.3
0.428221 0.447505 0.796166 -1 -0.768836 1 1 0.0608724 0.386394 : 0.3
0.761941 0.510725 1 -0.547263 -0.246749 -0.701561 0.219461 -0.447495 0.81234 : 0.3
0.683616 0.483111 0.684359 -0.745176 0.437019 -0.171844 0.246553 -0.28299 -0.582014 : 0.2
0.3642 0.572431 0.793441 -0.285508 1 0.132236 -1 0.463942 -0.926954 : 0
0.53174 -0.0348735 0.942353 0.0672255 0.309608 -1 0.966017 0.733371 0.285235 : 0.1
0.259548 0.44237 0.689421 -0.859612 0.308802 -0.529662 -1 0.548555 0.840089 : 0.4
0.492092 0.22734 0.884487 -0.362803 0.214076 -0.131944 -0.864533 0.594607 -0.905088 : 0.1
0.892894 0.424264 0.612091 -0.728715 0.0249884 -0.532732 0.0471851 -0.470558 0.503114 : 0.1
0.663192 0.695501 1 -0.162654 0.399704 -0.690239 0.359793 0.143656 -0.11313 : 0.1
0.284683 0.782492 0.685293 -0.439882 -0.233293 0.692743 -0.25853 0.561432 -0.840961 : 0.1
0.760316 0.478215 1 -0.57033 0.430538 0.481872 0.277843 0.196028 1 : 0.6
0.964619 0.614836 1 -0.247272 1 -0.0919438 0.557684 0.290709 0.541571 : 0.3
0.710117 0.769588 0.999132 -0.793734 -0.731144 -0.706344 0.90491 -0.0094445 -0.268493 : 0.4
0.420457 -0.193547 1 -0.787606 0.755835 -1 1 0.451247 -1 : 0
0.592744 0.540511 0.600508 -0.768842 -0.47123 -0.508065 1 0.867396 0.0119714 : 0.3
0.657506 0.441111 1 -0.320547 -0.801768 -0.509379 0.749279 0.722756 0.912715 : 0.4
0.878239 0.5792 0.984974 0.00992072 0.218675 -1 0.713174 0.193644 -0.347375 : 0.6
0.913118 0.533449 0.983081 -0.485812 -1 -0.683426 0.330752 -0.349385 0.632173 : 0.2
0.36169 0.667862 0.91059 -0.563609 0.320591 0.580079 0.656868 0.17402 -0.00688612 : 0.1
0.915613 0.899779 1 -0.0982927 0.238689 -0.498624 0.932458 1 0.111205 : 0.2
0.528477 0.867092 0.847759 -0.317597 -0.646114 -0.582254 0.277104 0.0584484 0.799852 : 0
0.432091 0.455168 0.969271 -0.0460403 -0.128254 -0.248224 0.986291 0.207794 -0.27083 : 0.4
0.440218 0.870013 0.809895 -0.178196 -0.017128 -0.00658867 0.612536 -1 -0.767994 : 0
0.703387 1 1 -0.255389 -1 -0.0996372 0.0638296 0.169606 -0.397997 : 0.3
0.660362 0.514097 0.970814 -0.152198 0.410247 -0.766725 1 0.741469 -0.224675 : 0.1
0.421189 0.256862 0.412848 -0.460934 0.371577 0.268217 0.794243 0.552502 -0.977636 : 0.2
0.344053 0.585407 0.960264 -0.684989 0.307181 -0.073589 1 0.173495 0.174002 : 0.1
0.843413 0.240867 0.634399 0.260431 0.11203 0.589306 0.627628 0.682752 0.522635 : 0.1
0.829274 0.789553 0.939419 -0.435694 0.186738 0.235503 -0.17221 0.660054 0.29818 : 0.2
0.481919 0.70232 0.931248 -0.357905 -0.646482 -0.687005 -0.00511615 -0.134678 0.928477 : 0.1
0.63606 0.382866 0.850148 -0.345096 -0.718963 0.285066 0.210659 0.591266 0.695617 : 0.3
0.604382 0.361798 0.776772 -0.793531 -0.239108 -0.501941 0.584796 -0.13581 0.633027 : 0.3
0.59913 0.777048 0.990015 0.174188 1 0.0840088 -0.0197613 0.170507 1 : 0
0.451455 0.417788 0.895173 -0.142529 0.217782 0.519295 0.577357 0.529039 -0.283935 : 0.1
0.708625 0.688296 0.482612 0.140885 -0.508049 0.573686 -0.218633 0.14256 -0.565178 : 0
0.713243 0.621673 1 0.0630212 -0.23168 0.992559 0.690757 0.534389 1 : 0.4
0.427447 0.53902 0.806647 -0.034499 -0.376388 -0.703441 1 1 -0.871602 : 0
0.828413 0.519274 0.984944 0.270629 -0.00918937 0.605171 -0.366204 1 1 : 0
0.977924 0.264085 0.934221 -1 0.305702 -0.541257 0.605666 0.339239 0.585904 : 0.3
0.568688 0.307344 0.992483 0.0148731 0.390327 -0.625878 0.352882 0.21955 -0.180524 : 0.3
0.687137 1 0.834922 -0.366861 -1 -0.815005 0.332355 0.134084 0.550356 : 0
1 0.38821 0.968121 -0.299498 0.565844 0.145465 0.829098 0.135074 0.55022 : 0.2
0.598634 0.438275 0.799641 -0.257705 -0.486638 0.800459 1 0.0665046 -0.105516 : 0.1
0.589792 0.557863 0.806796 -0.312065 -0.173885 1 -0.0371461 0.403687 -0.294158 : 0.2
0.819154 0.756235 1 0.71 0.444506 0.451896 0.4494 0.505367 -0.314115 : 0.4
0.371354 0.362896 0.854717 -0.332962 -0.00464225 0.18426 0.665212 0.614627 0.115338 : 0.3
0.260602 0.795301 0.813944 -0.767263 -0.0844979 0.69533 -0.843399 -0.0704487 -0.50481 : 0
0.380343 0.211678 0.942418 -0.38703 0.756858 0.337735 0.403091 0.326373 0.751948 : 0.2
0.604409 0.869486 0.909081 -0.670684 -0.153436 0.111911 0.318298 0.980893 0.260144 : 0.2
0.544205 0.823418 0.732988 -0.577425 0.214164 0.543663 0.753921 0.249243 0.33732 : 0
0.676383 0.307121 0.749806 -1 0.200851 0.128448 0.207363 0.0151342 0.392989 : 0.4
0.525253 0.451396 0.914118 -0.495887 -0.340066 -0.705329 0.103725 0.550494 -0.920209 : 0.2
0.378495 0.647547 0.953463 -0.712179 0.201556 1 -0.643169 0.537176 -0.318726 : 0
0.790405 0.212103 0.787677 -0.301112 0.406202 0.0510147 0.564847 0.190034 0.2093 : 0.4
0.758905 0.550578 0.840531 -0.569348 0.489623 -0.258612 -0.286609 0.0840444 -0.171241 : 0.4
0.778722 0.449169 0.661544 -0.802123 -0.0694776 -0.869337 0.287757 0.30781 0.525746 : 0.3
0.650686 0.537764 0.574401 0.585911 -0.106853 -0.152843 1 -0.576226 0.75831 : 0
0.728339 0.62272 1 -0.533711 0.0889383 0.3379 0.660762 0.308314 -0.271143 : 0.4
0.839294 0.0901051 0.748368 0.106106 0.493227 -0.214284 0.185037 -0.947213 -0.75569 : 0
0.672183 0.573446 0.987311 -0.182894 0.187321 0.412716 0.804351 0.374097 1 : 0.3
0.767062 0.38227 0.681757 -0.0870645 0.544082 -0.132823 -0.433629 0.293048 0.981339 : 0.4
1 0.249131 0.984023 -0.624357 0.157324 -0.523614 0.914518 0.450228 -0.950816 : 0.3
0.87213 0.553398 0.951922 -0.223942 0.205495 -0.98776 0.72309 1 -0.190834 : 0.5
0.800431 0.354667 0.704598 -0.794429 -0.48046 0.213584 -0.778135 0.944768 0.353054 : 0.2
0.399226 0.401759 1 -0.26982 -0.0358762 -0.717898 0.163844 0.406683 0.658102 : 0.1
0.364623 0.942434 0.921136 -0.38146 0.105917 -0.0496823 0.410569 0.260979 -0.330916 : 0
0.749621 0.373532 0.579542 -0.176664 1 -0.517712 0.432839 -0.552281 0.953766 : 0.2
0.826764 0.455566 0.965015 -0.767816 -0.322111 -0.442315 0.378534 0.249213 1 : 0.5
0.515949 0.61248 0.811456 -0.697185 -0.223547 -0.578923 0.157139 0.707678 -1 : 0.4
0.686152 1 0.721538 -1 0.459964 0.956151 0.219604 0.309494 0.590286 : 0.2
0.492302 0.54281 0.943195 -0.803722 0.435481 -0.404657 -0.349262 1 -0.81395 : 0.2
0.662337 0.467825 0.834409 -0.532927 -0.434685 0.9878 0.603589 1 0.862065 : 0.2
0.568989 0.652506 0.887512 -0.500351 -0.485384 -0.0417723 0.310019 0.722512 1 : 0.5
0.597387 0.755097 0.817094 -1 -0.178946 -0.923132 0.347805 0.629286 1 : 0.3
0.664629 0.543341 0.960906 -0.814918 0.205803 -0.506103 0.715091 0.266284 -0.635731 : 0.4
0.596035 0.550369 0.855261 0.263826 -0.227574 0.321757 0.323398 0.7149 -0.149111 : 0.2
0.613833 0.549033 0.924627 -1 -0.274594 -0.50844 -0.282252 0.0610282 0.462325 : 0.2
0.490675 0.450602 0.947177 -0.81113 0.332534 0.554947 0.118402 -0.819294 0.973232 : 0.4
0.545604 0.577927 0.844359 -0.994951 0.569173 0.909611 -0.00478387 0.508509 1 : 0.1
0.872002 0.700852 1 -0.262342 0.295085 0.381921 1 0.884597 -0.115578 : 0.4
0.389607 0.681188 0.399099 -1 0.0937011 -0.597821 1 0.532839 1 : 0.3
0.401122 1 0.752067 -0.050518 0.195572 -0.767777 0.547269 0.060581 -0.141315 : 0.2
1 0.489266 0.931917 -0.157195 0.016645 0.960889 0.343475 0.649285 -0.796573 : 0.1
0.617949 0.260794 0.826191 0.603642 -0.802626 -0.200179 0.10892 -0.181453 0.74232 : 0.2
0.702131 0.762869 0.963969 0.667778 0.29045 0.232179 -0.171598 0.2586 0.470105 : 0
1 0.696623 0.953545 0.0945792 -0.318365 0.962781 0.445666 0.424424 1 : 0.1
0.596344 0.426346 0.656908 -0.361894 0.0991161 -1 -1 0.727139 0.00845632 : 0.3
0.500876 0.296601 0.96673 0.291154 0.0992566 0.250359 0.28474 0.483102 0.734064 : 0.4
0.609512 0.717396 0.769942 -0.30912 0.358166 0.631676 0.290169 0.946805 1 : 0
0.685789 0.710624 0.894103 -0.785121 1 -0.56389 0.727389 0.326853 0.0315039 : 0.2
0.676242 0.264848 0.670723 0.0737458 0.365088 -0.262888 0.632761 -0.109962 -0.112686 : 0.2
0.729719 0.706472 0.997789 -1 0.235675 0.691107 0.228944 0.957888 0.291075 : 0.7
0.74475 0.395607 0.972051 0.522841 0.608205 -1 0.391768 0.426292 0.994038 : 0.1
1 0.967571 0.951793 0.221464 0.706351 -0.00506026 1 0.811328 -0.214 : 0.1
0.777329 0.782703 0.849921 -0.307054 -1 -0.618243 0.298929 0.714511 -0.314685 : 0.3
0.772113 0.422635 0.719406 -0.748416 -0.59626 -0.586473 0.449773 -0.444079 0.487759 : 0.2
0.655069 0.659544 0.757668 -0.567979 -0.434599 -0.532643 0.424017 0.633558 0.0391165 : 0.4
0.68157 0.549975 0.994606 -0.707138 0.200532 -0.0497922 0.473859 0.644174 0.611578 : 0.6
0.861503 0.972724 0.872027 -0.745536 -0.0415391 -0.10739 0.573272 0.353785 -0.535738 : 0.5
0.619144 0.649968 0.809959 -0.769067 0.947996 -0.741628 -0.663712 0.74808 0.380959 : 0.2
0.820069 0.24421 0.931868 -0.472217 0.622301 -0.11616 -1 -0.0268856 0.0933857 : 0
0.611582 0.510599 0.848509 0.330291 0.815704 0.013396 0.426818 0.905383 0.557598 : 0.4
0.571386 0.460006 0.90621 -0.339191 -0.122224 -0.0643866 0.926361 -0.639203 0.500129 : 0.2
0.477473 0.985137 0.973544 -0.509346 -0.639463 -0.229968 0.925156 1 0.535469 : 0.3
0.511753 0.683199 0.956752 -0.217399 -0.158995 -0.131612 1 -0.0381482 0.012222 : 0.2
0.751597 1 0.858794 -0.594901 -0.00167826 -0.531222 0.177534 0.569385 -0.781191 : 0.3
0.684343 0.431742 0.803937 -0.581793 -1 -0.175364 -1 0.48316 -0.327547 : 0.2
0.338083 0.524868 0.925965 -0.424055 0.454054 0.681177 -1 -0.176536 -0.249807 : 0
0.758993 0.242041 0.464523 -0.734839 1 -0.809486 0.304318 -1 0.010391 : 0.2
0.554148 0.757591 0.89019 -0.273243 1 0.661857 0.543988 0.559936 1 : 0.1
0.616749 0.515862 0.715057 -0.734426 0.616925 0.890787 0.356807 0.859792 1 : 0
0.767281 0.608165 1 -0.566544 0.713702 -0.448941 -0.0425615 0.305397 -1 : 0.1
0.521859 0.693178 0.840509 0.529998 0.275712 -0.476985 -0.147403 0.0441696 0.268783 : 0
0.581893 0.492186 0.95421 -0.564731 0.0344234 0.938772 -0.610128 0.400669 0.941333 : 0
0.452986 0.39598 0.801414 -0.600414 0.257523 0.735925 -0.464551 0.701482 -0.26376 : 0
0.375336 0.981086 0.983018 0.086019 -0.59769 -0.0675628 0.757236 0.391926 1 : 0.2
1 0.841341 0.970309 -0.439708 0.0770989 1 -0.984799 -0.193847 -0.130643 : 0.2
0.616608 0.505404 0.74496 0.060909 -1 -0.416341 -0.140287 0.0178623 0.292524 : 0.2
0.541599 0.092955 0.739088 0.159504 0.279021 -0.502282 0.915667 0.171723 -0.655019 : 0.3
0.66901 0.415839 1 -0.569285 0.117178 0.224511 0.166211 1 -0.625435 : 0.4
0.172635 0.502699 0.868095 -0.666871 0.182696 -0.26665 0.335172 0.97964 -0.0335795 : 0.1
0.554658 0.656928 0.92334 -0.970514 -0.575133 -0.809023 -0.116615 0.587421 -0.265777 : 0.5
0.575869 0.790161 0.974254 0.0926504 -1 0.171532 1 0.279231 -0.02151 : 0.1
0.819068 0.645567 0.894489 0.859972 -0.0342638 -0.48169 1 -0.0888826 1 : 0.2
0.770741 0.497195 0.905393 1 1 0.124119 0.510957 0.657318 0.258148 : 0.1
0.506673 0.460439 0.932197 -0.515011 0.0501323 0.472249 0.564217 -0.500758 0.228029 : 0.5
0.653287 0.694803 0.897188 0.0189787 -0.592082 -0.179236 0.59584 -0.0488209 -0.158025 : 0.4
0.604949 0.560675 0.842034 -0.973171 0.47254 -0.664667 0.233052 0.334 -0.0368226 : 0.5
0.529816 0.68044 0.79445 -1 0.388702 -0.320476 -0.713574 0.44882 0.9677 : 0.3
0.459161 0.404244 0.744703 -0.0861756 0.197224 -0.384593 0.0951338 -0.00480631 -0.126651 : 0.3
0.713514 0.450359 0.588118 -0.0306249 0.218548 -1 0.13162 0.658057 -0.445615 : 0.2
0.666605 0.549054 0.888528 0.0782228 1 -0.329729 0.45697 0.394431 0.84194 : 0.2
0.650492 0.285564 0.969592 1 0.214763 -0.510621 0.916349 -0.0270213 -0.0426356 : 0.3
0.582384 0.398374 0.871173 -0.563401 0.985225 0.347742 0.996892 0.622302 -0.667698 : 0.2
0.706583 0.284761 0.895992 -0.74587 0.0749698 -0.4028 0.0819756 0.23167 -0.827576 : 0.3
0.593896 0.89833 1 -0.341229 -0.577144 1 0.480184 0.716536 0.753063 : 0.1
0.741485 0.708653 1 -0.391997 -0.329065 -0.443392 -0.0699279 0.333335 0.0585245 : 0.3
0.518672 0.532284 0.807993 -0.493062 0.547115 -0.299266 0.400818 0.667292 1 : 0.2
0.824984 0.324794 0.944054 -0.0864938 0.836749 -0.0131024 0.620719 0.575661 -0.752338 : 0.2
0.775634 0.539071 0.952861 -0.28585 0.730621 -0.0211578 0.461685 0.688554 0.0801632 : 0.3
0.76674 0.618351 0.929253 -0.994039 -0.0823474 -0.646328 -0.279642 0.649843 -0.183874 : 0.5
0.819628 0.495957 0.549802 0.202369 0.350933 -0.10707 0.00909442 -0.660565 0.345031 : 0
0.691221 0.957749 0.902524 -0.390252 0.621942 -0.0688218 0.666258 0.113386 0.147625 : 0.1
0.757364 0.953652 0.879862 -0.4128 -0.332377 1 0.364077 0.692811 0.182639 : 0.1
0.330082 0.746388 0.833878 -0.509906 0.123385 0.809692 0.552936 1 -0.419026 : 0.1
1 1 0.948281 -0.316283 0.0316981 0.562021 0.991424 0.292035 0.952586 : 0.5
0.713561 0.364317 0.964846 -0.246938 -0.640817 -0.924329 0.258572 0.17424 -1 : 0.3
0.770814 0.608933 0.903175 -0.661962 0.43654 -0.895401 0.88705 1 1 : 0.3
0.632864 0.916017 0.83814 0.355189 1 -0.209521 0.804973 -0.31159 0.0450835 : 0.1
-0.0590989 0.829251 0.959156 -0.697037 0.0678271 -0.452955 0.350908 1 -0.520074 : 0
0.596147 0.837318 0.761998 -0.186403 -0.795283 -0.355469 0.913308 0.79642 -0.182396 : 0.1
0.971759 0.5684 0.914118 -0.129881 -1 -0.430707 0.647282 0.853292 1 : 0.4
0.653492 0.529534 1 -0.932382 -0.0263791 -0.275864 1 0.830248 0.706821 : 0.3
-0.0905225 0.513991 1 -0.428758 0.0016084 -0.699489 0.278781 -0.288433 -1 : 0.1
0.63633 0.530375 0.988949 -0.724231 0.791586 0.0656626 0.866814 0.572967 1 : 0.2
0.489685 0.70662 0.878987 -0.501866 -0.272094 0.254875 0.1545 -0.0467216 -0.211218 : 0.3
0.559357 0.522198 0.919834 -0.197142 -0.779353 -0.243705 0.308108 0.33939 -0.97844 : 0.4
0.766 0.711335 0.824773 -0.735903 0.372805 0.33123 0.98733 1 -0.563867 : 0.5
0.899116 0.407122 0.420883 -1 -1 0.688024 0.385386 -0.0293034 -0.00430629 : 0
0.709009 0.439533 0.811418 -0.484346 1 -0.120311 0.840443 0.609438 -0.273089 : 0.3
0.277039 0.651488 0.944594 -0.691192 0.20187 0.609533 -0.230401 0.133509 -0.495627 : 0.1
0.702858 0.178701 0.289067 -0.343869 0.459993 -0.345315 0.415619 -0.449164 -0.000506759 : 0
0.902503 1 0.720307 -0.620459 0.121685 -0.756092 0.611731 0.0854906 1 : 0.2
0.110184 -0.0352368 0.847195 -0.333615 -0.135732 -0.475442 0.787082 0.7086 1 : 0.1
0.856232 0.535743 0.853684 -0.875069 -0.191221 -0.815227 0.196534 0.403728 -0.404266 : 0.3
0.765538 0.552493 1 -1 -0.435785 0.581853 0.364624 0.306272 0.0262132 : 0.1
0.883233 0.6447 1 -0.894144 -0.27805 -0.511356 0.555419 0.641748 0.927922 : 0.6
0.585416 0.514112 0.819286 -0.278346 0.379433 0.901292 0.373592 0.392925 -0.193271 : 0.2
0.681638 0.53957 0.974497 -0.127984 -0.359257 -0.599546 0.375848 0.708158 -0.712675 : 0.5
0.581459 0.34078 1 -0.426927 0.163299 -0.994325 1 1 0.517311 : 0.3
1 0.131737 1 -0.313194 0.17806 -0.418075 0.480379 0.472044 -1 : 0.2
0.638867 0.448789 0.91918 -0.871329 0.241596 1 0.520552 -0.264591 -0.370258 : 0.5
0.463634 0.74744 0.856736 -0.819416 -0.396255 0.471011 -0.295236 0.631613 -0.592237 : 0.3
1 0.178267 0.810227 -0.274695 -0.0509821 -0.124888 0.550064 -0.163396 -1 : 0.5
0.303284 0.381697 0.916304 -0.859158 -0.699368 -0.159426 0.648274 1 -0.252125 : 0
0.693023 0.716373 1 0.0603239 -0.644587 0.0890242 0.211979 0.209679 0.781701 : 0.3
0.671336 0.386524 0.994659 0.0524061 -1 0.337633 0.404399 -0.110117 -0.838307 : 0.2
0.610799 0.855413 0.946309 -0.152432 -0.357706 -0.67016 0.699669 0.474178 0.462596 : 0.1
0.683589 0.604488 0.810866 -0.220036 0.71087 -0.274852 0.533801 1 -0.343618 : 0.4
0.593902 0.711606 0.848651 -0.833938 -1 -0.580638 0.680294 0.113754 1 : 0.4
0.592933 0.383621 0.959529 0.122206 0.556167 -0.33092 0.296855 0.331639 0.516636 : 0.3
0.627697 0.872152 1 -0.648293 0.481227 -0.221413 0.0438372 0.173889 -0.817229 : 0.2
0.75654 0.644397 0.897769 1 -0.071968 1 0.361754 0.871947 0.0361786 : 0.2
0.673627 0.456074 0.847243 -0.729899 0.406784 -0.448106 1 0.100493 -0.402864 : 0.3
0.49197 0.639715 0.822285 -0.660594 -0.164562 0.382034 -1 0.542831 -0.603676 : 0.3
1 1 0.865532 -0.148829 -0.157637 -0.533562 0.979337 0.631935 -0.115689 : 0.3
0.687139 0.901202 0.890118 -0.0410184 0.224461 -1 1 0.87003 0.285501 : 0.1
0.51575 0.360435 1 -0.426863 1 -0.217223 0.579865 0.822875 0.392066 : 0.3
0.653134 0.403076 0.790644 -0.671851 0.586263 -0.111262 0.208361 0.535714 -0.51534 : 0.3
0.696875 0.98071 0.98336 -0.439026 -0.342833 0.730839 -0.576232 0.946489 -0.730335 : 0.1
0.557876 0.608383 0.83936 -0.258867 0.853918 -0.551052 1 0.517545 1 : 0
0.849807 0.67245 1 0.104309 0.307076 -0.397412 0.00824821 0.0127128 1 : 0.5
0.568836 0.359745 0.612851 -0.0474217 1 -0.339242 0.276211 -0.898207 -0.209621 : 0.3
0.788248 0.721182 0.697393 -0.672015 1 -0.839523 0.0345524 1 1 : 0.2
0.495453 1 0.915946 -0.269333 0.420581 -0.737406 0.0817231 -0.0580122 -0.0987523 : 0.2
0.809514 1 0.838105 -0.257353 -0.062599 -0.957241 0.286234 -0.0774486 -0.0413567 : 0.1
0.824866 0.410185 0.854336 0.749721 0.00093817 -0.379369 -1 0.840204 -0.335337 : 0.2
0.609553 0.248489 0.39874 0.218021 0.546774 0.245228 1 0.799618 0.80752 : 0.1
0.55814 0.437077 0.978523 -0.317901 -0.918843 0.217016 0.286003 0.0673924 -0.178463 : 0.4
0.676432 0.557827 1 -0.718829 -0.0928406 -0.105971 0.486895 0.149323 -0.248526 : 0.5
0.466394 0.840521 0.829491 -0.640111 -0.0335864 0.745188 -1 0.0853087 -0.102782 : 0
0.674164 0.472514 0.733876 -0.139994 1 0.0989681 0.865258 0.566833 -1 : 0.3
0.827872 0.811821 0.882876 -0.164355 0.0280698 -0.591623 0.409873 1 -0.275248 : 0.1
0.468414 0.452465 0.884515 -0.248184 0.518676 -0.675235 1 0.469273 0.303629 : 0
1 0.235787 0.787523 -0.37747 -0.035779 -0.218878 1 -0.314013 1 : 0.1
0.489097 0.430606 0.881616 -0.221572 -1 -0.98281 0.628025 0.487807 0.00449041 : 0.1
0.346398 0.54787 0.939799 -0.142718 -1 -0.02202 0.289613 -1 0.662517 : 0
0.569632 0.82925 0.618479 -0.825828 1 -0.813304 -0.0412045 -0.265972 0.270718 : 0.1
0.51609 -0.0843583 0.912578 -0.357512 -0.00400424 0.0643117 0.8183 0.326206 -0.10217 : 0.3
0.378809 0.563696 0.448642 -0.267731 0.0581158 0.176672 0.539092 0.44867 0.653824 : 0.1
0.670374 0.937163 1 -0.488605 -0.136303 -0.203375 0.895863 0.240455 -0.133798 : 0.3
0.481986 0.276258 0.7567 -0.865106 -0.816645 -1 0.958126 1 0.886067 : 0.3
0.56036 0.291977 0.863369 -0.547252 -0.480009 -0.476699 -0.0639408 0.702813 0.449034 : 0.3
0.636068 0.384679 0.84647 0.20993 0.48047 0.923771 0.590513 0.326115 -0.657939 : 0
1 1 0.970412 -0.40652 -0.909203 -0.660725 1 -0.474728 0.46892 : 0.2
0.593874 0.673572 0.994619 -0.691828 0.00316612 -0.712274 0.285964 0.597694 1 : 0.3
0.673711 0.360131 0.995274 0.866551 -0.0228849 0.647235 0.375042 0.291078 0.145045 : 0.4
0.669221 0.430611 0.957745 -0.831132 -1 -0.632043 0.456 0.473671 -0.341918 : 0.5
1 0.915067 0.604869 -0.462133 0.286647 0.701204 0.7372 0.134112 -0.813654 : 0.1
0.290565 0.480983 0.894941 -0.700099 0.536125 0.292833 1 -0.0842416 -0.254701 : 0
0.792138 0.394484 0.923199 -1 0.267358 -0.482217 0.552886 1 1 : 0.7
1 0.472672 0.911653 -0.684642 -0.626437 0.363042 0.166369 -1 0.0514265 : 0.6
1 0.483703 0.824032 -0.74104 0.836705 -0.791706 0.481399 0.621279 0.164368 : 0.2
0.801308 0.492112 0.890364 -1 -0.0056051 -0.57121 -0.0274758 0.0297678 -0.0346159 : 0.3
0.492453 0.694508 0.720877 -0.131672 0.672208 -1 0.209891 0.484417 0.704881 : 0.1
0.651742 0.535094 0.851382 -0.415114 -0.289952 -0.595888 0.317586 0.36074 0.562522 : 0.6
0.810662 1 0.745943 -0.554599 0.115306 -0.0654866 0.979765 0.323977 -0.857213 : 0.2
0.745901 0.659786 0.953892 -0.735199 -0.8898 -0.629499 1 -0.498241 0.0310163 : 0.4
0.997719 0.681615 0.911052 -0.657573 -0.254544 -0.226574 1 0.831486 0.391215 : 0.4
0.855684 0.316872 0.741943 -0.660403 0.177558 -1 -1 0.403398 -1 : 0.3
0.848981 0.77773 0.856693 -0.352064 0.349411 -0.198894 0.850171 -0.338173 -0.606034 : 0.5
0.615043 0.747066 0.875223 -0.288178 0.622543 -0.377145 0.034577 0.677898 0.6118 : 0.1
0.656064 0.0747667 0.821168 -0.265228 0.533883 0.398585 -0.0700784 0.260015 -0.110551 : 0.3
0.201609 0.423929 0.759258 -0.521472 -0.300986 -0.765533 0.31427 1 -1 : 0
0.483068 1 1 -0.0302358 -0.00951815 0.865688 0.952702 0.363566 1 : 0
0.790672 0.188987 0.939869 -0.216815 0.0303743 0.25053 0.797357 0.397147 -0.117104 : 0.3
0.64311 0.506886 0.851177 -0.692072 0.387786 -0.377849 0.805278 0.522524 -0.347429 : 0.4
0.471784 0.401724 0.706649 -0.154535 0.45591 -0.661726 -0.162597 0.279302 0.512126 : 0.2
0.77727 0.736188 0.883371 0.4863 0.118006 -0.535302 0.533919 0.385444 0.211023 : 0
0.75666 0.395879 0.749846 -0.55995 -0.436342 1 0.694835 0.506142 0.966996 : 0.1
0.978142 0.654838 0.779822 -0.186131 -0.37197 -0.452532 0.0664503 0.66487 0.175647 : 0.5
0.653412 -0.0626976 0.768032 -1 0.312061 0.793906 0.361907 0.131359 0.38135 : 0
0.654021 0.365448 1 0.0779408 -1 -0.139576 0.525855 0.552854 0.24802 : 0.2
0.667706 0.363076 0.896751 0.0784066 -0.8913 -0.588261 0.46052 0.443324 0.102852 : 0.3
0.628364 1 0.971231 -1 -0.103958 1 0.354178 0.0794197 0.87557 : 0
0.509566 0.514411 0.862042 -0.333188 -0.58581 -0.53284 0.442584 -0.148915 0.195378 : 0.2
0.907189 0.224598 0.782931 -0.207249 0.0800027 0.602532 0.675891 0.618381 0.0170817 : 0.2
0.49467 0.630242 0.893994 -0.532853 -0.128568 0.193968 -0.371508 0.508024 -0.387528 : 0.3
0.0124104 0.466274 0.574205 -1 -0.583857 -0.450258 0.314736 0.431348 -0.147597 : 0.1
0.630398 0.533338 0.872271 1 0.124085 0.0456724 0.399764 -0.616242 -1 : 0.5
0.726866 0.66354 0.732332 -0.778198 -0.0661637 -0.574433 0.317913 -0.856971 1 : 0.1
0.837404 0.283421 0.604378 -1 0.385447 0.112788 0.151587 1 0.671386 : 0.1
0.592405 0.206758 0.832715 0.421054 -0.45728 1 0.775557 0.584781 0.322453 : 0.3
0.646393 0.679084 1 -0.582986 0.272414 0.701069 -0.436684 0.352039 0.657111 : 0
1 0.107121 0.812064 -0.716501 0.346931 -0.455203 0.175905 0.314623 -0.362208 : 0.4
0.682209 0.32538 0.61346 -1 -0.437326 -0.482479 0.33171 0.0875655 -0.0207778 : 0.2
0.666628 0.520393 0.904244 0.374643 0.046305 -0.39357 -0.25353 0.90403 -0.543532 : 0.4
0.861855 0.568612 0.823506 0.0933757 0.445591 -0.803084 1 -0.268038 0.523737 : 0.3
0.609221 0.641863 0.990707 -0.491181 0.491632 0.0850599 1 0.750911 1 : 0.2
0.555302 0.886403 0.69107 -0.314906 0.098882 -0.314734 0.979369 0.608972 -0.062577 : 0.1
0.773861 0.788738 1 -0.150832 -0.962616 -0.575164 1 0.425248 0.9671 : 0.4
0.6572 0.711598 1 -0.0419238 0.925669 -1 0.76589 1 1 : 0.1
0.650192 1 0.962351 0.235778 0.473834 1 -0.309441 -1 0.0832328 : 0.1
0.871191 0.691727 0.784237 -1 -0.261032 -0.676652 0.774639 -0.260268 -0.148256 : 0.4
0.959382 0.494007 0.567896 -0.627912 -0.0164765 -0.853592 1 0.242702 1 : 0.5
0.711812 0.174546 0.837126 -0.259177 -0.712521 1 0.325585 1 -0.930734 : 0.1
0.458584 0.548188 0.674888 -0.980977 -0.271878 0.486761 -0.180435 0.204141 -0.199522 : 0
0.405264 0.800604 0.948566 -0.58459 -1 -0.00136437 0.536403 0.799062 -0.805091 : 0.4
0.753133 0.25219 0.759021 0.445214 0.22965 0.255964 0.0549173 -0.945973 0.486364 : 0
0.732319 0.171194 1 0.61899 -0.356686 -0.520374 0.251669 0.0273886 0.223267 : 0.4
0.493343 -0.0451227 0.852796 -0.320308 -0.6018 -0.683491 0.160383 1 0.421713 : 0.3
0.603381 1 0.171345 -0.262366 0.048363 -0.458887 0.650823 0.315839 0.803815 : 0
0.877024 0.518587 0.988859 -0.0161111 -0.189753 -0.234897 -0.255971 0.0230815 -1 : 0.5
0.970662 0.580296 1 -0.876538 -1 -0.99207 1 -0.00518876 0.0641277 : 0.3
0.744299 0.487141 0.669327 -0.113438 -0.362101 -0.584336 -0.055459 0.6605 -0.433218 : 0.7
0.829588 0.520642 0.966108 -0.370954 0.10986 -0.595321 0.348271 0.47764 -0.180968 : 0.6
0.663241 0.57938 0.798975 -0.736471 0.750382 -0.320467 0.597441 -0.697838 -0.550706 : 0.3
0.564178 0.582235 0.78519 -0.46719 0.0268614 0.0308539 0.107636 -0.454208 1 : 0.3
1 0.670116 0.986734 -0.73044 0.093729 -0.563667 0.348396 0.32487 -0.403481 : 0.4
0.577606 0.733903 0.943393 0.125674 -0.737417 -0.865472 0.54745 0.619165 0.141138 : 0.1
0.707069 0.317482 0.751477 -0.162922 -0.929366 -0.508682 0.441258 -1 0.811811 : 0.3
0.706007 0.670825 0.945106 -0.49068 0.122848 0.927948 0.257418 0.947154 0.891753 : 0.1
0.629672 0.795675 0.856568 0.225127 -0.152446 -0.281638 0.43958 -0.0780211 -0.109122 : 0.4
0.827986 0.534546 0.889093 -0.0195572 0.489076 -0.239424 0.913931 0.0332322 -1 : 0.3
0.753443 0.371825 0.882354 -1 0.774941 0.51519 1 0.057175 0.737311 : 0.3
0.184832 0.621121 0.853376 1 0.0331002 0.223302 -0.476901 -1 0.676983 : 0
0.603217 0.658967 0.899127 -0.358431 0.328644 0.164859 0.791478 -0.0557007 0.41733 : 0.5
0.66809 0.934627 0.920551 0.785116 0.467414 0.506236 0.233642 0.0307568 -0.270408 : 0
0.71308 0.787476 0.879188 0.0852573 0.314982 -0.932063 0.148568 0.202456 0.29255 : 0.1
0.741071 0.554417 0.59732 -0.29778 -0.563196 -0.21458 0.347773 0.574543 0.220488 : 0.5
0.704627 0.376854 0.871693 -1 0.602984 0.382893 0.622681 1 0.868159 : 0.5
0.742734 0.541283 0.860257 -0.439496 -0.624696 0.271932 1 0.0317393 -0.227627 : 0.3
0.797719 0.272026 0.945604 -0.370789 0.0787508 0.629581 0.509078 0.11785 0.0861523 : 0.3
0.657577 1 0.73643 -0.654079 0.590487 -0.446883 0.528514 0.393949 0.328641 : 0.1
1 0.502102 0.720808 -1 0.359527 -1 0.522857 -1 0.60744 : 0.4
0.745886 0.746482 0.940063 -0.794564 0.372713 0.749563 0.31887 -0.572685 0.60582 : 0.5
0.634402 0.52207 0.998616 -1 0.355908 -0.540491 -1 0.149659 -0.384559 : 0.2
0.873066 0.529638 0.759056 -0.877785 -0.199322 -0.628201 -1 -0.115992 0.585011 : 0.3
0.546095 0.195407 0.999136 -0.500844 0.0669687 -0.675104 0.295312 0.51217 0.641408 : 0.3
0.618353 0.679498 0.24758 0.000711083 0.169791 -0.252819 0.317643 0.166964 0.104779 : 0.1
0.559388 0.301992 0.86141 -0.0576438 0.658966 -0.868391 0.677109 0.356984 -0.18131 : 0.3
1 0.631954 0.662909 -0.445444 -0.794748 -0.596699 -1 0.588335 -0.230719 : 0.4
0.525104 0.36985 0.894657 0.834911 0.14521 -0.567596 0.959487 -0.327138 -0.28024 : 0.4
0.666686 0.362339 0.735938 0.134152 -0.567221 -0.395821 0.342437 0.571069 0.327897 : 0.4
0.622976 1 0.896915 -0.342241 -0.134473 0.0252815 0.346811 1 0.54392 : 0.1
0.601274 0.276526 0.901527 -0.680005 0.736237 0.0452636 0.181548 0.825398 -0.61524 : 0.3
0.606638 0.633709 0.942686 -1 0.200358 0.790233 0.432513 1 -0.474302 : 0.2
0.56168 0.660867 0.823448 -0.539148 0.0363243 0.891226 0.552046 0.369302 -0.192568 : 0.1
0.54551 0.460987 0.829333 0.297013 -0.244124 0.147862 0.636702 -0.0893836 -0.228588 : 0.2
0.665902 0.525403 0.860835 -0.724495 0.327062 0.0715316 0.759667 0.551748 -0.0265864 : 0.4
0.798605 0.677981 0.961171 -1 -0.238962 -1 -0.059677 0.718707 -0.832801 : 0.3
0.953574 1 0.888951 0.0528015 0.4378 -0.657122 0.797437 -0.175538 0.559984 : 0.3
0.706497 0.659944 0.930482 -0.178016 -0.331374 -0.301601 0.369113 -1 -0.208825 : 0.2
0.574404 0.948291 0.952967 0.0332277 -0.112203 -0.96618 -0.0720373 0.196183 -0.603117 : 0
0.757379 0.673099 0.813885 -0.852929 0.191247 -0.41828 0.705311 0.89382 -0.62653 : 0.5
0.84926 0.633842 0.699998 0.698412 0.133993 0.582601 0.612106 0.727939 1 : 0.2
0.474979 1 0.990252 -0.366765 1 -1 0.803031 0.552378 1 : 0.1
0.674986 0.204084 0.947869 -0.37677 0.00394788 -0.354969 0.510695 0.573055 0.0462604 : 0.4
1 0.141762 0.687932 -0.0454723 0.820478 -0.728943 0.711685 1 -1 : 0.3
0.712311 0.996405 0.827834 -0.241832 -0.39767 -0.236983 0.408533 0.227568 0.639837 : 0.4
0.512026 0.569583 0.770781 -0.698031 -0.337362 -0.183193 0.58192 0.383005 -0.188977 : 0.5
0.598476 0.451465 0.825194 -0.732396 -0.675758 1 0.624053 0.513143 -0.283087 : 0.2
0.379977 0.41322 0.807957 -0.403211 0.431552 -0.24104 -0.384396 0.774889 1 : 0.1
0.855579 0.346688 0.806071 -0.344618 0.184054 -0.426417 -0.603375 0.260184 -0.88315 : 0.4
0.850866 0.281272 0.721068 -0.726224 -0.206648 -0.0815774 0.523055 0.451 0.0888389 : 0.4
0.830804 0.437186 0.796493 -0.339042 1 -0.201227 0.238521 0.395037 -0.121368 : 0.4
0.81869 0.406071 1 -0.617513 -0.221268 -0.155921 0.563366 0.857374 -1 : 0.6
0.207745 0.807292 0.866646 -0.192688 -1 -0.0912461 0.295884 0.18973 1 : 0
1 0.520611 1 -0.241656 0.432704 -0.245641 0.546778 -1 -0.985891 : 0.5
0.764396 0.20865 0.92778 -0.541861 -1 -0.261535 0.278876 -0.4901 -0.13947 : 0.4
0.894102 0.720881 0.659523 -0.15513 -1 0.149966 0.894551 -0.0350932 -0.0214385 : 0.3
0.772913 0.511528 1 -0.40914 0.958248 -0.609267 0.316558 0.336318 0.863897 : 0.1
0.706055 0.133736 0.967443 -0.607616 0.97507 0.16645 0.437631 0.0393875 -0.480601 : 0.2
0.690755 0.669212 0.808767 -0.392604 0.948316 -0.234355 -0.297966 0.106576 -0.482382 : 0
0.671737 0.5348 0.860648 -0.994717 0.242036 0.0730557 0.728715 -0.252014 -0.108249 : 0.6
0.788899 0.834182 0.986151 -0.407775 -0.754876 -0.451605 -0.493898 0.163858 -0.16591 : 0.2
0.686832 0.755687 0.936748 -0.40593 1 -0.278459 0.87915 0.111293 0.930772 : 0.2
0.61971 0.555566 0.830966 -0.808115 0.180792 0.448223 0.821647 0.942212 0.171339 : 0.2
0.79617 0.680649 1 -0.275876 -0.718055 0.118782 0.419412 0.51957 0.101492 : 0.5
0.454924 0.50134 0.823704 -0.658045 -0.0926202 -0.404104 0.791012 1 -0.118613 : 0.3
0.692796 0.597467 0.619909 0.028613 0.169136 -0.0302533 0.737393 0.316039 -0.398451 : 0.5
0.813661 0.47282 0.991067 -0.631891 1 -0.761826 0.116656 0.869091 0.0977751 : 0.1
0.50199 0.752012 0.833599 -0.277393 -1 -0.105907 -0.163984 0.989618 -0.118215 : 0.3
0.954579 0.687443 0.659856 -0.108339 0.516365 0.231684 -1 0.356859 0.533123 : 0
0.423022 0.944541 0.973737 -0.478588 0.991032 -0.565184 0.291111 0.859115 0.255381 : 0
0.508206 0.454939 0.887781 -1 0.223202 -0.951845 -1 0.34634 -0.365514 : 0.2
0.509169 0.523131 0.956271 0.746044 -0.272338 -0.496255 0.375962 0.882519 0.887845 : 0.2
0.777689 0.798713 0.453474 0.012697 -0.0371234 -0.82806 0.440415 1 0.690149 : 0.1
0.470384 0.562487 0.880719 -0.686673 0.0105693 -0.769676 0.908413 0.15214 0.458922 : 0.2
0.703356 0.883894 0.704919 0.165227 1 -0.616572 0.986867 0.897019 0.805951 : 0.2
0.665943 0.394664 1 -1 0.225062 1 -0.0326664 -0.900598 -0.332714 : 0.2
0.793993 0.540078 1 -0.118896 -0.179569 0.21309 1 0.105049 -0.192296 : 0
0.539112 0.539158 0.90299 -0.369628 0.67756 0.959444 0.889888 0.988038 -0.573282 : 0.1
0.436067 0.456687 0.912435 -0.748349 -0.264446 0.386237 0.666411 -0.428192 -0.0584722 : 0.3
0.333104 0.367643 0.748149 -0.857563 -0.373765 -0.538271 -1 -0.0184653 -0.817139 : 0.1
0.61346 0.478996 0.821 -0.66784 -0.225832 -0.295519 0.500535 1 1 : 0.3
1 0.705468 0.93375 -0.566307 -0.46061 -0.0121092 0.341879 0.138423 0.231376 : 0.2
0.454029 0.424534 1 -0.493824 -0.691488 -0.216459 0.459168 0.692445 1 : 0.4
0.650495 0.874296 0.900071 -0.0833727 -0.371737 0.872652 0.719345 0.767301 0.0541145 : 0.4
0.44307 0.58559 0.999859 -0.581199 -0.886244 -0.722007 0.76972 0.900052 -0.303675 : 0.1
0.714853 0.219896 1 0.265657 0.496761 -0.974445 0.61901 0.251986 -1 : 0.4
0.892574 1 0.935906 -0.264158 0.335768 -0.378063 -0.133715 0.611114 -0.257905 : 0.1
0.786245 0.661093 0.865309 -0.924855 0.338771 0.775871 0.144624 0.474167 -0.78808 : 0.1
0.710092 0.370666 0.976279 -0.667874 -0.177033 -0.588935 0.575232 0.972906 0.823349 : 0.5
0.661604 1 0.95381 -0.728709 -0.400733 -0.228589 1 -0.261525 -0.324808 : 0.2
0.72644 0.45964 0.797324 -1 -0.333641 -1 0.369081 0.321533 0.100321 : 0.4
0.667711 0.358772 0.743691 -0.133702 0.0753792 0.179336 -0.137382 0.443924 0.637044 : 0.5
0.587113 0.669834 0.968623 -0.464439 -0.996962 -0.237905 0.60159 0.405927 -0.00324681 : 0
0.610321 0.528403 0.446716 -0.677386 1 0.137109 -0.363546 0.466561 -0.428903 : 0.1
0.756185 0.700254 0.979555 -0.621246 -0.667762 0.257265 0.858423 1 -0.345209 : 0.5
0.722387 0.963068 0.95432 -0.762947 -0.657495 -0.484788 -0.0301604 0.133727 0.268779 : 0.1
0.448469 0.698185 0.74079 -0.70411 -0.442695 0.683967 0.141149 -0.11991 -1 : 0.3
0.563029 0.626401 1 0.748366 -0.38045 -0.281524 0.120236 0.930694 0.95528 : 0.4
0.718035 0.682663 0.980383 -0.179211 0.113014 -0.570659 0.365911 0.539719 0.116068 : 0.2
0.605412 0.604868 0.800367 -0.29231 0.0888949 -0.372204 -0.352821 0.605591 0.359921 : 0.3
0.492185 0.602533 0.986156 -0.672727 -0.55729 0.498511 0.210293 0.500481 1 : 0.3
0.472962 0.420205 1 -0.30587 -0.249665 -0.0787784 0.83909 1 -0.954126 : 0.5
0.497731 0.499608 1 -0.221338 0.552377 -0.888933 0.283646 0.521795 0.999377 : 0.1
0.63702 0.54421 0.457585 0.128379 -0.260114 0.291127 0.101489 0.516862 0.654329 : 0.4
0.754437 1 0.77757 -0.171579 0.916267 -0.130437 0.0434498 0.767854 -0.819026 : 0.2
0.590328 0.602643 0.813078 0.18966 0.125012 -0.821441 0.209137 1 -0.0179114 : 0.3
0.640363 0.667873 1 -0.209806 0.713647 0.038618 -0.244824 0.146962 -1 : 0.1
0.70701 0.392997 0.741718 0.218442 0.414255 -0.538875 0.668467 -0.703141 0.231525 : 0.3
0.677883 0.411977 1 -0.611692 0.291139 -0.882123 0.263007 0.540657 -1 : 0.5
0.794368 0.576208 0.934308 -1 0.454943 0.962017 -0.282544 -0.0312405 -0.915347 : 0.2
0.843798 0.75533 0.907422 -0.36388 0.298041 0.753496 0.222818 0.409428 0.896344 : 0.4
0.874054 0.979156 0.340185 0.129597 0.286285 0.684856 0.381872 0.313511 0.497085 : 0.6
0.674057 0.653722 0.742573 -0.362819 -1 -1 0.116117 0.444648 0.0884391 : 0
0.694172 0.617411 0.809344 -0.278223 -0.960475 0.0585427 0.683164 0.823427 -0.746214 : 0.4
0.494799 0.541422 0.949859 -0.251322 0.192626 -0.448004 0.779091 -0.146763 0.368006 : 0.3
0.648325 0.303476 0.973291 -0.678082 -0.0171217 0.777736 1 0.448228 0.213214 : 0.5
0.576663 0.458294 1 -0.356699 -0.216362 -0.0328159 0.126162 1 -0.322467 : 0.4
0.77643 0.631518 0.80363 -0.475385 0.191578 0.922202 0.326988 -1 -0.263043 : 0.2
1 0.616095 0.340653 -0.261073 0.652062 -0.539282 0.0164459 0.328495 -0.352027 : 0.4
0.694398 0.592502 0.852346 -0.983482 0.156126 -0.478922 0.749112 0.315154 -0.151501 : 0.6
0.560587 0.530611 0.656672 0.0036571 -0.105566 -0.187105 -0.247847 0.431229 0.998886 : 0.3
0.744088 0.834964 0.755089 -0.901958 0.741121 -0.125454 0.521794 0.6698 1 : 0.2
0.908633 0.675407 1 -0.12084 -1 -0.513692 0.470024 0.037319 1 : 0.6
0.674966 0.826785 0.967915 -0.34565 -0.811001 -1 1 0.384293 0.405262 : 0.2
0.936403 0.470815 0.699212 -0.604536 -0.945062 0.297433 0.552481 0.553248 0.56358 : 0.3
0.307755 1 0.880668 -0.671178 -0.0648865 -0.80662 -0.95691 0.289377 -1 : 0.1
0.627894 1 0.767545 0.216303 0.612005 0.794225 -0.534103 0.249259 0.361036 : 0.2
0.687345 0.547033 0.87614 -0.340818 0.00023222 0.293542 0.556756 0.470784 0.472216 : 0.3
0.898903 0.557835 1 -1 -0.0789562 -0.530239 0.566285 0.486145 -0.650504 : 0.6
0.65075 0.164751 0.998327 -0.757279 -0.0451967 0.570904 0.185181 1 -0.748497 : 0.2
0.523003 0.194898 0.769801 0.765862 -0.262498 -0.407862 0.148539 0.66104 0.223477 : 0.4
0.600299 0.561678 0.764641 -0.200199 -0.59319 -0.214109 -0.756317 -0.741745 0.534384 : 0.1
0.59921 0.529276 0.542958 -0.670976 -0.88128 -0.84368 -0.414861 -0.0833166 -0.254751 : 0.1
0.429745 0.63112 0.964312 -0.264919 0.0312802 0.717482 -0.248848 0.380123 -0.52056 : 0.4
0.491641 0.0573231 0.824394 -0.259847 -1 0.322243 0.481381 0.779589 0.856194 : 0.3
0.586157 0.623676 0.83138 -0.467067 0.00055474 -0.415065 0.166462 0.703922 1 : 0.2
0.649521 0.889095 0.739386 -0.278478 0.850342 -0.383543 0.724262 -0.945198 -0.545848 : 0.2
0.681462 0.426194 0.513691 -0.660491 -0.697888 0.26808 0.69347 0.650007 0.392498 : 0.2
0.857848 0.589779 1 -0.407961 0.200229 -0.286638 0.645023 -0.0746187 1 : 0.6
0.480938 0.599593 0.884861 -0.547492 -0.0522323 -0.869245 0.671172 1 0.13277 : 0.1
0.518254 0.751251 0.915446 -0.487484 0.504586 0.721145 0.517657 0.575201 0.691976 : 0.1
0.619402 0.499547 0.987453 -0.972644 0.40884 -0.487838 0.201872 0.710618 0.336843 : 0.5
0.674956 0.957406 0.930084 -0.541588 0.331345 0.262309 0.409664 0.136111 0.537774 : 0
0.971147 0.0517908 0.306891 0.408186 0.456632 0.376136 0.628134 0.539474 -0.401531 : 0
0.244643 0.654071 0.963692 -0.173686 0.66317 0.0894627 -0.212602 0.299029 -0.0272706 : 0.2
0.709064 0.533636 0.93716 -0.996668 0.369688 0.0892178 0.589282 -0.0657118 -0.0888907 : 0.5
0.82724 0.807451 1 -0.370238 -0.999457 -0.638881 0.235266 -0.344619 -0.908598 : 0.2
0.54754 0.360864 0.514798 -0.71062 1 0.857891 -1 0.659521 -0.390011 : 0
0.67818 0.268685 1 0.183102 -0.169549 -0.472937 -0.467685 0.818967 0.638134 : 0.2
0.721042 0.598927 0.902311 -0.406063 0.251032 -0.369229 0.1635 0.561439 0.444399 : 0.3
0.401957 1 0.824662 -0.244319 -0.0254389 0.0561427 0.419659 -0.128188 -0.582234 : 0
0.71917 0.461971 1 -0.29062 -0.130831 -0.885215 0.703254 0.371413 0.290484 : 0.3
0.772855 0.767732 0.824277 -0.451053 -0.126978 -0.176788 0.60931 0.755699 -0.594756 : 0.4
0.537324 0.288723 0.296882 -0.246811 0.0512902 -0.685713 0.671799 0.437302 0.382033 : 0.4
0.620499 0.765437 0.892596 -0.768925 -0.122957 -0.450324 0.423245 0.452248 0.947968 : 0.4
0.707727 0.437222 0.534592 -0.266236 0.408049 0.617155 0.95578 0.182284 -0.081289 : 0.3
0.665289 0.409148 0.71227 0.427509 0.371514 0.203666 0.980858 0.711396 -0.721593 : 0.4
0.673031 1 0.354438 -0.290629 0.295662 -0.180033 0.303652 -0.191415 0.552802 : 0.4
0.678974 0.483149 0.198603 -0.241751 0.372266 0.119744 0.583914 0.633476 -0.254379 : 0.1
0.959859 0.593154 0.859879 -0.103094 0.311996 0.127374 3.21269e-05 0.325308 -0.0142672 : 0.1
0.667121 0.336602 0.77109 -0.787081 -1 -0.706487 0.702269 -1 0.369364 : 0.3
0.686315 0.499829 0.811861 -0.916963 0.513289 0.834831 -0.00859785 -0.501245 1 : 0.2
0.734035 0.357995 0.708333 -0.701649 -0.422408 -0.643589 -1 0.409381 -0.380302 : 0.3
0.735445 0.411808 0.967855 -0.652555 -0.769436 -0.334635 -0.538135 0.632814 0.0448309 : 0.6
0.57896 0.538478 0.780645 0.283303 0.080072 -0.469263 0.757544 0.875593 1 : 0.2
0.60863 1 0.817477 -0.404048 -1 -0.422731 -0.746882 1 0.223799 : 0
1 0.933566 0.663821 -0.606723 0.304346 1 0.534194 0.564615 0.746914 : 0.1
0.632009 0.384212 0.772891 -0.6368 0.0479804 -1 0.636263 0.287397 0.796708 : 0.1
0.692586 1 0.942731 0.161893 -0.240406 -0.0443383 1 0.541288 1 : 0.1
0.617097 0.459239 0.932005 -0.192287 0.264902 0.403508 1 0.0498872 -0.266804 : 0.4
0.700281 0.831973 0.909825 0.629713 -0.0760007 0.783515 0.290126 -0.235031 0.142904 : 0.4
0.317732 0.440008 0.783741 0.0931018 -0.172776 -0.00112513 0.79322 0.758997 -0.119626 : 0.1
0.683634 0.489936 0.861806 -0.180739 0.241053 -0.208775 0.738561 -0.160337 0.300447 : 0.4
0.448558 0.23387 0.790088 -1 0.0662157 -0.371688 0.203898 1 -0.484759 : 0.5
0.592818 0.519043 1 -1 0.579337 0.0201439 1 0.328168 -0.604938 : 0.4
0.483158 0.545489 0.852197 0.616133 0.0163426 0.146409 1 0.0968455 -0.368797 : 0.2
0.561431 0.659985 0.997333 -0.237627 0.185441 0.519541 0.431934 0.367499 -0.692109 : 0.1
0.829503 0.670081 0.942498 -0.669322 0.503023 -1 -0.148553 -0.0134771 0.475634 : 0.6
0.54729 0.509853 0.87511 -0.203186 0.122593 1 -0.284806 0.875619 -0.649229 : 0.1
0.724292 0.50234 0.933077 -0.822405 -0.713463 0.0309527 0.525579 0.532104 0.437802 : 0.5
0.582813 0.582635 0.896814 -0.134535 1 0.80294 0.140398 0.572775 -0.295672 : 0
0.995048 0.631778 0.831317 -0.168462 -0.418563 -0.210131 0.709616 0.135299 -0.096149 : 0.5
0.643522 0.768662 0.672165 0.0395476 0.181155 -0.708078 0.98008 0.888992 0.903085 : 0.1
0.72707 0.487078 0.849716 -0.728866 -0.101184 -0.280429 0.814805 0.547657 0.237216 : 0.3
1 0.781062 1 0.359408 -0.0448137 -0.262426 0.810952 0.0692984 0.343291 : 0.4
0.991171 0.74468 0.806268 0.411137 0.375688 0.198728 0.656079 0.0130352 -0.0726664 : 0.2
0.558568 0.698028 0.914107 -0.612317 0.167944 -0.184548 0.296514 -0.596588 0.540795 : 0.6
1 0.434514 0.757018 -0.706073 -1 -0.397224 0.474684 0.468464 0.0160144 : 0.6
0.74852 1 0.78855 -1 0.267097 -0.456631 0.215004 0.0676468 0.239818 : 0.1
0.692052 0.527028 0.667563 -1 0.318324 -0.630323 -0.690901 1 -0.314178 : 0.5
0.796421 0.403233 0.876081 -0.745385 -0.32642 -0.511966 0.77568 -0.280473 0.0292816 : 0.5
0.642631 0.550314 0.892146 -0.993732 0.382582 0.346107 0.98305 0.280655 -0.0366778 : 0.6
0.451215 0.37532 0.778708 -0.699775 -0.313366 -0.221093 0.370065 -0.503157 1 : 0.4
0.793243 0.736611 0.960537 0.106221 -1 -1 0.467798 0.497154 1 : 0.5
0.81909 0.893074 0.773383 -0.218236 -0.674892 -0.271005 0.145395 0.931854 -1 : 0.4
0.582513 0.865665 0.951993 -0.583474 0.904691 0.691183 0.649324 0.610757 0.761452 : 0.1
0.73483 0.609489 1 -1 -0.133872 -0.0566641 0.344436 -0.349924 0.742836 : 0.6
0.681109 0.571951 0.946411 -0.394956 0.547193 0.292711 0.0333744 0.0561086 -0.126414 : 0.4
0.67252 0.78236 0.874563 -0.509312 0.395518 0.996697 0.239096 0.213511 -0.307149 : 0.2
1 0.552774 1 -0.443864 0.115307 0.0444887 -0.324822 -0.250987 -0.447768 : 0.5
0.92089 0.414143 0.8406 0.0447466 0.606915 -0.2801 0.478986 0.169656 0.257329 : 0.1
