0.641622 0.467005 0.848819 -0.559656 -0.545836 -0.198425 0.510612 0.468425 0.180088 : 0.6
0.556622 0.33354 0.907123 -0.749803 -0.720546 -0.292384 0.423462 0.0924025 0.314877 : 0.5
0.659299 0.374255 0.875167 -0.578242 0.471416 0.309131 -0.141377 0.946679 0.775576 : 0.3
0.623214 0.207401 0.86856 -0.942954 -0.0691625 0.0375738 0.724985 1 -1 : 0.4
0.637134 0.283981 0.743468 -0.998296 -0.164196 -0.337161 0.657638 0.428889 0.844437 : 0.2
0.625941 0.388432 0.830701 -0.584361 0.0604656 -0.388052 0.655364 0.959718 1 : 0.5
0.852817 0.580868 0.831722 -0.820507 -0.862366 -0.312734 0.590284 -0.143454 0.0884846 : 0.1
0.618639 0.29994 0.899004 0.00987321 -0.0841284 -0.538145 0.224023 0.199308 0.217387 : 0.4
0.640729 0.393339 0.876148 0.258909 -0.093924 -0.0615947 1 0.218532 -0.279263 : 0.4
0.687478 0.317227 1 -0.564407 -0.883365 -0.154943 -0.0227804 0.499568 1 : 0.5
0.51555 0.407415 0.793034 -0.850156 -0.48385 -0.461899 0.540646 0.574563 0.106676 : 0.1
0.514455 0.370726 1 -0.567735 -0.104282 0.16277 0.733144 1 0.0975104 : 0.4
0.703486 0.465081 0.899591 -0.554753 -0.0582703 -0.158511 -0.135569 1 -0.129639 : 0.4
0.600331 0.363858 0.822661 -0.877409 -0.352883 0.746817 0.621344 0.37252 0.585753 : 0.6
0.504683 0.607482 0.745776 -0.103005 -0.0695292 -0.190007 0.920765 0.0319156 0.00877682 : 0.5
0.683296 0.396464 0.841004 -0.597628 -0.231412 -0.242791 0.640931 0.702311 1 : 0.5
0.607642 0.352628 0.924099 -1 -0.456163 -0.72308 -0.21903 0.313919 0.200931 : 0.2
0.794762 0.296715 0.740333 -0.694552 -0.229633 -0.231527 0.450108 0.291001 -0.610921 : 0.2
0.608167 0.419354 0.912123 -0.992999 -0.0923742 -0.049704 0.78419 0.201525 0.421437 : 0.3
0.614104 0.288664 0.831746 -0.981632 -0.10735 0.717942 0.756563 0.207634 0.282897 : 0.5
0.662141 0.891775 0.850669 -0.935744 -0.143666 -0.570938 0.682261 0.933515 -0.829039 : 0.2
0.795308 0.556585 0.800326 -0.320477 -0.338352 -0.281418 -0.0174429 0.593418 -1 : 0.7
0.681618 0.351378 0.827533 -0.828054 -0.70226 -0.203159 0.588003 -0.281991 0.261565 : 0.3
0.60913 0.248768 0.765912 -0.476953 -1 0.529482 0.737676 0.803301 1 : 0.3
0.639722 0.785336 0.684847 -0.411109 -0.0800814 -1 1 -0.14055 -0.19441 : 0
0.629218 0.37865 0.863286 -0.148486 -0.227773 -0.135667 0.449086 -0.389261 -0.289702 : 0.4
0.827073 0.550515 0.819263 -1 -0.547593 -0.0828893 1 0.48588 -0.113068 : 0.6
0.668172 0.450269 0.490085 -0.564485 1 -0.883111 0.222501 0.437734 -0.162518 : 0
0.960046 0.364589 0.850785 -0.51715 -0.0895592 0.441325 0.223053 0.75754 0.85028 : 0.2
0.554095 0.492208 0.938768 -0.50386 -0.763766 0.0779173 0.69481 -0.167664 -0.158851 : 0.2
0.635341 0.400212 1 -0.331861 -0.0779468 -0.703464 0.50322 0.285599 0.962801 : 0.3
0.727221 0.519213 0.896861 0.0770779 -0.355537 0.110839 0.516218 -0.103815 -0.0509459 : 0.5
0.607322 0.328154 1 -0.70315 -0.618476 -0.661648 0.519587 -0.493559 -0.280706 : 0.2
0.619811 0.900767 0.779112 -0.45213 -0.081003 1 0.344319 0.736151 -0.54042 : 0.4
0.618505 0.456596 0.89951 0.353825 0.342172 -0.183665 0.243565 0.554346 0.218544 : 0.4
0.68067 0.394186 0.873768 -0.601221 -0.163362 -0.317798 0.615119 -0.0999497 0.140579 : 0.6
0.668653 0.352423 0.495108 -1 -0.277752 -0.704572 0.121653 1 0.593843 : 0.4
0.64621 0.523718 0.937335 0.594359 -0.499137 -0.376107 0.803253 -0.13257 0.169302 : 0.3
0.666224 0.345966 1 -0.624068 -0.718021 -0.143773 -0.664255 0.462371 0.985825 : 0.2
0.671681 0.447079 0.868354 -0.356523 0.0727177 -0.0277054 0.373902 0.53977 0.424816 : 0.5
0.53449 0.439933 0.8831 -0.887116 -0.466305 -0.0146311 0.652271 0.520004 -0.156091 : 0.3
0.612509 0.367644 1 -0.508393 0.00647578 0.616748 0.529162 0.627321 -0.154541 : 0.5
0.631518 0.439119 0.895123 -0.281158 -0.0854706 -0.497649 0.697423 -0.294181 1 : 0.5
0.614875 0.309619 0.722302 -0.195359 -0.321352 -0.681506 0.979814 0.424275 0.194731 : 0.1
0.784685 0.414976 0.86464 -0.360729 -0.222857 0.00528466 0.607954 0.158351 0.278359 : 0.8
0.691432 0.391748 0.84063 -0.488445 -0.469879 0.0604717 -0.203423 0.792806 0.0435589 : 0.2
0.671986 0.290649 0.795535 -0.448243 -0.558534 0.0484011 0.651291 1 -0.312956 : 0.4
0.68207 0.172718 0.635145 -0.847087 -0.407786 -0.436586 0.357858 0.869321 0.720257 : 0.3
0.571049 0.369186 1 -0.868824 -0.0652629 0.400647 0.497154 -0.118703 0.559794 : 0.6
0.592594 0.193458 0.912834 -0.835831 -0.206963 0.0514964 0.595188 -0.479683 -0.235235 : 0.5
0.774681 0.0634429 0.607097 -0.862241 -0.137972 -0.569061 0.45385 0.668863 0.671532 : 0.3
0.780103 0.33558 0.785742 -0.799217 -0.945997 0.539803 0.418749 1 -0.635196 : 0.2
0.611558 0.269226 1 -0.191136 0.558981 -0.417949 1 0.0455552 -0.487519 : 0.1
0.694013 0.387211 0.898053 -0.903621 0.407571 -0.126954 0.0792998 0.342342 0.676841 : 0.3
0.627946 0.363362 0.783416 -1 -0.538419 -0.479369 0.710404 0.220996 -0.190934 : 0.2
0.727183 0.484644 0.981673 -1 0.0580741 0.0187322 0.59209 -0.132817 1 : 0.6
0.912241 0.439221 0.774939 -0.596253 -0.15882 -0.451562 0.431738 0.609954 0.720603 : 0.6
0.608674 0.471587 0.817058 -0.636285 -0.0479474 0.644407 1 0.590351 -0.0282398 : 0.5
0.612853 0.329898 0.956953 -0.461736 -0.146523 -0.399197 1 0.295922 -0.285009 : 0.6
0.799777 0.5137 1 -1 -0.627321 -0.593667 0.757132 0.371978 0.016478 : 0.3
0.992495 0.359496 0.87801 -1 -0.000319242 0.30161 0.350032 0.885022 -0.244809 : 0.6
0.723387 0.420688 0.631551 -0.526786 -0.13744 0.0454479 0.820752 0.769086 0.255905 : 0.5
0.591435 0.373679 0.941717 -0.76077 -0.426606 -0.20019 0.447447 1 -0.0768475 : 0.3
0.558646 0.394653 0.75946 -0.838588 0.086572 0.398143 -0.828524 1 0.319223 : 0
0.650031 0.383684 0.830828 -0.793991 0.244905 -0.36296 -0.0341068 1 0.43152 : 0.5
0.655915 0.497846 0.733296 0.0466724 -0.417347 0.0521545 -0.114349 0.179982 0.528862 : 0.3
0.716246 0.336586 0.790957 -0.846401 -0.136748 -0.317904 0.506733 0.576724 -1 : 0.5
0.619694 0.54178 0.874152 -0.68427 -0.487735 0.83055 0.316773 -0.2428 0.185801 : 0.3
0.709565 0.838524 1 -0.363285 -0.50979 -0.158801 1 0.760904 -0.0392786 : 0.4
0.524069 0.567467 0.90463 -0.963617 -0.197793 -0.554872 0.530955 0.231641 0.160566 : 0.2
0.58239 0.533412 0.802535 -0.471513 0.137895 0.210382 0.563396 -0.0814416 0.554206 : 0.7
0.622374 1 0.910712 -0.836378 7.86185e-05 -0.454244 0.573352 -1 0.0690737 : 0.1
0.504113 0.326141 0.939309 -0.56871 0.654687 -0.371712 0.0704502 -1 -0.835989 : 0.1
0.463144 0.475018 0.720087 -0.521531 -0.377737 -0.308168 0.328373 0.295718 0.768983 : 0.4
0.948541 0.53743 0.848514 -0.990373 -0.245326 -0.41297 0.250491 0.132968 0.0241243 : 0.2
0.688511 0.210385 0.941818 -0.415124 -0.528361 -0.308416 -0.0330837 -0.729531 0.661574 : 0.1
0.667666 0.553498 0.850501 -0.536213 0.0518795 0.538394 0.187366 0.170828 0.416955 : 0.2
0.830456 0.403563 0.905266 -0.779838 -0.434386 -0.27147 0.984884 0.168296 0.453705 : 0.4
0.429876 0.400523 0.876826 -0.0626075 -0.239841 0.776647 0.696146 0.485155 -0.391752 : 0.1
0.680859 0.228043 0.878154 -0.562513 -0.524397 0.156242 -0.405677 -0.297531 0.0601694 : 0.1
0.666596 0.322042 0.739299 -0.394151 -0.334471 0.62087 0.465482 0.495855 1 : 0.2
0.558444 0.280833 1 -0.518081 -0.306784 0.00364012 0.115632 1 0.828877 : 0.5
0.475842 0.393243 0.805504 -0.842214 -0.470303 -0.854421 0.629046 0.7021 -0.0541527 : 0.3
0.515298 0.230632 0.938882 -0.811171 0.376748 -0.454396 -0.141721 0.0830726 -0.377379 : 0.4
0.608527 0.575039 0.944094 -0.762976 -0.650395 0.25081 0.765616 0.649121 -0.602944 : 0.2
0.6841 0.203188 1 -0.932239 -0.483307 -0.447177 0.543536 0.0467406 0.465709 : 0.5
0.61061 0.419552 0.861096 -0.539463 0.617148 -0.718406 -0.145426 0.643723 0.435837 : 0.1
0.725258 0.449564 0.829463 0.123478 -0.189559 0.362028 0.532483 -0.307426 -0.319744 : 0.5
0.572804 0.44985 0.955908 -0.410162 -0.348356 0.382415 -0.0535365 0.00816439 -0.395811 : 0.4
0.624832 0.424706 0.912582 -0.400828 -0.202132 0.296471 0.30677 -0.671421 0.251044 : 0.1
0.502171 0.415308 0.885241 -0.330045 -0.241162 -0.425257 0.245881 -1 0.741831 : 0.4
0.575491 0.358391 0.817678 -0.225724 -0.481933 0.392612 0.444678 0.183741 -0.315012 : 0.4
0.649285 0.297488 0.947276 -0.419307 -0.173911 0.11044 0.915627 0.241718 -0.238986 : 0.6
0.649188 0.374533 0.806398 -0.779386 -0.100734 -0.1708 0.200925 0.0160596 -0.247645 : 0.6
0.672715 0.272749 0.877931 -0.947339 -0.635374 0.311381 -0.302811 -0.577464 0.0124778 : 0.4
0.684719 0.400281 0.897447 -1 -0.310314 -0.382478 -0.432282 -1 0.636869 : 0.4
0.6157 0.334325 0.951077 -0.555528 0.201647 -0.0285864 -0.0257652 0.464927 0.295533 : 0.5
0.846127 0.498196 0.892992 -1 -0.897546 -0.757665 0.588689 1 0.109424 : 0.3
0.834727 0.37355 0.916264 -0.834482 -0.0189649 -0.05895 0.401419 0.0672778 0.325 : 0.2
1 0.356638 0.870708 -1 -0.580112 -0.0749266 0.285372 0.994244 0.531163 : 0.4
0.650959 0.406293 1 -0.551208 -0.168322 -0.375873 0.413223 0.231665 -0.110431 : 0.4
0.638648 0.305767 0.90204 -0.327478 0.154487 -0.38482 1 0.0713493 -0.245276 : 0.4
0.665729 0.430518 0.808857 0.149042 -0.272305 -0.0433064 0.750198 0.0943093 -0.212634 : 0
0.80626 0.358012 0.814407 -0.530575 -0.281906 0.0417669 0.789648 0.543821 0.407147 : 0.5
0.573967 0.524152 0.901119 -0.834917 0.0274143 0.399018 0.58653 0.176489 -0.584683 : 0.3
0.592476 0.213407 0.866561 -0.829364 -0.0571031 0.410504 -0.254171 0.449999 -0.150694 : 0
0.726562 0.532938 1 -0.571326 0.0654286 0.260702 0.335045 0.98829 0.611696 : 0.6
0.577334 0.336087 0.927459 -0.564119 -0.227353 -0.152408 0.281509 0.929116 0.299571 : 0.2
0.629227 0.199168 0.528215 -0.93308 -0.157159 -0.335635 0.514931 0.358477 -0.31882 : 0.4
0.494108 0.331131 0.900007 -0.80278 -0.564808 -0.2681 0.417859 1 -0.191097 : 0.1
0.582958 0.380484 0.737585 -0.622514 -0.137174 -0.71033 0.301979 0.794915 0.679111 : 0.4
0.555119 0.227149 0.778363 -0.962732 -0.987657 -0.0726296 0.455062 0.377704 1 : 0.2
0.609205 0.299158 0.870125 -0.714653 -0.769586 0.197703 -0.123967 0.2834 1 : 0.3
0.844371 0.346234 0.876058 0.143048 -0.546956 0.223639 0.478232 0.305711 -0.0362039 : 0.1
0.595048 0.0167739 0.881225 -0.723455 -0.370638 -0.94076 0.0697326 0.752896 -0.0804923 : 0.3
0.656851 0.326937 0.925774 -0.370197 -0.159989 0.116363 0.472174 0.689664 -0.321369 : 0.6
0.52536 0.318969 0.849983 -0.803646 -0.740101 0.180642 0.0887383 1 -0.169446 : 0.3
0.468674 0.448123 1 -0.175159 0.0169256 -0.493795 1 -0.388835 1 : 0.1
0.730672 0.433915 0.886536 -0.575689 -0.0834507 -0.210826 0.449685 0.142386 1 : 0.4
0.521901 0.318114 0.86065 -1 0.080488 0.053508 0.260345 0.586866 1 : 0.6
0.636047 0.439126 0.861554 -1 -0.202438 -0.158135 0.484176 1 0.51166 : 0.3
0.603639 0.362578 0.839548 -0.229903 -0.322114 -0.0270421 0.671858 0.481628 1 : 0.3
0.478733 0.42977 0.994598 -0.457943 -0.583869 -0.0733954 0.532339 0.527571 -0.322975 : 0.4
0.79159 0.340453 0.690474 -0.752053 0.167504 -0.385564 0.659698 0.749308 0.352881 : 0.4
0.7445 0.352418 0.960551 -0.982002 -0.721386 -0.0508507 0.133525 -0.24012 0.902526 : 0.2
0.722377 0.50076 0.893077 -0.422617 -0.713107 0.23194 0.640284 0.0793482 0.662875 : 0.4
0.604181 0.447484 0.894788 -0.912431 0.0276381 -0.279788 0.0184534 1 0.160222 : 0.3
0.659271 0.360924 0.81572 -0.916925 -0.962386 -0.800669 0.68325 0.400428 -0.272707 : 0.5
0.562435 0.516441 0.816541 -0.448351 -0.320965 0.0415029 0.606562 -0.285494 -0.216995 : 0.5
0.624008 0.184809 0.794091 -0.0804145 -0.0424088 -0.227757 0.51417 0.757368 -0.900128 : 0.3
0.634929 0.423688 0.880721 -0.710543 0.113345 -0.348243 0.77666 0.570126 0.512576 : 0.4
0.783278 0.295504 0.896826 -0.223308 0.0823007 -0.234372 0.52574 0.35116 0.995816 : 0.4
0.665224 0.388944 0.816593 0.219697 0.0727717 -0.662826 0.810154 0.424699 -0.197314 : 0.4
0.741363 0.471901 0.905094 0.115708 -0.738276 -0.640078 0.611703 -0.494319 0.309811 : 0.1
0.635495 0.410943 0.9392 -0.0697925 -0.120688 -0.316104 0.855052 0.265571 0.57647 : 0.4
0.740354 0.45304 0.795644 -0.352016 -0.156282 1 -0.167853 0.483687 0.68214 : 0.1
0.522754 0.461452 0.818038 -0.990481 -0.232462 -0.118539 0.913448 0.659492 -0.804484 : 0.6
0.61657 0.410108 0.845776 -0.605717 0.0321724 0.345034 0.48911 0.397087 -0.252575 : 0.5
0.339425 0.583809 0.88843 -0.370571 -0.644138 -0.401826 -0.00256652 -0.74258 0.462562 : 0.1
0.589845 0.314872 0.858405 -0.571748 -0.578327 -0.188834 0.356559 0.33947 1 : 0.2
0.561642 0.382381 0.82018 -0.65023 0.0875441 -0.401713 0.490521 0.258515 -0.238864 : 0.7
0.6194 0.260023 1 -0.619158 -0.322858 -0.274201 0.782084 -0.143171 0.271508 : 0.3
0.732225 0.415184 0.754344 -0.948992 0.0528663 -0.252951 0.408843 0.44967 -1 : 0.6
0.591318 0.349733 0.875155 -0.77032 -1 -0.321795 1 0.120842 -1 : 0.2
0.501809 0.333088 0.744257 -0.857794 -0.185787 0.252641 0.384897 0.966013 0.835917 : 0.4
0.641822 0.455306 0.851345 -0.965998 -0.586888 -0.0833914 0.779475 0.347993 -0.189197 : 0.6
0.562515 0.352889 1 -0.828902 0.543201 0.592965 0.623701 0.479595 -0.566787 : 0.2
0.555006 0.474375 0.844818 -0.816 -0.578595 -0.0497895 0.345977 1 0.490856 : 0.1
0.626619 0.366179 0.926469 -0.831053 -0.138174 -0.478146 0.253533 0.307516 1 : 0.6
0.865774 0.279587 0.846946 0.0311445 -0.524381 -0.962722 0.474434 0.213821 -0.112673 : 0.2
0.769542 0.329031 0.394787 -0.282491 0.0582812 -1 0.490447 -0.923726 0.464584 : 0.2
0.819148 0.436781 0.935266 -0.857784 0.442892 -0.245326 0.318745 1 0.322319 : 0.5
0.63811 0.37577 0.982867 0.377282 -0.229001 -0.376373 0.0701439 0.988262 0.47878 : 0.6
0.529852 0.241666 0.848727 -0.49723 -0.606537 0.651362 0.494119 0.283959 -0.0339894 : 0.5
0.579566 0.37828 0.915005 -0.435222 -0.228262 0.698861 0.150712 0.160826 -0.365089 : 0.2
0.46458 0.483079 0.7907 -0.924866 -0.66105 -0.515693 0.0625737 -0.365472 -0.0226519 : 0.4
0.718594 0.338094 0.881996 0.200111 -0.838529 -0.293751 -0.0078171 0.325317 1 : 0.3
0.514129 0.371506 0.864561 -0.906909 -0.514724 -0.254274 0.64143 -0.543274 0.981992 : 0.6
0.639238 0.454888 0.888116 -0.696985 -0.522049 -0.0820832 0.539911 0.406836 -0.394771 : 0.3
0.536103 0.468427 0.86122 -0.726188 0.103803 -0.0902216 0.650429 0.139623 -0.114658 : 0.4
0.646265 0.374044 0.816463 -0.904964 -0.158833 0.0588231 0.559369 0.786176 -0.279668 : 0.6
0.617518 0.363674 0.906031 0.336489 -0.031714 0.425446 0.632261 -0.617916 -0.480965 : 0.5
1 0.462866 1 -0.27072 -0.0195365 0.961539 0.9072 -0.128973 0.271652 : 0.5
0.60197 0.323995 0.95703 0.241746 -0.261106 0.557098 0.166643 0.223633 1 : 0
0.726011 0.421165 0.944104 -1 -0.162427 -0.407941 0.122055 -0.345426 0.278389 : 0.4
0.778751 0.4757 0.772119 -0.912526 -0.121188 -0.158769 0.839815 1 0.616807 : 0.4
0.706821 0.310428 0.794367 -0.804072 -0.54237 0.689864 0.445548 -0.0516713 -0.103037 : 0.4
0.574134 0.208267 0.901424 -0.372481 -0.698473 -0.638566 0.653114 -0.506256 -0.266107 : 0.3
0.519103 0.261691 0.886436 -0.387263 -0.387146 -0.546672 0.237589 -0.430881 0.408531 : 0.3
0.69881 1 0.782674 -0.820533 -0.698129 -0.101439 0.302233 -0.147947 -0.188543 : 0.2
1 -0.129486 0.918235 -0.178878 -0.382312 -0.245299 0.325535 0.0266295 -0.125025 : 0.3
0.681953 0.366243 0.831162 -0.667479 0.0840616 -0.120447 0.34057 0.693553 -0.118002 : 0.5
0.575982 0.240594 0.873866 -0.888615 -0.0911124 -0.0722588 0.434489 0.410398 0.0406458 : 0.9
0.700385 0.365566 0.702144 -0.660147 -0.296843 -0.0832424 0.477595 0.968861 1 : 0.4
0.644505 0.335279 0.859676 -0.512345 -0.0661089 1 0.335085 0.395252 0.221956 : 0.1
0.785113 0.386612 0.897438 0.0449448 -1 -0.860624 0.234281 0.310557 -0.745082 : 0.3
0.63153 0.245222 0.949871 -0.835616 -0.967256 0.184051 0.512167 0.698012 -0.222295 : 0.4
0.6278 0.454838 0.73837 -0.815023 -0.0798071 -0.438311 0.465486 -0.314669 0.572039 : 0.3
0.61564 0.372839 0.776212 -0.575605 -0.159247 0.660559 0.384644 0.16496 -0.380426 : 0.4
0.568035 0.522517 0.947172 -0.921418 -0.409636 0.39906 0.214939 0.457364 -0.026964 : 0.1
0.648432 0.450459 0.881277 -0.579785 -0.203393 -0.406678 0.602883 0.388976 -0.302474 : 0.7
0.569425 0.364883 0.848544 -0.635457 -0.305261 0.58455 -0.0397913 0.489517 -0.343081 : 0.1
0.709241 0.637674 0.976946 -0.716908 -0.675633 -0.507363 1 -0.32813 0.0472883 : 0.4
0.639382 0.242052 1 -0.722251 -0.0248091 -0.721893 0.261313 0.419775 0.484792 : 0.3
0.575772 0.431282 0.987837 -0.82751 -0.239944 -0.0999245 0.291708 -0.780039 0.344727 : 0.5
0.673836 0.305015 0.987162 -0.983374 -0.471832 -0.0680523 0.859647 0.0985264 -0.536757 : 0.4
0.649059 0.363503 0.934271 -0.651871 -0.555501 -0.374037 -0.293089 0.551269 -0.694164 : 0.3
0.633206 0.276124 0.830904 -0.432253 -0.377552 0.722489 0.193496 -0.00351903 -0.210559 : 0.2
0.458629 0.433986 0.778464 -0.846343 -0.64008 0.351815 0.478078 0.414199 -0.559919 : 0.1
0.802676 0.193476 0.614904 0.0827298 -0.271419 -0.376621 0.109806 0.793126 -0.480003 : 0.4
0.685357 0.438254 0.875393 -0.467245 -0.173567 0.426519 -0.436603 0.325421 0.607795 : 0.2
0.674562 0.544422 0.874315 0.227893 -0.215076 -0.244932 0.758181 -0.168105 0.269523 : 0.3
0.681117 0.305358 0.742339 -0.679564 -0.372032 -0.553707 1 0.986131 -0.216498 : 0.6
1 0.369648 0.765305 0.212922 -0.118122 -1 0.485341 0.392187 -0.453044 : 0.3
0.58608 0.493581 0.887455 -0.704426 -0.0362262 0.389412 0.247949 0.296349 -0.13242 : 0.4
0.607062 0.30436 0.882033 -0.757005 -0.187028 -0.907423 0.307539 0.00512433 0.176466 : 0.2
0.637387 0.380801 0.79538 -1 -0.438545 -0.278198 -0.150952 0.895763 0.419765 : 0.5
0.513077 0.529887 0.868659 -0.328148 -1 0.795376 0.762106 0.271647 -0.0191409 : 0
0.870552 0.376526 0.833012 0.834144 -0.137165 -1 0.306432 0.285604 -0.90783 : 0.5
0.61847 0.4676 0.817532 -0.180586 -0.450023 0.0502273 1 1 -0.218209 : 0.1
0.553012 0.334563 0.827314 -0.634819 -0.664781 -0.123067 0.873739 1 0.554477 : 0.5
0.733545 0.281091 0.866284 -0.647386 -0.233188 -0.0413406 0.444517 0.297921 0.946782 : 0.5
0.533202 0.232198 0.8736 -1 -0.445345 0.0421731 0.572226 0.456537 0.443382 : 0.4
0.522585 0.194582 0.87643 -0.77844 0.146442 -0.20766 0.999978 0.495874 0.289652 : 0.3
0.793404 0.399476 0.924016 -0.862905 0.0895158 -0.266201 -0.222459 0.0188061 0.245481 : 0.4
1 0.521499 0.859334 -0.872559 -0.344179 0.695254 0.206683 -0.467685 0.441639 : 0.3
0.582356 0.805787 0.7082 -0.540531 -0.162418 0.00993419 0.805059 0.666297 0.214222 : 0.3
0.708405 0.519694 0.823354 -0.439385 -0.127157 0.169926 0.776722 0.113563 0.0139353 : 0.5
0.572743 0.377318 0.860815 -0.820625 -0.296978 -0.138653 0.107977 -0.89233 0.141913 : 0.2
0.466258 0.510043 0.84376 -0.680713 -0.191649 -0.111835 1 0.236163 -0.000852466 : 0.1
0.639177 0.706366 0.859274 -0.530818 -0.0656594 -0.552483 0.94299 0.157743 0.220937 : 0.4
0.784484 0.526122 0.916453 -0.750982 -0.120372 -0.0939439 -0.1561 0.356634 -0.998378 : 0.5
0.595539 0.409851 0.940816 -0.71058 -0.211563 -0.0857625 -0.461429 0.840066 1 : 0.4
0.627557 0.420675 1 -0.593587 -0.370739 -0.255557 1 0.291604 0.252675 : 0.4
0.751765 0.450039 0.953286 -0.174664 -0.264324 -0.133225 -0.400144 0.941227 0.80941 : 0.6
0.731765 0.314591 0.844637 -0.645582 -0.543838 -0.246975 0.763865 0.383814 0.619735 : 0.3
0.607839 0.3795 0.802377 -0.641273 -0.0148874 0.0446817 0.34256 0.460225 -0.150175 : 0.4
0.644121 0.516574 0.507315 -0.489607 -0.0993888 -0.493362 0.377974 0.367476 0.237635 : 0.1
0.687133 0.237415 0.578392 -0.224088 -0.343055 -0.827563 0.40071 0.191176 1 : 0.5
0.339049 0.5507 0.959193 -0.679573 -0.368557 -0.50789 1 0.149178 0.65483 : 0.3
0.807869 0.37288 0.693852 -0.908779 0.00771984 -0.251135 0.340791 0.83474 -1 : 0.3
0.588006 0.243427 0.946386 -0.606295 -0.587513 0.116277 -0.014678 0.448131 0.677217 : 0.2
0.568855 0.372209 1 -0.563694 0.0411915 0.636483 0.573595 -0.208043 1 : 0.5
0.589409 0.462541 0.849215 -0.577169 -0.590893 -0.484916 0.911016 0.341374 -0.532517 : 0.4
0.625197 0.348498 0.892885 -0.550552 -0.504747 -0.360032 0.225966 -1 0.409433 : 0.4
0.621075 0.298194 0.923029 0.0162207 -0.42632 0.0488115 0.727192 0.382076 0.112753 : 0.5
0.775448 0.466595 0.722198 -1 -0.133489 0.0532108 0.31302 0.552463 0.41801 : 0.4
0.717793 0.413092 0.865465 0.498767 -0.517416 -0.374684 0.524271 0.405847 0.954053 : 0.4
0.570129 0.429972 0.900868 -0.875655 -0.144958 -0.311118 0.40491 -0.699658 -0.274562 : 0.2
0.588157 0.349933 0.87551 -0.601323 -0.456289 -0.728716 0.655666 0.407819 -0.109728 : 0.2
0.713205 0.352344 0.84473 -0.305014 -0.731748 -0.627173 -0.00508939 0.664952 0.818676 : 0.2
0.60775 0.313813 1 -0.634466 -0.0668969 0.129894 0.906012 0.259901 1 : 0.6
1 0.438502 0.754595 0.110134 0.185179 -0.27676 0.260379 -0.110308 -0.251009 : 0.4
0.522976 0.445425 0.911017 -0.796872 -0.152162 -0.277348 -0.0538128 0.974864 1 : 0.1
0.670104 0.451615 0.902155 -0.345459 0.0378557 -0.658345 0.103244 1 0.381202 : 0.3
0.614952 0.233293 0.872175 -0.985697 -0.911881 0.0535483 1 0.697745 0.779663 : 0.4
0.592077 0.38974 0.735175 -0.66811 -0.131866 0.323769 -0.314862 0.328108 1 : 0.1
0.778702 0.443734 0.913777 -0.533243 0.499482 -0.00909722 0.512607 0.31978 0.16601 : 0.2
0.988217 0.421532 0.792242 0.085206 -0.969671 0.256811 0.503305 0.357502 -0.250004 : 0.1
0.953246 0.566939 0.99168 -0.323996 0.05531 0.147107 0.599565 -0.00698395 -0.376298 : 0.4
0.447187 0.366425 0.828961 -0.92137 -0.71066 -0.474814 0.309208 -0.186795 -0.0323189 : 0.4
0.604106 0.325715 0.976628 -0.514258 0.335594 0.764499 0.451048 0.455349 0.00839525 : 0.3
0.650409 0.517199 0.939521 -0.308281 -0.447174 -0.55591 1 0.473283 0.510524 : 0.4
0.706947 0.293904 0.869673 -0.808977 1 -0.508197 0.700468 0.327735 1 : 0.1
0.602523 0.335797 1 -0.647421 -0.220703 0.0594926 0.0802425 -0.0678706 0.327558 : 0.6
0.600194 0.276619 0.906558 -0.049956 -0.219142 -0.178441 0.727799 0.418849 0.612559 : 0.4
0.594934 0.522059 0.811838 -0.870675 -0.28648 0.843457 0.301143 0.0741062 0.666946 : 0.2
0.42586 0.64212 0.803265 -0.816564 -0.458302 -0.304307 -0.671043 0.268727 0.485662 : 0.2
0.89688 -0.0182167 0.941336 -0.327314 -0.519804 -0.255255 0.111857 0.240723 0.14326 : 0.2
0.654677 0.374751 0.84665 0.401303 0.332773 -0.863706 0.0468712 -0.105267 -0.116139 : 0.4
0.687615 0.440285 0.965306 -0.234773 0.0967065 -0.321733 0.641635 -0.0500812 -0.304326 : 0.3
0.547353 0.26596 0.809044 -0.411922 -0.839067 -0.258523 0.486672 0.170415 0.508644 : 0.5
0.777323 0.45058 0.998992 -0.546492 -0.811872 0.174185 0.628256 -0.146448 0.248235 : 0.7
0.638418 0.404034 1 -0.406694 -0.714691 -0.324691 0.049326 0.35087 -0.746419 : 0.4
0.603606 0.454244 0.87137 -0.771186 -0.139339 -0.282299 0.053477 -0.00383775 0.0785511 : 0.5
0.580046 0.407889 0.995016 -0.550813 -0.059691 0.952912 0.821129 -0.5195 -0.452864 : 0.4
0.563765 0.348821 0.873196 -0.625448 -0.054384 -0.303846 -0.144436 0.506458 0.136199 : 0.3
0.490581 0.446947 0.900142 -0.125365 -0.995393 0.597195 0.421435 0.329771 0.074137 : 0.4
0.603278 0.362036 0.924176 -0.89135 -0.515892 -0.453007 0.543083 0.403579 -0.198306 : 0.4
0.589407 0.527386 0.970918 -0.901812 -0.19783 -0.386223 0.771012 0.73151 0.132637 : 0.3
0.702479 0.410932 0.783722 -0.401922 -0.332949 -0.199866 0.542384 1 0.0456495 : 0.3
0.680449 0.334073 0.740123 -0.164852 -0.0847719 -0.39411 0.783805 0.100003 -0.105837 : 0.4
0.65824 0.366124 0.973306 -0.793439 -0.57407 -0.658979 0.362158 0.55809 0.737552 : 0.3
0.566085 0.172937 0.879045 0.445144 -0.606437 0.0128275 0.294111 0.402066 -0.1216 : 0.1
0.553605 0.564332 0.869489 -0.660253 -0.129242 0.0328036 0.513688 0.383359 0.545498 : 0.4
0.684231 0.40894 0.794234 -0.0362978 0.030589 0.157032 -0.554013 -0.257697 -0.115313 : 0.4
0.901067 0.441476 0.786827 -0.647846 -0.238205 -0.134805 -0.879517 0.637934 0.127019 : 0.4
0.58551 0.344977 1 -0.455917 -0.809533 0.144721 0.885921 0.63391 -0.178084 : 0.1
0.72018 0.457606 0.914757 -0.725927 -0.460813 -0.360447 0.883775 0.0260903 0.812681 : 0.5
0.641894 0.392313 0.900594 -0.811875 -0.133237 -0.434124 0.620163 -0.491565 -0.372154 : 0.4
0.594542 0.425552 0.851139 -0.299919 -0.969129 0.313205 0.59046 0.873944 0.180906 : 0
0.763774 0.264215 0.702102 -0.141455 -0.414172 -0.478208 0.535058 0.811345 -0.385698 : 0.3
0.648553 0.419758 0.811952 -0.555041 -0.287915 0.220243 0.469922 0.407567 0.155628 : 0.1
0.697359 0.360167 0.824832 -0.637803 0.0335375 -0.0741423 0.184702 0.404653 -0.181612 : 0.5
0.58442 1 0.889389 -0.675433 -0.438088 0.496503 0.181893 0.767008 0.694312 : 0.3
0.629895 0.308212 0.883235 -0.790058 -0.139661 0.267963 0.594677 1 -0.501811 : 0.4
0.643889 0.467842 0.865249 -0.765549 -0.63351 0.0928778 -0.156161 0.600271 0.699525 : 0.2
0.590214 0.399647 0.883164 -1 -0.187541 0.688055 0.492838 -0.126617 0.417912 : 0.6
0.641584 0.246116 0.957761 -0.352524 -0.0528228 0.128199 0.360048 -0.162672 -0.707381 : 0.6
0.749639 0.310918 0.888648 -0.291478 0.705236 0.0200887 0.37572 0.346752 -0.109152 : 0.3
0.594054 0.213034 0.851029 -0.250733 0.0708432 0.145409 0.379868 0.726048 0.297511 : 0.3
0.82912 0.310696 0.90356 -0.767467 0.167195 -0.0968822 0.980467 0.833124 -0.0369595 : 0.4
0.638757 0.431012 0.732484 -0.605977 -0.381817 -0.369825 0.36561 0.198262 0.378685 : 0.5
0.764778 0.385686 0.23768 -0.343177 -0.0786635 0.0168308 -0.126936 0.953076 0.853726 : 0.2
0.628537 0.441423 0.83793 -0.36418 0.018985 0.145806 0.375212 0.0824898 0.38461 : 0.3
0.715752 0.487716 0.902855 -0.614419 -0.675178 -0.211543 -0.388409 0.38769 0.0248879 : 0.5
0.851136 0.290375 0.977458 -0.149507 -0.471515 -0.350913 0.110483 0.472712 0.776696 : 0.6
0.682799 0.401775 0.903064 0.311314 -0.458771 0.58799 0.330127 -0.385585 -0.738217 : 0.2
0.740881 0.508252 0.926066 0.0139781 -0.152411 -0.243175 0.463486 0.0186799 0.51009 : 0.5
0.507296 0.491927 0.878684 -0.938431 -0.346545 -0.400643 -0.670999 0.941468 -0.686254 : 0.3
0.616011 0.292202 0.909355 -0.705858 -0.337836 0.263999 0.00077498 0.087379 0.185289 : 0.3
0.571026 0.349946 0.782983 -0.908949 -0.334808 0.159827 0.0732465 1 0.986347 : 0.1
0.579943 0.474485 0.727404 -0.664947 -0.573659 -0.242662 0.557491 0.462646 -0.203528 : 0.3
0.740682 0.0910611 0.920769 -0.632869 -0.346207 0.151311 0.381953 0.360876 1 : 0.5
0.487361 0.530564 0.852008 -0.988383 -0.264149 -0.397495 0.302648 -0.117216 -0.0879522 : 0.4
0.57306 0.365903 0.946254 -0.0343504 0.656513 0.958064 0.959054 -0.172608 0.58795 : 0
0.674456 0.41131 0.89731 -0.657033 -0.0796247 -0.27383 -0.183242 -0.647668 0.41073 : 0.1
0.731958 0.32746 0.552986 -1 -0.469726 -0.444555 0.30137 0.0680489 0.381653 : 0.1
0.489113 0.399421 0.5816 -0.374355 -0.245184 0.201148 0.843749 0.345533 0.774697 : 0.3
0.594903 0.367949 0.55815 -0.211254 -0.0999193 0.247353 0.586689 0.316075 -0.387673 : 0.3
0.787296 0.383 0.0998214 -0.453611 -0.130366 -0.12713 0.350411 0.593501 0.436496 : 0.1
0.654432 0.617242 0.764024 -0.460992 -0.0964902 -0.279008 0.065599 -0.224885 0.335455 : 0.5
0.627695 0.194682 0.68241 0.144469 -0.481134 -0.991655 0.625334 0.363258 0.410102 : 0.4
0.748073 0.324646 0.896182 -0.361095 -0.694316 0.244129 0.764582 0.0976311 -0.192019 : 0.2
0.622794 0.293544 0.841467 -0.562544 -0.614839 -0.567559 0.46796 0.0534376 -0.605548 : 0.5
0.643982 0.449313 1 -0.593476 0.175614 -0.237741 0.468173 0.551829 0.336702 : 0.2
0.474768 0.514773 0.521156 0.149002 -0.767191 0.073062 0.159932 -0.578406 0.814986 : 0.1
0.688342 0.22002 0.850064 -0.722619 -0.226555 0.429554 0.417768 -0.444928 0.613925 : 0.4
0.57888 0.343031 0.909184 -0.341847 0.452322 0.35897 0.248941 0.740998 0.573813 : 0.4
0.65156 0.328796 0.900571 -0.959608 0.913694 0.0739364 0.425467 0.427609 -0.368368 : 0.4
0.690617 0.364212 0.83688 -0.658756 -0.221195 0.092755 0.448885 -0.100405 0.790672 : 0.6
0.756603 0.402848 0.865007 -0.64145 -0.446665 -0.19893 0.37791 0.695091 0.242189 : 0.6
0.568207 0.177482 0.97608 -0.571371 -0.289469 0.232559 0.74821 -0.978883 0.418722 : 0.1
0.618118 0.371743 0.901046 -0.985951 -0.453576 -0.547321 0.291045 0.432524 0.127721 : 0.4
0.548544 0.343425 0.868808 -1 -0.233764 0.625674 -0.33533 -0.162411 1 : 0.3
0.788746 0.203489 0.532229 -0.503276 0.064497 -1 1 0.249253 -0.106096 : 0.1
0.609512 0.522668 0.788719 -0.579882 -0.603778 -0.7716 0.465202 0.285148 -0.21618 : 0.4
0.588348 0.43878 0.751945 -0.863109 -0.0608923 -0.252564 0.35616 0.77175 0.468567 : 0.5
0.503585 0.28769 0.868171 -0.376341 -0.189731 -0.0576069 0.382461 0.495704 -1 : 0.7
1 0.356999 0.84209 -0.356956 -0.131763 -1 0.475435 -0.0596558 0.0734051 : 0.4
0.605554 0.368448 1 -0.0221025 -0.0489741 -0.507179 0.368058 -0.373032 1 : 0.3
0.596243 0.341707 0.92197 -1 -0.130443 -0.120593 0.461188 0.187597 -0.685965 : 0.5
0.617259 0.876485 0.900999 -0.716366 -0.418968 -0.228111 0.260669 0.44868 -0.948657 : 0.3
0.593089 0.305374 1 -1 -0.906271 -0.413845 -0.285939 0.291629 0.36458 : 0.3
0.69004 0.372709 0.783328 -0.889499 -0.463163 -0.167743 0.621167 0.26268 0.234692 : 0.4
0.619322 0.299385 0.831641 -0.784696 -0.44317 0.378272 0.428644 -0.137742 0.194013 : 0.5
0.741454 0.360322 0.864944 -0.681156 -0.32268 -0.323447 0.93567 0.303249 -0.170558 : 0.4
0.534384 0.4851 0.84502 -1 -0.136765 -0.563057 0.493044 -0.396517 -0.151686 : 0.4
0.888095 0.345792 0.910614 -0.0620033 0.0313987 -0.123559 0.343483 0.486376 0.458477 : 0.5
0.597153 0.235714 0.9269 -0.643387 -0.854114 0.0477778 0.0696999 0.381955 -0.67627 : 0.4
0.630138 0.608378 0.765302 -0.0270253 -0.338408 -0.208279 1 -0.481842 -0.30848 : 0.2
0.586341 0.426515 0.572152 -1 -0.394918 -0.393697 0.877906 0.871162 -0.124832 : 0.3
0.513937 0.408797 0.945809 -0.462967 -0.191827 -1 0.287017 0.0531255 0.458796 : 0.3
0.635421 0.457989 0.801661 -0.487783 -0.0790929 0.394005 -0.129041 0.448318 0.155837 : 0.4
0.820282 0.427499 0.768465 -0.687283 -0.367831 0.0832939 -0.291264 0.560325 -0.127984 : 0.3
0.669829 0.26729 0.901228 -0.856183 0.0196157 -0.333845 0.257835 0.24912 0.349747 : 0.4
0.49133 0.291675 0.788762 0.0770869 0.674264 0.22679 0.482973 0.291879 0.167275 : 0.5
0.769185 0.299653 0.786555 -0.672602 -0.687463 -0.0432639 0.375073 0.33859 1 : 0.3
0.600044 0.321918 0.921319 -0.788162 -0.386774 0.14678 1 0.0976254 0.867439 : 0.4
0.659976 0.372465 0.840877 -0.861452 -0.210642 -0.0325414 0.183409 0.265146 -0.821093 : 0.2
0.608417 0.427419 0.939388 -0.721002 -0.187703 -0.337743 0.502962 0.505818 0.155207 : 0.5
0.632801 0.350818 0.830382 -1 -0.033776 0.436024 0.0953928 -1 -0.537203 : 0.3
0.596583 0.386904 0.368103 -0.534787 -0.240169 0.103636 0.817773 0.339865 0.373999 : 0.5
0.727072 0.398939 0.877153 -1 -0.397705 -0.399378 0.69653 0.500953 -0.0323322 : 0.3
0.594561 0.417142 0.917158 -0.390322 -0.396166 -0.36337 0.199286 0.339672 -0.628289 : 0.5
0.691144 0.399158 0.853696 -0.191678 -0.342949 -0.347094 0.343875 -0.365242 0.289435 : 0.3
0.741981 0.287219 0.785823 0.0209006 -0.431629 -0.109873 0.617831 0.457574 0.115699 : 0.4
0.613762 0.226891 0.913086 -0.736371 0.119967 -0.127067 0.563053 0.580679 -0.882993 : 0.7
0.53569 0.331961 0.900065 -0.450326 0.549695 0.125836 0.479171 1 -0.71296 : 0.1
0.659369 0.294688 0.888767 -0.705261 0.0347286 1 0.350289 0.220356 0.312243 : 0.5
0.74504 0.404697 0.495982 -0.460723 0.0805969 -0.0513845 -0.264012 0.829025 0.253471 : 0.3
0.52699 0.332705 0.911029 -0.809146 -0.124574 -0.556353 0.88404 0.830083 -0.807574 : 0.4
0.548978 0.408126 0.835788 0.397406 -0.155224 0.826772 0.188459 0.319244 -0.891755 : 0
0.821373 0.234814 0.837779 -0.916975 0.000931114 -0.289153 0.974369 0.745489 -0.0329695 : 0.6
0.559069 0.445828 1 -0.0937682 -0.391463 -0.405192 0.633395 0.309307 0.199533 : 0.5
0.623869 0.530366 0.779531 -0.596278 -0.294295 0.460453 0.774649 -0.0800814 -0.437003 : 0.6
0.634464 0.335728 0.819136 -0.709944 0.148454 -0.207155 0.0881521 0.118718 0.765228 : 0.5
0.626897 0.310652 1 -0.568003 -0.0883637 -0.118377 0.477005 0.199721 -0.488751 : 0.6
0.611 1 0.950739 -0.500132 -0.337598 -0.0759009 0.423303 0.566913 0.600248 : 0.4
0.594381 0.336847 0.841022 -0.281382 -0.405655 -0.344146 0.903567 0.2677 0.196503 : 0.2
0.890054 0.335295 1 -0.609411 -0.0824041 -0.503717 0.93188 0.131726 -0.173334 : 0.6
0.539967 0.299423 0.822744 0.221709 -0.431103 0.290973 0.451426 -0.348707 -0.297764 : 0.4
0.559157 0.385478 0.623102 0.0265159 -0.736524 -1 1 0.76406 -0.219718 : 0.4
0.639547 0.377839 0.787475 -0.961276 -0.423797 -0.512739 0.480707 0.63126 -0.846407 : 0.2
0.602709 0.302241 1 -0.859499 -0.341453 -0.284481 0.865299 -0.412354 0.174654 : 0.3
0.970236 0.264817 0.939421 -0.97377 -0.119713 -0.16377 0.261372 0.533203 0.394746 : 0.8
0.988475 0.361207 0.813859 -0.411101 -1 0.294913 0.14947 0.524903 0.0402876 : 0.1
0.613976 0.11335 0.851352 -0.636071 -0.281322 -0.426563 0.256887 0.893405 0.0174957 : 0.4
0.680154 0.295918 0.771784 -0.620526 -0.103435 0.0801645 0.621245 0.345183 -0.0615122 : 0.5
0.536353 0.440883 0.968216 -0.253826 0.429185 -0.71117 0.759035 -0.47915 0.965394 : 0.3
0.671342 0.225514 0.84965 -0.747891 -0.933387 0.533008 0.564048 0.182809 0.167557 : 0.3
0.567431 0.348632 0.836005 0.0728834 -0.667658 0.375212 0.494978 -0.137103 0.586444 : 0.5
0.783383 0.914794 0.890579 -0.444889 -0.172616 -0.381712 1 0.93091 0.296756 : 0.3
0.616821 0.229883 0.820781 -0.577152 -0.729776 -0.266799 0.830629 0.783399 0.719867 : 0.4
0.568943 0.636415 0.659037 -0.146155 0.0556349 -0.257365 0.477064 0.354799 0.574124 : 0.2
0.538524 0.383837 0.8389 -0.134911 0.132244 -0.153182 0.125257 0.628536 -0.935868 : 0.2
0.709406 0.407597 0.789587 -0.910646 -0.193121 0.0279778 -0.823808 0.207187 -0.188028 : 0.2
0.612643 0.375604 0.798562 -0.733201 -0.300793 -0.701468 0.1571 0.388951 0.220892 : 0.5
0.734039 0.361849 0.91002 -0.307218 -0.652687 0.0818934 0.112902 0.701513 0.506574 : 0.4
0.570491 0.313869 1 0.413909 -0.300195 -0.48599 0.56115 0.40697 0.00800788 : 0.1
0.666523 0.429457 0.986022 -0.265365 0.550431 0.167575 0.566941 0.328882 0.456023 : 0.3
0.614634 0.364628 0.79728 -0.689548 -0.244594 -0.122198 0.356998 0.312487 0.657367 : 0.5
0.571974 0.266763 0.858022 -0.5132 -0.433486 -0.400051 0.306432 1 -0.316384 : 0.4
0.757661 0.338882 0.830025 -0.342018 -0.877021 0.463911 0.450099 -0.179076 -0.574223 : 0.3
0.615722 0.413507 0.858676 -0.919109 -0.12034 0.328405 0.226571 -0.151243 0.481317 : 0.5
0.557276 0.257114 0.698647 -1 -0.539934 0.336776 0.198099 0.511691 0.330921 : 0.5
0.546552 0.337811 0.884951 -0.64888 -0.222887 -0.21155 0.598224 0.337233 -0.0190841 : 0.4
0.641382 0.584438 0.944432 -0.565071 -0.512366 -0.120897 0.922608 0.594766 1 : 0.7
0.723535 0.528309 0.869257 -0.227916 0.476163 -0.0451787 0.853441 -0.051401 0.378358 : 0.2
0.691723 0.44501 0.123905 -0.207586 0.11092 0.390311 0.518108 -0.553031 0.345099 : 0.1
0.792738 0.384536 0.990837 -0.811904 -0.124981 -0.25327 -0.312441 1 -0.094945 : 0.5
0.612001 0.188919 0.780706 -0.264033 -0.0761595 -0.0745038 0.671742 0.435932 -0.455075 : 0.6
0.520137 0.456017 0.826468 -0.873352 -0.623506 0.167431 0.453888 0.0285023 -0.24644 : 0.5
0.541887 0.288759 0.999765 -0.67407 0.381771 -0.0627166 0.335761 0.346335 -0.205833 : 0.4
0.625161 0.29045 0.861661 0.146158 -0.950608 -0.249738 0.337611 -0.399823 0.353326 : 0.2
0.637407 0.613597 1 -0.309224 -0.239804 -0.334159 0.522511 -0.423452 0.231044 : 0.3
0.530936 0.286857 0.862351 -0.614965 -0.211601 -0.369607 0.726283 0.0208629 -0.376217 : 0.2
0.750502 0.487689 0.581343 -0.279045 -0.421151 -0.185049 0.835425 -0.47148 0.806653 : 0.4
0.835397 0.406283 0.860505 -0.486268 0.0665832 0.0864652 1 -0.0971056 -0.223105 : 0.6
0.560477 0.319646 0.900644 -0.615148 -0.126795 0.377572 0.50805 -0.0647688 0.117742 : 0.5
0.715175 0.175235 0.790597 -0.441739 -0.0478104 -0.370719 1 1 -0.371878 : 0.5
0.787407 0.45273 0.726945 -0.678237 0.0779359 0.345578 -0.062695 -0.146856 -0.210923 : 0.2
0.661655 0.380961 0.943465 -0.749234 -0.54571 -0.426723 0.978138 0.341369 1 : 0.3
0.732367 0.444553 0.830934 -0.687787 -0.220748 -0.254411 -1 0.512857 0.303976 : 0.4
0.792659 0.42848 0.82739 -0.0723611 -0.270894 -0.116851 0.633581 -0.306399 0.902454 : 0.5
0.656635 0.467974 0.857052 -1 -0.109266 -0.444518 0.430224 -0.0563904 -0.264631 : 0.5
0.505444 0.4919 0.958929 0.0213773 -0.199032 -0.412046 0.811352 0.322991 -0.0783036 : 0.4
0.665944 0.389528 0.930577 -0.445533 -0.113238 -1 1 0.111476 0.568928 : 0.1
0.744591 0.811308 0.78344 0.477388 -0.203879 -0.560113 0.925476 0.922345 -0.353646 : 0.2
0.75386 0.359558 0.835335 0.495142 -0.0590337 -0.200807 -0.191409 0.883487 0.326956 : 0.5
0.657128 0.567453 0.927305 -0.310819 -0.289324 -1 0.000881791 0.537259 -0.565066 : 0.3
0.579046 0.491296 0.997952 -0.913833 0.207841 -0.823933 0.0561983 0.316976 -0.241863 : 0.3
0.64354 0.299611 0.835249 -0.715904 0.241126 0.210965 0.933568 0.42585 -0.0528404 : 0.6
0.587884 0.441665 0.820558 -0.917139 -0.279027 -0.534355 0.882959 -0.623203 0.249451 : 0.1
0.659783 0.40734 0.851197 -0.169376 -0.973873 0.320981 0.442373 -0.202179 -0.650331 : 0.3
0.820388 0.462394 0.940415 -0.463482 0.22505 1 0.593735 0.395762 -0.103084 : 0.3
0.571593 0.458541 0.877958 -0.167139 0.023561 -0.619727 0.414829 0.172403 -0.585514 : 0.6
0.583766 0.252885 0.886141 -0.355378 -1 0.0116796 0.104931 0.197587 -0.443299 : 0.3
0.770026 0.363797 0.824796 -0.929194 0.0381226 -0.236599 0.708447 0.3158 0.594512 : 0.3
0.618938 0.0724598 0.900824 -0.20789 -0.27131 -0.286583 1 -0.192998 -0.628922 : 0.1
0.613127 0.339762 0.843743 -0.856095 -0.12365 0.54566 0.57978 1 0.74104 : 0.4
0.7143 0.273405 0.833355 -0.175714 -0.086111 -0.178707 0.878347 0.747879 0.293969 : 0.4
0.609281 0.464919 1 -0.808869 -0.114694 -0.147207 0.516354 -0.497793 0.37237 : 0.6
0.527607 0.342884 0.844037 -0.18713 -1 0.168783 0.319234 0.200522 0.361742 : 0.1
0.540651 0.35459 0.862047 -1 -0.386652 0.0188693 0.653268 0.283561 -0.237624 : 0.4
0.422196 0.380849 0.953559 -0.821342 -0.0804298 0.418469 0.393636 0.125659 0.614467 : 0.4
0.631975 0.185323 0.929022 -0.753345 0.117458 -0.453797 0.140857 0.960235 -0.65228 : 0.4
0.79258 0.374552 0.823747 0.199784 -0.186706 -0.308724 0.0759083 0.655107 -0.378074 : 0.3
0.65881 0.274818 0.930273 -0.35364 -0.0697856 -0.559393 0.00789478 1 1 : 0.5
1 0.338902 0.96962 -0.519495 -0.698934 -0.276142 0.183794 0.163419 -0.959688 : 0.3
0.674944 0.292374 0.920335 -0.300641 -0.424984 -0.419272 0.131115 0.405717 -0.170159 : 0.5
0.757572 0.393372 0.913969 -0.767835 -0.16879 -0.0719751 -0.0710832 -0.537364 0.926704 : 0.7
0.541535 0.403537 0.910211 -0.837623 -0.997434 0.813872 0.37223 0.36463 -0.0478201 : 0.2
0.642145 0.611194 0.86403 -0.546203 -0.664731 -0.274879 -0.116253 0.95115 0.212503 : 0.4
0.649207 0.21019 0.836932 -0.902128 -0.459075 0.100537 1 0.840773 0.778256 : 0.3
0.576293 0.292699 0.857508 -0.503937 -0.99637 -0.426888 0.764254 0.332447 1 : 0.4
0.616974 0.271108 1 -1 -0.427417 0.612392 0.86442 0.202918 0.36097 : 0.5
0.592003 0.30316 0.8693 -1 -0.239036 -0.446826 1 0.441691 0.408426 : 0.7
0.55945 0.488076 0.93275 -0.155637 -0.303828 -0.869901 0.390453 -0.569973 -0.0968482 : 0.2
0.657576 0.402788 0.86627 -0.176385 -0.0422458 -0.202922 0.405352 0.0891501 -0.143739 : 0.2
0.660303 0.489174 0.691589 -1 -0.21343 -0.310018 0.417909 -0.228609 -0.353762 : 0.4
0.622537 0.212457 0.816816 -0.729932 -0.131403 -0.495412 0.581178 0.261248 1 : 0.3
0.667334 0.465649 0.940007 0.0128798 -0.136706 -0.4798 0.469756 0.0704715 -0.0146857 : 0.6
0.512596 0.377398 0.981568 -0.753715 -0.213918 -0.286567 -0.0460392 -0.337429 0.339389 : 0.4
0.686487 0.409059 0.9609 -0.735072 -0.28259 -0.347385 0.633852 0.113229 0.265359 : 0.6
0.669539 0.292391 0.745082 -0.431216 -0.340041 -0.539405 0.385469 0.654444 -0.860095 : 0.1
0.467771 0.38594 0.905317 -1 -0.309006 0.336219 0.49528 0.0307102 -0.72267 : 0.4
0.612515 0.32024 0.864672 -1 -0.412363 -0.220228 0.661152 -0.00682223 -0.512285 : 0.4
0.523809 0.460057 0.920542 -0.754893 -0.0457646 -0.278281 0.556347 0.581547 0.533567 : 0.4
0.521221 0.403942 0.779682 -0.68596 0.0561898 -0.196793 0.874316 0.797223 -0.314888 : 0.6
0.644301 0.307689 1 -0.306327 -0.398118 0.621365 0.940692 0.210769 0.0785505 : 0.4
0.635117 0.480038 0.817882 -0.658945 -0.342835 0.394467 0.680788 0.83216 1 : 0.5
0.753766 0.391398 0.873465 -0.86597 -0.19249 -0.242288 0.457385 -0.235985 -0.482776 : 0.5
0.624766 0.286215 0.796166 -0.542195 0.206752 -0.348606 0.474162 0.318866 0.922472 : 0.4
0.687451 0.33847 0.706535 -1 -0.286076 -0.123483 0.237001 -0.182497 0.367179 : 0.6
0.719045 0.268606 0.870476 -0.714801 0.703361 0.241263 -1 0.212788 0.0118269 : 0.2
0.646789 0.381088 0.91778 -0.725416 -0.31485 0.0625169 0.253741 0.847478 0.342162 : 0.5
0.56637 0.250094 0.896926 -0.839851 -0.783258 0.255204 1 0.453869 0.782127 : 0.3
0.665414 0.327967 0.825025 -0.860162 0.164241 -0.821028 0.683612 0.304286 0.863966 : 0.5
0.563938 0.40924 0.76609 0.0261323 0.10692 0.0723025 0.993597 -0.0666363 -0.792041 : 0.2
1 0.298252 0.913589 -0.330338 0.0396251 0.59757 0.162292 0.327804 -0.276299 : 0.3
0.617923 0.45281 0.781632 -1 0.152639 -0.663727 -0.442836 -0.0388242 -0.216789 : 0.2
0.668758 0.381027 0.748986 0.111791 -0.0591362 -0.144149 0.277073 0.619671 -0.215245 : 0.4
0.596956 0.106086 1 -1 -0.580398 0.330749 -0.0444293 0.848998 0.493605 : 0.1
0.560659 0.237716 0.939655 -1 0.0844446 -0.0886902 0.657357 0.44204 -1 : 0.8
0.622244 0.435669 0.819269 -0.804349 -0.223601 0.361745 0.0742793 0.560848 -0.292452 : 0.5
0.677394 0.409368 0.886979 -0.781139 -0.346354 -0.362225 0.439021 -0.914908 -0.491542 : 0.2
0.80953 0.40105 0.89343 -0.349427 0.748332 -0.0606961 0.0233848 0.312952 0.561973 : 0.4
0.641245 0.355616 0.8324 0.104213 -0.811342 0.489145 0.715917 1 -0.267701 : 0
0.567837 0.396345 0.940903 0.346109 -0.215207 -0.743351 0.500175 0.177297 -0.0937343 : 0.3
0.599572 0.312523 1 -0.865188 -0.186663 -0.520618 1 0.165991 0.288648 : 0.4
0.656259 0.470952 1 -0.634216 0.138943 0.41548 0.584055 0.469639 -0.615176 : 0.3
0.753477 0.334996 0.93218 -0.174996 0.204927 0.315691 1 0.494041 -0.156416 : 0.4
0.664781 0.291934 0.84175 -0.710481 -0.543538 -0.120036 -0.126397 1 0.00117564 : 0.3
0.59476 0.426091 0.637982 -0.702634 -0.887206 0.0156323 0.959891 0.424981 1 : 0.5
0.821127 0.457207 0.950987 0.388218 -0.543972 -0.623089 0.568849 -0.271117 -0.213909 : 0.1
0.692273 0.270147 0.691928 -0.412428 -0.573379 -0.445876 0.563046 -0.00172881 -0.324263 : 0.4
0.685684 0.448831 0.870222 -0.396118 -0.684001 0.18078 1 -0.402342 1 : 0.4
0.731623 0.385731 0.961006 -0.872104 0.0189001 -0.354583 0.333967 0.344044 0.328082 : 0.4
0.698213 0.406898 1 -0.230392 -0.101482 0.754301 0.784843 0.339943 -0.165202 : 0.5
0.651868 0.41608 0.912075 -0.7273 0.276228 0.204027 0.696503 0.485275 0.759883 : 0.4
0.622365 0.354813 1 -0.656319 -0.254194 0.148483 1 0.286842 0.488785 : 0.4
0.495489 0.124903 0.845417 -0.807175 -0.248284 -0.267597 0.239113 -0.397035 0.200626 : 0.3
0.564655 0.465813 0.861703 -0.984425 0.0678793 -0.463573 0.239634 0.82301 0.711264 : 0.2
0.690893 0.644298 1 -0.820584 -0.218608 -0.389454 0.923109 0.547452 0.202952 : 0.2
0.639985 0.38314 0.996916 -0.402408 -0.184695 0.329348 0.165236 0.63551 -0.94029 : 0.3
0.649291 0.347943 0.680697 -0.759053 -0.42342 -0.299262 0.258648 0.350592 -0.459026 : 0.2
0.734062 0.421459 0.866697 -0.464108 -0.541662 0.255447 0.634612 -0.15856 0.807362 : 0.5
0.604782 0.345673 0.924925 -0.563783 -1 -0.0471185 0.0425131 0.320892 0.940511 : 0.2
0.577091 0.215688 0.909837 -0.603769 -0.456195 0.624117 0.241678 0.378116 0.209825 : 0.3
0.651794 0.38466 0.842769 -0.735816 -0.797308 -0.490152 0.878271 -0.0936888 1 : 0.1
0.806481 0.462003 0.841804 -0.753641 -0.0107927 -0.22059 -0.00521791 1 0.174389 : 0.5
0.600841 0.390453 0.814222 -0.629173 0.167145 0.554961 0.525827 0.889843 1 : 0.4
0.556355 0.322694 0.932636 0.663823 -0.019139 0.355931 0.36582 0.442411 0.341313 : 0.5
0.679188 0.273385 0.836197 -0.223447 -0.869177 -0.163919 -0.13982 0.356558 0.843547 : 0.3
0.620376 0.272644 0.892804 -0.812279 0.0992514 -0.286217 0.755274 0.36366 0.331292 : 0.5
0.812299 0.373863 0.887352 -1 -0.349791 -0.351408 0.539142 0.684481 0.443387 : 0.4
0.615395 0.327591 0.731741 -0.481625 -0.590445 -0.95153 0.123364 -0.277092 0.302943 : 0.5
0.6226 0.481246 0.89627 0.150748 -0.295265 0.616382 0.0426134 0.141697 0.158022 : 0
0.634265 0.278822 0.857463 -0.877942 -0.601341 -0.377211 -0.09515 -0.0144878 -0.70788 : 0.3
