0.199462 0.40208 -0.108315 0.404676 0.968583 -0.564175 0.573736 0.389202 0.143205 : 0
-0.232765 -0.164687 0.277687 0.101163 0.204585 -0.0302344 0.0855864 -0.0232193 0.217821 : 0.1
0.133127 -0.0403758 0.23468 -0.286093 -0.0535562 -0.103452 0.187894 -0.150249 -0.405355 : 0
0.305423 -0.21771 0.0768499 -0.573186 0.0614783 0.0498842 -0.0616849 -0.222692 0.261078 : 0
0.0264425 0.0534378 0.00444682 -0.465932 1 0.296239 -0.135764 -0.259095 -0.337608 : 0.2
-0.179427 -0.190481 0.198659 -0.0707604 -0.109649 -0.128105 0.0135284 0.0720727 -0.0291042 : 0
-0.0444781 -0.16559 0.153381 0.093975 0.615 -0.503963 -0.00902256 0.0666352 0.657802 : 0
-0.20657 0.176933 -0.162522 -0.171561 0.868401 0.0724986 0.161843 0.0207185 0.578269 : 0
-0.0786697 0.352177 0.0955834 0.114005 0.0836509 -0.20833 0.0461354 -0.0186664 0.193325 : 0.4
0.201351 -0.0186166 0.500207 -0.293917 -0.207482 0.551187 0.268721 -0.0527729 -0.167482 : 0
0.0980094 -0.132026 -0.0160817 0.468263 0.505498 0.0287644 0.154691 0.17603 0.21907 : 0.2
0.094914 -0.0875276 0.171733 0.227615 0.358356 -0.388153 -0.0467578 0.259357 0.557612 : 0
-0.294801 0.424431 0.35644 -0.928045 1 0.137861 -0.115981 -0.0287576 -0.0818193 : 0
0.255318 0.600268 0.125136 1 0.0646217 0.0720468 0.0164173 -0.0601313 0.22141 : 0
0.150835 0.294518 0.776096 -1 0.0555596 0.466546 0.35284 0.1585 0.482737 : 0
0.0735051 0.0900061 0.0305598 -0.2841 0.269621 0.0477119 0.057345 0.303401 0.0391886 : 0
0.221865 0.443629 0.153587 -0.183195 -0.0130742 0.131626 -0.364414 0.480575 0.0906483 : 0
0.249841 0.485873 0.18635 0.226926 0.450671 -1 0.686858 -0.0755657 0.0361045 : 0.1
-0.0547877 -0.13587 0.138361 -0.181237 0.275136 -0.00638609 0.141519 0.0721676 0.666923 : 0.5
-0.0473172 0.263225 0.411343 -0.457349 0.273684 0.326438 0.18011 -0.170286 0.996286 : 0.4
0.916136 0.148669 0.748206 0.0126308 -0.109842 0.0193722 -0.0222713 0.327102 -0.187156 : 0.2
0.111948 -0.217225 0.0718227 -0.242936 -0.0432815 0.173124 0.182636 0.128271 0.398434 : 0
0.723208 0.106803 0.0917998 -0.988912 -0.0701893 -0.0415442 0.0808002 0.257258 0.720718 : 0
0.138987 0.0779373 -0.415032 -0.258182 0.189539 -0.128474 -0.0129354 0.00608507 -0.0718763 : 0.4
-0.14712 0.591013 -0.239984 -0.00908524 0.297912 0.0209092 -0.0216903 0.000831336 -0.293977 : 0
0.136561 -0.0610146 -0.0564002 -0.140145 -0.192835 -0.0256769 0.0603962 0.127217 0.167935 : 0.1
0.0731992 -0.165707 -0.496522 -0.0746727 -0.090917 -0.803029 0.132596 0.0280168 0.0345838 : 0
0.200726 0.0549281 -0.289202 0.0470109 0.305455 0.0190329 0.21503 -0.235652 -0.0291734 : 0
0.569961 -0.3436 0.201605 -0.150062 0.077996 0.751681 0.241025 0.20357 0.151559 : 0
0.361388 0.144994 0.222411 -0.107038 -0.0453527 0.106769 -0.168712 0.354685 -0.108844 : 0
0.388374 0.110797 0.0689933 -0.10089 0.299579 0.0776547 0.0880044 0.179452 0.129008 : 0
0.754794 -0.144983 0.369693 0.250068 -0.18132 -1 -0.109606 -0.0443008 -0.0751769 : 0
-0.238316 -0.0198324 0.0695176 0.199078 0.0130526 -0.0757598 -0.0348359 -0.21219 -0.123861 : 0
0.0346787 0.0501228 0.715757 0.531524 -0.0235183 0.0934275 0.314125 0.633756 -0.398705 : 0
0.288054 0.241584 -0.232356 0.701752 0.0935083 -0.251092 0.35303 -0.0645826 -0.122202 : 0
0.82396 0.329372 0.113038 0.0905071 0.342109 0.155979 0.151002 0.21424 0.105518 : 0
-0.912517 0.115455 0.303219 0.243358 0.159452 -0.319757 -0.0443379 0.0904609 0.110771 : 0
0.0409076 0.480343 0.453781 -0.170423 -0.0351358 0.0986474 -0.152009 0.0342248 -0.126505 : 0.1
0.0242082 -0.256748 -0.0504019 -0.340601 0.148463 -0.0908216 -0.186485 -0.0827505 -0.180472 : 0
-0.148048 -0.125969 0.879978 0.0734277 -0.142091 0.351555 0.775517 0.0053044 0.386647 : 0.5
0.14723 0.54891 0.264449 -0.288488 0.245154 0.0311156 -0.0228681 -0.000840629 -0.191581 : 0.1
-0.0908915 0.138748 0.199131 -0.00573062 0.407691 0.0103147 0.196974 0.0670575 0.0080902 : 0.1
0.209873 0.102565 1 -0.592078 -0.133533 -0.0752283 0.161359 -0.0166245 -0.146918 : 0.1
-0.0115536 0.236343 -0.214941 -0.512102 0.219276 -0.0302384 -0.0559905 0.0688068 0.168915 : 0.1
0.460556 -0.00678915 -0.559531 -0.340129 -0.0796702 0.0683627 -0.283126 -0.0478722 0.143529 : 0
0.0713868 0.0902642 -0.274679 -0.0973277 -0.199218 0.0118495 0.282073 -0.282268 -0.19321 : 0.3
0.0721299 0.628919 0.0976425 -0.197988 0.211481 -0.199328 0.358383 0.0266208 0.144628 : 0
-0.173666 0.582143 0.124124 -0.215626 0.0106968 -0.668779 0.0209235 0.311327 0.0751011 : 0
0.503407 -0.119575 0.618652 0.141465 0.222894 0.43465 0.0699312 0.267701 -0.0434831 : 0
0.0725035 -0.0300769 0.124919 0.250876 0.233528 0.455135 0.0216436 0.0506446 0.07245 : 0.2
0.653667 -0.0468688 0.0981686 -0.382575 -0.0687193 -0.0926843 0.15394 -0.0652861 0.693604 : 0
-1 0.441175 1 -0.0285007 -0.013941 0.0815323 0.0104537 0.286332 0.380318 : 0
0.169886 1 -0.338728 -0.284426 0.256953 -0.316806 0.32074 0.186663 -0.0184115 : 0.2
-0.138348 0.288624 0.127954 -0.420339 -0.101212 0.149743 -0.070589 -0.0902838 -0.115222 : 0
-0.023839 0.122059 1 -0.0562464 0.166954 0.199504 0.0227872 0.127091 -0.351856 : 0
0.342635 0.162501 -0.424039 -0.867026 -0.151338 0.257813 0.340162 0.0490747 0.0769531 : 0
-0.0956398 0.628092 -0.176984 -0.000996232 -0.0595283 -0.0327051 0.0204256 0.618818 0.0679712 : 0
0.0113655 0.198705 -0.0126634 0.095952 0.0329191 0.136615 0.00462882 0.783973 1 : 0
0.0272069 0.0124271 0.0846491 0.0847628 -0.128626 -0.477567 -0.00566287 0.324999 -0.176283 : 0
0.0438784 0.470276 0.580759 0.188536 0.00774137 0.0420848 -0.358512 0.118358 0.354442 : 0
0.21282 0.456178 -0.166348 -0.11197 -0.106632 0.505836 0.160577 0.042266 -0.108216 : 0
-0.18878 -0.112202 -0.257837 -0.455591 0.509565 -0.266796 -0.0998803 0.0155367 0.090587 : 0
0.24681 0.00369104 -0.070034 -0.279019 -0.0660146 -0.21249 -0.265982 -0.168595 0.0694457 : 0.1
0.0915644 0.565306 0.275886 0.046952 0.297625 0.0906418 0.0737064 0.460521 -0.0703715 : 0
1 0.70614 0.263246 0.134351 -0.412883 1 0.292759 0.308071 0.148438 : 0
-0.152859 0.391248 0.551543 0.192635 0.474649 0.157061 0.311555 -0.105161 0.278742 : 0
0.115502 0.0683369 -0.778872 0.116363 0.0011901 0.769428 0.118916 0.303562 -0.0982067 : 0
0.0385488 -0.0262312 0.114523 0.0750285 -0.180611 0.139552 0.519436 -0.541308 0.461516 : 0
-0.0946766 0.310002 0.496431 0.168434 0.927047 0.00838326 0.210937 0.19521 0.0139065 : 0.1
-0.0513705 -0.211032 0.158464 -0.261078 0.353276 0.168507 0.0802861 -0.22745 0.147241 : 0
0.123927 -0.158326 0.563878 -0.11224 0.390848 -0.459102 0.210657 0.391306 -0.0987113 : 0.1
0.117885 0.345763 1 0.539457 -0.0536388 -0.288084 -0.323714 -0.0214299 -0.200737 : 0.3
0.138111 0.237602 0.0304101 -0.0543151 0.0439923 -0.233783 -0.0436524 0.671128 0.508285 : 0.2
0.0354807 -0.0255522 0.343601 -0.155772 0.170155 0.751704 0.135644 0.20838 1 : 0
0.0210964 0.0728095 0.0181438 -0.0235388 0.0394129 -0.404204 0.129084 -0.221085 -0.238865 : 0
0.231613 0.300444 -0.417209 -0.276463 0.838248 -0.394126 0.107654 0.200393 -0.18279 : 0
0.0668414 0.298351 0.970814 0.889528 0.159911 -0.0524984 0.24554 -0.0199642 -0.256643 : 0
0.0266419 0.183803 0.164889 0.0496962 0.962421 -0.1949 -1 -0.264621 0.10981 : 0
-0.206313 0.847517 -0.0549572 0.10428 -0.596835 0.0710315 0.300725 -0.113588 0.0960015 : 0
-0.147973 0.0656672 0.121119 -0.225748 0.00125773 0.877763 0.0997279 1 0.229509 : 0
0.465751 0.737937 -0.324392 -0.147299 0.0534831 -0.0784075 0.0110129 0.0867717 0.353594 : 0
-0.0740407 0.405167 -0.28091 0.0435486 -0.219097 0.0329213 0.00922676 -0.142439 0.127447 : 0.2
0.0245945 0.460602 -0.240366 0.0935732 0.0378332 -0.153612 0.264302 0.0351593 0.0441004 : 0
0.0797382 0.119392 0.0449673 0.128411 0.472621 -0.0336908 0.192309 -0.0202081 0.230047 : 0
0.0866954 0.519174 0.240484 -0.599017 0.0656872 1 0.547613 1 0.1897 : 0
-0.604656 -0.20737 -0.0178297 -0.272544 0.0455847 0.14346 0.0527073 -0.330616 -0.252144 : 0.7
0.120758 -0.585819 0.159427 -0.0631813 -0.259491 0.026713 0.237304 -0.0336825 0.510299 : 0.2
0.141166 0.651368 0.0885818 -0.175738 0.107182 0.547239 0.328996 0.0729499 -0.0497369 : 0
-0.074675 0.0395655 0.14532 -0.0526731 -0.0919906 0.972462 0.000427279 -0.436271 -0.0164266 : 0
-0.114281 0.0327258 0.708288 0.229405 0.86591 0.117 0.107835 -0.00951511 0.155134 : 0
-0.0299327 -0.123369 0.212742 0.27077 1 0.690568 -0.149392 -0.151331 -0.0995421 : 0.2
-0.455829 0.228625 0.410726 -0.101945 -0.0739211 -0.000398844 0.071307 0.0766257 -0.00345737 : 0.1
0.156864 0.251159 0.714253 -1 0.407817 -0.0943716 -0.188288 0.153371 0.0827232 : 0
-0.0588311 -0.328873 0.443899 -0.00331223 0.0485964 0.233155 0.31861 -0.212619 -0.351399 : 0.4
0.0537852 0.0742769 0.0172087 -0.0939208 0.265874 0.833444 -0.260062 -0.522211 -0.554782 : 0
-0.102325 0.608105 0.575271 -0.400541 0.207694 0.222089 0.118176 0.183261 0.0449842 : 0
-0.220266 0.0650652 0.172068 0.109004 -0.483548 -0.902772 -0.0913892 0.364675 -0.429996 : 0
0.134361 0.403042 0.148401 0.0187277 0.0646329 0.117852 0.0205751 0.0217175 0.173173 : 0
-0.159783 0.673311 0.0840964 0.128147 0.66778 -0.299715 0.161715 -0.106263 0.332402 : 0
1 0.434368 0.529762 -0.168912 -0.334487 0.165619 0.697511 -0.0467447 -0.130247 : 0
-0.0592411 -0.0131088 0.151569 0.59946 0.348212 -0.12119 -0.0453337 1 0.0470986 : 0
-0.0927115 0.127971 0.125036 0.0654786 0.0586891 0.554859 0.12593 0.0759005 0.20662 : 0
0.209763 0.196019 0.213897 -0.0363296 0.0841857 -0.112774 0.0207424 0.306482 -0.0817593 : 0
0.384969 0.381095 -0.29432 -0.183798 -0.077434 -0.0135836 0.0447093 0.110233 0.0529862 : 0
0.167772 -0.159269 0.327675 0.274458 0.197185 0.335982 -0.516734 -0.32675 0.16326 : 0.6
-0.0331297 -0.0964325 0.286424 0.247615 0.249637 -0.330984 -0.117851 0.189104 -0.0394305 : 0
-0.0502319 0.654416 -0.510415 0.118983 0.364296 0.163294 0.0580165 0.0476173 -0.0852872 : 0
0.208521 -0.121796 0.00777523 0.0926932 -0.259 -0.196385 0.5362 -0.0105272 0.498111 : 0.3
-0.331431 0.592084 0.145965 -0.290394 0.490488 0.542795 0.0657892 -0.197621 -0.306141 : 0
0.0768734 0.126083 -0.289151 -0.00309162 -0.16234 0.0277696 0.253183 -0.0208107 0.0285199 : 0.2
-0.318601 -0.308829 0.0996973 -0.475174 -0.0410954 0.334384 -0.00882503 0.467377 -0.0834701 : 0
0.161343 -0.061978 0.0651485 -0.767 0.0633271 -0.0670683 -0.116954 0.975563 -0.0374817 : 0
0.285467 0.026841 -0.0012287 0.0183499 0.421969 0.0977002 0.212775 -0.304555 0.482571 : 0.4
-0.184293 0.26719 0.424902 -0.74459 1 -0.252618 0.00238407 -0.100233 0.0635711 : 0
0.252872 0.0210721 -0.211283 0.0102182 -0.0378608 -0.363218 0.370878 -0.138615 -0.0620823 : 0.2
0.312119 0.219698 0.23095 -0.604666 -0.00921464 0.032669 0.0492967 -0.0167571 0.0682013 : 0.1
-0.260632 -0.0212029 0.09663 -0.299262 0.242322 0.273702 0.737372 -0.0275386 0.059677 : 0.1
-0.289692 0.131981 0.242516 -0.392151 -0.0852712 0.237838 -0.823061 0.0951649 -0.289174 : 0
0.0904102 -0.216072 0.454818 0.0306382 -0.180774 0.142309 0.0915368 -0.00132205 -0.0118986 : 0
0.163296 0.24969 1 -0.0223565 0.036268 -0.505756 -0.796944 -0.166564 0.310843 : 0
-0.544474 0.439861 0.100068 -0.291013 0.00514169 0.102724 0.373654 0.0166184 0.0271614 : 0.1
0.0290182 0.106989 0.0149653 0.180741 0.0249646 0.271803 0.0432291 -0.192355 0.0651112 : 0
0.718123 0.345382 1 0.170735 0.266753 -0.0949591 -0.08133 -0.280413 0.162508 : 0
-0.341492 -0.0944687 0.0900742 -0.443022 0.39875 -0.00419706 0.016888 0.680763 0.191526 : 0
0.724637 0.103931 0.114329 0.53282 -0.0187241 0.0898259 -0.037042 -0.0548742 0.383927 : 0
0.00740094 -0.108735 0.193751 -0.678511 -0.0501479 0.276468 0.135639 -0.154022 0.0639382 : 0
0.0767291 0.0699689 -0.103088 -0.00211856 0.523151 0.0155282 1 -0.228474 -0.388176 : 0
-0.038148 0.553168 0.685588 -0.928408 0.112994 0.470707 -0.0949273 -0.271102 -0.173011 : 0
0.182531 0.773769 0.735601 -0.0132132 -0.0353798 0.0357367 0.0336082 0.0542938 0.604057 : 0.1
0.132645 -0.3271 0.661806 0.183122 -0.154464 -0.0557585 -0.239116 -0.094635 0.141417 : 0
0.572931 0.162024 0.143797 -0.132077 -0.323274 -0.3804 -0.244951 -0.0265857 0.370593 : 0
-0.819226 0.0028452 0.318884 -0.464996 -0.257258 0.10165 -0.0145889 -0.145141 -0.0278063 : 0
0.349708 -0.200074 0.498243 0.0274203 0.294524 0.0759307 0.196854 -0.0932373 -0.0907629 : 0
-0.232926 0.193252 0.0217043 -0.770467 0.247161 0.507746 -0.531905 -0.157672 0.0359025 : 0.1
-0.0230221 0.453634 0.170665 0.845468 -0.0494112 0.0129793 -0.214883 -0.0822995 0.123509 : 0
-0.198928 -0.195259 0.35998 0.236311 -0.506644 -0.741884 -0.141563 -0.485784 -0.102858 : 0
-0.179331 -0.0340812 0.169799 -0.200126 0.209195 0.0315969 0.000300422 -0.0999955 0.0333038 : 0
-0.131649 1 -0.197826 -0.269741 0.212745 0.0557483 0.141758 -0.103642 0.386159 : 0.1
-0.0594567 -0.0513331 0.635314 0.411398 -0.027876 0.203309 0.0842794 0.362044 0.243816 : 0
-0.189301 -0.215164 0.0566327 1 -0.123018 -0.147999 -0.0644787 0.557821 0.211227 : 0
-0.00936407 0.162727 -0.0244461 0.288752 -0.363238 -0.173639 0.03375 0.262784 -0.511065 : 0
0.0535467 0.617983 0.0375208 -0.244998 0.0586245 0.119971 0.844986 0.52454 0.39145 : 0.1
0.0397404 0.0807878 0.0529382 -0.471401 -0.236301 -0.115084 -0.0574602 1 0.6948 : 0
-0.0180184 0.242222 -0.239979 -0.00863338 0.371322 0.0174375 0.420453 -0.413778 0.283978 : 0
0.0966268 0.483122 0.355103 0.772606 -0.016638 0.634438 -0.164576 -0.0859229 0.961872 : 0
0.377934 -0.566495 -0.240356 0.0919652 -0.457911 -0.0227256 0.0649125 -0.120868 0.118398 : 0
-0.236482 0.658335 0.0154002 0.365256 1 -0.0872406 0.0584874 0.64083 -0.074796 : 0
0.103178 -0.11708 0.855591 0.436267 0.472006 0.271872 0.543393 0.578379 -0.00484542 : 0
0.0169816 0.250429 -0.0635133 -0.220586 0.15874 -0.145755 0.0291265 0.153796 0.0300801 : 0
-0.174852 -0.137836 -0.0851876 -0.0588553 -0.0999798 -0.0958606 -0.167805 -0.325112 0.0723039 : 0
0.0500298 -0.210777 0.816533 -0.23621 0.874572 -0.217321 -0.208375 -0.150597 0.0771958 : 0
-0.0359342 0.320463 0.358698 -0.41672 0.207229 0.100693 0.0959916 0.117598 0.51165 : 0
0.162968 0.228192 -0.219847 -0.779494 0.635238 -0.0197948 0.261227 -0.0473136 0.0595393 : 0
0.149774 0.194234 -0.235665 0.139438 0.0396595 0.0219058 -0.0836616 -0.0305427 0.168224 : 0
-0.706451 -0.0490668 1 0.061246 0.345511 0.563996 0.103635 0.0208449 0.0686997 : 0
0.191333 0.454385 0.0302486 -0.0876949 0.383597 0.448881 0.241758 0.503074 -0.846255 : 0
0.320155 0.0746104 0.510544 0.149604 -0.0879156 -0.363929 -0.212075 0.0797235 0.201633 : 0.4
-0.504808 0.0657065 -0.113978 0.509523 -0.380572 0.224144 -0.125135 0.632917 -0.290031 : 0.1
0.313986 1 -0.0168827 -0.643603 0.414529 0.0426383 0.236569 -0.0636692 0.306727 : 0
-0.0865825 0.270363 0.00783285 -0.405801 -0.17188 1 0.150581 0.0759468 0.197806 : 0
-0.0471318 0.474366 0.0308256 -0.569633 0.449024 -0.181638 0.214961 1 -0.0261116 : 0
0.0840477 0.223721 -0.0431328 0.194824 0.202068 0.657314 0.0308641 0.123482 0.207364 : 0
-0.591279 0.00105986 0.19651 -0.289508 -0.0537183 0.0833918 -0.221267 -0.00912288 0.134628 : 0
0.00836569 0.108164 0.0793538 -0.000403419 -0.65011 0.260201 -1 -0.185903 -0.316481 : 0
0.66136 0.450508 0.230532 0.159265 0.464894 -0.068851 0.0919395 -0.0574738 0.132093 : 0
0.0983992 -0.0715098 -0.0863776 -1 0.120897 0.194224 0.11643 -0.0538583 0.00776026 : 0.1
0.211945 -0.200323 0.0749898 -0.152911 -0.0746311 0.0898519 0.31155 0.0187758 0.167557 : 0
-0.208309 0.575855 -0.387622 0.84663 0.292417 0.43606 0.298171 -0.0527629 -0.0534941 : 0
-0.256082 0.605423 -0.103836 -0.15186 0.360916 0.0515448 0.095559 0.0802666 0.55122 : 0
0.170331 -0.00707814 0.519104 -0.143578 -0.0607045 0.123642 0.245906 -0.18367 0.0318755 : 0
0.0322312 -0.409223 0.0981234 0.377039 -0.0143611 0.101125 0.0837126 -0.597712 -0.0977337 : 0
0.15688 -0.0381644 0.233841 -0.00897068 0.673313 -0.0527162 0.112412 0.0550283 0.130675 : 0
0.106214 -0.20395 -0.117451 0.0208103 0.286656 0.090562 0.10807 0.0338162 0.138009 : 0
0.56619 -0.115132 -0.110408 0.0312774 -0.105388 -0.136335 -0.0112752 -0.18465 0.219132 : 0
0.0553605 0.103081 0.103448 -0.0685209 0.681674 -0.0419086 0.184096 1 0.739762 : 0.1
-0.407961 0.132409 1 -0.188938 0.181899 0.553838 0.0465968 0.201781 -0.0328309 : 0
1 0.172386 0.061415 -0.00993954 -0.263281 0.0958909 -0.596771 -0.00439571 -0.178721 : 0
0.510285 0.0935397 0.881013 0.422891 0.134996 -0.0225145 -0.318988 -0.0486709 -0.157102 : 0
0.604515 -0.0593926 -0.0403755 0.0568154 0.393041 0.238289 0.375884 -0.283228 -0.166292 : 0
-0.107189 0.00727838 0.448359 -0.0113465 -0.0547175 0.601241 -0.538094 -0.208943 0.126886 : 0.1
-0.451767 0.169899 1 -0.211195 1 -0.555035 0.030399 0.0807568 0.0850819 : 0
0.154773 0.520824 0.0908988 -0.265704 0.19928 0.112888 0.0116866 -0.0533532 -0.0313809 : 0.4
0.187352 0.1651 0.20113 0.112732 0.0955603 -0.0551236 0.156396 -0.0396501 0.0149737 : 0
-0.142133 0.444013 0.189833 -0.00915942 0.057263 0.152743 -0.269547 0.845928 0.00647408 : 0
-0.86222 -0.121271 0.125458 -0.198139 0.213216 -0.000138626 0.356367 0.0720344 0.385902 : 0.2
-0.190172 -0.0762267 0.424581 -0.665333 0.943417 -0.220914 0.0146287 0.401328 0.10876 : 0.3
-0.214682 0.222476 0.227008 0.153519 0.656615 -0.0804437 0.0374665 -0.531301 0.0289577 : 0
0.0152186 -0.224304 0.577061 0.318675 0.00319296 -0.375494 -0.0539641 0.223848 -0.371301 : 0
-0.129186 0.728641 0.167116 0.102729 0.00749837 0.019111 0.207379 -0.157483 0.140897 : 0.3
-0.580061 0.708039 0.215534 0.118719 -0.288757 0.0936027 -0.308829 -0.164065 0.0766582 : 0.3
0.170247 -0.779644 0.0980744 -1 0.230127 0.0670867 0.0456203 -0.229365 0.0601965 : 0.2
0.15914 -0.20349 0.00793887 0.025268 -0.0434538 0.309204 0.260758 -0.191969 -0.580974 : 0
0.844205 -0.215588 0.158541 -0.0312666 0.36874 0.0773614 0.0798488 -0.083669 -0.198753 : 0
0.11822 0.707516 -0.0997596 -0.232903 -0.058174 0.0273181 0.0876816 0.211292 0.00265032 : 0
-0.189423 0.0713513 -0.601608 -0.0934041 -0.127411 0.138268 0.0818257 -0.120655 -0.164828 : 0
-0.377143 0.214689 1 -0.0371705 0.146359 0.219752 0.0280225 -0.00492114 0.209575 : 0.3
-0.267217 0.877985 0.181531 0.195226 0.457867 0.128503 0.156749 -0.127794 0.10998 : 0.3
0.657198 -0.070885 -0.575545 -0.527034 -0.320012 -0.0537881 -0.119874 0.650265 -0.14441 : 0
-0.332691 0.0281785 1 0.0735141 0.297037 0.00399264 -0.939799 -0.21112 -0.312234 : 0
-0.109334 0.349055 0.133434 -0.102736 -0.00871594 1 0.349735 0.385806 0.249233 : 0
-1 0.447673 0.116229 -0.0314495 0.0581438 -0.434109 0.544202 0.260622 0.104054 : 0.1
-0.048834 0.915822 0.0588189 -0.613594 0.0225888 0.187121 0.0421718 0.0566306 -0.241384 : 0.6
0.262679 -0.0613161 0.379319 -0.136252 -0.013599 -0.0619575 0.473355 0.0215115 -0.159874 : 0
-0.395165 0.944362 -0.0869792 -0.220237 -0.128493 0.617087 0.0162491 0.0575133 -0.122458 : 0
-0.164285 0.089979 0.1302 -0.414068 0.107385 0.0565479 0.50567 0.115058 0.244355 : 0
0.373804 1 -0.0878416 -0.347605 -0.686544 -0.189487 -0.212249 0.314843 0.0784902 : 0
-0.049091 0.00398065 -0.0443507 0.123819 0.185362 -0.312038 0.109144 0.757365 0.444998 : 0
-0.859679 0.550309 -0.0230346 -0.262778 -0.0758707 -0.185063 -0.0416888 -0.100659 -0.0174851 : 0.1
0.241431 0.288926 -0.0692125 0.418793 0.0036199 0.0730008 0.388097 0.721199 0.0677957 : 0
-0.0549332 0.572565 0.142645 0.0880887 0.0766879 0.236953 0.0181069 0.0330143 0.185757 : 0
0.143966 0.275952 0.601634 0.0249765 0.202444 0.0145537 -0.00163686 0.00518329 0.184189 : 0.2
0.387223 0.0516088 -0.027155 0.579913 -0.112459 0.25808 -0.294492 0.833654 0.179807 : 0
0.482884 0.11386 -0.0140196 0.339387 0.35536 0.308363 -0.571072 -0.0867443 0.00205993 : 0
0.815476 0.13096 -0.0192911 0.0334973 -0.0941652 0.469858 0.0187364 0.217368 0.336189 : 0
0.0905098 0.00301178 -0.444678 0.378586 0.381742 -0.0387248 0.271052 0.4602 0.722512 : 0.1
-0.0846591 0.223595 0.389088 0.401834 -0.104596 -0.51185 0.068837 -0.0598002 0.102736 : 0
0.0659737 0.363732 0.255883 0.054023 0.302266 0.13869 0.0668565 0.10117 0.109019 : 0
0.167464 -0.46591 -0.212284 -0.0727562 0.463958 -0.490841 0.499289 -0.136707 -0.384285 : 0
0.0622528 0.853551 0.388097 -0.798579 1 -0.117153 0.305925 0.355697 -0.093982 : 0
-0.367257 0.436305 0.149066 0.0375302 0.391435 0.0979191 -0.0607192 0.132595 0.0947374 : 0
-0.174646 0.387484 0.0563608 -0.157403 -0.366296 -0.0894469 -0.0215056 0.0745609 0.126521 : 0
0.543337 -0.307046 -0.263253 -0.708759 0.169472 -0.069525 0.081238 0.384082 0.0146816 : 0.4
0.440379 0.425267 0.507454 -0.00368799 0.617101 0.107569 0.0895976 -0.047957 -0.00737159 : 0.5
-0.0592165 0.0706276 0.846147 0.101111 0.0711342 -0.486855 0.442759 -0.134203 -0.24415 : 0.5
-0.152122 -0.133578 0.356759 -0.258429 -0.236843 0.0155566 -0.0281705 0.184083 -0.0947616 : 0
0.333018 0.353152 0.162136 0.0278204 -0.0024299 -0.455101 -0.153099 0.284176 0.0681125 : 0.1
-2.38158e-05 0.966837 0.0179536 -0.711434 -0.0664262 -0.035372 -0.210975 -0.04427 0.0569193 : 0
0.164667 0.0453404 0.481924 0.0148824 0.0874553 0.842791 0.0311488 0.42223 -0.114317 : 0.1
0.297441 0.171897 -0.0807038 0.762321 -0.299337 0.0101891 0.347489 0.269858 -0.756194 : 0.2
0.0756251 0.338147 -0.132001 0.488615 -0.0849884 0.146327 0.0858306 -0.00828695 0.258261 : 0
0.467976 0.146621 0.225415 -0.0929791 -0.2551 -0.39373 -0.0549427 0.350111 -0.113013 : 0.1
0.560551 0.262304 0.222454 -0.496163 0.248948 -0.143247 0.112306 0.623916 0.00734583 : 0
-0.0664199 0.0586829 0.230485 0.00546321 -0.0116023 0.278515 0.772626 -0.211512 0.90077 : 0
0.44846 0.62589 -0.0267874 -0.0035125 -0.421026 0.259985 0.369477 0.422302 -0.181846 : 0
-0.0468596 0.0948318 0.996445 0.0136718 0.11493 -0.520893 0.0363461 -0.0529398 0.0791833 : 0
-0.27652 0.402203 -0.187378 -0.354233 0.0678694 -0.174903 -0.199769 -0.104408 -0.362718 : 0
0.19289 0.35853 0.0596544 -0.00396377 -0.0955947 0.151896 0.0754214 -0.176975 0.080984 : 0
-0.18019 0.570782 -0.334499 0.128337 -0.061168 0.399726 0.0668315 0.345039 -0.0802757 : 0
0.0785158 0.877107 0.019348 1 -0.0518735 0.0768927 0.569373 0.151804 0.448796 : 0
0.22579 0.575768 0.232257 -0.0539684 0.0838894 0.148617 0.174456 0.0194397 0.114082 : 0.3
0.083669 0.0444311 0.16068 -0.152374 0.00912239 -0.122813 0.107251 -0.190489 0.0386025 : 0
-0.115919 -0.075025 -0.0770476 -0.229444 -0.0484571 0.135543 0.0300232 0.0933382 0.164477 : 0.2
0.0298492 0.53746 0.67012 -1 0.369246 0.162633 0.39999 0.144009 0.83507 : 0
0.059848 0.189764 -0.0725929 0.183755 -0.204404 0.344985 0.0494017 -0.0588619 0.00683537 : 0
0.204248 0.338869 0.576419 -0.533716 1 -0.354078 0.395224 0.253254 -0.156412 : 0.7
0.680065 0.126859 0.196253 -0.228948 0.325682 -0.125611 0.215416 -7.73668e-05 0.673904 : 0
-0.125667 0.228363 0.510014 -1 -0.195726 0.016709 -1 0.30728 0.0622147 : 0.1
0.15595 -0.145935 -0.12146 -0.038332 0.156647 -0.315311 0.216384 0.0175498 0.941611 : 0.2
0.268849 0.206605 -0.500812 -0.48903 0.0163592 0.523679 0.029183 0.175741 -0.0656113 : 0
0.265693 -0.216692 1 0.328873 0.132564 -0.0255625 0.187588 0.189598 0.158945 : 0
0.066172 0.415379 0.0977316 -0.106834 -0.0180593 0.322334 -0.133493 0.0911292 -0.186642 : 0.2
0.258794 -0.176258 -0.0837371 0.00696057 1 -0.0419524 0.239956 -0.0359963 0.117288 : 0
0.147572 -0.484431 -0.109184 -0.115173 0.440495 0.225852 0.0960213 -0.288825 0.0665743 : 0
0.109851 0.0115073 -0.312678 0.587475 -0.0355699 0.0718494 -0.0207067 -0.0164352 -0.0859395 : 0
0.215246 0.247786 0.354187 0.046313 0.331167 -0.0390604 0.373406 -0.0530796 0.0306678 : 0
-0.0466017 -0.140072 -0.0778257 -0.206801 1 -0.0518589 0.234501 0.224785 -0.0622436 : 0.2
0.0996531 -0.0652709 0.810137 -1 -0.15156 0.256513 0.613062 0.304576 0.051762 : 0
0.427651 1 -0.409568 -0.312565 -0.0830919 0.185134 0.00226671 0.0378071 0.151831 : 0
0.310416 0.271346 0.209596 -0.102657 -0.0542961 0.223914 -0.0662218 0.24971 -0.130801 : 0
-0.00638239 0.113412 0.797854 0.27927 0.107836 -0.0965724 0.0633128 0.122756 0.286492 : 0.1
0.0451396 0.703264 0.148144 -0.234641 -0.579325 0.01063 0.109277 0.097617 0.251391 : 0
0.0889753 0.73292 -0.0447388 0.0567167 0.13086 -0.195973 -0.0543675 0.0400705 0.0577303 : 0.6
-0.0884841 0.865875 0.335435 0.601846 0.12685 -0.222735 -0.023476 0.676 0.147613 : 0
0.299945 0.161587 0.000385581 0.0443091 0.343003 -0.148358 -0.0119133 0.857205 -0.862331 : 0
-0.00600848 -0.00828907 0.138264 -0.502036 -0.132726 0.0605021 0.0833798 -0.0606393 0.384628 : 0
0.0626479 -0.428773 -0.140868 -0.306033 0.560331 0.124082 0.292668 0.719209 0.108946 : 0.1
0.127613 -0.101754 0.0619031 -0.260502 -0.105751 0.233331 0.171528 -0.0827009 0.0491227 : 0.2
-0.202992 -0.0975305 0.00326324 -0.429454 -0.204287 0.512192 -0.287277 -0.376025 -0.194353 : 0.1
0.0622369 0.309594 0.181257 0.273099 0.322821 0.0756231 0.0623001 0.124256 0.106162 : 0
0.011949 -0.102192 -0.1067 -0.235107 0.101266 0.107434 0.137859 -0.0366129 0.420436 : 0.3
0.751459 0.142714 0.129474 0.0512748 0.313964 -0.0305893 0.0871171 -0.0186932 0.238557 : 0.1
0.239003 -0.343975 0.0981131 -0.0724198 -0.175693 -0.179451 -0.578461 0.0188875 0.349506 : 0.2
-0.36974 0.469312 0.274066 0.370386 -0.174502 0.00865558 -0.023085 0.338501 0.0691633 : 0
0.929241 0.193031 0.125866 -0.0928058 -0.341412 0.154107 -0.433919 -0.0307182 -0.156772 : 0.1
0.252851 0.30045 0.0579994 -0.494691 0.0199512 -0.0169162 0.200381 0.41175 0.0899616 : 0
0.0756529 0.0318181 -0.00355138 0.0159273 0.626486 0.0295864 0.101639 0.255354 0.0636713 : 0
0.0117159 0.158594 0.413456 0.070643 -0.042953 0.238182 0.169139 0.437191 -0.00227249 : 0.5
0.198254 0.13942 -0.226717 0.209148 -0.0536521 0.307497 -0.142576 0.0115362 0.245065 : 0
0.0545541 0.0808655 -0.044783 0.0136054 -0.114181 0.027621 -0.200592 0.430528 -0.0956199 : 0.4
0.101145 0.0641971 0.0270199 0.0945689 -0.377891 0.0018165 0.812603 -0.591728 0.0356556 : 0.2
0.215716 -0.192168 0.172322 -0.279268 0.372525 -0.014154 0.0286509 0.0793145 0.0235525 : 0
0.199524 0.850438 -0.328541 -0.345167 0.0596581 1 0.273754 0.209961 0.10272 : 0
0.89816 -0.164265 0.0384708 0.461751 -0.0299844 0.0835946 0.013005 -0.0819746 0.240697 : 0.2
-0.622536 -0.0794367 0.0429456 0.533548 0.396427 0.153127 -0.265401 0.465031 -0.257629 : 0
0.0612653 -0.237926 -1 0.661067 -0.282785 -0.278982 0.154719 -0.0152041 0.145314 : 0.5
0.539783 -0.33071 0.432022 0.0375198 -0.0408902 0.49855 0.240871 0.433091 0.840756 : 0.6
0.145265 -0.00387579 0.10738 0.352653 0.28738 -0.142215 0.066694 0.5317 0.0410073 : 0
0.247778 0.0889375 -0.0676467 0.0493718 0.178013 0.157972 0.0147327 -0.160611 -0.00198847 : 0
-0.0120728 0.0205729 0.356994 -0.0992893 -0.0180335 0.880733 0.407246 1 0.241291 : 0
0.0588321 0.00458724 0.159912 0.13471 0.0845418 -0.0295739 0.275827 1 0.161826 : 0
-0.08374 -0.110141 0.258903 -0.0792015 0.517569 -0.133951 0.713455 -0.018445 0.0370889 : 0.1
0.44471 0.152393 0.120345 -0.147841 0.199491 0.0734949 -0.169643 -0.274969 0.231896 : 0
0.0436012 0.144061 -0.0275115 -0.000366531 0.298508 2.64943e-05 -0.183402 -0.252571 0.0926743 : 0
-0.188727 0.258337 0.792126 -0.389619 0.0830043 0.360935 -0.137185 0.0375098 1 : 0
0.21303 0.0827373 0.0904602 0.167339 -0.153204 -0.327779 -0.390669 -0.377741 0.00602247 : 0
0.203131 -0.0796992 -0.182166 0.465292 -0.318754 0.286906 0.461787 -0.224076 0.449988 : 0
0.0232605 0.694858 0.0678223 0.683516 -0.169107 -0.0529927 -0.128065 -0.38501 0.0832352 : 0
-0.117075 0.355298 -0.17881 -0.0870232 0.348784 -0.53955 0.442989 0.419769 -0.0521927 : 0
0.119952 0.15899 0.666768 -0.0427396 -0.0633801 -0.151144 -0.0477404 0.0153839 -0.0779792 : 0
0.0640274 1 -0.0485612 0.124536 0.123853 -0.0526058 0.215676 1 0.00525726 : 0
0.261036 -0.380295 0.2463 -0.347123 -0.13589 -0.0173091 1 0.264289 0.254651 : 0
-0.810362 -0.505301 0.820111 0.597443 0.0634744 0.485365 0.172273 0.118974 0.304058 : 0
-0.207517 0.145777 -0.0275874 0.0437061 0.320388 -0.544661 0.199126 0.706241 0.16729 : 0.1
-0.0883795 0.665724 0.117679 0.324218 -0.292325 -0.0377917 -0.00879481 -0.214212 0.0761867 : 0.1
0.0661709 0.339483 -0.304418 0.089228 0.230631 -0.106624 0.759385 0.112191 -0.00702044 : 0.2
0.177141 0.444303 0.0528415 0.854992 -0.0282236 0.145082 -0.166291 0.117542 1 : 0.6
-0.0806218 0.404915 0.364059 0.123077 0.0844296 -0.0794103 -0.0508301 -0.0870658 0.11107 : 0
-0.448156 -0.224634 0.683016 -0.336177 0.25783 0.463676 0.367684 0.135995 0.188463 : 0
0.11356 0.153163 -0.283406 -0.208781 0.0188128 0.0938705 0.161324 0.114807 -0.103913 : 0
0.211038 0.334446 0.175733 -0.902668 0.248352 -0.104011 0.0723279 -0.0231188 0.186118 : 0
0.171931 0.0515117 -0.117291 -0.0808612 0.133734 0.00385705 0.0472171 0.432734 -0.0127535 : 0
0.165801 0.810722 0.49503 -0.0932804 0.157947 0.138089 0.489541 0.00120047 -0.140756 : 0
-0.115644 -1 0.036534 -0.261041 -0.395245 0.0827928 0.298121 0.0857902 -0.390167 : 0
0.185081 0.494577 1 0.186594 0.797294 -0.066002 -0.117503 -0.351444 0.0425988 : 0.6
0.0838106 0.645839 0.2131 -0.366396 0.533196 0.0911725 0.0332769 0.31549 -0.102807 : 0.1
0.246004 0.0957739 0.156392 -0.312228 0.0282602 -0.615532 -0.931529 0.172956 0.0167761 : 0
0.141178 0.0559734 -0.902572 0.469421 -0.112588 0.168766 0.245306 -0.000973772 -0.0939057 : 0.6
-0.297562 -0.474438 0.0915754 -0.0686376 -0.0972907 0.0827038 -0.331069 0.185074 -0.220645 : 0
-0.263732 0.259415 0.173399 -0.0710439 0.466663 -0.135957 -0.914958 0.130447 0.22597 : 0
0.0692574 -0.0114242 0.0374247 -0.254055 0.0918659 0.0187588 0.0762547 -0.0245619 -0.0129084 : 0
0.0595469 0.104842 0.935275 1 0.0995323 1 0.267195 0.12041 -0.306005 : 0.4
0.0800969 0.380806 0.0536202 0.120536 -0.0681772 -0.0596964 0.46492 -0.0728055 0.055279 : 0.1
-0.0574003 0.311573 -0.0828135 -0.184744 1 -0.305851 0.621885 0.0352434 0.0281054 : 0.6
-0.416643 0.397093 0.0860061 -1 0.119808 0.577676 0.328562 0.190291 -0.288901 : 0.1
0.284057 0.616469 0.249788 -0.390548 0.438566 0.298901 0.0430069 0.0209634 -0.00382689 : 0.1
0.389087 1 -0.302398 -0.254693 0.011939 -0.25681 -0.0672617 -0.155384 0.133237 : 0
0.14167 1 -0.302727 -0.00707451 -0.195388 0.0813386 -0.344004 0.118055 0.081044 : 0
0.626571 0.0264975 -0.257375 -0.285918 -0.100726 0.146148 -0.0256206 0.785818 0.0694323 : 0.4
-0.498079 -0.328407 -0.167289 0.818072 -0.158238 -0.200804 0.0468471 0.527807 -0.0921143 : 0.3
-0.361386 0.190463 0.223359 -0.22851 0.222324 0.16145 -0.0393537 0.381926 -0.0733307 : 0
-0.0410174 0.116475 0.176229 -0.79455 -0.0492084 -0.0786262 0.132072 -0.0794984 0.33575 : 0.3
0.00540826 0.842852 -0.0514466 -0.153725 1 -0.0597356 0.135122 -0.0404279 0.693853 : 0.3
-0.0756402 -0.065435 -0.0125505 -0.091465 0.871323 -0.467333 -0.704686 -0.35345 0.355068 : 0
0.189764 0.228129 0.345431 0.321512 -0.324517 0.148269 -0.0849197 0.0878298 0.202052 : 0.3
-0.123767 0.461701 -0.0475903 -0.147958 0.0685 -1 0.219314 -0.549752 0.0034088 : 0
0.548598 -0.423377 -0.482798 0.106267 -0.0305248 0.0614183 0.0825189 0.025604 0.0423813 : 0
0.00672585 0.552892 -0.14426 0.394694 0.553194 -0.0702373 0.0410837 -0.304232 -0.169319 : 0.1
-0.204917 -0.102278 0.849009 0.429551 -0.0479828 0.0563173 0.0481131 0.0514026 -0.200403 : 0
0.0217287 0.146866 0.0488865 -0.2053 0.144743 -0.433825 0.209587 0.272694 -0.109313 : 0
-0.0731701 0.0128681 0.153315 0.528926 0.0658977 -0.0682019 -0.291975 -0.073753 0.0417068 : 0.2
-0.126533 0.0304088 0.594967 -0.280737 0.207794 -0.308563 -0.0874249 -0.349911 0.0793341 : 0
0.177635 0.142534 -0.447346 -0.0791593 -0.0917028 0.125661 0.0277548 -0.22617 0.0589597 : 0
-1 0.325935 0.249535 0.190555 0.185666 -0.0477383 0.0238072 0.197768 0.449791 : 0.1
0.0730694 0.284974 0.459507 -0.325358 0.405868 -0.232266 0.200629 0.867733 0.278273 : 0
1 0.0667322 0.057675 -0.0374122 0.120754 0.190081 -0.252587 -0.020791 -0.330486 : 0
0.0405038 -0.297904 -0.748943 0.0238844 -0.05701 -0.041378 0.435471 -0.105161 0.113342 : 0.3
0.324498 0.103527 -0.241038 0.492328 -0.200026 0.202186 0.331765 0.18694 0.840342 : 0.1
0.1691 -0.195772 1 0.525682 0.28371 1 0.0253909 0.0646175 0.121467 : 0
0.349659 -0.00911645 -0.178282 0.204575 -0.0815548 0.318996 -0.0934508 0.513946 0.0724075 : 0.3
0.0178175 -0.327728 0.080013 1 0.179277 0.127581 0.171844 -0.00736722 0.0766888 : 0
0.0765947 -0.0465684 0.0740396 -0.12308 0.484806 -0.168589 -0.34828 -0.0419584 0.142584 : 0.1
0.338622 0.0417788 0.459235 0.0191531 0.412934 0.382586 0.229761 -0.0903657 -0.5114 : 0
0.158191 0.0238064 0.045785 -0.0777843 0.167109 -0.0433161 0.00429272 -0.296286 -0.0815245 : 0
-0.0347988 0.0994995 0.492311 0.328048 0.0574777 0.1067 -0.106268 -0.196963 0.0137607 : 0
0.238681 0.312465 0.170804 0.213657 -0.215103 -0.189457 0.123719 1 0.252407 : 0.1
0.186131 0.206143 0.631877 0.316791 -0.0504384 0.095467 0.0598141 -0.0225597 -0.225525 : 0
-0.0244266 -0.524833 0.112015 -0.807179 0.220011 -0.0105364 0.0831721 0.149154 0.0194727 : 0
0.100525 0.113655 0.813513 0.655916 0.714315 -0.183621 -0.036082 0.192747 -0.0546965 : 0.2
0.0823731 0.745923 -0.0424186 -0.045521 0.199808 0.225541 -0.0663881 -0.0319374 0.154549 : 0
-0.0737859 0.485846 -0.248594 -0.184649 0.287445 -0.114343 0.078415 0.19609 0.221652 : 0
0.27302 0.081878 1 -0.0637934 -0.0138731 -0.0644475 0.13671 0.552814 -0.0900123 : 0
-0.0971918 0.386171 0.0561423 0.449163 0.922742 -0.0614215 0.478856 0.0479404 0.0617661 : 0
-0.467967 0.000558555 0.418234 0.179718 0.589783 -0.236107 -0.0474863 0.2593 -0.34353 : 0.4
0.0930505 -0.571425 0.049236 0.484461 -0.0634164 0.0397501 -0.206382 -0.131056 0.229902 : 0
0.151014 0.240615 -0.728093 -0.0647652 -0.101831 0.408555 -0.0464675 0.323414 0.314938 : 0
0.255166 0.203737 -0.378479 -0.186184 0.303882 0.574534 0.184341 0.304107 -0.186208 : 0.3
0.11308 -0.251978 -0.201732 -0.216141 0.0955683 -0.461255 0.0181505 0.837783 0.114364 : 0
0.231552 0.326493 0.0724438 0.0527803 -0.00252646 0.118561 0.176838 -0.188285 0.232916 : 0
-0.478804 0.243325 -0.0548926 0.200436 0.313967 0.639495 0.13847 0.00475163 0.317648 : 0
0.221497 0.190976 0.0957134 0.418372 0.247011 -0.419983 0.235804 -0.0924004 0.481974 : 0.1
-0.0102872 0.0436374 0.255216 0.268906 -0.0279838 -0.183821 0.0397758 0.159715 0.0232948 : 0
0.0367459 -0.0944357 0.238969 -0.376896 0.200349 -0.193393 -0.734573 0.659182 -0.0792158 : 0
0.242527 -0.653867 -0.43271 -0.831751 -0.0673303 0.168313 0.120288 0.493994 0.417195 : 0
0.0388582 0.273711 0.798767 -0.0934012 0.347278 -0.197553 0.106847 -0.0137603 -0.181655 : 0
-0.433504 0.58637 -0.0204231 -0.0653823 0.117328 -0.170457 0.124456 0.0596307 0.328094 : 0
-0.0862779 0.0142008 0.061877 -0.84744 -0.415879 0.119282 0.170124 -0.0569351 -0.127739 : 0.6
-0.672537 0.187227 0.227144 0.0031426 0.636603 0.924621 -0.019449 0.0155978 -0.137965 : 0.1
-0.22692 0.233605 0.0563386 0.0388691 0.110287 0.119843 -0.272145 0.352711 -0.50716 : 0.4
0.0471666 0.463381 0.146581 -0.0765594 0.364306 -0.0117023 0.157749 -0.0204473 -0.20364 : 0
0.107686 0.118386 0.127357 -0.160447 -0.14017 0.10977 -0.155947 0.131944 0.145292 : 0.1
0.0934626 0.0407823 -0.578729 0.194434 0.0362454 0.0420158 0.100866 -0.0513939 -0.795165 : 0
0.0541038 0.335107 0.224213 0.273279 0.804108 0.0809351 0.109311 -0.0248148 0.0627071 : 0
0.127365 0.628973 0.328727 -0.449048 0.220877 0.19606 0.154546 -0.0144068 -0.164001 : 0.2
0.126636 -0.12616 1 -0.271899 0.556292 -0.0492581 0.420255 0.216188 -0.00873658 : 0
0.0803642 0.050265 -0.330981 0.0342314 0.0633544 0.44439 0.265741 0.93026 -0.193132 : 0.1
-0.0678352 0.198953 -0.345871 -0.00255283 0.491182 0.864798 -0.147719 -0.209229 -0.158134 : 0
-1 0.172057 0.101375 0.120288 0.0114929 -0.122508 0.401353 0.0557732 0.0121887 : 0
0.0660131 0.231096 0.17841 0.200631 0.214616 -0.0193959 0.223185 1 -0.139627 : 0
0.703346 0.0511792 -1 -0.0964757 0.872702 -0.161217 -0.534035 -0.184827 0.784566 : 0
-0.0758156 0.117223 0.136512 -0.100377 0.222014 0.0429144 0.334976 0.048396 0.171302 : 0.6
-0.0466472 0.0688186 1 0.0323281 0.294738 0.184148 -0.0374612 -0.0189155 -0.204588 : 0
0.345589 0.141936 0.964394 -0.0119718 0.114305 0.341642 -0.0544413 -0.0510964 0.0820736 : 0
-0.366225 0.162494 -0.0554757 -1 0.0385963 0.747991 -0.0838608 0.132952 -0.140278 : 0
-0.111298 0.591703 -0.256697 1 0.206701 -0.326594 -0.171106 -0.123328 -0.0499103 : 0
0.17482 0.19683 -0.00503458 -0.0343745 0.197004 0.0981439 0.247056 -0.0502899 0.105926 : 0.1
0.0746354 0.451898 0.0940235 0.114915 0.754504 -0.170053 0.0221577 -0.00166535 0.205569 : 0
-0.175728 -0.61969 0.036421 -0.285288 -0.16314 -0.0892553 -0.0196879 -0.0387811 0.171152 : 0
0.241074 0.137286 0.734843 0.131643 0.0168911 0.959366 0.228983 0.666089 -0.0472617 : 0
-0.103663 0.145306 0.330261 -0.0121265 0.405274 -0.0957915 0.0659474 0.061276 -0.166569 : 0
-0.300106 0.17207 1 -0.233477 0.217851 0.351916 0.0869826 0.0277618 -0.105557 : 0
-0.337437 -0.129459 -0.16049 -0.281991 0.379695 -0.335455 -0.365735 0.182399 -0.164797 : 0.2
-0.594975 0.615342 0.138784 -0.0424475 0.149739 0.0332279 0.107353 0.123036 0.108173 : 0
-0.10555 -0.0787736 0.0493158 0.103136 0.119128 -0.43385 -0.0223814 0.362487 0.659364 : 0
0.0526316 -0.140463 -0.117897 -0.391161 -0.128246 -0.223191 0.090668 -0.0215399 -0.169369 : 0.1
-0.77627 -0.00761579 0.469292 -1 0.200967 0.432548 -0.0318755 -0.00327402 -0.0851664 : 0
0.236949 0.296184 0.00232211 -1 0.267845 0.0281322 0.0359448 0.196498 -0.461478 : 0
-0.00155094 0.357392 0.0799642 0.0620791 0.29247 0.349349 -0.0981452 -0.107613 0.203147 : 0
0.263598 0.244624 0.184515 -0.220758 0.04525 -0.32727 0.297512 0.256344 -0.0570677 : 0.3
0.0886679 -0.170471 -0.341187 0.161653 0.0703448 0.336322 0.0486539 -0.0324685 -0.207632 : 0.5
-0.00738709 0.115155 0.868779 0.199314 0.0725851 -0.060047 0.135372 0.280398 0.325968 : 0
-0.0242842 1 0.051453 0.188362 -0.396963 0.679021 -0.458804 -0.182488 0.194516 : 0
0.0235149 0.404635 -0.472388 0.267074 -0.30204 0.122057 0.268541 0.354541 0.0401601 : 0
0.0406399 0.00151024 0.227539 -0.395828 0.459736 0.702398 0.244442 -0.339812 0.0640292 : 0.2
-0.186197 -0.0972373 0.81494 0.873137 0.410401 -0.212458 0.290675 -0.113661 0.0506541 : 0
-0.12953 0.225556 -0.409274 0.503164 0.0678168 0.218676 0.0390108 -0.0077251 0.380618 : 0.1
0.154839 0.316644 -0.0869789 0.0610028 0.0344187 0.0565818 0.238077 0.0551356 -0.005245 : 0
-0.194126 -0.119418 -0.0897692 -0.119031 -0.0136858 -0.223089 -0.195207 0.109754 0.0945681 : 0
0.129428 0.845299 0.041048 0.0913619 -0.231219 0.468743 -0.0834515 -0.199484 0.278474 : 0.1
0.035886 0.0929544 0.0372082 0.0442575 0.309489 -0.255461 -0.142166 0.667514 0.0955229 : 0
-0.130024 -0.0606356 0.0482309 -0.0610779 -0.111989 0.486524 0.0189573 0.305712 0.670559 : 0
0.194212 0.200005 -0.0467012 0.253506 0.0346543 0.650128 0.0897382 0.0281249 0.130585 : 0.2
0.0572141 0.305038 -1 0.0505034 -0.233681 0.134513 0.121085 -0.112448 0.600204 : 0
0.100942 0.258638 0.0307497 -0.637983 0.00245952 -0.376585 0.358488 0.398253 -0.185371 : 0
0.171942 0.535358 0.179645 -0.069913 0.198322 -0.0617908 0.0587061 0.0736967 -0.00116031 : 0
0.0343718 0.372803 0.14546 0.0700281 -0.156611 0.270758 0.303214 -0.155948 0.425879 : 0.5
0.132502 0.292124 0.286531 -0.644162 0.379253 0.161424 -0.123596 0.0648281 0.484498 : 0
0.0577772 0.558289 1 -0.0403918 -0.0343932 0.321105 0.245381 -0.0316824 -0.0318044 : 0
0.261824 0.0846693 0.968544 -0.213308 -0.157246 -0.0984316 0.126918 -0.0202891 -0.062663 : 0
-0.196614 -0.250105 0.111071 0.0490675 0.551704 0.495862 0.072767 0.0258417 1 : 0
0.109451 0.768774 0.0210326 -0.104479 0.162864 -0.243272 -0.34288 0.732108 -0.0769898 : 0
-0.159979 -0.132372 0.306297 -0.148947 -0.150571 -0.879535 0.112977 -0.226786 0.347352 : 0.1
0.275429 -0.15209 0.0187145 -0.666562 0.0143596 -0.218426 0.00621896 0.569546 0.041867 : 0
-0.102917 0.984352 0.165458 -0.0695257 0.146791 0.0515793 0.147105 -0.223648 -0.274414 : 0.1
0.10625 -0.246565 0.226522 0.138314 0.123277 0.218954 -0.00982875 0.0257836 0.038056 : 0
0.397015 0.531575 0.0834388 0.509773 -0.0376935 0.231283 0.458356 -0.0697797 -0.0232522 : 0
0.0805463 0.306565 0.688192 0.0332575 -0.285432 0.129543 -0.0838291 -0.109737 -0.0764636 : 0.3
0.5543 -0.120956 0.164631 0.0352777 -0.0903558 0.019126 -0.146241 0.229717 0.107699 : 0
-0.0602985 0.578161 0.0605275 -0.216474 0.35712 0.25874 -0.259631 0.273428 -0.190938 : 0.3
-0.362435 -0.113911 -0.343792 1 -0.0762219 0.581075 -0.118295 0.518876 -0.202305 : 0.1
-0.462452 0.29927 0.148123 -0.172339 0.194777 0.0303939 -0.0193443 0.177372 0.0536376 : 0.5
0.272793 0.292381 0.154204 -0.257223 -0.0785814 0.0987242 -0.0672318 -0.107516 -0.18234 : 0.2
-0.0563164 0.0419078 0.46377 -0.322764 0.442172 -0.0331073 0.0195572 0.808056 0.118452 : 0
0.260852 0.00766011 0.431416 0.0654854 0.346823 -0.321432 0.208353 -0.078388 0.0504083 : 0.1
-0.0477462 0.184229 -0.0460286 0.055856 0.120388 0.0453015 0.166726 0.136994 0.21668 : 0
0.0606605 0.47887 0.498513 0.0643464 0.0841647 0.0925939 -0.0335292 -0.114202 0.522761 : 0
-0.0316408 -0.119813 -0.105751 0.193401 0.15843 -0.0794976 0.187412 -0.216349 -0.0780369 : 0
0.0421796 -0.203167 -0.0421315 -0.070345 0.359658 0.0824699 0.170159 0.944329 -0.0191345 : 0
0.105606 0.13764 -0.0874297 0.0487847 0.0650276 -0.045299 0.0671621 0.17024 0.192024 : 0
0.221752 0.0918079 0.000344232 -0.8259 -0.204085 0.0125308 0.0237307 0.0948214 -0.0159295 : 0
0.22202 0.835896 -0.278746 0.0320444 0.369419 -0.0803605 0.056928 0.0428096 0.0332351 : 0
0.0826336 0.494706 0.308563 -0.236986 -0.386089 -0.840973 -0.0609671 -0.100942 -0.0213271 : 0
-0.143323 0.266813 0.20447 -0.342542 0.0802406 -0.152136 0.251163 0.262733 0.112932 : 0.1
-0.0672793 0.0955873 0.892135 0.0499297 0.0388521 -0.125646 0.0391575 0.0500217 -0.265338 : 0
0.112784 0.00751656 0.181407 -0.682777 -0.0611386 -0.141239 -0.248971 0.199054 0.0221199 : 0
-0.000788629 -0.110465 0.0288129 -0.350592 -0.0895494 0.230517 -0.0470798 0.246505 0.573667 : 0
-0.111492 0.0180697 0.249545 -0.096695 -0.00234155 1 0.41175 1 0.345874 : 0
-0.0923849 0.238034 0.0355216 0.361003 0.230454 0.0121106 0.305265 0.330051 0.523999 : 0.5
0.00641251 0.0669398 0.176843 -0.267913 0.332787 -0.197105 0.140537 0.152487 0.391079 : 0.4
0.109551 -0.108353 0.510098 0.0773207 0.506755 0.600497 0.135649 0.494826 -0.153848 : 0
-0.0963987 -0.106074 0.624626 0.0491391 -0.0449591 0.126506 -0.0069479 0.462309 -0.525833 : 0
0.0667273 0.281034 -0.192957 -0.167464 -0.0288377 -0.727847 -0.360979 0.208123 -0.0283405 : 0.6
0.200699 0.773462 0.0592624 -1 0.226018 0.200174 0.0588154 -0.333227 0.102806 : 0.5
-0.0176673 -0.0674777 0.238453 -0.157234 0.276923 -0.185361 0.0214101 -0.280472 0.0291122 : 0
-0.141727 0.425805 0.21882 0.197006 0.0384611 0.166118 0.245323 -0.0679811 0.27547 : 0
-0.325678 0.285115 0.141094 -0.719444 0.205927 -0.202026 0.135889 0.107052 0.0118206 : 0.2
-0.217497 0.0779465 0.0576218 -0.105138 0.0194612 -0.450196 0.0798799 0.172213 0.218734 : 0
0.694317 0.0465794 0.506775 0.100232 0.0695279 0.10086 0.0982111 -0.174942 0.0906511 : 0.3
0.614745 0.148383 0.00830902 -0.166269 -0.196905 0.118215 -0.405125 0.460669 0.2201 : 0
-0.201076 0.64963 -0.214839 0.213977 1 0.0735602 0.514642 0.0350708 0.0970881 : 0
0.0224161 0.494504 -0.26063 0.153966 0.124056 0.0778777 0.248407 0.0454952 0.00521022 : 0
0.378274 -0.315255 0.204628 -0.263828 0.119628 -0.0573877 0.0692972 0.0761837 0.502044 : 0
0.528947 0.291283 0.0115837 -0.0150924 0.259112 0.576082 0.0948595 -0.00528834 0.0814496 : 0.7
0.199394 0.144548 -0.506199 0.157356 0.816655 -0.0136869 -0.0127885 0.388114 0.231716 : 0
0.0330123 0.578981 -0.0241077 0.782137 -0.0682679 -0.0768536 -0.167975 -0.160556 -0.156332 : 0.1
0.155733 1 -0.150827 -0.0794979 -0.0640568 0.0872589 0.127402 0.0373262 0.0356482 : 0
0.483616 0.289419 0.258344 0.222688 -0.0158631 0.00689845 -0.27374 0.362031 0.157954 : 0
-0.0546759 0.425894 -0.346047 0.320094 -0.00919225 -0.133867 -0.191516 -0.209615 -0.439091 : 0.1
-0.349799 0.78731 1 -0.0683486 0.0923565 0.0217856 0.0872258 0.0568605 0.230121 : 0.4
-0.0124957 0.153626 0.0280455 0.729942 -0.472077 -0.365218 -0.237823 -0.106086 0.114577 : 0
0.00709081 0.465591 -0.242818 0.0917868 0.00415044 0.0404849 0.16248 0.0845602 -0.0197691 : 0
0.155928 -0.494054 0.362199 -0.0990862 0.149678 0.321211 -0.0670282 -0.171607 -0.0388881 : 0
-0.0856505 -0.0794631 -0.0201519 0.994128 0.258997 0.191541 0.0103294 -0.00770726 0.276578 : 0
0.591573 0.095399 0.943103 0.343791 0.366908 0.630137 0.400658 -0.10211 -0.0434383 : 0
-0.079089 -0.217288 -0.0317039 0.158025 0.229986 -0.372972 0.303034 -0.0332609 0.00773771 : 0
0.592778 0.795222 0.0501603 0.0777134 -0.203698 -0.108673 0.0885572 0.601729 0.198851 : 0
0.874542 0.0365969 0.513226 -0.566666 -0.16235 -0.443409 0.0822991 -0.115359 0.0298125 : 0
0.119273 0.294882 0.625743 0.254113 -0.0309772 0.406512 -0.0870735 0.058549 0.110979 : 0
-0.0230408 -0.110267 0.324994 -0.10987 0.08952 0.0721571 0.413378 -0.013462 -0.522668 : 0
0.181677 0.132081 0.764704 0.878009 -0.0719068 -0.229875 0.0261364 0.454555 0.153336 : 0.1
0.132639 -0.0934675 -0.0910392 0.0946012 0.0178926 -0.0312782 0.0884641 0.0193122 0.696753 : 0
-0.190132 0.896887 -0.018548 -0.0710193 -0.033637 0.560867 0.214339 -0.160922 -0.0070591 : 0
0.00673178 -0.452201 0.125676 -0.140699 -0.0322976 0.0670302 0.177967 -0.175776 0.239656 : 0
-0.174012 0.163765 0.246821 -0.27424 0.166064 -0.290749 -0.476723 -0.0566209 0.194976 : 0.3
0.0447743 0.43125 0.195721 0.151589 0.0254854 0.509342 -0.29183 0.897383 0.168601 : 0
0.252458 0.479656 0.0165934 -0.150093 0.0362055 0.119841 -0.0765505 0.156863 -0.117124 : 0
-0.0893416 -0.0214687 0.0990206 0.0379755 0.263129 0.179378 0.22805 0.0993864 0.0936624 : 0.1
0.0418394 -0.273828 0.00291634 0.121624 0.214535 -0.0770839 -0.183273 0.618009 -0.0347072 : 0.1
0.0602811 0.174796 0.538333 0.194231 0.326837 0.0229566 0.188631 -0.442413 -0.0249153 : 0
-0.415731 0.247057 -0.420622 -0.0035457 0.143913 -0.104247 -0.446659 0.057088 0.320569 : 0
0.26902 -0.0346298 0.0744168 0.0809082 -0.00313017 0.211127 0.203829 -0.0914968 0.430869 : 0
0.44638 0.047076 0.00465369 0.148983 0.061356 -0.3134 0.0450615 -0.0682629 0.0855834 : 0
-0.158063 0.156876 -0.257157 0.860724 -0.0713777 0.444386 0.428482 0.0553991 -0.238939 : 0.1
0.0932705 0.261985 -0.0310815 0.298521 0.0980403 -0.297826 -0.867932 0.180662 0.0824453 : 0
0.129902 0.840461 0.439329 0.139152 0.0891439 -0.135169 0.135105 -0.0655393 0.205323 : 0.4
0.092968 -0.0148346 0.499679 -0.138632 -0.122189 -0.0402704 0.00210331 -0.0116874 -0.0435461 : 0
0.237476 -0.0757836 0.197303 0.212319 0.0595841 -0.220086 0.0605798 0.2178 0.193383 : 0.4
-0.194298 0.190515 -0.0488769 -0.110524 0.535161 0.474365 0.024279 -0.193026 0.510062 : 0
-0.130957 0.245152 0.118082 0.0855264 -0.376193 0.643373 0.0376669 -0.191889 0.257576 : 0
0.199982 0.166066 0.182717 -0.111134 0.23184 0.0788581 -0.0509605 -0.0574765 0.246887 : 0.4
0.206241 0.113512 0.415736 0.202118 0.704705 0.0828827 0.147695 0.163273 -0.155832 : 0.4
0.0699581 0.38762 0.0473099 -0.156397 0.0370174 -0.08427 0.0291808 0.0849066 0.621308 : 0.1
0.12403 0.321288 0.0833177 0.474969 -0.210853 0.322138 -0.0313152 0.018916 -0.187048 : 0
0.0413145 0.0814252 0.168696 0.153048 0.0452436 0.177692 1 -0.264017 0.677809 : 0.2
0.515516 0.077692 -0.232419 0.422916 -0.0438225 -0.0145844 0.127004 1 0.117826 : 0.1
-0.148963 0.170323 0.145124 0.404845 -0.0977432 0.424727 -0.083721 -0.729922 -0.0461787 : 0
0.012036 0.395964 0.402152 -0.130271 0.694874 0.102829 0.121603 0.21907 -0.143273 : 0.2
0.166702 -0.0600988 0.0397334 -0.0225629 0.0363058 0.756689 0.492942 -0.0140505 0.00969583 : 0
0.202412 0.0840384 -0.902959 0.197196 -0.142021 0.131021 0.0187002 0.0957253 -0.157447 : 0
0.000431299 0.656502 -0.142703 -0.0508178 -0.508272 -0.0882689 -0.135246 0.180571 0.0233765 : 0.1
0.109738 -0.0300589 0.171948 0.0361771 0.602244 0.336054 0.155893 0.246049 -0.0031904 : 0
-0.114835 0.351404 -0.34989 -0.215759 -0.0982453 0.457765 0.249737 0.196694 -0.268281 : 0.6
0.297617 0.68255 -0.280529 0.141417 -0.028926 0.232364 0.464382 0.158176 1 : 0
0.194888 0.303534 -0.15079 0.10588 0.574676 -0.275035 0.0809831 -0.0140053 0.297746 : 0
-0.00183535 0.725494 -0.354277 0.0921585 0.0511385 0.14738 -0.0176836 -0.184535 0.105343 : 0.1
0.67329 0.552037 -0.152895 0.349782 -0.7036 0.0434989 0.635948 -0.101936 -0.116219 : 0
0.261617 0.66673 -0.255699 0.0950364 -0.35285 -0.138201 0.0871238 -0.0289628 -0.0862494 : 0
0.0052613 0.0820682 0.214918 0.1983 -0.0612497 0.0971915 0.143029 0.118308 0.159328 : 0
-0.0104757 0.0352551 0.471858 -0.0226661 -0.157062 0.0744711 -0.149173 -0.107324 0.0780836 : 0.2
-0.563781 -0.334466 0.0780592 0.160936 0.9076 0.162524 0.135528 0.193746 0.230604 : 0.1
-0.0303464 0.678977 0.0652146 -0.384895 0.35554 1 -0.400648 0.0672122 -0.227358 : 0.5
-0.938016 0.542819 -0.0275811 0.202261 0.760778 0.0223619 0.154336 0.106953 0.103508 : 0.1
-0.0729649 0.0422312 -0.165248 0.215802 0.0544895 0.561612 0.00033463 0.038763 0.215394 : 0.3
-0.760866 0.323744 0.243893 0.091187 -0.0378451 0.0343754 0.0516671 0.0372255 -0.0884801 : 0
0.209176 -0.267424 -0.290827 -0.346745 0.11431 -0.249187 0.058554 0.0681472 -0.0201513 : 0
0.144601 0.0409326 -0.132784 0.193203 -0.114703 0.669237 -0.0147444 0.442041 -0.139281 : 0.3
0.146616 0.210234 -0.580856 0.0868773 -0.026241 0.0496352 0.012103 0.0548199 0.0587056 : 0
-0.0617593 0.146309 -0.282518 0.199032 0.503925 -0.166847 0.482336 -0.159637 -0.0126574 : 0.1
0.241983 0.249818 0.204294 -0.0228917 0.175403 -0.270685 0.776374 -0.350618 0.14645 : 0.1
0.0285976 0.244784 -0.443569 0.0994207 -0.295544 0.314592 0.130775 -0.0431217 -0.087551 : 0
0.873936 -0.123701 0.14799 -0.387751 -0.0651104 0.0480763 0.182263 0.117114 0.0537889 : 0
0.0837945 0.439647 0.121697 0.115338 0.647067 -0.145991 0.167048 0.428326 0.0862575 : 0
0.0136571 0.296716 -0.0879383 0.573101 0.142562 0.0345286 0.451574 0.107019 -0.357375 : 0.4
-0.434401 -0.359752 0.143391 -0.164786 0.107698 0.168882 0.169635 0.0338482 -0.0944513 : 0
-0.0337313 -0.116902 0.0703151 -0.194687 -0.360494 -0.134778 -0.0892453 -1.69277e-05 0.512156 : 0
0.0242303 0.363425 0.0151379 -0.177016 0.0955856 0.307542 0.0328192 -0.0215752 0.104191 : 0
-0.0425025 -0.101926 0.692455 -0.232196 0.14066 0.160445 -0.0952856 0.228489 0.0652258 : 0
0.0629019 0.0574571 -0.577378 0.20867 -0.00406983 0.235167 0.0712527 -0.00776498 -0.0837096 : 0
-0.803042 0.548858 0.120952 -0.280431 0.298964 0.129269 -0.141765 0.109317 0.0902802 : 0.2
-0.318352 0.449886 0.144242 -0.041513 0.19487 -0.0117349 -0.0354298 0.377684 0.0728716 : 0
-0.061363 0.226583 -0.322949 0.313569 0.395859 0.0450209 -0.358558 0.268 0.0513121 : 0
-0.291256 0.103373 -0.0593837 0.204047 -0.110676 -0.263392 0.088932 0.0569183 -0.53205 : 0.4
0.252238 -0.839839 0.768383 -0.93964 0.272738 0.170451 -0.334571 -0.219093 0.0496057 : 0
0.339448 0.262252 0.299468 -0.745996 0.173089 -0.0626875 -0.705182 0.0162297 0.0504359 : 0.1
0.0106625 -0.130357 0.232743 0.0693855 -0.0892836 0.325792 0.107118 0.0111612 -0.146279 : 0.2
-0.0366098 0.0826036 0.0455175 0.0284611 -0.258724 0.179287 -0.186308 -0.124273 -0.310185 : 0
-0.072399 0.0615149 0.243853 -0.305623 -0.0272664 0.282531 0.0877365 -0.0419485 -0.109065 : 0.4
-0.00727431 -0.197096 0.0585062 0.546517 0.0643599 -0.0433958 -0.518164 -0.0488136 0.133029 : 0.2
0.0115247 0.174527 0.308291 -0.172401 0.122412 -0.548101 -0.159918 -0.136233 0.111971 : 0.3
0.0373346 0.149481 0.736307 0.0772124 0.862679 0.874467 0.24904 0.303294 0.122859 : 0.4
-0.0263095 0.187091 0.0425389 0.157933 0.0138393 0.00287824 0.193601 0.000270735 0.0620943 : 0
-0.125598 0.106246 0.355319 -0.21829 -0.222111 0.271189 -0.0557196 0.519027 -0.397578 : 0.2
0.379395 -0.308175 0.963367 0.046633 0.267949 -0.202202 0.182541 -0.369539 -0.163474 : 0
0.44888 0.543409 -0.0446211 0.291364 0.0323177 -0.0426076 -0.19519 -0.0520876 0.114283 : 0.1
-0.364338 0.114612 0.25437 0.0575455 -0.0805456 -0.103136 0.996852 -0.139259 0.725142 : 0
0.380636 -0.045688 0.590578 -0.17718 0.151838 -0.0441526 0.153843 0.197398 -0.00739289 : 0
0.156621 0.149242 0.111532 0.658728 0.0416661 -0.0715084 0.607452 -0.321752 0.164648 : 0.4
-0.0215219 0.981962 0.217745 0.0549467 0.0866903 -0.0178108 0.0607602 -0.0793545 1 : 0.1
0.0873683 0.471795 0.172774 -0.139267 0.097508 0.108478 0.175164 0.0820982 0.0812871 : 0
-0.0189681 -0.0853744 0.419415 -0.263652 -0.00453864 0.146697 0.341943 -0.0928525 -0.150161 : 0.5
0.150514 0.737534 -0.0261659 0.549718 -0.0912843 -0.221384 0.167346 1 -0.388431 : 0
0.0195401 1 0.0132879 0.377728 0.915895 -0.163262 0.0439006 0.45151 -0.0225724 : 0
-0.0421453 0.682381 -0.112545 -0.585456 0.0380057 0.6992 0.0457655 -0.369569 -0.0728032 : 0
0.421605 -0.000505939 0.0118968 0.201728 0.313598 0.000572696 0.194257 -0.123729 0.337927 : 0.1
-0.0827008 -1 0.0492584 -1 0.223881 0.448811 0.120003 -0.110518 -0.00406786 : 0.2
0.142936 0.071819 1 0.260193 0.589884 -0.067628 0.236418 -0.110255 0.0457343 : 0.1
0.130041 0.247704 -0.164575 0.310767 -0.044956 0.429788 -0.0672515 0.36892 -0.055742 : 0.1
-0.0916153 -0.27498 -0.152766 -0.369778 0.0686677 0.167969 0.373852 0.510003 -0.121048 : 0
-0.220833 -0.107117 0.333549 -0.196793 0.28554 0.161372 0.0124619 0.564394 -0.189717 : 0
-0.0664786 -0.333549 -0.0104231 -0.342096 0.594334 0.145175 -0.0814461 0.0777696 -0.206193 : 0.1
-0.159207 0.541443 0.26945 -0.100866 -0.0714024 0.477219 -0.00496034 0.209075 0.916943 : 0.1
-0.861471 0.395756 0.222066 -0.100092 -0.20911 -0.0331351 0.561824 0.0508183 1 : 0
-0.142379 0.469842 0.310469 -0.07977 0.034461 0.105586 -0.00841045 0.0862296 -0.0035975 : 0
0.024334 0.0373798 -0.0138044 -0.269014 0.0258097 -0.0550463 -0.523201 0.0163556 0.0319228 : 0.4
-0.0426622 0.132373 -0.0118559 -0.24349 -0.15787 0.23827 0.0233855 0.436798 0.0107438 : 0
0.839675 0.358967 0.122563 -1 0.0025332 0.139507 0.288652 -0.124154 -0.0140929 : 0
-0.207255 0.473462 0.305964 0.383922 0.157667 -0.099691 -0.0498111 -0.00926578 0.059076 : 0
0.292748 -0.411444 -0.0307017 -0.366211 0.4018 0.652075 0.0433106 0.0141271 0.255356 : 0.5
0.502208 0.621314 0.266815 -0.259043 0.0314167 -0.413554 -0.0653358 0.305516 0.24574 : 0.3
0.146386 0.333688 -0.238708 0.0199927 0.215207 -0.365172 0.124227 0.774934 -0.00694842 : 0
0.000136754 0.277318 -0.631116 -0.0133819 0.0943175 0.275709 0.435513 0.0604169 0.128806 : 0
0.0589455 0.418291 0.163705 -0.0883128 0.0709225 0.0386853 -0.425477 -0.0574511 0.145058 : 0
0.345505 0.26972 0.224563 0.0500093 0.067645 0.010901 0.238572 0.0574786 -0.00345278 : 0.2
-0.172876 0.256728 0.462205 0.391267 0.0617791 0.595405 -0.127934 -0.187206 -0.13774 : 0.5
0.571345 0.105211 0.476112 0.0518996 -0.153066 -0.267753 -0.36524 -0.000848204 -0.260816 : 0.5
0.0553667 0.177778 0.290276 -0.07318 0.0962364 0.0785907 0.0606174 -0.300655 -0.0209528 : 0.3
0.0278362 -0.0251081 -0.0691427 -0.104477 0.250721 0.343053 -0.672516 0.310137 0.0250961 : 0
0.0892059 0.00801701 -0.404268 -0.225706 0.288588 -0.0952013 0.00123064 0.0392391 0.812888 : 0
-0.0975545 0.116506 -0.322955 -0.0465701 -0.297955 -0.509931 -0.798563 -0.379312 -0.0385624 : 0
0.0419222 0.082804 0.26674 -0.302418 0.568345 -0.20532 -0.186206 0.131076 0.0478211 : 0
-0.11527 -0.467156 0.138257 -0.138595 -0.0814939 0.373481 0.105944 0.151012 0.0322865 : 0
0.13 0.24029 0.75499 0.24122 1 -0.231442 -0.0393152 0.429587 1 : 0
-0.127784 -0.0458258 0.0329263 -0.274792 0.0445071 -0.0282856 0.401061 0.255436 0.39168 : 0.3
-0.162964 0.475125 -0.0283324 -0.0334457 0.50171 -0.0372335 -0.0538897 -0.199107 0.173973 : 0.2
-0.371817 -0.074764 0.167681 -0.0804309 0.480166 -0.086958 0.103346 0.235706 -0.351179 : 0
0.386981 0.419583 0.71709 0.108101 0.417092 0.176094 -0.156103 -0.291623 0.018286 : 0
-0.21492 -0.0115418 0.0931609 -0.254525 -0.0362717 0.389915 0.155839 -0.120574 0.0191593 : 0.1
0.334409 0.309148 -0.0691419 0.0880934 0.342161 0.0882327 0.0562956 -0.0980208 0.0948264 : 0.1
0.0675047 0.583982 0.029717 -0.62329 0.250264 0.313819 -0.463508 -0.101687 0.180882 : 0.4
-0.0704689 -0.116144 0.291862 0.0930123 0.0934933 -0.505877 0.0371355 0.41853 0.210218 : 0
-0.293716 -0.0591164 -0.056087 -0.443955 -0.0520025 0.124023 0.339277 -0.0265701 0.721888 : 0
0.110833 -0.136041 -0.0956213 -0.258159 0.0340059 0.124084 0.1469 0.565022 -0.0349483 : 0
0.34846 0.151445 0.0246058 0.291052 0.0297772 0.45039 0.148679 0.115862 0.00562206 : 0.3
0.12378 0.132653 -0.148777 0.0590681 -0.131432 -0.0863015 0.126713 0.0591439 0.391343 : 0
0.159079 0.556526 -0.0357814 0.625091 0.0937071 -0.14701 0.101818 0.0404337 0.176975 : 0
0.171792 -0.220856 -0.0661446 -0.00169024 0.105748 -0.298689 -0.0184763 0.552186 -0.108316 : 0
-0.0443053 -0.10448 0.0202305 0.272788 0.0572701 0.36118 0.152554 -0.178903 -0.101747 : 0
0.0428926 0.318746 -0.274387 -0.170421 -0.016428 0.36582 0.0983699 -0.0485771 -0.0513089 : 0
-0.1244 0.368789 -0.0384458 -0.676682 0.302772 0.434045 0.0132592 0.0848107 -0.185307 : 0
0.116393 -0.788047 0.932538 -0.105636 0.274476 -0.504798 0.0741403 -0.00410232 -0.111367 : 0.1
0.0217948 0.0681928 0.272736 0.269746 1 -0.516337 -0.00511059 0.331355 -0.187367 : 0
0.440765 0.355676 -0.395207 0.302729 -0.303326 -0.275964 0.056111 -0.24271 -0.166184 : 0.4
0.236142 0.269872 0.00219578 0.472701 0.269325 -0.741065 0.810627 -0.263502 -0.0924945 : 0
0.1652 0.152632 0.112827 0.44151 -0.157795 -0.0389973 -0.241458 0.232868 -0.0843243 : 0
0.179778 -0.02922 -0.522002 -0.990945 0.348645 0.0669496 0.590176 -0.144214 0.566699 : 0
0.227326 0.264463 0.0176509 0.670104 0.300194 -0.359199 0.291121 0.325062 0.169782 : 0.3
0.0436222 -0.0167631 0.742231 0.47678 -0.0403777 0.17764 0.887131 -0.58551 -0.217976 : 0
0.0157002 0.338457 0.129837 -0.0012922 0.035779 0.220029 0.715463 0.0169014 -0.399938 : 0
0.211596 0.0934874 -0.124504 -0.284163 -0.057521 0.182469 0.174007 -0.322571 0.256375 : 0
-0.0218536 0.180258 0.160267 -0.946737 0.514012 0.108391 0.416596 0.0371019 0.176672 : 0
-0.51644 0.633366 0.0266864 0.115857 1 -0.331771 0.240571 0.0999359 0.0646525 : 0
-0.988094 0.304954 0.256149 -0.097993 0.162515 0.151348 0.0916585 0.17567 0.641217 : 0
0.353005 0.620029 0.458 -0.00353099 -0.691127 0.278198 -0.26206 0.389265 -0.128914 : 0
0.0271014 0.214387 0.722917 -0.063817 0.229159 0.315784 0.0514673 -0.274273 -0.257926 : 0
-0.268571 -0.0200753 0.0049848 -1 0.0558652 0.111397 0.0321622 0.021364 -0.274912 : 0
-0.0245585 0.11601 0.0345247 -0.28904 -0.067769 -0.0683902 -0.217243 0.206791 0.271903 : 0.4
0.0626228 0.36962 0.114173 0.442765 -0.00156844 0.0616009 0.135218 -0.0390751 0.353585 : 0
0.0734821 0.244528 0.00803879 -1 0.0716499 0.183158 0.0342577 0.101354 0.933584 : 0
-0.0388523 -0.0467098 0.292202 -0.29778 0.853992 0.0395113 -0.248441 -0.066472 -0.152283 : 0
-0.145612 0.0857579 -0.148715 0.208257 0.0333771 -0.43637 0.316742 0.00578446 0.0781305 : 0
-0.493392 0.252935 -0.197687 -0.224878 0.0189954 0.244881 0.0359528 0.297848 -0.26046 : 0
0.343926 0.659651 -0.0167535 -0.739886 0.278347 -0.352779 -0.155013 0.51395 0.171113 : 0
0.328563 0.120193 0.0482042 -0.247073 0.0347597 0.600685 -0.0183964 -0.125261 0.0619692 : 0
-0.485682 -1 0.00751871 0.343866 -0.0770592 0.0618808 0.127763 0.128649 0.152177 : 0.2
0.131836 0.634464 0.196837 -0.40433 0.262952 -0.802609 0.329832 0.468218 0.117172 : 0
0.0902195 -0.0360402 0.576318 -0.238181 -0.0222387 0.0768624 -0.251139 -0.0753304 0.311156 : 0.4
-0.340421 0.427759 0.0710469 -0.355842 0.178468 0.166792 0.351602 0.28687 0.562341 : 0
0.104051 -0.151245 0.526117 -0.272122 0.0481049 0.195124 0.439626 -0.0554137 -0.0118664 : 0
0.617797 -0.0944388 0.284147 -0.156029 0.171159 0.168077 -0.215985 -0.0369437 0.262638 : 0.4
0.0388802 0.314806 -0.120988 0.0171746 -0.113313 -0.0353626 0.272708 0.204501 -0.0686492 : 0
-0.468722 0.407392 0.000401668 0.123973 0.307908 0.197153 0.124791 -0.11646 0.352156 : 0
0.0454639 -0.220297 0.0258491 -0.223925 0.439513 -0.0375306 0.528756 0.970195 0.14956 : 0.5
-0.108181 0.0292357 0.372923 0.219552 0.498753 0.137362 -0.142859 -0.385437 -0.0880487 : 0
0.639492 0.0859661 -0.541701 0.240559 -0.0705568 0.0357489 0.0866133 -0.0510763 0.0141392 : 0.1
1 0.000335085 0.446825 0.154125 0.314124 -0.29553 -0.34662 0.470814 0.381139 : 0.5
-0.0362013 0.0200068 0.280539 -0.071648 0.547298 -0.0312622 -0.00076741 0.0146041 0.155031 : 0.5
-0.208175 0.237743 0.128547 -1 0.39805 -0.501359 -0.127676 -0.74691 0.547078 : 0.7
-0.0202261 0.0780292 0.157132 -0.213063 -0.00425638 -0.0775358 0.199632 -0.0480103 0.0275357 : 0.5
-0.114931 -0.013432 0.155227 0.454337 0.365403 -0.171554 -0.0606373 1 0.0228669 : 0
0.0966781 0.450429 0.0981055 0.014486 0.234294 -0.210899 -0.259957 -0.0164958 0.304597 : 0
0.181842 0.0445405 0.975036 -0.0928528 -0.0130949 -0.241829 0.175962 0.000508279 0.013493 : 0.1
-1 0.0675666 0.475293 0.158326 0.0698182 0.305546 0.248399 -0.323283 0.321903 : 0
0.194179 0.0119945 0.0855048 -0.00783837 -0.0751269 0.804003 0.198406 -0.00583434 -0.172762 : 0
0.106549 -0.31375 0.228204 0.524829 -0.361717 -0.0643274 -0.112281 0.159258 -0.0529512 : 0
0.0590062 0.0862806 0.28098 -0.106367 0.0804297 0.188904 0.12308 -0.107023 0.29956 : 0
-0.100598 0.462243 0.314073 0.128917 -0.0180463 0.0438215 0.511617 0.0508156 0.0871966 : 0.1
-0.132026 0.600541 0.190874 -0.620776 -0.279619 0.0924523 0.212809 -0.075262 0.377668 : 0
-0.427033 -0.244344 0.0880758 0.0759263 -0.843461 -0.38732 -0.164435 0.119685 0.241618 : 0
0.0530924 0.1438 0.112743 -0.124223 -0.0303825 0.1518 0.0575022 0.119369 0.0480113 : 0
0.0971655 0.159966 0.471141 0.0574738 0.486049 -0.114852 0.141551 0.019874 0.104821 : 0.1
0.626489 0.283205 0.0787222 0.0745828 -0.399929 -1 0.34763 0.257823 -0.00307433 : 0
0.249061 0.333506 -0.0192541 -0.0091666 -0.101515 0.883179 -0.329497 0.304015 -0.358455 : 0.1
-0.0919115 0.409737 0.609046 1 -0.156527 0.751754 -0.122751 0.133587 -0.0212675 : 0
0.080516 -0.0601484 0.0991249 0.201162 -0.1111 0.327321 -0.0150535 0.0564957 -0.147498 : 0
-0.286742 1 0.874025 -0.243676 -0.22081 0.295199 0.0295083 0.36102 -0.0287404 : 0
0.501067 -0.0323501 0.0412716 -0.531878 0.142164 -0.260017 -0.537472 0.399666 -0.453406 : 0
-0.0485317 0.0592058 -0.218327 0.205086 0.199821 0.049147 0.089193 -0.0339765 0.315787 : 0
-0.461096 -0.31028 -0.248395 0.728644 -0.423593 0.539379 0.389406 -0.151745 0.48008 : 0.2
-0.201841 0.479041 -0.140977 0.0475343 0.343302 -1 0.135815 -0.0551948 0.0884919 : 0.1
0.494997 0.307734 0.289278 0.362913 -0.218028 0.305739 -0.0151413 0.00886133 0.0980487 : 0.3
-0.669296 0.143797 0.175115 0.386686 0.115723 0.968988 0.284974 -0.0493193 -0.0480094 : 0.1
-0.257391 -0.805335 0.25139 -0.29276 -0.137572 0.202625 -0.0825836 -0.0978461 0.129915 : 0
-0.18979 -0.221365 0.372318 -0.186886 -0.22868 -0.953995 -0.0410735 0.547275 -0.0527511 : 0
-0.473277 0.72567 -0.0952222 0.521061 0.662159 0.192945 0.188642 -0.0491329 -0.19279 : 0.2
-0.000476182 0.482521 0.132255 0.43537 0.783423 0.459955 0.347471 -0.121107 0.00798813 : 0.4
-0.02868 -0.164782 0.1547 -0.331647 0.0295584 0.0394006 0.0827487 0.177811 0.923031 : 0
-0.0229533 0.412188 0.205836 -0.659353 0.868384 -0.376654 0.32943 -0.0987244 0.123533 : 0
0.111657 0.00362104 0.303948 0.0118457 -0.538412 0.0615378 0.0250612 0.206362 -0.19285 : 0.4
0.248778 0.0837927 -0.90817 0.736815 -0.0937846 -0.295412 0.263792 1 0.141738 : 0
0.353384 -0.0106236 -0.18974 -0.22163 -0.00728963 -0.0388855 -0.134897 0.226377 0.0200495 : 0.4
0.148927 0.109727 -0.0591064 -0.182592 0.19176 -0.107267 -0.0896442 0.165045 0.044465 : 0.2
-0.14705 0.274811 0.558849 0.159271 0.0482068 0.102978 0.208783 -0.034781 0.031823 : 0.2
0.140508 0.206991 0.702297 0.0577877 1 0.217508 0.272157 0.18768 0.0256289 : 0.4
-0.20197 0.183634 -0.385637 0.636022 -0.0822899 0.531029 -0.0885018 0.42362 0.256005 : 0
-0.0286837 0.391608 0.116526 0.208978 0.239139 -0.0267092 -0.190051 -0.153458 1 : 0.1
0.760127 0.900139 0.0197756 -0.244602 -0.039295 -0.0934386 0.0784156 -0.0855043 0.116375 : 0
-0.437161 1 0.00179815 -0.111134 0.0435236 0.0991494 0.230878 0.134624 0.0697301 : 0.4
0.0303132 0.468935 0.217917 -0.60843 0.358848 0.459913 -0.103146 0.264714 0.218071 : 0
0.284391 -0.448825 -0.24775 -0.0525752 0.104319 0.0624703 0.177446 -0.0579497 0.143995 : 0
0.0760908 0.0949053 -0.196079 -0.135129 -0.0476067 0.124837 0.176417 0.752802 -0.035977 : 0.3
-0.278323 0.000128888 -0.0144067 0.085608 0.201114 0.0699392 0.228535 -0.0175857 -0.896993 : 0
-0.245038 0.603289 0.0706854 0.0921223 -0.504826 -0.0521357 0.515565 0.155037 -0.086547 : 0.4
-0.393907 -0.312 0.18527 0.0138083 0.651383 0.349536 0.256261 0.187734 0.956419 : 0.4
-0.21954 0.46823 0.712353 0.143353 -0.107592 0.0203612 -0.0159412 0.20671 -0.0485439 : 0.5
0.0952464 -0.0010337 0.0979273 -0.177551 -0.0309606 0.118215 0.221093 -0.0890947 0.117281 : 0
0.0548471 -0.087878 -0.225419 0.156104 -0.396858 0.221022 0.147576 0.00502785 -0.282375 : 0.3
-0.0894231 0.929851 0.232684 -0.50094 0.455851 0.0831126 0.101582 0.623651 0.53801 : 0
-0.199153 0.0750377 -0.0679982 -0.0400893 0.421584 -0.115284 -0.014887 0.460666 0.128306 : 0
0.0723653 0.0275193 -0.137969 -0.245407 -0.0486709 0.0637478 0.155299 0.515577 -0.0339095 : 0.1
-0.0541976 -0.447524 0.633654 -0.16155 0.0250423 -0.107223 -0.298703 -0.182891 -0.378798 : 0
0.118659 0.062397 0.481797 0.21542 0.0935919 -0.00108287 -0.307946 -0.082712 0.19202 : 0.4
0.6431 0.819199 0.140014 -0.195768 -0.345103 0.495895 -0.330801 0.371851 -0.0189492 : 0.1
0.368354 0.221322 0.189239 -0.293751 0.314282 0.444412 0.274272 -0.0819446 0.0273432 : 0.1
-0.548365 0.0463949 0.416226 -0.0662441 0.218858 0.355124 0.392497 0.303449 -0.145152 : 0.1
-0.552968 0.387736 -0.0215026 -0.551973 0.228086 0.0741227 -0.0839387 -0.0372216 0.0109117 : 0
0.440325 -0.169039 0.135613 0.265225 0.238138 -0.191683 0.468774 0.09037 0.247568 : 0.1
-0.301207 0.171569 0.660544 0.98455 -0.113427 0.118697 -0.0216816 -0.0565556 0.0614396 : 0
-0.0429486 -0.0996509 -0.902894 0.286566 -0.0161035 0.183737 0.0350026 -0.116446 -0.284087 : 0
0.40557 0.493594 -0.000123248 0.0467745 1 -0.0771315 -0.0218124 -0.386107 -0.112053 : 0
0.0113688 0.211597 -0.0667904 0.0548247 0.236956 -0.00224697 0.099609 0.148809 0.0158053 : 0
-0.624236 0.205433 0.235454 -0.111172 -0.0866079 -0.0458151 -0.5779 0.140172 -0.0659178 : 0.1
0.118264 -0.224465 -0.706993 -0.125871 -0.339252 0.285008 0.159711 0.120095 0.258448 : 0
1 0.685112 0.781939 -0.170402 -0.141319 -0.158125 0.0580213 -0.13722 0.0949976 : 0.2
0.0360478 0.98628 0.21237 0.309579 0.222649 -0.176716 0.106841 0.0188431 -0.214602 : 0
-0.45249 -0.520819 -0.198206 0.0699481 0.0210278 0.0179879 0.16023 0.0928014 0.192903 : 0.2
0.742973 0.37728 -0.135606 0.0152361 0.010799 -0.141953 -0.967681 -0.18725 -0.079713 : 0.3
0.0325634 0.301022 -0.188591 0.226319 0.570317 0.15441 0.240068 -0.245852 0.174512 : 0.3
-0.0571982 0.0495283 -0.227845 -0.0326592 -0.236694 -0.88202 0.323919 -0.0376918 0.0587507 : 0.1
-0.349176 -0.286357 -0.240743 1 -0.707166 -0.165185 0.0601466 0.288402 -0.236036 : 0
0.211257 0.366311 -0.0455491 -0.447542 0.036067 -0.273094 0.00803676 -0.0647783 0.0716022 : 0
-0.98803 0.41761 0.165113 -0.237691 0.0521543 0.243544 0.0725898 0.116807 0.256267 : 0
0.446623 0.666801 0.373599 -0.041404 0.245845 0.0665621 0.0982363 -0.0347221 0.184213 : 0
-0.0614278 0.14611 1 -0.311215 -0.0145378 0.569207 0.262969 0.234817 0.241469 : 0.1
0.0228752 0.201507 -0.379672 1 0.11106 0.228823 0.101164 0.0501871 0.00902479 : 0.4
-0.397167 0.0582693 0.20408 0.207167 -0.107523 0.569099 0.0643224 -0.192434 0.0923352 : 0.1
0.0822971 0.647494 0.350532 -0.797489 0.212844 0.119296 0.0913534 0.09537 0.0183556 : 0.2
0.0419575 0.151053 -0.0664833 0.144934 0.0873638 0.183985 0.392984 -0.00424804 0.215547 : 0.1
0.628951 0.122485 0.169714 0.0712638 0.389522 0.159309 0.0773079 -0.119879 0.107852 : 0
0.282149 0.374841 -0.583634 0.164223 0.258001 0.0563383 0.123456 -0.13208 -0.0392573 : 0
0.00156543 0.788602 0.313274 0.110102 0.285456 -0.152188 0.148251 -0.124754 -0.169507 : 0.3
0.126811 0.089959 0.400665 -0.538662 0.564479 -0.198803 0.360171 0.452308 -0.173447 : 0
0.200817 -0.280185 -0.0606714 0.261354 1 -0.362378 0.0658115 -0.626602 -0.0880921 : 0.2
-1 0.21485 0.95501 -0.222983 -0.0747326 -0.102065 0.0948143 -0.00279033 0.201759 : 0.3
-0.144134 0.00802946 -0.026437 0.757651 1 0.561667 0.0189359 0.258413 -0.279199 : 0
0.33191 0.261503 -0.178957 -0.258993 0.082171 0.041372 0.0281549 0.171181 0.111487 : 0
0.119826 0.0909853 0.0376684 -0.810252 1 -0.397592 0.0341395 0.362059 0.201913 : 0
0.407 0.23715 -0.0119408 0.0418162 0.561104 -0.127104 0.243505 -0.00685513 -0.132602 : 0.3
-1 0.410485 0.0760584 0.10875 0.0391455 -0.0773891 0.522445 0.187275 0.019383 : 0.1
-0.0885434 -0.26953 0.386951 -0.0427667 0.694868 -0.0941051 0.159017 0.497677 0.22805 : 0.4
-0.00141529 0.115911 0.333616 1 0.00763542 0.235903 0.11806 -0.0961354 0.0841476 : 0
-0.260355 0.602711 0.104599 -0.0183685 0.397526 -0.0394947 -0.0437197 0.348189 0.165157 : 0
0.0941469 0.226014 1 0.182231 0.0628701 -0.0329438 -0.05848 0.222542 0.368979 : 0
-0.038749 -0.100177 0.0531033 0.0484592 0.277177 0.153523 -0.404561 0.533403 -0.0678832 : 0
-0.120235 -0.302331 -0.135736 -0.192571 1 -0.0584708 0.0639184 0.0867362 0.248308 : 0
-1 -0.0550473 -0.281972 -0.168514 0.213377 0.0398285 -0.200045 0.078258 0.389864 : 0
0.109157 -0.230057 -0.158576 0.699438 -0.0588474 -0.203354 -0.260472 1 -0.0499702 : 0.5
0.200886 -0.349084 0.219592 -0.078883 0.129219 0.385915 9.08971e-06 -0.294808 0.0437839 : 0.3
0.201633 0.170958 -0.0219245 -0.361319 -0.0706433 0.123384 0.348683 0.0459797 0.129944 : 0.3
0.371528 0.693317 -0.0452031 -0.0487637 0.130928 -0.0407991 0.379382 -0.0608169 0.14853 : 0.1
-0.0189532 1 -0.101629 0.543487 0.0540288 1 -0.423487 0.430706 0.0166097 : 0.3
0.261941 0.245129 -0.0435591 -0.671335 0.0336132 0.00497442 0.186178 -0.0908088 -0.00477197 : 0
0.111458 -0.104849 -0.303943 0.593326 -0.0647295 -0.350619 -0.00414934 -0.0187882 -0.273553 : 0
0.179034 -0.490305 0.803539 0.0293769 0.0620985 0.390445 -0.607164 -0.0125393 -0.297054 : 0
0.294243 0.253673 -0.0729918 -0.12983 0.0873264 0.100158 0.329231 -0.41988 -0.132489 : 0
0.00673471 -0.15474 0.0687195 -0.48766 0.0471628 -0.101315 0.304334 -0.100438 -0.517281 : 0.1
0.168914 0.0304084 0.697303 0.413228 0.0596053 -0.0378293 0.0604224 -0.0218754 0.00445451 : 0
0.0234775 0.806489 -0.020367 -0.0389144 -0.0716055 -0.0293137 -0.115249 -0.291691 0.191139 : 0.1
0.210618 -0.168802 1 0.212327 0.068921 -0.232889 -0.1012 -0.17345 -0.0395858 : 0.4
0.0698363 0.323054 0.173519 -0.0130659 -0.154527 -0.220441 0.0261709 0.00680631 -0.106164 : 0.1
0.018954 0.401524 -0.0258424 0.0237012 -0.00060527 0.31107 -0.0170784 0.225993 -0.508388 : 0
0.00902793 -0.244593 0.095733 0.0743966 0.0728448 -0.169112 0.1398 0.27291 0.103291 : 0.3
0.0324924 0.154385 -0.0681047 -0.000734214 0.300497 0.18382 0.705812 -0.240423 -0.0777295 : 0
0.12468 0.125803 0.139795 -0.325188 0.428955 -0.853064 0.117217 0.389205 0.101333 : 0
0.166211 0.687476 -0.162386 0.26903 0.270545 0.198253 0.0775182 0.0268328 0.283861 : 0
-0.148196 -0.0490718 0.552549 0.138316 0.80818 0.118072 0.415691 -0.00143906 0.248631 : 0
-0.0394515 -0.415056 0.141028 -0.162064 0.0942205 0.350747 0.157982 0.110612 0.16469 : 0
0.100593 -0.0203709 -0.395963 1 -0.0456572 -0.198557 -0.230997 0.000165343 0.192542 : 0
0.125008 0.00371239 0.33712 -0.0780331 0.140791 -0.0214169 0.213178 0.0486094 0.250894 : 0.1
0.863605 -0.243044 -0.0771532 0.473934 -0.460974 0.33486 -0.22436 -0.0822122 0.0990955 : 0
0.711231 0.272378 0.0253586 0.118941 0.341672 0.056664 0.122945 -0.0116817 0.106067 : 0.5
-0.0136665 -0.233751 0.554652 -0.0728276 0.280693 0.395876 0.172622 -0.0542322 0.163905 : 0
0.233576 0.275774 -0.978874 0.0744276 0.0014002 -0.111278 0.0221325 -0.167235 0.530629 : 0
0.0190627 0.0501611 0.22903 -0.301426 0.136903 -0.192808 0.486121 -0.264992 -0.143411 : 0
-0.116497 -0.124491 -0.468122 0.0501386 0.00850077 0.109018 -0.62413 0.119984 0.0455518 : 0.1
0.0702139 0.253065 0.694505 0.0691264 -0.175615 -0.146786 0.0371922 -0.0770611 1 : 0
-0.163954 -0.132712 0.228394 -0.258368 0.246004 -0.142162 0.239729 -0.203559 0.0714017 : 0
0.170921 0.299558 0.957299 -0.285344 0.348622 0.992665 0.0959072 0.0382502 -0.087274 : 0
-0.295559 0.194452 0.414998 -0.859817 -0.590387 0.602123 -0.43041 -0.2046 -0.503969 : 0.1
-0.189005 0.102863 -0.0889518 -0.440624 -0.588561 0.459945 -0.124955 0.372868 -0.227568 : 0
-0.638695 -0.0878114 0.268258 -0.117187 -0.43601 -0.48349 -0.647251 -0.12627 -0.106719 : 0.4
0.834433 0.319275 0.582431 0.0730061 -0.157358 -0.00109925 0.321054 -0.101901 0.514996 : 0.1
0.117358 -0.0191744 0.148876 -0.30824 0.281722 -0.358687 0.0677822 -0.0219167 0.221165 : 0
-0.21609 0.145122 0.0663999 1 0.0396495 0.120749 -0.211573 0.58541 0.0435002 : 0
0.187243 0.460904 0.0738171 -0.0368434 0.389761 0.338534 -0.382488 -0.27658 -0.826383 : 0.4
-0.67966 0.209025 0.291101 -0.0329113 -0.129441 0.120784 -0.120775 0.294593 0.0665564 : 0
0.402278 -0.0702177 0.216604 0.929353 0.151958 0.245464 0.687807 -0.209946 0.022854 : 0.3
0.01082 -0.399219 -0.103636 -0.20223 -0.0668292 -0.132422 0.0507687 -0.192691 -0.0924196 : 0
-0.267176 0.0872707 0.220577 0.0173412 0.427878 -0.187154 0.0473425 -0.622666 0.154921 : 0
-0.0802776 -0.966294 0.158578 0.225197 -0.198073 0.0936787 -0.141256 0.194858 0.023258 : 0
0.0790233 0.0653797 -0.174677 0.0670362 -0.106577 0.156853 0.196755 -0.0146975 -0.0702299 : 0
0.224206 0.114782 0.359346 0.251478 0.0222722 0.157747 -0.400476 -0.4326 0.0945495 : 0
0.279562 0.322894 0.185859 0.0745365 1 -0.22279 -0.210212 0.0357204 0.000751741 : 0.1
-0.0602111 0.122749 0.163844 -0.0697609 0.251956 -0.0930519 0.16377 -0.0381798 0.226492 : 0
0.143542 -0.0645333 0.00812147 0.0618061 0.663986 -0.0788678 -1 -0.167483 0.49255 : 0
-0.147021 -0.159469 -0.130523 0.000318289 0.0942188 -0.372238 0.367938 -0.0448104 0.0665791 : 0.1
0.191792 0.422827 0.167814 -0.188322 0.334621 -0.0711482 0.0872445 0.106403 -0.0310227 : 0
0.0347887 0.0143048 0.166084 0.217483 0.34763 -0.0377583 -0.0961441 0.0653312 0.0842066 : 0
0.555209 0.109891 -0.130294 0.208917 -0.0933738 0.26849 -0.250285 0.0811516 0.340099 : 0
-0.250801 0.146047 -0.080941 -0.243949 0.734794 0.20492 0.216097 -0.346105 -0.548262 : 0.4
0.168609 -0.409777 0.968459 -0.479758 0.228925 -0.0432569 0.00896711 0.0935985 -0.211257 : 0.1
0.0225674 0.28721 -0.153756 -0.0833041 0.287325 -0.0833849 0.0749051 0.411391 0.550843 : 0
-0.248137 0.18942 0.148571 -0.194323 0.12741 0.26029 0.020637 0.779709 -0.364029 : 0
-0.360923 1 -0.210039 -0.119833 0.479244 -0.149254 0.39676 -0.18187 -0.0212601 : 0.1
-0.0507753 -0.123881 0.53189 0.0313343 0.702789 -0.478572 0.375054 0.0737318 -0.120978 : 0
0.272257 -0.109519 0.18124 -0.132251 0.0764866 0.208636 0.0492688 0.0388086 0.0479908 : 0.1
-0.144265 -0.0820714 0.128277 -0.110969 0.102751 0.127747 -0.943756 0.354298 0.182704 : 0
-0.0816698 0.104099 0.32105 -0.392354 0.264416 -0.20056 0.100565 0.855572 -0.187271 : 0
-0.0702766 -0.263444 0.125444 -0.292072 -0.104426 -0.211329 -0.25186 0.0515219 -0.0349035 : 0
-0.191229 0.137881 0.0748971 -0.189337 0.45961 -0.398865 -0.43367 0.723051 0.199357 : 0
0.441695 0.299484 -0.291169 -0.424615 0.157628 0.018379 0.259384 0.10189 -0.00747594 : 0.3
0.177137 0.510382 0.478556 -0.367343 0.0170285 0.0461527 0.143255 0.0536481 -0.00375375 : 0
0.23669 -0.0861087 0.182991 -0.292726 0.21246 0.141977 0.0998976 -0.0427563 0.086851 : 0
-0.196669 0.364239 0.457555 -0.100329 -0.124633 0.221068 -0.118772 0.458241 -0.185354 : 0.3
0.381662 0.0644829 0.256112 -0.0949486 0.0994217 -0.154542 -0.391684 -0.0498812 0.0359214 : 0
-0.027965 0.0575248 0.146321 0.095828 -0.0685489 -0.362966 1 0.340508 0.479181 : 0
0.24335 0.345549 0.281549 -0.177054 -0.121842 0.365961 0.0117464 0.00946893 -0.177319 : 0
-0.270783 -0.172036 0.108301 0.217579 -0.0500214 0.0557208 -0.180984 0.528243 0.274014 : 0.3
-0.199414 -0.117773 0.0136318 -0.138558 0.17831 0.0417773 -0.877777 0.301807 -0.41007 : 0.1
-0.496555 0.11858 1 0.264188 0.342749 0.25731 0.0482217 0.127022 0.0778142 : 0
-0.254724 0.270046 -0.194057 -0.227272 0.312285 0.173013 -0.0526519 0.532504 0.0488941 : 0
0.355125 0.501139 0.211791 -0.320117 -0.15061 -0.105031 0.232296 -0.00340641 0.142307 : 0
0.178532 0.0473385 -0.0297303 -0.150891 0.655425 -0.037234 0.114194 0.12416 0.298837 : 0.3
0.298309 0.132697 0.186012 0.923935 0.0601608 0.129423 0.0524648 0.205913 -0.0471902 : 0.1
-0.322433 -0.00253615 0.448979 0.0328303 0.077267 0.105029 -0.457864 -0.0042537 -0.173144 : 0
0.461763 -0.144185 -0.179587 0.537555 -0.20383 0.128192 0.444447 -0.474237 0.494547 : 0.1
-0.0619361 -0.0560757 0.229997 -0.196279 -0.0457405 -0.268683 0.0689718 -0.0620175 1 : 0.1
-0.260505 0.406485 0.381092 0.532446 0.318255 0.0263341 -0.131008 0.324897 0.171324 : 0
-0.260712 0.333914 0.154633 0.0530439 0.119912 0.102189 -0.0935356 -0.0311335 -0.0516784 : 0
0.100563 0.0323893 -0.0711606 -0.0808733 -0.482623 0.139135 0.407505 0.457878 -0.180039 : 0.4
-0.935721 0.446969 0.35843 -0.541511 0.139774 0.117328 0.716604 -0.136607 -0.174851 : 0
0.11295 0.699455 0.407411 0.192287 0.42969 0.104632 0.272012 -0.0352987 0.362701 : 0
0.245732 -0.179191 0.0174519 -0.0200227 -0.0357417 0.674285 0.0612199 -0.195244 0.0048908 : 0.5
0.0493307 0.367709 0.928316 0.214626 0.23991 -0.0831868 0.0933237 -0.0150195 -0.105834 : 0
-0.0874374 -0.154475 0.101395 -0.108104 0.466409 1 0.00943667 -0.143403 0.766481 : 0
-0.215716 0.243951 0.390472 -0.438622 1 -0.212948 -0.141972 0.533431 -0.133025 : 0
0.250905 0.286052 -0.153449 -0.352951 0.150009 -0.132652 0.0804552 -0.133695 0.0443188 : 0.4
0.229016 0.156146 0.0330529 0.452583 0.110261 -0.438468 0.974583 0.485146 0.107212 : 0
0.587635 -0.194134 0.118104 -0.0777523 0.21569 -0.100666 0.328197 0.0867226 0.332211 : 0.2
0.100443 -0.00714964 0.206755 0.506132 -0.296493 0.164688 -0.179069 -0.0497249 0.147152 : 0.1
-0.452808 1 0.319516 -0.725326 -0.0544403 0.107393 0.20432 0.113452 -0.115798 : 0
0.0800836 0.0195704 -0.133262 0.2983 0.0351575 0.0261696 0.146481 0.609969 0.0492368 : 0
0.126267 0.300427 -0.0157783 -0.340154 0.13156 -0.113208 0.0742305 -0.14778 -0.372097 : 0
-0.458718 -0.0921807 0.16679 -0.121696 -0.052818 0.121518 -0.0194468 0.323715 0.0600711 : 0
0.114547 -0.00999267 0.767993 -0.84443 0.379165 0.254658 0.187155 -0.114625 0.0636689 : 0
-0.0265909 0.0191449 0.320786 0.226639 -0.0843416 0.000862822 0.581629 0.0541283 0.219148 : 0
-0.745025 0.112588 0.442255 -0.0237052 -0.257249 0.506492 -0.177103 0.350619 -0.0820148 : 0.1
-0.0294896 0.797027 0.399932 -0.0164994 0.574209 0.0992622 0.043713 0.0847182 0.0954819 : 0
-0.0323425 0.331052 -0.0397681 0.0121999 0.307262 0.193842 0.00525659 -0.0164729 -0.305343 : 0
0.132551 0.121748 -0.137877 0.0809724 0.129607 0.324258 0.234979 -0.0200964 0.16338 : 0.1
-0.544789 0.19004 0.516843 0.069007 -0.0886981 0.0277734 -1 0.350687 0.0357633 : 0.6
0.0515011 -0.117547 0.123185 -0.457855 -0.297391 0.345486 0.071709 0.407696 0.278974 : 0
0.15251 0.218016 -0.264063 -0.109168 0.777006 -0.279671 0.182397 -0.176622 -0.0999399 : 0
-0.0323588 0.111738 0.215131 -0.200519 -0.112589 -0.143077 -0.277986 -0.058544 -0.468864 : 0
-0.17075 0.216666 -0.117749 0.135048 0.295659 0.0546531 -0.182832 -0.293711 0.0730008 : 0
0.187775 -0.0875559 0.0382663 -0.231704 -0.264687 0.0315068 -0.198346 -0.0877202 -0.123115 : 0
0.0412559 0.22349 0.190501 -0.325572 0.908399 -0.576534 0.0132364 -0.206604 -0.0640458 : 0.1
0.265616 0.222668 0.0133339 -0.378815 0.591573 -0.0360136 0.264815 0.336769 0.109593 : 0.1
-0.689174 0.416097 0.334036 -0.0647088 0.618959 -0.0704908 0.0567778 -0.192477 -0.186775 : 0
0.498193 0.0795112 0.0396466 -0.00812727 0.124723 -0.0560321 0.111755 0.637557 -0.114652 : 0.4
-0.450212 -0.239995 0.628875 -0.0294589 0.548604 0.0474086 0.154657 -0.0245095 0.31757 : 0.1
0.29449 0.112587 0.932367 -0.144615 1 -0.285133 -0.326141 0.127427 -0.0582644 : 0.3
0.373631 0.0108934 0.0587467 -0.386273 -0.0634015 -0.193947 0.046961 0.813472 -0.0833895 : 0.1
0.471252 0.516407 0.0385194 0.417548 0.0022755 0.0327424 -0.156375 -0.0988108 0.0341152 : 0.6
-0.0297556 -0.22913 0.483865 0.21501 1 -0.304436 0.29624 -0.344692 -0.0872216 : 0
-0.0848645 0.0821116 -0.102449 -0.312237 0.00162862 0.619592 0.0383527 0.373577 -0.0623341 : 0
0.134188 0.389011 -0.0529063 -0.0290008 0.0278425 -0.39754 0.306209 0.182559 -0.0446615 : 0.7
0.242992 -0.537999 0.268038 -0.732581 0.862141 -0.104936 0.0278823 0.108669 0.0948676 : 0
-0.459773 -1 0.0806361 0.247661 -0.252279 -0.105562 -0.0284901 0.029478 0.0625587 : 0
0.150044 0.454412 -0.118409 -0.090882 0.198475 0.24562 -0.0242534 0.111519 0.0819711 : 0
0.117064 0.448939 0.307263 0.303821 0.168323 0.13103 0.0551924 -0.115661 -0.0412963 : 0
-0.283932 0.284823 0.0585805 -0.0717619 -0.198062 0.380931 -0.121688 -0.0429173 -0.297482 : 0.3
0.0716084 0.235832 0.583116 -0.0559468 0.774271 -0.433704 -0.0899509 0.0826063 -0.275145 : 0
0.277895 -0.128488 -0.295585 0.300427 0.528834 -0.562608 0.204313 -0.0954534 -0.365324 : 0
-0.0235083 -0.0892481 -0.0521438 -0.0460339 0.258543 -0.0941683 0.487836 0.0376419 -0.250546 : 0
0.0158574 0.157732 0.211473 0.193766 -0.0730495 0.294818 0.0264524 0.435378 0.0754285 : 0
0.0401986 0.0295792 0.376781 0.0156411 0.666872 0.57292 0.232372 0.0438757 0.166875 : 0
-0.452817 0.253062 0.218007 0.181061 0.414788 -0.0933984 0.237755 -0.406868 0.306823 : 0
0.0701637 -0.092253 -0.0552628 0.0824026 -0.132247 -0.907334 -0.111223 0.0273823 -0.331174 : 0
0.175255 -0.248153 0.0149564 0.0957638 0.0675051 0.944037 -0.00250252 -0.116914 -0.528909 : 0
-0.103924 0.641794 0.0389483 -0.34146 -0.225489 -0.127581 0.103266 -0.0852184 0.0255281 : 0
-0.0517096 0.137634 0.0499169 0.133642 0.0208352 0.0729486 -0.545584 0.0885325 -0.213664 : 0.3
1 0.043956 0.322336 0.167408 0.21954 0.0832229 0.741954 0.202869 0.293173 : 0
0.342951 0.159225 0.195787 0.0252657 0.266226 0.0925603 0.497244 -0.0546003 -0.164008 : 0
1 -0.216542 -0.0327196 0.30744 0.059867 0.943277 -0.0222811 -0.567097 -0.290133 : 0.3
-0.0157844 0.0562277 0.0194643 0.00908376 0.480441 -0.384239 0.371451 0.119891 -0.475902 : 0
0.551996 0.176106 0.194624 -0.0577578 -0.0481377 0.259816 0.176301 0.0583373 0.618065 : 0.6
0.436396 0.167444 0.241201 0.0307986 0.10383 -0.00690114 -0.338343 0.151851 -0.0446828 : 0
0.183917 0.172163 0.437065 0.209641 0.0459789 0.0230351 0.278975 -0.031786 0.00270339 : 0
0.288131 0.432849 -0.0362672 -0.18538 0.34474 -0.0754291 0.384292 -0.0753897 0.143374 : 0
-0.0149763 0.0998381 0.0961399 0.21885 0.401425 -0.491038 -0.106872 -0.219708 0.194767 : 0
0.254207 0.0465944 -0.0192122 0.166556 -0.135032 0.0308557 0.424493 0.869001 0.171735 : 0.3
-0.0276832 0.228886 0.235053 -0.188298 0.0594235 -0.155713 0.331257 0.0231301 0.111923 : 0.4
-0.0811207 0.545382 0.0034408 0.139416 0.100347 0.562512 -0.0697735 -0.260914 -0.377879 : 0
0.274529 -0.746143 0.100724 -0.149756 0.124426 0.0202843 0.128345 -0.136901 0.136106 : 0
0.0891701 0.119999 -0.00116709 0.0864142 0.265057 0.0184864 -0.0269247 -0.0719774 0.154129 : 0
0.043156 0.160753 -0.0525883 -0.0624126 -0.189705 -0.0370564 0.243923 0.0626572 0.237146 : 0
0.348434 -0.118589 0.0401384 -0.164699 0.0435566 -0.241505 0.351504 -0.0517173 -0.269497 : 0
0.0637371 0.155719 0.328202 0.0530761 1 -0.487359 0.226961 0.840853 -0.0402231 : 0
0.0440288 0.196996 0.179786 -0.426035 -0.0431796 -0.174191 -0.547725 -0.125888 0.0486332 : 0.1
0.0574174 0.365642 0.0681525 -0.169139 -0.0630715 -0.0301781 -0.317146 0.0949192 0.205856 : 0
0.110373 -0.140574 -0.0865882 -0.0799198 1 -0.0220011 0.058071 0.0783826 0.243141 : 0.2
0.321706 0.668512 -0.138699 -0.0750539 0.381665 0.00521576 0.1234 0.206352 0.168696 : 0.1
0.268204 0.146976 0.540003 -0.0157611 -0.0768542 0.013246 0.208579 0.0327586 0.079411 : 0
0.122755 0.338961 -0.117876 0.598449 0.0371705 -0.164102 -0.0285971 0.263771 0.0901641 : 0
-0.00527629 -0.057703 0.238302 -0.0476943 -0.209513 -0.00501105 0.0790609 0.363938 0.000288576 : 0
-0.0858233 0.1544 0.00533842 0.0122875 0.0858779 0.30941 -0.00207978 -0.0408632 0.0579562 : 0.1
0.389677 -0.0746259 0.0279132 0.16934 0.578346 -0.00627711 0.0533588 0.562164 -0.18862 : 0
0.44138 0.0920204 0.263827 0.304315 -0.223666 0.0586845 -0.0269365 -0.313982 -0.216998 : 0
-0.140716 0.24966 0.215855 0.431275 0.179841 0.573196 0.205952 0.411199 0.375349 : 0
0.471163 0.0253886 0.342343 -0.0601939 -0.0727682 0.0577042 -0.11111 0.704451 -0.0550812 : 0.2
-0.639071 -0.0306916 0.376154 -0.534518 0.63395 0.240625 0.0572802 -0.360184 -0.1858 : 0.1
-0.112109 0.0108177 -0.0463753 -0.175058 -0.186094 0.487788 -0.198306 0.111564 -0.0471752 : 0.1
0.503062 0.364968 0.007897 0.14026 0.126407 0.246097 -0.0969221 0.37044 0.262819 : 0
0.0562885 0.409576 0.461841 0.121395 0.0473246 -0.160896 0.194982 1 0.0255999 : 0.5
0.0294073 0.120132 -0.320251 0.58901 -0.0533812 0.17398 -0.0838445 -0.0152926 -0.229844 : 0
0.293151 0.107415 0.0983204 -0.631433 0.0792892 0.0755429 -0.047249 0.264298 0.731641 : 0.6
0.00342543 0.109656 -0.068009 0.0550755 0.0772566 0.140579 0.242675 0.213155 0.394005 : 0
0.0944147 0.29744 0.401751 0.930486 0.0384545 0.13935 0.0113255 0.0627832 0.0859994 : 0.1
-0.265726 1 0.1316 -0.16984 -0.340835 -0.125915 -0.0651124 0.111971 0.0768472 : 0
-0.0325836 0.453897 -0.0560202 0.150386 1 0.225494 0.0549636 0.109975 0.355702 : 0
0.213301 -0.476364 -0.0496406 -0.229564 0.132681 -0.635203 0.0729613 -0.238395 -0.20154 : 0
-0.249582 0.972828 -0.789685 0.090813 0.504978 0.15199 0.00267639 -0.059368 0.151501 : 0.2
0.160018 0.338084 0.107426 -0.0300269 0.0717903 -0.207111 -0.135952 0.04924 0.148204 : 0
0.342543 0.272739 0.170483 -0.101512 0.0248135 -0.102913 -0.0584193 -0.0497655 -0.0072417 : 0
0.0560052 0.421986 -0.154477 0.620769 0.0257897 0.206865 -0.230532 0.248383 0.179931 : 0
0.0633003 0.19156 -0.0713604 -0.0735914 -0.198021 0.0272097 0.622458 0.0084477 0.211165 : 0
0.188235 -1 0.460349 -0.0223042 0.0213109 -0.51994 -0.0631855 -0.169698 -0.112436 : 0
0.331467 -0.130996 0.08369 0.675898 0.0425812 0.100526 -0.0887717 -0.0337378 -0.00491321 : 0.4
0.0323011 0.0628933 -0.0021571 -0.102525 0.0553111 0.070933 0.240453 0.0109385 -0.126543 : 0.1
0.494854 0.133413 -0.030432 0.276856 0.0747121 -0.165771 0.0969063 0.858127 0.0850041 : 0.3
0.263457 0.524155 -0.297141 0.0618421 0.157247 -0.00700624 0.27948 0.182737 -0.190684 : 0.3
0.00511236 0.0706083 0.0942701 -0.150784 0.069362 -0.121809 0.68133 0.0898847 0.248516 : 0
0.400272 -0.109506 0.37188 -0.0770079 0.178471 -0.0993388 0.0401346 -0.184066 -0.0789052 : 0
-0.0631202 -0.0763174 -0.0608359 0.0833528 0.438329 -0.465607 -0.128993 1 0.572905 : 0
0.7477 -0.105606 0.188985 -0.29062 -0.457814 -0.10756 -0.0218678 0.110704 0.878858 : 0.4
0.380459 0.121397 0.347311 0.0138526 0.0699483 0.0271168 -0.0132852 -0.427655 0.0330837 : 0
0.0812484 0.311946 0.112115 -0.174325 0.30675 -0.0440643 0.0486091 0.0487924 0.159581 : 0.1
-0.0660411 -0.0827001 -0.051954 -0.0737082 0.303634 0.413426 -0.350385 -0.293803 0.368366 : 0.3
0.138805 0.03041 0.49729 0.532629 0.652239 -0.00621235 0.181074 -0.0247283 -0.0456328 : 0
-0.14197 0.203045 0.197929 -0.20748 0.172154 -0.740115 0.312738 -0.227813 0.182774 : 0.6
0.340609 -0.0421333 0.536424 -0.0718285 0.229931 0.000570044 0.0899233 -0.0463869 0.216283 : 0
-0.102161 0.760943 0.0931336 0.231138 0.0277253 -0.148061 0.0473787 -0.26363 0.0631209 : 0
-0.219056 0.706289 0.033188 0.468995 0.431714 0.108061 -0.108949 0.204357 0.165853 : 0
-0.0897462 0.597413 0.147454 -0.266203 -0.099707 -0.0129762 -0.119468 0.863928 0.428787 : 0.6
-0.108227 0.437259 0.579342 -0.558528 0.0182819 -0.0852542 0.185793 0.359064 0.722922 : 0
0.484566 -0.109423 0.420876 0.0603554 0.0341383 0.0107969 -0.414396 0.209368 0.0982131 : 0
0.64696 0.465101 0.251851 0.226488 0.254492 0.339159 -0.0686536 0.0766415 -0.222506 : 0
0.17587 -0.376768 0.474085 0.282659 0.401801 -0.328286 0.293511 0.012084 -0.252468 : 0
-0.732911 0.191527 -0.0374104 0.174895 0.534319 0.233525 0.00965407 1 0.182696 : 0
0.273902 1 0.0270292 0.391679 -0.00688404 -0.287257 0.229926 -0.145237 -0.417375 : 0.5
0.246506 0.432457 0.0229171 -0.609653 0.285401 -0.286734 0.201649 0.0483128 0.133526 : 0.1
-0.0856863 0.631309 0.192806 -0.578054 0.465777 -0.039264 0.0720334 0.781971 0.0125233 : 0
-0.0264892 -0.483548 0.791532 0.105927 -0.282517 -0.0724274 0.162878 -0.186863 -0.16684 : 0.4
0.067194 0.401674 -0.181249 -0.0800173 -0.171263 -0.144437 0.0110551 -0.193419 -0.280862 : 0.4
-0.0282116 -0.552502 0.0956588 -0.186351 -0.215731 -0.0366976 0.210944 -0.154316 0.310832 : 0
0.0834436 0.0768758 0.00117445 -0.0380405 0.0144614 -0.322973 0.439984 0.225954 -0.379401 : 0.1
-0.719216 -0.0845664 0.254169 0.0397896 0.375131 0.0409818 0.0488199 0.0777575 -0.081626 : 0
-0.154274 0.670299 0.0421659 0.115142 -0.593343 0.102395 0.389457 0.352414 -0.0941919 : 0
-0.0475841 0.181454 0.350877 0.0621533 -0.0600754 -0.927833 -0.0311031 0.431835 -0.015331 : 0
-0.425343 0.160859 0.134604 -0.201277 -0.0425475 0.232169 -0.154812 0.00382589 -0.0888356 : 0
0.350968 -0.151649 -0.185276 -0.447081 -0.748612 0.165927 -0.136733 0.171226 0.236321 : 0.1
0.113678 0.183564 0.0141097 -0.0190488 0.187625 -0.357169 -0.453158 -0.0333382 0.202677 : 0.1
-0.213789 -0.0872841 0.0314251 0.147513 -0.376664 -0.0380341 0.347992 0.081566 0.0522683 : 0.1
0.000239645 0.0897482 0.126113 0.179508 0.117723 0.316113 0.391536 -0.0825882 -0.234249 : 0.2
-0.140552 0.308141 0.780725 0.23536 0.316662 0.23118 0.165252 -0.132083 -0.104852 : 0.1
-0.39157 0.0856027 0.145364 0.076084 -0.024294 0.0568997 0.0113346 0.123786 0.369858 : 0
-0.0914837 0.217303 -0.049735 -0.913892 0.262272 0.0332059 -0.050089 0.278997 -0.400958 : 0.4
0.845617 0.00537971 0.603982 0.241107 1 0.0925208 0.211097 -0.356498 -0.126595 : 0.2
-0.152229 -0.0125247 -0.242301 -0.777959 0.93743 -0.181409 0.00364766 -0.52984 -0.24223 : 0.1
-0.207123 0.114408 0.133939 0.0636814 -0.76692 0.419364 0.00962947 0.455344 -0.244422 : 0
0.16413 0.160178 0.385471 0.0777937 -0.0284151 0.0788609 0.119313 -0.0262363 0.157636 : 0.1
-0.160486 0.0839014 0.0896406 -0.181657 0.030821 0.159809 0.258669 0.129115 0.109622 : 0
-1 0.202875 0.150209 -0.213556 0.106657 -0.497283 0.517088 0.180609 -0.00309376 : 0.4
-0.662383 0.37076 0.302627 -0.469107 -0.119846 0.112245 0.155565 0.154584 0.553571 : 0.1
-0.000294775 0.167075 0.237628 0.287071 0.130436 -0.197156 0.0362767 0.0697392 0.159003 : 0.1
0.0865333 0.149749 -0.203937 0.0997209 -0.204195 -0.0888101 0.243337 -0.333588 0.617065 : 0
0.495818 -0.247864 0.309984 -0.142225 -0.539248 0.459898 0.156042 -0.139358 -0.152359 : 0
0.400588 -0.0592491 0.229455 -0.249088 0.0177443 -0.0792533 -0.0417195 0.201164 0.152753 : 0
0.306122 0.0727274 0.156912 0.174556 -0.0375928 0.0268573 0.671024 -0.331715 1 : 0.2
0.241316 -0.0457808 0.104914 -0.184187 0.156774 0.0606427 0.147869 0.0191414 -0.179468 : 0.2
0.147726 0.198951 0.429756 -0.413133 0.0967157 0.381987 0.202623 -0.0348628 0.0840154 : 0.5
-0.0926717 0.228047 0.0120413 -0.00300926 0.43836 0.12562 -0.0163849 -0.285887 0.500443 : 0.5
-0.0273073 0.369809 0.642681 -0.18609 -0.142017 -0.111264 -0.131554 0.310993 -0.178278 : 0
-0.115171 -0.760736 -0.0544085 -0.249601 0.536147 -0.635634 0.042633 -0.237729 -0.284437 : 0
0.304491 0.346092 -0.00344646 0.259873 0.0281956 0.445081 -0.529397 1 0.259599 : 0
0.189923 -0.164365 0.211451 0.496794 0.0653823 0.0975804 0.0043921 0.525613 0.10031 : 0.5
-0.022226 -0.135558 0.271852 -0.117817 -0.221941 0.23868 0.579604 0.108275 -0.376138 : 0
-0.133612 0.793119 -0.148478 -0.269899 0.454231 -0.218931 -0.0140603 0.0454281 0.0923458 : 0
-0.0588406 0.288902 0.12651 0.132953 -0.179049 0.0702598 0.104579 0.113202 0.0680688 : 0
-0.0562647 0.198736 0.192425 -0.19317 0.210659 -0.147961 0.175092 0.119188 0.0778621 : 0.1
0.126905 0.746842 -0.115624 -0.0410936 -0.496345 -0.0128282 0.378357 -0.136024 -0.0278693 : 0
