0.534631 0.356697 0.637488 0.475626 0.562769 -0.391955 -0.26678 0.758864 0.532568 : 0.3
0.301008 -0.00823089 -0.0073837 0.22206 0.377362 0.968438 0.593113 0.794372 0.0506937 : 0
0.442032 -0.042403 0.878511 0.187895 0.222259 0.351588 -0.26448 0.244214 0.713825 : 0
0.696255 0.252872 0.513048 -0.309616 0.579768 -0.00807989 0.3574 0.421477 -0.00801212 : 0.1
0.630981 -0.343084 0.058199 0.640986 0.229593 -0.196501 0.660352 0.562092 -0.804772 : 0.3
0.348496 0.815451 0.453605 0.0884465 -0.0541165 -0.582278 0.480846 1 -1 : 0
0.428625 0.246211 -0.012886 0.127159 0.359389 -0.51963 0.634965 0.26653 0.0315425 : 0.3
0.326338 0.937674 0.411956 1 -0.144591 0.394458 0.610412 0.210263 0.664384 : 0.1
0.48867 0.320065 0.431648 0.466541 0.635788 1 0.537981 0.378733 0.305594 : 0.2
0.269472 0.0437182 -0.171641 1 0.884643 0.280713 0.256833 0.128625 0.060224 : 0
0.276162 0.373312 1 0.168553 0.375757 1 -0.298102 0.0731514 -0.325187 : 0.4
-0.623674 -0.105936 0.639174 0.629918 0.534573 0.239902 -1 0.904876 0.520384 : 0.4
0.812636 0.126555 0.00538637 0.453981 0.370574 -0.715829 0.444771 0.65888 0.385345 : 0
0.849947 0.311764 0.109156 0.138903 0.461484 -0.635017 1 0.375349 0.689672 : 0.3
0.766242 0.0697705 0.642229 0.318985 0.463325 0.669696 0.191345 0.180542 1 : 0
0.661427 0.166671 0.411766 0.769748 0.557947 0.152773 1 -0.00259351 0.325264 : 0
0.643326 -0.111123 0.747232 0.0651844 0.537325 0.430657 0.350664 0.845387 -0.374779 : 0
-0.635331 0.10844 0.421359 -0.154406 0.583326 0.5684 0.815758 0.932789 -0.042251 : 0.4
0.6539 -0.0471731 0.727454 0.296165 0.326474 0.218716 0.787416 1 0.494718 : 0.2
0.204713 0.097598 1 0.112031 0.561125 0.727343 0.239228 0.334277 -0.704725 : 0
-0.338701 0.39373 0.311678 0.287742 0.590102 -0.155795 0.155942 0.503653 0.415355 : 0.1
0.0184646 0.167002 0.900358 0.505396 -0.164216 0.627098 0.572008 0.604429 -1 : 0.5
0.261634 0.400406 1 0.304857 -0.251341 0.496482 0.476199 0.848223 0.625773 : 0.3
1 0.236342 0.56658 0.336707 0.518777 -0.401222 0.162949 1 0.433035 : 0
0.534569 0.00552991 -0.0953465 0.053201 0.165914 0.581341 0.25329 0.181738 0.274272 : 0.4
0.232119 -0.282028 0.25174 0.41444 0.930078 0.251687 1 0.927646 0.445579 : 0
0.327674 0.210377 0.639024 0.673293 0.674093 0.421108 0.188012 -0.0842803 0.56676 : 0.3
0.0444151 0.371826 -0.43118 0.299452 0.0748919 -0.909917 -0.168074 0.315373 0.701906 : 0
0.355416 0.0689538 0.327489 -0.116922 0.393406 0.951475 0.454687 0.592845 0.41558 : 0.1
0.433627 0.201257 0.574189 0.443906 0.718766 1 -0.123242 0.207005 -0.240025 : 0
0.304374 -0.0231459 0.191818 0.620653 0.425626 0.648563 0.414828 0.529991 1 : 0
0.159059 0.0303931 -0.260337 -0.0207891 0.59045 0.918754 0.00106299 0.329274 0.330879 : 0
0.596827 0.0243693 0.425502 0.617466 0.462979 -0.382892 0.339596 0.415007 -0.517783 : 0.1
0.418379 -0.182036 0.424514 1 0.482653 0.536063 0.559656 0.709434 1 : 0.2
0.964668 0.154906 0.148052 0.0259544 0.150598 0.511315 0.387968 -0.34185 -0.332909 : 0
0.15999 0.714924 0.430412 0.532426 0.560814 -0.682993 0.488637 1 0.966555 : 0
-0.0539485 0.0704561 0.0135208 -0.0452836 0.449979 0.691955 0.971791 0.353022 -0.368003 : 0.5
0.106231 0.0910962 0.580521 -0.060805 0.290039 -0.339461 0.220496 0.357418 -0.189069 : 0
1 -0.508325 0.473859 0.256931 0.70669 -0.837111 0.778165 0.209348 0.476391 : 0.1
0.73223 0.0889969 0.629514 0.161932 0.713513 -0.127701 0.727615 0.595819 -0.00845778 : 0.1
0.681168 -0.210555 -0.320329 0.282531 0.246533 0.478493 0.323964 0.170163 1 : 0
-0.0357093 -0.300248 0.157421 0.0443521 0.696012 0.873419 0.83652 0.487098 0.460721 : 0
0.676849 0.0088293 0.601767 0.483527 0.780002 0.937838 0.089085 0.645245 0.0726171 : 0
0.20846 0.0381412 0.616154 -0.163248 0.857461 0.209472 0.82091 0.510829 0.372967 : 0.1
0.0125203 0.44762 1 0.55551 0.444302 1 -0.181483 0.169306 -0.040657 : 0
-0.15291 0.529604 0.824743 0.702586 1 0.0364727 0.142804 -0.107026 0.309549 : 0.1
1 0.470334 0.0143982 0.990653 0.853154 0.0254699 0.452776 0.50703 0.184477 : 0.1
0.906074 0.35627 0.290534 0.672522 1 0.0313891 0.700099 -0.39819 0.0603437 : 0
0.341137 0.50409 0.280649 0.351101 0.910423 0.263943 0.621471 0.320872 -0.231805 : 0
0.322494 0.123846 0.70845 -0.560917 0.633628 0.200946 0.834219 0.203769 -0.325635 : 0
0.230936 0.456543 0.557223 0.311743 0.877291 -1 0.16728 0.719429 0.812873 : 0.5
0.392735 -0.105642 0.588573 0.506656 0.492903 0.0704565 -0.0335503 0.410208 0.517699 : 0.2
0.242226 -0.212195 -0.0340831 0.369913 1 0.37889 0.375018 0.56408 0.453972 : 0.5
1 0.403951 0.135208 0.15633 -0.0836979 -0.591951 0.324863 0.553259 0.242297 : 0
-0.443598 0.0974037 0.0839413 0.329583 0.775957 0.219898 0.325674 0.409995 -0.350289 : 0.5
1 0.500328 0.0247084 -0.22987 0.40043 0.276566 1 0.325384 -0.947534 : 0
0.34529 -0.00184372 -0.118213 0.634126 0.185124 0.118351 0.384328 0.722149 0.418568 : 0
0.0754028 -0.191296 1 0.0900453 0.633926 0.861231 0.768885 0.0349875 -0.439303 : 0
0.82359 0.215612 0.907475 0.487108 0.832657 1 0.49576 0.740039 -1 : 0.1
1 0.466054 0.72653 0.412814 0.650973 0.316788 0.0469513 0.507249 0.125165 : 0
-0.0113455 0.407428 0.380607 0.286605 0.433633 0.66717 0.567179 0.79287 -0.0948288 : 0.3
0.70595 -0.00770788 0.688388 0.735494 0.637191 0.558123 0.70666 0.832406 -0.981632 : 0.1
0.210692 0.45869 0.166311 0.0247198 0.118661 -0.411512 -0.0868257 0.937564 0.0275352 : 0
-0.90976 0.241577 -0.0283166 -0.0932072 0.385421 0.820326 0.403718 0.316458 1 : 0.3
0.837921 0.326487 0.331946 -0.321384 0.370072 1 0.12265 0.140087 0.460796 : 0.1
0.676298 0.0376214 0.221962 0.349575 0.777292 0.0942603 -0.0578437 0.555737 0.610272 : 0
-0.382766 0.168583 0.269711 -0.189144 0.365465 -1 0.488332 0.595079 0.750056 : 0
0.157818 0.250011 0.766747 -0.0617733 0.602586 0.912252 0.547067 0.51691 0.41728 : 0
0.127504 0.216873 0.691636 0.521345 0.480745 0.865177 0.82869 -0.109871 0.0739903 : 0
0.268065 -0.210479 1 0.305627 0.560679 0.753793 -0.751607 0.108696 0.227367 : 0.1
0.570904 1 0.0882213 0.765813 0.64452 -0.315909 -0.205167 -0.486367 0.318757 : 0
0.868099 -0.0334517 0.908705 0.345276 0.395086 -0.318527 -0.136251 0.189969 0.910105 : 0
0.382381 0.0877695 0.0387256 0.121764 0.742656 1 0.686336 0.443207 0.331485 : 0.2
0.787139 0.021945 -0.21229 0.135613 0.912727 -0.618803 0.563626 0.612972 0.428836 : 0.4
1 -0.507853 0.172077 0.662779 0.724548 -0.106085 0.305759 1 0.115135 : 0.3
-0.305671 0.514518 0.183694 0.278955 0.635046 0.484867 -0.280131 0.254069 0.0292685 : 0.1
0.349375 0.202246 0.449371 0.625421 0.605988 0.493656 0.145077 0.343163 -0.801996 : 0
0.366653 1 0.802871 -0.0717716 0.690088 0.232932 0.164366 0.71574 0.352939 : 0
0.235381 0.548081 0.636765 0.0435994 0.739479 0.936448 0.302185 0.0155049 -0.208207 : 0
0.825747 -0.00609702 0.611452 0.213542 0.55223 1 0.503534 1 0.054956 : 0
0.704093 0.626573 0.386596 0.30505 0.410578 -0.343078 -0.0748439 0.390143 1 : 0
0.396625 0.671363 0.690096 -1 0.983246 0.0592828 0.462787 -0.011987 0.419646 : 0.4
0.215645 0.186814 0.982405 0.149748 0.804961 1 -0.914797 0.342956 -0.464387 : 0.1
0.301383 0.260522 0.219792 -0.967762 0.327141 -0.653753 0.341514 1 0.0340219 : 0.2
0.0994589 0.673747 0.660542 0.37732 0.659225 -0.729598 -0.125015 0.383487 0.612893 : 0
-0.40798 0.0330383 0.646448 0.34001 1 0.637758 0.146711 0.967766 0.753534 : 0.1
0.714908 1 0.850337 1 0.805938 0.90729 -0.115941 0.586299 0.870696 : 0.2
1 -0.00490128 0.746735 0.170945 0.0412965 0.390062 0.307767 0.526362 0.637282 : 0
0.329457 0.36261 0.636235 0.873609 0.517421 0.560925 0.659435 0.973426 0.357622 : 0.2
0.41014 -0.0988091 1 0.400467 0.455154 0.78745 0.906134 0.426823 0.151687 : 0.3
0.0873158 -0.404323 0.90073 0.386346 0.111444 -0.340321 0.859863 0.326474 0.270204 : 0.1
0.774806 0.525959 0.436879 0.795156 0.0458017 0.395117 0.916235 0.931197 0.493017 : 0.1
0.551774 0.244 0.082559 0.0285677 0.804303 1 -0.0502664 0.0202557 1 : 0
0.0964783 0.814096 0.474217 0.990282 0.484541 0.320944 0.505418 0.194787 -0.354684 : 0
0.480702 0.365419 0.225127 0.955936 0.290959 0.68888 0.613043 0.942349 0.0189548 : 0.6
0.564812 0.0344748 0.710845 -1 0.940585 -0.721908 0.207957 0.682309 -0.839371 : 0
0.340172 0.164376 -0.319722 0.432537 0.115058 0.617299 0.588342 1 0.423476 : 0.2
0.786606 0.278698 0.102239 0.427657 0.383642 -1 0.0534149 0.578483 0.623909 : 0.1
0.744859 0.654694 0.623115 0.387341 0.292382 1 0.252407 0.710425 -0.871917 : 0.3
0.578535 -0.0831873 0.635302 -0.0747642 0.45013 0.760742 0.927394 0.435682 0.498636 : 0
-0.536881 0.23549 0.657119 0.501824 -0.0837871 0.594799 0.679624 -0.111952 0.103524 : 0
0.333872 0.941975 0.140693 0.960852 0.603778 0.974001 0.630759 0.446449 -0.0820012 : 0
0.557702 0.306292 0.717943 0.357814 0.404387 0.251211 0.436589 0.416257 -0.392187 : 0.4
0.106427 0.0198623 0.983226 0.411869 0.386831 0.464729 0.485375 0.182438 -0.801486 : 0
0.831793 0.57468 -0.149755 0.257574 0.300124 0.274134 0.326622 0.904855 0.155923 : 0.1
0.126378 0.0299955 -0.123779 0.907207 0.563087 -0.00611477 0.694522 0.863662 0.122325 : 0
0.400229 -1 0.518659 0.594793 0.365139 0.338201 0.656427 0.432398 -0.110977 : 0.5
0.181504 -0.138426 1 0.322213 0.391879 0.978062 0.492165 1 -0.138891 : 0.1
0.703293 -0.0249918 -0.237484 0.911785 0.163666 0.0466299 0.842167 0.668245 1 : 0
0.0153819 0.277784 0.520138 -0.494019 0.429543 0.0693266 0.864412 0.960956 -0.367581 : 0.5
0.578337 -0.0161653 0.315127 0.823408 0.568189 0.389609 0.423199 0.931651 1 : 0.2
-0.354707 0.602336 0.30115 0.655842 0.57161 0.375897 1 0.625888 0.153673 : 0
0.678979 0.387814 0.848228 0.429251 0.768988 0.820207 0.0146111 0.460094 1 : 0.1
0.442898 0.42822 0.485387 0.314136 0.434626 0.307548 0.166383 0.754587 0.622792 : 0
0.717752 0.62035 0.458547 0.00832675 0.206178 -0.744519 0.0280046 0.869804 0.572565 : 0.3
0.842601 0.340662 0.0998352 0.85484 0.220049 -0.952116 -0.0882011 0.659121 0.455061 : 0.3
-0.241241 0.334576 0.471529 1 0.303512 0.755306 0.917726 -0.0596446 -0.187294 : 0.3
0.3325 -0.0719014 -0.214439 0.435065 0.68316 0.359736 0.072641 0.319689 0.408185 : 0.1
0.0654998 0.243993 -0.0400085 -0.0338701 0.194715 0.836497 0.61465 1 1 : 0.1
1 0.148744 -0.127448 0.397211 0.368928 -0.294099 0.187841 0.0911282 0.348903 : 0
0.602266 0.199919 0.185962 0.336641 -0.0285517 0.60922 0.949416 0.562629 0.614651 : 0.2
0.720002 0.117991 0.286059 0.00965537 0.523456 0.23481 1 0.48131 -1 : 0
-0.636896 0.484896 0.744819 0.682851 0.449282 0.516846 0.318403 0.64961 0.297112 : 0.1
-0.0264757 0.131136 0.466372 -0.247688 0.493802 0.588616 -0.0157597 0.402921 0.409081 : 0.4
0.799725 0.806553 0.493371 0.728511 0.464022 0.278335 0.701044 0.675259 -0.511186 : 0.3
-0.17987 -0.165627 0.203881 0.446405 -0.117152 -0.720645 -0.623257 0.58728 0.143481 : 0
0.450889 -0.487701 0.38612 1 0.556947 -0.183825 -0.000539102 0.0595132 0.893288 : 0.3
0.914123 0.113558 0.683408 -1 0.445745 0.160614 0.925818 0.460835 0.972801 : 0.5
0.416706 0.0158532 -0.106109 0.268324 0.0558755 0.369653 0.536351 0.718391 -0.373003 : 0.6
0.409267 0.0766824 0.164435 0.314046 0.716668 1 -0.913403 -0.562038 -0.0819715 : 0
0.5099 0.0213176 -0.744595 0.978366 0.382621 0.397306 0.35346 0.667268 -1 : 0.1
-0.159142 0.43122 0.492591 0.176838 0.569306 1 0.305492 0.181431 0.203025 : 0
0.705912 0.148385 0.18917 0.324933 0.782353 0.107926 -0.352928 0.470477 -0.94621 : 0.3
0.647175 0.889205 0.970427 0.314807 0.639585 -0.789656 0.595081 0.397693 -0.440233 : 0.3
0.748709 0.0301314 0.365325 0.824066 0.734182 -0.353671 0.759112 0.179022 0.324564 : 0
0.780128 0.0986113 0.732883 -0.938425 0.360623 0.276502 0.815302 0.989696 -0.687854 : 0.3
0.968525 0.107169 1 0.616544 1 0.242049 0.00978669 0.326325 0.351138 : 0
0.404397 -0.109305 0.364833 0.210832 0.614965 0.680143 0.184762 0.0247264 0.422377 : 0
0.104851 0.223913 0.383397 0.421584 0.979728 -0.839908 0.264902 0.700143 -0.0683389 : 0.3
0.741867 0.0493395 0.438513 0.590119 0.44171 0.0261051 0.900137 0.806305 -0.0408086 : 0
0.485052 0.561441 1 -0.157277 0.395782 0.489663 0.624863 0.608742 -0.204536 : 0
0.261581 0.352767 0.25976 0.242438 0.258937 -1 0.222052 0.490253 0.883407 : 0
0.0317098 0.119877 0.905849 0.602961 1 0.166346 0.115944 0.926337 -0.0404646 : 0
0.409036 0.272134 0.784643 0.678461 0.849446 -0.511944 0.149034 1 1 : 0.1
0.193559 0.0728696 0.333656 0.357793 0.332328 0.513551 0.880374 0.323719 -0.915668 : 0
0.372376 0.0523183 -0.0707774 0.0703328 0.453767 0.510094 0.648532 0.696632 -0.2764 : 0.4
0.346854 -0.0993466 0.869005 0.326854 0.399824 0.203202 0.784932 0.27706 0.43518 : 0.1
0.976529 0.313633 0.241373 0.339727 0.901917 0.0769368 1 0.867678 0.0465168 : 0.1
0.0117804 0.0599953 0.464811 0.17271 0.517442 0.6251 0.185785 1 0.450463 : 0
0.572658 0.915269 0.178705 0.426962 -0.24118 0.5078 0.689337 0.0646968 0.542445 : 0.3
1 0.601608 0.597956 0.354155 0.997732 0.757713 0.114703 0.483889 0.808449 : 0.3
0.399007 0.0705711 0.467365 0.226517 1 0.723183 0.334483 0.534107 -0.456646 : 0
0.366935 0.565589 -0.43535 0.717821 0.355988 -0.372901 0.178761 0.855176 0.373912 : 0
0.744052 1 0.783446 -0.13631 0.576951 0.155184 -0.359938 1 0.316078 : 0.6
0.519886 0.729124 0.503809 0.514542 0.763778 -0.0966442 -0.412559 0.559989 0.544962 : 0
0.322354 0.343288 0.576837 0.111042 0.536131 1 0.769697 0.334312 0.0896354 : 0
0.60829 -0.306311 0.531489 0.422245 0.826244 0.415174 -0.0790057 0.731508 0.216796 : 0.1
0.298278 -0.00677729 0.239893 0.259158 0.264991 0.0961041 0.956136 0.265596 -0.110822 : 0
0.598299 0.0850604 0.500333 0.918636 0.380214 0.538622 0.493533 0.0600743 -0.606778 : 0.7
0.0337177 0.266236 0.195379 -0.879951 0.517108 0.625567 0.314899 0.706286 0.102432 : 0.1
0.266096 0.189815 0.814564 -0.218237 0.438929 0.766541 -0.329458 0.808554 -0.212708 : 0
0.853857 -0.263717 0.672155 -0.0978923 0.640756 1 0.29633 1 0.0861724 : 0.1
0.257115 0.0896466 0.548582 0.825318 0.310952 0.266781 0.475188 0.873258 -0.0924799 : 0
0.56753 1 0.8429 0.990344 0.663219 0.47521 1 0.539968 1 : 0.5
-0.150648 0.217259 -0.186886 -0.437214 0.428836 -0.222124 0.644108 -0.592033 -0.390296 : 0.1
-0.916741 0.300731 0.618777 0.748176 -0.0798189 0.536021 0.981851 0.381264 0.287128 : 0
0.128992 0.142222 0.334206 1 0.327027 0.0781591 0.223787 0.67085 -0.949411 : 0
0.16462 0.119616 0.3783 0.523552 0.373755 0.279403 0.277735 0.757003 -0.353606 : 0.2
-0.359615 0.507899 0.722163 0.377762 0.442137 0.78187 0.125108 0.247284 0.00319796 : 0
0.578094 0.379626 1 0.290503 0.28523 0.573256 0.00845048 0.410471 0.403004 : 0.3
0.602973 0.394912 0.115302 0.234285 0.15524 0.75415 0.263978 0.534352 -0.380026 : 0
0.541479 0.0050939 0.320115 0.54629 0.397879 0.928061 0.364414 0.645126 -0.104268 : 0.6
-0.545469 0.349807 0.631803 1 0.819038 1 0.434938 0.462991 0.316843 : 0.5
0.544929 -1 0.793724 -0.256551 0.82551 0.421063 -0.0879034 0.77795 0.721495 : 0
-0.894309 0.272701 0.154429 0.690788 0.857966 0.382007 -1 0.0338903 0.397594 : 0
0.473526 0.541956 0.462544 0.741821 0.432974 0.468968 0.637262 0.541068 0.402508 : 0.3
0.331582 0.119777 0.175504 1 1 0.416224 0.636111 1 0.586611 : 0.1
0.5544 0.614151 0.37082 0.431136 0.482426 0.388311 0.557644 0.396535 0.280942 : 0.2
-0.18942 0.152504 0.421245 0.0248591 -0.0279047 0.0859304 0.47511 0.0681717 0.072538 : 0
-0.0109213 -0.842041 0.759775 0.997132 0.392201 0.75863 0.897896 0.355959 -0.431481 : 0.1
0.781178 0.452349 0.305079 0.497883 -0.201516 0.740872 0.798871 0.756887 -0.473095 : 0
0.235781 0.399167 -0.537568 0.122422 0.554236 0.304521 0.815356 0.470269 0.114302 : 0.5
0.440313 0.342859 0.107907 0.459973 0.356661 0.16547 0.982368 0.390141 0.58552 : 0
0.326323 0.745207 0.824195 0.924706 0.699785 0.792431 1 0.399889 0.104584 : 0.3
-1 0.23802 0.786531 0.792551 0.331454 0.141691 1 0.646399 0.040548 : 0.3
0.817509 0.183235 0.871119 1 0.655901 -0.310393 0.209103 0.451516 0.680493 : 0
0.471737 0.327407 1 0.702047 0.896342 0.870746 0.306127 0.413937 0.0729832 : 0.5
0.141512 0.272307 -0.0144355 0.207243 0.603795 1 -0.714215 0.399704 -0.394084 : 0
0.764269 0.371626 0.438292 0.518004 0.554084 0.0576195 1 0.629228 1 : 0
0.411271 -0.0535486 0.924915 0.759818 0.305919 0.565704 0.58399 -0.0212934 -0.555747 : 0.1
0.0693404 0.101719 0.585884 0.71962 0.648287 -0.0836847 -0.176 0.899546 0.384665 : 0
0.936979 0.138176 0.524388 -0.273018 0.401532 0.00405994 0.486824 0.602095 0.265009 : 0
-0.0656623 0.345709 0.476375 0.438112 0.491052 1 0.28529 0.348896 -0.534936 : 0.2
0.572861 -0.145582 0.539314 0.597037 0.56348 -1 0.698212 0.193488 -0.447118 : 0
1 0.0489067 0.903454 -0.432079 0.420645 0.481262 0.343944 0.488964 -0.778734 : 0
0.674153 -0.0399564 0.232615 0.405976 0.35002 0.0949278 0.5901 0.14791 1 : 0
0.641431 0.0481183 0.436928 0.689061 0.350095 0.56388 0.73932 0.569815 -0.415835 : 0.2
-0.700024 0.557796 0.272293 0.417898 0.216966 0.13937 0.378503 0.487102 -0.508939 : 0
-0.0244721 0.0126853 0.499592 0.878337 0.395217 0.406598 0.458345 0.0988439 0.418465 : 0
0.4063 0.13916 0.348113 0.484599 0.381026 0.682341 0.301361 0.686102 0.449192 : 0.3
0.341968 0.531995 0.379815 0.392891 1 1 0.659862 -0.270578 0.609512 : 0
0.0798056 0.393488 0.480132 0.146605 0.232128 0.54939 -1 0.431261 0.47745 : 0
0.573041 0.992402 0.984282 0.902173 0.562698 0.536881 0.488785 -0.132767 0.458306 : 0.3
1 0.445581 0.456226 1 0.81519 0.201636 0.20526 0.0391524 0.735114 : 0
0.39897 -0.022135 0.701004 0.737167 0.811085 -0.21577 0.137484 -0.0718896 -0.162174 : 0
0.328997 -0.041879 0.495694 0.449728 0.418867 -0.804701 0.395281 0.336578 -0.988056 : 0.5
1 0.159979 0.68851 0.822081 0.676425 0.790278 0.637342 0.587678 0.33584 : 0
0.342265 0.468324 0.448421 -0.0972293 0.710531 0.66508 0.0427809 0.361643 0.382438 : 0.2
0.50793 0.493696 0.53832 0.276135 0.749654 0.135242 0.495397 0.386512 0.762058 : 0.1
0.800787 -0.260002 0.138805 0.53897 0.421367 -0.141683 0.611141 0.85663 0.210996 : 0
0.67551 1 0.685223 0.278019 0.404979 0.0535849 0.617223 0.738061 -0.0539523 : 0.2
0.211568 0.334322 -0.0122924 0.00336561 0.669762 0.459029 0.210888 0.766875 0.398788 : 0
1 0.337503 0.679964 0.152831 0.749494 0.530321 -0.0195021 0.531359 0.529111 : 0
0.103814 0.132266 0.207856 -0.217809 0.990507 0.605134 0.951779 1 -0.912315 : 0
0.18078 0.268253 -0.122722 0.223623 0.622952 0.966668 0.0623269 0.591063 0.497126 : 0.1
0.0196462 0.815523 0.566353 0.244874 0.648681 0.940192 -0.171119 1 0.687189 : 0
0.848964 0.366504 0.519341 0.547038 0.252412 0.326731 0.983452 -0.592724 0.758858 : 0
1 0.592506 0.535329 0.415927 0.602628 0.178718 0.353233 0.579262 -0.228583 : 0
0.986295 -0.133027 0.862077 1 0.302749 0.26234 0.751242 0.478291 -0.021757 : 0.2
0.179347 -0.0824631 -0.386391 0.258127 0.717726 0.238911 0.267257 0.650339 0.632823 : 0.1
0.464828 0.180198 0.0679896 0.253159 0.43405 0.110342 0.981516 0.668526 0.329861 : 0.2
-0.681841 0.248752 0.432905 0.44992 0.292649 0.810841 0.234115 0.542703 0.141705 : 0
0.762531 0.0159073 0.569634 0.201202 0.136721 0.327808 0.432065 0.118009 0.700427 : 0
-0.471686 -0.0896462 0.664084 0.535725 0.422126 -0.437129 0.412888 0.410764 -0.707113 : 0
0.669741 0.78733 0.798895 0.378988 0.269663 1 0.518914 0.30205 0.825563 : 0.3
0.702552 0.355366 0.0428657 0.706632 1 0.556947 0.754116 0.122679 0.434268 : 0
-0.569458 0.241315 0.603105 0.308327 0.550564 0.350732 0.977916 0.236578 0.759125 : 0
0.277198 0.230589 -0.902883 0.961943 0.520524 0.67235 0.743766 -0.111985 0.785418 : 0.7
0.950761 0.338733 0.504131 0.401856 0.740289 0.282015 0.593507 0.745021 0.439774 : 0
0.685429 0.393052 0.338859 0.375828 0.631471 0.449562 0.902155 0.330383 0.812589 : 0
0.763071 0.624936 0.212187 0.124979 0.37919 0.597131 0.242033 0.531101 0.902424 : 0.4
0.754648 0.324909 0.584933 0.237418 0.782047 0.207615 -0.12372 1 0.82087 : 0.4
0.283056 0.459316 0.40773 0.420806 0.854046 0.457075 0.835198 0.426481 0.609959 : 0.2
0.818138 0.104683 -0.250568 0.610245 -0.048353 0.606746 0.665427 0.819742 -0.159135 : 0
0.408876 -0.522902 0.839242 0.481307 -0.715823 0.35562 0.732892 0.689475 0.27947 : 0.1
0.801244 0.0539158 -0.0929759 0.321734 0.346133 0.0820322 -0.0144504 0.303492 -0.343545 : 0
0.797308 0.142254 0.0496499 0.104848 0.361091 0.603969 0.782117 0.754115 0.162404 : 0.1
0.690699 -0.258671 0.550298 0.509824 0.552014 -0.838865 0.704941 0.313128 -1 : 0.5
1 0.0940038 0.679711 0.291027 0.70243 0.415928 -0.240511 0.68871 1 : 0
0.790822 0.328223 0.778098 0.395077 0.720774 0.734153 0.746268 -0.0604187 -0.207286 : 0
0.236195 0.842057 -0.337117 0.692061 0.525925 0.650405 -0.0380165 0.24223 0.74883 : 0.1
-0.161278 0.198071 1 0.467327 0.250227 1 0.690694 0.364148 -0.30945 : 0.3
1 0.0396582 0.481054 1 0.568377 0.699383 0.869337 0.478369 0.772205 : 0
0.39993 0.173263 0.321635 0.38827 0.621414 0.823229 0.248313 0.268467 0.431439 : 0
-0.00865571 0.458276 0.562264 0.0880705 0.642792 1 -0.195002 0.74999 0.579247 : 0.1
0.0913232 0.174055 0.583472 0.156673 0.329883 0.308023 1 1 -0.956563 : 0.4
0.804302 -0.505132 -0.375328 0.744522 0.405673 -0.0800951 0.479253 -0.567711 0.291373 : 0
0.959331 0.0580004 0.479124 0.384565 0.331855 0.108301 0.786319 0.465342 0.283022 : 0.3
0.792713 -0.0210333 0.745203 0.119235 0.435458 0.469606 0.488737 0.41753 -0.634712 : 0
-0.673952 -0.578455 0.520445 0.853837 0.517266 0.781938 -0.346505 0.135715 0.356286 : 0
0.791812 0.58235 0.960646 0.294116 0.504649 1 0.427991 0.306063 0.524441 : 0
-0.26161 0.848232 0.733127 0.150605 0.459532 0.146757 0.0974849 0.181681 0.353727 : 0
0.242193 0.0315196 0.18157 0.550912 0.65495 0.746501 0.624151 0.426981 -0.471907 : 0.2
0.289449 0.662293 0.205566 1 0.82514 0.710842 0.45574 0.32608 1 : 0.5
0.803535 -0.0621893 0.72323 1 0.499443 0.120421 1 0.0389446 0.178193 : 0
1 0.0084855 0.672686 -0.545762 0.100973 -0.0719182 0.156855 0.953975 -0.2998 : 0
0.897773 0.486557 0.164112 0.879407 0.290865 0.594603 0.236101 0.801679 0.309233 : 0
0.480806 -0.0457043 0.589593 0.402848 0.709493 1 -0.248035 -0.0541772 0.454786 : 0.2
1 0.0811612 0.0435319 0.289682 0.786371 0.797661 0.219526 0.26194 -0.547335 : 0
-0.753294 -0.358781 -0.528603 0.105398 0.236649 -0.392988 0.352182 0.892014 -0.336015 : 0
0.278554 -0.272609 0.289141 0.375284 0.449342 0.6588 0.452264 -0.115768 0.0754804 : 0.4
0.540233 0.140829 0.220476 0.34424 0.213298 0.510105 0.458032 -0.0880775 0.514227 : 0.4
0.330301 0.247949 0.374372 0.453363 0.678694 0.308087 -0.441819 1 -0.0220213 : 0
0.432039 0.644142 0.587171 0.451888 0.56092 0.263346 0.998193 0.494357 0.915096 : 0
0.541997 0.170939 0.0366521 0.969961 0.114825 0.337165 0.495659 0.635947 0.491685 : 0
-0.00621875 -1 0.644594 0.379832 0.40478 0.0954096 -0.0318939 0.737007 -0.151768 : 0.1
0.147349 0.163214 -0.221555 0.283688 0.585379 0.87623 -0.61484 0.669175 0.487042 : 0.2
0.363178 0.189812 0.13545 0.825511 0.447463 0.281304 0.0573911 0.109502 0.594888 : 0.1
0.365844 -0.200663 0.19873 0.0682713 0.881964 0.281464 0.949217 0.631212 0.295902 : 0.1
0.52556 0.289294 0.272182 0.254049 0.570208 -1 0.274606 0.460984 -0.0643727 : 0
0.816971 -0.093125 0.747733 0.477942 1 1 0.501911 0.0475998 0.870292 : 0.1
0.656224 0.289364 0.616988 0.724212 0.83301 0.97133 0.495808 0.191176 0.119872 : 0
0.952939 0.239417 0.601875 0.683628 0.337438 -0.944355 0.160906 0.714128 0.365986 : 0.4
0.463166 0.0206439 0.634492 0.418939 0.732003 -0.398782 0.39748 0.795573 -1 : 0
0.338939 0.581611 0.468895 0.541674 0.431846 -1 0.999833 0.366246 0.613621 : 0
0.87148 -0.0729112 0.862846 0.960844 -0.00219224 0.86271 0.494393 -0.146494 0.516442 : 0.2
0.502901 0.505543 0.601924 0.374715 0.100398 -0.58897 1 0.700862 -0.612052 : 0.1
0.130197 -0.556509 0.498608 0.271271 0.348479 0.826803 0.944125 0.0612424 0.158662 : 0
-0.388737 0.0512204 1 0.281603 0.895947 1 0.530032 -0.057135 -0.37599 : 0
0.460211 0.0453232 0.279941 0.176866 0.27753 0.526486 0.691776 0.428391 1 : 0
0.475884 0.931882 0.172402 -0.0453494 0.895179 0.662524 0.200218 0.818569 0.217623 : 0.1
-0.133901 0.192082 0.802981 1 0.735978 0.572711 1 0.00365549 -0.250039 : 0.1
0.574893 0.215606 0.0559768 0.508147 0.607363 0.855649 0.865243 0.633342 0.496413 : 0
0.940796 0.0830244 0.849341 0.605794 0.945517 0.896444 0.43964 0.723215 0.130059 : 0
0.677358 0.314795 -0.57694 0.164645 0.519661 0.442268 0.482846 0.574703 0.0269011 : 0.3
0.648931 0.395358 1 0.244829 0.289665 0.166043 1 0.818913 1 : 0.2
-0.187361 -0.0869574 -0.782974 -0.054394 0.678621 0.45012 -0.962811 0.453509 0.638508 : 0.1
0.654168 0.337398 0.416588 0.767024 0.83788 -0.108278 -0.23871 0.212346 0.0636905 : 0.4
-0.428004 0.473517 -0.118448 0.275815 0.460044 0.517512 0.287212 -0.16776 0.66965 : 0.4
0.00716293 0.102523 -0.244388 0.560607 0.245035 -0.253543 0.459128 0.734337 0.294416 : 0
0.478328 0.182773 -0.257403 0.472699 0.387394 0.819501 0.972636 0.532033 0.407012 : 0
-0.189414 0.176313 0.730678 -0.878392 0.286993 -0.311673 0.864125 0.368384 0.6993 : 0
0.197858 0.44311 0.984953 1 0.42033 0.331481 0.692928 0.227121 -0.183411 : 0
0.229429 0.382456 0.752495 0.236124 -0.221268 0.572368 0.421917 0.569791 1 : 0.5
-1 0.0464585 0.437966 0.348445 0.375435 -0.487397 0.372389 0.379287 -0.993483 : 0.2
0.354893 -0.0688708 0.900813 0.631954 0.446126 0.693615 1 0.369463 -0.459084 : 0
0.270009 0.126624 1 -0.0604806 0.581859 -0.104006 0.594686 0.586591 0.591673 : 0
0.312704 0.057751 0.687172 -0.472918 0.549692 0.602257 0.75436 1 -0.127724 : 0.2
0.83801 0.174698 0.548535 0.685679 0.444639 0.825724 0.200459 -0.135643 0.841317 : 0.2
-0.419952 0.266601 0.181833 0.795553 0.309986 0.316207 0.533673 0.512803 0.537391 : 0
0.439082 0.251754 0.167668 0.156104 0.0426957 0.375719 -0.0585603 0.449353 0.281252 : 0
-0.776445 0.163572 -0.247693 0.459934 0.635671 1 1 0.370337 -0.907657 : 0
0.852985 0.149397 0.627784 1 0.20878 0.193754 0.302717 0.937952 -1 : 0.1
-0.121441 0.609222 0.452171 0.60409 0.706762 0.225205 0.142173 -0.0367502 1 : 0
0.463754 -0.0667799 0.67516 0.560337 0.327748 0.829636 0.638347 0.343804 0.337888 : 0.3
0.95824 0.22038 0.483838 0.709652 0.290239 0.276941 0.278955 0.119081 -0.556206 : 0.3
0.143196 0.746222 -0.500713 -1 0.556894 0.295861 -0.0436049 0.557867 0.363976 : 0.1
-0.538432 0.218416 1 0.228593 0.720662 0.370606 0.148562 -0.0815063 0.839826 : 0.2
0.456556 0.452416 0.20597 0.132428 0.316912 0.720883 0.403151 0.418543 -0.936103 : 0.2
-0.0159835 0.349695 0.143415 0.369884 0.338845 0.266089 0.354124 0.320455 -1 : 0
0.986911 1 0.509964 0.438761 0.655715 0.566138 0.221934 0.641978 -0.472076 : 0.3
0.083983 0.32481 0.502765 0.0547552 0.754528 0.607232 0.452475 0.987878 0.278412 : 0.7
-1 0.323762 0.245211 0.825915 0.798974 -0.276274 0.81794 0.648558 -0.863254 : 0.1
-1 0.667518 0.346015 0.395601 0.323928 0.681146 0.346427 0.577513 0.379829 : 0.4
0.931091 -0.165124 0.628159 1 0.546892 -0.112656 0.506768 -0.349671 0.0825661 : 0
0.829779 0.0745331 0.784664 -1 0.343215 0.0993184 0.904688 0.333713 0.0460299 : 0
0.418928 0.440743 0.57671 0.203848 0.876193 -0.645218 -0.114918 0.38315 -1 : 0
0.319942 0.115447 0.825114 0.379095 0.325258 1 0.230405 0.836014 -0.236692 : 0.3
-0.194597 -0.304188 0.0149886 0.525262 0.389436 -0.345253 0.630245 -0.651899 0.142499 : 0
0.790544 0.430301 0.149839 0.783915 0.136871 0.919635 0.887209 0.60877 -0.711528 : 0.3
0.185069 -0.134805 0.769315 0.253317 0.748844 -0.0597889 0.0593385 0.520398 0.276643 : 0.3
0.630684 0.810767 0.844026 0.927034 0.620504 -0.17337 -0.29692 0.427299 1 : 0
-0.230535 0.159214 0.457266 0.485275 0.844344 -0.528794 0.838884 0.399947 0.597376 : 0.2
0.224027 -0.0543557 1 0.356414 0.207865 -0.39412 1 0.228689 0.219215 : 0.2
0.296175 0.621263 0.338062 0.415109 1 0.936581 0.499383 0.611009 0.778654 : 0.2
1 0.10814 0.562747 0.696741 1 0.944072 1 0.506197 0.696656 : 0.2
0.872641 0.382896 0.840377 -0.0871673 0.641109 0.615392 0.218768 0.184678 0.174945 : 0
0.0990595 0.603472 0.480164 0.402851 0.594728 0.449337 0.120602 0.198226 -0.101545 : 0
0.444994 0.674983 0.489853 0.376904 0.593571 0.404245 0.0960513 0.0982936 0.287378 : 0.3
0.398001 0.088509 0.14822 0.170882 0.506495 1 -0.83003 1 0.431041 : 0
0.297065 0.180987 0.468109 -0.0266783 0.433665 0.224088 0.682441 0.659797 -0.246709 : 0.1
0.402016 -0.783158 0.908354 0.441878 0.792856 0.985151 0.524317 0.562168 0.450943 : 0
0.659886 0.708055 0.601611 0.259002 0.88297 0.000911117 0.97328 0.808606 0.011975 : 0.3
0.591463 0.0325166 0.1845 0.349857 0.90008 -0.547402 -1 -0.417604 -0.550621 : 0.1
0.783213 0.663418 0.329645 0.977235 0.463711 -0.0608889 0.22037 0.802851 -0.316101 : 0.3
-0.193877 0.222868 0.453613 0.208593 0.661659 -0.0596321 -0.28352 1 0.841471 : 0
0.132732 0.574059 0.889166 0.344483 0.421688 0.762416 -0.251623 0.967535 -0.686942 : 0.4
0.346359 0.212022 -0.0369132 0.465381 0.73734 0.352499 0.923468 0.767169 0.993834 : 0
0.878988 0.182513 0.581161 0.0416196 0.437464 0.765414 0.328782 0.945414 0.69983 : 0.3
0.8095 0.0502264 0.515167 -1 0.0192133 0.115972 0.782794 0.661327 0.771575 : 0
0.430749 0.0638969 0.370663 0.349852 0.172581 0.56809 0.917638 0.660645 -0.457858 : 0.2
0.405958 -0.685938 0.672592 0.482439 0.509278 -1 -0.080802 0.249131 0.438277 : 0
-0.980566 0.235534 0.279516 0.262204 0.661334 -0.869395 0.283014 0.104621 -0.190051 : 0
0.760277 -0.233637 0.333907 0.147881 0.566271 -0.195181 0.448534 0.417073 -1 : 0.1
0.666637 -0.503012 0.250702 0.23159 0.574842 0.264927 0.899857 0.333485 0.419668 : 0.2
0.932466 0.593612 0.414104 0.797292 0.262625 0.5304 0.962302 0.153916 0.938577 : 0.2
0.791729 0.404065 0.938998 0.362499 0.323941 -1 0.27422 0.673009 0.513289 : 0.4
0.326246 0.187021 -0.161823 0.213355 0.412086 0.998429 0.504694 0.330499 0.376591 : 0
0.224383 0.356479 0.252385 0.785881 0.531134 0.595974 0.326014 0.730699 0.233422 : 0.1
0.552263 -1 0.563782 0.99493 0.236471 0.527023 0.333361 0.754866 0.239216 : 0.1
0.69795 0.540182 0.478661 -0.602646 0.270965 0.0260419 0.195193 0.788684 0.088827 : 0
1 0.686504 0.121089 0.353504 -0.113815 -0.506581 0.181038 0.0618699 -0.806501 : 0.4
-0.358092 -0.0167525 0.112656 0.60909 0.268865 0.528592 -0.250918 0.69021 0.745919 : 0.1
0.3656 0.405937 0.704623 0.320467 0.836544 0.501711 0.21231 0.915508 -0.175768 : 0
0.672648 0.0463418 0.588843 0.309583 0.127724 -1 0.574652 0.444003 -0.46352 : 0
0.487146 0.355644 0.463131 0.671427 0.122294 0.946603 0.622183 0.668796 0.535435 : 0.1
0.445201 0.0237538 0.39619 0.127082 0.250408 0.718554 0.573059 0.898949 0.58534 : 0
0.280777 0.181091 0.948569 -1 0.726272 -0.022809 0.375535 0.204236 -0.00332248 : 0.1
0.322689 0.299577 -0.200253 0.542882 0.199903 0.10381 1 0.412089 1 : 0.4
0.688824 0.114618 0.730159 0.239315 0.680884 0.271479 0.175671 0.398062 1 : 0.4
0.232381 0.213083 0.687445 0.383684 0.165129 0.610025 -0.112861 0.467563 -0.113637 : 0.1
0.176639 0.12127 0.071687 0.05512 0.544456 0.803983 0.986678 0.795231 0.125347 : 0
0.347389 0.107486 0.546694 0.993435 0.527544 0.408547 0.361345 0.514538 -0.169419 : 0
0.325529 0.617519 0.435282 0.445577 0.678962 -0.269361 -0.149279 0.115136 -0.870454 : 0.3
-1 0.552079 0.444116 0.570704 0.755986 0.709134 0.0216782 0.798291 -0.939056 : 0
0.134549 0.42458 -0.238725 0.978382 0.64088 -0.867161 -0.238218 0.380924 -0.193274 : 0
-0.978609 0.342437 0.140357 0.126136 -0.114996 -1 1 0.232485 0.193122 : 0
-0.028963 0.613257 0.887467 0.226033 0.320468 0.144547 -0.483269 0.230407 -0.069791 : 0.3
-0.03582 0.52985 0.329774 -0.33939 0.871403 0.546395 -0.25393 1 0.342312 : 0.1
0.887581 0.234516 0.514291 0.498867 0.733504 0.0705706 0.835171 -0.0591176 0.112915 : 0.4
0.711792 0.492676 0.535439 0.145403 0.730928 0.617409 -0.0138566 0.586057 0.43926 : 0
-1 0.735723 0.852918 0.279994 0.562472 0.387749 0.0794753 -0.721104 0.611628 : 0.2
-0.418204 0.648788 0.413194 0.925422 0.576792 -0.0229189 0.964267 0.554338 0.0879407 : 0
-0.974592 -0.0512645 0.0882756 0.514994 0.532011 -0.0296686 -0.165732 0.399926 0.545706 : 0.1
0.406469 0.543274 1 -0.527826 0.814597 0.49972 0.242345 -0.221011 0.229875 : 0
0.598149 0.0816269 0.776645 0.320715 0.752061 0.83016 0.428062 0.702693 0.807187 : 0.1
0.27948 -0.225484 0.0874357 -0.0490215 0.911278 0.530547 0.841581 0.861795 0.338765 : 0.1
0.462641 0.474567 0.610343 0.636986 0.520394 0.606812 0.897012 0.723444 -0.127081 : 0.1
0.294269 0.460016 0.77364 0.281929 0.345799 1 0.480124 0.319338 0.795069 : 0
0.22431 -0.145429 0.159982 -0.171823 0.631311 0.96261 0.608344 0.947844 0.0404616 : 0.5
-0.121157 0.107964 -0.111019 0.197616 1 0.795112 0.297353 0.161241 0.445427 : 0.4
-1 -0.0637051 1 0.480477 0.6818 0.0700873 -0.79295 0.215181 0.461627 : 0
0.385109 0.188706 0.540405 0.774465 0.456961 1 0.13284 -0.0484098 -0.000452816 : 0
0.827584 0.643593 0.998354 0.35529 0.488712 -0.161123 0.573282 0.267422 0.399638 : 0.2
0.489295 0.348098 0.676354 0.206012 0.874742 0.514844 0.327118 0.699586 0.701025 : 0
-0.0199028 0.241591 0.466465 0.219375 0.552157 1 -0.270562 0.203976 0.422903 : 0
0.33792 -0.014401 0.463919 0.22088 0.531442 0.706957 0.636809 0.644223 0.555072 : 0
-0.634917 0.585907 0.430282 0.115711 0.708448 0.0644024 0.401543 0.692321 -0.264071 : 0
0.237499 0.291482 0.737415 0.510824 -0.044073 0.699946 0.830358 0.345996 0.648649 : 0
0.35885 0.377156 0.706103 0.54388 0.815933 -0.178355 0.56976 0.263609 0.285403 : 0
-0.853999 0.555951 0.465646 0.376731 1 0.522148 0.167134 -0.109971 0.290226 : 0
0.310574 0.130019 0.176323 0.39917 0.104912 0.0495174 0.335052 0.51474 0.973006 : 0.1
0.084361 -1 -0.0509903 0.370272 0.495255 0.49201 -0.0362673 0.747531 -0.132178 : 0.4
0.108398 -0.0138222 1 0.760692 0.00100572 0.393225 1 0.554246 0.478906 : 0
-0.0426993 0.235866 0.416895 -0.616292 0.725235 0.727231 0.445326 0.0744892 0.796821 : 0.1
0.374608 0.360144 -0.314695 0.588718 0.310927 0.968748 1 0.417978 0.59811 : 0.5
0.149972 0.128319 0.279475 0.227048 0.183066 0.631454 0.658005 1 0.12403 : 0
-0.437367 0.459018 0.962699 0.0328978 0.452136 -0.246173 1 0.523417 0.236476 : 0
0.582852 0.606138 0.506668 0.51163 0.453243 0.683215 0.251927 0.892385 0.0120402 : 0.4
0.0802 0.445654 1 0.93112 0.249639 -0.788685 -0.954808 0.204846 0.201553 : 0
0.621109 0.0170909 0.225349 0.642217 0.989838 0.201963 0.0486292 0.582885 0.0362242 : 0.5
0.706427 0.517239 0.421685 0.0673792 0.308837 0.0779851 1 0.412544 -1 : 0
0.564292 0.233994 0.693754 0.46521 0.380445 0.218292 0.315243 0.258218 0.630658 : 0
0.519768 0.121698 0.692435 0.640032 -0.787262 0.978739 0.400142 0.622769 0.786966 : 0
-0.41075 0.177203 0.0730917 -0.0126098 0.918589 -0.122709 -0.0585295 0.965679 0.313068 : 0
0.697929 -0.255065 0.165196 0.339265 0.320077 -0.528385 0.0912327 0.26462 -0.235888 : 0.6
0.816686 -0.00233972 0.20838 0.569431 0.80131 -0.491733 0.457098 0.319413 0.830428 : 0.3
0.908813 0.165021 0.410077 0.675111 0.698938 0.205333 1 -0.269136 -0.0875314 : 0.5
0.348869 0.511203 0.458689 -0.0199325 0.484366 0.297637 0.189475 0.466949 0.138714 : 0
-0.465868 0.404073 0.315174 -0.275588 0.288859 0.346553 0.0553257 -0.152436 0.479364 : 0
0.363929 0.123447 0.456425 0.214243 0.574346 0.0299553 0.993102 -0.01858 0.144872 : 0.4
0.217655 0.459222 0.184272 0.164896 0.515059 -0.722548 -0.649666 1 0.613025 : 0.1
0.141049 0.143776 1 -0.171692 0.867663 0.197598 0.259013 0.697013 0.44047 : 0
0.330124 0.261993 -0.0130771 0.678827 0.331083 -0.605853 0.522791 0.314489 0.368648 : 0
0.649815 0.278456 0.186595 0.41483 0.466162 1 0.489083 -0.0461282 0.337436 : 0
0.148785 0.50048 0.226044 -0.0160828 0.706613 0.114023 -0.458113 0.1304 -0.818475 : 0
0.498872 0.360953 0.302419 -0.213974 0.816594 0.0879914 -0.00397676 0.818329 0.726928 : 0.4
0.700999 0.0859804 0.464429 0.53911 0.700172 0.98611 0.470846 0.0142927 0.808018 : 0
0.892051 0.288964 -0.0673355 0.52473 0.370502 0.178506 0.608393 -0.0244382 -0.0653719 : 0
0.508659 0.490044 0.583886 0.479547 0.752266 1 -0.720844 0.995281 0.556024 : 0
0.747655 -0.262126 0.916561 0.339566 0.475044 -0.95067 0.477872 0.608097 -0.944731 : 0.2
0.593793 0.980729 0.503808 0.510826 1 0.347111 0.16239 0.885395 0.346457 : 0
-0.597022 -0.111371 0.547781 0.697004 0.297861 -1 0.0482848 0.327057 0.252088 : 0.1
0.56565 0.0782238 0.983572 0.942113 0.931094 0.544498 0.619525 1 -0.0984451 : 0.3
0.512762 0.333822 0.439675 0.709564 0.129363 0.19278 0.792508 0.66775 0.952729 : 0.1
-0.0531228 0.850576 0.298365 0.366495 0.481292 0.673388 0.568206 0.464242 0.534922 : 0
0.385799 0.387255 0.874184 0.316909 0.56453 0.0839164 0.617452 0.924722 0.850679 : 0.2
0.164602 -0.108228 1 0.0389275 0.530497 0.860678 1 0.405692 -0.00113797 : 0
-1 -0.107277 0.465389 1 0.662606 0.841353 0.781494 -0.298753 0.427173 : 0.1
0.962384 0.254216 0.23233 0.378994 0.203502 -0.536972 0.508794 0.603616 -0.136065 : 0.1
0.71105 0.47588 0.179059 0.234895 0.949408 0.935678 -0.180299 0.381068 0.926603 : 0
0.163426 0.765906 0.4445 0.0365706 0.371993 -0.788496 0.294153 0.082936 -0.116979 : 0.2
0.527194 0.466747 0.769802 1 0.663881 0.0482524 0.393242 -0.255744 1 : 0.2
1 0.0857548 0.811855 0.508342 0.802551 0.36211 0.317386 1 0.550263 : 0.3
-1 0.407734 0.456448 0.0911133 0.407427 0.407892 0.613354 0.675639 0.243011 : 0.1
0.458288 -0.358395 0.797096 0.75376 0.596862 1 0.281947 -0.42681 0.251128 : 0
0.745389 0.0683131 -0.0251079 0.154471 0.508726 -0.182297 0.321986 0.324059 0.228811 : 0.5
0.437378 0.0521497 0.278927 -0.273449 -0.148908 0.554776 0.348249 0.198331 0.303488 : 0.2
0.31821 0.370766 0.603618 0.0110687 0.532404 0.99824 0.547637 0.665675 0.183197 : 0.4
0.325546 -0.292073 -0.355868 0.463548 0.928654 0.506612 0.0627992 0.638613 0.0929592 : 0.4
0.426025 -0.0957527 0.830074 0.378508 0.661776 0.725865 0.49577 1 1 : 0.4
0.816875 0.0741494 0.7077 0.196367 1 0.244771 0.774669 0.351453 -0.84315 : 0
0.415174 0.0422616 0.489309 0.719061 0.806987 0.218142 -0.452279 0.585305 0.310198 : 0
1 -0.47199 0.251084 0.83193 0.546195 -0.0671975 0.444318 -0.180099 0.341094 : 0
0.560657 1 0.860071 0.497183 0.742168 0.464217 0.383372 -0.0484833 0.959597 : 0
0.719914 -0.244785 0.76066 -0.129751 0.584168 0.457425 0.49158 0.0106152 0.990119 : 0.3
0.171363 0.737653 0.297983 0.0783591 -0.285199 0.401546 0.491696 0.961993 0.194612 : 0.5
1 0.291234 0.665676 0.536919 0.176336 0.273874 0.400352 -0.323288 0.438079 : 0
0.958015 -0.448892 1 0.295964 0.427655 1 0.530692 -0.648101 0.986985 : 0.2
0.726022 0.0620718 -0.536604 0.00219604 0.314485 0.131927 0.940141 0.920758 0.740654 : 0.3
0.626147 0.285584 0.583217 0.927126 0.674573 0.426912 0.407296 -0.180953 -0.100235 : 0
0.542981 0.24198 0.568341 0.600746 0.307629 0.31847 -0.0748968 0.99412 0.479293 : 0
0.508543 0.446446 0.739677 0.548978 0.172126 -0.515062 0.801439 0.146472 1 : 0
0.905356 0.512888 -0.0575291 0.773715 -0.0584775 0.166535 0.650672 0.764249 1 : 0
-0.0842123 0.0774097 0.547944 0.519146 0.962522 0.938378 0.880879 -0.641995 1 : 0
0.822783 -0.365442 0.476243 0.134918 0.42684 0.329769 0.164998 -0.423561 0.970211 : 0.1
0.130311 0.455302 0.853725 0.172451 0.237079 0.198603 1 0.875384 0.627856 : 0.1
0.268238 -0.489781 0.256596 -0.132359 0.863036 0.640411 0.345419 0.889903 0.463477 : 0.3
1 0.105506 1 -1 0.671539 0.381404 0.173669 0.468398 0.550372 : 0
0.578958 0.142983 0.715149 0.539028 0.486846 0.658435 0.4622 0.355199 1 : 0.1
0.427426 0.0663432 0.982622 0.406229 0.390837 0.82594 0.368981 0.13613 -0.919818 : 0
0.798901 -0.424452 0.337106 0.419962 1 0.478199 1 0.0821602 0.72153 : 0
0.902583 0.11977 0.519664 0.207063 0.315905 -0.49019 0.419736 0.328207 -0.146923 : 0.1
0.361025 0.324317 0.560321 0.702164 0.419751 0.0963391 0.59077 -0.226155 0.126218 : 0.1
-1 0.48064 0.771051 0.60715 -0.167039 0.12503 0.651612 0.389261 -0.0976934 : 0.1
0.274736 -0.0482144 0.356681 -0.127754 0.526474 0.58993 1 0.537229 0.74415 : 0
-1 0.105368 0.815259 -1 0.412525 0.321405 0.438178 0.251345 -0.848904 : 0
0.313847 -0.0225679 -0.239416 0.718346 0.38224 0.345538 0.424486 -0.0901846 -1 : 0.1
0.886674 0.384284 -0.296288 0.799338 0.302407 0.517308 0.17052 1 -0.67106 : 0
-0.544097 0.673873 0.467678 0.496029 0.43651 0.367682 1 1 0.337928 : 0.1
0.328177 0.242959 1 0.0666228 0.19848 0.904612 1 0.601453 0.927564 : 0.5
0.798511 0.457301 0.595021 0.603667 -0.166576 -0.197506 0.883353 0.0211499 0.988892 : 0.1
-0.0671928 0.674587 0.624054 -0.0893396 0.666037 -0.78771 -0.207593 1 -1 : 0
0.199716 0.2339 1 1 0.820781 0.463631 0.446931 0.0308402 -1 : 0.4
0.557683 0.699955 0.45445 0.40299 0.472216 0.540998 0.773972 0.113821 0.530236 : 0.2
0.574965 -0.240727 0.225442 -0.0308813 -0.159501 -0.550527 0.74247 1 -0.29761 : 0
0.546507 0.271935 0.90138 -0.0864872 0.414706 0.47407 0.247989 0.354239 0.456421 : 0
0.129685 0.178244 0.492086 0.973933 0.721462 0.606767 0.746397 -0.392133 0.418821 : 0
0.281323 -0.00135503 -0.152237 0.41891 0.609983 0.478574 0.637551 0.679099 0.3772 : 0.6
0.304582 0.376913 0.956925 0.66668 0.242428 -0.790143 -0.573661 0.41425 0.485316 : 0
0.111028 0.361001 -0.609843 0.750178 0.716071 0.335273 -0.763858 0.218632 -0.141063 : 0
0.0215871 -0.0782139 0.241914 0.447073 0.145752 0.0765118 -0.613033 0.978355 0.562309 : 0
1 0.214178 0.656878 0.370239 0.367444 0.526059 0.585477 -0.454982 0.441687 : 0
0.237105 0.156952 0.473655 0.448178 0.568435 -0.725747 -1 0.133444 0.465967 : 0.2
0.175193 0.313911 -0.260392 0.244353 0.168969 0.0211255 0.535451 0.0600297 0.469587 : 0.1
0.453494 0.710635 0.130012 1 0.197541 0.614724 0.43237 0.649914 -0.526308 : 0
0.8717 0.127221 -0.169833 0.487961 0.456329 0.258126 0.456865 0.181818 0.679142 : 0.2
0.978325 0.21735 0.800976 0.338116 0.384495 -0.787759 0.603241 0.0199552 -0.335537 : 0.5
0.418979 0.315298 0.547882 0.135911 0.819993 0.893089 0.130217 0.29551 0.0978906 : 0
0.1481 0.408646 0.553441 -0.125499 0.37682 0.943201 -0.587681 0.864953 0.511825 : 0
-0.731775 0.672551 0.273599 -0.573743 0.341348 1 0.339295 0.590984 0.567679 : 0
1 0.241687 0.73305 0.240876 0.388638 0.215001 0.314124 0.0534154 0.590194 : 0
-0.0719225 0.622929 0.533456 0.238621 0.921879 -0.198384 -0.178102 0.794074 -1 : 0
-0.351276 0.103071 0.0168018 0.744467 0.263869 -0.0488543 -0.193701 0.0694495 0.446236 : 0
0.25021 0.0232517 -0.72263 -0.124096 0.41315 0.0680694 0.382058 0.104088 0.202289 : 0.3
0.525415 0.136759 1 -0.124942 0.667022 -0.840544 0.810623 0.409453 0.213787 : 0.3
0.696155 0.13005 0.865258 1 0.182378 0.723836 0.053784 0.250104 -1 : 0.3
0.187981 -0.0555838 0.401917 -0.247458 0.0472598 1 0.0977123 0.180433 0.408135 : 0.1
0.415377 1 0.799231 0.507208 0.579864 0.235002 -0.107063 0.344973 -0.007155 : 0.2
0.670228 0.688258 0.815792 0.287704 0.0898133 -0.123897 0.347871 0.310594 1 : 0.5
