0.123483 -0.117524 0.110908 0.272628 0.0275127 -0.0824696 -0.00537216 0.0290189 0.0187779 : 0
0.271849 -0.00791288 -0.0679384 -0.175832 0.135032 0.351368 0.109238 -0.0300737 -0.00437125 : 0
-0.139981 0.0787846 0.51147 0.784837 -0.090686 0.264102 -0.00311508 0.0776301 -0.013087 : 0
-0.787792 0.0185292 -0.176905 0.188158 -0.353809 0.149079 -0.0736358 0.18554 -0.0997928 : 0
-0.00116332 -0.0315746 0.00180361 0.0409759 0.336926 -0.396121 0.0357122 -0.148647 -0.0846003 : 0
0.192412 0.357476 0.324275 -0.176888 0.0876799 0.378546 0.00190911 0.135954 0.466165 : 0
0.209655 0.0109347 0.00625752 -0.0113899 0.000558236 -0.0373436 -0.0381963 -0.0195418 0.384273 : 0
0 0 0 0 0 0 0 0 0 : 0
0.287393 0.189082 -0.0453069 -0.133828 -0.0183728 1 -0.0199684 0.559132 0.113228 : 0
-0.102295 -0.0039916 -0.246941 -0.0364314 -0.00419742 -0.00915193 -0.0185714 0.724456 0.000585766 : 0
-0.0506822 -0.0357775 0.173189 0.0777534 -4.53477e-05 0.155191 0.800387 0.0391803 -0.0968163 : 0.2
-0.111326 -0.185009 0.18055 0.0103139 -0.00429968 0.176249 0.155586 -1 0.687787 : 0
0 0 0 0 0 0 0 0 0 : 0
0 0 0 0 0 0 0 0 0 : 0
0.376466 -0.0718796 0.0626958 0.74449 0.250751 0.0694376 0.0356452 0.586841 0.0718452 : 0
-0.0860686 -0.0111731 0.265594 -0.102467 -0.147605 0.210958 -0.0633455 0.478937 -0.0399615 : 0
-0.43493 0.148566 0.320709 0.883252 -0.0194802 -0.179291 0.455397 0.112597 0.726331 : 0
-0.0437133 0.190198 0.562471 0.731421 -0.299924 0.0970754 -0.133357 0.109004 -0.283928 : 0
0 0 0 0 0 0 0 0 0 : 0
0 0 0 0 0 0 0 0 0 : 0
-0.0600656 0.216545 -0.32695 0.0816384 -0.530278 -0.128482 -0.294864 0.440083 -0.0209912 : 0
0.147363 0.000234814 0.115947 -0.0344439 -0.0765315 -0.0843408 -0.0183791 -0.000522395 0.0289227 : 0
0.621939 0.469103 0.0629713 0.0956253 0.187644 0.310302 -0.0108848 0.428013 0.00429127 : 0
0 0 0 0 0 0 0 0 0 : 0
-0.0587842 0.0161533 0.88135 -0.350297 0.242048 0.912185 0.272411 -0.00713056 1 : 0
-0.151895 -0.0324651 -0.0159732 0.0573588 0.020356 0.284619 -0.0552278 -0.0951733 -0.0429675 : 0
0.0414281 0.0324108 0.0141935 0.00256771 0.390718 0.0536664 0.0353629 -0.309572 -0.000999234 : 0
-0.311548 -0.196533 -0.462236 -0.0478866 0.321456 0.294135 0.33113 -0.0180455 0.413256 : 0
0.25618 0.0249767 -0.299189 0.0484834 0.174911 0.910744 0.00998309 -0.0678361 -0.0770754 : 0.1
0.01432 -0.0638361 0.976364 0.355828 0.0570368 0.633762 0.582547 -0.467528 0.836186 : 0
-0.0443646 0.0535517 0.819783 -0.13477 0.190251 0.379871 0.558048 0.00411022 0.359171 : 0
0.0316172 0.00643107 0.0455278 -0.0692528 -0.103236 -0.0420817 -0.491997 0.0063881 -0.0568639 : 0
0.130959 0.0342286 0.00772754 -0.0214862 0.582985 0.127232 -0.17367 0.0840663 0.0151185 : 0
-0.180578 0.372565 -0.0483982 1 0.326461 0.000606406 -0.0513008 0.453402 0.000577703 : 0
-0.00519049 0.0352907 -0.177429 -0.526119 0.491321 0.497129 0.115751 -0.0818721 -0.183352 : 0
-0.0308499 0.0968535 0.0509788 -0.0531953 0.291405 0.01988 -0.0610818 0.0116571 0.195501 : 0.3
-0.00338478 -0.0327838 0.0293841 0.0245035 -0.00823216 -0.249014 0.0238167 -0.1062 -0.00102275 : 0.1
0 0 0 0 0 0 0 0 0 : 0
0.0648945 -0.226544 -0.0947587 0.0420218 -0.0261378 -0.00683221 -0.1161 -0.00751272 7.44774e-05 : 0
-0.190281 -0.109844 1 0.62152 -0.00492636 0.00411906 0.0751527 -0.0728164 0.155169 : 0
0.0702911 -0.640815 0.0229222 -0.390505 0.16382 0.846381 0.308378 0.150972 0.345343 : 0
0 0 0 0 0 0 0 0 0 : 0
-0.309505 0.211906 0.00495724 0.328429 -0.212543 0.00832555 -0.0338803 -0.0973439 0.152293 : 0
0 0 0 0 0 0 0 0 0 : 0
-0.398427 -0.0258593 -0.000527728 0.0466909 -0.109027 0.0547269 0.000117629 0.426341 0.0845126 : 0
0.368457 0.249453 0.205635 0.019379 0.105257 -0.380138 -0.030102 0.113278 0.295206 : 0
0.425106 -0.00760125 0.0140212 -0.12176 0.468994 -0.00435542 0.0265727 -0.0294088 0.0845063 : 0
-0.0562513 -0.0348546 0.911188 -0.0532042 -0.0401844 -0.850643 0.310739 -0.184292 0.390972 : 0
-0.128279 -0.0104251 0.815723 0.717923 -0.0925257 -0.00441033 -0.0802213 0.360804 0.363378 : 0.4
0 0 0 0 0 0 0 0 0 : 0
0 0 0 0 0 0 0 0 0 : 0
-0.138277 -0.565935 -0.185244 -0.119039 0.466263 0.0579324 -0.0213544 0.109585 0.422337 : 0
0 0 0 0 0 0 0 0 0 : 0
-0.559358 -0.0122719 0.490802 0.140545 -0.148157 0.0584065 -0.00251354 -0.184504 0.00192466 : 0
0.266244 0.0182019 -0.0847229 -0.118632 0.140315 1 -0.403916 -0.0844475 0.0061235 : 0.3
-0.055883 -0.00259053 0.498799 0.329533 0.912447 -0.113709 0.00566183 -0.0295843 0.00135521 : 0
0.278276 0.163806 0.838179 0.0635597 -0.0303716 0.332317 0.243439 -0.0421288 -0.00218712 : 0.1
0.130373 0.836503 -0.0983607 -0.486417 0.268586 -0.119082 0.075082 -0.150194 -0.0661771 : 0
-0.00489471 -0.0435999 -0.0092301 -0.0413521 -0.226741 0.0246509 0.0639172 0.639028 0.0792548 : 0
0.0457639 -0.000126019 0.0142524 0.0296134 0.342603 -0.05564 0.15663 -0.0104141 0.200246 : 0
-0.0990626 0.0778602 0.125987 -0.0526047 0.00461602 1 8.72992e-05 -0.000489694 -0.000429596 : 0
0.0830468 0.146497 0.108154 -0.244138 -0.0188824 0.653655 0.0199724 0.00901853 -0.0590587 : 0
-0.0718875 0.0689859 0.205495 0.0163711 -0.0713927 -1 -0.164074 0.140037 1 : 0
0.0880249 0.176352 0.674508 -0.17166 0.4113 -0.0167836 0.194634 0.231811 1 : 0
-0.0501754 0.488682 1 -0.0177988 0.733021 0.402558 -0.013606 -0.048 0.000337965 : 0
-0.109459 0.213606 0.153863 0.363514 0.72128 0.952282 -0.0455773 0.234889 0.00480717 : 0
0.0787783 -0.0638206 -0.0132241 0.681221 0.26904 -0.398772 0.167793 0.19998 -0.0411799 : 0
-0.00171499 0.286692 -0.047565 1 0.233576 0.300044 0.200843 0.439583 -0.017881 : 0
-0.0700181 0.577234 -0.0868482 -0.644987 0.0891846 -0.118393 -0.00138295 0.0151237 -0.0291121 : 0
0 0 0 0 0 0 0 0 0 : 0
0 0 0 0 0 0 0 0 0 : 0
0 0 0 0 0 0 0 0 0 : 0
-0.0310102 0.644887 0.0265289 -0.0466983 0.208488 -0.0187805 0.0327397 -0.105631 0.214264 : 0
-0.00402846 -0.154337 -0.0161745 0.429376 0.00199002 -0.00980677 0.0120883 0.0154568 0.616813 : 0
0.286702 -0.0713037 -0.00431706 0.199032 0.00267123 -0.330528 0.742859 0.0413582 -0.654041 : 0
0.0912801 0.317012 0.0261401 -0.311787 -0.0542579 0.0336035 0.201628 -0.162455 -0.00157691 : 0
-1 0.629793 0.520024 0.193963 0.788192 0.798501 0.169913 -0.161241 -0.0825573 : 0
0.604413 -0.000843138 0.0943846 0.408059 -0.319758 -0.183768 -0.200244 0.0414631 0.687363 : 0
0 0 0 0 0 0 0 0 0 : 0
-0.063128 -0.000718354 0.945784 0.335109 0.27452 -0.0374896 0.00140759 0.193839 0.274875 : 0
0 0 0 0 0 0 0 0 0 : 0
0.0305623 -0.007303 -0.4491 0.378732 0.374532 0.453821 0.0964017 -0.318203 0.0417739 : 0
-1 0.624015 -0.101913 0.0129324 0.0982043 0.19287 0.0793138 0.0183144 0.40765 : 0
-0.225252 -0.137114 0.0712236 -0.0392983 0.167632 0.0160211 -0.184651 0.00132892 0.0185337 : 0
-0.397491 0.842521 0.104094 -0.817439 0.0104924 0.00966966 0.201727 0.269687 -0.0791461 : 0
-0.0741984 -0.0175326 0.146628 0.0183529 0.000413041 0.178172 0.19515 -0.0309666 -0.115691 : 0.1
0 0 0 0 0 0 0 0 0 : 0
0 0 0 0 0 0 0 0 0 : 0
-0.038181 0.000295684 1 0.141244 0.122935 0.343414 0.00805266 -0.00506273 0.0368201 : 0
0 0 0 0 0 0 0 0 0 : 0
-0.205116 0.0968648 0.153826 0.0276707 0.218898 0.929836 0.119532 -0.348957 -0.0453957 : 0
0 0 0 0 0 0 0 0 0 : 0
-0.0364173 0.00484797 0.361191 -0.018252 0.0770234 -0.29943 0.0118043 -0.0287305 -0.000744682 : 0
0 0 0 0 0 0 0 0 0 : 0
-0.177629 0.578981 -0.00613648 0.272493 0.252613 0.799469 -1 0.517046 0.0113353 : 0
-0.0922824 -0.0297075 -0.20279 0.190782 -0.00629027 -0.0379553 8.45641e-05 -0.22966 1 : 0
-0.00172855 0.139015 0.144856 0.107603 -0.83342 0.760781 -0.0704953 0.509417 -0.090977 : 0
-0.112014 -0.217382 -0.309282 -0.207572 -0.0558321 0.00169616 -0.0688943 0.316399 0.0320853 : 0
0 0 0 0 0 0 0 0 0 : 0
0 0 0 0 0 0 0 0 0 : 0
0.0369011 0.260803 -0.164438 -0.00534053 -0.127959 -0.019983 0.0584302 -0.0188734 0.0846519 : 0
0.0352362 -0.00649078 0.0208222 0.121983 -0.0171941 -0.342037 0.000173838 0.0339682 -0.0356471 : 0
2.31628e-05 0.217526 0.00454256 0.182517 0.0415736 -0.191058 0.325691 0.000873971 -0.0439859 : 0
-0.423606 -0.0870819 0.291306 -0.304179 -0.0124889 -0.051545 0.0163355 -0.0239941 0.235418 : 0
0.102292 -0.147288 0.137995 -0.0691445 0.278789 0.105219 -0.0119485 0.086047 0.207627 : 0
-0.0326239 -0.0807294 0.0806377 0.0733972 -0.112892 0.00928419 0.131423 0.0727027 0.00220323 : 0
0.571207 0.0223199 -0.000903373 -0.145615 0.190477 0.0540586 0.000576279 0.222645 0.0885758 : 0.1
-0.363832 0.512034 0.626196 0.749002 0.438327 0.0557021 -0.0594169 0.153369 -0.184467 : 0.1
0.705806 0.111814 0.0126258 0.180023 -0.0477228 0.177062 -0.129409 -0.195158 0.193398 : 0
-0.0148033 0.103293 0.23574 0.419964 -0.00247627 0.0988943 -0.000371898 -0.13701 0.0173008 : 0
0.0403326 -0.162392 -0.00157436 -0.0928885 0.000249855 -0.0753853 -0.0279856 -0.16967 0.253171 : 0
-0.150995 -0.0274167 -0.154975 0.639494 -0.0332688 0.0254219 -0.146034 -0.1646 0.90026 : 0
0.452646 -0.0303597 0.849042 -0.503279 0.0192043 0.108476 0.0346721 0.167031 0.14972 : 0
0.0237592 0.00503252 0.00487239 0.0564113 0.230683 -0.0304641 -0.0848036 -0.27736 0.0955954 : 0
0.140737 0.0360542 -0.287414 0.308575 0.345081 -0.100936 0.449955 0.0325767 0.00225055 : 0
0 0 0 0 0 0 0 0 0 : 0
-0.00446295 -0.181877 0.119728 0.637391 -0.00371253 0.0263932 0.377521 -0.00219734 -0.00146576 : 0
0 0 0.917085 0 0 0 0 0 0 : 0
0.033285 -0.095829 -0.000182934 -0.0390153 0.0207593 -0.0180267 0.086467 -0.271958 0.00723946 : 0.7
0.00881949 0.00591372 0.245471 0.841943 0.572589 0.912214 -0.0375012 0.12806 0.000258599 : 0.2
-0.00224364 -0.0368487 -0.0197045 0.174751 0.0170266 -0.109883 0.501013 0.0157566 0.0730475 : 0
0.449933 0.0632154 0.198832 0.0134224 0.203069 -0.325549 0.312409 0.402187 -0.135059 : 0
0.178243 0.0553759 -0.122452 -0.175424 0.318572 -0.608309 -0.101857 -0.0344742 0.284388 : 0
0.0204122 0.0968323 0.0175978 0.0870415 0.0067002 0.0340421 0.668899 0.0024659 -0.00090313 : 0
0.391755 -0.00655056 0.0791503 0.811496 0.258474 -0.0682317 0.0170553 -0.189977 -0.00133939 : 0.1
-0.000302779 -0.0279085 0.00276821 0.193662 -0.0528443 -0.253666 -0.0422315 0.00190633 -0.00757901 : 0.4
0.0901545 -0.185355 0.258604 0.0330911 0.0900467 1 -0.00043137 0.0710682 -0.000206046 : 0
-0.0383391 0.896301 0.0692232 -0.174914 -0.0120188 0.0753287 0.0187482 0.88786 0.00686123 : 0
-0.007113 -0.0338674 -0.00611355 -0.0585509 -0.135088 0.0682737 0.084362 0.460361 0.196322 : 0
-0.00666393 0.0643976 -0.000223553 0.0279678 0.585519 -0.406589 -0.139471 0.217853 0.140684 : 0
0.314126 0.382411 0.496567 -0.245315 -0.136763 0.555016 0.405025 0.408449 0.0947735 : 0
-0.584302 0.246424 0.36753 0.0224317 0.0537571 0.0550426 0.551305 0.215082 0.427743 : 0
0.0260637 0.340234 -0.134708 0.195399 0.147648 -0.106197 -0.0296774 -0.0775492 0.0666355 : 0.4
-0.0717353 0.0300597 -0.0255755 0.00157531 0.00706514 0.126179 0.516205 0.205936 0.456132 : 0.1
0 0 0 0 0 0 0 0 0 : 0
0.353143 0.000710372 0.336112 -0.189609 -0.0731735 0.0274817 0.00240856 0.0257727 -0.00538846 : 0
-0.159761 0.63709 -0.0300469 -0.0311194 0.470466 0.061752 0.0612563 0.000859389 0.0239492 : 0
0.0521914 0.0626922 0.0418284 0.831814 -0.00381182 0.0178122 0.182079 0.266185 -0.215208 : 0
-0.193845 0.0276663 -0.0321865 0.151401 0.450629 -0.174486 -0.124065 1 0.208803 : 0
0.0172178 0.172805 0.0111223 0.245102 -0.225273 -0.222764 -0.17724 0.278615 -0.540396 : 0.2
0 0 0 0 0 0 0 0 0 : 0
-0.0409671 0.0513055 0.0582002 0.262549 0.0325526 -0.00513998 -0.171373 0.645054 -0.026776 : 0
0.618866 -0.00458536 -0.0118286 0.151795 -0.0267248 -0.261578 0.0066248 -0.0551811 -0.000412669 : 0.2
-0.23745 -0.144624 -0.0899353 0.380429 0.00320194 0.787901 0.243248 0.439344 0.228296 : 0
0.0772421 0.122008 0.761884 0.164412 0.294118 0.0147353 0.290027 0.106847 -0.0402341 : 0
0.0586092 -0.000404138 -0.207216 0.0541269 -0.0598258 0.0174214 0.046738 0.0115729 0.0331668 : 0
0.0302913 0.00692438 -0.146459 -0.0925391 0.16807 0.0136652 0.0252838 0.00375855 0.0855429 : 0
-0.309809 1 0.268052 0.189312 0.331916 0.0307942 0.0574643 -0.00172289 -0.134015 : 0
-0.0809271 -0.0271596 1 -0.021058 -0.12863 0.120482 -0.000896502 -0.0433498 0.016561 : 0
-0.0295077 0.00971405 -0.0135655 0.000840992 0.020456 0.0745004 -0.0439705 -0.0367253 0.0450715 : 0
-0.189972 0.0532367 0.144489 0.514212 0.199835 0.108713 0.00710451 0.0674558 0.082547 : 0
0.0361255 0.0042203 -0.0099976 -0.0755819 -0.00172213 -0.0962564 -0.129956 0.426818 -0.379516 : 0
0.0690217 0.0353925 -0.00940219 -0.00778475 -0.00983445 0.743831 0.186288 -0.0506113 0.35085 : 0.1
-0.272245 -0.00481251 -0.164243 0.066904 -0.0165412 0.018884 0.0387932 -0.00204046 0.00674712 : 0
0.150941 -0.304535 0.125703 -0.117911 0.1137 0.371249 -0.195643 0.0201035 0.0522939 : 0
0.000670526 -0.0833027 -0.0732118 0.0222786 -0.00602088 0.0088736 0.260544 -0.0745389 0.0275235 : 0.1
0 0 0 0 0 0 0 0 0 : 0
-0.191615 0.250154 -0.0327943 -0.0591163 0.213593 -0.130567 -0.00322125 -0.00881986 0.0454883 : 0
-0.00378446 -0.0414718 -0.0327424 0.767739 0.156394 -0.211049 0.0855987 -0.226665 -0.00885109 : 0
0.202872 0.0819473 0.00193585 -0.552701 0.0402394 0.934961 -0.0594742 -0.170934 -0.151571 : 0
0.162796 0.679589 -0.209595 0.0692286 0.167283 -0.183954 0.0183209 -0.145324 -0.0829736 : 0
0 0 0 0 0 0 0 0 0 : 0
0.00323814 -0.0551315 0.166611 -1 -0.101667 -0.0600423 -0.00933656 0.125921 0.610026 : 0
0 0 0 0 0 0 0 0 0 : 0
0.0742504 0.0771457 0.0221946 0.159793 0.0342767 -0.0489559 0.0933792 -0.00541931 0.0227495 : 0
0.0215241 -0.0149685 0.0839376 0.199371 0.248067 -0.699756 -1 0.677985 0.0991173 : 0
0.030839 0.240493 -0.332946 0.00843542 0.145047 -0.00143598 0.160243 0.253027 0.895152 : 0
-0.0375276 0.0152958 -0.0666278 -0.439692 -0.132561 -0.132816 0.0141818 0.0938808 -0.0118485 : 0
0.0457511 -0.0366422 -0.0294664 0.106255 -0.0036165 0.204373 0.00568826 -0.151062 0.000717235 : 0
-0.00129844 -0.0118009 -0.11416 1 -0.0335426 0.0501954 0.127896 -0.109929 -0.0171966 : 0
-0.615761 0.818068 0.137814 0.131063 0.59843 0.0853919 -0.202078 0.18404 1 : 0
0 0 0 0 0 0 0 0 0 : 0
0.333381 -0.00631922 -0.0672295 0.670034 0.250139 0.0472705 -0.0295608 0.408472 -0.0188536 : 0
0.248085 0.178569 0.536119 -0.136688 0.0977698 0.596733 0.19553 0.414485 -0.0235888 : 0
-0.00183898 0.0466877 0.314507 0.480687 -0.00051304 0.00294685 -0.0118341 -0.0611055 0.011124 : 0
0 0 0 0 0 0 0 0 0 : 0
0 0 0 0 0 0 0 0 0.0572458 : 0.1
-0.0368441 0.0216134 -0.0198947 0.558768 -0.16107 -0.0854799 0.207776 0.168264 0.51987 : 0
0.00326309 -0.0256943 0.0950402 0.0296408 0.0584573 -4.58986e-06 -0.0166144 -0.0420346 0.44669 : 0
0 0 0 0 0 0 0 0 0 : 0
0.0885119 -0.0638405 0.455653 -0.0151409 0.93724 -0.260905 0.140908 -0.0641261 -0.00200351 : 0
-0.00730512 -0.0855949 -0.00594828 0.0125538 -0.0840702 0.00247798 0.384108 -0.0106616 0.512232 : 0
0.00987127 0.228485 0.000466999 0.249198 -0.000791907 -0.000182247 -0.00700813 0.00295258 -0.016041 : 0
0.00414643 -0.160411 0.0459103 0.144124 0.0142794 0.00882889 -0.010264 0.0896471 -0.159532 : 0
-0.0458468 0.0363533 0.017499 0.00529024 0.014229 0.00569183 0.0236963 0.464338 -0.42166 : 0.1
0.0124781 0.0286035 0.0362578 -0.0255953 0.313732 0.346855 -0.188571 0.128545 0.563057 : 0
0.183945 0.00644997 0.342206 -0.205793 -0.205605 1 0.305145 0.0299237 0.196439 : 0
0 0 0 0 0 0 0 0 0 : 0
0 0 0 0 0 0 0 0 0 : 0
0.213728 -0.193571 -0.0623942 -0.12977 0.124738 0.455069 0.0292667 -0.0994265 0.441454 : 0
-0.00186823 0.204838 -0.104165 -0.115406 0.34954 -0.00699875 0.0445294 0.140696 -0.00567241 : 0
-0.0145926 0.0987954 -0.000684416 0.0266108 0.386935 0.142135 -0.117918 0.201163 0.00337575 : 0
0.168955 -0.0116643 0.00247259 0.077741 -0.0044967 -0.0240888 0.0210431 -0.0269584 0.20405 : 0
0.00642349 0.334675 0.0701263 0.582226 -0.0331219 -0.162342 0.63026 0.478187 -0.0093942 : 0
0.000814215 -0.0661627 -0.0231723 0.384636 0.00142362 0.0307216 0.0194096 -0.00546054 0.230897 : 0.4
0 0 0 0 0 0 0 0 0 : 0
-0.286671 -0.0569109 -0.0993819 -0.0989492 -0.00067789 0.00565695 -0.00193264 -0.301785 0.148288 : 0
0.00174669 -0.0306661 -0.00274116 0.0398159 0.00205307 0.033929 0.0081233 -0.00539322 0.536371 : 0
-0.0438585 0.453334 0.0128062 0.00522628 -0.0148668 0.0247115 -0.0015918 -0.111621 0.0069656 : 0
-0.0938624 0.634651 -0.0105899 -0.0692003 0.0462764 0.0284947 -0.000553834 -0.0821423 -1 : 0
0.326581 0.647426 -0.19768 0.696323 -0.12032 0.339625 -0.030195 1 -0.0520093 : 0.1
-0.293626 0.18275 0.718502 0.0828415 0.897934 0.339443 0.128302 -0.376085 0.190189 : 0
0 0 0 0 0 0 0 0 0 : 0
-0.131986 0.0321038 0.289365 -0.119117 0.296326 0.962209 -0.0785623 0.77598 0.00237535 : 0
-0.0444021 -0.110576 -0.0803328 -0.0169312 0.0128315 0.00683612 -0.00608277 -0.0246361 -0.0119411 : 0.8
0.17672 0.0420679 -0.0215746 -0.0537171 0.339702 -0.014565 0.143376 -0.0661001 0.0174455 : 0
0.109019 0.138813 0.0811448 -0.0449906 -0.267886 0.356579 -0.0672581 0.0492232 0.2966 : 0
-0.0027206 0.0375855 -0.0119694 -0.0147755 -0.351478 0.0199341 0.135168 0.112203 -0.0585357 : 0
0.15885 -0.0342347 0.0826251 -0.000126243 0.26249 0.336849 0.256985 -0.429951 -0.0059472 : 0
-0.111934 0.439433 -0.287243 0.092172 0.120013 0.0362004 -0.137471 0.601453 -1 : 0
0.112079 -0.00326543 -0.0353343 -0.0695039 0.269563 -0.203877 0.00806974 -0.0445163 -0.00385499 : 0
-0.117841 0.671188 -0.0188484 -0.325951 -0.110584 1 0.0320227 0.490258 0.00906808 : 0
0.125175 0.0181374 0.353113 -0.334813 0.399785 1 0.882025 0.501189 -0.256706 : 0
-0.289212 0.0230349 -0.0439599 0.917535 0.61879 0.353586 -0.00305298 0.00222276 0.0550972 : 0
-1 0.548731 -0.0132852 0.308716 0.0384547 -0.0235617 0.504239 -0.0127493 0.00422566 : 0.1
0.00171611 0.351388 -0.135268 -0.267776 0.106553 -0.0364372 0.00233747 0.0383578 0.171431 : 0
0.243057 -0.00246499 0.0660556 -0.0492527 -0.203366 0.0734866 0.161185 -0.0076637 0.25855 : 0
-0.0356127 -0.0938627 0.129782 0.0281647 -0.0147667 0.00253077 -0.100273 1 -0.0267865 : 0
-0.00100963 -0.010145 -0.301374 0.127997 0.00303687 0.214938 0.511525 0.327059 0.0185051 : 0.1
-1 0.648123 -0.00906842 -0.233119 0.000414833 0.379106 0.530813 -0.0285065 -0.0692485 : 0
0.00169131 -0.386116 -0.0069748 -0.0111172 0.00250357 -0.00268652 -0.0111934 0.818546 -0.202936 : 0
0 0 0 0 0 0 0 0 0 : 0
-0.00482217 0.344767 -0.00914678 -0.0344782 0.000987813 -0.0056659 0.137979 0.00374367 -0.382682 : 0
-0.0955646 0.0800335 0.0498619 0.260565 0.000375375 0.0624496 0.726667 -0.0512109 -0.141328 : 0
-0.010726 1 0.685038 0.504331 1 0.903823 0.109805 0.592687 0.0954518 : 0
-0.033427 0.182078 0.628346 -0.195742 0.0582127 0.742756 -0.0206929 0.354693 0.475843 : 0
0.0668183 0.00306742 1 0.00884203 0.329876 -2.39515e-05 0.606294 -0.0681422 0.0535117 : 0.3
-0.852825 0.0104211 0.149288 -0.00388809 -0.0169942 0.0993616 -0.0195699 0.00028616 -0.0222964 : 0
0.125386 -0.0325191 0.331273 0.0534124 -0.0153822 1 -0.0240158 0.7752 0.0623957 : 0
0.101039 -0.00149117 0.243478 0.230467 0.371396 0.0822476 0.282219 -0.00109196 0.12015 : 0
0.310023 -0.0241724 0.15594 0.0255208 -0.0559943 0.048493 0.00779892 -0.294903 -0.00108824 : 0.1
-0.0311755 -0.0183321 -0.00928502 -1 0.00144776 -0.01081 -0.00487767 -0.0400927 0.0606274 : 0
-0.347768 0.266589 0.173922 0.0463392 0.412644 -0.178692 -0.0628141 -0.0699632 0.0966273 : 0.1
0.0166385 1 0.532022 0.0540486 -0.0711994 0.483162 0.468308 0.254792 0.0564357 : 0.1
0.369419 0.322138 -0.338366 -0.374836 -0.0798324 0.481273 -0.0589289 -0.112773 -0.175108 : 0
0.00355575 0.000495486 0.0549497 0.118272 -0.0276091 -0.0570843 0.0230073 -0.0387546 -0.00622998 : 0.1
0 0 0 0 0 0 0 0 0 : 0
0.509859 0.0709766 -0.000122457 -0.00666179 0.0547 0.00166569 0.0522138 0.0401867 0.0217468 : 0
-0.0505913 5.58642e-05 0.458342 -0.493713 -0.137467 -0.0134896 -0.031111 -0.0213966 0.231717 : 0
-0.0385783 -0.0055297 0.0221246 0.959268 0.0587929 0.131594 0.0772458 0.542655 -0.0448442 : 0
-0.17103 0.203892 -0.0613391 0.37119 0.0388945 0.558233 -0.360061 0.90642 1 : 0.1
0 0 0 0 0 0 0 0 0 : 0
0.0191749 -0.0169393 -0.00264162 0.513361 0.00663236 0.00915658 -0.262332 0.0283385 0.814644 : 0
0 0 0 0 0 0 0 0 0 : 0
0.228901 -0.0453728 0.903992 0.0131345 0.0240544 -0.0568772 0.00638541 -0.0563604 -0.00200086 : 0
0.0298097 -0.0233729 0.176508 0.0719531 0.620331 -0.0303421 0.00715216 0.053429 0.00104365 : 0
0.0687619 0.140362 0.0104296 -0.198316 0.0340873 -0.00255529 -0.0163258 0.0557421 0.237487 : 0
0 0 0 0 0 0 0 0 0 : 0
-0.0123202 -0.0094868 0.0410259 -0.283899 0.00315496 -0.124636 0.0264783 -0.069465 -0.00677904 : 0
-0.169239 -0.0278325 0.0818805 0.0219175 0.407123 0.0526976 -0.265736 -0.0746188 0.251324 : 0
-0.00615521 0.00903077 -0.0167467 -0.156172 0.192643 0.625093 -0.0220998 0.251205 0.00998672 : 0
0.45157 -0.15496 0.00364433 -0.0212983 0.000161245 -0.0190521 -0.0336707 -0.191953 0.214626 : 0
-0.188183 -0.000520754 -0.00872412 -0.0624669 0.365735 -0.0453148 0.0635935 -0.0272332 0.134587 : 0
0.783536 0.179921 0.308317 -0.144288 -0.00854396 -0.13628 0.00878743 0.396829 0.305335 : 0
-0.276266 -0.0461524 0.149318 -0.104994 0.236501 -0.121639 0.0510548 0.20639 0.642348 : 0
0 0 0 0 0 0 0 0 0 : 0
-0.149947 0.0342654 -0.11477 -0.319766 0.0228099 -0.100798 -0.164706 0.410687 -0.123897 : 0.3
-0.0411127 0.0303154 -0.399306 -0.0133918 -0.232503 1 -0.240555 0.379047 -0.00271497 : 0
0.0934151 -0.121823 0.017226 0.997811 0.00205323 0.030447 0.346906 -0.00763868 -0.00172644 : 0
-0.00459542 -0.0179213 -0.023944 0.010184 -0.0267083 0.348484 0.171543 0.189328 -0.0897155 : 0
-0.0380014 -0.0070307 0.0367657 0.0905222 -0.0437864 -0.295646 -0.00199655 -0.0192219 0.0151795 : 0
0 0 0 0 0 0 0 0 0 : 0
0.0138405 0.0771891 -0.0251959 -0.0182012 0.0267267 0.0820255 0.10291 -0.267756 -0.0145333 : 0
0.0677703 0.00954073 0.887005 0.105545 -0.0133711 -0.0370746 -0.00317487 -0.133409 0.0146901 : 0
0.236296 0.158304 -0.0340789 -0.159461 0.134777 -0.0233931 0.101478 0.421255 0.0180364 : 0.1
-0.0975371 0.713782 0.403057 0.197924 0.0765151 0.0184532 0.00737973 0.00303802 -0.0597414 : 0
-1 -0.1278 0.049111 -0.0393017 -0.298972 0.0671027 -0.268638 0.000852016 0.00572787 : 0
0 0 0 0 0 0 0 0 0 : 0
0.0215621 -0.0496522 -0.311718 0.0832662 -0.16309 1 -0.352784 0.37191 0.0300738 : 0
0 0 0 0 0 0 0 0 0.0976946 : 0
-0.192512 0.217394 0.0183392 -0.00631445 -0.0050941 0.000392224 0.0721626 0.113419 0.0980735 : 0.2
-0.00130111 -0.01842 0.0855746 -0.0549809 0.325338 0.399179 0.473083 0.865642 -0.129935 : 0
-0.00168505 0.0805897 -0.0153106 -0.0259074 0.0587106 0.00658815 -0.0285024 0.614306 0.0672193 : 0
-0.0563689 -0.000603511 -0.00613161 0.717164 0.0752426 0.0420217 0.164047 0.0970494 -0.0216238 : 0
-0.0941504 0.311397 0.956061 0.710652 0.0201462 0.30468 -0.271671 0.0435077 0.120208 : 0
0.00380527 -0.0273754 0.112546 -0.232618 -0.00461391 0.000193782 0.00296994 -0.0378647 -0.0516567 : 0
-0.0520753 0.027198 0.00812542 -0.205863 -0.0239087 0.139717 -0.380128 -0.000202934 -0.000124488 : 0
-0.257316 -0.052146 0.232342 0.142193 0.28353 0.358784 0.185148 0.195734 -0.00475796 : 0
-0.00135802 0.0301232 -0.00916112 0.0684742 0.223474 -0.918879 -0.0256704 -0.110444 0.0261648 : 0
0.733122 -0.605993 1 0.476796 -0.110052 0.248676 -0.0754507 0.0790475 0.024443 : 0
-0.405229 -0.00328954 0.00408024 -0.0555357 -0.0647355 0.0258094 -0.466331 0.0701542 0.0398925 : 0
0 0 0 0 0 0 0 0 0 : 0
0.28233 -0.0721402 0.417379 -0.0154935 0.242182 1 1 0.428004 0.602841 : 0
0.000289569 0.071012 0.0328181 -0.00972179 0.0251465 0.000617138 0.0244945 0.0128355 0.00178479 : 0
0.024587 0.438255 0.142916 1 0.0611345 0.0269374 -0.0874445 0.202155 -0.11032 : 0
0.0933375 0.480744 0.0164366 0.0194677 0.446125 -0.116489 -0.0783812 -0.0660072 0.223703 : 0
0 0 0 0 0 0 0 0 0 : 0.1
0.0927072 -0.00217488 -0.480163 0.49202 0.943694 -0.00614606 0.0626951 -0.0677234 0.000586177 : 0
-0.0463243 -0.140961 0.487218 0.851402 -0.291086 0.0307542 0.225717 0.220822 -0.557734 : 0
-0.0363027 -0.00350402 -0.0134364 0.00910218 0.0530484 -0.533211 0.0126398 -0.0350688 -0.0630014 : 0
0 0 0 0 0 0 0 0 0 : 0
-0.071678 -0.0269596 -0.288823 0.129087 -0.0693114 0.324415 -0.25236 0.01957 0.260227 : 0
0.383015 -0.129717 0.654511 0.0622292 0.126476 -0.148624 0.00518212 -0.00467452 0.00795481 : 0
0.101878 -0.00396366 0.886029 0.635641 0.18986 -0.0105335 -0.0451578 -0.0553043 -0.031992 : 0
0.0707535 -0.0498414 0.383156 0.607466 -0.0893502 -0.000868864 -0.148093 0.00727922 -0.00836074 : 0
0 0 0 0 0 0 0 0 0 : 0
-0.000605721 -0.00753057 -0.0197869 0.11076 0.00834826 -0.115162 0.458502 -0.0239029 0.752892 : 0
-0.377137 -0.193815 -0.379103 0.609576 -0.00211467 -0.00915864 0.021703 -0.0479032 0.146555 : 0
0 0 0 0 0 0 0 0 0 : 0
0.0655635 -0.0413051 0.224512 0.192938 0.121003 1 0.342965 -0.0242541 1 : 0
0 0 0 0 0 0 0 0 0 : 0
0.229616 -0.0314994 0.545019 -0.18612 0.00870938 -0.420158 0.0217314 -0.00045317 -0.049702 : 0.4
-6.41686e-05 0.143691 -0.190609 1 0.278506 0.231196 0.105877 0.413869 -0.00282165 : 0
0 0 0 0 0 0 0 0 0 : 0
-1 0.644179 -0.0204466 0.28777 0.0155469 0.437635 0.119266 -0.0634769 -0.0318962 : 0
0 0 0 0 0 0 0 0 0 : 0.3
0.111143 -0.01323 0.183854 0.391405 0.417314 0.299295 0.105038 -0.334442 0.801042 : 0
-0.0334054 0.825206 0.088145 0.693756 -0.00247434 0.0574898 0.0961212 -0.00294018 -0.00223475 : 0
0.0264774 0.123425 0.295402 0.301083 0.952993 -0.177586 0.585957 0.128766 -0.0500439 : 0
-0.636756 -0.136001 0.459384 0.25974 0.000632429 0.0429799 -0.00247915 0.116878 0.0144635 : 0
0.405254 -0.0286503 0.825526 -0.0959134 0.562372 0.0426923 -0.00534376 0.0828038 0.0508565 : 0.1
0 0 0 0 0 0 0 0 0 : 0.4
0 0 0 0 0 0 0 0 0 : 0
-0.300076 0.19033 0.114684 -0.00776445 0.474631 0.073249 -0.492754 0.444854 -0.0748803 : 0
-0.0222339 -0.0319215 0.109739 0.0560796 0.0669693 0.000130417 0.000990845 -0.0176062 0.307527 : 0
0.0152718 -0.0346787 0.156518 0.820816 0.0440714 0.000353955 -3.99938e-05 -0.0305573 0.000173986 : 0
0 0 0 0 0 0 0 0 0 : 0
0.190508 -0.0329991 0.37685 0.0188886 -0.175751 0.000824468 -0.160227 0.157602 0.389971 : 0.1
-0.0415552 0.256827 0.405295 0.34265 -0.150774 -0.0659154 0.100837 -0.0132874 1 : 0
0.0310128 -0.00762409 -0.0205245 0.0144398 0.002211 -0.208102 0.724563 0.0180987 -0.0071447 : 0
0 0 0 0 0 0 0 0 0 : 0.1
0.426793 0.0872022 -0.100655 0.0295472 0.0954992 0.306669 0.0224368 0.240809 0.145049 : 0
0.000403517 -0.0137623 0.0178348 0.022572 -0.00649297 0.102335 -0.0571487 0.0446165 0.00113575 : 0
0.109667 -0.107142 0.674572 0.227075 -0.00164134 0.0183213 -0.0158836 0.326316 0.146651 : 0.3
0 0 0 0 0 0 0 0 0 : 0
0.00775901 0.00977724 0.024285 0.0500636 0.0255927 0.0117954 0.131031 -0.0345815 0.226185 : 0
-0.0376308 0.502322 0.631764 0.249832 0.564467 1 0.157141 -0.0640454 0.25676 : 0
-0.0543438 0.205742 0.265231 -0.0577571 0.868906 0.0803301 -0.109679 0.177907 0.290042 : 0
0.101298 0.129942 -0.01823 0.974111 0.062996 -0.00990783 -0.0317943 0.488559 0.155106 : 0
0.0202903 -0.0374696 -0.0104874 -0.0227869 0.0169827 -0.00789723 0.0574759 -0.150391 -0.0107231 : 0
-0.0179055 -0.0866082 0.0507174 -0.101554 0.446706 -0.0286574 0.0237818 0.248889 -0.0246627 : 0.1
0.0403033 0.596538 0.0115854 1 0.399712 0.00233492 -0.0598896 0.468812 0.0511658 : 0
-0.119769 0.169505 0.0603232 0.332475 0.411982 -0.000511247 -0.0860026 0.0118706 0.184328 : 0
0 0 0.3818 0 0 0 0 0 0 : 0
-0.162652 0.026957 -0.0844144 1 0.260277 0.00303399 0.0470296 0.374252 -0.00769806 : 0
0.0944732 0.338091 -0.359963 0.950643 -0.236513 0.233208 0.238346 0.595763 0.454056 : 0
0.00184724 0.0252148 0.0933454 0.187574 0.0189764 -0.0215287 0.526112 -0.00373536 -0.0272181 : 0
0.163796 0.000460514 0.664464 1 0.430492 -0.00257376 0.106209 0.607888 -0.00184461 : 0
-0.0858436 -0.142782 -0.0579112 0.049714 -0.0258102 0.0968711 0.0233779 -0.0444829 -0.101469 : 0
0.252381 2.1141e-05 0.90343 0.92259 0.189047 0.13472 0.0886768 0.398429 -0.0110164 : 0
0 0 0.214855 0 0 0 0 0 0 : 0
-0.000475071 0.0602093 0.00121051 -0.0929781 -0.130465 0.875984 0.269604 -7.76509e-05 -0.0209585 : 0.1
0 0 0 0 0 0 0 0 0 : 0
-0.166875 1 0.0101198 0.670848 -0.105285 -0.377175 -0.0524695 -0.25317 0.0712805 : 0
0.239136 -0.0235323 -0.228729 8.48174e-05 -0.106959 0.17966 0.0253718 1 -0.00875659 : 0
0.00364733 -0.0108756 -0.128638 -0.104622 -0.0279432 0.785501 -0.0193726 0.247221 0.324942 : 0
0 0 0 0 0 0 0 0 0 : 0
0.0776277 -0.00890722 0.010459 -0.0362603 0.201677 -0.344926 -0.13739 -0.109767 -0.383171 : 0.4
0.612795 -0.0151019 0.552279 0.0170921 0.504598 -0.0375655 0.0845631 0.0642958 0.0806365 : 0
0 0 0 0 0 0 0 0 0 : 0
-0.000915314 -0.00908718 -0.0614801 0.0233289 -0.00576501 0.035309 -0.0606184 -0.0405164 0.00547076 : 0
-0.261876 -0.0073194 -0.208153 0.00577457 0.0945874 -0.0262914 0.000103131 -0.00411641 -0.0110882 : 0
-0.00849532 -0.0091022 -0.059365 0.0418083 0.10118 0.913317 0.184594 -0.319913 0.000151559 : 0.1
0 0 0 0 0 0 0 0 0 : 0
-0.00034196 -0.00408401 -0.239018 0.00987151 0.00143444 0.067289 -0.0412856 0.0221628 0.00332324 : 0
0 0 0 0 0 0 0 0 0 : 0
-0.0352792 -0.00256098 0.134215 -0.210335 -0.18527 0.0746168 -0.121904 0.0402577 -0.0168578 : 0
0.391722 -0.0169239 -0.0178915 0.0961566 -0.197954 0.0567947 0.00217021 0.021205 -0.111223 : 0
-0.63113 0.146112 0.0571292 -0.0163546 0.359887 0.63607 -0.0209904 0.0817513 0.402357 : 0
0.625107 -0.0682559 0.18348 0.0316738 0.198123 0.228647 -0.111108 0.125002 0.357231 : 0
0 0 0 0 0 0 0 0 0 : 0
0.290809 -0.0361719 -0.00461285 0.00217249 0.00991397 -0.478454 -0.456359 -0.00359243 0.396867 : 0
0.179644 -0.124237 0.250001 0.513546 -0.00319445 -0.136237 0.297936 -0.006001 -0.000629608 : 0
0 0 0 0 0 0 0 0 0 : 0
-0.0226433 0.0560629 0.00180611 0.00636269 0.23694 -0.425077 -0.0607141 -0.00956862 0.233373 : 0
0 0 0 0 0 0 0 0 0 : 0
0.38516 0.00815978 0.236317 -0.136703 -0.366543 0.219854 -0.133137 0.0418119 0.0979035 : 0
0.337192 -0.108407 0.0610667 -0.0184536 0.0343822 0.239485 -0.0981937 0.29182 0.0230163 : 0
0 0 0 0 0 0 0 0 0 : 0
0.449935 -0.135761 0.00598027 0.00540585 0.000556997 -0.058046 0.00872765 0.0552766 -0.0180053 : 0
0 0 0 0 0 0 0 0 0 : 0
-0.10047 0.445682 0.939961 -0.319488 0.548239 0.176551 0.0742804 0.165214 0.0325269 : 0.3
0.165109 0.702942 0.419587 1 0.079223 -0.273398 0.00649334 0.853395 0.0159241 : 0
0.845572 0.187995 -0.0292884 -0.0332203 -0.00113139 -0.0516949 0.00946644 0.881827 0.168111 : 0
0 0 0 0 0 0 0 0 0 : 0
-0.0863008 0.121923 -0.0237566 -0.313914 0.0165299 -0.0190171 0.0332856 0.351344 0.286043 : 0
0.719687 0.474552 -0.0721777 0.484851 -0.0176618 -0.162595 0.314118 -0.0370965 -0.00167366 : 0
-0.152911 0.0500601 0.644746 0.107888 0.0512303 0.155715 -0.0697581 0.745663 -0.00169149 : 0
-0.0613026 -0.0349272 0.905796 0.814999 0.00401014 0.533847 -0.234223 0.165347 0.285588 : 0
0.000192226 0.0793595 0.00447738 -0.05509 -0.205325 0.926422 0.183129 -1.95422e-05 -0.0627619 : 0
0.441029 0.0414194 0.970085 0.131493 -0.0260873 0.903904 0.431102 0.177729 0.176301 : 0
-0.150057 -0.0438042 -0.0455996 0.0175581 0.226738 0.0857217 0.647418 0.0163363 -0.000650224 : 0.3
0 0 0 0 0 0 0 0 0 : 0
0.132751 -0.0172725 -0.0151782 -0.263036 -0.0285367 0.0965085 -0.249134 0.203796 0.332308 : 0
0.288805 0.0526856 -0.123066 -0.100739 0.207803 0.939188 0.839606 0.620331 5.26048e-05 : 0
0.169731 -0.0817104 0.938673 -0.30676 0.333024 -0.280483 -0.1292 0.247417 0.32523 : 0
0 0 0 0 0 0 0 0 0 : 0
0 0 0 0 0 0 0 0 0 : 0
0.450154 -0.0937011 0.0875959 -0.577316 0.0324829 0.0308603 -0.0593335 0.460641 0.206388 : 0.4
-0.0223185 -0.00938465 0.414453 0.559348 -0.0114133 -0.0178114 0.0237699 -0.0709901 0.202815 : 0
-0.00946431 0.00678994 0.877697 0.319984 0.0522381 0.460579 -0.687658 -0.0144505 0.343908 : 0
-0.297535 -0.00823546 0.734661 0.772381 -0.252408 -0.0260557 0.0171136 0.0503172 0.018434 : 0
0.28829 0.012134 -0.0300364 -0.139222 0.0280554 0.48765 0.231238 -0.0399019 0.00722981 : 0
0.109617 0.302011 0.118373 0.0442066 -0.283741 0.00483682 0.0417089 0.333259 0.000157642 : 0
0.122494 -0.0470169 -0.0187927 -0.314495 0.0271697 -0.107033 0.364478 0.00920185 0.110775 : 0
0.161092 0.000174437 0.213003 -0.101018 -0.205071 -0.158223 -0.0574727 -0.00998386 0.294457 : 0.3
0 0 0 0 0 0 0 0 0 : 0
0 0 0 0 0 0 0 0 0 : 0.1
0.170825 -0.000853115 1 -0.0514374 0.952198 -0.010245 -0.0169145 0.934774 0.000117465 : 0
0.0255237 0.144872 -0.0187942 -0.173546 -0.144164 -0.801707 0.122542 0.294892 -0.0255218 : 0
-0.0327682 0.0492442 -0.238496 -0.125813 0.144278 -0.122714 -0.000762761 0.0378476 0.705497 : 0
-0.0676746 -0.0349929 0.949897 -0.261263 0.255081 0.0110226 0.0235835 0.119715 0.319592 : 0
1 0.192377 0.535786 0.664847 0.632454 -0.153171 0.0819656 0.474181 -0.0524877 : 0
0.167113 -0.00796743 -0.381337 0.187502 1 -0.278002 0.134667 -0.0677419 0.000730757 : 0
-0.153822 -0.205235 0.195027 -0.120105 0.0480995 0.0625947 -0.0871866 0.204002 0.674861 : 0
0 0 0 0 0 0 0 0 0 : 0
0 0 0.980215 0 0 0 0 0 0 : 0
0.323173 0.383904 0.0649411 -0.157145 0.374736 0.518105 0.251614 0.00984573 -0.0208875 : 0
0.0144844 0.000506293 -0.0399208 -0.00418243 0.00558746 0.221632 0.145919 0.0807342 0.358769 : 0
0.363679 0.115917 0.0454089 -0.138426 0.260884 0.343134 0.488022 0.0565092 0.233056 : 0
0.139905 0.0306894 0.806962 0.426424 0.363649 -0.0818249 -0.0168858 0.078443 0.000788514 : 0
0.0336623 0.0725478 0.818563 0.172757 0.719043 -0.0760617 -0.0114942 0.0250284 0.00147602 : 0.2
0.118213 0.00841462 0.199987 -0.107823 -0.142696 -0.00402009 -0.0384406 -0.0154768 0.322297 : 0
-0.111703 0.260292 -0.187022 -0.095256 0.0547718 0.103808 -0.0628995 0.223527 0.00185546 : 0
0.00819214 -0.0115615 -0.028449 0.779575 0.017586 0.00191508 -0.00351655 -0.00707298 0.272025 : 0
-0.0518293 -0.0206851 -0.204857 0.471795 0.0439453 0.00327278 -0.00333504 -0.0042357 -0.10728 : 0
0.0947542 -0.202626 -0.0189156 -0.0341396 0.165057 -0.0743334 0.00512038 -0.0268207 0.0657448 : 0
0 0 0 0 0 0 0 0 0 : 0
0 0 0 0 0 0 0 0 0 : 0
0 0 0 0 0 0 0 0 0 : 0
-0.121722 -0.189434 -0.110571 0.114576 -0.00359296 0.89034 0.143533 0.754701 0.00910734 : 0
0 0 0 0 0 0 0 0 0 : 0
0.179321 0.242848 0.027784 -0.065938 -0.0298108 -0.00760151 -0.199601 0.0855573 0.844544 : 0
0.102688 -0.0204307 0.180828 -0.267908 -0.126899 1 0.454185 -0.132355 -0.000983859 : 0
0.367794 0.822816 -0.0109019 0.222021 -0.0219699 1 0.157527 -0.0166504 -0.00680894 : 0
-0.128165 -0.0134761 0.433221 0.135483 0.542613 0.262196 0.0173462 0.0208476 0.105903 : 0.3
0.308584 -0.111904 -0.00760269 0.024931 0.00869235 1 -0.31988 0.218496 0.578785 : 0
-0.738899 0.786356 0.195524 -0.139359 0.715647 -0.338432 -0.00850168 -0.136245 0.0275996 : 0
-0.0438426 -0.0190934 -0.0124027 0.0824232 -0.0176746 0.0731092 0.00201316 0.826518 0.00201134 : 0
0.000109743 0.0178703 0.187466 0.218385 0.0251014 0.000694491 0.000740906 -0.00595938 0.0662572 : 0
-0.0215258 -0.0248099 -0.150456 -0.026518 -0.0420925 -0.212348 -0.00209594 -0.0168759 -0.00598742 : 0
-0.171521 -0.0227613 0.314651 -0.0615204 0.112556 0.395516 0.194969 0.0959053 0.52774 : 0
-0.132793 -0.00289122 0.0947927 0.065 -0.0181387 0.043191 -0.047893 0.389005 -0.0558434 : 0
0.517118 -0.0901839 -0.0710967 0.172562 0.0991028 -0.312511 0.438065 0.111901 -0.0523692 : 0
0.565821 0.197828 0.37313 -0.160636 0.00198401 1 0.034371 0.635602 0.117412 : 0
0 0 0 0 0 0 0 0 0 : 0
0 0 0 0 0 0 0 0 0 : 0
-0.397185 0.752561 0.183838 -0.169221 0.204835 0.663173 0.306642 -0.202991 -0.314778 : 0
-0.174719 -0.0115579 0.00243139 0.0386742 -0.0434305 -0.0851588 -0.0327179 0.060818 0.0044241 : 0
0 0 0 0 0 0 0 0 0 : 0
0.0257473 -0.0228358 -0.0216193 -0.2114 0.0432649 0.76441 0.475394 0.00792601 -0.0151542 : 0
0.0830832 -0.00303909 1 0.475013 -0.105944 -0.00712635 0.106403 0.441612 7.872e-06 : 0
0.00174677 -0.0104361 -0.0029601 -0.0254935 0.0477116 -0.0231782 0.0193424 0.0655226 0.148862 : 0
0.300733 0.0187451 0.256865 -0.233087 -0.0447953 0.891461 0.00174097 -0.000385348 -0.000343345 : 0
0.0506856 0.423585 0.0359328 -0.134686 0.546261 -0.464853 0.366991 0.318833 -0.00478761 : 0
0.157726 -0.0902471 -0.0241178 -0.0455282 -0.0316966 0.0198112 -0.0299813 0.00682131 -0.0770226 : 0
-0.0243167 0.0213459 0.0531806 0.048016 0.150721 -0.0581926 0.254534 0.0546512 -0.267861 : 0
0.0188629 -0.135267 1 -0.697395 0.236951 0.081945 -0.00570137 -0.350441 0.232387 : 0
0.0950217 -0.123622 0.131557 0.0265946 0.203723 0.95351 0.341826 0.0448558 -0.0297172 : 0
0 0 0 0 0 0 0 0 0 : 0.1
-0.00272152 0.029307 -0.0122286 0.333011 -4.47313e-05 -0.00160597 0.0131601 0.0108889 0.201648 : 0
-0.17827 0.874642 0.00489356 -0.169906 0.353514 -0.84888 0.121139 -0.138539 -0.103712 : 0
-0.175337 0.147594 0.715261 -0.00478247 0.113803 -0.756382 0.22413 0.853402 -0.130921 : 0
0.100878 0.0218196 -0.000353063 0.0276409 0.0116221 -0.0544555 0.534768 0.0247624 -0.904373 : 0
0.0281091 0.00898558 -0.00597795 -0.00383831 -0.026995 0.0573489 0.0441997 -0.00985953 0.0458047 : 0
0.345604 0.224558 -0.0560757 -0.171259 -0.0433802 0.11549 -0.0852698 0.354056 0.214043 : 0
-0.480289 0.115102 -0.020158 0.0733345 0.0936286 0.293075 -0.614816 0.498291 -0.424265 : 0
0.0954544 -0.000914696 -0.00736732 -0.00479972 0.221835 0.562655 0.082378 -0.0486353 0.0245501 : 0
0.403178 0.0159785 0.294659 -0.317472 0.347106 0.841884 0.204484 0.609334 0.0529199 : 0
-0.122466 0.270851 -0.0593754 0.255475 0.242455 0.0140588 -0.0783363 -0.00499628 0.281326 : 0
-0.117911 0.132875 0.0698494 -0.0930888 -0.00963108 0.0943597 -0.314854 -7.61196e-05 1.42402e-05 : 0
0.0416567 0.139927 0.00732874 -0.0168107 -0.0570834 0.0282555 0.54763 -2.02811e-05 4.43986e-05 : 0
-0.160687 0.00119575 0.0731131 0.00555584 0.0355185 0.107667 0.0724839 0.0808461 -0.0157958 : 0.1
0 0 0 0 0 0 0 0 0 : 0
0.01578 0.00505175 0.400046 -0.00530499 -0.0949747 0.0674249 0.00651611 -0.00226822 -0.00635874 : 0
0 0 0 0 0 0 0 0 0 : 0
0 0 0 0 0 0 0 0 0 : 0
0.0482579 0.0387172 0.115748 -0.127097 0.831426 -0.0754923 -0.0256455 0.0936778 0.000877625 : 0
0 0 0 0 0 0 0 0 0 : 0
0 0 0 0 0 0 0 0 0 : 0.1
0.00180731 0.442899 -3.88268e-05 -0.0284116 -0.0790746 -0.00344433 0.133133 0.013735 0.262467 : 0
-0.101845 0.469759 0.0930628 -0.057783 -0.113977 -0.067362 -0.689193 -0.349761 -0.328107 : 0
-0.00567031 0.104769 0.336636 0.608476 -0.251954 0.321664 -0.901833 0.321002 0.338393 : 0
0.230735 0.040328 -0.0187275 0.24201 0.14338 -0.149451 -0.307749 -0.0183753 -0.440305 : 0
-0.0638296 -0.0559826 0.732332 -0.000971493 0.101086 0.000496848 -0.0714872 0.0473283 0.597294 : 0
0 0 0 0 0 0 0 0 0 : 0
-0.112544 -0.0407036 0.761607 0.727341 0.284918 0.161373 -0.0123371 0.408303 0.11676 : 0
-0.0857289 0.00992172 0.525229 0.916081 0.642908 0.107907 0.0153802 -0.00889776 -0.00262301 : 0
-0.180026 0.0720822 0.266444 -0.11073 0.175583 0.360766 -0.00268883 0.00694602 -0.0339197 : 0
0.762756 -0.0249518 0.00383299 0.152155 0.186837 0.15008 0.00232103 0.229143 0.17271 : 0.1
-0.0201874 0.0534658 -0.0249502 -0.0103198 4.61121e-05 0.16269 0.861627 -0.0452596 0.00150228 : 0
0.0954711 -0.214438 -0.0188974 0.092499 0.0148032 0.919567 0.0218852 0.216559 0.00496503 : 0
0.0878643 0.0276562 0.765067 0.0268614 0.398631 0.878069 0.111202 -0.164805 0.100232 : 0.1
0.316593 0.354764 0.709877 -0.137566 -0.00684209 0.602727 0.184973 0.289041 -0.164809 : 0
0 0 0.560632 0 0 0 0 0 0 : 0.1
0.433164 0.0352239 0.00262512 -0.806883 0.0385685 0.49448 0.177426 -0.147468 -0.208703 : 0
0.127692 0.0643395 0.148636 0.413028 0.818409 -0.0412295 -0.00580456 0.0208683 0.00195055 : 0
-0.0606441 -0.0691252 0.0294972 -0.00436128 -0.00938841 -0.21037 0.379966 0.0715696 1 : 0
-1 0.622598 0.250257 -0.442022 0.0990843 0.789757 0.21902 -0.141625 0.0283172 : 0.1
0 0 0 0 0 0 0 0 0 : 0.1
0.0676338 0.00124111 0.0160579 0.0212676 -0.00248326 0.154189 0.178316 0.226468 -0.0071923 : 0.2
0.0430342 0.206272 0.604755 -0.150642 -0.0271939 0.399253 0.117651 0.0835329 0.183628 : 0
-0.0248349 -0.329937 0.0793759 0.0784376 0.133622 0.126137 0.00491647 -0.114318 0.00010851 : 0
0 0 0 0 0 0 0 0 0 : 0
-0.0416988 -0.356558 0.00121474 0.058627 0.0114948 0.000122912 -0.00121045 0.000929995 -0.0412406 : 0
-0.102829 -0.0060021 0.0548055 0.0377074 -0.113749 0.202653 -0.0854785 0.16994 -0.0383573 : 0
0 0 0 0 0 0 0 0 0 : 0
-0.0532248 0.0183909 -0.0314723 -0.22626 -0.0240643 -0.0380486 0.688933 -0.000203893 -2.23479e-05 : 0
-0.0775086 -0.00368445 0.534988 0.490728 0.811213 0.508941 0.416857 0.388288 -0.0839548 : 0
-0.417509 0.0676302 -0.0288889 0.222232 -0.238065 -0.000308041 0.172087 0.0504303 -0.373639 : 0
0.0413887 0.0786879 0.0600723 -0.124561 0.516754 0.00242709 0.00230245 0.0313806 -0.0991573 : 0
-0.0653376 0.0476592 -0.0944776 -0.082105 -0.0897691 -0.229376 -0.233984 0.0105319 -0.00165889 : 0.1
-0.160717 -0.0105864 -0.133047 -0.140094 -0.0225049 0.0333653 0.382329 0.0266101 -0.428922 : 0
0.211116 0.036935 -0.0439224 -0.121214 -0.0726565 0.191262 1 0.352691 -0.244769 : 0.4
-0.140861 0.0204951 -0.194329 0.0179191 0.0103664 -0.0565411 0.00010424 -0.0158062 -0.00229405 : 0
0.0235975 0.414887 -0.24941 0.00147019 0.151892 -0.197352 0.00949824 0.521804 -0.00574548 : 0.4
0.217136 -0.0864073 0.192551 0.0708194 -0.0588625 -0.0803787 -0.333105 1 -0.056081 : 0
0 0 0 0 0 0 0 0 0 : 0
-0.00270783 -0.0215074 0.239682 -0.18178 0.0165166 0.00332689 -0.000123571 0.0115477 -0.174754 : 0.4
-0.0879184 0.121853 0.0622619 0.16485 -0.00229038 0.37525 -0.30109 0.0358633 0.317626 : 0.4
-0.0920799 -0.0335563 -0.0595281 0.202035 0.0120256 -0.106411 -0.00754885 -0.318219 0.133141 : 0.1
0.448314 0.0212034 0.942748 0.0586749 -0.0117822 -0.0960899 -3.5517e-05 0.00529766 -0.000829356 : 0
0.0864472 0.50025 -0.371191 -0.0187247 0.0775732 -0.227952 0.0173655 -0.0599895 -0.0178191 : 0.2
-0.237204 -0.341083 0.0444714 -0.261041 -0.117706 0.104963 0.0242433 0.0287743 0.377353 : 0.1
-0.0782292 -0.130975 0.114662 0.126162 0.0364975 0.861315 -0.00932607 -0.0308862 -0.109453 : 0
-0.37825 0.0338326 -0.050649 0.122554 -0.0760479 -0.305403 -0.269609 0.0482374 -0.101681 : 0.2
0.000764258 0.0994422 0.0399683 0.0176071 -0.0379519 0.0429398 -0.0155977 0.598358 -0.149736 : 0
0.0202392 0.0298391 0.264367 -0.164951 -0.0167733 0.000658337 0.0517863 -0.00530714 -0.00142825 : 0
-0.168522 0.0436475 0.00396938 0.0392042 0.204151 0.216346 -0.0513113 -0.181184 0.225677 : 0.1
0 0 0 0 0 0 0 0 0 : 0
0.0223699 0.0397766 0.0522582 -0.678686 0.000605459 0.0412527 -0.00120923 0.0496242 -0.115339 : 0.6
0.239688 0.40236 0.207398 1 0.572319 -0.0119488 0.120585 0.465307 0.691058 : 0
-0.155259 -0.0397298 0.150832 1 0.00306571 1 -0.0857535 -0.0634681 -0.00430924 : 0
0.200037 0.228393 0.403143 0.00789634 -0.0214493 -0.00177249 -0.0289845 0.0713665 -0.228819 : 0.1
0 0 0 0 0 0 0 0 0 : 0
0.069228 0.162809 0.898227 -0.00600845 0.173505 0.00430221 0.202292 0.253648 -0.380668 : 0
0.0366873 0.0359374 0.0191453 -0.0350091 0.0152182 -0.00953881 -0.0678818 0.549637 -0.111165 : 0
0.116804 -0.189164 0.19069 -0.0260284 0.025705 0.276176 -0.0385017 0.03543 -0.000369983 : 0.2
0.00301214 0.652061 -0.00859077 -0.0088255 0.0075669 0.127896 -0.0651135 0.911532 -0.00306365 : 0.1
-0.0765378 0.0819303 -0.0540854 -0.119382 0.00478794 -0.426756 0.000613894 -0.00163345 -0.000364268 : 0.5
0.0288975 -0.0398382 -0.0416882 0.242109 0.124044 0.0752642 -0.0405279 -0.166583 0.555513 : 0.1
-0.164571 0.653576 0.038405 -0.166048 -0.185193 -0.929235 0.26702 0.233514 -0.0121692 : 0.3
0.56389 -0.00139463 0.185019 0.0874262 -0.0622992 -0.279725 -0.0508126 -0.63686 -0.0138325 : 0
-0.340634 0.232343 0.0982956 0.00606031 1 -0.003004 -0.230754 0.00142597 0.0200819 : 0
-0.0121516 0.00695493 0.0607176 -0.172934 -0.0249966 0.0200789 0.0240194 -0.00484774 0.00196918 : 0.3
0.0714801 -0.017464 -0.000254697 -0.0555776 0.471005 0.00165629 0.00085992 0.856853 0.0446493 : 0
-0.272074 0.0353697 -0.170352 0.206546 0.240142 -0.255682 0.494165 0.363214 0.197715 : 0.1
0 0 0 0 0 0 0 0 0 : 0.1
-0.461937 0.218487 -0.241935 -0.0811288 0.00552502 1 0.00581552 -0.00685889 0.181238 : 0
0 0 0 0 0 0 0 0 0 : 0
0.418704 -0.0757767 1 0.511306 0.0456908 0.568845 -0.356505 -0.180133 0.592153 : 0
-0.128119 0.62509 0.0304236 -0.0898497 0.068064 0.00190786 -0.016618 0.0870226 0.0589732 : 0.4
0.0234045 0.159037 0.0360501 0.259149 0.375589 1 0.00631697 0.55233 0.00760345 : 0
-0.168374 0.249722 -0.238982 0.0673489 0.209814 0.035002 0.122424 0.0411434 -0.0813047 : 0
0 0 0 0 0 0 0 0 0 : 0
0.00469504 0.193522 0.0018902 0.273932 0.00023414 0.0142407 0.0104423 -0.0595126 0.0083222 : 0
0.00260263 0.221321 0.0232937 -0.164187 0.51247 -0.0366315 0.0317231 0.226568 0.0214218 : 0
0 0 0 0 0 0 0 0 0 : 0.2
0.0935049 0.0283314 0.0325437 0.124007 -0.216576 0.00128615 0.432256 0.435089 0.0652595 : 0
-0.00193746 0.0196695 -0.0134624 -0.0313772 -0.000737736 0.0224059 -2.59746e-06 -0.00452896 -0.00729492 : 0
0.0129956 -0.000285118 1 -0.233573 0.861375 0.00265935 -0.0313095 0.0623848 0.193338 : 0.4
0 0 0 0 0 0 0 0 0 : 0
0 0 0 0 0 0 0 0 0 : 0.1
0.0501085 -0.0615251 -0.102025 0.0683188 -0.0141031 0.494026 -0.0499207 0.240909 -0.140616 : 0.2
-0.139196 -0.158193 1 0.437446 0.0214017 0.0209109 -0.0405454 -0.0166326 0.0348332 : 0
-0.157691 -0.473671 -0.126202 -0.40362 0.0555647 0.533209 0.371692 0.290363 0.372506 : 0.4
-0.0768991 -0.227759 -0.167298 0.0979554 0.00019744 0.262425 -0.353105 0.270722 0.0632613 : 0.2
-0.000829597 -0.00802149 0.212932 0.382397 0.145128 -0.200796 -0.0107898 -0.0309449 -0.00819032 : 0.3
0.0164697 -0.229285 -0.01958 -0.155977 0.244624 -0.128222 -0.038221 -0.0847475 0.100101 : 0.4
-0.0873872 0.0500268 -0.0891342 -0.112343 -0.0435821 1 0.420889 0.0190824 0.0680698 : 0
-0.00497715 0.120353 -0.00497764 -0.412357 0.0770261 0.105174 0.071694 0.0983942 0.00412341 : 0.2
0.040128 0.0124119 0.00893818 -0.0220395 -0.148274 0.0792144 -0.00749701 0.0859309 1 : 0
0.252593 0.15707 -0.139776 0.377436 -0.111971 0.288822 -0.693141 0.329319 -0.267093 : 0.1
-0.0363714 0.358839 0.382816 -0.086967 -0.00115978 -0.112059 0.0547755 -0.00361814 0.000716688 : 0
-0.018336 -0.00308917 0.000692995 0.00411093 0.381715 0.123236 -0.0128034 0.184089 0.182819 : 0
-0.0940186 0.0463107 0.0159158 -0.213612 0.0059652 0.0599423 -0.0491593 0.175863 -0.0247099 : 0.4
0.0422019 0.364924 0.0274396 -0.0225705 -0.0662498 0.0286099 0.386785 0.0120731 1 : 0.1
-0.0124368 0.114672 0.0918252 -0.185316 0.229954 0.824231 -0.0343152 0.0371553 -0.012541 : 0
0.0289617 0.284284 0.0426181 -0.105071 0.134413 0.0388047 0.448711 0.0259011 -0.0018211 : 0.5
0.0149643 0.0332305 0.150006 0.0213075 0.326231 0.00430495 0.00505566 -0.331669 -8.26211e-06 : 0
-0.163302 0.16352 -0.0449108 0.341956 -0.00537145 -0.0825628 -0.118077 0.541693 0.791421 : 0
-0.245619 -0.0144661 -0.0431484 -0.261678 0.530806 -0.0740281 -0.398402 0.424303 1 : 0
-0.0664713 0.0852363 -0.17175 1 0.00585552 0.0645705 0.11731 0.303637 -0.0153188 : 0.1
0.23152 0.43423 0.00529314 0.0366373 0.0897911 0.046591 -0.215008 0.0016029 2.99162e-05 : 0.2
-0.0492419 0.131853 0.084859 -0.558428 0.2588 0.981321 0.100654 0.663214 0.00540854 : 0.1
-0.00128985 -0.002328 -0.095487 0.297408 0.0225492 0.00227963 -0.0125301 -0.0273602 0.22047 : 0.1
0.0231105 0.0992487 0.585408 0.205558 0.866232 0.0391528 0.746286 1 0.000168452 : 0
0.108422 0.0355299 0.330783 -0.0369878 0.804829 0.108561 1 0.011256 0.0322912 : 0
0.0398607 0.0442617 0.174036 0.0220106 0.152409 0.754743 0.158673 -0.048321 0.00134886 : 0.1
-0.0116126 0.208077 0.0240615 0.00775693 0.000270978 0.0368748 0.115251 -0.0165943 0.761086 : 0.1
0 0 0 0 0 0 0 0 0 : 0
0.200774 0.0106563 -0.0304967 0.0105772 0.0257605 -0.092431 -0.364356 -0.00560453 0.000267733 : 0
0.0153436 0.0088446 -0.0254921 0.000933484 -0.039148 0.0047118 -0.0150364 -8.21762e-05 0.0138189 : 0.4
0.0411319 0.025411 -0.0543363 0.193536 0.659154 0.379974 0.0203952 0.0720909 0.111993 : 0
0.289169 0.00287309 -0.0215776 0.0432128 0.512671 1 1 0.555677 -0.0544047 : 0
-0.00252748 0.0161152 0.647546 -0.000673792 0.118532 0.970396 0.289377 0.114632 -0.000227045 : 0
0.298816 0.0137636 0.752803 -0.365549 0.0742783 0.448138 0.0240151 -0.0210684 0.123751 : 0.5
0.00216478 0.0351816 -0.00711485 -0.0225815 -0.000942165 -0.00764303 0.0559632 -0.0803079 0.0175583 : 0.3
0.0377219 0.0510272 -0.31678 -0.748289 -0.0599156 1 0.398336 -0.0433328 0.652706 : 0
0 0 -0.176452 0 0 0 0 0 0 : 0
-0.00587253 0.0541513 0.347082 0.016348 0.576031 -0.155222 0.175107 0.13666 0.135891 : 0
0.198733 0.0600717 -0.396494 0.026579 -0.148948 0.375812 0.0414217 -0.144265 0.0138937 : 0.2
-0.874935 -0.144361 0.30091 -0.0582172 -0.0112923 0.369259 -0.026616 -0.0617187 0.491299 : 0.5
0 0 0 0 0 0 0 0 0 : 0.5
-0.0810988 0.143452 -0.362695 -0.0681572 -0.0633174 0.24222 0.812428 0.153179 -0.131986 : 0.3
0.184995 -0.045709 -0.0699751 -0.0854617 -0.270362 -0.0705075 -0.000724956 -0.128731 0.30557 : 0
0 0 0 0 0 0 0 0 0 : 0
0.17748 -0.00196854 0.00507943 0.0918916 0.00361131 0.191698 0.00611189 -0.152797 -0.128748 : 0
-0.0510798 0.245774 -0.0118224 0.0584246 0.0359525 0.751237 0.156329 0.247735 0.0111846 : 0
0.152243 -0.191339 0.033132 -0.0486745 0.152499 0.168706 -0.0505395 -0.142359 -0.0115429 : 0
-0.0494095 0.168645 0.105303 0.0753454 0.115169 1 0.175294 -0.00160322 -0.001749 : 0
0.0107035 0.147523 0.10021 -0.256874 -0.0578678 0.0657318 0.0447014 0.0344468 -0.0272064 : 0.3
0.00227489 -0.00756401 0.12036 -0.17986 0.0262589 0.851885 0.873444 -0.0732649 0.0143986 : 0.2
0.106872 -0.234611 -0.171914 -0.487526 0.346908 -0.165673 -0.0303247 0.045227 -0.170837 : 0
0 0 0 0 0 0 0 0 0 : 0
-0.98497 0.441865 0.317041 0.0159123 0.209461 0.370698 -0.0421394 -0.000287441 0.198024 : 0.1
0.0322549 0.070339 0.0423606 0.050265 0.00439525 -0.207688 0.257749 0.0727787 0.161897 : 0.1
0 0 0 0 0 0 0 0 0 : 0.4
-0.12042 0.552396 0.00237606 -0.3146 0.15611 -0.0266184 -0.0123707 0.0724273 -0.00958912 : 0
0 0 0 0 0 0 0 0 0 : 0
0.000920625 -0.444799 0.0455212 -0.00666488 -0.00639078 0.139273 -0.0151302 1 0.0106929 : 0
0.0081245 0.00725439 0.0057033 -0.00522212 0.0168291 0.0940385 -0.0802489 -0.0126085 0.0283493 : 0.3
0.0272198 0.0754439 0.0137262 -0.00114895 -0.0345195 0.0665955 0.470918 0.00763122 0.760796 : 0
0.123593 0.130263 0.434716 -0.0184359 0.00833946 -0.163359 -0.637859 0.0997766 -0.416041 : 0
-0.677801 0.312435 0.605998 0.680073 0.102912 0.183676 -0.0477862 0.00414827 -0.193851 : 0
-0.0179022 0.0428128 0.0159221 -0.0244224 0.622691 -0.00707511 0.0183301 0.0126747 0.00738852 : 0
0.000219991 -0.427371 0.0199368 0.0248466 -0.0413536 0.0423555 -0.0176908 0.653586 -0.234144 : 0
0.31971 0.348379 0.543578 0.2549 -0.283807 -0.172722 -0.0399752 0.485864 -0.0174626 : 0
-0.164735 0.0629378 0.737378 0.322317 0.107256 -0.0165293 -0.112558 0.200834 -0.0615419 : 0.1
-0.0698609 0.232782 0.0342912 -0.00868998 0.535414 -0.0583864 -0.0498437 0.066527 0.203557 : 0
-0.160578 0.0323093 -0.0196579 -0.023314 -0.150771 -0.0024877 -0.358726 0.442546 -0.540825 : 0.4
0.0728784 0.364139 -0.121537 0.130383 0.461504 -0.181253 -0.00203255 0.0709915 1 : 0
0 0 0 0 0 0 0 0 0 : 0
-0.0544381 0.0191137 0.0433313 0.0222573 0.0217608 0.0460553 -0.113188 0.0090198 -0.133554 : 0
0 0 0 0 0 0 0 0 0 : 0.3
0.0347207 0.014323 -0.0318172 -0.00023695 0.148622 0.0099704 -0.0128031 -0.00173103 0.0352041 : 0
-0.204191 -0.116748 0.0179806 0.0825221 1 0.201624 -0.0195307 0.180461 0.100152 : 0
0 0 0 0 0 0 0 0 0 : 0
0 0 0 0 0 0 0 0 0 : 0
0.0808784 -0.0105756 0.00279689 0.174302 -0.00381566 -0.126897 0.578265 -0.00103116 -0.0379824 : 0
0.00402359 0.199491 0.00564223 -0.225599 -0.0237972 0.00297213 0.167748 0.00285692 0.0241686 : 0
-0.0812993 0.201751 1 0.0011799 0.323528 -0.00289218 0.535668 0.0225281 0.201924 : 0
-0.76421 -0.224876 0.365019 0.0043125 0.158135 0.329608 0.388294 -0.00770141 0.564945 : 0
-0.0434088 0.35528 -0.447848 0.0433119 -0.175911 1 -0.260959 0.541604 -0.00922563 : 0
0.0687528 0.00298037 1 -0.0100641 0.0726178 0.124122 0.00245477 -0.0198334 -0.00187217 : 0.4
0 0 0 0 0 0 0 0 0 : 0
0.962361 0.225605 0.0604361 -0.314634 0.247647 0.000665824 0.130022 0.332255 -0.0821571 : 0
-0.101175 0.23649 -0.0119567 -0.0670478 0.00724151 0.0126946 0.013411 0.0101764 0.0570043 : 0
-0.161224 -0.203972 0.0817866 0.386315 -0.00693764 0.147883 0.198102 0.13872 0.282002 : 0
-0.00316828 -0.0156119 -0.00570348 0.0068741 0.115167 0.0611068 -0.0137312 0.142335 -0.0111619 : 0
-0.154369 -0.19803 -0.0608696 0.15859 -0.00249416 -0.242475 0.0146712 0.00453915 -0.0728099 : 0
-1 0.383321 -0.0555691 -0.096469 -0.199267 -0.163269 -0.727052 -0.160368 -0.101465 : 0
-0.0121762 0.0745411 -0.000762293 0.0259736 0.100889 -0.135027 -0.0108971 0.202586 0.243987 : 0.2
0.224899 -0.00720338 0.322929 -0.301827 -0.0127032 0.502136 -0.223323 -0.0567855 -0.000517685 : 0
0.088985 0.039179 -0.038938 -0.0271133 -0.109492 0.385633 0.0338201 0.428162 0.0423459 : 0.4
-6.89505e-05 -0.0589617 0.00494526 0.00855916 -0.301245 0.0395341 0.0365527 0.538976 0.0512325 : 0
0.205625 -0.283195 0.0541234 0.00519807 0.0740958 0.974013 -0.00338418 -0.00101193 -0.000259549 : 0
0.0737523 0.288652 0.0852069 0.0942961 -0.0626926 0.0813363 0.280431 -0.0943827 0.980462 : 0.4
-0.00121025 0.186705 0.0791516 -0.0937382 0.188908 -0.00237877 -0.015429 0.435575 -0.010368 : 0
-0.00512682 0.00183316 -0.198072 0.470609 -0.104541 1 -0.0473104 0.579421 0.000296593 : 0
0 0 0 0 0 0 0 0 0 : 0.5
-0.341742 -0.0487917 0.911298 -0.0178639 -0.0983011 0.172211 0.30316 0.17235 -0.600721 : 0
0.351157 0.0237993 0.0130662 0.422333 0.2752 0.0346295 -0.031854 0.148992 0.104086 : 0.1
0.0041444 -0.00350608 0.024813 -0.0187074 0.00140204 -0.067735 0.0452398 0.561439 -0.268249 : 0.5
0.0273888 0.00208696 -0.0346848 0.00277107 -0.0576243 0.123589 -0.160105 0.0134868 0.0396616 : 0.5
0 0 0 0 0 0 0 0 0 : 0.7
0.217687 -0.0296098 0.320727 -0.0322177 0.465411 0.932647 0.23943 0.360524 0.0568143 : 0.5
-0.0327251 0.132284 -0.00325837 -0.05239 0.0350708 0.0369712 0.00969532 0.116245 0.0293275 : 0
-0.0595023 0.0964831 0.0164841 -0.094721 0.842291 0.522614 -0.029105 0.0593867 0.272766 : 0
0.103703 0.28824 0.0677191 0.0275162 0.708738 0.0279026 0.167375 -0.0809951 -0.247425 : 0.1
0.274279 -0.131855 0.00613742 0.0340411 0.000444325 -0.0875749 -0.0211552 -0.0884055 -0.0174061 : 0
-0.29597 0.0339147 0.880752 0.210527 -0.20545 0.112994 0.0346138 0.548293 0.110921 : 0
-0.00211273 -0.0409739 0.167314 -0.189828 0.00867392 0.00019903 -0.00738537 -0.0387536 0.332775 : 0
-0.0222463 -0.0273844 0.00139429 0.0253981 0.578013 -0.0973011 -0.103157 0.290059 0.120877 : 0
-0.0917452 0.291687 0.258147 -0.0508441 0.416161 0.818706 0.174022 0.294607 -0.190071 : 0.1
0.00602385 0.0393161 0.0371027 0.0459977 -0.0377432 -0.255516 -0.208939 0.0574105 0.15028 : 0
-0.205853 -0.233668 -0.00174865 -0.0106811 -0.0310613 0.392036 0.127552 -0.0861925 -0.0432902 : 0
0 0 0 0 0 0 0 0 0 : 0
0.488373 -0.150102 0.00379254 -0.0930902 0.000364355 -0.00670196 0.000485905 -0.171923 -0.0808598 : 0.1
0.484249 1 0.418128 -0.192385 0.0227886 -0.543197 0.215259 0.692982 -0.115176 : 0
0 0 0 0 0 0 0 0 0 : 0.1
-0.00778283 -0.00542104 0.0986216 0.257784 0.0450382 -0.00426708 -0.0621371 0.723172 -0.0537841 : 0
0.0314436 -0.00165899 0.0638763 0.484119 0.21601 0.562531 -1 1 0.420926 : 0
-0.0907779 -0.0121251 0.0111031 0.0310746 0.116051 0.0594315 0.124343 0.233563 -0.0196456 : 0
0 0 0 0 0 0 0 0 0 : 0
0.00018591 0.0241257 -0.00102917 0.221313 -0.120817 -0.144181 0.196559 0.000355138 0.00147335 : 0
1 0.027046 0.400536 -0.0276482 0.00889777 0.957625 0.00344557 -0.0317171 -0.0658792 : 0.2
0.444666 0.318789 -0.374099 -0.101108 0.347741 0.458409 0.0442483 -0.0995272 -0.0890582 : 0.1
-0.000653807 -0.00219242 -0.226907 0.0146163 -0.00107307 -0.0102534 0.00669036 -0.118965 0.00269186 : 0.3
-0.00253932 -0.0572888 0.0233484 -0.0178143 -0.00149716 0.994236 -0.0122412 0.923953 0.0017616 : 0.1
-0.163308 -0.084712 0.0283604 0.13937 -0.01876 1 -0.0230057 0.430203 0.47843 : 0
-6.00218e-05 -0.033929 -0.223925 -0.0575316 -0.0183464 0.410599 0.154303 -0.0426963 0.0163121 : 0
-0.00048291 -0.0125733 -0.0161601 -0.00408231 0.00100623 -0.0321814 -0.0325976 -0.0339944 0.00478782 : 0.2
0.250445 0.0919908 0.040119 0.192465 0.122912 0.159951 -0.0299119 0.53558 0.122496 : 0.4
0.000601013 -3.6736e-05 -0.416553 -0.00201218 0.281457 0.973063 0.211487 0.100507 -0.000199231 : 0
0 0 0 0 0 0 0 0 0 : 0
-0.0499769 0.16091 0.0443791 -0.097104 0.444915 0.0177977 -0.063789 0.0892101 -0.414245 : 0.4
-0.214123 -0.0218586 -0.0170803 0.0942644 0.0632092 -0.137109 0.154018 0.00638269 0.0263508 : 0
-0.0997802 0.0224609 -0.0118813 0.029805 0.178304 0.277203 -0.0230253 -0.166508 -0.0601335 : 0.4
0 0 0 0 0 0 0 0 0 : 0.2
-0.109812 -0.0588444 0.0893443 0.608406 0.525862 0.103622 -0.0111336 0.194531 0.113067 : 0.2
0 0 0 0 0 0 0 0 0 : 0.4
0.0202966 0.276989 0.0175022 -0.00113869 0.046495 0.00147529 0.0436979 0.0825536 -0.0394301 : 0
0.0239646 -0.00999709 0.852893 -0.0449955 0.226491 0.336709 -0.604099 0.143452 0.0252583 : 0.1
0 0 0 0 0 0 0 0 0 : 0
-0.14034 -0.11128 -0.120089 -0.0775811 -0.146463 -0.365825 -0.0389917 0.217109 -0.142046 : 0.4
-0.0730825 -0.00285827 0.0249455 -0.00452691 -0.0875017 -0.192511 0.0121506 0.396858 0.00357784 : 0
0.0798425 0.393673 -0.0201569 -0.492061 -0.288788 0.800972 0.280853 0.422444 -0.038927 : 0
0.0244558 0.237718 0.0029723 0.00642838 -0.227565 -0.179829 0.368118 0.280626 -0.178903 : 0.3
-2.7936e-05 0.0423495 0.03495 -0.0528564 0.00620973 0.00154117 0.0936029 -0.00014082 1 : 0
0.0393079 0.173761 -0.0145631 -0.0776157 -0.00839004 0.0147591 0.0102239 -0.424663 0.0491959 : 0.4
0.955742 0.157245 0.575129 -0.0566241 0.898628 1 -0.0527798 1 0.0671406 : 0.4
0.00487836 0.0445212 0.0944976 0.0218836 0.436106 0.0310379 0.0549452 -0.232876 -0.00142949 : 0.5
0.0117436 -0.014864 -0.328916 0.700707 0.0258207 -0.0463685 0.129822 -0.0379798 0.321403 : 0
-0.0778768 0.51966 0.558199 0.657213 -0.0138744 0.042048 -0.0177171 -0.0237031 0.0666886 : 0.3
-0.816409 0.853088 0.268831 -0.0213049 0.0959735 0.0177718 -0.0337837 0.00265898 0.0285679 : 0
0.00199994 -0.0133283 -0.00936106 0.0262179 -0.0078407 0.00189545 0.338643 0.0333544 0.396757 : 0
0.0403161 0.0637083 0.277386 0.0887956 0.467248 1 -0.0997359 0.159933 0.00043655 : 0.1
0 0 0 0 0 0 0 0 0 : 0
0 0 0 0 0 0 0 0 0 : 0.4
-0.0937271 -0.317343 -0.289809 0.132797 -0.537375 -0.384016 0.371796 0.106066 -0.0105745 : 0.1
-0.00164306 0.0235761 0.00106315 -0.0835827 0.000319973 0.016851 0.00782317 -0.15227 -0.019817 : 0.1
0.00524919 0.173512 0.0326158 0.0379633 0.41255 0.217272 0.00140741 0.301511 -0.0507652 : 0.1
0.0163779 0.139405 0.095099 0.148053 -0.0297914 0.806624 -0.0218649 -0.0856936 0.361654 : 0
-0.0297292 0.0372839 0.045143 -0.0951357 0.432797 -0.0347866 0.047079 0.251407 -0.0580092 : 0.1
0 0 0 0 0 0 0 0 0 : 0
0 0 0 0 0 0 0 0 0 : 0
-0.00435311 0.144448 0.126708 -0.0761654 0.115801 -0.0921657 0.212261 -0.0048146 0.308579 : 0
0.585016 0.00919386 -0.242101 -0.165562 -0.116916 -0.0192086 0.00183016 0.0708364 0.17922 : 0
0.154846 -0.030842 0.2902 0.506795 0.24238 -0.0281513 -0.0427648 -0.00304915 0.0017866 : 0.1
0.058821 0.0086978 -0.0261153 0.00112009 -0.16171 0.222185 -0.00880551 -0.0092137 3.12636e-05 : 0
-0.00113081 0.00125261 0.832865 -0.00233575 -0.171169 0.653796 0.180555 -0.0217034 -0.000184874 : 0.2
-0.0029287 -0.0324358 0.416915 0.460809 0.0233722 0.000801549 -0.00137557 0.0157227 -0.197211 : 0
0.040834 0.00466916 -0.199261 0.651054 0.454922 1 0.149932 0.444023 0.000112454 : 0.2
0 0 0 0 0 0 0 0 0 : 0.3
0.0135016 -0.00130182 1 0.0184694 0.0041786 0.299304 0.0289299 0.00411416 0.166308 : 0.3
-0.0476153 0.26021 -0.0170362 0.0667449 0.0458122 0.114711 0.0120245 -0.354305 -0.00894702 : 0.1
0 0 0 0 0 0 0 0 0 : 0
-0.0014747 -0.0902631 0.625599 0.00771048 0.448822 0.00532199 0.108022 -0.0123217 0.00502127 : 0
0 0 0 0 0 0 0 0 0 : 0
-0.24258 -0.00922567 0.168977 0.212357 0.138717 0.120191 0.136071 -0.00982982 0.244449 : 0
0.00122598 -0.182079 0.0327839 0.00234089 0.00201701 0.319442 -0.0152035 0.155098 -0.197483 : 0.1
7.25879e-05 0.0535015 0.00168311 0.0701517 -0.0827961 0.592241 0.0466404 0.00180951 -0.0616892 : 0.4
0.353259 -0.0176581 0.0474433 0.0286393 -0.006062 -0.253138 -0.00235283 -0.228049 -0.000146892 : 0.1
0 0 0 0 0 0 0 0 0 : 0.2
-0.0125637 0.00839205 -0.0149553 0.000810142 0.0287166 -0.0222416 0.017475 -0.0072216 -0.0269801 : 0.1
0.0445948 0.093911 1 0.0413686 -0.00761485 0.187613 -0.0123184 -0.0631991 0.0129243 : 0
-0.0689374 0.00667761 0.891391 0.472754 0.00353863 -1.37184e-05 -1.9928e-05 5.9627e-05 -0.190376 : 0
0.121411 -0.0200779 0.0665588 0.952302 -0.078643 -0.214969 -0.02573 0.160907 -0.0600943 : 0.3
-0.0571414 0.936576 0.284957 0.427401 -0.00843789 -0.0199811 0.36094 -0.00406713 0.000740432 : 0
0.000286987 0.00465646 -0.351019 -0.00413489 -0.0723411 0.947397 0.310386 0.159638 -0.000275123 : 0.2
-0.239775 0.437189 -0.198307 0.078339 -0.00768423 1 0.134541 -0.0323303 -0.125537 : 0.3
-0.207939 -0.0687186 -0.0841568 0.115915 0.0870152 0.443842 0.280488 0.164638 0.893376 : 0
0 0 0 0 0 0 0 0 0 : 0
0 0 0 0 0 0 0 0 0 : 0
-0.103577 -0.00420501 0.0213324 0.00349948 0.00747722 -0.743425 0.0435282 -0.0177511 -0.0287188 : 0.3
0 0 0 0 0 0 0 0 0 : 0.1
-0.129391 0.00702333 0.00726389 0.0268539 -0.00815526 0.0061149 0.364932 -0.0254965 0.127168 : 0.4
-0.104027 -0.00541508 1 -0.0627414 0.0988122 -0.529991 -0.147188 0.145157 0.0630488 : 0
-0.000515281 0.201739 0.00320538 0.315859 0.0668079 0.944992 0.110219 -0.000448435 -0.0554305 : 0
0.0787814 0.023919 0.119309 -0.0166591 0.828662 -0.0326955 -0.00853187 0.0750079 0.000113431 : 0
0.0355605 0.220758 -0.0230453 -0.136503 0.71291 -0.288887 0.38701 0.0230389 -0.0622056 : 0
-0.104383 0.00564823 0.30673 0.439721 0.79172 -0.196829 0.111766 -0.118589 -1.63885e-05 : 0
-0.0304321 0.432154 0.00706085 1 0.134413 0.00374244 -0.0437365 0.134135 -0.228591 : 0
0.131811 -0.146169 0.399697 -0.110577 -0.00191909 0.96177 0.0512574 0.452438 0.0463547 : 0.5
-0.0652203 -0.0288962 0.0138186 0.210704 -0.136394 0.149108 0.0462178 0.882743 0.266304 : 0.3
-0.0242123 0.00558885 0.143614 -0.341991 0.0285512 -0.00120392 -0.00123033 -0.0253473 -0.0502447 : 0.3
0.146039 -0.0038171 0.0883119 -0.0608912 0.34968 0.101946 -0.0506108 0.423641 -0.02342 : 0.1
0.000405848 0.0708418 0.0401165 1 0.205519 0.405229 0.20132 0.133575 0.00259313 : 0.3
-0.00956552 0.0484144 -6.10981e-05 0.0282489 0.199709 -0.575159 -0.0199126 0.054968 0.258324 : 0
-1 -0.147749 0.334006 -0.0385506 0.145975 -0.216706 0.169553 -0.0224357 0.330171 : 0
0 0 0 0 0 0 0 0 0 : 0
-0.016162 -0.00971419 -0.0759816 0.0141256 -0.0426239 0.452248 0.129301 0.254452 0.0991619 : 0
-0.00891925 0.364469 0.0158718 -0.023521 -0.172536 -0.270305 -0.132623 0.0416778 1 : 0.1
0 0 0 0 0 0 0 0 0 : 0
0 0 0 0 0 0 0 0 0 : 0.1
-0.00636772 0.0496072 0.0232858 0.00678422 -0.0480086 0.488366 -0.090317 0.558368 0.157876 : 0.4
-0.475011 0.186613 0.1515 0.0971638 0.17278 -0.356613 -0.0218723 0.426377 0.629844 : 0.1
-0.0434753 0.363014 0.00435907 -0.152669 0.153192 -0.740082 -0.117678 0.793063 -0.0294426 : 0
0 0 0 0 0 0 0 0 -0.020698 : 0.3
-0.0765274 0.0853553 -0.414951 0.0805459 -0.118033 0.466241 -0.0295915 0.471446 0.00530689 : 0
0.252977 -0.0343162 0.0510594 -0.0236862 0.975608 0.749346 -0.142993 0.0268984 0.00958475 : 0
0.125319 0.043104 0.112561 0.0888248 -0.0309281 0.100343 -0.00595522 -0.141608 -0.0570794 : 0
0.0268349 0.0365328 -0.184433 -0.235555 0.0837241 0.180436 0.0242364 0.0185924 0.0778998 : 0
0.665758 0.212489 0.584864 0.289944 0.214921 -0.210019 0.334559 -0.00245814 0.648882 : 0
-0.0874827 0.285381 0.0085496 0.256892 -0.179163 0.0205959 -0.145235 0.658856 -0.0343375 : 0
-0.288983 -0.185979 0.182402 0.368583 0.0554502 -0.0138457 0.0117334 -0.519215 0.914684 : 0.1
-0.00838014 0.567182 0.0603808 0.223348 0.0444683 -0.184336 0.355863 0.909576 0.483438 : 0
0.332964 -0.00108828 -0.10625 0.616689 0.772466 0.00989412 0.109239 0.922102 -7.607e-05 : 0.5
-0.39573 -0.0473063 0.810915 -0.0711197 -0.0578774 0.126236 -0.00991702 -0.285753 0.809644 : 0
-0.0184593 0.265051 0.0468943 0.0319225 -0.0777451 0.119744 0.242425 0.015972 0.833966 : 0
-0.012914 0.0797274 0.100307 0.106176 -0.0148259 0.246125 -0.000312566 -0.418431 -0.0595952 : 0
0.0731873 0.0486378 1 0.785968 0.781347 -0.0350467 0.101451 0.440825 0.0758327 : 0.1
0 0 0 0 0 0 0 0 0 : 0
-0.0511245 0.0471519 0.920136 0.0226691 0.836653 0.0115501 0.00800738 0.0957513 0.00032771 : 0
0.00476411 0.0764725 0.000520185 0.0166325 0.496144 -0.171642 -0.00172268 -0.0851605 -0.0673425 : 0
0.031571 -0.0200161 0.761439 0.511445 -0.0804332 0.105602 -0.388333 0.67185 0.387207 : 0.1
0 0 0 0 0 0 0 0 0 : 0
0 0 0 0 0 0 0 0 0 : 0.4
0.0924061 0.0220443 0.00395485 0.158028 0.0214694 0.0248373 -0.0849271 0.0496422 -0.929513 : 0.1
0.480524 0.159827 0.00492191 0.0986579 -0.15401 0.545534 -0.0640954 0.443253 0.418938 : 0
-0.160737 0.196846 0.175245 -0.208282 -0.032937 0.521033 0.16366 -0.0251235 -0.0452283 : 0
0.0088304 -0.0512667 -0.0187778 -0.200624 -0.00117941 0.0399741 0.304189 0.00996672 0.0258846 : 0.4
0.0412177 -0.0579038 0.316875 0.342239 -0.155276 -0.035987 0.0121689 0.00310784 0.393693 : 0
0.200841 0.00590883 0.00797413 0.154369 -0.0924013 0.0769842 -0.0266248 -0.207723 -0.00126138 : 0.3
0.44796 -0.181713 0.130273 -0.251815 0.229844 -0.409794 0.155707 -0.0329892 0.159293 : 0
0.0617913 -0.569976 0.0371668 0.325727 -0.00359205 -0.0471437 -0.00685994 0.0523386 -0.0695897 : 0
-0.00133463 0.145459 0.0832816 -0.122326 0.952751 0.395793 0.115123 0.122012 0.0629079 : 0
-0.002005 -0.10982 0.000649463 0.703836 0.000863387 -0.0133911 0.0290883 -0.00212552 -0.00564128 : 0
-0.00959247 0.093309 0.0355121 -0.126169 -0.0170295 0.0131213 0.0122774 0.336695 0.00203391 : 0
0.0380415 -0.0518005 0.0242399 0.174341 -0.220735 0.0856861 -0.418477 -0.0687276 -0.0211332 : 0.1
0.192941 -0.378371 0.0141334 0.143308 0.167776 -0.000693105 -0.000678162 6.61291e-06 -0.0295692 : 0
0 0 0 0 0 0 0 0 0 : 0
-0.177859 0.0847421 -0.0799744 1 0.0230363 0.162022 0.400591 0.718251 0.548132 : 0.1
0 0 0 0 0 0 0 0 0 : 0
0.0468972 -0.0776205 -0.198041 0.0340203 -0.0138787 0.240757 0.0121449 0.134344 0.0492794 : 0
0.330207 -0.107001 0.630889 -0.695809 0.246662 -0.238817 0.00431033 0.177105 0.455124 : 0
-0.0124134 0.0536371 -0.0150108 0.00863012 0.0317543 0.0267281 0.0572034 -0.287183 0.0355911 : 0.4
0 0 0 0 0 0 0 0 0 : 0.1
0.347951 0.0136483 -0.0182318 0.553611 -0.0586542 0.0158345 -0.0238451 0.242263 0.140462 : 0
0.0855229 0.3423 -0.0606189 0.874314 0.0264095 -0.0966285 -0.329008 -0.275028 -0.0825344 : 0
0.755683 0.143507 0.0977958 -0.160423 0.000644402 0.00194818 0.00757924 0.674458 0.123165 : 0.1
-0.0697869 -0.109987 0.0151893 -0.0769359 0.105106 -0.0594367 -0.000119813 0.0123719 -0.0099538 : 0
0.0191133 0.294185 -0.344714 -0.540136 0.161167 0.74816 0.260576 0.467813 0.380155 : 0.1
0.133032 0.0118285 0.17232 0.373618 0.212154 -0.224114 0.328865 0.000500284 0.128724 : 0
0 0 0 0 0 0 0 0 0 : 0
-0.0915324 0.264571 1 0.68545 -0.216773 0.309421 -0.182196 0.0461312 0.933534 : 0
-0.202085 -0.0719728 0.186573 0.352108 -0.250061 -0.041122 0.516195 0.316125 0.241251 : 0
-0.0544209 0.424457 0.71431 -0.622462 0.000413083 0.0139902 0.0225346 -0.03361 0.426916 : 0.3
-0.71296 0.250088 0.110097 -0.00900995 0.575633 0.0400717 -0.124975 0.00906585 -0.000690455 : 0
0.0518794 0.150291 -0.0770715 0.0105527 -0.0556566 -0.00349394 0.0235295 0.00362629 -0.0476227 : 0
-0.0821173 0.00147558 0.066428 0.108522 0.0514008 0.0194903 0.101181 -0.0307996 0.0038367 : 0.3
0.184337 0.032574 0.0708365 0.00464085 0.550813 0.0228762 0.000833422 0.0795914 0.0145568 : 0
0.18293 -0.106424 -0.562543 0.719724 0.833515 -0.0365152 0.352208 -0.000869811 -0.00115508 : 0
-0.0305791 -0.0933629 0.0104435 -0.050736 -0.000172318 -0.00683035 -0.00602449 -0.10802 -0.0693449 : 0
0 0 0 0 0 0 0 0 0 : 0.3
-0.638902 0.26265 0.372337 0.0418345 -0.0520828 0.457143 -0.00458436 -0.089342 0.351842 : 0.1
-0.00056616 0.341469 -0.0655899 1 -0.0276321 -0.335629 0.0737011 0.330687 0.00288858 : 0
-0.0932761 -0.0174742 -0.00488515 -0.00287474 0.0158843 0.18835 0.0206263 -0.0632558 -0.127586 : 0
-0.0764429 0.287131 0.174359 0.0521451 0.996975 0.094173 -0.150514 0.0750726 0.233193 : 0
-0.417218 0.487651 0.146555 -0.582437 0.180385 0.0921134 -0.0297767 0.266051 -1 : 0.3
0 0 0 0 0 0 0 0 0 : 0.1
0 0 0 0 0 0 0 0 0 : 0
-0.0271021 0.567399 0.180712 0.133106 0.213557 -0.0553912 -0.0770282 0.296522 0.0394322 : 0.1
-0.0143575 0.103942 0.0223245 -0.242428 0.101375 0.0413612 -0.0129843 -0.26784 0.349967 : 0.1
-0.063211 0.0624566 -0.105405 -0.0288964 -0.0417904 -0.110236 -0.00767576 -0.0146996 0.000448228 : 0
-0.00528559 0.18891 0.000396341 0.783485 0.0235996 -0.0192871 -0.410854 -0.0325351 0.710425 : 0
0 0 0 0 0 0 0 0 0 : 0.4
0.0161501 0.348406 0.00721674 -0.00130916 0.0238351 0.0701271 -0.0039545 -0.411184 0.00348311 : 0
-0.0249821 0.000120837 0.117546 0.01188 -0.217484 -0.146902 -0.0335651 -0.0044121 0.416201 : 0
0.011255 0.0112043 0.597633 0.0353076 0.873413 0.68646 0.0942953 -0.129766 0.0238756 : 0.5
0 0 0 0 0 0 0 0 0 : 0
0 0 0 0 0 0 0 0 0 : 0
0.133768 0.369502 0.482594 0.282894 -0.0461596 -0.0651181 -0.125405 -0.0289538 0.0107786 : 0
-0.0899963 0.0752235 0.0177264 -0.0924425 -0.00459521 -0.00371821 -0.141279 0.0937546 -0.146591 : 0.4
-0.0366405 0.00905772 0.160015 0.406531 0.0159987 0.25232 -0.118622 0.0204211 0.0491458 : 0
-0.038067 0.0154197 0.00296589 0.000430346 0.0322296 0.943986 0.0999308 -0.0288889 0.00524179 : 0.2
-0.159214 -0.00614549 0.365469 -0.0234689 1 0.113379 -0.014763 -0.00105331 0.0121946 : 0.1
-0.281298 0.26522 -0.0366597 -0.199949 0.0136124 -0.0182789 -0.0426337 1 0.254015 : 0
0.192864 -0.0928841 -0.0206546 -0.0238398 0.299074 -0.408757 0.00221283 0.140254 0.131474 : 0
0.0695478 0.0352307 0.359509 -0.225416 0.0359018 -0.220469 0.045319 -0.27432 -0.076612 : 0
-0.0215849 -0.174254 0.342672 0.77326 -0.0535569 0.0807917 0.0986592 -0.110483 0.502004 : 0
1 -0.0295008 0.0267643 -0.14612 0.00258984 -0.0551779 -0.000776111 0.729039 0.0426939 : 0
0 0 0 0 0 0 0 0 0 : 0
0.319582 0.0516948 0.673767 -0.188096 -0.114897 0.790676 -0.0886618 0.371598 0.111642 : 0.1
0.0254468 0.0139567 0.00910114 -0.00119122 0.0331969 0.0760722 0.0553255 0.00812936 0.0972472 : 0
-0.0393708 1 -0.0163303 -0.0623006 0.455993 -1 -0.0115408 0.856391 0.0390393 : 0
0 0 0 0 0 0 0 0 0 : 0.1
0.000582611 0.124818 0.00626733 -0.0711084 0.0770615 0.0373093 0.0656857 0.83168 0.0678578 : 0.6
-0.130597 -0.0354712 -0.0915047 -0.0305039 0.000492789 -0.123511 0.0431895 -0.147532 0.131442 : 0
-0.0155518 -0.0143464 -0.228694 -1 0.00262891 0.108979 -0.053446 0.333185 -0.08141 : 0
-0.128039 0.191258 0.860368 0.202609 0.504293 0.636786 -0.571091 -0.561592 0.418958 : 0
0.0899264 -0.120869 0.102244 0.439937 -0.0052238 0.779859 0.512756 -0.604551 -0.202168 : 0
-0.0126008 0.0261936 -0.000760321 -1 0.00199709 0.0348522 -0.00641696 -0.0386297 -0.0297669 : 0
0.444416 -0.119271 -0.025867 -0.0506153 0.677514 0.198742 -0.19481 -0.0851409 -0.0539324 : 0.1
-0.710863 0.492312 0.434017 0.0156981 0.319586 0.283979 0.29093 0.0954584 0.306191 : 0.1
0.0564291 0.0169912 0.229306 0.531851 0.0668165 -0.0786518 0.0109524 0.0286814 0.112649 : 0
0.135235 -1 1 0.412579 0.218774 0.195256 -0.330497 0.206188 0.329245 : 0.4
-0.00133234 0.389254 -0.0144038 0.20864 -0.0949635 0.494719 0.239337 0.112716 -0.00214441 : 0.1
0 0 0 0 0 0 0 0 0 : 0.3
0.0932763 0.103681 -0.0222433 0.197343 -0.223582 0.046887 0.206585 -0.138182 0.0107116 : 0.1
-0.023713 0.0721124 0.0242061 -0.0457626 0.0534668 0.18398 0.43057 0.0999514 0.019103 : 0.6
0 0 0 0 0 0 0 0 0 : 0
0.0920758 0.000205036 0.308452 -0.163494 0.016675 0.243187 -0.00111746 -0.00132058 -0.000149176 : 0
-0.0522227 -0.0777141 -0.00593912 0.178223 -0.000930765 0.170647 0.182908 -0.350522 0.0834682 : 0.7
-0.701381 -0.0466179 -0.0184928 0.112653 -0.016599 0.0125141 0.0441254 0.071987 -0.300146 : 0
-0.000159066 0.00635966 0.0112835 -0.00593088 -0.0101462 0.00315211 -0.177154 -0.0440049 -0.000338963 : 0
0.194963 -0.0394025 0.0311354 0.550688 0.348389 0.198429 -0.0739415 0.219969 1 : 0
-0.00759596 -0.0289822 0.200212 0.0876102 0.00853136 -4.71869e-05 -0.00855247 -0.0414045 -0.153625 : 0
0 0 0 0 0 0 0 0 0 : 0.3
-0.0838385 0.00886542 1 -0.102857 -0.440857 0.101726 -0.0115105 0.576236 0.0139738 : 0
-0.110109 -0.0468706 0.0574999 0.347445 -0.00611035 0.00207601 0.000932492 -0.2618 0.762759 : 0
0.0483459 -0.000851119 0.277449 0.570528 0.264015 -0.12127 0.386692 -0.000326191 0.00263891 : 0
-0.378477 -0.0528779 1 0.0581905 -0.214173 0.0801296 -0.00114527 0.029188 0.0554249 : 0
0.00997337 0.471609 0.00413671 0.0053718 0.0300241 -0.000691129 -0.012082 -0.27391 0.0273576 : 0
0 0 0 0 0 0 0 0 0 : 0
-0.00776817 0.00964499 0.052618 -0.180573 -0.00214352 -0.117627 0.0234373 0.011985 -0.00230705 : 0
-0.252571 -0.356807 0.393411 -0.0242423 0.312607 -0.0188437 -0.046142 0.000404639 0.0113881 : 0
0 0 0 0 0 0 0 0 0 : 0
-0.991235 0.0047807 0.889566 0.417147 -0.0873775 -0.0726909 -0.117313 0.291655 -0.0657553 : 0.3
0.302092 0.274745 -0.0392354 -0.296611 0.631151 0.133978 -0.308567 0.553409 0.208619 : 0
0.791047 -0.162455 0.064294 -0.0848089 0.106819 0.394725 0.073281 -0.0392046 0.239537 : 0
-0.0383236 0.27098 -0.0149117 0.0170985 0.0058077 0.0945517 -0.0502245 1 0.00310736 : 0.3
-0.000189937 0.0868957 -0.0161439 -0.0243669 -0.184714 0.0627281 0.13432 -0.150368 -0.00940187 : 0
0 0 0 0 0 0 0 0 0 : 0.6
-0.151577 0.549776 0.0477714 -0.0909096 0.188856 -0.579758 -0.0090722 0.190872 0.035747 : 0
-0.207906 -0.084537 0.812972 -1 0.360112 -0.118479 0.111185 0.127444 0.279721 : 0
-0.0513145 0.294744 0.0976075 -0.108057 0.320358 0.120869 0.0600006 0.00806544 0.752656 : 0
-0.000333065 -0.017172 -0.00154083 0.126055 -0.19713 0.0620785 -0.122135 0.000431732 -0.00960272 : 0
-0.283864 0.592604 -0.0466652 -0.100221 0.0309495 0.0580346 -0.0776955 1 0.233994 : 0.3
-0.123727 0.371653 0.11617 -0.0301902 0.0483104 0.199037 -0.02104 0.520027 -0.734366 : 0.4
-0.215431 0.156238 0.633613 -0.195878 0.00582563 -0.156859 0.581544 -0.0913635 -0.396423 : 0
0.89244 0.0453275 0.299589 -0.174962 -0.0267254 -0.19097 -0.0169399 0.860313 -0.0255195 : 0
-0.597181 -0.0671398 -0.303755 -0.549699 0.133139 -0.170913 0.240303 -0.0999723 -0.257532 : 0
-0.416147 0.188721 0.255461 -0.0356234 -0.397583 0.0120932 -0.035371 0.00356675 0.0164701 : 0
0.0113857 0.321562 -0.225716 -0.781154 0.241313 -0.0124399 -0.022012 -0.205005 0.165077 : 0
-0.152085 -0.187127 -0.0632125 0.100733 0.0016778 0.826878 -0.00641898 -0.134191 0.00216717 : 0
0.0126085 0.0028841 0.0554066 -0.957625 -0.000729464 -0.00130547 -0.00243174 0.148641 0.0240456 : 0.1
0.0155603 0.0458141 0.103786 -0.0346401 0.00200128 0.0629071 0.0178953 0.146174 -0.000683874 : 0
-0.200778 0.113548 0.00156233 -0.108558 0.642647 0.0214902 0.0216481 0.357594 0.0996413 : 0.2
0.280147 0.127086 -0.0152107 0.342518 0.161853 0.00947412 0.0332704 0.0160513 0.27065 : 0.1
-0.149272 0.663541 0.0443771 -0.986221 0.146821 -0.225643 0.0126425 0.25311 -0.252667 : 0
0 0 0 0 0 0 0 0 0 : 0
-0.254579 0.00468296 0.0518095 -0.0308482 1 -0.0018366 -0.0206344 0.00708853 -0.00386096 : 0
0.00133962 0.0724194 -0.00344071 -0.0493964 0.0463946 0.0263683 0.124017 0.89567 0.199298 : 0.1
-0.0645636 0.0992509 0.0702645 0.185315 0.0248734 0.0465462 0.629705 0.122703 -0.137962 : 0
0 0 0 0 0 0 0 0 0 : 0
0 0 0 0 0 0 0 0 0 : 0
-0.0475614 -0.126688 0.849296 0.186893 0.0266734 0.0872887 0.133038 -0.251057 0.687169 : 0.2
0.502504 0.0225155 0.0818379 0.00476808 0.751625 0.0056769 -0.0177278 0.0540675 0.00841374 : 0.1
0 0 0 0 0 0 0 0 0 : 0.1
0 0 0 0 0 0 0 0 0 : 0
0 0 0 0 0 0 0 0 0 : 0.5
0.394191 -0.715986 0.0420425 -0.0913425 0.0011071 -0.212954 -0.00878642 0.145359 0.252081 : 0
-0.0355548 0.0577398 0.0130947 0.0150769 -0.0290134 -0.148189 0.0845346 0.0719548 0.618559 : 0.6
0.0853702 0.862381 0.518959 1 -0.0016131 -0.152871 0.364868 0.000123774 -0.00183965 : 0
-0.159177 0.668195 0.0136136 0.0690912 0.0581535 0.158502 0.305803 -0.210274 -0.0140707 : 0.1
-0.00969096 0.0182955 -0.126711 0.00428193 -0.0181018 -0.0961092 0.0190382 -0.0352012 0.0138198 : 0
0.069671 0.00396299 -0.0157216 -0.00734229 -0.0613896 0.092327 -0.137643 -0.0383269 -0.00758182 : 0
0 0 0 0 0 0 0 0 0 : 0
0.572785 0.367998 -0.0877783 0.321787 0.349343 0.0698461 -0.153674 0.242894 0.434379 : 0.2
-0.170713 -0.000202057 0.000443262 -0.137624 0.33866 -0.0374078 0.109008 0.00522374 -0.079795 : 0
0.398775 0.00368418 -0.0231922 -0.168304 0.119738 0.0185029 0.00582135 0.170937 0.0018493 : 0
-0.0488569 0.0829782 -0.00365346 0.00418049 0.116796 -0.950296 -0.0393567 -0.133335 0.0718715 : 0
0.466358 0.0514334 0.737834 -0.687944 0.448876 0.0972298 -0.0396662 0.25067 0.138015 : 0
0.0625892 0.0665115 -0.0738314 0.206141 0.106538 0.166349 0.427886 -0.622188 -0.582474 : 0
0.00102158 0.0308594 0.0628164 0.00600591 -0.0327815 -0.00134938 -0.0210127 0.0959409 -0.00161526 : 0.4
0 0 0 0 0 0 0 0 0 : 0.1
0.016429 -0.14011 0.0198674 0.125199 -0.0357334 -0.130513 0.127814 0.19793 0.9648 : 0.3
0.743732 0.15015 0.0471167 -0.12691 0.00818618 1 0.0689799 0.934614 -0.0332421 : 0.3
-0.0972284 0.0255196 -0.0262215 -0.163234 0.221331 -0.611119 -0.062539 0.753575 0.0277777 : 0
-0.00173436 0.128422 0.0297778 0.0115054 -0.0376474 -0.0025053 0.336919 0.0671082 0.907129 : 0
-0.0540815 0.0719764 0.0716929 -0.251039 0.0599258 -0.000765838 0.823067 -0.000153016 -5.24731e-05 : 0
-0.326252 -0.343013 0.458334 0.227027 0.0942096 0.158119 -0.0197364 0.00359226 -0.0861727 : 0.4
-0.118702 0.0177757 0.00769801 -0.131381 -0.00653438 0.0885297 0.0135332 0.679658 -0.364738 : 0
0 0 0 0 0 0 0 0 0 : 0.1
0 0 0 0 0 0 0 0 0 : 0.3
-0.018903 0.381821 -0.0244016 -0.156924 0.00850785 0.15888 -0.0476384 0.861165 0.00180373 : 0
-0.0537709 -0.170026 -0.0827111 -0.13025 -0.0892679 -0.161941 0.103441 -0.0596151 0.191224 : 0.6
-0.00134964 0.417451 -0.0239775 -0.229179 0.0882231 -0.0572264 0.106843 -0.0595814 -0.0138413 : 0
-0.0185485 0.024051 0.229503 -0.294421 0.526791 0.31955 -0.00108957 0.305248 -0.00259241 : 0
0 0 0 0 0 0 0 0 0 : 0
0.186073 0.012709 0.159743 0.0256592 0.0472634 1 -0.00993215 -0.0108277 -0.000814915 : 0.6
0.574476 -0.0337954 0.658445 0.179357 0.573467 -0.283087 -0.0568788 0.00898819 0.00192671 : 0
-0.691825 0.0142318 0.20737 0.0340256 0.215361 -0.164006 -0.0743454 0.505472 -0.336417 : 0
-0.00117368 0.11379 -0.0139295 -0.0416149 -0.118821 0.0481632 0.116462 -0.0563268 -0.0571553 : 0
-0.19019 0.0128526 -0.103169 0.0104004 -0.0142691 -0.326756 0.0110499 -0.0177802 -0.0574239 : 0
-0.0577564 0.0304868 0.0300147 -0.691809 0.000106968 0.00793884 -0.00267995 0.0689857 -0.20678 : 0
0.169537 0.117091 -0.172507 0.111859 0.0207233 -0.157281 0.2645 0.620175 0.0985442 : 0.5
-0.0374775 0.108307 0.180115 -0.141706 0.420478 -0.467737 0.454951 0.038436 -0.0576015 : 0.1
0.0265783 0.238934 0.00346081 0.144472 0.0013738 0.0165885 -0.00379367 -0.0941094 0.00826534 : 0
0 0 0 0 0 0 0 0 0 : 0.4
-0.00506943 -0.390841 -0.0371109 -0.0616159 0.0320426 0.53243 0.381286 0.162401 -0.157473 : 0.4
0 0 1 0 0 0 0 0 0 : 0
-0.330815 0.408292 0.388732 0.38199 0.0539923 0.0282817 -0.0431516 -0.00110283 0.02502 : 0.1
0.0122343 -0.184132 0.0447021 -0.0290639 0.00344529 -0.161127 0.226609 -0.213591 0.668921 : 0
0.103007 -0.214184 0.543271 0.535361 0.000123097 -0.00986961 -0.0840346 -0.00660004 -0.000933699 : 0
0.103378 0.106107 0.0190043 -0.00817742 0.0859321 -0.00079073 0.0876379 0.0862516 -0.00804103 : 0
0 0 0 0 0 0 0 0 0 : 0
0 0 0 0 0 0 0 0 0 : 0.1
-0.326237 -0.0168344 -0.000215565 0.00990264 0.204895 -0.00125697 -0.0145592 0.00265667 0.00289198 : 0.1
-0.00433629 0.0245417 0.11737 -0.000690155 0.190815 0.0530033 0.00696442 -0.304533 -0.000686721 : 0.1
0 0 0 0 0 0 0 0 0 : 0.2
0.211512 -0.028186 0.00346375 0.148167 0.195295 -0.291104 -0.0328951 0.0626898 -0.11228 : 0.1
0.0391028 0.379024 0.0359488 -0.0123404 -0.0981909 0.0429875 -0.0799807 0.0782198 0.50766 : 0
0 0 0 0 0 0 0 0 0 : 0.4
0.274049 -0.0840895 -0.0360086 -0.0762544 0.0327554 -0.0211714 -0.273586 -0.00277376 0.0214348 : 0.2
-0.171967 0.0245742 0.51727 1 -0.00234808 0.0701625 0.367513 -0.00665842 -0.759621 : 0.1
1 0.177863 0.421559 0.0674867 0.0450349 -1 0.694597 0.812146 0.933387 : 0
0.203962 0.271884 0.0783151 0.0783868 -0.111077 -0.103313 -0.346946 -0.272842 -0.28738 : 0.1
-0.139297 0.389501 -0.124042 -0.132919 0.225756 0.0312425 -0.0822138 0.2936 0.0155725 : 0
0.0217709 -0.0228486 -0.0696024 0.16984 0.28895 0.00439942 0.00906744 -0.165623 0.1227 : 0.4
-0.0300831 0.00313755 -0.0820695 -0.00989664 0.733523 -0.0358895 0.524689 0.311489 0.104928 : 0.1
-0.113668 0.119307 0.491586 0.847077 0.291934 -0.115745 -0.00593267 0.0688679 0.00300282 : 0.1
-0.737251 -0.0277727 0.00275147 0.168827 0.822581 0.3405 -0.145092 0.0197679 0.0946663 : 0
-0.0333993 -0.082344 0.892 -0.373039 -0.174816 0.016445 0.0162564 0.205483 -0.135274 : 0
-0.157571 0.769037 0.0482729 -0.0243271 -0.120285 -0.118345 0.0404586 -0.231464 0.0356251 : 0
-0.027821 -0.0147215 0.144005 0.554635 0.33089 0.990664 0.285609 -0.0377851 0.189132 : 0.2
0.00376476 -0.00703943 0.0468076 0.0520133 1 0.789834 0.000334755 0.0352853 0.00335403 : 0.2
-0.410685 -0.406546 -0.144398 0.160563 -0.139627 -0.139225 0.119585 -0.0179951 -0.18574 : 0.5
-0.0209509 0.957328 -0.111373 -0.00581439 0.0939799 0.153322 -0.109196 0.00188594 0.0224673 : 0.5
0.152101 -0.0438596 0.0324221 -0.120482 -0.0586031 0.276809 0.16772 0.273519 0.0106295 : 0
-0.105823 -0.0285736 0.566353 -0.310617 0.102055 0.486518 0.0200976 -0.0820255 0.354975 : 0
0.286821 -0.0142629 0.227313 -0.135335 0.00534892 1 0.574152 -0.0946033 0.194427 : 0
0.0440307 0.081452 0.050794 0.200035 0.462012 0.0152223 0.00295707 -0.0440206 0.311716 : 0.5
0.00921974 -0.0535143 0.00156569 0.0483534 0.263618 -0.699997 -0.185963 -0.0132304 0.873664 : 0
0.404136 -0.116426 0.0361341 -0.053902 0.0503844 0.124544 -0.592345 0.45074 0.169503 : 0
0.622318 -0.0547499 0.0117152 -0.0066253 -0.00173501 0.00252084 0.0501319 0.258107 -0.0524815 : 0
0.0982988 0.00358081 0.004434 0.23724 0.018891 0.010633 0.486259 0.0147864 0.163679 : 0.1
0.0971485 0.674761 -0.162596 -0.547944 -0.00808513 0.0321345 0.433695 0.16993 -1 : 0
