-1 0.240802 0.0951756 -0.0756493 0.0382538 0.00778979 0.168644 0.0195252 -0.0588334 : 0
-0.607699 0.433072 0.0969432 -0.43685 0.199264 0.120319 0.0254089 -0.130007 -0.158868 : 0
0.255617 -0.11678 -0.260232 -0.0829741 -0.0240258 0.457785 0.15421 0.468431 0.0430558 : 0.6
-0.509314 0.429921 0.0154491 -0.19682 -0.0267228 0.587255 0.696074 0.0630772 -0.165933 : 0
-0.218292 0.325196 0.262305 -0.266856 0.215667 0.0295767 -0.0169305 -0.00371085 0.10992 : 0.1
-0.42121 0.0707012 0.312194 0.0381419 0.0483312 -0.00435808 0.381158 0.112838 0.00658298 : 0
-0.0402504 -0.537529 0.235478 -0.167568 0.139002 0.155225 0.252535 -0.0125068 -0.0425525 : 0
0.401779 -0.0498495 -0.214474 0.0997316 -0.0936919 0.0640207 -0.0316469 0.0321786 -0.195905 : 0
0.303932 0.0872804 -0.112607 -0.109284 -0.0285018 -0.0650457 0.366108 -0.0417222 -0.0754791 : 0
-0.823745 0.313039 -0.0401013 -0.153854 0.255061 0.668678 -0.0498761 -0.356337 0.150976 : 0.1
-0.0733657 0.780359 0.106222 -0.0792596 -0.0164044 0.039958 0.0285625 -0.0210451 0.13147 : 0.4
0.10808 -0.494473 0.120664 0.14319 -0.881233 -0.00407105 -0.116964 0.159285 0.149856 : 0
-0.0200592 0.28613 0.330508 -0.0716883 0.802771 0.305726 0.0138409 0.196462 0.583943 : 0.1
-0.0580117 -0.0209546 0.103863 0.160406 0.0949747 -0.0747246 -0.0448215 0.0497208 0.1046 : 0
-0.0133514 0.262367 0.0323852 0.149014 0.490967 0.357559 0.155539 0.160271 0.109877 : 0.1
-0.281907 0.0813116 -0.769972 0.0794109 -0.498592 0.0105448 0.0795293 -0.502077 -0.873757 : 0
0.105546 0.0641965 -0.0664279 0.188158 -0.0699294 -0.146772 0.229883 -0.00043948 0.395832 : 0
0.141106 0.472447 0.473713 -0.306762 0.108427 0.163253 0.136839 0.079996 -0.0359546 : 0
0.497339 0.181184 0.273963 0.0527691 0.314744 0.438424 0.365619 0.00271744 -0.0306872 : 0.1
0.452648 0.111211 0.432404 -0.226875 0.29028 -0.213269 0.34303 0.0436091 0.115654 : 0.3
-0.0227605 0.0974965 0.380036 -0.214068 -0.163054 0.0671714 0.207502 0.970804 -0.126608 : 0
0.0912118 -0.0330408 0.00108337 0.165917 -0.0407113 0.0142246 -0.0834398 0.0885899 0.0271206 : 0
-0.259451 -0.157651 0.265079 0.571415 0.278612 -0.165041 0.00273324 -0.145618 0.135398 : 0.1
0.469797 0.695109 0.5019 0.0741194 0.0978307 0.123565 -0.271062 -0.00072819 0.00354377 : 0
-1 0.0101783 0.00747463 0.0573073 -0.0805991 -0.452228 1 0.662129 0.0294527 : 0.1
0.0211278 0.0937384 0.0187098 -0.769702 -0.0613801 -0.0495694 -0.189265 0.820625 0.0221669 : 0.4
-0.129024 -0.489979 0.430654 0.69014 0.354615 0.0103805 0.2221 0.0775924 0.375168 : 0.1
0.00604352 0.179773 -0.000501364 0.171206 -0.0400845 0.715254 0.144993 0.337426 0.110699 : 0.4
-0.328888 0.0834815 0.00218076 -0.0643076 -0.499156 0.282653 0.53421 -0.383732 0.180991 : 0
0.175645 -0.00337696 0.0973444 0.187216 -1 0.0478185 -0.271267 0.102569 0.433311 : 0
0.0173913 -0.0109432 0.339933 0.261001 0.0179719 0.0908537 0.037369 0.0565701 -0.152353 : 0.3
-0.0190857 0.578231 0.21834 0.0285759 0.481203 0.0663556 -0.229757 0.0211159 0.361859 : 0
-0.117529 -0.169895 0.23397 -0.0182383 0.327267 -0.790367 0.0390028 0.218787 0.228765 : 0.5
-0.0134711 -0.126451 0.766394 0.262521 -0.400937 -0.403161 -0.258785 0.245188 -0.146356 : 0
-0.0714801 0.232963 -0.0109569 0.0325969 -0.634762 0.113893 0.312189 0.0520775 -0.190541 : 0.1
-0.419041 0.335447 0.807662 -0.460726 0.0801104 -0.150304 0.132695 -0.346645 0.275363 : 0
-0.0547451 -0.0949243 0.023002 0.0439795 1 -0.235033 0.179958 -0.0467972 -0.13123 : 0
-0.330678 0.430601 0.175729 -0.0185388 0.0114608 0.51151 0.248839 0.196241 0.0496011 : 0.1
0.307713 -0.163554 0.11113 -0.0929914 0.239839 -0.0891555 -0.0416593 0.0346486 -0.0508697 : 0
0.0643829 1 0.099534 -0.49375 -0.286735 0.0663028 0.0869804 -0.0588028 -0.115118 : 0
0.0176341 0.199077 0.664971 0.83159 -0.00590138 0.204206 0.117585 -0.034253 0.0882116 : 0
0.108258 0.02423 0.221953 -0.323731 0.176262 -0.113259 0.181074 -0.33581 -0.0448717 : 0
0.606276 0.200386 0.137175 0.0493216 -0.474212 -0.467418 -0.214076 0.331798 0.0355538 : 0
0.255939 0.223654 -0.00895669 -0.152874 0.358124 -0.0485259 0.216691 0.19507 0.288421 : 0.1
-0.517114 0.00450148 0.205153 0.240805 0.58092 -0.250739 -0.103587 0.410911 0.230647 : 0.1
0.540077 0.311807 -0.0604465 -0.0410073 0.0114279 0.0796532 0.242661 0.288025 0.0251135 : 0.1
0.167189 -0.0056932 -0.101269 0.224169 0.684206 -0.362568 0.103448 -0.0475207 -0.61552 : 0
0.0994429 -0.299872 -0.229617 0.113986 0.171643 -0.422156 -0.00353713 0.963153 -0.295539 : 0
-0.647713 0.130959 0.350475 0.182664 0.134033 0.625894 -0.229127 0.241009 -0.0580017 : 0.2
-0.144513 0.0868637 -0.0238942 -0.295672 -0.0206106 -0.0285406 0.0264262 0.2838 -0.0360337 : 0
0.0775157 0.0711901 0.0644113 0.0556955 0.387576 -0.128142 -0.405298 -0.00432609 -0.21468 : 0.1
0.29039 -0.620262 0.0627008 -0.298556 0.28712 0.135836 0.123803 -0.0948506 -0.0226454 : 0
-0.0192527 0.252052 0.188285 -0.418271 0.00285864 0.290387 0.309171 0.163574 -0.147743 : 0
0.413985 -0.119932 0.0190898 0.235254 -0.267084 0.106339 -0.136222 0.151705 -0.105682 : 0
0.117321 -0.0403037 0.885783 -1 0.149934 0.153013 0.580204 -0.0482052 0.0808872 : 0
-0.0296544 0.0303676 0.443559 0.225739 -0.132732 -0.442101 0.372204 -0.0314962 0.776669 : 0
-0.0405429 0.077944 0.141675 -0.014781 -0.060176 0.150685 0.0369989 0.106772 0.0179876 : 0
0.328317 -0.821654 0.910604 0.0508617 -0.0957697 0.148372 0.290729 0.338967 0.123147 : 0
-0.107753 0.398733 0.952226 0.322967 0.387608 -0.300598 0.114956 -0.113606 -0.0898154 : 0
-0.0267801 0.359341 0.215237 0.157495 0.486724 0.3853 0.00221567 0.00339462 0.359873 : 0.1
0.0913145 0.330231 0.199939 0.0171751 0.356494 0.347743 0.172023 0.233964 0.157556 : 0
-0.076312 0.212406 -0.0626844 0.435322 1 -0.175455 0.176571 -0.593414 -0.166596 : 0.2
0.325711 0.0990177 -0.0146998 0.156083 0.0261308 0.466704 -0.408944 -0.0368887 -0.0334531 : 0
0.107658 -0.120671 -0.822785 0.527756 -0.117199 -0.144917 0.316138 0.338241 -0.0684578 : 0
0.00574545 -0.076783 0.115901 -0.0713943 0.0941724 0.699621 0.148961 -0.0158172 -0.0276217 : 0
0.435308 0.0716431 0.0325463 0.0469172 0.675962 0.00882906 -0.0684813 -0.133746 -0.0414071 : 0
-0.0111556 0.216837 -0.0847212 -0.0369691 0.332015 0.243041 0.0819765 0.248533 0.215055 : 0
-0.23938 -0.109024 -0.399454 -0.632969 0.645679 -0.15543 -0.00245147 0.134529 -0.189842 : 0
-0.0697505 0.29028 0.0110305 -0.876559 0.10586 0.0797576 0.052653 0.163562 -0.340395 : 0
1 -0.250125 -0.179484 1 -0.166425 0.55746 -0.157312 0.083811 0.00811061 : 0
-0.810238 0.342719 0.625287 -0.194092 0.205316 0.440034 0.0933078 0.147478 0.0334758 : 0.1
0.427163 0.498251 0.685091 -0.253004 0.409243 0.0750738 0.150037 -0.240952 -0.16955 : 0
0.539838 0.178574 -0.303406 -0.168504 0.0542259 -0.217089 0.0833097 0.888356 0.0427542 : 0
-0.287262 0.111894 0.96563 0.209276 -0.36922 -0.0301339 0.0350934 -0.138308 -0.06781 : 0
0.504682 -0.124777 -0.0281199 0.129137 -0.467363 0.0152232 -0.901335 -0.0949364 -0.0967397 : 0.1
-0.320254 0.264957 0.0445699 -0.149935 0.123348 0.745198 0.247912 1 0.112726 : 0
0.598191 -0.0451235 0.421963 -0.199288 0.111427 -0.451545 -0.00872832 0.158653 -0.0993125 : 0
0.0704955 -0.0288914 0.0227239 0.169932 0.0313234 -0.674103 0.0906344 -0.00611866 0.168163 : 0
-0.114459 -0.0784312 0.266503 -0.0688969 0.13311 0.0781414 -0.325081 0.160467 0.0631602 : 0.1
0.186956 0.726583 0.148396 0.356672 0.764577 -0.1069 0.185852 0.112261 0.127824 : 0
-0.228086 0.034605 0.0380476 -0.0213691 0.20883 0.111254 0.296881 0.0668825 0.117333 : 0
0.47713 0.281211 0.141977 -0.0321138 0.0769627 -0.00641719 0.0102159 -0.18645 0.139949 : 0
0.247862 0.0347756 0.00673626 0.0807614 -0.0353146 -0.11437 0.0813914 0.119842 0.0738629 : 0
0.296632 -0.255849 0.000209838 -0.191237 -0.673375 -0.684357 -0.457614 0.0424375 -0.260559 : 0
0.0526029 -0.0670435 0.0108321 0.136922 0.419047 0.165858 0.11336 -0.0587879 -0.0960565 : 0.1
0.364351 0.248443 0.24135 -0.0758465 -0.228341 -0.248032 -0.118896 -0.0195189 -0.020845 : 0
0.0946071 0.130201 0.00138313 -0.0858942 -0.270394 0.106414 0.356034 -0.248226 -0.0612399 : 0
0.122714 -0.135987 0.035635 -0.527769 -0.0903979 0.612781 0.188855 0.457295 0.128863 : 0.1
-0.0524021 -0.254378 -0.0829121 0.0107859 -0.499319 0.311679 -0.115212 -0.297504 0.275387 : 0
-0.069611 0.0476325 0.096506 0.0887426 0.0451249 0.0268916 -0.09846 0.164985 0.0859175 : 0
0.228742 0.589945 0.16441 0.0143015 0.264141 0.0299425 0.131712 0.101845 0.0542228 : 0
0.11546 0.152484 -0.175233 0.138686 0.0916449 0.430684 0.282792 -0.0412661 0.243687 : 0.1
0.046966 -0.146571 -0.265531 -0.114325 0.602925 0.0488896 0.0567954 0.432826 -0.400072 : 0
0.165078 0.189148 0.0423044 0.193548 -0.0518341 -0.360462 0.0301734 0.98902 0.0656405 : 0
-0.316374 -1 0.051694 -0.00363675 -0.154363 0.0714889 -0.00322348 -0.250487 0.164819 : 0.1
-0.0765085 0.0794025 0.546745 -0.266127 1 -0.00346002 -0.0176094 -0.0587789 0.0301183 : 0.1
-0.0113274 -0.06557 0.254187 0.105014 0.364313 -0.2719 0.117507 0.345355 0.0410182 : 0
0.369814 0.0529819 0.107176 1 0.147416 0.96665 0.123229 -0.0636631 0.0460087 : 0
0.159148 0.238821 -0.150663 0.590924 0.0261301 0.245751 0.370753 0.0522962 -0.118509 : 0
-0.0505707 0.677602 0.0340101 0.0750155 -0.0191689 0.408051 -0.472625 -0.104057 0.236438 : 0
0.307285 1 0.0436863 -0.654761 -0.189505 -0.275323 -0.103907 -0.0334708 -0.119088 : 0
-0.554389 0.100154 -0.475898 -0.102765 0.352145 0.639194 -0.0848218 -0.0799485 -0.195103 : 0.3
-0.0809245 -0.269621 -0.00171152 -0.0269648 -0.0566856 0.0257051 0.505518 -0.0913908 0.503204 : 0
-0.956084 0.0246722 -0.0928873 0.138559 -0.953163 0.03242 0.0824241 0.239095 0.0682835 : 0
0.113138 0.194528 0.133804 -0.00472699 -0.122211 -0.273937 0.265987 0.115642 0.020329 : 0
0.0250319 0.0039956 0.362984 -0.0429788 0.802462 -1 -0.069777 0.0471742 0.108928 : 0
-0.866542 0.369971 0.190293 -0.0899693 0.423835 -0.0301449 0.180692 0.533523 0.71284 : 0
0.293753 0.271994 -0.00474441 0.0960058 0.0905952 0.353107 0.022808 -0.0662536 0.128185 : 0
-0.178705 0.379787 -0.0463121 -0.263902 -0.378239 -0.166654 0.113326 0.103658 -0.00685805 : 0
0.267039 0.13976 -0.288088 0.420261 -0.185043 0.137328 0.0652609 0.265909 -0.107433 : 0
0.0104808 0.144702 -0.226874 -0.710021 -0.402768 0.163243 0.186656 0.293598 0.0328418 : 0
-0.0249097 0.48261 -0.215557 0.215235 0.0154341 -0.00821271 0.217588 0.0198969 -0.191583 : 0
0.518204 0.465129 0.27818 0.00765925 0.58858 0.393502 0.0601241 0.130431 -0.495395 : 0.3
-0.147927 1 -0.166304 0.248998 0.0218545 0.426035 -0.112562 0.00041873 0.0599827 : 0.1
0.306392 0.652064 -0.0234544 -0.405082 -0.244524 0.147225 0.346132 -0.144433 -0.162133 : 0
-0.217811 0.421144 -0.111751 0.459831 0.0488092 -0.194988 -0.00612014 0.130724 0.0782072 : 0
0.393503 -0.20095 1 -0.0125598 0.126854 0.0569819 0.171118 -0.0875311 0.140417 : 0
0.348963 0.0259925 -0.18375 -0.103425 -0.0720189 0.348335 0.462878 -0.115684 0.0172559 : 0.3
-0.146291 0.0680279 0.386826 -0.639219 0.362879 -0.229673 0.586566 -0.108117 -0.0374429 : 0
0.00256504 -0.221669 -0.0342132 -0.232947 0.608747 1 0.296522 0.145475 -0.215486 : 0
0.0401152 0.328624 -0.0340282 -0.234255 0.443964 -0.177632 -0.792555 0.121235 -0.0890884 : 0
0.142464 -0.451413 -0.0281637 0.178525 -1 -0.203621 0.0652175 0.0523314 0.108988 : 0.5
0.0723203 -0.135648 -1 0.0823744 0.973437 0.117195 0.0468576 0.00356879 -0.0955083 : 0
0.070557 0.215139 0.0721916 -0.227864 0.403965 -0.348052 0.096605 -0.31926 -0.129601 : 0
-0.113459 0.363192 -0.153174 -0.133212 -0.00650539 -0.0340694 -0.179585 -0.0188652 0.125561 : 0.1
0.114649 -0.207009 0.21099 -0.260207 -0.160517 0.040083 0.189282 -0.209739 -0.161588 : 0
-0.279836 -0.0640371 0.0391809 0.302651 -0.0938551 0.0623561 -0.196075 0.35702 -0.0971593 : 0.1
-0.598956 -0.0639211 0.454616 -0.0638661 0.0847049 -0.127362 0.274729 -0.104049 -0.010467 : 0
0.0427349 0.130428 0.34268 0.274809 -0.0861077 0.356148 -0.0800822 0.451331 0.031557 : 0
0.0327998 0.02769 0.0147201 -0.23637 -0.140893 -0.262963 -0.119311 -0.0541469 1 : 0
0.0366247 -0.07428 -0.0360758 0.188767 0.785136 -0.325586 -0.150885 -0.194216 0.123205 : 0
-0.044093 0.1585 1 -0.0904792 0.643966 0.239646 0.353973 -0.0510607 -0.331839 : 0
0.420359 0.33904 -0.696572 0.421318 -0.239432 -0.0128264 -0.0691512 -0.220117 0.523478 : 0
0.0657457 0.215383 -0.00873707 -0.0556254 0.0983277 -0.197875 0.234431 0.988895 -0.269013 : 0.3
0.0678378 0.156611 0.482633 0.170389 0.191517 0.425166 -0.161125 0.00408716 0.190819 : 0
-0.172283 0.710857 0.271984 -0.272204 -0.836109 -0.374454 -0.170621 0.0720315 -0.237808 : 0
0.0553861 0.0895127 -0.0419698 -0.0434423 -0.278917 -0.64312 -0.0781438 0.0159351 -0.0175267 : 0
-0.192849 0.0250732 0.428172 -0.985022 0.86687 -0.225548 0.0216692 0.577806 -0.189304 : 0
-0.267763 -0.464635 -0.219171 -0.908129 -0.185016 0.320825 0.653259 0.193896 -0.338886 : 0
-0.113489 0.0668606 0.486379 0.283157 0.0952916 -0.149798 -0.0570969 0.165799 -0.112461 : 0
-0.0400056 0.00854533 0.0504927 0.121431 0.142154 0.69634 0.191038 0.379441 0.0087676 : 0
-0.21044 0.647689 0.222991 -0.0597282 0.462111 -0.0405893 -0.0187959 0.345751 0.155067 : 0
0.138359 -0.154764 0.051596 0.0437909 0.137287 0.159202 0.0271973 -0.0759403 -0.380531 : 0.2
0.181479 0.228929 -0.606068 0.270838 0.510967 -0.105355 -0.502682 0.0261696 -0.00711365 : 0
0.183476 -0.212635 0.27411 0.394546 0.528467 -0.710579 0.0858753 -0.0544021 0.0622079 : 0
0.161566 0.527067 -0.240197 -0.343779 0.0633634 -0.0454609 0.450368 -0.358829 -0.105218 : 0
-0.00124967 0.107902 0.0581754 0.206578 0.181783 -0.0847911 -0.23064 0.13472 0.496615 : 0
-0.185582 0.489363 0.286802 -0.0321258 0.00434265 -0.112994 0.543123 0.0825799 0.00931454 : 0
0.604225 0.0390033 0.0164562 0.156081 -0.0335732 -0.149316 0.42465 -0.0317708 1 : 0.1
-0.287484 -0.181066 0.108585 -0.0770882 0.29582 0.267591 0.0258322 1 -0.0209662 : 0
0.155597 -0.435075 -0.46011 -0.0619581 -0.12408 -0.18036 0.0497251 0.0513783 0.381361 : 0.1
0.33694 0.122984 0.121198 0.151043 0.381227 -0.0520529 -0.120118 0.119244 0.233429 : 0
-0.0397807 -0.0365393 0.381581 -0.391225 -0.293184 -0.00603564 0.0911101 -0.00378256 1 : 0
0.0320711 0.37725 0.422308 0.264709 0.311276 0.123338 0.72093 -0.223771 0.0931484 : 0.1
0.0566948 -0.0898765 0.0881122 -0.17705 -0.629093 0.132913 0.162065 0.059838 0.162811 : 0
-0.177803 0.0686421 0.460774 0.0530174 0.216831 -0.177113 0.449734 -0.401771 -0.0240748 : 0.1
0.374299 0.285553 0.214152 0.27497 0.0293934 -0.424844 0.222183 0.0237914 -0.0909808 : 0
-0.0612907 0.941252 -0.0820914 0.166566 0.126294 -0.0419841 0.525079 0.701034 -0.0206139 : 0
0.0700074 0.273279 -0.102703 -0.842892 -0.0277277 0.0364468 -0.000294626 -1 0.0821828 : 0
0.0216868 0.088756 0.635367 -1 0.130934 -0.0679191 -0.59584 0.103346 0.0625329 : 0.1
-0.0941236 0.0499256 -0.0880121 -0.867786 0.116985 -0.0866851 -0.511914 0.0742562 0.350143 : 0.1
0.198657 -0.26519 -0.0594403 -0.795595 -0.179984 0.241505 0.524103 0.0403142 0.172291 : 0
-0.201695 0.221947 0.173132 0.0318363 -0.413395 0.378479 0.0386102 0.341863 -0.338121 : 0.1
0.261579 0.293157 -0.0649252 -0.964044 -0.481451 0.0413507 -0.381785 0.0527638 -0.317256 : 0
0.122805 0.0850637 -0.421611 0.379432 0.367821 -0.0424942 0.0124734 0.689249 0.158623 : 0.1
0.206011 0.202373 -0.14785 0.12827 0.0274566 0.0284794 0.308911 0.0116029 0.147261 : 0
-0.0556209 -0.226169 -0.3712 0.0588799 0.191294 0.0427659 -0.126484 0.0282345 0.169685 : 0
0.182469 0.0513654 -0.40513 0.653449 -0.0352284 -0.153149 0.0847124 -0.30789 0.0737449 : 0.2
0.0451592 -0.035375 0.336435 0.0289528 -0.157973 0.275994 0.154517 -0.0062556 0.183548 : 0.1
-0.153186 -0.403658 0.0403381 -0.180683 0.0196421 -0.271978 0.0334718 -0.0158325 0.402242 : 0
-0.104148 0.546097 0.133313 -0.0299312 0.132008 -0.587917 0.18236 0.08566 0.318751 : 0
-0.00281256 -0.138233 -0.182089 0.151965 0.46179 0.877373 -0.00120601 0.0790501 0.222142 : 0.3
0.0948404 -0.155413 0.116764 0.23083 -0.289279 0.254076 0.369787 -0.0582365 -0.0629296 : 0.7
0.0242737 -0.0244394 0.0984009 -0.105571 0.0212272 0.731114 0.115986 0.0153218 0.176771 : 0.5
0.115112 0.119715 -0.106257 -0.163602 0.632099 -0.330319 0.145344 -0.151972 1 : 0.3
-0.0774859 0.58458 0.091779 0.0582967 0.235004 0.187538 -0.00178683 0.608583 -0.368752 : 0
0.0670777 -0.017996 0.00747786 0.15412 0.0397985 0.222879 0.0798451 -0.0968083 -0.215272 : 0.1
-0.0794528 0.292633 -0.0415633 0.409945 0.336843 0.262636 0.00481648 -0.108361 0.0777655 : 0
-0.000584841 0.113361 -0.111044 0.0494827 0.14604 -0.0141815 0.781703 0.178913 0.0705297 : 0
0.0710081 0.0784719 0.029349 0.393855 0.122279 0.342604 0.0352275 -0.0153957 -0.488385 : 0
0.130443 -0.298137 0.409925 0.0337353 0.0143888 0.0637093 0.136025 -0.309576 0.226817 : 0
0.635031 1 -0.0779973 -0.32145 -0.116771 0.0418274 0.0836159 -0.187423 0.0268702 : 0
-0.172688 0.30912 -0.0680681 0.202797 -0.401084 0.397711 0.106005 -0.0068778 0.190372 : 0.1
-0.0271739 -0.100803 0.591354 -0.252488 -0.128246 0.1867 0.0675249 0.132147 1 : 0
0.40912 0.127924 -0.354196 0.0282204 0.261083 -0.00314113 0.0687069 0.627501 -0.074869 : 0
0.183888 0.634351 0.0147497 -0.534086 0.00567939 0.582683 0.16603 0.199179 0.125406 : 0
-0.180858 0.19691 -0.0193101 0.376159 -0.13769 -0.0924992 0.0459525 -0.391327 -0.0488925 : 0
0.096475 -0.126662 -0.719712 0.307223 -0.130587 0.00563847 0.0790426 0.165396 0.011795 : 0
0.308384 -0.0282754 0.337704 0.126725 0.500723 -0.000363708 0.382639 0.224572 -0.125051 : 0
0.0964562 0.0725115 0.230236 -0.103442 0.0595522 0.0858904 0.300302 1 -0.022737 : 0.1
0.0796896 0.0579665 0.879049 -0.0456659 0.139145 -0.187123 -0.0996962 0.96641 -0.0663461 : 0
-0.58567 0.142374 0.119665 0.197068 0.602361 -0.295613 -0.318828 0.133601 0.0907367 : 0.1
0.122089 -0.0741897 0.129749 0.414647 0.0424315 -1 0.0985826 0.539148 0.16913 : 0
0.357363 -0.259774 0.285422 -0.16873 -0.0847856 0.353591 0.878415 -0.0112543 -0.213581 : 0
-0.325344 -0.167665 0.453118 0.273531 -0.100865 0.279499 -0.0918156 0.139828 -0.136499 : 0.3
0.682471 0.530299 0.0420573 0.189875 0.153258 0.0937487 -0.063064 -0.021059 0.649107 : 0
0.297171 0.569783 -0.16413 -0.342077 0.421673 0.00985952 0.145658 -0.211071 -0.16603 : 0.1
0.0132556 -0.106582 -0.0920092 -0.165435 -0.153675 0.0671253 0.581969 -0.272397 -0.57623 : 0
-0.143948 0.0559397 -0.139905 0.143712 0.119028 -0.398989 -0.0658716 0.00248807 0.189065 : 0
0.438014 -1 -0.138194 -0.0911119 0.0916851 0.0820283 -0.367423 -0.0364907 0.153377 : 0.1
0.247755 0.277338 -0.321598 0.418263 -0.0638495 0.236405 0.0406969 -0.423564 0.194699 : 0
0.483553 0.34011 0.304776 0.56203 0.233578 -0.186231 0.252559 -0.133573 -0.203444 : 0
-0.446012 0.0337089 0.174502 -0.21614 0.136479 0.010705 0.0498235 -0.0206318 -0.0184352 : 0
-0.045076 -0.16071 0.273298 -0.0561555 0.383858 -0.183328 0.00702325 -0.0492045 -0.195161 : 0.1
0.00924015 -0.203789 0.163009 0.258714 -0.176603 0.5027 -0.235873 0.000357425 -0.0447176 : 0
0.0169165 -0.048226 0.10325 0.586466 0.120383 0.258737 -0.175372 0.454607 -0.029231 : 0.1
0.12642 -0.0741735 1 0.124046 0.127705 0.273884 0.198112 0.103937 0.0299994 : 0
-0.0639238 0.418188 -0.101699 0.0836411 0.030744 0.146743 0.0157201 0.170334 0.117994 : 0
0.493992 0.0554912 0.404256 1 0.60451 0.412526 0.0192149 0.299121 -0.116063 : 0
0.0925358 0.420928 0.0540954 0.0608487 0.375575 0.00456397 0.722632 0.807254 0.0497887 : 0.1
0.155005 0.0528814 0.485892 0.0905463 -0.0237533 0.133474 0.231116 0.102563 -0.0905185 : 0
0.0723068 -0.02682 -0.00273939 0.0838449 -0.21514 0.236132 0.63422 -0.0108202 -0.0900328 : 0
-0.140849 0.563455 0.0736451 -0.0166486 0.20597 -0.123639 -0.00290084 -0.0481895 0.150617 : 0.3
-0.132024 -0.501026 0.176505 -0.587424 -0.0803834 -0.374186 0.01234 -0.814114 -0.00246207 : 0
-0.23395 0.833711 0.131027 0.112897 -0.314927 -0.120571 0.289969 -0.112033 0.0821289 : 0
0.0253776 -0.211348 0.106736 -0.158094 -0.0755096 0.15815 0.0225837 -0.12619 -0.242331 : 0
-0.352594 -0.477327 0.617058 0.165287 0.0168163 0.260929 -0.330575 0.311344 0.0313902 : 0.2
0.176751 0.647412 -0.0255019 -1 0.249911 0.140855 -0.203922 0.0167424 -0.212698 : 0
-0.0899774 -0.217312 0.048998 -0.187247 -0.364904 0.0840621 0.0532718 0.348928 0.388405 : 0
0.113066 0.261177 -0.0949228 1 0.206925 -0.531334 0.535798 0.600172 0.257965 : 0
0.454822 -0.316514 0.0600774 0.164767 0.39055 -0.772709 -0.157402 -0.275469 0.0306938 : 0
0.185223 0.120218 0.124641 0.260384 0.366692 -0.755522 -0.115562 0.151638 0.0977612 : 0
0.243727 0.359003 1 -0.694993 0.261667 0.251084 0.0440982 -0.0307791 -0.859566 : 0
0.215773 0.120365 0.211717 0.275968 -0.0917833 0.625117 0.165741 -0.282904 0.0887037 : 0
0.11351 -0.0766781 0.192606 -0.197892 -0.173095 1 -0.145821 -0.0518869 0.484689 : 0
0.0545306 0.40429 -0.256445 0.0801313 0.0631548 0.41149 0.520288 -0.0204125 -0.140728 : 0
-0.126692 -0.0341457 -0.104974 0.276946 0.486914 -0.370222 -0.113224 0.758042 0.219844 : 0.1
-0.334152 0.26742 -0.0582582 -0.505001 0.280874 0.294615 0.319682 -0.214844 -0.0797893 : 0.1
0.00218768 0.496903 -0.0292062 -0.109055 -0.0359904 -0.218536 0.5986 -0.0191553 -0.0937321 : 0
0.207302 0.966239 0.122692 -0.0821135 0.272514 0.0874733 0.252375 0.531034 0.186869 : 0.1
-0.0102099 0.10635 0.880024 0.0351406 -0.0235311 0.169544 0.031983 -0.0746612 0.273725 : 0.3
-0.437252 0.0845194 -0.0108606 0.0950784 -0.0667226 0.00356993 0.00867679 0.152889 -0.072102 : 0
0.0441812 -0.186788 0.200913 -0.269586 -0.0673111 -0.142069 0.0160684 -0.053109 0.3569 : 0
0.208302 -0.260526 -0.0108254 0.114719 0.208063 -0.234225 0.466098 1 -0.0788635 : 0
0.196198 -1 0.0471044 -0.0860895 0.256314 0.0476397 -0.170272 -0.0743729 0.0810337 : 0
-0.264263 0.339001 0.423088 0.64757 0.262503 -0.019266 0.359075 -0.607455 -0.104061 : 0
0.00182378 0.0509466 -0.188181 0.153245 -0.298514 0.0138667 -0.104481 0.0245873 0.797633 : 0
-0.509386 -0.0521666 0.0423253 -0.136298 0.241485 -0.470407 -0.062574 0.118552 -0.0459077 : 0.1
0.074091 0.141005 0.0334866 1 0.142831 -0.122749 0.151235 -0.202123 -1 : 0.2
-0.142285 0.300211 -0.138968 0.162711 0.044087 0.244801 0.123697 0.0160985 0.215365 : 0
-0.623121 0.210009 0.146541 -0.452303 -0.397287 -0.309889 0.0243262 0.084561 -0.103049 : 0
0.113153 0.23501 -0.182086 -0.200527 -0.0793945 -0.0993001 0.0724707 0.400893 0.081092 : 0.1
0.390176 -0.136523 -0.0725765 0.763975 0.0299493 -0.0354888 0.0826056 -0.00818355 0.0726639 : 0.3
0.0809379 0.126993 -0.045197 -0.106594 0.0803783 0.0750766 0.0487778 -0.363117 -0.248573 : 0
0.348558 0.253503 0.505998 -0.127357 0.106453 0.068624 0.317262 -0.248695 0.0688145 : 0.1
0.500346 -0.175866 -0.116408 0.089553 0.267094 -0.512801 0.130499 -0.0418667 -0.0101753 : 0.1
-1 0.446246 0.109846 0.0081492 0.0123877 0.0587744 0.50057 0.236832 0.0582502 : 0
0.275463 0.174572 -0.00707202 -1 -0.501248 0.148865 0.132222 0.439877 -0.114355 : 0
-0.0648977 -0.000261411 0.154103 -0.108665 0.0288741 0.0977212 0.235124 1 0.277463 : 0.3
-0.862079 0.212607 -0.00477228 -0.0427136 -0.18384 0.349883 0.176396 0.111914 -0.0367944 : 0.1
0.073131 0.0752833 0.162565 -0.498568 0.162399 -0.474234 0.181846 0.173703 0.200089 : 0
-0.379409 0.0645166 0.215458 -0.0483242 0.0059247 0.0630543 0.24245 -0.537827 -0.180795 : 0
0.229394 -0.0242461 0.295735 -0.000673482 0.264831 0.0470145 -0.567215 0.392561 0.433533 : 0.1
0.0254556 0.0785537 -0.213557 -0.0159512 1 -0.0623341 -0.0234962 -0.359513 -0.132446 : 0
0.0672432 -0.121812 -0.125959 -0.548188 0.0716882 0.0157708 -0.0983 -0.118496 0.051959 : 0
0.0967588 0.123637 0.0580696 -0.453855 -0.305229 -0.0938593 -0.0797827 0.419049 -0.203687 : 0
0.000820637 -0.168377 0.00267085 0.596798 0.0349614 -0.959428 1 0.235957 -0.00118343 : 0
-0.42405 0.536685 0.0951253 0.0346871 -0.012927 -0.0660796 0.107773 0.255819 0.155439 : 0
0.0751911 -0.104611 0.0106927 -0.33923 -0.108996 -0.0700909 0.00859164 -0.391627 0.575041 : 0
0.0572928 0.0691532 -0.744181 0.143383 -0.124729 0.143453 0.191094 -0.00638825 -0.0930969 : 0
-0.315193 -0.394269 0.116826 0.774481 0.255728 0.0992134 0.0992976 0.115603 0.148469 : 0
0.386159 0.545046 0.0378416 -0.391825 -0.388453 0.114828 -0.0425859 0.173336 0.0513492 : 0
-0.152283 -0.0755876 0.367276 0.262005 -0.130461 -0.0469858 0.16306 0.41827 0.00689431 : 0.1
-0.0980293 -0.463759 0.00346443 -0.0890369 0.16597 -0.144881 -0.153224 0.102852 -0.445567 : 0
0.130851 0.36896 -0.00384926 0.207802 -0.06327 0.677921 -0.242153 -0.0273254 -0.106999 : 0
0.600086 0.511078 0.135243 0.188598 0.0614493 -0.514518 -0.318292 -0.0188199 0.139868 : 0.1
0.244341 1 0.0358587 -0.00895777 -0.00308322 -0.0207284 0.0925813 0.342982 0.0117005 : 0
0.465543 0.167271 -0.000825878 0.127465 0.0563838 -0.753843 0.675372 0.172061 0.144953 : 0
-0.0265779 0.0586183 0.043913 0.00623988 0.198067 0.648209 -0.00314583 -0.129672 0.127678 : 0.4
0.0140276 0.170025 -0.0539738 0.152487 0.298716 -0.0980017 0.200718 -0.262406 0.105426 : 0.1
-0.439831 0.148201 0.739992 -0.072505 -0.0210508 0.253257 0.794362 0.0781748 0.106284 : 0
0.196296 0.549427 0.281552 -0.100364 -0.132151 0.119086 0.307569 0.0783541 0.293438 : 0.6
0.195227 -0.188797 0.474823 0.192403 -0.0190321 0.288141 0.102438 -0.0823692 -1 : 0.1
0.4714 0.273117 -0.118457 -0.115095 0.634834 -0.0504718 0.156749 0.078401 0.357529 : 0
0.298065 -0.0910712 -0.101763 0.0205119 0.107039 -0.699417 -0.0919411 0.0379147 -0.0483341 : 0.1
0.242586 -0.350644 -0.581771 0.134737 -0.467369 -0.395918 0.306778 -0.109218 0.0864626 : 0
0.278488 0.140382 0.190455 0.160566 0.382851 0.293642 0.116371 0.201984 0.0124366 : 0
-0.17717 0.0626602 -0.15942 -0.644897 0.0641696 -0.0845615 0.0763527 0.0271837 0.140309 : 0.1
0.479195 0.489272 -0.0183055 -0.0894705 0.0430834 -0.270282 0.0137998 0.170344 0.149355 : 0
0.20293 0.370724 -0.0124483 -0.450314 0.496802 0.0870579 0.0687163 0.101562 0.306689 : 0.1
-0.092413 -0.439916 -0.308308 -0.453227 1 -0.0274545 1 0.471818 1 : 0
-0.27341 -0.230712 0.154271 0.267871 -0.079527 -0.309725 -0.39433 0.378969 -0.156778 : 0
0.144114 0.09735 0.201152 0.00845289 0.162521 0.095774 0.294499 0.0724011 0.0351316 : 0
-0.0775558 0.157383 -0.881272 0.00256878 0.498334 0.167933 0.301389 -0.127086 0.0184318 : 0
0.173122 0.143071 0.439231 -0.105112 -0.429628 0.267244 0.024749 0.526601 -0.00422698 : 0.3
1 0.620971 0.552346 -0.178325 -0.062944 -0.0217632 0.148098 -0.0297117 -0.142219 : 0
-0.317043 0.205427 -0.106176 0.392049 0.38286 0.0527298 0.0059683 0.0943866 0.0283092 : 0
-0.977187 0.0631457 -0.024874 0.633978 -0.0741881 -0.738769 0.876354 0.180107 0.0818254 : 0
0.197034 -0.048822 0.165559 0.137236 1 0.408934 -0.30572 0.0031108 0.163103 : 0
0.0693275 0.154965 0.378328 -0.23609 0.870055 0.408859 0.0527769 -0.217706 0.182608 : 0.3
0.0958109 0.400114 0.199422 -0.0518215 0.410422 0.356361 -0.0339151 0.140886 0.0839973 : 0
-0.00140435 0.69457 0.726067 -0.112394 0.103608 0.0681555 0.288339 0.20341 -0.1211 : 0.1
-0.0379947 -0.0632449 0.00253933 -0.330478 0.198044 0.22083 0.191166 0.143235 0.0989771 : 0.2
0.00808109 0.0862371 -0.162502 -0.224882 0.171373 -0.409782 -0.089532 0.305753 -0.245143 : 0.2
-0.241803 0.312751 0.0649334 -0.373147 -0.104257 0.0768109 -0.427682 0.0839385 0.0309956 : 0
0.0334713 0.0749938 0.0200329 -0.00561002 0.263638 0.440552 -0.0182745 -0.959174 0.0228474 : 0.5
0.947325 0.0347792 -0.819779 -0.094445 0.433441 -0.743523 -0.203976 -0.207461 -0.181339 : 0
0.0028434 0.257869 0.40556 -0.257556 -0.322496 -0.210544 -0.117608 1 -0.0822986 : 0
0.0845502 -0.438719 0.0832513 0.398563 -0.751843 0.0737402 0.00616387 0.106969 0.205408 : 0
0.0674862 0.444596 0.285459 -0.0446084 0.244085 0.0663452 0.088873 0.0211389 0.0373562 : 0
-0.015078 0.759911 -0.126166 0.0961322 0.140776 -0.239036 0.682566 -0.0232857 -0.0138936 : 0
-0.243233 0.217487 0.32485 0.520662 0.146398 0.0281402 -0.0201284 0.34602 0.00727521 : 0.1
0.342359 0.310434 -0.0519385 0.183398 0.412331 0.75604 0.0355481 -0.106133 0.146256 : 0
0.026035 0.477508 -0.0667889 0.123755 0.0237787 0.102091 0.250367 0.0426466 -0.104469 : 0
0.087409 0.170655 0.319543 0.0247452 -0.161962 -0.00757535 0.00057219 0.189597 -0.0416233 : 0
0.345328 0.502763 0.0929149 0.153469 0.205573 0.002804 0.247989 0.179714 -0.0554364 : 0
0.0438782 0.0377712 0.224459 0.0224854 0.0364087 -0.29086 0.320031 -0.242737 0.191904 : 0
-0.117915 0.179623 0.101439 -0.519366 0.0921098 -0.46027 0.0433664 0.235892 0.224541 : 0.1
0.0905578 -0.228652 0.26161 0.488532 0.317964 0.53901 0.115791 0.0825242 0.0167029 : 0.1
0.700819 0.120067 -0.378735 -0.0397 -0.195505 -0.44912 0.0232233 -0.112632 0.363541 : 0
1 -0.0137693 0.580611 -0.139008 -0.206784 0.110298 0.0822023 -0.136657 -0.126917 : 0
0.137954 -0.192612 -0.00129156 0.229888 -0.168189 0.485417 0.0685818 -0.18969 0.0798881 : 0
0.0232834 0.580382 -0.00147581 0.662431 -0.0709996 -0.0604501 -0.127824 -0.304135 0.0825127 : 0
0.258962 0.761509 0.142338 0.14281 1 0.0863631 0.508691 -0.130815 0.158824 : 0
0.131447 0.295367 1 0.232574 0.0330166 0.404625 0.431838 -0.0265409 0.282987 : 0.1
0.18566 0.127291 1 1 -0.0132632 0.216294 0.0144485 -0.0899221 0.167147 : 0
0.650396 0.0929547 0.995764 -0.209687 0.142352 -0.0325515 0.307479 0.303354 0.235251 : 0
0.179626 0.195774 -0.0252454 -0.436134 0.14674 -0.474151 0.25914 -0.0348431 0.0775978 : 0
-0.214732 -0.503898 -0.0485354 0.357588 -0.139862 -0.0884919 0.0226412 -0.483699 -0.0551309 : 0
0.177887 -0.0183844 -0.254527 0.494934 0.298386 -0.28617 0.192332 -0.0555372 0.0686704 : 0
0.942572 0.14619 1 -0.210986 0.213741 0.287175 0.211608 -0.224175 0.146567 : 0.5
-0.052121 0.736335 -0.0954741 -0.256499 -0.0275047 -0.13027 0.0364205 0.0749636 -0.210581 : 0.3
0.413485 0.181089 0.358862 -0.542678 0.372959 -0.166687 0.205613 0.220409 0.144792 : 0
0.102581 0.0494441 0.0963092 0.633688 -0.0700301 0.490265 0.29371 -0.19494 0.0182982 : 0
0.226377 0.696237 -0.146888 -0.065855 -0.333777 -0.367167 -0.0115161 0.476714 -0.105855 : 0
-0.220982 0.476917 0.142412 0.376505 -0.140464 0.327602 0.243263 0.21733 -0.260584 : 0.1
0.132312 -0.154351 0.152176 -0.218146 0.101376 0.212305 0.219177 -0.125699 0.0723115 : 0.3
0.371699 0.152712 0.14986 -0.0739677 0.15077 0.147366 0.583208 -0.469514 -0.0929603 : 0
0.302951 0.204391 0.153038 -0.20023 0.416386 -0.0775505 0.0218067 0.0657728 0.0531075 : 0.3
0.0136474 0.0837137 -0.299029 0.0807025 -0.0922288 0.149965 -0.0293273 0.0492001 -0.0281485 : 0.1
0.640628 0.098899 0.105273 0.0478769 0.0944674 -0.26576 0.0390638 -0.0339894 -0.0545375 : 0
0.105435 0.567198 -0.625379 -0.471544 0.798999 0.19287 0.0662574 -0.123354 -0.296902 : 0
-1 0.657358 0.0395352 0.00982466 0.388568 -0.0453257 -0.00854269 0.745084 0.0134451 : 0
0.187946 0.179068 0.357195 -0.150831 -0.145591 0.197168 0.159617 0.0797201 0.061662 : 0
-0.0348219 0.237909 0.0734369 0.109874 0.168403 0.701236 0.19077 0.0652053 0.109466 : 0
-0.0360714 1 0.0615231 -0.0569835 0.0415191 -0.375896 0.715743 0.513393 0.130877 : 0.2
0.164039 0.472893 0.241814 0.0850931 -0.0448887 0.0738548 0.0723267 0.036301 0.0965247 : 0
0.327659 -0.0312124 1 -0.0623802 0.213667 0.00618038 0.0334333 -0.199186 0.0501104 : 0
-0.192869 0.735046 0.0635875 0.101932 0.355299 -0.0611447 0.473506 0.0178048 -0.138081 : 0.1
-0.175729 0.863985 0.224204 0.0684161 -0.136908 -0.176213 0.419063 -0.0460062 -0.0301103 : 0
0.258935 0.0504209 -0.0621632 0.00150973 0.437583 -0.0251058 0.130648 -0.0393668 0.447324 : 0
0.0361426 0.0785139 0.158954 -0.200228 0.242795 -0.333486 0.0371679 0.943385 -0.135601 : 0
0.236809 0.289479 -0.832437 0.00459605 -0.156171 0.0602857 0.121402 -0.163851 0.522164 : 0
0.156355 0.446428 0.0238003 -0.271354 0.921168 -0.0322259 0.177047 -0.046045 -0.101403 : 0
-0.117661 0.95033 0.114414 0.0719264 0.242928 0.254481 -0.175326 0.360657 -0.0245243 : 0
-0.201062 0.856975 0.160951 0.24925 -0.0336059 0.156552 -0.0539683 0.505749 0.0310309 : 0
0.328982 0.673924 0.571189 -1 0.453944 0.243784 0.0564269 -0.285145 0.0199533 : 0
0.175079 -0.10657 0.239899 0.383143 0.12034 -0.140856 0.227229 0.153698 0.105664 : 0
0.128818 0.334228 0.0748544 0.164315 0.798532 0.13005 0.0300006 0.723426 -0.185483 : 0.2
0.221246 0.628916 -0.392911 0.0370587 1 0.733388 -0.034503 0.149117 0.108697 : 0
0.0498957 0.423097 0.267986 -0.111679 0.0697402 0.188552 0.0315098 0.0691247 0.597504 : 0
0.11907 -0.0118113 -0.141933 0.12647 0.423587 -0.164116 0.289162 -0.233507 -0.21926 : 0.7
-0.708584 0.3741 0.416851 -0.126782 0.954496 0.192078 0.195506 -0.603782 0.00947176 : 0
-0.195421 -0.303907 -0.477324 -0.351074 -0.100011 0.236701 -0.473662 0.294829 0.0152896 : 0
-0.255369 0.375814 0.160989 -0.232779 0.334858 0.322805 0.00459004 0.438665 -0.204173 : 0
0.161202 -0.401472 0.575127 0.288873 0.309897 -0.149899 0.606749 0.136658 0.110576 : 0.6
0.139735 0.337856 1 -0.135974 0.235199 0.36888 0.220395 -0.0140179 0.167065 : 0
0.424115 0.324463 0.839263 0.0375603 0.425969 0.149232 0.130113 -0.00728459 -0.0991573 : 0
-0.0426563 0.04842 0.252809 -0.145976 -0.322042 0.434861 0.473164 -0.0266811 -0.0266874 : 0
-0.194604 0.297256 0.123455 0.12537 -0.00286131 -0.106852 0.285663 0.0186959 0.0873489 : 0
-0.128704 0.350915 -0.127089 -0.649759 -0.0289478 0.0629131 -0.138473 -0.252244 0.0201598 : 0
0.0608156 0.124736 0.161681 -0.0974956 0.189014 0.108929 -0.251747 -0.215948 -0.212592 : 0
0.557544 0.0670042 0.1577 -0.168964 0.157338 0.101857 0.0442564 0.214658 -0.414276 : 0
0.0234624 -0.07007 0.475576 -0.0378655 0.193619 -0.096928 -0.589194 -0.0489151 -0.129712 : 0
-0.146404 1 -0.116609 0.136364 1 -0.0285846 1 -0.421375 0.0200699 : 0
0.135973 0.0931539 0.375944 0.533672 -0.0499715 0.634003 0.159755 0.0240566 -0.066305 : 0
0.0191824 0.252217 0.349134 -0.504676 -0.087578 0.0561079 0.244268 -0.0613737 0.044909 : 0
-0.00980978 0.376333 -0.0163612 -0.156453 0.159207 -0.00096184 0.0325969 0.242355 0.113424 : 0.1
-0.0980175 -0.0490762 -0.0841078 0.32 0.0344632 0.202529 0.314948 1 0.198142 : 0
-0.127786 0.675649 0.0731393 0.172086 0.0137675 -0.0666806 -0.369909 -0.106708 0.384571 : 0.2
-0.103509 -0.0214992 -0.0505387 0.209538 0.647777 -0.494461 0.0434884 0.0726661 0.449112 : 0
-0.00304618 0.161985 0.020045 -0.523123 -0.232907 -0.360795 0.00953368 0.53536 0.168986 : 0
-0.174085 0.148337 -0.0574575 0.0513542 -0.171686 -0.150864 -0.307805 0.60545 -0.235209 : 0.1
-0.0954819 -0.224989 -0.112228 0.185502 -0.177953 0.122253 0.185537 0.173185 -0.127874 : 0
0.249226 -0.138438 -0.193728 0.292522 -0.120361 0.240381 0.362551 -0.593099 0.260393 : 0
0.270761 0.151058 0.0666076 -0.105898 0.19752 0.104037 0.288096 0.0507332 -0.0814983 : 0
0.0607458 0.054232 0.377906 0.00396922 0.382879 -1 0.256655 1 0.177228 : 0.1
0.565184 0.0222945 0.134044 -0.0179951 0.205654 -0.117571 0.230422 0.200232 -0.108015 : 0
-0.0466189 0.336896 -0.020653 0.164415 0.20608 0.412714 0.0620926 0.48948 0.0942698 : 0
-0.249896 0.11775 0.0934065 -0.0468403 0.0519168 -0.178194 0.0263979 0.13823 -0.137474 : 0
-0.338419 -0.076634 1 -0.0663175 0.0553284 0.110518 0.359473 -0.155398 -0.020934 : 0
-0.0466339 -0.113986 -0.018555 0.0668288 0.282479 -0.210812 -0.017106 -0.148325 -0.072914 : 0.1
-0.0820493 0.659811 0.344964 1 0.406225 0.0167585 -0.123079 0.0608362 0.351567 : 0
-0.0158935 0.180488 0.213224 0.0290554 0.455331 -0.294941 0.0355002 -0.133098 -0.312386 : 0.1
0.0217593 0.0435283 0.0156055 0.398846 -0.324892 -0.0206448 0.46141 0.146503 0.0982887 : 0
0.12238 0.004207 -0.889432 0.147049 0.196359 -0.218325 0.741035 -0.394763 -0.477296 : 0.2
-0.104396 -0.230803 -0.314041 -0.0123327 0.0833189 -0.104836 -0.00834468 -0.311287 0.335197 : 0
0.230241 0.186554 0.00445527 0.668166 0.478023 0.523597 -0.154326 0.156876 0.105386 : 0
0.00585295 -0.11175 0.149057 -0.0246922 -0.0109925 0.156147 -0.371082 0.19615 -0.211018 : 0
0.507739 0.284959 0.366101 -0.295439 0.163044 0.164618 0.0351826 0.20636 -0.0935807 : 0
-0.00226039 0.124679 0.0993896 -0.135849 0.399004 0.111366 0.00400987 0.037302 0.705292 : 0
-0.963643 -0.590033 0.132091 0.0399544 0.0409214 -0.0190841 0.629653 0.489467 -0.179006 : 0
0.0226214 0.00210206 -0.0288493 0.0637818 -0.826619 0.0819572 0.084891 0.275145 0.184277 : 0
-0.19498 -0.0651723 -0.0099411 0.260142 0.104278 0.0275026 -0.0270943 0.994368 0.716569 : 0
-0.0496333 0.21724 0.41397 0.0533374 0.934482 0.227263 0.495698 -0.00246114 0.135975 : 0.1
-0.588036 0.540592 0.444873 0.0703029 0.567281 0.220949 0.0347144 0.19946 -0.174654 : 0
-0.662204 -0.226416 0.145149 0.0936162 0.462504 0.0483153 -0.158344 0.182906 0.0644703 : 0
0.00844729 -0.12743 0.0228206 0.0993181 -0.141584 -0.33277 0.213035 -0.194391 1 : 0.2
-0.0140382 0.554392 0.216074 0.0923323 0.216362 0.244429 0.556563 0.0566504 0.0130097 : 0
0.104523 -0.480104 0.389365 -0.349419 0.166093 0.0391216 0.132821 -0.200389 -0.230573 : 0
0.294007 0.0771766 0.222393 -0.216631 0.405632 0.0667231 0.0781135 0.126007 0.0692017 : 0
-0.0782285 0.442569 -0.0554474 0.0419218 0.0408767 0.0662152 0.235538 0.0695285 0.185813 : 0.3
0.482033 -0.325034 0.0695691 -0.901607 0.0610499 -0.134154 0.110711 -0.480883 0.269867 : 0.1
0.0826397 0.507912 1 -1 0.204606 0.178901 0.636218 -0.299329 -0.0468867 : 0.1
-0.925185 -0.147412 -0.286594 0.243056 0.578856 -0.829146 -0.199751 0.128265 -0.0523537 : 0.1
-0.10129 0.233119 0.0128297 -0.302526 -0.342653 0.165661 -0.0903271 0.0125611 -0.217947 : 0
-0.138121 0.678751 0.00533669 -0.392294 0.560655 0.266353 -0.373242 0.0120705 0.408778 : 0.1
0.0618597 0.30763 0.313437 0.0300472 0.321902 0.46923 0.0397347 0.174753 0.116568 : 0
-0.124139 0.697778 0.161698 0.258387 -0.0236885 0.0241688 0.176518 -0.00436274 -0.0260964 : 0.3
-0.464447 -0.100108 -0.056156 -0.785796 -0.288173 0.311694 -0.000642469 0.333819 -0.0730856 : 0.1
0.103276 1 -0.0399598 -0.704156 0.0221748 -0.219011 0.223484 -0.366351 0.101587 : 0
-0.00400987 0.0513048 0.0701025 0.144819 0.6384 0.681807 0.101796 -0.00575903 0.104494 : 0
0.0552331 0.062244 0.544246 0.429499 -0.0008623 -0.187164 0.180643 0.00457852 -0.224449 : 0
0.0188275 0.1829 0.144331 0.240116 0.444708 0.0432365 0.214176 0.324516 -0.143135 : 0
0.0386195 0.442694 0.0547282 0.697301 0.0270825 0.382941 -0.295913 0.380089 0.204731 : 0
-0.0631562 0.395251 0.11651 0.215718 0.0582383 0.0817807 0.219077 0.111134 0.293756 : 0
0.0828023 1 -0.0445511 -0.675114 0.154373 0.00913139 -0.0554915 0.141546 0.133027 : 0.5
0.229393 0.199852 0.985862 -0.529309 0.221347 -0.0363663 0.072164 -0.0226889 0.239931 : 0
-0.0721312 -0.0695469 1 -0.168087 -0.177448 -0.231165 0.0314393 0.602271 -0.207055 : 0
-1 0.993209 -0.121123 -0.0279953 -0.11932 0.457023 0.0749635 0.299205 -0.0700469 : 0
0.147451 0.128738 0.220004 -0.0477104 0.0581589 -0.459238 -0.0131018 0.586944 0.0612015 : 0.1
0.304365 -0.120661 -0.163672 0.425795 -0.169187 0.105868 0.602616 0.212014 -0.956041 : 0.1
-0.294634 0.280944 0.0161216 -0.712435 -0.175006 0.273687 0.00562685 0.267826 -0.0430518 : 0
0.453133 0.0371187 -0.0604061 0.47587 0.0787723 -0.773021 0.702271 0.202456 0.0636318 : 0
0.123471 0.0763781 0.665229 -0.501386 -0.193485 0.275285 0.0939932 0.318356 0.00462101 : 0
0.175103 -0.897184 0.104361 0.608288 0.12155 -0.0104906 -0.397839 -0.0498362 0.270232 : 0.4
-0.750927 0.0230593 -0.119747 -0.0366805 0.179546 -0.379402 0.219642 0.385705 0.138292 : 0
-0.0947042 -0.278559 0.0891362 0.363522 0.789303 0.241443 0.043559 -0.516305 -0.494577 : 0
-0.003394 0.329056 0.233554 -0.0460138 1 0.319065 0.171957 -0.384171 -0.0568048 : 0
-0.283413 -0.352578 0.0778439 -0.00194243 0.326285 -0.0284454 0.854929 0.864795 0.108208 : 0
0.0232385 0.440484 -0.21045 0.0189966 0.120112 -0.0930128 0.261643 0.0356848 0.0098813 : 0
0.329884 0.000306606 0.0828207 -0.0450589 -0.144774 0.152337 -0.457661 -0.634738 0.105139 : 0
1 0.236024 0.120021 -0.0117689 -0.462073 0.056078 -0.542607 -0.0745158 -0.130099 : 0
0.11749 -0.152552 0.066431 -0.0741116 -0.179066 -0.307721 0.116688 -0.0512294 -0.199426 : 0
0.0477098 -0.137625 -0.0323251 0.0195555 0.0188865 0.0638337 0.0421609 -0.0829139 0.247036 : 0.4
0.133654 0.204045 -0.107386 -0.224686 0.337564 0.642523 -0.057497 0.206485 0.249496 : 0
0.424579 0.369662 -0.00191531 -1 -0.26365 0.902317 0.31698 0.179232 0.267426 : 0.1
0.154116 0.200835 0.876562 0.599003 0.00167225 -0.118148 0.178745 -0.169648 -0.10699 : 0
0.17905 0.157051 0.111742 0.185702 -0.0137094 -0.033611 0.272697 -0.0350823 0.00825138 : 0.2
0.445099 0.48974 0.11942 0.185368 0.384635 0.0257511 0.114937 -0.106637 -0.125544 : 0.1
0.232015 0.141095 0.733959 -0.254584 0.173574 0.0464367 0.105032 0.120442 -0.159075 : 0.1
-0.168597 -0.0200971 0.0448969 -0.503731 0.0254827 0.379689 -0.0682565 0.430697 -0.169129 : 0
0.0323843 0.0581859 0.0502925 0.100635 -0.329081 0.0570938 0.0663988 -0.0917842 0.209471 : 0
0.00865205 0.192287 0.0106475 0.0854453 0.115322 0.244365 -0.0879394 0.777209 0.0810506 : 0
-1 0.148698 0.11185 0.103945 0.20935 -0.314287 0.162806 0.157327 0.127772 : 0.4
0.0909774 -0.120235 0.173866 -0.0804077 -0.153577 0.0602656 -0.0353489 -0.214066 -0.0629685 : 0.1
0.0836015 0.129345 -0.00590342 -0.152832 0.907998 0.078278 -0.393072 0.503297 0.0392231 : 0
0.00382826 -0.111995 0.101284 -0.368604 -0.181369 0.148285 0.105385 -0.61516 0.0272455 : 0
0.225742 -0.393146 0.0142802 -0.0673253 0.238139 0.193181 -0.122999 -0.227672 -0.256296 : 0
-0.123351 0.0605005 0.0424314 0.555062 0.0645198 -0.235458 0.388869 0.248218 0.146627 : 0
0.106025 0.511978 0.821522 -0.223286 0.522287 0.714771 0.392939 0.166135 -0.026637 : 0
-0.613968 0.137998 0.128288 -0.18736 0.975217 0.587955 0.289075 0.222552 0.42351 : 0
0.021858 0.139991 -0.224513 -0.204723 0.0963288 -0.271746 0.013523 0.689972 0.395221 : 0
-0.0688324 0.553244 0.115976 0.0932672 1 -0.0582175 0.379842 0.039019 -0.136763 : 0.3
0.0437008 -0.00584534 0.17777 0.0702084 0.0865074 -0.141754 -0.0138465 -0.374099 0.401953 : 0
-0.0282585 0.478546 -0.0478188 0.188458 0.146205 -0.20075 -0.223358 -0.0464545 -0.0361575 : 0
0.855688 0.417256 0.365136 -0.0447959 0.443215 -0.72976 0.0469515 0.220802 0.107415 : 0.4
0.14157 0.14284 1 0.161986 0.393826 0.114142 0.0559805 -0.092111 0.167813 : 0
-0.0328175 -0.0846682 -0.0467003 -0.19308 0.0980744 0.207671 0.0279759 -0.0481364 0.242021 : 0.2
-0.0303035 0.451775 -0.0826614 0.251994 0.391674 0.263833 0.205743 -0.00620717 0.295337 : 0.3
0.296635 0.227698 0.286435 0.272595 0.445987 -0.187085 -0.0158541 0.356418 -0.125618 : 0.3
0.941021 0.198467 0.411935 -0.144891 0.262469 -1 -0.200564 1 0.250028 : 0
-0.0198756 -0.497032 0.877865 0.228887 0.417762 -0.643003 0.125499 0.145439 -0.0278892 : 0
-0.076857 -0.0714735 0.113818 -0.0611877 0.22869 -0.252263 0.362098 -0.0599002 0.113829 : 0
0.197191 0.191647 0.21862 0.273782 0.512115 -0.0538975 0.122755 -0.278205 -0.171301 : 0
0.117049 -0.0251828 0.106112 -0.271729 0.175196 0.346482 0.459363 -0.194871 0.205221 : 0
0.297788 0.0544938 0.215765 0.361642 1 -0.497432 -0.247275 0.41769 -0.0762965 : 0
-0.109424 0.353926 -0.136849 0.0361135 -0.122895 0.190454 -0.408611 0.0486564 -0.0744011 : 0
0.148709 -0.0265319 -0.0484711 0.715656 0.311943 -0.153686 0.119154 -0.240268 0.0666499 : 0
0.0826238 0.10027 0.0558371 0.189331 -0.0452875 0.00373186 -0.030119 1 0.263114 : 0.1
0.0245246 0.271602 1 0.10319 0.980805 -0.193966 -0.0732552 0.0941884 -0.426425 : 0
0.56373 0.274158 0.447886 -0.168431 0.336002 -0.404336 0.0379987 0.238989 -0.0543144 : 0
-0.19273 0.532678 0.0868539 -0.0795484 -0.225977 -0.230851 0.328427 -0.120727 -0.309604 : 0
0.241106 0.126713 -0.0809403 0.0165337 -0.284354 -0.0414318 0.271723 0.185444 0.228107 : 0
0.286801 -0.0937752 -0.00576083 0.41 -0.143646 -0.434728 -0.0105266 0.0490796 0.00302008 : 0
-0.178498 -0.12215 0.355499 -0.22501 0.304719 0.0650079 0.0566411 -0.326041 -0.127284 : 0
0.0241146 0.326617 0.12017 0.145885 0.228892 0.0618205 -0.126721 0.0267244 0.0939369 : 0.1
0.355855 0.333126 0.0803666 0.104241 -0.0178693 -0.463546 -0.341911 -0.0597017 0.410603 : 0.3
-0.0424964 1 0.122739 -0.172633 0.184545 -0.240159 0.859028 -0.0327313 -0.0343323 : 0
-0.336316 -0.0102607 0.0789351 0.241233 -0.0328968 0.0808548 -0.103868 0.639359 0.0637022 : 0
-0.0624498 0.119867 0.234267 0.00661493 0.16838 -0.132402 -0.0933201 -0.0354962 -0.0909451 : 0.1
-0.423201 0.265069 0.454414 -0.296193 0.278262 0.112221 0.0121769 0.135482 0.0359975 : 0
-0.0341908 0.057848 -0.106759 -0.125945 0.0553397 -0.0340394 0.203738 -0.0818444 0.183431 : 0.1
-0.947498 1 0.461411 0.112493 0.0706761 0.0520673 0.0292884 0.588003 0.00585691 : 0
0.121622 -0.246895 0.15378 0.311546 -0.467772 0.00552738 0.2156 0.214746 0.164618 : 0.4
0.173603 -0.330368 -0.765226 0.0282493 0.830333 0.0635593 0.0804873 0.00291532 0.152822 : 0
0.344098 0.0414148 -0.152435 -0.0107939 -0.0384502 -0.000199601 -0.225361 0.57253 0.153831 : 0
0.531033 -0.115248 -0.202236 -0.0379887 -0.0851545 0.140276 0.12575 -0.03982 -0.13074 : 0
-0.134882 0.396673 0.182734 -0.471079 0.315879 0.505857 0.135187 -0.0782154 -0.0111687 : 0
0.0120016 0.202154 -0.128822 0.161743 0.655167 0.203522 0.219215 -0.00970075 0.134919 : 0.1
-0.406734 0.175899 0.380037 -0.184722 0.223994 0.0210026 0.0175111 0.0622476 0.0323549 : 0
0.37586 -0.314073 -0.338811 -0.411064 -0.498214 0.111234 0.0836523 0.0689472 1 : 0
0.478164 0.22185 0.0233772 -0.0947705 -0.134811 -0.275255 0.106059 0.489646 -0.137835 : 0.2
0.0968179 -0.0124885 0.107476 -0.0269855 0.525528 -0.213867 -0.097826 0.019004 -0.121383 : 0.1
0.143242 -0.119762 0.406591 -0.178732 -0.0555973 -0.585662 0.0615 -0.0381829 -0.0661838 : 0
-0.0433447 0.203699 -0.0157704 -0.266495 0.314636 0.0146359 0.0822334 0.366196 0.0162091 : 0
0.119994 0.0774616 -0.1936 0.617834 -0.0539988 0.266247 -0.00578035 -0.0124433 -0.180956 : 0.3
-0.222285 0.159171 -0.0252557 -0.592732 -0.543546 0.34947 -0.230204 0.277973 0.079723 : 0
-0.585161 0.136862 -0.108483 0.0814321 0.0771211 0.770711 -0.0370894 0.0551997 0.147672 : 0.3
0.55072 -0.0950745 -0.138321 0.0874209 -0.435692 -0.133551 -0.363879 -0.00295311 -0.0932952 : 0
0.586867 0.110566 0.395471 0.0163412 0.0106602 0.174665 0.0803972 -0.10931 -0.118055 : 0
0.63028 0.528781 -0.223293 -0.0323969 0.657212 0.686008 0.196434 0.265086 0.345089 : 0.1
0.160879 -0.153897 -0.0705681 0.0657822 -0.292124 -0.583188 0.0611953 0.00570811 0.0499462 : 0
0.0122008 0.515497 0.030691 -0.178095 -0.0295661 0.219704 -0.286575 -0.0734103 -0.0772105 : 0.4
-0.225136 1 -0.0245342 -0.412819 -0.122086 -0.00930111 0.0567598 -0.194286 0.0651857 : 0
0.0360176 -0.243227 -0.0106568 -0.145672 0.368523 0.194271 -0.409334 0.727588 -0.0964757 : 0.4
-0.115379 -0.277021 -0.0871307 0.258754 0.403062 -0.412928 0.0127225 -0.072097 0.0701078 : 0
-0.0590298 -0.177382 0.429018 0.00573066 0.0319344 0.0117649 0.177619 0.629272 0.0960751 : 0
0.945797 0.374507 0.228083 -0.173786 -0.0273935 -0.272006 0.0613147 -0.347356 0.295241 : 0.4
-0.0873609 -0.653602 0.187303 -0.0916241 0.120598 0.154504 0.197186 0.0543491 0.14904 : 0.4
0.0817708 0.129329 0.363729 0.413537 -0.0924203 0.054588 -0.129009 0.0535465 -0.0554126 : 0.1
-0.248053 -0.14002 0.294487 -0.274281 0.148715 0.164621 0.0154409 -0.0130185 -0.0670259 : 0
-0.148908 0.748299 0.0372092 0.281428 -0.117702 -0.136952 0.0820629 0.154728 -0.0995968 : 0.2
0.200331 0.112658 0.145527 0.0691547 0.223957 -0.08945 -0.00466194 -0.140274 0.2516 : 0.1
0.824202 -0.033511 -0.256065 0.0208666 -0.112381 -0.389338 0.031453 -0.335791 -0.0230332 : 0
-0.117404 0.647862 -0.0208997 0.56413 -0.0558345 -0.0124808 0.0907896 -0.385541 0.0850375 : 0.2
0.404846 0.0753027 0.607428 -0.123591 -0.543513 0.726475 -0.122672 0.0675786 0.0713862 : 0
0.0366134 0.276986 -0.745627 0.000773072 -0.0525386 0.114308 0.148482 -0.165357 -0.135815 : 0
0.23165 0.091037 0.0132322 -0.572803 0.198962 -0.456257 -0.0102929 0.370655 0.237294 : 0.1
-1 0.848403 -0.0208491 -0.150501 -0.224287 0.556244 1 -0.338656 -0.0697429 : 0
0.236005 0.266597 0.130702 0.127123 0.234205 -0.388438 0.27213 -0.0742221 -0.116905 : 0.6
-0.0112562 0.118412 -0.068913 -0.41253 -0.576826 0.404368 0.3327 0.227052 0.0265192 : 0
0.052341 -0.527681 0.250388 -0.362065 -0.241779 -0.0460628 0.38185 -0.129964 -0.0481129 : 0
0.263918 0.0601388 -0.00200957 -1 -0.29668 -0.109017 0.0554484 0.0989901 0.271216 : 0.1
0.296321 0.309992 0.0888313 -0.163428 0.305509 0.00565249 -0.00393373 0.210224 -0.0490989 : 0
0.186629 0.181688 0.674345 -0.379205 1 -0.100606 0.214839 -0.168432 -0.252831 : 0
0.16195 -0.019109 0.213144 -0.0995128 0.0116874 0.0942659 0.190099 -0.0519056 0.192399 : 0
-0.459264 0.251018 0.326164 0.254589 0.108318 0.0959923 0.146899 -0.0641932 -0.156335 : 0.2
0.163966 0.0523544 -0.203209 -0.0360857 0.129802 0.0118719 0.436061 -0.0565983 0.0640968 : 0.1
0.366188 -0.829525 1 -0.1089 -0.241014 -0.0539064 0.203111 -0.0927788 -0.138027 : 0.5
0.0520496 -0.217939 -0.175083 -0.511616 0.221284 -0.323309 0.0371473 0.17482 -0.136902 : 0.1
0.0413548 0.955208 -0.0257821 -0.0787273 -0.0829103 -0.312126 0.268321 0.714157 0.215113 : 0.3
0.0112704 -0.0408919 0.213906 0.00570604 -0.0584163 0.112308 0.038047 -0.263058 -0.0851533 : 0
-0.168171 0.257079 0.171846 0.162995 -0.130226 -0.40449 -0.0267271 0.0144271 -0.108178 : 0
0.272163 -0.271063 0.818235 -0.0891951 -0.237904 -0.0346501 -0.0505878 -0.465653 -0.0441576 : 0.3
-0.0409917 0.343582 0.727711 0.139839 0.339267 -0.248201 0.22826 -0.646644 -0.00402176 : 0
-0.0108466 -0.113152 -0.0891961 0.132163 0.13552 -0.217403 0.320905 0.738837 0.0711939 : 0.1
0.578313 0.00141018 0.22003 0.223837 -0.0358373 0.103297 1 0.0333835 -0.00803488 : 0.1
-0.0172521 0.110903 0.0576982 -0.741356 0.658288 -0.0524761 0.616458 0.171864 -0.150294 : 0
0.779774 -0.0054611 0.236729 0.372289 -0.1446 0.360312 0.0598034 0.0867777 -0.0593829 : 0
0.0729753 0.541043 0.11079 -0.0963942 0.507076 0.13529 1 -0.037649 0.0908613 : 0
0.445998 0.127084 -0.0484642 -0.345085 0.213665 0.307924 0.123305 -0.341067 0.0902919 : 0.4
0.273606 0.197914 0.0804235 -0.0715372 0.426838 0.334927 0.0462106 -0.312488 -0.0396694 : 0
-0.122056 0.4554 0.281399 0.0581505 -0.254409 0.470596 0.0242341 -0.0376867 0.352349 : 0
-0.133295 -0.106993 0.0227738 0.226145 0.179378 0.146794 -0.0859587 -0.181934 0.19378 : 0
-0.0533826 0.0128709 -0.0192799 0.0126835 0.321221 -0.184898 0.535226 0.318252 0.0283829 : 0
-0.490129 0.310387 -0.0086474 0.649501 -0.0222058 0.348514 0.0850751 0.106135 -0.0869018 : 0
0.291127 0.0757892 0.271238 0.572916 -0.285317 -0.388508 -0.073885 0.196579 -0.164794 : 0.2
0.0965174 -0.199737 -0.278574 0.14975 -0.146562 0.138523 -0.0974433 0.476166 -0.196674 : 0
0.105992 0.0418422 -0.023931 0.173694 -0.591124 -0.327345 -0.0346045 -0.0219438 -0.0211835 : 0
0.0144144 0.138136 -0.0436158 0.0820123 0.317309 -0.0314373 0.286126 0.66232 0.150294 : 0.4
-0.4129 0.101436 -0.0197345 0.0786776 0.180183 -0.132059 -0.0658237 0.363206 1 : 0
-0.021868 0.222042 -0.0422204 0.0399208 0.220196 0.154802 0.0266125 0.0706373 0.0234708 : 0.1
0.115145 -0.134095 0.341545 -0.15034 0.0215906 -0.37804 0.0647737 0.00482219 0.014397 : 0.2
-0.177693 0.949155 0.387573 1 0.0151316 -0.0393637 -0.0155582 0.343011 0.387312 : 0
-0.153767 -0.0351158 0.0383589 0.0119714 -0.151258 0.126583 0.0549112 0.245166 0.0330279 : 0.4
0.100566 0.044799 -0.263913 -0.229322 -0.300616 -0.289782 1 -0.453572 -0.407707 : 0.2
0.0801365 0.170493 0.301274 0.41262 0.286417 -0.0219619 0.239654 1 0.0625307 : 0.3
-0.0635186 0.00420046 0.556815 0.901527 0.132743 0.0983341 0.07487 0.128569 -0.0242923 : 0.4
0.0882014 -0.490625 0.716148 0.265187 -0.600543 0.0320272 -0.122807 1 0.0389793 : 0
0.216397 0.0298725 0.123058 0.00529602 0.247372 0.17279 0.0444187 0.0195578 -0.102261 : 0.2
0.172552 -0.184605 -0.446666 -0.0829539 -0.198402 -0.0356226 0.0745599 0.14358 -0.131245 : 0
0.1445 0.266754 -0.674943 -0.0325683 0.604728 -0.317129 0.101658 0.50289 -0.146068 : 0.1
0.0675192 -0.0410119 -0.53224 0.280589 0.0867319 -0.0245834 0.324516 -0.290859 0.0395732 : 0
0.356705 0.367635 0.12654 -0.108944 1 0.123945 -0.0107046 -0.0831824 -0.331004 : 0
0.209245 1 0.149958 0.265036 0.570853 0.0302911 -0.252751 0.08713 0.538912 : 0.4
-0.166352 -0.239299 -0.0938108 -0.062757 -0.0844612 -0.192574 -0.198889 0.0521839 0.0950487 : 0.1
0.163535 -0.223377 0.0501341 -0.0522462 -0.147977 0.00864282 0.135686 0.0809419 0.0533882 : 0
0.19288 0.291368 -0.113505 0.00277787 0.133078 0.659814 0.243754 -0.0513605 0.100047 : 0.5
0.491366 0.386107 -0.222368 -0.350839 0.500851 -0.00827006 0.38285 -0.199514 -0.318705 : 0
0.102167 -0.462071 0.340344 -0.308923 -0.264677 0.0319388 0.128683 -0.28048 0.533944 : 0
-0.0528127 0.447395 0.313082 0.090282 0.511804 -0.322139 0.0832635 -0.0215587 -0.0186352 : 0
-0.142451 0.171679 -0.259187 1 -0.118475 0.476948 -0.300414 0.276287 -0.304381 : 0.1
0.140466 0.152696 0.269885 0.19051 0.167977 -0.296758 0.154862 0.600912 -0.0105736 : 0.2
0.0190606 -0.111964 0.430799 -0.106472 -0.425896 -0.0494179 0.0893685 -0.0628035 -0.22637 : 0.1
0.14676 0.651297 0.191317 -0.566629 0.200367 0.104545 0.0362189 0.00264549 -0.0397537 : 0.1
-0.0372213 0.405492 -0.266682 0.320957 -0.0931361 -0.145091 0.19664 -0.431611 0.491753 : 0
0.489607 0.0288856 0.0406484 0.00485129 0.648424 -0.245571 0.193229 0.115522 0.243984 : 0
0.066414 0.0401793 0.0907459 -0.252254 -0.10456 0.0826564 -0.193399 -0.0963249 0.171042 : 0.1
1 0.603887 0.0294791 0.130202 -0.477665 -0.0313331 0.279988 0.315754 -0.185778 : 0.1
0.102774 0.405792 0.238922 -0.0838299 -0.276936 0.204915 0.025879 0.364109 -0.173568 : 0
-0.0119157 0.217305 0.0802044 -0.241183 0.199295 -0.174741 0.215326 0.294851 0.106603 : 0
-0.0868237 0.20357 -0.0724844 0.109657 1 0.333137 0.168342 -1 0.034231 : 0.4
-0.263673 -0.106182 0.496856 -0.136616 0.364581 0.153449 0.196139 -0.0416667 -0.000638686 : 0
0.307085 -0.138546 0.00724325 0.25912 0.0394811 0.22687 0.193002 0.0119549 0.137243 : 0
0.464662 -0.0104107 0.0150167 0.291754 1 -0.716726 -0.126837 0.0533492 -0.126091 : 0
0.166657 -0.18121 0.176365 0.0688953 -0.704723 -0.0299286 0.0336823 -0.319711 -0.305405 : 0.5
0.911302 0.180864 0.511352 -0.0674765 0.211563 0.220834 -0.557023 -0.0872965 0.0607835 : 0.3
-0.404443 -0.127028 -0.410129 -0.115899 0.796785 -0.284055 0.83029 -0.166197 -0.0118619 : 0
0.0296809 0.0357162 -0.482569 0.041738 -0.0800391 -0.226767 -0.0791783 -0.0238523 -0.00351454 : 0
0.0996851 0.183949 1 0.406498 -0.355915 0.973614 0.0962741 -0.0437114 0.306108 : 0
-0.250323 -0.0935911 -0.0840188 0.772252 -0.0980452 0.0459207 0.161315 0.271439 0.077248 : 0.2
-0.2397 0.956246 -0.267445 -0.0189396 0.0943209 -0.13611 -0.237709 0.213055 0.214619 : 0.5
-0.0193067 -0.266255 -0.0586341 -0.108427 0.286465 0.0617607 -0.236261 -0.0530098 0.193068 : 0.5
-0.170573 -0.322926 0.229976 0.136673 -0.492098 0.227509 0.225115 -0.348311 -0.126283 : 0.3
0.220265 0.219154 -0.0145742 -0.0542081 -0.152404 0.0906332 -0.358414 0.28999 0.206943 : 0
0.0954594 0.113657 -0.0495264 0.46331 -0.0286937 0.180539 -0.303378 -0.248521 0.0980949 : 0
0.0467825 0.0696838 -0.0102596 0.29614 0.168537 0.2294 0.351909 0.0740945 -0.0686986 : 0
0.0932439 0.0493617 0.00130387 0.164989 -0.00695699 -0.085639 0.0383092 0.143933 0.12976 : 0
-0.0507634 0.950284 0.0900247 -0.193857 0.256638 0.149904 0.0412043 -0.102746 -1 : 0
-0.102465 -0.273594 0.264664 0.0127399 0.23531 -0.00867678 -0.0479298 0.799218 1 : 0
0.291717 0.672475 0.297645 -0.692987 -0.327628 -0.0906286 0.267179 0.022742 -0.134829 : 0.3
0.0332742 0.173065 0.42304 0.0740029 -0.10369 0.0484063 -0.147381 0.0457478 0.0229731 : 0.2
0.180351 -0.225176 -0.090636 -0.12055 -0.787845 0.559081 -0.0240266 -0.951747 -1 : 0
0.00998136 0.0984226 0.153084 -0.314926 -0.270034 0.0813731 0.00171295 -0.0146438 0.50787 : 0
0.183409 0.17027 0.562695 -0.0620985 -0.16808 0.0211378 0.24678 0.0357669 0.0271613 : 0.1
0.09526 0.121983 1 0.17675 -0.0318303 0.0560086 0.112632 -0.0829021 0.319352 : 0.1
0.38015 0.226178 0.308445 0.419298 0.297595 0.178963 0.196454 0.168219 0.166195 : 0.4
-1 0.797951 -0.0446067 -0.023726 0.13321 0.183854 0.548674 0.306344 0.0277362 : 0
0.160916 -0.321653 0.248035 -1 0.49282 -0.0723195 0.327978 0.558727 0.0672839 : 0
-0.0729723 0.0976875 0.199802 -0.14659 1 0.319581 0.239526 -0.543831 -0.0398911 : 0
0.285132 -0.10189 -0.0605656 -0.472877 -0.473015 0.0469086 0.220055 0.0259161 -0.10495 : 0.3
-1 -0.477101 -0.0624711 -0.548302 -0.00336456 0.0137984 0.564347 0.434826 -0.00682002 : 0
0.0278381 0.06891 0.159165 0.669107 -0.00705504 0.223861 -0.359325 0.478394 0.120916 : 0
-0.622471 -0.0400009 0.112293 0.0054156 0.297386 -0.0700135 -0.0552713 -0.102621 1 : 0
0.764457 0.161705 -0.372405 -0.469507 0.397126 -0.222661 0.313452 0.292045 0.158042 : 0
0.0797987 0.0537346 0.230963 0.219435 0.423364 0.508411 -0.239993 -0.126822 0.0822917 : 0
1 0.195125 -0.0195466 0.283797 0.164376 0.0315097 -0.000858098 0.646334 0.241094 : 0
0.119636 -0.155467 -0.121425 -0.219121 -0.030543 -0.00866714 0.0769169 0.202239 0.0192541 : 0.1
0.310801 0.855236 -0.178742 -0.0407281 -0.227771 0.445143 0.00759136 0.0298782 -0.0689487 : 0
0.0306505 0.0156745 0.231853 0.315676 0.280681 -0.145807 0.022293 0.0691394 0.0749424 : 0.4
0.131718 0.145178 -0.780458 0.101371 -0.217292 0.340312 0.00720023 -0.301102 -0.0178862 : 0
-0.319912 0.365159 -0.051218 -0.306861 0.375946 -0.346857 -0.0455271 -0.067258 0.32474 : 0
0.0455362 0.325564 0.857098 0.0451898 -0.290647 -0.116931 0.390287 -0.219789 0.314518 : 0
-0.0945746 0.113002 0.0105496 0.0359174 0.313084 0.226423 -0.0933228 0.0205263 0.125146 : 0.3
-0.161937 0.303133 0.000541374 0.109198 0.411588 -0.181491 0.0593666 0.180882 1 : 0
0.14672 -0.172906 -0.807763 0.141606 0.517535 -0.0253968 0.075025 0.289918 0.0158506 : 0
-0.348321 0.0696407 0.193687 0.179845 -0.0562007 0.245893 -0.0747566 -0.119057 0.262109 : 0
-0.227238 -0.0885464 0.0435623 -0.122333 0.129598 -0.0812048 0.00119887 -0.0522941 -0.115033 : 0
0.0462309 0.0152389 -0.041783 -0.279321 -0.140001 0.108911 0.192307 0.102431 0.79756 : 0
0.0751266 0.0166609 -0.133618 0.192181 0.0249147 -0.377832 -0.0711083 -0.105043 0.086752 : 0
0.391056 -0.316492 0.126159 0.245321 0.0243685 -1 -0.18162 -0.0322025 0.0689999 : 0
0.0784088 0.460707 -0.00335699 0.0991944 0.187372 -0.231636 0.191566 0.116003 0.10463 : 0
0.282481 0.166688 -0.143273 -0.634986 -0.183757 -0.300695 0.176292 0.530562 -0.100895 : 0
0.155085 -0.162928 0.0547801 0.14887 0.241113 0.491808 0.639975 0.040187 0.109052 : 0.4
-0.030935 0.200304 -0.891387 -0.260372 -0.311949 0.3369 0.168868 -0.0025461 -0.200308 : 0
-0.140339 -0.685843 -0.161025 0.23788 0.336519 -0.738731 0.0867627 -0.334685 0.273942 : 0
-0.691024 0.0501455 -0.658294 -0.206161 0.28465 0.267341 0.0502553 -0.081068 0.138125 : 0
-0.384028 -0.166661 -0.0420631 0.234333 0.594557 -0.896027 -0.250849 0.034283 0.121579 : 0
0.0304311 0.107575 1 -0.169023 0.0732026 0.0150263 0.169513 -0.0112647 -0.0413298 : 0
-0.23064 -0.164585 -0.147262 -0.33208 0.983622 0.175394 0.178643 0.305863 0.0176475 : 0
0.15844 0.0883336 0.621693 -0.104512 0.263566 0.186528 0.299609 1 0.221604 : 0
0.636597 0.743831 -0.35288 -0.138083 0.158309 -0.236174 -0.00587996 0.175998 0.168266 : 0.2
-0.736711 0.380169 0.297227 0.232935 0.475545 0.406981 0.0804128 0.0846425 0.213133 : 0
-0.126357 -0.423323 0.108297 -0.173476 -0.0315495 -0.259244 -0.00359357 0.108219 0.112714 : 0.4
-0.132139 0.0666124 0.0713427 -0.133086 0.108955 -0.0350091 0.204592 0.142301 -0.0155502 : 0
0.298956 0.50549 0.147377 0.37001 0.785431 -0.272447 -0.0419648 0.236406 0.0862745 : 0
-0.0603683 0.428099 0.951689 -0.333255 0.049339 0.0303367 0.289627 -0.0754653 -0.183997 : 0.4
0.134217 -0.173836 0.32318 -0.605725 0.343638 -0.0484866 0.716456 -0.179855 0.134958 : 0
-0.154996 -0.0972242 -0.137941 -0.188181 -0.105506 -0.0354555 -0.263757 0.0991005 -0.0524347 : 0
0.646906 -0.0725505 0.230188 0.100104 0.0816478 0.442373 -0.0196611 -0.103967 0.234976 : 0.5
0.160139 0.554325 0.347356 -0.11602 0.278088 0.0602794 -0.392723 -0.131173 0.230294 : 0
0.210535 0.77282 -0.163313 -0.343084 0.314721 0.0188494 0.15598 -0.287706 -0.0197991 : 0.1
0.19985 -0.193482 0.0649029 0.344258 -0.0327648 0.0139907 0.963993 1 0.8038 : 0.5
-0.120741 0.233483 0.757193 -0.2637 0.732797 0.422677 0.20295 0.486087 0.137127 : 0.5
1 0.287594 -0.614762 -0.0434014 -0.00159459 0.0519406 0.484248 -0.313732 0.551225 : 0.7
-0.0924034 0.00285764 0.0176433 -0.376099 0.331355 0.198017 0.832472 0.431343 0.102424 : 0.5
0.246996 0.930102 -0.115072 1 -0.102664 -0.0500036 0.272509 0.47072 0.26407 : 0
0.0567117 -0.0167277 -0.0369916 -0.119901 -0.0602748 0.150503 0.108434 -0.0923097 -0.734301 : 0
0.0563034 0.136173 -0.1473 0.115688 -0.0876683 -0.161944 0.149478 0.168222 -0.26744 : 0.1
0.292511 0.610897 0.313532 -0.216744 0.309623 0.138615 0.0379705 -0.0637621 -0.471545 : 0
-0.0764843 0.0672472 0.0915666 0.419118 -0.339262 -0.0548522 0.283475 -0.0512338 -0.294486 : 0
-0.0826898 0.0890251 0.0900486 0.631836 0.204867 0.836353 -0.180185 -0.229058 -0.316305 : 0
0.0238992 0.374276 0.00479983 -0.0671473 0.25389 0.0876348 -0.180498 -0.186781 -0.00775182 : 0
-0.015164 -0.50834 0.271956 0.158743 0.0631612 0.0773016 0.0228422 -0.201322 0.0938931 : 0.1
-0.239938 -0.105382 0.299664 -0.282379 -0.0459902 0.0601669 0.662993 0.0523321 0.0399535 : 0
0.91317 0.0268797 -0.738836 0.106836 0.589696 0.138664 0.0670502 0.478038 0.231781 : 0
-0.11493 0.0882347 -0.142676 -0.0221768 0.216242 0.343807 0.0118559 -0.0170047 0.118249 : 0
0.0597445 -0.538912 0.043076 -0.0912936 0.115733 0.308139 -0.337243 0.0201606 0.211615 : 0.1
0.181124 -0.0769596 0.269523 0.109131 0.180348 0.0773518 0.398661 0.0988836 0.17104 : 0
0.0717788 0.0823255 -0.00510501 -0.304679 0.34378 0.0724427 -0.259785 1 0.0639573 : 0.1
0.569303 -0.197846 -0.972694 0.283475 0.17677 0.0825872 0.0730901 -0.058421 0.0309811 : 0
0.149044 -0.671933 0.58923 0.380371 0.231764 0.4745 0.110173 0.19732 -0.331552 : 0
-0.222919 0.195237 0.247602 -0.696947 0.163447 0.050669 -0.139142 0.186074 0.00913333 : 0
0.154296 0.00519797 -0.210213 -0.251842 0.132027 -0.134129 0.0581516 0.463178 0.204141 : 0
-0.0596251 0.168322 0.197934 -0.207528 -0.0480214 -0.735545 -0.00291064 0.427287 -0.0654949 : 0
0.12143 -1 1 0.721002 0.101772 0.0162927 -0.108482 -0.04483 0.0969576 : 0.2
0.172183 0.244392 0.522502 -0.126025 0.208118 0.162168 -0.019769 -0.12774 -0.441822 : 0.1
-1 0.749204 -0.478484 -0.106828 0.124543 0.166137 0.19615 -0.104975 -0.0966639 : 0.3
0.0769877 0.63193 -0.0148947 0.514666 0.082932 -0.123686 0.0320184 0.503761 0.12453 : 0.1
-0.00473279 0.082349 0.123657 0.0157435 -0.121096 0.164655 -0.150486 0.66415 0.0680283 : 0
0.237536 0.249579 0.0284877 0.56258 0.0713083 -0.501768 0.664157 0.542487 0.142705 : 0
-0.062394 -0.0566713 0.568538 0.423426 -0.113115 0.174136 0.5206 0.142273 -0.087687 : 0.2
0.129454 0.216463 -0.514543 0.0747124 0.00980408 0.277925 -0.0975225 0.0239168 -0.827432 : 0.4
0.479495 -0.0759112 -0.204663 -0.257388 0.244749 -0.105927 -0.0309 0.104279 0.377189 : 0
-0.169718 1 -0.103017 0.0326108 0.968473 0.0851482 0.0616095 -0.0718861 0.108256 : 0
0.165603 0.0929936 0.0614249 -0.0610015 0.266185 0.628102 -0.112463 0.155877 -0.0551783 : 0.4
-0.0576788 -0.101428 0.274868 -0.121755 -0.116395 -0.0988859 0.655901 0.0262357 -0.324911 : 0
0.000972897 -0.0204267 0.257317 -0.110092 0.138901 0.105885 0.0780237 0.573428 0.160554 : 0.4
0.103963 0.0154045 0.343459 0.0651898 -0.0234596 0.354296 0.118102 0.10662 -0.0644854 : 0.2
0.334369 0.210996 -0.0122504 -0.172667 1 -0.19824 -0.307877 0.15591 -0.0266092 : 0.2
-0.54688 -0.13519 -0.111182 0.287098 0.278496 0.0178967 0.0974418 0.0883128 -1 : 0.4
0.418559 0.137341 -0.179787 0.305057 0.0702441 -0.0298827 0.0549149 0.312818 0.355424 : 0
0.139227 0.229649 0.0974914 -0.342656 -0.0960783 0.111639 0.135029 -0.0509652 -0.00609358 : 0.1
0.137263 0.497728 0.465521 -0.0242274 0.0437812 0.0690624 0.0258377 0.0160365 -0.10595 : 0
1 -0.154821 0.515543 -0.117828 0.0537973 0.0498258 -0.195071 -0.102262 0.00638462 : 0.4
-0.0161142 -0.0833078 0.167034 -0.257373 0.359616 0.117285 0.22876 -0.0927249 0.135131 : 0
0.140883 -0.356443 0.138333 0.301514 -0.800292 0.0390948 0.049276 0.0969631 0.213007 : 0
-0.463624 0.121234 -0.122321 -0.0933788 -0.0975398 0.163498 -0.0832299 0.212693 0.386507 : 0.3
0.16544 0.189634 0.592708 -0.232316 0.209778 0.0110325 0.0990713 -0.308435 -0.0157939 : 0
-0.125471 -0.050462 -0.170513 -0.190491 -0.0892987 0.00961331 0.172365 0.20823 -0.189743 : 0.4
-0.263781 0.114184 0.36433 0.366954 0.0440329 0.392332 -0.345693 0.174996 -0.01116 : 0.4
0.0569334 0.144018 -0.0306429 0.0011974 0.470729 -0.108536 0.277252 -0.201182 -0.282046 : 0.5
-0.486529 0.233808 0.354681 -1 -0.0568675 -0.0492373 -0.859988 0.155548 0.0644843 : 0
-0.181497 0.00620545 0.055521 0.142969 0.0389615 0.61131 0.199842 0.251431 0.174971 : 0.3
-0.0308449 -0.0111172 0.158961 -0.19195 0.268496 -0.00986835 0.0755445 0.821825 0.754946 : 0
0.0388582 0.273711 0.798767 -0.0934012 0.347278 -0.197553 0.106847 -0.0137603 -0.181655 : 0
0.0799643 0.413461 0.166094 0.261885 0.512951 0.130771 0.367618 0.0110425 -0.0377202 : 0.1
0.108611 0.117701 0.100203 0.13033 1 -0.146735 0.0271588 -0.0584076 0.333589 : 0
0.29071 0.0650331 -0.336186 0.0384627 0.0904182 -0.332688 0.0336694 0.0303089 0.241702 : 0.4
0.182754 -0.805076 0.785559 -0.0222492 0.139958 -0.4617 0.277533 -0.17999 -0.123874 : 0.1
0.138718 -0.168338 0.466188 -0.337316 0.279522 0.546762 0.306795 -0.064325 -0.345925 : 0.1
0.0891263 1 1 0.660202 0.666961 1 0.253344 0.295617 0.164365 : 0.1
-0.117045 -0.0332294 0.455345 0.000525647 0.769737 0.502943 0.155434 -0.00843286 0.140669 : 0
0.274773 0.241446 -0.223094 -0.331178 0.0630417 -0.5275 0.335893 0.172624 -0.0262279 : 0.1
-0.00411654 0.0875017 0.12442 -0.0172319 0.103098 0.326386 -0.045025 -0.0373576 -0.0619573 : 0
-0.32223 -0.873617 0.0569461 -0.308014 -0.261345 -0.0760592 -0.024621 0.10058 0.113946 : 0
0.622684 0.285036 0.157632 0.111811 0.324828 0.0775417 0.125517 0.0342987 0.0456961 : 0
0.0819499 0.196945 0.159199 -0.147424 0.0491489 -0.0910693 0.212618 -0.189053 0.0325398 : 0
0.353692 -0.130905 0.232422 -0.222299 0.281651 -0.185657 0.202443 -0.254591 -0.0384454 : 0.1
0.0448014 0.61306 0.592268 -0.598454 0.09216 -0.232326 -0.408867 -0.0485642 0.0894601 : 0
-0.224715 -0.0289268 0.740093 0.0408902 0.253419 -0.321309 -0.0167462 -0.0327908 -0.212298 : 0.2
-0.423021 -0.124523 -0.222822 -0.304617 -0.0328338 0.276814 -0.226883 0.266389 0.229258 : 0
-0.0147182 0.208831 0.122338 0.457715 0.0580594 -1 0.148026 0.00976563 0.217916 : 0.2
-0.0449262 0.427663 0.846094 -0.0125713 0.597798 0.0209951 0.364047 0.328657 0.0146477 : 0.3
-0.520559 0.0408096 0.344852 0.175011 -0.197069 -0.320031 0.185795 0.323942 0.204608 : 0.3
0.0322345 0.204261 0.651096 0.279844 0.228475 0.278037 0.488203 -0.19576 -0.041589 : 0.1
-0.592931 -0.333642 0.150907 -0.141229 -0.07107 0.526249 0.0762995 0.0806183 -0.119472 : 0
-0.299024 -0.0259574 0.0898771 -0.413777 -0.351893 0.217534 -0.0645695 0.492445 0.0273179 : 0
-0.00962019 0.876373 0.0180936 -0.165213 -0.0809603 -0.0813293 0.130945 -0.140102 0.0458903 : 0
-0.16093 -0.106318 -0.0816028 0.561029 -0.309279 -0.173768 0.0483335 0.527323 -0.523728 : 0
-0.0659704 0.368986 -0.104384 -0.131128 1 -0.0840595 0.573241 0.237202 0.0269301 : 0.1
0.0739806 0.334971 0.130316 -0.459354 -0.322669 -0.0634996 -0.130383 -0.176053 -0.0456755 : 0.4
-0.0455751 0.0852237 0.019044 -0.0761471 0.0678872 -0.417713 0.369665 0.148589 -0.38428 : 0.1
0.199933 0.246443 0.0681784 0.00541905 0.407868 -0.335075 0.156051 -0.0089987 -0.171004 : 0.2
0.647757 0.0305938 -0.015832 0.524588 -0.0819789 0.281666 -0.225589 -0.063982 -0.0581251 : 0.1
-0.235541 0.110109 -0.111977 0.00905678 0.245929 0.232865 0.0191541 -0.22766 0.16331 : 0
0.271515 0.0333372 -0.0195402 0.151658 0.0304078 0.219442 0.795238 0.98458 0.914657 : 0
-0.634398 0.0199094 0.48756 0.238233 -0.0226858 -0.162014 -0.191074 -0.0785302 0.0561338 : 0.3
-0.0137514 0.0623085 -0.00490209 -0.0698386 0.198159 0.13283 -0.0309592 -0.0544202 -0.0654364 : 0
-0.0894389 0.756581 -0.276466 0.193096 -0.115839 -0.338738 0.344287 0.118846 0.30153 : 0.2
0.159854 0.197972 0.0665759 0.0521057 0.143749 0.275331 -0.0780354 1 0.496023 : 0.3
-0.0950796 0.492742 0.18368 -0.265802 0.0374186 0.0935185 0.238731 0.0767545 -0.308381 : 0
0.0545213 -0.00992504 0.15746 -0.355503 0.0120209 0.127332 0.229727 0.876572 0.0978503 : 0
-0.0786697 0.352177 0.0955834 0.114005 0.0836509 -0.20833 0.0461354 -0.0186664 0.193325 : 0
0.0620073 0.121569 0.00494237 -0.632371 -0.0433726 0.169709 0.0333933 0.404316 -0.0666231 : 0.3
0.057908 0.0699446 -0.297128 -0.162684 0.285538 -0.550369 0.164705 -0.0395423 -0.0665826 : 0.1
0.129604 0.100194 0.0393754 1 0.743661 0.0575248 -0.296548 0.404805 0.130424 : 0.4
0.44856 0.24657 0.19215 -0.19227 0.309123 -0.115457 0.333831 -0.0839645 0.177107 : 0
0.125929 0.0657668 0.547914 -0.55116 1 -0.327249 0.302127 0.338359 -0.135854 : 0
-0.368721 -0.0793792 0.138756 -0.0731835 0.20078 0.170571 -0.676201 0.335077 -0.14514 : 0
-0.184293 0.26719 0.424902 -0.74459 1 -0.252618 0.00238407 -0.100233 0.0635711 : 0
0.060381 0.563101 -0.166791 -0.281586 -0.156658 0.771788 0.116462 -0.0121933 -0.0991265 : 0
-0.0941578 0.249005 0.499509 0.0511 -0.051752 0.103428 0.218334 -0.0144991 0.0409307 : 0
0.00738236 0.28043 0.0955067 0.619594 0.054692 -0.125858 0.0898131 0.056916 0.158189 : 0.5
-0.306418 0.180908 -0.0254247 -0.0189792 -0.0285192 0.1059 0.069373 0.225946 -0.101006 : 0.3
0.00111113 0.210159 0.587989 -0.153055 0.334567 -0.0254417 0.497316 0.177608 0.119031 : 0.3
-0.0666481 -0.108344 0.0794203 -0.338878 -0.249468 0.117573 0.121146 0.114248 0.737545 : 0.1
-0.0546367 -0.143089 -0.282999 0.0117409 -0.0415968 0.126277 -0.1624 0.0790991 -0.177649 : 0.3
0.0374258 0.297806 0.0302879 -0.326866 0.0161751 -0.152091 0.00315341 -0.221452 -0.229701 : 0
0.0497927 0.0113962 0.192968 0.169411 0.665551 -0.344101 0.0737634 -0.00932439 -0.179771 : 0
0.33025 0.171189 0.353013 1 0.110896 0.0974818 0.71568 0.0698031 -0.00678241 : 0
0.785606 0.10637 0.0990162 -0.0642223 -0.0693865 -0.07472 0.137751 0.0592843 0.540772 : 0
0.322257 0.227259 -0.0839299 0.388019 0.154814 -0.0256709 0.0525462 0.109527 0.0644921 : 0.1
0.283791 -0.0758056 -0.190616 0.459678 0.171798 -0.304241 0.188755 -0.100782 -0.0731067 : 0
-0.417857 0.124621 -0.49019 -0.30739 -0.564278 0.123949 -0.0841221 0.237551 0.0768047 : 0.1
0.0745078 0.235807 -0.614638 -0.0139468 0.821563 0.0775859 0.246554 -0.0878639 0.174908 : 0.4
0.189967 0.633579 0.060802 -0.172984 0.209528 -0.68818 0.271067 0.135824 0.116435 : 0.1
0.309225 0.327194 0.257827 0.0270257 0.0838363 -0.365697 -0.127427 0.050276 0.151581 : 0
0.309923 -0.0546697 0.0196816 0.104705 -0.226275 -0.417369 -0.0749297 1 0.0215275 : 0.3
0.198181 0.107544 0.0104723 0.021461 0.379803 0.329248 0.240988 -0.209833 -0.572974 : 0
0.067336 0.494454 -0.0684869 -0.344993 -0.0411079 -0.113133 0.0187565 -0.161156 -0.293378 : 0
-0.325691 0.05926 0.231108 -0.372289 -0.0797123 -0.170911 0.985453 -0.139213 -0.304159 : 0
0.0264739 -0.0142246 0.0044298 -0.099876 0.902707 -0.346952 -0.939045 -0.218253 -0.068143 : 0
-0.124197 0.143809 0.0776832 -0.0964112 0.492398 -0.418309 0.00205432 0.679318 0.202945 : 0
-0.0975175 0.877304 -0.125202 0.0357273 1 -0.15002 -0.0298714 0.395029 -0.061908 : 0
0.0120117 0.864265 0.230777 0.00864387 0.0905872 0.0185866 0.192094 -0.149268 -0.146285 : 0.1
0.0291609 -0.156655 0.614724 0.0075767 -0.179444 -0.252345 -0.0637086 -0.265679 -0.129456 : 0
0.100167 0.0800939 -0.201429 0.0329553 0.20801 -0.316513 0.0355899 0.609855 0.00918221 : 0.5
-0.0893904 0.631421 0.210913 -0.401049 0.497897 0.0927255 0.0779597 0.543465 0.361621 : 0
-0.25093 0.0278516 0.0231245 0.135066 0.562251 -0.336827 0.365686 -0.0496098 -0.618341 : 0
0.0570634 0.00479925 0.1169 -0.180485 -0.0214157 0.0697592 -0.18375 -0.185115 0.0482483 : 0
0.187332 -0.731029 1 -1 0.230455 -0.00985587 0.0259938 0.304522 0.0594986 : 0.1
0.203131 -0.0796992 -0.182166 0.465292 -0.318754 0.286906 0.461787 -0.224076 0.449988 : 0
0.0316469 0.111988 0.179335 0.0362889 -0.0721384 -0.0389859 -0.0452594 -0.275144 -0.154186 : 0
-0.0826141 -0.194662 -0.0423132 0.274812 0.926213 -0.212916 0.132734 -0.0274777 0.154649 : 0
0.353338 -0.368921 -0.0422301 0.494702 -0.111232 0.502375 0.710467 0.481583 0.996508 : 0.1
1 -0.0377551 0.450787 0.0681251 -0.152451 0.224542 -0.277903 -0.0864757 0.0602691 : 0
-0.296078 -0.258424 0.0079414 0.0864294 0.151708 0.306412 0.18013 0.301164 0.260183 : 0.4
-0.0120728 0.0205729 0.356994 -0.0992893 -0.0180335 0.880733 0.407246 1 0.241291 : 0.1
0.390945 0.95849 0.0110157 1 -0.00260802 0.179529 0.289074 -0.0971728 0.339304 : 0
0.229986 0.0813496 0.834768 -0.153279 -0.0834944 -0.26509 0.17479 0.0311038 -0.056889 : 0
0.272344 0.195434 0.265056 0.038691 0.158651 -0.110452 0.206217 0.405227 0.266653 : 0.4
0.33303 0.850684 -0.271148 -0.239347 0.0525542 -0.44676 0.0856322 0.239209 0.117717 : 0
0.322347 -0.620708 0.0397484 -0.0143055 0.179213 -0.195719 -1.1839e-05 -0.0149207 0.284538 : 0.3
0.500276 0.0603735 0.53825 0.355615 -0.0698286 0.0886297 -0.256824 -0.0394147 0.148386 : 0
0.0560684 0.305553 0.329933 0.36251 0.30277 0.0303811 0.278503 0.106539 0.0153848 : 0
0.114924 0.000496149 -0.00733542 0.16594 0.0757174 -0.236978 0.0995902 0.979528 0.165181 : 0
0.126489 -0.0903894 0.537152 -0.773122 0.595625 -0.114989 -0.0879865 0.242946 0.00118593 : 0
-0.172716 -0.161176 0.0805524 -0.0593684 -0.0978039 -0.0426862 0.0866909 1 0.222371 : 0
0.0903561 0.599495 -0.124769 0.346622 -0.497723 -0.0622065 0.521373 -0.0588933 -0.109685 : 0.1
0.35094 0.0343557 0.0718178 0.258543 -0.145835 -0.465953 -0.0398249 -0.0684838 -0.160119 : 0
0.270668 -0.220385 -0.0402279 -0.453735 0.0405568 -0.285892 0.076023 -0.0746381 0.0639782 : 0
0.142936 0.071819 1 0.260193 0.589884 -0.067628 0.236418 -0.110255 0.0457343 : 0.1
-0.0904053 -0.208614 0.300627 -0.233195 -0.260575 0.359374 0.198625 0.128684 0.763794 : 0
0.315205 0.600903 0.059554 -0.660044 0.282123 0.642714 -0.0772632 0.155959 0.216473 : 0
0.192127 -0.102566 0.00591275 0.166725 -0.168078 1 -0.279468 0.00384025 -0.328935 : 0
0.0197798 1 0.363864 -0.2186 0.334811 0.0626834 0.0805261 0.936965 0.350769 : 0.4
1 0.00827885 1 0.164622 0.28926 -0.465369 -0.0421204 -0.244713 -0.115592 : 0.1
0.214985 0.270447 -0.421488 -0.0924008 -0.187777 0.071006 0.174641 0.1644 0.0634969 : 0
0.469471 -0.288076 -0.379365 -0.646559 -0.0297688 0.136484 0.00781244 0.104338 0.0517914 : 0
-0.603005 -0.302769 0.260371 0.0664247 0.300162 -0.0276195 0.0449927 0.215449 0.16236 : 0.1
0.180059 -0.287685 -0.179241 0.0859278 -0.200618 0.0474998 0.489347 -0.397737 0.605061 : 0
-0.0485814 -0.0143941 0.144541 -0.569931 -0.282712 0.135337 0.217978 -0.0509584 0.352253 : 0.1
0.213656 0.787732 -0.246013 0.0981063 0.228205 -0.100501 0.0651458 -0.022623 0.0850287 : 0
0.101714 0.0308974 -0.0637441 -0.129677 0.378717 -0.0191413 0.172936 0.193994 0.0629046 : 0
0.330527 -0.227307 -0.217036 0.0268124 -0.556711 0.0484585 0.0665127 0.251456 0.183673 : 0
0.120145 -0.0838022 0.0533554 0.0735218 0.493281 -0.192161 0.119532 0.357369 0.151184 : 0
-0.097531 0.0991552 0.0890753 0.447781 0.0515701 -0.283384 -0.0310869 0.43997 -0.0965217 : 0.3
-0.137286 0.496929 0.1954 -0.698693 0.275632 0.44542 -0.169554 -0.192416 -0.187669 : 0
0.00799569 -0.153389 0.253448 0.0187474 0.801571 0.398004 0.20023 0.120669 0.93954 : 0
0.976866 -0.14096 0.596923 -0.0974056 0.2655 -0.327581 -0.010814 -0.0425754 -0.16631 : 0.3
0.0871892 0.407316 0.155207 0.273343 0.306907 0.0465701 0.435202 0.0302116 0.0839167 : 0
-0.0410768 0.619907 0.276704 0.0874832 0.0879416 -0.0268462 -0.0582478 -0.0797715 0.387457 : 0
0.0838369 -0.0162397 0.0966726 -0.304798 -0.033341 0.168167 0.170558 -0.0333144 0.138842 : 0
-0.159216 0.309516 -0.224773 0.815366 0.621175 -0.25157 0.566257 0.497681 0.0872934 : 0.3
-0.706751 0.392074 0.0192492 -0.0705246 -0.0556802 -0.0994613 -0.0541002 0.0778143 1 : 0.1
-0.407961 0.132409 1 -0.188938 0.181899 0.553838 0.0465968 0.201781 -0.0328309 : 0
-0.140179 -0.148628 0.77777 0.386939 -0.0313762 0.206807 0.760832 0.100386 0.902194 : 0
-0.204384 -0.0820828 0.0430982 -0.25672 0.0468998 0.241081 0.0379741 0.0486471 0.158775 : 0
0.674187 0.25946 -0.0374303 -0.236391 -0.0811355 -0.310101 -0.00312556 0.476444 -0.0761684 : 0.3
-0.86222 -0.121271 0.125458 -0.198139 0.213216 -0.000138626 0.356367 0.0720344 0.385902 : 0.1
-0.0862882 -0.122196 0.0524931 0.131188 0.352603 -0.307015 -0.086123 1 0.448818 : 0
-0.0934213 -0.014308 0.0454609 0.37465 0.297794 -0.153137 -0.0593827 1 0.0450635 : 0.1
0.0489437 0.077425 -0.00436358 0.166862 0.0264146 0.179208 0.373543 -0.00157271 -0.0739942 : 0.1
0.0912094 -0.0291606 0.115979 -0.111658 0.0399468 0.138782 0.365338 0.887766 1 : 0
0.00686465 0.0360083 0.113872 0.137799 0.124912 -0.0307794 0.837961 0.223869 0.355191 : 0
-0.535583 0.025555 0.0501912 -0.214814 0.102245 -0.271793 -0.263249 0.069625 0.242665 : 0.4
0.553777 -0.0813569 0.24077 0.240833 -0.203383 -0.985816 -0.106107 -0.0439299 -0.0536728 : 0
-0.0375415 0.373629 0.549805 -0.0335408 0.292129 -0.00603822 -0.328641 -0.0258524 0.194903 : 0
-0.184124 0.839211 -0.0287753 -0.127086 0.893755 0.120874 0.0537887 0.0268846 0.0267908 : 0.5
0.626817 0.0163682 0.0195264 0.0518275 -0.173686 -0.0355298 -0.0594459 0.464192 0.233958 : 0
0.00147904 -0.187114 0.0393231 0.256324 0.086998 0.261552 -0.395804 -0.0518718 0.22376 : 0
0.159928 0.0720907 0.596426 -0.235594 0.209491 -0.395161 0.0502316 0.654745 -0.083988 : 0
0.765676 0.733105 -0.285664 0.278931 0.7834 -0.321916 0.019405 0.323637 0.110675 : 0.4
0.109059 0.113941 0.118905 -0.258085 0.940187 0.0967443 0.34013 -0.45251 0.0385742 : 0
0.0538547 0.105506 0.167241 -0.048144 -0.0212164 -0.28115 0.166009 -0.0887792 -0.164696 : 0.2
0.0359157 0.296208 0.330911 0.360848 -0.244002 0.301545 0.0711416 0.0782964 0.0513541 : 0.1
0.157853 0.530155 0.361959 0.0611477 0.125336 -0.194972 0.0509529 0.0800187 -0.0292778 : 0
-0.197256 -0.429546 0.99565 0.322326 -0.187771 -0.110452 -0.116323 0.227033 0.0648912 : 0
0.136354 0.391688 0.0280028 -0.0992564 -0.0960856 0.0991673 0.0974808 0.0295076 0.0616385 : 0
0.0395913 0.145328 -0.0513665 0.104299 -0.207333 -0.0799196 0.0819865 0.177781 -0.0530969 : 0
0.139934 0.0491293 0.596483 0.24853 0.0780091 -0.228065 0.478466 -0.00500497 0.0253408 : 0
0.249239 -0.154258 0.0564487 0.0999987 0.090272 0.0881205 0.0300861 0.0944505 -0.0992063 : 0
0.822354 -0.172876 -0.0457989 0.321517 -0.0901837 0.587426 -0.0910464 -0.0833297 -0.098364 : 0.1
-0.00588734 0.114387 0.747904 -0.139374 -0.120779 -0.149202 0.313284 0.0374921 0.110886 : 0
0.103282 0.297238 0.0327104 0.297119 -0.122181 -0.556199 0.183874 0.950151 0.154563 : 0
0.100019 0.071873 0.465729 0.110476 0.020315 1 -0.101304 0.469699 -0.0773747 : 0.1
0.0989793 0.00781894 -0.0105976 -0.215311 -0.0738436 0.0681414 -0.272613 -0.242063 0.0176248 : 0.6
-0.281756 -0.578475 0.629918 -0.179199 0.408039 0.22987 0.109891 -0.0981806 -0.0163566 : 0
-0.231646 0.0790395 -0.0696727 -0.153586 -0.233275 -0.369322 0.211413 0.300842 -0.318093 : 0
0.116849 0.0500735 0.102279 0.250399 0.387203 -0.475695 0.215762 0.0835527 -0.32072 : 0
-0.21117 0.668874 -0.0334916 -1 0.0571258 0.0466255 0.0467453 -0.107267 0.212844 : 0
0.0789606 0.151233 0.288497 -0.695147 0.273638 0.158082 0.0556586 0.505737 0.17158 : 0
0.340238 -0.157634 0.124912 -0.288114 0.0635876 0.0861872 -0.0557301 -0.272464 0.00246048 : 0.1
0.336549 0.575267 0.155274 -0.181228 0.0817718 0.132971 0.157787 0.083028 0.124904 : 0.1
0.559546 -0.247678 0.239376 -0.102483 0.136157 -0.11428 -0.0563498 -0.0675265 -0.00597689 : 0
-0.02615 0.238818 0.350376 0.17984 0.970246 0.429666 0.327663 0.00432368 0.154607 : 0.4
0.373386 0.46974 0.341548 0.0251179 0.0691928 0.0225552 -0.00999182 -0.152595 -0.0497011 : 0.1
-0.00928605 0.0760115 0.16487 -0.211995 -0.00281207 -0.300718 -0.214321 -0.220938 0.0701248 : 0.3
-0.0918041 -0.0675778 0.285482 0.129832 0.460265 0.157678 0.210125 0.0223 -0.0960904 : 0.1
0.0622222 -0.0143235 0.156286 -0.0614043 -0.0177912 0.121221 -0.202273 0.46122 0.00303131 : 0.6
-0.0736207 -0.297043 0.353917 -0.230194 0.059938 0.795687 0.0628362 0.0752133 -0.235659 : 0
-0.377253 -0.113053 0.0401337 0.157697 0.020391 0.205066 -0.242319 0.502352 0.155262 : 0
0.815231 0.374011 0.257184 -0.0780205 0.402104 0.212221 -0.454059 -0.115102 0.210238 : 0.7
0.181814 0.243091 1 -0.473005 0.117574 0.308974 0.0242448 -0.0254067 0.246177 : 0
-0.151269 0.0249354 0.108095 -0.0496874 -0.0933821 0.0260736 0.0174434 0.0909206 -0.0702504 : 0
-0.040949 -0.134234 0.309982 0.127869 0.559492 0.0596846 -0.225924 -0.23402 -0.393857 : 0
-0.598374 -0.212777 -0.0158243 -0.104908 1 0.0349092 0.218576 -0.23901 0.482968 : 0
0.187886 0.182293 0.0115242 -0.216831 0.123921 0.0430242 -0.180478 -0.0482832 0.0479795 : 0.3
0.0573395 -0.0671026 0.570527 0.138675 -0.348796 -0.179921 0.285035 -0.381147 0.0175073 : 0
-0.070831 0.0623888 0.32307 -0.198996 0.109176 0.084958 -0.307155 0.23802 0.586083 : 0
-0.122682 0.0592149 0.351306 -0.0194614 0.033108 0.572087 0.203466 0.112227 -0.0139538 : 0
-0.275649 -0.0136424 -0.010536 -0.4502 0.0558256 0.178047 0.00359879 -0.316116 0.140427 : 0
-0.0781545 0.351386 0.29974 -0.257134 0.53379 -0.0317353 0.124087 -0.144862 -0.0652334 : 0
-0.0890599 0.14504 0.370755 -0.16612 0.175744 -0.0866756 0.370461 0.0457423 0.796759 : 0
-0.16237 0.00797385 0.259487 0.488131 0.991515 -0.542877 -0.0386772 0.0902148 0.145856 : 0
-0.0474474 0.382659 0.49289 -0.222167 0.310578 -0.635268 -0.0832592 -0.147841 -0.0759557 : 0
0.139038 0.0365407 0.0490532 0.0971361 0.0476025 -0.862125 0.0368528 0.198189 0.197025 : 0
0.122591 -0.0894087 -0.0730751 0.142114 0.074483 -0.105963 0.183066 0.230549 0.139614 : 0.3
0.11271 0.01817 0.154685 -0.123502 0.0850382 -0.358636 -0.0960937 0.456708 0.27423 : 0
0.114221 0.000396907 0.371269 0.252172 -0.193255 -0.104295 0.0417212 0.0925711 -0.308296 : 0
0.0271696 0.161121 0.0796248 -0.149574 0.465277 0.233938 0.442616 -0.615392 0.105227 : 0.3
-1 -0.500945 -0.174849 0.00775611 0.00666569 0.158765 -0.304764 0.244942 0.0286602 : 0
-0.00677802 0.144351 0.0256767 -0.151287 -0.0480832 -0.0444253 0.147047 -0.0782522 -0.537289 : 0.6
0.142189 0.111126 -0.398616 -0.219389 0.69862 -0.945555 0.311516 0.059244 0.102017 : 0
-0.0056688 0.633753 0.296788 -0.213436 -0.105781 0.126358 -0.320858 -0.0970048 -0.195659 : 0
0.481663 0.0559416 -0.505544 0.808423 0.452064 -0.0605838 0.134098 0.288093 0.18945 : 0
0.219754 -0.0517087 0.294462 -0.23148 0.209204 0.104558 0.202191 0.457964 -0.00620623 : 0
0.036824 -0.100431 0.656616 0.0573126 -0.131936 -0.076019 0.286802 0.202564 -0.147156 : 0.3
0.942843 0.096259 -0.834271 -0.123892 -0.305946 -0.251737 -0.00696336 1 0.187023 : 0.4
0.234289 -0.0508537 0.0333941 -0.199974 -0.0742608 0.211656 0.280014 0.0272523 0.172937 : 0
-0.202717 0.21548 0.0391912 0.0600619 -0.161987 -0.0593337 -0.41284 0.00307893 0.260735 : 0
0.170109 -0.145539 -0.126197 -0.719592 -0.343554 -0.16326 0.753086 -0.478541 -0.143456 : 0
0.0804673 0.187729 -0.092893 0.0236667 -0.168349 0.11494 -0.00962317 -0.25966 0.0485215 : 0
0.210844 0.0811885 0.121624 -0.0257514 0.477235 -0.0639218 0.557521 -0.130555 0.0182178 : 0
0.164355 0.303775 0.203667 0.555791 -0.00139447 -0.204148 0.0792376 1 0.055906 : 0
-0.11137 0.818511 0.0988105 0.310002 0.185406 0.0167676 0.356136 0.346793 0.432463 : 0.1
0.0497781 -0.474976 0.0231794 -0.0100356 0.0521694 0.0535073 0.0618523 -0.0439487 0.243509 : 0
0.313448 -0.0902629 -0.331186 -0.00475165 0.230758 0.15324 0.11401 0.258063 0.202814 : 0.2
0.0312725 0.44335 0.143781 0.0552374 0.324554 0.195598 -0.0934178 0.102572 0.080025 : 0.1
0.0483222 0.107546 0.109433 0.0177849 -0.436061 0.0992288 -0.133145 1 -0.0348041 : 0
0.167119 -0.282391 -0.175361 0.160057 -0.062423 0.09221 -0.11282 0.0253559 0.184598 : 0
-0.114599 0.601349 0.449159 0.161151 0.424979 0.187412 0.137472 -0.18425 -0.0435605 : 0
0.23491 0.178447 0.345599 -0.0132831 0.07551 0.146237 -0.0918382 -0.370285 0.0282016 : 0.1
0.467521 0.236947 -0.411341 -0.350483 0.130284 -0.055159 -0.388112 -0.045192 -0.38829 : 0
0.034226 1 0.302801 -1 -0.188147 0.0892064 0.28231 0.37289 -0.282101 : 0
0.0967763 0.274335 0.0508453 -0.233133 0.227711 -0.0476162 0.0364844 0.0955457 0.166455 : 0
-1 0.383013 0.0478679 -0.308826 -0.0137759 -0.440697 0.37888 0.572395 -0.0963038 : 0.2
-0.0984558 -0.230146 -0.0962933 -0.127715 -0.168302 0.581436 0.0138392 -0.364488 -0.11186 : 0.1
-0.13033 -0.0524825 -0.050746 -0.202774 1 -0.0521352 0.0454764 0.040476 0.528272 : 0.1
-0.169058 0.307379 0.186951 -0.205852 0.133619 0.127861 -0.326067 -0.0921552 0.0140373 : 0
0.0770841 0.550157 -0.216809 0.107794 0.0814993 0.0361809 -0.072848 -0.0173829 0.17024 : 0.5
-0.0805792 -0.22295 0.0315872 0.102441 0.124273 0.460043 -0.00809848 0.609832 -0.448396 : 0
0.486518 0.713582 -0.111267 -0.14994 0.452441 -0.0373198 0.0187751 -0.0927668 0.0756142 : 0.6
-0.0766521 0.133181 0.0730494 -0.299948 0.331868 -0.120624 -0.607308 0.185072 -0.115641 : 0
-0.0297556 -0.22913 0.483865 0.21501 1 -0.304436 0.29624 -0.344692 -0.0872216 : 0.1
-0.0555292 0.506617 -0.348063 0.051336 -0.0174375 0.0546609 0.156233 0.0877162 0.0624546 : 0
0.106658 -0.0873993 -0.0968064 0.0972146 -0.150303 -0.682858 0.141933 -0.0090915 0.0685915 : 0
0.182783 0.858075 0.051448 -0.0685045 0.0321328 -0.193316 0.440464 0.443909 -0.0248739 : 0
-0.466224 0.052585 -0.182707 0.195547 -0.116026 -0.0910391 0.273817 0.397495 0.105039 : 0.2
0.343012 0.13699 -0.00528197 0.0376998 -0.0238138 -0.0570837 0.368945 0.549613 0.312467 : 0
-0.563596 0.483525 -0.0435105 0.150316 0.965165 0.119542 0.243262 0.101548 0.302982 : 0
0.0723653 0.0275193 -0.137969 -0.245407 -0.0486709 0.0637478 0.155299 0.515577 -0.0339095 : 0
-0.0699168 -0.00994277 0.0100703 0.281289 0.037582 0.468218 -0.23052 -0.196355 -0.296993 : 0
0.0334798 0.069315 0.254073 0.152629 0.314941 -0.200901 0.0301746 -0.256386 0.131569 : 0
-0.069162 0.0971137 1 -0.390115 -0.0972214 -0.0846789 0.472414 0.626654 0.346167 : 0.4
0.0666345 0.171749 -0.0574141 0.194368 0.0778091 1 0.0737996 0.001261 -0.0828453 : 0.1
0.174199 0.250037 0.128663 0.0591489 0.141418 -0.184536 -0.079404 0.069784 -0.340529 : 0.3
0.0371655 0.18696 -0.601964 -0.172908 0.864249 0.186171 -0.051616 0.0506349 -0.110163 : 0.3
-0.398392 0.352075 -0.17606 0.0454459 0.692957 0.128181 0.488001 -0.0793231 0.150775 : 0
-0.161145 -0.111204 0.752238 -1 0.321737 0.358697 0.327075 -0.116547 0.0356002 : 0
-1 0.345268 0.251632 -0.0695003 -0.0602091 0.102142 -0.043543 0.190255 -0.0952688 : 0
0.0620163 0.942348 0.106095 0.191668 -0.247621 -0.0205206 0.521483 -0.0297685 -1 : 0.4
0.00354989 -0.0476585 0.362609 -0.269198 -0.0454645 0.276044 0.437905 -0.0145219 -0.15027 : 0
0.165811 0.297772 0.0621122 -0.0141328 0.0124147 0.177489 0.053076 0.0536878 0.139336 : 0.1
0.0910671 0.21259 0.313646 0.163456 0.359635 -0.16996 0.312108 0.325936 0.0612389 : 0.3
0.212242 0.979528 -0.429023 0.0191458 -0.0277728 0.0445854 0.0500643 0.0284253 0.196508 : 0
-0.470441 -0.067415 0.210597 0.10547 0.157703 0.0817186 -0.0190259 0.409135 -0.206666 : 0.6
-0.145188 0.0273342 0.0610434 -0.193375 0.0868043 0.110021 0.168246 0.131257 0.397196 : 0
0.330934 0.0278672 0.0585751 0.0106119 0.700292 -0.155777 0.123217 1 -0.114634 : 0
0.0610748 0.105524 -0.553637 0.0369231 -0.0169645 0.00152688 0.183604 -0.228326 0.0993839 : 0
0.00125554 0.17453 0.35076 -0.504398 0.696136 -0.307176 0.190091 0.0990054 0.222431 : 0.6
-0.0524797 0.670972 -0.0861894 0.179994 0.534786 1 0.237076 -0.00909827 -0.0241483 : 0
-0.575922 0.706249 -0.191781 -0.156432 0.409628 0.67105 0.0541087 0.37023 -0.0141134 : 0
0.173763 0.0713536 0.491898 0.284425 0.116377 0.190052 -0.22284 -0.00271367 0.0237049 : 0
0.277468 0.0528989 -0.0759065 0.0667348 0.370021 -0.268969 0.344448 0.226545 1 : 0
0.104762 0.163299 0.170204 -0.227947 -0.0815984 0.0398776 0.0735118 0.0372212 -0.0507886 : 0
0.00611454 0.0204978 0.890384 0.304996 -0.21582 0.171261 0.094653 -0.0813443 0.0749409 : 0.5
0.127812 -0.0026674 1 0.357472 0.549711 -0.0389969 0.432526 0.22398 -0.0224625 : 0.1
0.214647 0.653855 -0.251076 -0.108506 0.290518 0.143222 0.134836 1 0.425765 : 0
0.429558 0.0404954 -0.425668 -0.0577021 0.0742679 0.225385 0.197947 0.047088 -0.393645 : 0.4
0.0736167 0.631179 -0.0191889 -0.0853632 0.216242 -1 -0.00154704 0.235329 0.33682 : 0.4
-0.427586 0.294041 0.708716 -0.626572 0.173261 0.563186 0.0193217 -0.363941 -0.0312702 : 0
-0.72468 0.337496 0.209931 -0.0015246 -0.00396511 0.157536 0.0314959 0.111969 0.966338 : 0.1
-0.096353 0.044264 -0.118521 -0.100477 0.522244 0.446112 -0.0422621 0.186622 -0.0722856 : 0
0.231756 1 0.122533 -0.187496 -0.0187608 0.277153 0.00908857 0.411867 0.564523 : 0
-0.104569 0.029727 -0.0703336 -0.106125 0.112511 0.43469 0.033337 -0.183198 -0.0232623 : 0
0.0220431 0.109944 0.0879064 -0.0678123 0.206672 -0.027384 0.188195 -0.0459277 0.22639 : 0
-0.14538 0.271211 -0.423076 0.174639 0.470013 -0.254314 0.181234 1 0.227938 : 0.1
0.474356 -0.171999 0.314401 -0.179057 -0.389008 -0.605782 -0.123549 -0.175211 0.0753625 : 0.1
0.142266 0.259103 0.845376 0.0912484 -0.0335216 -0.140035 0.0354182 0.0636458 0.852652 : 0.1
-0.18153 -0.738226 0.483287 -0.197118 -0.365692 -0.262385 -0.0462952 0.160061 -0.154103 : 0.2
-0.0419055 0.146733 -0.0874234 0.1515 -0.184249 -0.112689 0.0180681 -0.0256119 0.503935 : 0.1
-0.161905 0.0141335 -0.125334 -0.0331198 -0.309241 -0.923251 -0.0279656 -0.526905 0.471991 : 0
0.134502 0.299189 0.351822 -0.171862 -0.149438 0.04601 0.452365 -0.016412 -0.0196546 : 0.4
0.0989499 -0.151265 0.249676 -0.480917 -0.203362 0.490434 0.492842 0.400179 0.182119 : 0.2
0.112329 -0.048258 0.142878 0.510713 -0.021904 -0.187378 -0.0439135 0.136537 0.0224385 : 0.1
0.111499 0.374062 -0.0133708 -0.014607 0.497859 0.181771 0.067008 0.332241 -0.11002 : 0
0.276883 -0.0174938 0.0813285 -0.00931367 0.39533 0.64588 0.234536 -0.0217213 0.109827 : 0.1
0.379293 -0.160988 -0.0242033 -0.53708 -0.223268 -0.414032 0.0999019 -0.0362385 0.0388 : 0
-0.125838 0.569743 0.0600114 0.127991 0.185476 0.30337 0.196016 -0.0253776 -0.0838085 : 0.4
-0.0846714 0.175263 0.0388995 -0.0384737 0.00261773 -0.428091 0.257374 0.607394 0.434398 : 0.1
0.013616 0.091274 -0.592365 0.0899321 -0.183098 0.153481 0.028659 0.276316 -0.0430885 : 0.1
-0.11066 0.246022 0.191175 1 -0.0576039 0.335278 0.446383 0.206191 -0.102191 : 0
-0.173064 -0.051853 0.929579 -0.500688 -0.115119 -0.242314 1 -0.110648 -0.549966 : 0
0.550891 -0.0939519 -0.122548 0.261099 0.443657 -0.0438499 -0.180561 0.194357 0.0465259 : 0
0.287923 0.0901569 0.259781 0.294465 -0.0397969 0.0873771 0.34707 0.238276 -0.176945 : 0.2
-0.1051 -0.588802 0.152703 -0.167067 -0.217402 -0.204032 -0.0317976 0.12808 0.261995 : 0.2
0.139789 0.420481 -0.0525635 0.0268975 0.00246209 0.308821 0.378028 0.000241697 0.263381 : 0.5
0.460066 -0.00855477 -0.139045 -0.341888 0.0268197 -0.20779 0.186894 -0.101186 0.325681 : 0.5
0.109872 0.585657 -0.0246105 0.0945594 -0.114366 0.0112445 0.537383 0.209868 -0.0362353 : 0
-0.0555082 0.105817 0.167719 -0.219154 0.188436 -0.0468677 0.0794948 0.0612407 0.0813466 : 0
0.0339924 0.356877 0.156241 -0.198048 0.269738 -0.00172821 0.0810265 -0.190781 0.0302629 : 0
-0.100363 0.131175 0.740171 1 -0.238588 0.455318 0.139756 0.173169 -0.298135 : 0.5
-0.349961 0.639736 0.654141 -0.0874768 0.405266 0.154572 0.171081 -0.0686333 0.413312 : 0
0.115438 0.543992 -0.233128 0.41824 0.172936 0.187665 0.2322 0.025144 -0.167436 : 0
0.289155 0.244543 0.156395 -0.241491 -0.141013 0.101048 0.0396457 -0.0260334 -0.193186 : 0
0.310964 -0.413058 0.0977494 -0.0690265 -0.0452465 0.0788216 0.1774 0.0166661 0.198795 : 0.1
0.0791839 0.0772997 -0.150902 -0.157433 0.694785 0.0220867 0.226356 -0.3042 -0.34565 : 0
