-0.0580245 -0.193285 0.40564 0.250522 -0.228537 -0.119224 -0.432056 -0.118368 -0.123974 : 0
0.0760097 -0.202899 -0.0387657 0.854299 -0.198511 0.859632 0.802631 0.0442867 0.242138 : 0
-0.160091 0.0426926 -0.612234 0.487984 0.177701 0.176053 -0.075063 -0.0332076 0.10993 : 0
-0.297071 0.0532306 -0.0267991 0.421253 -0.0186745 0.186405 -0.148941 0.206022 0.303166 : 0
-0.225432 0.00951869 0.416599 -0.0868948 0.047614 -0.234162 0.142306 0.0440392 0.00869572 : 0.4
0.124692 -0.0117387 0.0652975 -0.324253 -0.0611903 0.200328 0.11345 0.229342 0.485474 : 0
-0.273089 0.713396 0.259311 0.038532 -0.0112265 0.146027 0.0970749 -0.24108 0.714429 : 0
-0.207909 0.162637 0.0978798 -0.33345 -0.16231 -0.181993 -0.687344 -0.074741 0.0758813 : 0.1
-0.0431207 1 0.199132 -0.766829 0.0966472 0.419682 0.539228 0.245163 -0.0817783 : 0
-0.181265 0.763204 0.0370272 0.239507 -0.218097 -0.153631 -0.285176 -0.162948 -0.206471 : 0.1
0.0923155 1 -0.0555125 -0.252444 -0.201476 -0.199474 -0.132457 0.24757 0.295935 : 0.2
-0.159279 0.563294 0.203547 0.194306 -0.00164605 -0.35524 -0.156462 0.151836 0.115301 : 0.3
-0.589283 -0.522829 0.167006 -0.465585 -0.0811591 -0.198795 -0.117889 0.0231348 0.127517 : 0
-0.232999 -0.0175572 -0.0786039 0.1901 -0.0490999 -0.139641 0.0653594 -0.112215 0.292724 : 0.1
-0.964104 -0.126175 0.0318268 -0.115862 -0.0877957 0.861802 -0.0813837 0.183026 0.0680432 : 0
-0.390389 -0.0568126 0.234124 -0.0331317 -0.0611591 -0.00683379 0.371735 0.322082 0.0389096 : 0
-0.0833748 0.0403409 0.252728 0.477465 -0.0861302 0.116621 0.127147 0.171079 0.354409 : 0
0.38163 0.0456389 0.245382 0.33706 -0.00691035 0.102981 -0.0140313 0.172599 0.485735 : 0
-0.380283 0.707973 0.684757 -0.0106376 -0.00144675 0.0623507 0.0231497 -0.109427 0.499864 : 0.1
0.0582005 0.939197 0.3276 -0.0155423 0.16194 0.286459 0.134426 -0.243071 -0.359063 : 0.2
0.028444 0.73849 0.0106997 0.22377 0.176912 0.00782486 0.30433 0.331627 -0.325447 : 0.3
-0.139753 0.765383 0.142935 -0.0325245 -0.117055 -0.0273068 -0.167646 0.163555 0.0812983 : 0
0.276073 -0.00395846 0.201935 -0.100513 -0.0691973 0.0199775 -0.407787 0.206006 0.213589 : 0
-0.0277817 0.855279 -0.0433713 -0.147969 0.678964 0.262191 0.0552604 0.236606 -0.271844 : 0
0.0124696 0.140307 0.556818 -0.097178 0.195322 -0.194786 0.103646 0.027486 0.0717683 : 0
0.0673977 -0.196864 0.621899 -0.0637822 0.430964 0.0863919 0.00130172 0.0380666 0.0219724 : 0
0.222991 0.16784 0.737657 -0.109377 0.23981 -0.65444 0.407129 0.479623 0.0847453 : 0.1
-0.0826955 1 0.100934 -0.124789 -0.172226 0.293875 0.389483 0.0790548 -0.180349 : 0
-0.033048 0.266834 0.185862 -0.591155 0.100672 -0.377142 0.181306 0.236069 0.105868 : 0.1
0.147412 0.0272826 -0.498069 -0.125053 0.0455002 0.0823622 -0.0111521 0.024527 0.0669715 : 0
-0.0924056 0.0874642 -0.134784 -0.212577 -0.174185 0.14989 0.374912 -0.124687 0.0974525 : 0
0.11215 -0.00899523 0.181715 0.255006 0.0127911 0.0913895 -0.202455 -0.313578 -0.133144 : 0
-0.0625179 0.466637 0.387704 0.375465 0.223013 0.120266 -0.260695 -0.200816 0.221185 : 0.5
-0.199526 0.248365 0.216206 0.210783 0.980238 0.0190812 -0.102066 -0.0659751 0.121022 : 0.3
-0.0359574 0.890082 -0.126324 -0.0814525 0.717601 -0.192897 -0.480071 0.0844056 0.605439 : 0.3
-0.0563504 0.593509 -0.19983 0.846745 -0.00305343 -0.0708655 -0.384549 0.0853949 0.306613 : 0
-0.00719482 0.410287 0.135614 -0.155611 0.602136 -0.367447 0.312202 0.055309 0.0677657 : 0.3
0.0213299 0.48163 -0.0421887 -0.0936901 0.781931 0.670757 0.0194093 -0.371518 0.408454 : 0.1
0.00758164 0.140743 0.0638098 0.166147 0.146135 0.441756 0.70237 -0.335274 0.0637547 : 0.2
0.382669 -0.312976 0.0992925 -0.171009 0.373159 0.119332 -0.0190624 -0.165862 0.337802 : 0
-0.431716 0.534886 -0.230095 0.546411 -0.168851 0.864673 0.0899618 0.0805727 0.228707 : 0
-0.319978 0.19398 0.374189 -0.593179 -0.363422 0.364025 0.143951 0.446346 -0.109248 : 0
-0.21663 0.693351 0.377969 -0.155504 0.259593 -0.523634 0.149162 -0.0484785 0.0151081 : 0.3
-0.397846 0.407532 0.320257 -0.281417 -1 -0.00698821 0.06935 -0.00332573 -0.541552 : 0.4
0.135797 1 0.0455444 0.0250302 0.0521703 -0.797134 -0.116014 0.113597 0.255213 : 0
-0.151643 0.31311 -0.0308383 0.508039 0.664123 0.112571 0.222601 0.144509 0.0380462 : 0.1
-0.0910012 0.255434 0.0299611 -0.251153 0.136872 -0.12419 0.134962 -0.0372082 0.110373 : 0.1
0.186584 0.336592 0.0958979 0.147022 0.908001 0.0650397 0.0150607 0.0385329 0.850785 : 0.6
0.0435199 -0.404031 -0.509605 0.00782878 0.401753 1 0.315479 0.369614 0.205032 : 0.1
-0.0108216 -0.129093 -0.0846531 0.189152 0.191556 0.104331 1 0.115175 -0.202341 : 0
0.109714 0.077527 -0.0304464 -0.0385144 -0.770791 0.231113 0.763538 0.325323 -0.619001 : 0
0.16441 0.611958 0.18425 0.0721632 0.191472 -0.521869 0.0615635 0.094503 0.042977 : 0
-0.284524 0.0355446 -0.0926042 -0.504066 -0.0275822 -0.109157 -0.612015 0.0441063 -0.154053 : 0
0.0751336 0.53896 0.246249 0.0264267 -0.00194561 0.236368 -0.0424695 0.0949925 -0.174704 : 0
-0.110266 0.658468 0.781578 -0.498461 0.72252 -0.128574 0.32304 0.016632 -0.0102564 : 0.4
-0.0586213 0.00392476 -0.0507953 0.215768 0.135598 -0.146779 0.286482 -0.000307441 0.269322 : 0.1
-0.442935 0.583991 0.0483012 -0.356422 -0.146542 0.238887 0.238681 0.353312 0.119597 : 0.1
0.264514 0.00155456 0.158863 -0.0421167 -0.0548356 0.0711056 0.142681 0.121068 -0.258903 : 0
0.153743 -0.312044 0.193736 -0.0834608 -0.150075 0.103823 0.211169 -0.0717392 0.103768 : 0.1
0.15967 0.501373 0.448197 -0.0336414 0.385194 0.378507 -0.370112 -0.116063 0.778098 : 0.5
-0.0852939 0.377126 -0.120298 -0.246959 -0.0248945 -0.0195872 0.110983 0.162896 0.0972142 : 0
0.00155473 0.541206 -0.120604 -0.282102 -0.0713545 0.599985 0.0439156 0.0884714 0.0665751 : 0.1
0.363902 -0.325843 0.277662 -0.135221 -0.269401 0.207329 0.187636 0.725635 -0.20406 : 0
0.110025 -0.379815 -0.0695632 0.0238238 0.0404568 0.541441 -0.224752 -0.737181 -0.296906 : 0
-0.179109 -0.263717 0.211455 0.525912 0.0998875 0.395557 0.161217 -0.297174 0.320812 : 0
0.141662 0.204407 0.120842 0.149795 0.299407 0.335034 0.365509 -0.163377 0.171808 : 0
0.167219 -0.459878 0.0046094 0.0195906 0.0635663 -0.0281276 -0.389173 0.0303114 0.484086 : 0.1
-0.244091 -0.401466 -0.0921103 0.155379 -0.00255654 0.373627 -0.160985 -0.17813 -0.262597 : 0.5
0.15398 0.202381 0.103801 -0.172461 -0.266076 0.254973 0.606652 0.145513 -0.163679 : 0.1
0.165985 0.389845 0.267473 0.0407332 0.0998481 0.486058 1 0.226553 0.318927 : 0.1
0.301882 -0.531753 -0.324183 0.0379947 0.186082 0.301749 0.0828288 0.0611089 0.261758 : 0
-0.352796 -0.0722217 0.317453 -0.171218 0.0946994 -0.165226 0.0546495 -0.136284 0.281127 : 0
-0.0991552 0.168157 0.574592 0.0866773 0.477181 0.0749598 0.0761875 -0.186407 -0.262341 : 0
-0.189891 -0.0033361 0.245227 -0.00504902 -0.195683 0.264094 -0.0776497 -0.269119 0.169609 : 0.5
0.0940519 0.142826 0.176356 0.395716 -0.235815 -0.592452 -0.0174797 -0.391233 -0.0857871 : 0.1
0.139018 -0.316857 0.072161 -0.576204 0.333236 -0.0694829 0.0768911 0.0156883 0.116049 : 0.4
0.282735 1 0.195923 -0.360123 -0.0944402 0.00797593 -0.278262 0.0497997 -0.043246 : 0
-0.0647382 0.197056 0.163072 0.34954 0.0272848 -0.488706 -0.109456 0.417709 0.0997193 : 0
0.370101 0.1685 -0.1158 -0.919915 -0.536868 0.0334023 0.0167885 -0.43952 0.0321091 : 0.4
-0.0933368 -0.643243 0.199074 -0.214133 -0.185202 -1 0.207218 0.0769874 0.617225 : 0.1
-0.279845 0.174791 -0.159803 0.132242 0.0590172 0.661926 0.0561317 -0.212482 0.25218 : 0.1
-0.554219 0.345146 0.727712 -0.623451 0.0399826 -0.471397 0.264867 -0.1125 0.209189 : 0.1
0.116902 -0.243755 0.0601682 -0.10292 -1 0.974887 0.810511 -0.267688 0.302438 : 0.4
-0.419863 -0.635506 0.706503 0.320495 -0.169858 -0.314844 0.010691 0.0489058 0.31977 : 0.4
-1 -0.0617681 0.306543 0.173907 1 -0.0691428 0.0320634 -0.0500402 -0.160683 : 0
0.373818 -0.266145 -0.242378 -0.0543944 0.350078 -0.0280041 0.00297892 0.18911 0.247683 : 0
0.0822686 0.0208346 1 0.141876 0.144014 0.15059 0.262572 -0.0753192 0.012726 : 0
-0.00637877 0.288685 0.172872 -0.0500052 -0.0138211 0.139824 0.121858 0.076121 0.0297241 : 0
0.106826 0.06708 0.854598 0.222882 -0.565887 0.309938 -0.0538897 0.0900459 0.132717 : 0.3
0.0511165 0.589249 -0.180769 0.145092 0.0815277 -0.218605 0.217415 0.17303 0.63911 : 0
0.12317 -0.249895 -0.447065 -0.061604 0.795228 -0.106376 0.128468 0.0862798 -0.175055 : 0.2
-0.164604 -0.297626 -0.025164 -0.151003 -0.0384468 0.359466 0.20677 0.303182 0.00961342 : 0
-0.367881 0.105384 0.735729 0.0418358 0.593584 0.0269464 0.197327 0.0567256 -0.360438 : 0.4
-0.138942 -0.479765 0.0411333 -0.665729 -0.263104 0.0256197 -0.341046 0.0285677 0.237871 : 0
-0.194416 -0.161016 0.146206 0.130456 -0.1406 -0.0204362 0.13406 -0.0550406 -0.0501085 : 0
0.224283 -1 -0.3174 -0.20918 -0.120717 -0.00284927 -0.0973746 -0.0835119 0.376887 : 0.1
0.0379462 0.828525 -0.76643 0.0715025 0.456171 -0.0416505 0.30396 -0.327697 0.225751 : 0
0.0276835 0.345051 0.124993 0.108113 -0.482622 0.515196 -0.00393911 0.149098 0.494165 : 0
-0.42748 0.32205 0.245779 -0.140632 -1 0.0757464 0.0480665 0.22301 0.519302 : 0.1
-0.885932 0.174094 -0.343099 -0.29027 0.388032 -0.394188 0.14011 0.248904 0.0898382 : 0.1
-0.0460615 0.939212 0.0701495 -0.103818 0.203692 0.490499 0.0124294 0.273119 0.502223 : 0.2
-0.260988 0.244227 -0.0272322 0.303845 0.480284 -0.0395928 0.183513 0.145628 0.119414 : 0.2
0.168158 0.436661 0.464595 -0.512357 -0.0378901 -0.0953809 0.0256862 -0.00896916 0.141662 : 0
-0.057882 0.136396 -0.00716028 -0.272442 0.0763356 -0.225085 -0.0291978 0.179077 0.326333 : 0
0.288749 -0.0829361 1 0.783521 0.0354958 0.209507 0.304437 0.222813 -0.329187 : 0.2
-0.0810241 -0.52116 0.0505849 -0.353478 -0.37667 -0.169364 0.383639 -0.323811 -0.387357 : 0
-0.33768 0.937812 -0.060111 0.116052 0.0210806 0.41623 0.650304 0.0246178 -0.0140984 : 0.4
0.304604 -0.325233 0.373815 -0.245156 -0.0287707 -0.0952716 0.108904 0.308941 0.274769 : 0
0.435019 -0.0969079 0.0953533 0.123628 0.218562 -0.898308 0.0231253 0.229933 0.372993 : 0
0.548589 0.332199 -0.048624 0.0285625 0.256055 0.451892 -0.233382 0.0499247 -0.281542 : 0
0.131624 0.148278 1 -0.169805 -0.12882 -0.00947061 0.156186 0.0722295 0.794381 : 0
0.0484759 -0.940509 0.197518 0.279219 -0.0599451 -0.69203 0.152195 0.156405 0.292863 : 0.1
-0.0351431 -0.162633 -0.40688 0.20289 -0.200057 -0.0486126 0.313662 0.0284647 0.0761578 : 0
-0.489322 0.324856 -0.15992 0.0379242 -0.162353 -0.150606 -0.472574 -0.136197 -0.113951 : 0
0.115476 1 -0.019763 0.0986403 0.438632 -0.346052 0.249923 -0.0463358 0.371478 : 0
0.285564 0.184829 0.191653 0.59198 -0.0191407 -0.123113 -0.0145835 -0.0198798 -0.114453 : 0.1
0.0780211 -0.52289 -0.243545 0.61721 0.106684 -0.0561809 -0.147684 -0.219276 -0.0911532 : 0
-0.0975697 0.283562 0.377861 -0.0838013 0.83415 0.236734 -0.0128484 -0.0595885 0.047292 : 0
0.0724873 0.221818 0.0698398 -0.082339 0.0586792 0.0360011 0.0851745 0.046512 -0.633529 : 0
0.122776 0.623788 0.192194 0.925566 -0.0159663 0.308365 0.343942 -0.0390061 -0.331293 : 0.1
-0.0443568 0.277067 -0.0649435 0.0298293 -0.0370534 0.0367657 -0.15218 0.108323 0.151849 : 0
0.161837 -0.361202 0.0953425 -0.0912029 0.893427 -0.0184594 0.00874422 0.0406078 -0.203004 : 0
-0.26399 0.408968 0.22313 0.179369 0.42587 -0.175684 -0.0238598 -0.0544085 0.18461 : 0
0.174718 1 0.297687 -0.0450854 -0.36353 0.0336401 0.416794 0.114746 0.243438 : 0
-0.11953 0.472357 0.165491 0.0734946 -0.0465692 0.0672037 0.264726 0.0644007 0.139402 : 0
-0.286368 -0.412648 -0.346739 -0.332541 0.482391 0.453119 0.00574934 0.252908 -0.0354265 : 0
0.265417 0.819918 0.260001 0.0610484 0.509645 0.362876 0.443587 -0.0514435 -0.0937985 : 0
-0.494284 0.202942 0.541314 0.551602 -0.200401 0.196391 -0.246839 -0.160192 0.178326 : 0
0.0287542 0.449901 0.616811 -0.320985 0.214788 0.677284 0.0587738 -0.136993 0.327579 : 0
-0.0592839 0.125713 -0.445737 0.125559 0.136144 0.516193 0.590449 0.014142 -0.0190341 : 0.1
0.0962268 0.418015 0.0996289 -0.610729 0.414469 -0.261802 0.0233541 0.589696 0.161103 : 0
-0.0131807 -0.201636 0.192117 0.403681 -0.400954 -0.15923 0.00298128 0.250195 0.133403 : 0.1
0.270507 -0.00105929 -0.713691 0.274779 0.0113298 -0.102564 -0.188356 -0.147626 0.0469579 : 0.1
0.106957 -0.0969389 0.0621701 0.105398 0.347069 -1 0.0570983 0.00754851 -0.128461 : 0.3
-0.143989 -0.134267 0.199094 1 0.849557 -0.148429 0.0727375 -0.0644094 0.108638 : 0.1
0.0976172 0.40524 0.188414 -0.195791 0.112735 -0.463402 -0.0180455 -0.549374 0.395815 : 0.3
-0.667543 0.536391 0.413765 -0.608936 -0.375588 -0.279471 -0.113066 -0.248906 0.209033 : 0
-0.0165684 -0.109264 0.0390868 0.438606 -0.0248867 -0.319756 -0.00559828 -0.0154375 0.0435292 : 0
0.141068 -0.138799 0.193206 -0.0477022 0.104563 0.826719 0.136829 0.534935 0.440208 : 0
-0.0858396 0.221155 0.113587 0.324384 0.106455 0.388079 -0.119364 0.111355 0.0207015 : 0
-0.365389 -0.073768 0.139708 -0.0827962 0.0132424 -1 0.0799934 0.127593 -0.732686 : 0
-0.222743 0.197619 0.0628347 -0.161024 0.191974 -0.221883 -0.0196976 -0.124252 0.677712 : 0.1
-0.0913416 -0.433094 -0.271922 0.477383 0.40378 0.156631 0.309545 -0.0149762 0.160708 : 0.1
0.310581 -0.105131 0.581689 -0.246114 0.115837 0.168539 -0.0457113 0.695239 0.122167 : 0
0.2695 0.838644 -0.601789 -0.608806 -0.408128 0.0131198 0.0265454 -0.0593722 0.21853 : 0.3
0.0542497 0.409066 -0.233503 -0.917194 -0.538131 0.280015 -0.152723 -0.241269 0.108544 : 0.1
0.117187 0.39396 1 0.617663 0.533201 0.139936 0.175109 0.521919 0.568677 : 0
0.0692794 -0.409217 0.309584 -0.291341 0.214684 0.33235 0.11756 0.432602 0.0100644 : 0
-0.257931 -0.0794757 0.149495 -0.168451 -0.547858 0.00936919 -0.0428785 -0.000855565 -0.0633435 : 0
0.335424 -0.359581 -0.178942 -0.180425 0.186976 0.345677 0.140164 -0.0274496 -0.155403 : 0.6
0.134201 -0.304315 -1 -0.241046 0.0796824 0.199304 0.500958 0.228752 0.403674 : 0.1
-0.31096 -0.15386 0.118129 0.805063 0.032523 0.273138 -0.0393457 -0.0654899 0.284249 : 0
-0.109632 -0.0710136 -0.11369 0.132724 0.0370919 0.0769094 0.0788842 -0.116533 0.094044 : 0.2
0.0412552 0.757106 0.680482 0.115003 -0.135995 0.256976 0.283562 -0.0491178 0.0634739 : 0
-0.235746 0.700811 0.269116 -0.296573 0.101476 -1 -0.0111907 -0.0803721 0.1272 : 0.4
-0.20732 0.736094 0.221206 -0.219892 0.426423 -0.164327 0.0349978 0.0181848 -0.22328 : 0
0.172745 0.10243 0.155657 0.292429 0.119914 0.126458 0.190833 0.000740126 0.20759 : 0
-0.00775313 0.770472 -0.125303 0.0309345 -0.293175 0.0874103 0.283446 0.0516657 0.0873136 : 0
0.0435005 1 0.258273 0.0874419 -0.423458 0.0159172 0.650095 -0.143787 0.684505 : 0.1
0.403064 -0.264155 -0.363479 -0.0945986 -0.00606866 -0.136393 0.174242 0.422628 0.00297762 : 0
-0.0587324 0.221251 0.987356 1 0.181699 0.272747 0.296424 0.0248699 0.326512 : 0
0.232917 -0.192494 -0.709075 0.84091 0.720724 0.273237 -0.0406499 -0.0242704 0.124624 : 0
0.00452507 -0.109654 0.395714 -0.215728 0.245642 0.0377377 0.0661672 0.478195 0.0769237 : 0.2
-0.0862459 -0.597427 -0.528652 0.139253 -0.00791574 0.042721 -0.424838 -0.0243628 0.0107487 : 0
-0.0435579 0.701382 0.0503388 0.25647 -0.14804 0.361966 0.412355 -0.0547363 0.114909 : 0.3
-0.525784 0.220278 0.0849536 0.594458 0.186505 -0.185629 0.11159 0.346773 0.228503 : 0
0.00301526 0.549096 0.720915 -0.080918 0.105663 -0.294091 0.0222024 0.221262 0.410852 : 0.3
-1 0.0616868 0.30163 -0.0409734 -0.0883605 0.102244 0.157885 -0.12468 -0.581421 : 0
-0.0879603 0.120558 0.199842 -0.0556546 -0.161255 -0.0951029 0.0730353 0.192145 -0.559107 : 0
0.199349 -0.664233 0.0137785 -0.202866 0.0500348 0.177484 0.0093787 0.235925 0.185691 : 0.2
-0.045545 -0.0704479 0.401606 -0.327455 0.193044 0.079765 0.533588 -0.0061891 0.238126 : 0
-0.319023 0.0615367 0.273828 0.0545099 -0.532599 -0.215683 0.736574 -0.0779431 -0.785146 : 0.1
-0.0893593 -0.581659 0.0262211 -0.648899 -0.127781 0.428353 -0.284903 -0.0679821 0.0732818 : 0.2
0.549341 0.713413 0.0977665 0.808666 0.242347 0.482674 -0.0351915 0.269656 0.272332 : 0.1
0.0630712 -0.541895 0.0744402 -0.126011 0.0382874 0.172074 -0.0395472 -0.13601 0.164641 : 0
0.0511516 -0.191211 0.848913 0.422572 0.550762 0.7377 0.741949 -0.466962 -0.116023 : 0.1
-0.248214 0.00481531 -0.192339 -0.0473458 0.00491622 0.266184 -0.177555 -0.368518 -1 : 0
-0.155483 0.413393 0.0639029 0.687104 -1 -0.0239881 0.398601 0.211251 0.275145 : 0.3
-0.0948061 0.153556 0.171731 1 0.094712 -0.158862 -0.151355 0.447117 -0.334163 : 0
0.00113112 0.462861 1 -0.452737 -0.233189 -0.380865 -0.0654191 -0.00332627 -0.104236 : 0
0.00401392 0.917295 1 0.0064422 -0.301723 -0.0369729 0.105025 0.145007 0.426119 : 0
-0.0532873 0.47689 -0.219116 0.888302 -0.800223 0.326975 -0.372061 0.291273 -0.104501 : 0.1
-0.61117 -0.0823294 0.166364 0.454174 0.258503 -0.0921491 0.141962 0.777444 0.174829 : 0
-0.0362446 -0.358154 -0.297075 0.116008 -0.264906 0.199197 0.566405 0.087084 -0.0442572 : 0
0.236401 0.10299 -0.318221 -0.121414 0.175149 0.35221 0.548395 -0.32531 0.203086 : 0
0.0969195 0.5166 0.0320166 1 0.651602 -0.260611 0.0251011 -0.16179 -0.258516 : 0.2
0.0747506 0.344629 0.12891 0.0819669 0.0959017 0.0538939 0.497117 0.304368 -0.24213 : 0
-0.172574 -0.285109 0.438312 -0.243333 0.36221 0.129653 -0.033499 -0.0889264 0.365375 : 0
-0.290503 0.596393 -0.0148579 -0.155781 0.157618 -0.555319 -0.0416467 0.03349 -0.0508392 : 0
0.209908 1 0.518913 0.195161 0.0643252 0.109331 -0.0149474 -0.0146849 0.135432 : 0
0.120915 0.509742 0.329194 0.231525 -0.0676091 0.228673 0.256184 0.00762845 0.183719 : 0.1
-0.124761 0.0922703 -0.0463627 -0.263647 -0.129886 -0.0934285 0.779318 -0.00612655 0.152811 : 0
0.162134 1 1 -0.0516271 0.055053 -0.392638 0.0816358 0.627411 -0.0850352 : 0
0.437607 -0.184612 0.32448 -0.210069 -0.238363 0.286277 0.0689469 -0.41545 0.37165 : 0
0.130793 0.103043 0.919113 -0.00694418 0.896369 0.407944 0.105016 0.042147 -0.0395527 : 0
0.0475272 -0.281396 0.554162 -0.490457 0.324904 -0.593328 -0.0253875 -0.195008 0.552424 : 0
-0.139775 -0.106094 -0.298646 0.234493 -0.265155 -0.000962466 0.264147 0.0341682 0.00214808 : 0
0.129632 0.599671 0.21855 0.0256506 0.379019 0.790394 -0.00641969 0.103572 -0.297865 : 0
0.452458 0.0463627 0.214224 0.0571194 -0.576582 0.173188 -0.234398 0.218075 -0.185544 : 0
-0.10693 1 -0.0460815 0.873107 0.855778 0.248625 0.524147 -0.0614514 0.0815837 : 0.1
-0.401477 -0.00674021 0.954435 -0.0233609 0.0410218 -0.108756 0.143876 0.230622 -0.160733 : 0.2
0.0993372 0.0567902 -0.0855784 -0.124178 0.285307 -0.00855058 0.275845 -0.284617 -0.313941 : 0.1
-0.291413 0.0179238 -0.0100076 -0.366506 0.566368 -0.493041 -0.00656567 -0.281128 -0.127081 : 0
-0.104551 0.986002 -0.0621326 -0.198045 0.0394846 -0.220935 0.071631 0.248367 -0.306122 : 0
0.199241 0.535728 -0.0814637 -0.167153 -0.111121 -0.0426499 0.293586 -0.3293 -0.482358 : 0
0.0483813 0.491655 -0.13547 0.222126 0.0595142 0.142076 0.255646 0.142626 0.458736 : 0
-0.0322426 -0.350615 0.250866 -0.0261343 0.0465959 0.0133611 0.0820601 0.0164423 0.0853948 : 0.1
-0.3021 -0.18365 0.514583 -0.184821 0.380366 -0.0599177 0.293615 0.0248005 0.0791401 : 0.1
0.0895884 0.460473 0.223581 -0.275918 -0.0678751 0.034897 0.0642694 -0.00418788 0.265881 : 0
-0.11714 0.129793 0.605335 0.207624 0.0457736 -0.0380334 0.0413425 -0.066766 0.141134 : 0.2
-0.0130327 0.602289 0.186212 -0.083081 -0.210913 -0.110376 0.0229889 -0.632467 -0.182733 : 0
0.0487405 0.143871 -0.733094 0.0403606 -0.136476 0.214749 0.193129 0.000796948 0.00153172 : 0
0.114067 0.733256 0.366829 0.0996465 -0.269057 0.35843 0.220327 0.170369 -0.143254 : 0
-0.00467912 0.461377 -0.0207068 -0.0978084 0.093985 0.087661 0.0387181 0.100359 0.0437953 : 0
0.012047 0.1116 0.0356229 -0.408126 0.169341 0.111631 0.710259 0.11698 0.223523 : 0
0.239322 0.135255 0.22253 0.146828 -0.0128162 -0.190398 -0.00993624 -0.24704 0.42859 : 0.3
0.545462 0.80886 0.335495 0.299023 0.00375837 -0.00544372 0.222841 -0.23578 0.311408 : 0
0.504541 0.292885 0.11088 0.307415 0.314014 0.0494445 -0.0043351 -0.112745 0.126326 : 0
-0.397689 -0.108097 0.158468 -0.236225 0.81729 0.0522833 0.376531 0.127005 0.0723116 : 0.1
0.230749 0.545977 0.341253 -0.599086 -0.193471 -0.0926143 -0.125027 0.622948 -0.05829 : 0
-0.369311 0.487581 -0.0876622 -0.0644177 -0.311507 -0.274388 0.266559 0.168788 -0.594151 : 0
0.0667268 -0.126762 0.619048 0.157704 -0.119852 -0.524593 0.373428 0.114783 -0.234686 : 0.2
0.0971573 0.115848 -0.0406626 0.18638 -0.253167 0.793948 0.0154632 0.111095 0.0186686 : 0
0.269686 -0.125129 0.19376 0.323058 0.0873922 -0.0208917 -0.0609817 0.370535 -0.299839 : 0
-0.166157 0.22871 0.105122 -0.114147 0.0108647 0.197785 0.259304 -0.125634 -0.351654 : 0
0.249397 0.241882 -0.0574534 0.154487 0.438072 0.361984 0.284289 0.0621121 1 : 0.2
0.110305 -0.0509457 0.573799 0.388362 -0.0947172 -0.217862 1 0.304448 -0.224629 : 0
-0.07781 0.241992 -0.139883 0.269508 0.566389 -0.557379 0.0743502 -0.258309 0.23253 : 0
0.0394369 0.832745 0.327128 -0.53657 -0.291243 0.147244 0.16058 0.327587 -0.217857 : 0
-0.0257298 0.663978 0.484481 0.135308 -0.0615487 0.059226 -0.0998137 -0.134452 0.0186367 : 0.1
-0.474057 0.170335 0.309891 0.382822 0.110544 -0.228705 -0.0194512 -0.163081 0.0501495 : 0
0.239937 1 0.215289 0.13883 -0.115704 0.0688245 0.096833 0.220421 0.257631 : 0
0.125125 0.0105345 -1 1 0.162234 -0.0777045 0.207982 -0.199749 0.136584 : 0.1
0.167818 0.269148 -0.557128 0.849363 0.0336289 0.344635 0.244669 -0.358526 0.128575 : 0
-0.118267 0.0573498 0.530099 0.127688 0.205691 0.8185 0.0435525 -0.158055 0.290751 : 0
0.373169 -0.119007 0.220966 -0.411433 0.132584 0.945386 0.0936218 0.296466 0.321805 : 0
-0.327995 0.476069 -0.000699475 0.0554072 0.170206 0.384622 -0.0661208 -0.197991 -0.148771 : 0.1
0.111882 0.635278 0.90559 0.0524589 0.0641968 0.482183 0.271376 -0.0869058 0.129508 : 0.1
-0.391098 -0.105547 0.231025 0.200458 0.0252105 0.172144 0.110184 -0.309575 0.27953 : 0
0.897954 0.0506598 0.295919 -0.144024 -0.0570338 0.225207 -0.0555877 0.178414 0.510352 : 0
-0.0311277 0.413656 -0.476947 0.49818 -0.367218 -0.10589 0.285709 0.339789 0.056951 : 0.1
-0.0498645 0.102877 -0.0605339 0.811383 0.00128825 -0.332115 0.349795 0.0340813 0.0720506 : 0.1
0.0841897 0.10228 -0.110452 -0.0961033 0.131316 0.225824 -0.360618 0.172588 0.29213 : 0
-0.207618 0.845195 0.246875 -0.274439 -0.0660074 -0.189841 -0.0975843 -0.156939 0.0420613 : 0.1
-0.198828 0.449697 0.281358 0.141371 0.0839218 0.645084 -0.0342269 0.00109023 0.619417 : 0
-0.216506 0.284261 -0.0900671 -0.159154 0.258852 0.104909 0.0307162 0.00408894 0.396193 : 0
-0.279006 0.320381 -0.374613 -0.11465 0.0386791 -0.133034 -0.393069 -0.0198245 -0.0901844 : 0.1
0.0345778 0.336249 0.0289721 0.197308 0.204915 0.493561 -0.0477947 -0.432444 0.333958 : 0.1
-0.433035 -0.237052 0.327018 -0.204526 -0.005593 0.243224 0.393342 -0.083862 0.0983603 : 0
0.0323561 0.479944 0.304852 0.873536 0.00461073 0.227886 0.100877 0.0963944 0.500648 : 0
-1 0.523136 0.151907 0.0917461 0.0843802 0.151956 -0.0352745 -0.186124 0.310565 : 0.2
-0.153536 0.0612355 0.192575 0.0484834 -0.0894765 0.325903 0.15882 0.170937 0.148033 : 0
-0.000661492 0.151521 0.36734 0.148849 0.391326 0.1343 0.213759 0.0719682 0.337277 : 0
-0.0134341 0.27753 0.71013 -0.146835 0.169214 -0.0244077 0.396498 0.67178 0.0158969 : 0
-0.131093 0.905758 -0.218192 0.791354 -0.570107 0.294582 0.408171 0.0942665 -0.0885327 : 0.3
-0.194265 0.00295513 0.28213 -0.297752 0.170738 0.729377 -0.101381 0.107744 -0.0284151 : 0
0.0461746 -0.328644 -0.235773 -0.269366 -0.0205016 -0.175347 0.245974 0.0925348 0.324074 : 0
0.175502 0.29239 0.252288 0.0563259 0.0378514 -0.0577597 0.127697 0.48941 0.358785 : 0
0.0673423 -0.564166 0.257678 -0.703803 -0.0993802 0.119748 -0.091096 -0.0532895 0.237829 : 0
0.211466 0.324819 0.0139399 0.0955495 -0.225322 -0.00758946 -0.0705261 -0.0823947 0.315625 : 0.7
-0.103417 0.711637 -0.0238145 0.105038 0.233379 0.230229 0.235647 -0.0752302 0.382831 : 0
0.00369072 -0.778103 -0.409393 -0.0710771 0.143367 -0.0906881 0.345079 0.344289 0.0896184 : 0.5
-0.0314914 0.272776 0.367153 -0.0439965 -0.0436585 -0.0195074 -0.00112371 0.536503 0.244463 : 0.1
0.0964065 0.127263 -0.110376 -0.0432818 0.00429662 0.318912 -0.562963 0.161585 -0.321809 : 0.1
0.338213 0.271334 -0.1126 -0.133262 0.561086 0.272201 -0.0752898 -0.0618939 -0.584999 : 0
0.178641 0.245396 -0.084328 0.118329 -0.510987 0.0953516 -0.159279 0.266196 0.063538 : 0
-0.110556 -0.254354 0.185227 -0.780627 -0.495554 -0.274801 0.486883 0.468842 0.0344697 : 0
-0.41505 0.671901 0.223075 -0.377906 0.187225 -0.0916036 -0.136002 0.0535448 1 : 0.1
0.108587 0.154906 -0.750373 0.602586 0.0278038 -0.125517 0.444863 0.286716 0.0552764 : 0
0.607604 -0.109672 -0.188451 -0.013466 -0.0588983 0.548145 0.0218056 -0.142599 0.30403 : 0.4
0.160856 0.143399 -0.14208 -0.0517772 0.0330601 0.266171 0.317148 0.423451 0.0918654 : 0.1
0.204171 -0.619081 0.736131 -0.406924 0.303106 -0.233925 -0.0114654 -0.233072 0.126683 : 0
0.385237 0.12917 0.331964 -0.0750471 -0.15276 0.32605 0.137407 -0.16586 -0.36599 : 0.7
-0.241935 0.65036 -0.13664 0.168201 0.211256 -0.212443 0.0393014 -0.163923 1 : 0.1
0.21871 0.493228 -0.0918768 -0.0235379 0.172834 0.0630081 -0.0491078 0.201417 -0.657189 : 0
0.118924 0.750769 -0.104814 -0.193041 -0.091772 0.611118 0.0637577 0.0392117 -0.555596 : 0.6
0.39692 0.151156 0.404621 -0.0951345 0.397526 -0.127005 -0.0675221 0.197623 0.361023 : 0.1
0.0439185 -0.160337 -0.95742 -0.0969491 0.0398159 -0.165702 0.177264 0.881282 -0.241423 : 0.3
0.529154 1 0.188653 0.0502675 0.152219 -0.213429 -0.0400097 0.347427 0.0583054 : 0.1
-0.416213 -0.339095 -0.341976 -0.0764097 -0.128634 0.279333 0.16603 0.0313538 0.0632652 : 0.1
-0.0670545 0.977658 1 0.0176038 0.0109589 0.0466092 0.017641 -0.026316 0.307016 : 0
0.149554 -0.467838 -0.20082 -0.296852 0.544781 -0.0749483 -0.060544 -0.081868 0.307618 : 0
-0.172129 0.359581 0.176892 0.822154 0.185775 -0.299323 -0.0110401 0.437141 0.412855 : 0
0.107935 0.314521 0.904655 -0.113566 0.193066 -0.229662 -0.166207 0.0716337 0.432315 : 0.1
-0.248998 0.0198301 -0.0850045 0.0501773 -0.154129 0.159263 -0.169806 0.296192 0.311 : 0
-0.00822323 -1 0.694725 0.459287 -0.207838 -0.129513 0.307528 0.185419 0.0786577 : 0
-0.51328 -0.762744 0.197732 0.412236 0.0365641 -0.139043 0.328172 0.160545 -0.109602 : 0.1
-0.0333779 0.411824 0.106786 0.289019 0.288547 0.0841903 0.4178 0.12725 0.174995 : 0
0.431102 -0.0423032 0.0380604 0.127012 0.169019 0.334781 0.0187471 0.266589 0.368585 : 0.1
0.245445 0.000414453 0.0279096 -0.0156763 -0.206113 0.361382 -0.0909004 0.0468858 -0.134114 : 0
0.122489 0.157694 0.575881 0.0264116 0.492248 0.297999 0.0255774 0.0217361 0.135924 : 0.3
-0.499473 0.334661 0.312123 -0.460621 0.4717 0.264108 -0.0878919 0.252869 -0.443581 : 0
0.43829 0.788184 0.313248 0.192819 0.0709767 -0.0544112 0.187311 -0.0550503 -0.288944 : 0.1
-0.132318 0.741286 0.0366715 -0.914302 -0.281275 0.00693108 0.309132 -0.000788137 -0.342172 : 0
-0.2181 0.0772045 -0.207889 0.331123 -0.00382429 -0.0810191 0.145219 -0.00970353 0.272268 : 0.1
0.16762 0.963375 0.247816 -0.0569916 0.349631 0.122911 -0.0355926 0.0371389 0.00999244 : 0
0.0562383 -0.01633 0.12246 0.317569 0.116876 -1 0.0348012 -0.0635955 0.640779 : 0.1
-0.280433 0.218657 0.447616 0.520325 -0.0126608 0.218389 0.410132 -0.01049 0.0362147 : 0
0.0840988 -0.222827 0.117161 0.365932 -0.0984868 0.0654645 -0.064925 -0.0659357 0.0730252 : 0
-0.00309009 0.778138 0.333049 0.11542 0.145626 -0.238826 -0.216708 0.0614963 -0.196933 : 0
-1 -0.0743183 0.243725 0.105863 0.470003 -0.818843 0.0482977 0.140267 0.345871 : 0.7
-0.187039 -0.10403 0.226787 0.0770816 0.465689 0.232588 -0.0947067 -0.0476734 0.129191 : 0
0.0360604 0.0529727 1 0.168445 0.204504 -0.16183 0.0855115 0.133428 -0.0606033 : 0
0.29111 -0.107687 0.450739 -0.516543 0.135385 -0.136919 -0.0616236 -0.0206463 0.317087 : 0.1
0.0184901 -0.09497 0.142817 0.208699 -0.0598169 0.417714 -0.0184402 0.0114659 0.460674 : 0
0.305038 0.0869876 -0.315228 -0.148106 0.188521 -0.0418571 0.560185 -0.0785181 -0.345091 : 0
0.37899 -0.0444831 0.314282 0.548395 -0.0181131 -0.0119824 0.0419959 0.244612 0.00119465 : 0
-0.100676 0.215391 0.199282 0.291543 -0.180918 0.192596 -0.194767 0.301447 0.297777 : 0
0.411198 0.267945 -0.468517 -0.204752 0.283261 -1 0.106799 -0.121052 -0.06451 : 0.1
-0.00374015 0.0267699 0.512559 -0.0946156 0.127546 0.237302 0.139245 0.120169 0.40083 : 0.4
0.292923 -0.202608 0.264747 -0.15561 0.285386 -0.0891852 -0.0421823 0.399224 -0.0956086 : 0
-0.079796 0.491423 -0.0708519 0.54598 -0.407423 -0.307679 0.114239 -0.112847 0.223235 : 0.1
0.148253 -0.952114 0.135638 -0.0563566 0.398928 0.206119 0.0128518 0.0666155 0.166401 : 0.3
-0.284636 1 -0.0306604 0.183627 -0.29464 0.018885 0.336875 0.0740718 -0.11921 : 0.3
-0.155115 -0.098187 0.232184 -0.0235094 -0.0450113 0.179211 -0.849226 -0.397654 -0.636661 : 0
-0.171147 0.499657 -0.183954 0.0400938 0.687298 -0.14067 0.0107999 0.0837591 -0.727942 : 0
0.220224 0.170097 0.360263 -0.0555043 -0.0380147 0.398787 -0.221168 0.204884 0.285282 : 0
0.452856 0.919395 -0.102711 0.152956 -0.0825395 -0.0926749 0.285976 0.795136 -0.251702 : 0.3
0.200202 0.58846 -0.0671614 0.335416 0.585099 0.408425 -0.083272 0.133615 -0.483961 : 0.1
0.205759 -0.330214 0.258245 -0.155314 0.893487 -0.135841 0.325794 -0.0421723 -0.0757752 : 0.1
0.153248 1 0.0462786 0.227799 0.462426 0.296289 0.291956 0.00934794 -0.0665326 : 0
0.00164384 0.721623 0.301741 -0.530228 0.000301778 0.102476 -0.377103 0.0532316 0.1293 : 0.3
0.512138 -0.664993 0.340976 -0.000618935 0.161582 -0.200087 0.0323047 0.0259991 0.109319 : 0.1
0.0813882 -0.397087 1 -0.0839014 0.154625 0.101353 0.275178 0.0360478 0.183069 : 0
0.36982 0.383729 -0.532174 -0.257247 0.0473305 0.151723 -0.0551139 1 0.00559786 : 0
-0.375823 0.571821 0.219618 -0.165161 0.0118367 0.0346358 0.283306 0.157609 0.115081 : 0
-0.256678 0.559518 -0.0678338 -0.184241 -0.0504702 -0.0211874 -0.113596 0.156708 0.644336 : 0
0.132369 0.838199 -0.279787 -0.171043 -0.294261 0.116209 0.189012 0.40046 0.151592 : 0.1
0.0151513 0.114655 -0.0272989 0.327105 0.188823 0.157351 0.170794 0.156722 0.200388 : 0
-0.168497 0.00350225 0.525397 -0.269845 0.101396 -0.177279 0.072765 -0.0386391 0.202912 : 0
0.25168 0.517142 1 -0.650953 0.0178932 0.320516 0.610217 -0.0561526 -0.292189 : 0.1
-0.122399 -0.33669 -0.0324396 0.0082811 -0.233489 0.304533 -0.0771065 -0.0167874 -0.032843 : 0
0.176453 -0.0892254 0.603139 0.074083 0.260984 0.244231 -0.538166 0.162169 0.186437 : 0
-0.619457 0.584201 -0.261509 0.74037 0.0504388 -0.482791 0.188207 0.285616 -0.0249624 : 0.1
0.293952 0.181226 -0.0636708 -0.0702931 0.240685 0.267136 0.28088 0.561496 -0.179212 : 0
0.0712994 0.680376 -0.255711 -0.165424 0.0721377 -0.381391 0.0624852 0.231317 0.115749 : 0.4
-0.334196 0.465564 0.294596 0.072735 0.0670057 -0.0174329 0.347158 0.661329 -0.0742477 : 0
0.00766051 0.245437 0.183729 -0.628289 0.228037 0.140687 -0.0667413 0.132697 -0.0696431 : 0
0.593624 -0.129322 -0.105169 -0.0448916 -0.066735 -0.0257382 -0.102559 0.224532 0.407326 : 0
0.174567 -0.0247484 -0.203113 -0.0971134 -0.0270272 -0.18339 -0.340119 -0.167646 0.0124748 : 0.4
0.584209 0.210212 1 0.432691 0.180316 0.340692 0.0558039 0.169752 0.0784424 : 0
-0.0454154 -0.0408251 0.297624 0.256735 -0.00793159 -0.244051 0.48082 -0.018147 0.562611 : 0.1
0.161692 0.840895 1 0.238637 0.110796 -0.31758 0.194978 -0.823225 0.0421388 : 0
0.105508 0.174905 -0.282626 -0.237876 0.0989472 0.316668 0.0651707 -0.284449 0.0736163 : 0
-0.436851 0.622546 0.160321 -0.453187 0.0803219 0.186982 0.0190758 0.244232 0.357041 : 0.1
-0.0981703 0.17506 0.635259 -0.0668263 -0.0533381 -0.0437777 0.484706 0.0109489 0.220318 : 0
-0.0232465 1 0.0467502 0.0718051 0.485783 0.0543445 -0.108829 -0.166217 0.262765 : 0.4
-0.394493 0.011779 -0.0688491 0.386546 -0.0632561 0.0459027 0.206659 0.187872 0.525028 : 0
-0.269618 0.807942 0.241696 -0.558487 0.207919 0.385758 0.282012 0.0745941 0.0757054 : 0
-0.335609 -0.38189 -0.886373 0.0889438 0.954451 0.0630374 0.372656 -0.00572965 0.194911 : 0.1
-1 1 1 0.320177 0.0808783 0.272638 0.241842 -0.237889 -0.141649 : 0.4
0.706148 0.0613934 -0.0856693 -0.168424 -0.790779 -0.184701 0.231435 -0.0489396 -0.332522 : 0
0.448608 0.46379 -0.0187142 0.00585029 0.339899 0.545804 -0.0386185 0.143712 0.0661538 : 0
0.418371 -0.363317 -0.354151 0.612339 0.301349 0.563379 -0.339288 0.367026 0.217293 : 0
-0.200963 -0.269831 0.293285 -0.57809 -0.0192633 0.0844505 0.0147812 0.115184 -0.217601 : 0
-0.553333 0.353245 0.0404707 0.47399 -0.54709 -0.0162266 0.276532 0.00862481 0.856624 : 0
0.117054 0.941843 0.283839 -1 -0.114936 -0.420264 0.373564 -0.0559905 0.0963114 : 0.2
0.25948 0.256659 0.293959 1 -0.0591196 0.332811 0.261427 -0.375296 -0.0729137 : 0.3
0.44615 0.268402 0.294228 -0.208457 -0.230059 -0.698742 0.0729356 -0.118935 1 : 0
0.57088 0.0144463 0.36506 0.113512 0.0924657 -0.137168 0.326393 -0.0154477 0.244782 : 0
-0.557444 0.415438 0.297416 0.191465 0.361939 0.491883 0.0793628 0.163711 -0.251715 : 0.4
-0.462502 0.90191 0.198133 0.596907 -0.662561 0.0462341 -0.179139 0.525224 0.623004 : 0.2
-0.0132218 0.715039 0.69867 0.570766 -0.303409 0.303988 -0.0200276 -0.229323 0.290436 : 0.1
-0.119249 1 -0.245508 0.0306258 -0.170366 -0.329671 0.139607 0.112117 -0.00166252 : 0
0.127425 0.226691 0.590662 -0.257649 0.324343 0.250629 -0.258534 0.0740064 0.3115 : 0
-0.246221 0.147209 -0.211194 0.664124 0.180295 0.459704 0.129832 0.0839421 0.173013 : 0.1
0.121486 0.201936 0.0481396 0.195342 0.118259 -0.459561 0.0407028 -0.133115 0.580399 : 0
-1 0.582919 0.823188 0.0675285 -0.171254 0.246732 0.268484 -0.308031 0.128154 : 0.1
-0.478572 -0.666089 0.212813 -0.744886 0.208003 0.0127646 -0.200005 0.346479 0.107408 : 0.4
0.0963975 -0.149032 -0.355944 -0.101053 0.589746 -0.085286 -0.0293529 -0.073153 -0.283513 : 0.1
-0.148528 0.164559 0.27291 -0.39743 -0.239332 -0.092414 -0.051081 -0.261595 0.0215845 : 0
0.0849505 0.0257122 0.0247476 0.0664076 -0.110672 -0.269811 0.283391 -0.0425643 -0.301924 : 0
-0.104862 1 -0.218288 -0.658373 -0.124298 -0.417316 0.0181027 0.0372372 -0.00142151 : 0
0.695915 0.192235 0.135351 -0.0763255 -0.0124173 0.24392 0.253574 0.540892 -0.00514427 : 0
-0.150211 0.683093 -0.0142023 0.0520089 0.0355932 -0.0871859 0.0149102 0.121515 -0.302352 : 0.1
0.139786 0.347521 0.0217943 -0.236902 0.108924 0.221575 -0.0631663 -0.509744 0.0267591 : 0
-0.117512 0.36067 -0.181271 -0.0639442 0.0401973 0.131255 -0.221853 0.136993 0.274468 : 0.2
-0.044687 0.622151 -0.28272 -0.359821 0.675502 0.02621 0.0192978 0.0745952 -0.0853989 : 0
-0.144758 0.444229 -0.1153 -0.181152 0.307786 -0.282881 -0.0132165 -0.0387758 -0.28141 : 0
0.336041 0.537529 0.248456 -0.156596 0.058251 -0.0330919 0.021696 0.00525017 0.922726 : 0
0.0958253 0.542407 0.0565992 0.047219 0.182415 0.127938 -0.193018 -0.0928722 0.0817686 : 0.2
0.216856 0.995797 -0.324648 -0.550824 -0.0736613 0.0663454 -0.0134096 0.536787 0.194154 : 0.1
-0.108125 0.550761 0.706356 -0.350187 0.310324 0.00971398 0.437713 0.402321 -0.342861 : 0
0.575895 0.207287 -0.0973556 -0.111862 0.158605 0.322317 0.261182 0.0728223 -0.111628 : 0.1
-0.160303 0.14235 0.971512 0.058069 0.150686 -0.0879707 -0.0757958 -0.0266723 -0.374555 : 0
-0.0635619 0.864388 -0.187989 0.427481 0.228306 0.0280478 -0.27996 0.0650849 0.278113 : 0
0.162659 -0.138017 0.706992 -0.0666844 -0.249265 0.359262 0.31551 0.273359 -0.00640225 : 0.1
0.130376 0.206014 0.131541 0.0186494 0.46467 0.0831771 -0.125754 0.165203 0.195817 : 0
-0.190236 1 0.329349 -0.28457 -0.469278 0.0155606 0.225309 0.0928248 0.198542 : 0
-0.0674612 0.106526 0.848121 -0.131666 -0.399481 0.222028 0.247447 -0.0888122 -0.262678 : 0.1
-0.0205871 0.421659 0.653128 -0.811162 0.374703 0.801011 0.362231 -0.146856 0.190088 : 0.2
-0.538627 0.154526 0.426637 0.657207 0.0832621 0.52751 0.181092 0.530486 0.251836 : 0.3
-0.375399 -0.255127 -0.176234 -0.556845 -0.00817096 -0.266404 0.198496 -0.066995 0.247444 : 0
0.40969 -0.140223 -0.190588 -0.308105 0.0831361 0.538935 0.0572728 0.225876 0.364808 : 0.1
-0.128574 0.461982 0.196955 -0.703151 -0.0434598 -0.13532 -0.095373 -0.00337724 0.123229 : 0.5
0.433999 1 0.0827673 -0.0736956 0.430991 0.0868584 0.290523 0.0537648 0.249022 : 0
-0.31843 0.444374 0.249945 0.257238 0.254657 0.0596284 0.52564 0.00727558 0.169264 : 0.6
-0.0806155 0.249695 0.413369 -0.333698 0.0387583 0.0169523 0.0447564 -0.141838 0.176162 : 0
0.213349 -0.310042 0.153336 -0.0317754 0.282826 -0.383874 0.0823811 0.202512 -0.808138 : 0.1
0.233537 0.57804 -0.294294 0.0426005 -0.213733 0.508894 0.0091215 0.263666 0.0719938 : 0.6
0.397998 -0.177044 0.187652 -0.180612 -0.0170336 0.312725 0.213828 0.216582 -0.046647 : 0
-0.431275 -0.215954 0.191287 0.0299812 0.0491886 -1 0.041837 0.146375 0.019733 : 0
-0.114374 0.904634 0.295191 0.0675888 0.0651794 0.0231242 0.132931 0.0728928 0.329563 : 0
-0.331468 -0.118764 0.4581 0.137603 0.0757724 -0.0257348 0.738283 -0.0709744 0.077109 : 0
0.490551 0.15645 0.794605 0.233889 0.16415 0.121223 -0.072267 0.508684 -0.0195179 : 0.2
0.0703203 0.729777 0.0119917 0.797937 0.550115 0.814701 0.454575 0.112046 -0.56569 : 0
0.0636519 -1 0.0684591 0.228265 -0.256618 0.0127842 -0.121913 0.0277911 0.338271 : 0
0.0872867 0.408959 0.321547 0.0527248 0.321258 0.26578 0.036872 -0.0691616 0.0595667 : 0.1
-0.22814 0.425208 -0.274971 -0.335301 0.0946323 0.134398 -0.535794 0.168187 0.231519 : 0
0.0851862 0.369642 -0.100198 0.023315 -0.0387955 0.023534 -0.105083 -0.214035 -0.289234 : 0
-0.533457 -0.429608 -0.0018052 0.245954 -0.0393187 0.00411264 0.112771 -0.0759907 0.297579 : 0.1
0.0800477 -0.00207107 0.15024 -0.074591 0.039872 0.0193308 -0.450789 -0.0701204 0.253429 : 0.2
0.365671 -0.608713 -0.231267 -0.233281 0.0508087 -0.276191 0.193252 1 -0.355672 : 0
-0.0330899 0.195904 0.415454 -0.0142133 0.565444 0.211503 -0.128464 0.0232218 -0.130966 : 0.6
0.00507333 -0.240388 0.19512 0.361918 0.0935372 -1 -0.0114187 0.161348 -0.0546805 : 0
-0.263595 -0.814743 0.163037 -0.163969 0.00335331 -0.220874 0.175371 -0.0412458 0.243942 : 0
-0.160569 -0.0863652 -0.0544145 0.662666 -0.0283457 -0.22869 0.0181037 -0.165201 -0.0293645 : 0.1
-0.0494786 0.690272 0.0742671 -1 -0.688102 0.245281 -0.0802694 0.169116 0.638127 : 0.5
0.158726 0.417098 0.598771 -0.63717 0.0205674 -0.0955022 0.112229 -0.0819902 0.0953981 : 0.4
0.0140854 1 -0.227585 1 0.118127 -0.0831207 0.149334 0.0596113 -0.20503 : 0.2
-0.00970086 0.189947 0.114946 -0.597213 -0.300048 0.779864 0.27041 -0.0936159 0.0220944 : 0
-0.233258 0.674647 -0.286314 -0.149734 -0.256116 -0.253507 0.189125 0.367581 0.189831 : 0.1
0.0172805 0.108771 0.366308 -0.465493 0.786994 0.505207 -0.154154 -0.072631 0.0772471 : 0
0.243561 0.672734 -0.174309 0.173749 0.176497 0.752175 0.42897 0.888121 0.177873 : 0
0.121098 -0.626274 0.0352799 -0.0447272 -0.0860823 0.943841 -0.564633 0.00290117 -0.251285 : 0.2
0.520936 0.226922 -0.138686 -0.0123627 -0.115033 -0.00465555 -0.154859 -0.0282377 -0.248609 : 0.7
-0.0786922 1 -0.0240413 1 0.548878 0.133221 -0.0965381 0.132168 -0.199591 : 0.3
0.49049 0.821584 0.450265 -0.0481848 -0.199047 0.390355 0.475958 -0.0260601 -0.0379471 : 0.4
0.42993 -0.162553 1 0.387045 0.155897 -0.0466217 -0.0759158 0.665233 0.106483 : 0
-0.0856134 0.638756 -0.188341 0.00622177 -0.00742465 0.545208 -0.199093 0.111125 0.230115 : 0
0.227748 0.5794 0.293515 0.0510298 0.247691 -0.0876866 0.0503936 -0.178631 0.441819 : 0.5
0.359779 0.354453 -0.119646 0.91645 0.390517 0.379227 0.303833 1 1 : 0
-0.364301 0.195173 0.0929413 0.240378 0.135541 -0.100384 0.381313 0.328492 0.121912 : 0
0.0430455 0.27527 0.332604 -0.0739854 0.221687 0.0887688 0.319944 0.132787 -0.0372291 : 0
0.418798 -0.330351 0.0717898 -0.325972 0.0553419 -0.579258 0.104045 0.23471 0.409006 : 0
-0.507987 0.225275 -0.0572323 0.206518 0.108062 -0.107228 0.451669 0.122514 0.103786 : 0.3
0.272124 0.250304 0.117472 -0.0436788 0.139397 0.177455 -0.0619519 0.112576 0.143728 : 0
0.122042 1 0.256518 0.494458 0.205802 -0.189511 -0.0488026 0.0716031 0.433316 : 0.3
0.25719 0.473899 0.256182 -0.0554538 -0.0256101 0.125058 -0.515599 -0.0967251 0.165738 : 0
-0.198316 0.646824 -0.0251914 0.175528 -0.19554 -0.0712 0.387049 0.435134 0.275753 : 0
0.00759524 0.150573 0.250181 -0.0562625 0.0145098 0.328013 -0.109799 -0.239483 0.0854611 : 0
-0.107099 0.0292459 -0.349228 0.448384 -0.244858 -0.0469662 0.334678 0.00258598 -0.400883 : 0.2
-0.285937 1 0.107285 0.0868109 -0.118962 0.204345 0.282599 0.297101 0.205404 : 0.4
-0.00273628 0.848647 0.900091 -0.0807035 -0.0712725 0.189373 0.270807 -0.0838767 -0.440494 : 0.3
0.439847 0.225955 0.471764 0.147953 0.445044 0.0539129 0.00162082 -0.140775 0.3488 : 0.2
-0.602328 0.0903363 0.17856 -0.464965 -0.0280074 -0.385388 0.17174 0.0347748 0.263018 : 0
0.0717672 0.115605 0.439655 0.338601 -0.0647822 -0.0899109 0.154236 0.841781 -0.341094 : 0.1
0.386253 -0.0362047 -0.61028 -0.448096 0.0241323 -0.695622 0.0312014 -0.0539044 0.180867 : 0
0.474368 0.0291131 0.42844 -0.0096125 -0.135108 0.170295 -0.0389751 0.342398 -0.0231222 : 0
-0.00501487 0.474505 0.0709535 0.581648 -0.052427 -0.142811 0.0486648 0.414284 0.225733 : 0.1
-0.0157143 0.53757 -0.0244932 0.0377893 0.823542 0.257726 -0.0853626 -0.0299596 0.23258 : 0
-0.309 0.957119 -0.0718201 0.190686 0.227288 0.0237314 0.206422 0.0653162 0.943103 : 0
-0.2045 0.880662 -0.518106 -0.349706 -0.165491 -0.0330571 -0.21929 0.0985228 0.145092 : 0.2
-0.202386 0.0132123 0.0613538 -0.687531 0.207129 0.0466317 0.0296586 0.0288357 0.298948 : 0.4
-0.0407509 0.491284 0.0387003 -0.477565 0.0453245 0.102753 -0.0867888 -0.196465 0.326125 : 0
-0.297265 0.0667567 1 -0.158247 0.157815 0.0298079 0.232352 -0.150394 0.0575747 : 0
-0.581676 0.306561 0.897929 -0.10141 -0.315107 -0.242791 0.309013 -0.0700562 -0.268194 : 0.1
-0.00668228 0.365287 -0.166067 -0.155663 0.00483158 -0.1928 0.00584137 0.120494 0.227576 : 0
0.120193 0.00299126 0.184458 0.59356 0.0127569 0.0890844 0.164099 0.232972 0.64307 : 0
-0.255254 -0.184523 -0.285873 0.121042 -0.0175598 0.323489 -0.206817 -0.154588 -0.0382298 : 0
-0.222036 0.336575 -0.0180587 -0.0281154 -0.479713 0.0979669 0.0387332 0.160732 0.058848 : 0
-0.51211 0.70808 -0.112143 0.163627 -0.146686 0.061648 0.495253 0.0791375 0.0850129 : 0
0.160305 -0.319564 0.15857 0.115347 -0.050263 0.0293861 0.13641 -0.423633 0.0456778 : 0
0.529113 0.333311 0.210277 0.481356 -0.0119752 0.118421 0.255584 -0.0576009 0.299019 : 0
-0.00511356 -0.0847436 -0.0182998 0.298114 -0.267021 -1 0.155018 0.3645 0.226992 : 0
0.0490462 0.369462 1 -0.955891 -0.192235 0.528902 0.425172 -0.177651 -0.387846 : 0
0.176466 -0.840455 -0.00752434 -0.00554308 0.596954 0.300198 -0.00380912 0.504927 -0.812011 : 0.1
0.56572 -1 0.219903 0.236846 -0.166301 -0.487912 0.146642 -0.320325 -0.198187 : 0
-0.112846 0.897376 0.179393 -0.334056 -0.459252 0.246771 0.354019 0.11882 -0.0992679 : 0.5
-0.444036 0.653471 -0.125956 0.0473746 -0.363346 -0.396339 0.0129413 -0.0820862 -0.0318395 : 0
-0.322143 -0.491847 0.267163 0.0324406 0.118198 -0.11396 0.464225 0.310879 0.112465 : 0
0.0325597 0.46897 0.616953 -0.316931 -0.239456 0.172153 0.333391 0.0186304 0.437512 : 0.3
-0.0362021 1 -0.3651 0.675695 0.535072 0.637426 -0.14177 -0.103902 0.161025 : 0.3
0.16555 -0.146509 0.102113 -0.282507 0.533371 -0.0870277 -0.0588627 -0.0145263 0.14184 : 0
0.143527 -0.435552 0.864933 -0.887003 -0.106979 0.678681 0.142218 0.0296209 0.482945 : 0
0.431705 0.125685 0.284586 0.0106812 -0.346379 0.200626 -0.0501387 0.0624663 0.724207 : 0.7
0.199371 0.164519 1 0.024781 -0.132847 0.0272104 0.462705 0.0657099 0.235822 : 0.2
0.192833 0.710096 0.0322452 0.413173 -0.000822604 -0.290013 0.0803787 0.0807278 0.0124539 : 0
0.322021 -0.19739 0.0689468 -0.0209216 0.0400075 0.217398 -0.210881 -0.26698 0.506259 : 0.2
-0.136943 -0.240041 -0.22228 -0.0656072 0.0285753 0.157242 -0.238442 -0.0458254 0.369559 : 0.1
-0.145774 -0.133691 0.221434 0.566075 0.138487 -0.355265 0.384115 0.123344 0.300688 : 0
0.186082 0.319969 0.612876 0.450747 0.00688114 -0.271468 0.115155 -0.0463693 0.0190952 : 0
0.0228853 -0.912133 0.0430086 -0.389373 -0.0999662 0.284619 0.322613 -0.1965 -0.670974 : 0
0.24017 -0.199419 0.126039 -0.335628 0.790488 -0.0968995 -0.224756 -0.189901 0.0320217 : 0.1
0.32769 0.0207171 0.148107 -0.981721 0.159918 -0.348142 0.441027 0.453198 -0.148206 : 0.6
0.532718 0.229798 0.0531027 -0.0892027 0.0111083 0.019988 0.040696 0.349766 0.443377 : 0
-0.124056 -0.335492 -0.155647 0.539353 -0.600756 0.109702 0.141225 -0.625813 -0.0584761 : 0.2
-0.134148 0.415055 -0.164757 -0.0780214 -0.434715 -0.22546 0.0256627 0.265419 0.0827169 : 0.7
0.00468512 0.371098 0.206208 0.707602 0.0506207 0.175279 -0.0441883 -0.0135808 -0.402294 : 0.1
0.138621 -0.278582 0.164764 -0.578397 0.158108 0.423958 0.895939 -0.0623529 -0.0379527 : 0
0.110311 0.628857 -0.175093 0.203416 0.0931656 -0.083266 0.287205 0.538646 0.165849 : 0.1
0.202218 0.961748 0.314457 -0.019271 -0.0823067 0.0227726 0.218978 0.288565 0.116397 : 0.1
0.214676 0.107656 0.319829 -0.118777 -0.150367 -0.153433 0.216408 0.44944 0.0423262 : 0
-0.239014 0.897532 -0.0867534 0.0584283 0.271237 0.0582929 -0.00761849 0.0922 0.101966 : 0
-0.114043 -0.0664907 0.266721 -0.517772 -0.190205 0.509356 0.0970259 0.808019 0.0112318 : 0.1
0.271833 -0.0013659 -0.191429 -0.0801785 -0.0308285 0.000310689 -0.130316 -0.146578 0.0724825 : 0
0.0754774 0.156195 0.106866 0.00299212 -0.15859 0.117899 0.106662 -0.141874 -0.118187 : 0
0.125651 0.284645 -0.0186988 -0.355956 0.052978 0.294397 0.282062 0.136032 0.453673 : 0
-0.465669 0.0995978 0.208671 -0.0665332 0.123308 0.0674949 0.4547 -0.0498797 0.299007 : 0.2
0.387414 -0.173365 -1 0.0691151 -0.205577 0.27112 0.0383675 0.17425 -0.0728974 : 0.1
-0.140304 0.570229 -0.0861419 -0.197544 1 0.317065 0.126499 0.137921 -0.195524 : 0
0.119727 -0.41544 -1 -0.0230351 -0.0307843 0.231951 0.209025 -0.00526792 -0.100341 : 0.1
0.243199 0.293535 -0.293845 0.740085 -0.0165697 -0.50831 0.0301203 0.418813 0.511945 : 0
-0.129471 -0.0882006 0.256085 -0.467872 0.886643 -0.752831 0.293247 0.312802 -0.150203 : 0.4
-0.182592 0.635455 -0.134462 -0.207823 -0.412592 0.524115 0.0433939 0.0463121 -0.025063 : 0
-0.0829073 -0.251664 0.264803 -0.0933372 0.39062 -0.668083 0.264853 -0.198363 -0.493343 : 0.4
0.583046 0.679834 0.139518 -0.57809 0.00089895 -0.298009 0.172143 -0.0422986 0.564069 : 0
0.0337232 0.300137 0.121088 0.543497 0.0818466 -0.0146629 0.444716 0.300029 -0.523389 : 0
-0.192326 -0.970413 -0.357242 -0.108398 0.20281 -0.512813 0.141016 0.298359 0.0198288 : 0.4
0.101571 0.451965 -0.128917 0.45579 0.102545 -0.265913 -0.0758109 0.173592 0.0430743 : 0.4
-0.684146 0.826277 -0.0309528 0.566678 0.0851364 0.684693 0.278346 0.0757899 0.0980818 : 0.1
0.241638 -0.783345 0.338899 -0.179298 0.24808 -0.532756 -0.0131866 0.314794 -0.409173 : 0
0.285371 0.0338589 -0.345132 0.0128396 -0.285577 0.412492 -0.00709685 -0.594851 0.181899 : 0.2
0.348921 -0.0300903 0.776542 -0.00802293 -0.0785519 0.436883 -0.259691 -0.171744 0.624888 : 0.1
0.0455835 0.00416565 0.553023 0.104365 -0.258463 -0.0922194 -0.00999122 -0.748941 0.328092 : 0
0.378187 0.660497 -0.102396 0.109002 0.183391 -0.43769 0.232344 -0.136767 -0.273923 : 0.2
0.150964 0.564801 -0.2944 -0.54876 0.198834 0.256697 -0.120061 0.29167 -0.163597 : 0
0.23419 -0.892947 0.285228 0.106491 0.1248 -0.156757 0.965828 -0.542829 -0.265752 : 0
-0.259033 -0.101423 0.164594 0.407614 0.266111 0.0837807 -0.210318 -0.0456398 -0.0542959 : 0.1
-0.559099 -0.114024 -0.0795933 -0.0194131 -0.108397 -0.0256189 0.563051 0.268371 0.482544 : 0
0.292279 0.751314 0.335149 -0.592827 -0.0301264 -0.398158 0.190714 -0.0201799 0.106298 : 0.6
-1 -0.0441145 0.242904 -0.0502079 -0.447145 0.292963 0.0105743 0.286896 0.0199507 : 0
-0.603193 0.302175 -0.124508 -0.175601 -0.53692 0.149534 -0.0518012 -0.198079 0.0366811 : 0
0.183105 0.146578 0.202291 1 0.522337 -0.61948 -0.153942 -0.0733107 0.257088 : 0.1
-0.0284557 0.168196 0.0595807 0.400905 0.0363832 -0.206429 0.139916 0.16373 0.519058 : 0
-0.106998 -0.398874 -0.642203 -0.250173 0.210842 -0.399937 0.0133639 -0.176744 -0.0895785 : 0
0.325391 0.32086 0.483813 -0.294543 0.481966 0.0467972 -0.00326631 -0.126917 -0.736389 : 0
-0.392792 0.105688 -0.0351778 -0.363046 -0.0921672 0.070387 0.134333 -0.0661097 0.213647 : 0.2
-0.0352785 0.0597464 -0.138336 0.836684 -0.217366 0.104458 0.0984719 -0.0836 -0.189191 : 0.1
0.0384481 0.315719 -0.084248 -0.0120248 0.334742 -0.308913 0.0206679 0.450451 -0.500225 : 0.5
-0.127562 1 0.0855778 0.112563 -0.05888 -0.148499 0.26408 -0.238238 -0.0883331 : 0.1
-0.182979 0.703283 0.320788 -0.909236 0.0175204 -0.448145 0.508573 0.240218 0.0262879 : 0.3
-0.317804 0.316256 0.066125 -0.399166 -0.0283142 -0.118638 0.155267 -0.0904093 0.492612 : 0
-0.661316 -0.387817 0.920818 -0.61322 0.395014 0.290036 0.0704153 0.617901 0.2634 : 0
-0.080054 0.337866 0.247496 -0.390857 -0.0519366 0.197899 0.100774 0.0283815 0.289252 : 0.3
-0.0536623 -0.0609906 -0.110764 0.268918 -0.180242 0.108786 0.0149777 0.183279 -0.0612342 : 0
-0.450365 1 0.18688 0.430466 -0.0614704 -0.195207 0.0337018 0.0805599 0.0382185 : 0.1
0.099251 0.772194 -0.336862 -0.380623 -0.0452131 -0.116294 -0.0759193 0.468471 0.148912 : 0.1
0.390477 -0.347293 0.227323 -0.00723214 0.347538 0.0990723 0.12554 0.00136298 0.0435282 : 0
0.351536 -1 -0.0184043 -0.0194675 0.457013 0.19167 1 -0.0913185 0.118801 : 0
0.45263 0.357083 -0.0566191 -0.0466853 -0.00659713 0.455456 0.274428 0.177142 0.438774 : 0
-0.228016 -0.0457768 -0.469561 -0.131894 -0.118222 0.0988292 0.38325 -0.0813857 -0.0690802 : 0.4
0.174749 0.676733 0.328145 0.453405 -0.0812041 0.517954 0.215253 -0.816583 0.0538447 : 0
-0.303694 0.519649 -0.135194 0.362678 0.0195197 -0.00221065 1 0.0321995 -0.294339 : 0
0.278077 -0.210148 -0.673944 -0.195364 0.340343 -0.0634609 0.0620123 0.0637057 -0.209733 : 0
0.256851 -0.298954 0.500861 -0.066717 0.0342648 0.136401 0.429403 0.11888 -0.114777 : 0
0.491078 0.254321 0.455648 -0.52689 0.454421 0.10416 -0.0321958 0.335701 0.643503 : 0
-0.366253 0.664843 -0.00451544 -0.125943 -0.018405 0.168746 -0.118776 0.188937 0.522952 : 0.2
-0.283875 -0.49613 0.193912 0.0672795 0.0551638 -0.126434 0.563224 0.340928 0.0458252 : 0
-0.15439 0.616214 -0.350575 -0.315922 -0.47871 -0.00343444 0.187167 -0.0453463 -0.172494 : 0
0.586523 0.174204 -0.0782922 -0.424164 0.0089757 0.00957152 -0.00236316 0.256351 0.409768 : 0.4
0.0916274 1 -0.20037 -0.399378 0.160792 0.681048 -0.0913063 0.502775 0.198285 : 0
-0.101969 -0.100522 1 -0.07595 -0.0922822 0.163331 0.290006 -0.0307268 -0.294638 : 0.1
0.0931101 -0.628737 -0.199329 0.0564964 0.547312 -0.120547 0.235839 0.242526 -0.216759 : 0.2
-0.137213 0.182687 0.156181 0.14656 0.0325632 -0.705941 0.104799 0.132097 -0.0419895 : 0
0.0991268 0.328081 0.238175 -0.198548 -0.0170715 0.107816 -0.305914 -0.0336749 -0.357068 : 0.4
-0.22821 0.574468 0.0150594 0.596089 -0.140148 -0.646911 -0.0230006 -0.106648 0.273784 : 0.2
0.0736819 0.361163 -0.324945 0.085255 0.0251547 0.0705098 -0.55119 -0.0222234 0.0252826 : 0.3
0.136397 -0.0644075 -0.332529 0.696172 -0.224927 -0.00108824 0.225137 0.276039 -0.212298 : 0.4
0.584798 -0.244495 0.967031 0.115085 -0.530008 -0.346795 -0.0684011 0.250514 -0.222464 : 0
-0.329777 -0.0232135 0.082618 -0.144539 -0.548421 0.0257243 0.30631 0.0263126 0.285892 : 0.2
-0.0318802 0.0098837 -0.23499 0.0756793 0.0671407 0.00392208 0.119958 -0.377289 0.205475 : 0
-0.164386 0.270432 0.185047 -0.613446 0.114501 -0.254142 0.37889 0.199728 0.135249 : 0.1
0.0284989 0.10866 0.839438 0.0707606 0.489914 0.207952 0.194344 -0.113414 -0.24784 : 0
0.218469 -0.166148 -0.0362052 0.598829 0.287049 -0.109447 -0.147986 0.0122584 0.41181 : 0
0.16071 -0.199205 -0.355872 -0.226626 0.497778 0.537014 -0.0376653 0.355876 0.167751 : 0.4
0.153018 0.819545 0.137078 0.0602879 0.112059 0.311269 -0.101008 0.19343 -0.512968 : 0.1
-0.330236 0.740349 0.873543 0.204103 0.0872321 -0.175678 -0.0460973 -0.016764 0.034306 : 0
0.212694 0.351861 0.731145 0.099749 0.553579 0.741526 -0.179212 -0.101903 0.133883 : 0.5
0.0926799 -0.104184 -0.636268 -0.224797 0.108328 0.250958 -0.0295551 -0.217825 -0.0970432 : 0
0.225726 0.23476 0.328472 -1 0.182342 0.0726475 -0.0648767 0.010247 0.181971 : 0
0.150864 0.157623 0.237294 0.268934 0.73683 -0.0212513 0.0401071 -0.092509 0.0498735 : 0
0.100717 0.167815 0.819998 -0.187896 -0.457415 -0.0940492 -0.0570254 0.0736566 0.370873 : 0.1
0.369125 1 0.206943 0.213965 0.314804 -0.110885 -0.0178218 -0.0225135 0.0494305 : 0.2
-0.0621412 1 -0.787292 0.00776719 -0.263104 -0.0475978 0.195792 -0.0951157 0.0191754 : 0.1
-0.210066 0.0992525 0.818129 -0.663974 0.325388 -0.120732 0.0431841 0.00719109 0.220112 : 0.1
0.151861 0.470862 0.244353 -0.425542 0.484191 0.223899 0.153232 -0.0363169 0.0783589 : 0
-0.200927 -0.0618329 0.0820153 -0.456252 0.0037751 -1 0.147576 0.133037 -0.691703 : 0
-0.204094 0.672771 0.109574 0.0993405 0.173902 0.625865 0.0359128 0.164018 0.93698 : 0.1
-0.0702562 0.769672 0.343276 -0.689446 0.00487548 0.894507 0.13776 -0.267733 0.151244 : 0.1
0.0632324 0.521072 0.444409 -0.386756 0.240939 0.250164 0.538038 0.00102251 0.0809971 : 0
0.476515 0.557072 0.204709 -0.439186 0.24771 0.322882 -0.106075 -0.00652134 0.182148 : 0
0.0664284 0.208767 0.0357111 0.137228 0.160138 0.232287 0.133009 0.562737 0.0928822 : 0.4
0.284178 -0.119664 0.647339 0.398819 -0.0176353 0.0125731 -0.0147925 -0.137179 -0.340752 : 0
0.275009 0.394335 0.669606 0.195297 0.059385 0.108335 0.123156 -0.153045 -0.236811 : 0
0.511128 0.106752 -0.0465446 -0.329427 -0.219061 0.0564116 0.163532 0.0764405 -0.26042 : 0
-0.595569 0.839407 0.145384 -0.45272 -0.0260294 -0.00399604 -0.0445016 0.486367 -0.298343 : 0.5
0.198022 -0.468935 0.212531 0.207366 0.119287 0.649402 0.0238186 0.220791 0.283143 : 0.3
-0.0252635 -0.660332 0.396946 -0.119406 0.131402 0.700539 0.0723357 0.0201109 -0.0680448 : 0
0.0612329 -0.0440395 -0.110622 -0.369893 0.0760573 0.247498 0.185281 -0.168086 -0.0612483 : 0
-0.121657 -0.213723 0.513726 -0.41008 0.530413 -0.674908 -0.031893 -0.0185504 0.409208 : 0
-0.39657 0.493863 0.0552142 0.466129 -0.267883 -0.152342 0.206219 0.314426 0.108459 : 0.2
0.221764 -0.0840631 -0.470288 0.0124227 0.0652959 -0.140137 -0.014389 0.00490924 -0.00349224 : 0.5
-0.0620453 0.600111 0.568859 0.137473 0.0312743 -0.240566 -0.458666 -0.249566 0.494973 : 0.5
0.498438 0.819777 -0.0103756 -0.272841 -0.20918 -0.158537 0.194763 0.253586 0.176492 : 0.3
0.150535 -0.497037 0.526808 0.528124 0.0877557 0.106332 0.132124 -0.0475302 -0.0962822 : 0
-0.0675881 0.133063 0.529839 0.117086 0.52608 -0.0452775 -0.0864657 -0.148238 -0.278455 : 0
0.474861 -1 0.925593 -0.0501594 -0.0613367 -0.0549587 0.203052 0.53673 0.479593 : 0
0.0699642 -0.117727 0.143305 0.0760754 0.31007 -0.309984 0.381578 0.240507 -0.25216 : 0
-0.968732 0.0515925 0.644293 0.326963 -0.170362 0.368903 -0.0973272 0.41149 0.152536 : 0
-0.338517 -0.361742 0.0861811 0.107609 -0.529619 -0.0636485 0.27364 0.0241663 0.181742 : 0
-0.0429824 -0.0948066 -0.280903 -0.454842 -0.308531 0.0105164 0.248331 0.0507493 -0.0216452 : 0.3
0.0155592 0.81468 1 -0.622048 -0.128507 0.119287 0.259209 0.0196996 -0.0614737 : 0.2
0.0738689 0.262804 -0.374037 -0.034962 0.263083 0.123878 0.207405 0.0670645 0.0370093 : 0
-0.460801 -0.503897 0.374179 -0.832158 -0.130037 0.101357 0.0656874 -0.263962 0.125603 : 0
0.132149 1 -0.142715 -0.0596776 0.0247988 -0.0100121 0.205382 -0.0299556 -0.491945 : 0.1
0.0682576 0.320682 0.122667 0.131729 -0.863633 0.06056 0.0467501 0.244499 0.040426 : 0.1
-1 1 0.0597219 -0.156399 -0.281269 -0.00903279 0.318142 0.303397 0.405941 : 0.4
-0.341236 0.0807521 -0.468714 -0.218041 -0.14452 -0.475692 -0.161542 -0.0164177 -0.046586 : 0
0.360368 -0.0185825 -0.333691 -0.351339 -0.370673 -0.0854281 0.0107776 0.0384028 0.305761 : 0
0.0884651 -0.0274415 0.365263 0.0392906 0.905382 0.360881 0.365557 -0.163156 -0.0493462 : 0
-0.102711 0.690507 -0.467837 -0.331702 0.416615 -0.150252 0.20282 -0.00554157 -0.736477 : 0.3
-0.0308896 0.359556 -0.159116 -0.177169 -0.218844 0.460938 -0.174696 0.32334 0.0823913 : 0
0.0316719 0.015024 0.212834 0.564463 -0.240475 0.034933 -0.0391896 -0.218362 -0.126216 : 0
-0.0272729 -0.0647104 0.652473 0.112854 -0.134254 0.0799289 0.295437 -0.115763 -0.23528 : 0
0.637463 0.865958 0.61709 0.150965 0.484477 -0.111356 0.0832614 -0.0772739 -0.0151299 : 0
0.222183 -0.0652386 -0.0995383 0.246821 0.173326 0.286713 0.565848 -0.485527 -0.436064 : 0
-0.0562773 0.781098 -0.0896678 -0.619975 -0.225284 -0.159202 -0.474229 0.315575 0.0952831 : 0
0.0839798 0.541601 0.422024 0.0977596 -0.156491 -0.00177323 0.26631 0.0744162 -0.311692 : 0.1
-0.178752 -0.0604465 0.752205 -0.263819 0.0889589 -0.350834 -0.422208 0.0426708 0.186118 : 0
-0.0486013 0.946528 0.315372 0.326036 -0.235284 0.262847 0.293663 0.379988 -0.329428 : 0.4
-0.341258 0.635409 -0.167539 -0.0336246 0.0738498 0.151965 -0.766613 -0.27504 -0.306185 : 0
0.478263 0.204402 0.34602 -0.394583 -0.128731 0.0410441 0.353894 -0.302458 -0.287909 : 0
-0.338197 0.197701 0.524116 -0.420864 -0.124954 -0.39575 -0.0202219 0.0327003 0.347849 : 0
-0.16405 1 0.196225 0.0366694 -0.250518 -0.228638 -0.154407 -0.131006 0.538565 : 0.3
-0.112744 -0.322872 0.217985 0.170904 0.944857 -0.0887966 0.0568 -0.062529 0.0348126 : 0
-0.0754706 0.305458 0.185784 -0.0894242 0.209516 0.0387385 0.348864 -0.0881982 -0.253521 : 0
-0.450798 -0.197952 0.0833095 -0.0678255 0.540948 -0.0211066 -0.0356221 -0.0856297 0.129128 : 0
0.236778 0.0853589 0.960709 0.374475 -0.0122993 0.0779642 0.006666 -0.103366 0.0131161 : 0
0.0429517 0.00915003 0.301591 -0.0537437 0.336641 -0.415627 0.280056 -0.25363 0.00630808 : 0
-0.0848342 -0.0927059 0.559067 0.111663 0.0837611 0.113858 0.0404569 -0.125095 -0.195862 : 0
0.173467 0.119539 0.0795346 0.444732 0.27055 0.209116 0.0474246 0.00916767 -0.0696849 : 0
-0.0343522 0.0697597 0.468111 0.48697 -0.0569031 0.618335 0.367967 0.304596 0.141134 : 0
-0.00833173 0.344428 -0.00244771 -0.137161 -0.00758099 -0.298842 0.0802597 0.0123961 -0.0170027 : 0
-0.165814 -0.145217 -0.650317 0.112571 0.0380552 0.242625 0.022807 -0.141963 -0.251217 : 0.4
-0.00704928 0.160945 0.161133 0.157036 -0.221624 0.131996 -0.54898 0.187245 -0.376445 : 0
-0.0675292 -0.032863 0.208295 -0.253935 0.142884 0.0311071 -0.0521283 0.0131641 -0.151287 : 0
0.331496 0.510082 -0.233962 0.800399 0.0380805 0.287066 0.165711 -0.287484 0.295494 : 0
-0.0566854 0.0995951 0.465202 -0.440696 0.109787 0.519921 -0.00942028 -0.0210009 0.27589 : 0
-0.0667911 0.530994 -0.288485 0.667367 0.0510895 0.423337 -0.0352665 0.150825 0.177008 : 0
0.216775 0.347319 0.307388 0.190466 0.0603058 0.180146 0.21943 -0.0788572 -0.0607603 : 0
-0.218822 0.175388 0.458293 -0.440193 0.19998 -0.226647 0.13582 0.378973 0.126823 : 0
-0.0583495 -0.0721551 0.178823 -0.266983 -0.308863 -0.168548 -0.249025 -0.325772 -0.355182 : 0.2
0.253952 -0.211464 0.364828 -0.255431 0.0451983 0.495648 -0.0117984 -0.0837946 0.118493 : 0
-0.773801 0.177339 0.319342 -0.134377 1 0.0150162 0.135854 0.343778 -0.423158 : 0.4
0.422072 -0.0419126 0.369101 0.0822921 -0.0269403 -0.285814 -0.00441722 0.336016 0.0258595 : 0
-0.122932 -0.132851 -0.182285 -0.203208 0.863632 -0.35296 0.153619 0.289627 -0.280913 : 0
0.0785183 0.858608 0.172486 0.225268 0.576319 0.390807 0.664917 0.196117 -0.172591 : 0.4
0.0636467 -0.32051 -0.200113 0.587153 -0.277679 -0.423159 0.263991 0.121178 -0.141447 : 0
0.0098808 0.96713 0.352811 -0.468594 0.124983 0.597395 0.081901 -0.0176113 0.305767 : 0
-0.131813 0.184052 0.330955 -0.231733 0.13998 -0.0921904 -0.261029 0.123679 0.448829 : 0.5
0.154345 -1 0.186047 0.306064 0.0649564 -0.103 -0.287248 0.0443602 -0.206615 : 0
0.194529 0.340915 1 0.204055 0.0940614 -0.10244 0.0046263 0.19861 0.0345104 : 0.1
-0.0517701 0.997332 0.223477 0.0815104 0.220733 -0.0800334 0.044325 0.0791624 -0.0959845 : 0.5
0.192598 0.32804 -0.469452 -0.432759 0.162821 0.0976828 0.156304 0.0313469 0.0444499 : 0.5
-0.153244 0.0425849 -0.429157 -0.701824 -0.331008 -0.27826 0.115715 -0.0155747 -0.0235276 : 0.7
0.186013 0.151882 -0.0248214 -0.0220321 -0.326825 0.898795 0.225049 0.139143 0.132097 : 0.5
-0.0536213 0.430625 0.172179 -0.089291 -0.0869841 0.115966 0.18064 0.0636827 -0.270228 : 0
-0.122462 0.561766 0.00645888 -0.209238 0.629875 0.336434 0.011648 -0.00749655 -0.0597951 : 0
-0.623258 0.863124 1 0.0801182 -0.0479011 -1 0.159238 0.0551082 0.442483 : 0.1
0.0167436 -0.26792 0.0830629 0.675741 0.175961 0.250647 1 0.166812 0.162641 : 0
-0.0467137 -0.422779 0.048357 -0.215355 0.396544 0.0417878 -0.132337 0.0235766 -0.0976634 : 0
-0.234344 0.0747223 0.156038 0.0464656 0.0779835 0.0892531 0.547058 -0.0199109 0.150424 : 0
0.2455 -0.170891 -1 -0.0943052 0.196969 0.150605 0.0728568 0.252611 0.103473 : 0
-1 0.0470026 -0.249922 0.221611 0.349459 0.196109 1 0.557398 -0.31383 : 0.1
0.0704772 0.16555 -0.245143 -0.0667411 0.681675 -0.892095 0.479116 0.351524 -0.100594 : 0
-0.558443 0.688442 -0.27159 -0.0879333 0.101419 -0.0260256 0.206712 0.00329526 0.00949959 : 0
-0.267319 -0.243507 0.394319 -0.323394 0.0847891 0.218876 0.222771 0.0466015 -0.351382 : 0
0.112931 0.877324 0.345394 0.0782744 0.0383879 0.318243 0.401742 -0.120794 0.143731 : 0.1
0.0610529 0.318656 0.0185828 0.244773 -0.535857 0.111757 0.132511 0.149199 0.0343682 : 0
-0.483318 0.850973 0.0852967 0.536482 -0.46637 0.604813 0.404064 0.0485623 -0.0849208 : 0.1
0.18689 0.0503243 0.349032 -0.0250569 0.164198 0.0959895 0.043452 0.0278769 -0.255121 : 0
0.31615 0.886827 0.00706649 1 0.0816465 0.00146775 0.319531 0.227785 0.163627 : 0
0.423794 0.268067 0.472855 -0.141617 0.407365 -1 0.0599939 -0.0645453 0.275931 : 0
-0.367689 1 0.0952612 -0.105602 -1 0.773632 -0.57982 -0.169803 0.228875 : 0
0.131784 -0.115476 0.737048 0.237751 -0.311746 -0.372706 -0.0464269 -0.275982 0.024444 : 0
-0.0942097 0.77698 -0.00125516 0.471907 0.0712017 0.201738 -0.123986 -0.119194 0.110853 : 0.2
0.136985 0.682286 0.0859176 0.226869 0.154896 0.0952269 -0.128961 0.115294 0.352891 : 0.1
0.0840144 1 1 -0.168354 -0.0894109 0.0479322 0.0488183 0.119982 0.0763704 : 0.3
-0.226476 0.21924 0.19845 -0.00953412 0.189524 -0.213236 0.122842 -0.0581186 0.0711751 : 0.1
0.211669 -0.183413 -0.67822 0.0938504 0.646035 0.678106 -0.532318 -0.0186821 0.217669 : 0
-0.0722723 1 -0.200516 0.274652 -0.245658 -0.816276 -0.164629 0.223809 -0.000394911 : 0
-1 0.2774 0.333707 -0.116847 0.312402 -0.883145 0.201274 -0.0558945 -0.21471 : 0.2
0.0893278 0.149596 -0.0105736 0.930361 0.447608 0.249415 -0.639732 0.0268399 0.296395 : 0.4
-0.021589 0.484051 0.258783 0.0947628 0.103769 -0.431853 0.157218 0.0153669 0.357657 : 0
0.03865 -0.199834 0.245542 0.460419 0.0279581 0.287785 -0.0322891 0.0760292 0.133855 : 0
0.140344 0.905605 -0.0802326 0.0377772 0.274243 0.218951 0.291812 -0.282212 0.0553219 : 0.4
-0.223394 -0.0170114 0.283089 0.201977 -0.0757119 0.246737 -0.256749 0.0884483 0.0923278 : 0
0.235122 -0.108932 0.403163 0.940292 0.302111 0.131068 -0.0328462 0.30403 0.0281576 : 0.4
0.195897 -0.278792 1 0.603864 -0.0376049 -0.458526 0.00698368 1 0.0734118 : 0.2
0.343613 1 -0.155513 0.292936 0.215436 0.146693 0.0883289 0.454164 0.433068 : 0.2
0.128546 0.105995 1 0.371843 0.139117 0.669854 0.111792 0.64709 0.129811 : 0.4
0.142875 -0.245415 -0.275618 -0.449648 0.213211 -0.0391404 0.330146 0.807817 -0.0531947 : 0
0.723641 0.905098 0.414109 0.272911 -0.157492 0.171602 0.105661 0.243787 -0.273061 : 0.1
0.103277 0.846196 0.386259 0.989183 0.297676 0.215982 -0.562974 0.163702 0.0925376 : 0
0.268999 0.451969 0.0878634 0.162132 0.529314 0.322667 0.255825 0.130082 0.275449 : 0.4
0.200731 0.741596 0.811789 0.486052 -0.286582 0.467504 -0.134161 -0.348465 0.146491 : 0
-0.102624 -0.187362 0.0254509 -0.271016 0.025517 -0.439831 0.0289633 -0.0293791 0.121387 : 0
-0.478734 0.686516 0.262405 0.628602 0.00792891 0.22537 0.371246 -0.0419648 0.361678 : 0.3
0.136566 0.0543804 -0.151915 0.161384 0.0033735 0.171873 -0.241109 -0.170434 -0.156154 : 0
-0.110643 0.581846 -0.0393606 0.666607 0.101109 0.348509 0.557423 -0.447032 0.252241 : 0.4
0.0904981 0.915222 0.0507177 0.238078 -0.157403 0.45111 0.100003 0.290425 0.150133 : 0.4
0.374941 0.52375 0.258426 0.366458 0.272081 0.343099 0.0596454 0.255717 0.224869 : 0.5
-0.307161 0.0517052 -0.225061 0.51804 -0.470739 -0.0419113 -0.00571448 -0.131104 0.120772 : 0
0.208667 0.181978 -0.0225779 -0.810802 -0.00120385 -0.0125797 0.160834 -0.0265563 0.271887 : 0.3
-0.132639 0.272362 0.051362 -0.464088 -0.118466 -0.143268 0.299849 0.157784 0.151764 : 0
0.439164 -0.157702 0.433234 0.349764 -0.626969 0.610519 0.14523 -0.00206992 0.372387 : 0
0.0458621 0.0141282 -0.201225 -0.208201 0.0447301 0.0432203 -0.167105 0.0330519 -0.250213 : 0.1
-0.169766 0.118484 1 0.305675 0.0715189 0.0708256 0.124327 -0.0586864 0.18758 : 0
-0.0839386 0.375762 -0.27341 0.976249 -1 0.275875 0.91856 -0.342665 0.573897 : 0.4
0.418063 0.407838 0.444117 -0.285212 0.0819351 0.0872041 0.152168 0.202943 0.132942 : 0.1
-0.298331 0.45594 0.0146853 0.219239 -0.0903547 0.0618792 -0.0840499 0.000712592 0.412827 : 0.1
-0.206356 0.158128 0.154889 -0.105671 0.360931 0.102153 0.153931 0.00778008 0.0136516 : 0.1
-0.353972 0.157355 0.449658 -0.229066 0.0765374 0.742728 0.367301 0.0540519 0.0568543 : 0
-0.248981 -0.209846 0.032159 0.646202 0.534553 0.181248 0.2461 0.131654 0.0767334 : 0.1
0.796807 0.877282 0.156539 0.414198 0.0372146 -0.115595 -0.179781 0.102999 -0.140997 : 0
0.483938 -0.361738 0.574855 0.41149 0.256204 -0.135992 0.0114273 -0.0109761 -0.214698 : 0
-0.0991417 1 -0.405089 -0.520975 0.0486616 -0.122808 0.189007 0.361256 0.237877 : 0
0.229284 -0.48692 0.256814 0.0124204 0.133412 -0.267021 0.262929 0.106344 -0.0371779 : 0
0.0322649 0.0199323 -0.298157 1 0.305302 0.425786 0.0409784 -0.222536 -0.112749 : 0.1
0.355505 -0.105776 -0.273386 0.177199 0.172265 1 0.277286 0.141291 -0.0569797 : 0
-0.562068 -0.424309 -0.112416 -0.140289 0.997898 -0.13524 0.547348 -0.0649422 0.0566637 : 0.2
-0.158407 -0.798016 0.174828 0.158148 -0.206617 0.352264 0.339684 -0.179873 0.158226 : 0
-0.392319 0.536178 0.232464 0.862246 -0.19318 -0.623345 -0.00222722 0.566488 -0.0450785 : 0.2
-0.373122 0.151019 0.38953 0.119854 0.770927 0.200444 0.357424 -0.33017 -0.0303191 : 0.3
0.112152 0.218334 -0.368435 -0.175894 -0.103053 0.0947612 -0.0447946 -0.154582 0.591564 : 0.3
0.014356 0.00291821 0.348889 0.631277 -0.207199 0.0142252 0.750488 0.546524 0.0997075 : 0.1
0.158539 0.107731 0.00468302 -0.0010753 -0.0379433 0.259704 0.201576 0.109706 -0.262758 : 0
-0.00134182 -0.681126 0.159258 -0.778777 -0.0845802 -0.235041 0.133669 0.307332 0.0888559 : 0
-0.0416022 0.138842 -0.310536 -0.1057 0.345256 -0.569667 -0.146178 0.192912 -0.232819 : 0
0.194157 0.0814912 -1 0.305538 0.0375998 0.256028 -0.0270171 -0.0909815 0.450079 : 0
0.0584455 -0.259646 0.264075 0.415271 0.261672 -0.349599 0.237252 0.0747602 -0.036213 : 0.1
0.0456163 0.645621 0.22697 -0.594826 -0.424504 0.306005 0.432809 -0.140244 0.670341 : 0.4
0.260359 0.785789 -0.0697977 -1 -0.497135 0.0964096 -0.214587 0.108975 0.0334974 : 0.1
-0.127374 0.183499 -0.357765 0.138707 0.118016 0.388875 0.235703 0.0307273 0.0194212 : 0.2
-0.22458 -0.305718 -0.163963 0.66534 -0.430812 -0.0087297 0.483177 -0.105892 0.219146 : 0.1
-0.247246 0.410482 -0.0199727 -0.560677 -0.00029248 -0.112316 0.459723 0.00542703 0.329976 : 0
-0.0647747 0.229771 0.807285 0.702664 0.802275 0.274309 -0.163567 0.417918 -0.244668 : 0
0.115731 0.32084 0.22285 0.0959935 -0.0881948 0.0154531 0.193649 -0.0624633 -0.173471 : 0.3
-0.498836 0.470563 0.348169 1 0.0558107 -0.311045 0.00199314 0.422554 0.300245 : 0
0.162991 0.412285 -0.0743265 -0.350043 -0.191145 0.0926064 0.234211 0.119256 -0.17845 : 0.2
-0.798043 0.110779 0.285639 0.94213 -0.272749 0.341309 -0.0633585 0.222116 0.0276864 : 0.3
0.282049 -0.237327 0.154861 0.0753886 0.577147 0.189697 0.0987958 0.0224091 -0.0743458 : 0
-0.00125408 0.507597 0.249367 0.0514387 0.654393 -1 0.00821017 0.284609 -0.010673 : 0
0.777062 0.676991 0.0559143 0.179245 0.0631187 -0.11377 0.131445 -0.0313448 0.194993 : 0
0.0370284 -0.206856 0.118971 0.334599 -0.0210289 0.112902 0.0347873 -0.0375679 0.0221564 : 0.3
0.103316 0.883555 0.117878 0.206284 0.644007 0.145974 0.209182 0.196967 0.0786478 : 0.1
0.180398 -0.326273 0.0544217 0.0253101 0.199523 -0.272707 0.193808 0.198735 0.286018 : 0.4
0.613721 -0.11223 0.167843 0.963446 0.415521 -0.144408 -0.330561 0.961508 0.0712974 : 0
-0.564344 0.058559 0.266267 0.140057 0.0829038 0.0425083 0.0638255 0.112204 -0.171609 : 0
-0.0827963 0.2141 0.0595368 -0.176451 -0.506424 -0.113995 0.0592428 -0.0626497 0.663084 : 0
0.0443402 0.153349 0.404989 -0.539698 0.138947 0.271092 0.536941 -0.165549 0.649921 : 0
-0.251556 0.366658 0.248936 0.0159408 0.908484 0.15293 -0.193015 -0.00129943 0.3037 : 0
0.456533 0.569493 -0.0757224 0.256319 0.0874113 -0.523112 0.212552 -0.343872 0.151924 : 0
-0.574144 0.433752 -0.458582 -0.730345 -0.31847 -0.586408 -0.0225704 0.113685 -0.123782 : 0.5
0.545496 0.301319 0.254476 -0.0983483 0.00323663 0.253704 -0.0436134 0.0290383 0.138995 : 0.3
0.158638 0.14455 0.330899 0.187628 0.00734666 0.0244578 0.497827 -0.257703 -0.416705 : 0.3
-0.0424108 0.256051 -0.0235399 0.182352 -0.318964 -0.600207 0.00782886 0.159503 0.019214 : 0.1
0.140577 -0.323273 -0.127393 0.0848907 0.230022 -0.480962 0.265972 0.216559 0.290324 : 0.3
-0.421075 0.997416 -0.213173 -0.0732117 -0.435498 0.0700758 0.190923 -0.263135 -0.0941378 : 0
0.248812 0.40313 0.171981 -0.183011 -0.271127 -0.107689 0.283508 0.206333 0.145481 : 0
0.144321 0.90507 -0.00421092 -0.151913 0.569218 0.0789449 -1 0.19961 -0.645618 : 0
0.39698 0.47879 0.653228 0.0594684 -0.758189 0.201557 0.186362 -0.0397047 -0.256197 : 0
0.119501 0.559416 0.505482 0.0306794 0.0429119 -0.0688189 0.0789289 0.413443 0.225282 : 0.1
0.165835 -0.0415739 0.407528 -0.392998 0.253254 -0.0755263 0.567326 0.0411595 -0.37717 : 0
-0.299514 0.771256 -0.268357 -0.268103 -0.29332 0.297928 -0.172043 0.0922199 -0.0214206 : 0.1
-0.391411 0.445119 -0.00797847 -0.752441 0.00462726 -0.0936725 0.0769239 -0.235898 0.265776 : 0.4
-0.146805 0.523855 0.034059 0.185177 0.193431 -0.055078 0.2531 0.405906 0.302956 : 0.1
-0.115995 0.0961217 0.0289403 0.389899 -0.304656 -0.138159 0.0288249 -0.651183 -0.00893609 : 0
0.111152 0.790379 -0.00636795 -0.214052 -0.0826091 -0.938985 0.158057 0.0990966 -0.201858 : 0.3
0.2219 -0.0408094 -0.112608 0.0778396 0.11585 -0.173082 -0.0286937 0.0311652 -0.541586 : 0
0.0121443 0.175125 0.224582 0.135489 0.0690382 0.0722911 0.124836 0.163871 0.294409 : 0
0.0206116 0.109688 0.747688 -0.448931 -0.140175 0.0170483 0.132594 0.180153 0.0132303 : 0
-0.0493091 0.185753 -0.0465094 0.208484 -0.294119 -0.178235 0.0788694 -0.0499954 0.107846 : 0
0.112819 0.266858 0.23247 0.0303991 0.3994 0.328952 1 0.0181319 0.328785 : 0
0.0729163 0.118514 0.162452 -0.237574 -0.453669 -0.180496 0.0808843 0.696333 -0.0986938 : 0
-0.270168 -0.213112 0.964687 -0.818181 0.145117 -0.0808811 -0.349122 0.018472 -0.091642 : 0.1
-0.0921421 0.143896 -0.0482152 -0.0524905 -0.303079 -0.53268 0.0282574 -0.233531 0.329203 : 0
0.246519 0.16853 0.583146 0.0871182 0.0854636 0.0745886 0.00290966 -0.0370176 0.276247 : 0.5
-0.272026 1 0.167124 0.329801 -0.247228 -0.216058 0.162307 -0.195246 -0.593112 : 0
0.16489 0.426894 0.266878 -0.234823 0.255256 -0.0906408 0.0548536 0.302463 0.635445 : 0
0.142075 -0.885398 -0.0306324 -0.218086 -0.0708613 0.244929 0.435459 -0.0728805 0.15771 : 0
0.24833 0.181259 0.15384 -0.201759 0.200848 0.180818 0.148273 0.224268 0.182845 : 0.1
0.15804 -0.0417861 0.337135 0.554569 0.394866 -0.258904 0.261288 0.221465 0.149448 : 0
-0.266954 0.161445 -0.0926331 -0.161923 -0.0657345 0.606824 0.583299 0.127428 0.201518 : 0
-0.124494 -0.0455898 -0.322025 0.195134 -0.752839 0.500057 0.124473 0.215443 -0.309476 : 0
0.0640543 0.649688 0.109853 0.031111 0.79385 0.309764 -0.0761933 0.201023 0.601468 : 0.1
0.138052 0.53703 0.0940517 0.0305361 -0.115269 -0.594258 0.123615 0.180618 -0.143355 : 0
0.133585 0.107034 -0.420158 -0.154218 0.420314 0.225432 -0.192988 -0.280062 0.311541 : 0.4
-0.478444 -0.640286 -0.227336 0.189185 0.17502 0.480072 0.37754 -0.361671 0.303698 : 0.1
-0.0799805 0.663833 -0.576459 0.148431 0.265326 -0.435868 0.0540339 0.0459343 0.179358 : 0
0.0178682 -0.591055 -0.0918315 -0.0928815 0.104591 0.0304577 0.601984 -0.224884 -1 : 0
-0.0253986 0.339722 0.186916 0.19201 0.0298632 0.807006 0.319413 0.134833 -0.194547 : 0.4
0.189086 0.0511475 0.246454 -0.0102868 -0.0160746 -1 0.14229 0.255258 0.0442398 : 0
-0.137836 0.330952 -0.322236 0.328977 0.158095 0.0435569 -0.166614 -0.352125 0.385235 : 0.3
0.170644 0.914586 0.0769702 -0.0668206 0.770418 0.401876 -0.087974 0.251176 0.175799 : 0
0.0966693 1 0.0409884 -0.0668252 0.168158 -0.14367 -0.121057 0.133603 -0.125453 : 0
0.00416601 0.474093 0.0188405 0.115794 -0.147693 -0.0902125 -0.130286 0.126387 0.204768 : 0
-0.08224 0.489341 -0.0224967 0.118077 0.0741829 -0.156778 -0.122633 0.440936 0.200121 : 0
-0.213978 -0.0836277 0.439063 0.00112164 0.1127 -0.179251 0.380324 0.21529 -0.00717064 : 0
-0.385888 0.687945 -0.2218 -0.167652 -0.385734 -0.347233 -0.0058495 -0.0288379 0.491812 : 0.1
0.737749 0.961808 1 -1 0.174094 0.724702 -0.0389145 0.0584168 0.137049 : 0
-0.285273 0.168164 0.0745105 -0.079638 0.53556 0.00436603 -0.0316564 0.0235202 0.332916 : 0
-0.192338 0.30182 0.58728 -0.0195434 0.05694 0.395511 0.0419924 0.0212749 -0.773949 : 0.1
-0.0569932 0.596731 -0.0218423 -0.0682151 -0.0512276 -0.159634 -0.00521095 0.155936 0.113398 : 0
-0.261577 0.81343 -0.00852235 -0.484031 0.112044 -0.276212 -0.0276188 0.1293 -0.192276 : 0
0.139874 -0.208368 -0.0035024 0.569932 -1 0.370014 -0.0411869 -0.20082 0.167779 : 0
0.1325 -0.389917 0.150518 0.0743021 -0.0735447 -0.0220176 0.310721 -0.029259 -0.479257 : 0.4
0.285061 0.668276 -0.382827 -0.00995059 0.0076144 0.227729 0.427005 -0.00509882 -0.214303 : 0.1
-0.107851 0.151528 0.447578 0.0178304 0.724265 -0.0834716 -0.13522 -0.0707678 -0.0165823 : 0
-0.982666 0.72354 -0.338844 -0.11369 0.697424 -0.67314 0.21083 0.128311 -0.0194474 : 0
0.765773 -0.407047 0.165613 0.735657 0.212499 0.00253862 0.0543904 0.847062 0.0648013 : 0.1
0.0974591 -0.887288 0.0566067 0.055116 0.0249265 0.333937 -0.375202 0.00388098 0.151724 : 0
-0.275317 0.804884 0.412237 0.286688 0.101355 0.19467 0.35236 -0.448024 0.0269647 : 0.1
0.0559379 0.608732 -0.178358 0.00879014 0.15041 -0.110111 0.382076 -0.513738 -0.302316 : 0
-0.791221 0.151802 0.114047 0.426011 -0.125802 -0.380279 0.279602 -0.109796 0.0966299 : 0
-0.03027 -0.104034 -0.152703 -0.0654276 0.11206 0.161618 -0.982 -0.111501 -0.35587 : 0
0.320155 1 0.0748215 -0.0992151 0.322981 0.376975 0.232588 0.20542 0.229806 : 0
0.105945 0.0123926 0.0774637 0.185304 0.046377 0.21341 0.141363 -0.174563 0.0675464 : 0.3
0.0501524 -0.897195 -0.214609 0.331219 -0.256681 0.10325 -0.358308 0.125173 -0.0253835 : 0
-0.123585 0.182709 0.64137 -0.135793 -0.736667 0.075474 0.0706786 0.223363 0.249147 : 0
-0.153224 -0.507297 0.524264 -0.889696 0.115253 -0.0543687 -0.100757 0.0429922 0.00275687 : 0.3
0.187862 0.395789 0.169609 0.351208 -0.776008 0.0288274 0.0254457 0.0787911 -0.466063 : 0
-0.122039 0.655859 0.405126 0.425822 -0.0372339 0.283575 0.330789 0.0695285 0.133925 : 0
0.239083 0.190419 0.542162 0.0522884 0.660177 0.0295502 0.24223 -0.233041 -0.0215988 : 0
-0.0344103 0.036973 0.169982 -0.272433 -0.0323339 0.0546363 0.154486 -0.105643 0.105585 : 0.3
0.351096 0.550635 -0.128475 0.0760299 0.550931 0.847084 -0.273082 0.838035 0.220389 : 0.1
-0.0877689 0.200355 0.109195 -0.469117 0.122389 0.276191 0.0539442 0.0771241 0.237454 : 0
-0.074506 0.26339 -0.586877 0.0994137 -0.0844386 0.117945 0.111644 -0.000835583 0.111716 : 0
0.0500774 0.520638 -0.348892 -0.454601 -0.172084 -0.105938 -0.0982774 0.297444 0.342408 : 0
-0.24917 0.782804 0.106673 0.248249 0.19538 -0.0169076 -0.232397 -0.0184988 0.0095832 : 0.3
-0.12045 0.669291 -0.0746133 -0.801105 -0.128249 0.134575 0.0358551 -0.0144634 0.392874 : 0.1
-0.48412 0.552791 1 -0.685087 0.00446281 0.223743 0.456767 0.184438 0.25881 : 0
-0.433053 -0.00475022 0.165238 0.521731 -0.0473127 -0.0438814 0.0708032 0.0645889 1 : 0.1
-0.147977 -0.170273 0.140052 -0.590501 -0.0660505 -0.809988 -0.0263163 0.251735 -0.19564 : 0.1
0.0846248 0.85354 0.0524005 -1 0.118054 -0.0775223 0.137364 0.120506 0.158849 : 0
0.452142 -0.0149154 -0.251561 -0.124359 0.0251081 0.270959 -0.419916 -0.443124 0.27904 : 0
-0.371591 0.898511 -0.0409116 0.814551 -0.284765 -0.398893 -0.000559613 0.174086 -0.057115 : 0.4
-0.299137 -0.0744344 -1 0.0712439 -0.337668 0.342964 -0.51316 0.121938 0.11367 : 0
0.370583 0.335651 0.191197 0.1769 0.0206477 -0.59814 0.201269 -0.194878 0.428527 : 0
-0.122173 -1 0.182429 -0.030617 0.458551 0.3853 -0.216542 -0.050883 0.238161 : 0.5
0.0568668 -0.377948 -0.553442 -0.114656 -0.034458 0.0850103 -0.281805 0.0128346 -0.0418175 : 0
-0.114973 0.845792 0.388858 -0.248447 0.266404 0.756483 0.350695 -0.17081 0.0915497 : 0
-0.00521344 0.491445 0.0466037 1 0.357866 0.307054 0.275664 0.102043 -0.215269 : 0
-0.0838344 0.216297 0.18913 -0.553939 -0.868649 0.101859 -0.213449 0.286672 -0.0482779 : 0.4
-0.0396281 0.434034 0.125988 -0.132977 0.955921 0.0103892 -0.111183 0.0191595 0.202081 : 0
-0.0353319 0.00710051 -0.304515 -0.0619741 -0.0079906 0.377752 0.0979739 0.358001 0.0433954 : 0.2
-0.47838 1 0.515691 0.590273 -0.263618 -0.0349287 -0.187742 0.0031524 0.941773 : 0.1
0.0416687 -0.196755 0.517243 0.0902823 0.421583 0.235044 0.293764 -0.130275 0.156338 : 0
0.0817732 0.349903 -1 0.00802337 -0.019183 -0.153596 0.0649669 -0.0521753 -0.137903 : 0
0.0439143 0.463572 -0.167905 -0.115597 -0.0034793 -0.0881982 -0.137679 -0.194733 -0.0141023 : 0
0.0586203 -0.0601208 -0.863475 0.015155 0.592814 0.358717 0.30976 -0.211102 0.28121 : 0
0.233208 0.212441 0.040947 -0.147485 -0.22912 0.286741 0.115262 0.10706 -0.0966007 : 0
0.49633 0.0961329 -0.034321 0.164772 0.161622 0.517504 0.0441581 0.716655 0.269348 : 0
-0.12738 0.157229 -0.184676 0.702624 0.11359 0.417699 0.0154102 0.089135 0.107629 : 0.1
0.0361118 -0.0399042 -0.171513 0.241442 0.136827 0.38232 0.0453241 0.582789 0.143799 : 0
0.043591 -1 0.457751 -0.299438 0.424729 0.471183 -0.134112 0.135331 0.124938 : 0
-0.138368 -0.203289 0.86335 -0.205226 0.390423 0.0191443 0.019711 -0.0831921 -0.0299478 : 0.1
-0.118648 0.984562 0.0435028 0.577252 -0.136985 -0.285623 -0.322315 0.228599 -0.0759319 : 0.6
-0.318412 0.283831 -0.507213 -0.176812 -0.0402874 0.1081 -0.246099 -0.0090457 0.0405204 : 0
-0.0616986 0.312576 0.773185 -0.175324 0.170713 0.0315068 0.0910422 -0.0741904 -0.0227047 : 0
-0.0163507 -1 0.0418309 0.618058 -0.0895346 -0.00693637 0.17121 0.375004 0.106616 : 0
0.0308122 1 0.247414 0.32386 -0.334353 0.0546361 0.417135 0.232153 -0.0530562 : 0
0.280943 -0.0437489 0.720967 0.0260484 -0.338921 -0.0324684 0.0811379 0.0952672 0.49234 : 0
-0.318392 -0.10988 0.14508 -0.223449 0.903633 -0.1738 0.153171 0.074923 -0.480729 : 0.1
-0.286475 1 -0.0437819 1 0.115026 0.026898 -0.158654 -0.143223 -0.00172058 : 0.1
-0.556332 0.206661 0.22029 0.355087 -0.0764762 0.33732 0.570881 -0.00587785 0.0881906 : 0
0.250999 0.176756 0.333611 -0.0372653 -0.0610446 0.338325 0.0329496 -0.261182 -0.418634 : 0.4
-0.140543 0.349198 -0.0883516 -0.0865642 0.171547 0.00509821 -0.17426 0.370361 0.225767 : 0.1
-0.11801 1 0.11604 0.117224 -0.303144 0.318986 0.314599 0.0889889 0.279743 : 0.3
0.120047 -0.235677 0.371127 -0.128206 -0.0553858 0.0946426 0.65588 0.00768337 -0.0935059 : 0.1
0.0141144 0.537223 0.969111 -0.665536 -0.0259552 0.260241 0.509687 -0.0278317 -0.32373 : 0.6
0.215498 0.332891 0.490594 -0.0810947 -0.229645 -0.164644 0.219717 0.180107 0.00412544 : 0
0.0591022 0.581832 -0.395761 0.0668083 -0.00859675 0.307912 -0.108034 -0.29127 -0.142465 : 0
-0.340987 0.0373946 -0.461016 0.0909823 -0.0637212 0.11955 -0.164654 -0.0450327 -1 : 0.7
0.259443 -0.513497 -0.315719 -0.516119 0.18801 0.102638 0.0207452 -0.0350543 0.31675 : 0
0.0932852 -0.0535362 -0.849775 0.844056 0.019485 0.0447354 0.198615 0.398887 0.0554425 : 0
0.163957 0.0198475 0.0751295 -0.764509 0.621427 -0.261393 -0.0121503 -0.212745 0.0833018 : 0
0.0345737 -0.582942 0.715866 -0.0322968 0.209028 0.252684 0.299308 0.449107 0.186995 : 0
0.243344 0.985124 0.0793292 0.291437 -0.330009 0.164924 0.221516 -0.000585876 0.0372639 : 0.3
-1 0.23959 -0.122647 -0.0629349 0.035548 -0.056412 -0.0372775 0.388232 -0.67173 : 0
0.194376 0.00681992 -0.284373 -0.137003 -0.0189762 -1 -0.189412 0.107294 -0.288839 : 0
-0.0329911 0.770256 0.741259 -0.04751 -0.174854 0.33688 0.290887 -0.0645177 0.117589 : 0
0.0879251 -0.0575781 -0.285833 0.0491103 0.0813427 -0.22994 0.188524 0.300322 0.0557309 : 0
0.116919 1 -0.291829 0.553166 -0.324156 0.691654 0.461287 -0.110636 0.929773 : 0
0.105323 -0.224241 -0.134462 -0.0373126 0.153296 0.454423 -0.204578 0.772078 0.242518 : 0
-0.0491233 0.181394 0.0148188 -0.404747 0.0240886 0.204047 0.305492 0.440772 0.00902448 : 0
-0.0903263 0.365393 0.18279 -0.250365 -0.0935521 0.641774 0.335318 -0.296907 0.392546 : 0
-0.417502 1 -0.0998355 0.913926 -0.238686 0.413558 0.339783 0.883439 -0.0254433 : 0
0.283802 0.682932 0.385452 0.0310725 -0.0699786 -0.0133834 0.0495758 -0.0106993 -0.00780021 : 0.3
-0.572241 -0.323261 -0.722681 0.0687002 -0.216165 0.376377 0.24479 0.145521 -0.0541408 : 0
0.159528 -0.0128851 0.0108964 -0.600196 -0.251432 0.291757 -0.131934 -0.0141872 -0.114589 : 0
0.00993744 0.0453328 0.0568052 0.0928792 0.221149 0.717712 0.0701009 0.0325644 0.131447 : 0.3
0.751069 -0.145465 -0.459435 -0.180373 0.0588732 0.142628 -0.0251388 0.586414 0.0134713 : 0
-0.541247 0.742228 -0.216337 -0.074396 0.100373 -0.325282 -0.0256812 0.141216 0.278083 : 0.6
-0.00118455 0.0843773 0.223395 0.00464058 0.546221 -0.0561822 -0.0246134 0.159041 -0.0488608 : 0
-0.04818 -0.644308 -0.0650194 0.709084 -0.402758 -0.170965 0.256259 0.0318003 -0.201615 : 0
-0.0774336 0.261642 -0.326464 0.112555 -0.0443189 0.379016 0.463305 -0.48168 0.293801 : 0
0.440439 0.311548 0.37468 -0.48595 0.161311 0.104676 0.184731 0.100016 0.266398 : 0
-0.177117 0.107141 -0.0789781 0.419287 0.478655 -0.451911 0.0827381 0.139341 1 : 0.3
0.0237808 -0.473061 -0.697994 -0.105611 0.0785563 0.0675213 0.925956 -0.375743 -0.170944 : 0.4
0.398396 -0.823168 0.408116 0.0781918 -0.0500012 0.228722 -0.219139 -0.0520975 0.102982 : 0
0.168794 0.516718 1 -0.700782 -0.171967 -0.0454097 -0.329961 0.000181857 -0.381012 : 0
0.480843 0.656402 1 0.558601 0.0435237 -0.184614 0.599569 0.372793 0.0149202 : 0
0.0912045 -0.0779881 -0.508794 0.293517 -0.24009 0.668134 0.164824 -0.30638 0.0167043 : 0
0.581737 -0.259451 0.0139596 -0.0417751 0.0806371 -0.151788 -0.0537719 -0.0525704 -0.335445 : 0
-0.416858 1 -0.0269459 0.101506 0.0522661 -0.201111 0.186692 0.430832 0.2602 : 0
-0.0428303 0.335426 -0.184916 0.254732 0.129258 -0.147506 0.339756 0.341043 0.0918047 : 0.1
0.327291 0.630445 0.151285 -0.134545 0.191976 0.224028 0.352632 0.0559762 -1 : 0
0.128962 0.297651 0.353679 0.0573364 0.132481 -0.358056 0.122904 -0.236765 -0.180525 : 0.2
0.278105 0.812 0.198512 0.0554648 -0.452317 -0.0177186 0.189131 0.261038 0.192142 : 0.1
-0.799956 1 0.0492149 -0.43754 0.209225 -0.153881 0.0177717 0.0415072 0.131233 : 0
0.212777 0.0873452 0.0691165 -0.111066 -0.110891 0.253687 -0.0228683 0.128102 -0.0294977 : 0
0.180104 0.154045 -0.198001 -0.442292 0.27349 0.860958 0.0388788 0.210445 -0.115334 : 0
0.208602 0.173808 -0.0159091 -0.0927289 0.00703919 -0.509277 -0.113785 0.350377 0.397994 : 0.1
0.100992 0.258596 0.0244671 -0.406495 -0.344758 0.350367 0.0722632 0.0624027 -0.534658 : 0
-0.00931089 -0.495529 -0.0640146 -0.0521794 -0.200376 -0.486009 0.230046 0.0816702 -0.27605 : 0
0.134396 -0.0610057 0.196587 -0.302681 0.0702532 0.395401 0.141748 0.252392 0.0936242 : 0
-0.176073 -0.192845 0.607135 -0.365993 -0.268833 0.353484 0.0219499 -0.178662 -0.122424 : 0.2
0.13776 -0.374231 0.5662 -0.537353 0.925705 -0.29856 0.207775 0.0219908 0.0824034 : 0.1
0.530653 0.559137 0.306511 0.199876 0.134528 0.112865 0.427293 -0.184345 -0.11339 : 0.1
-0.13119 -0.477941 0.349645 -0.40355 0.333593 0.773708 -0.0609625 -0.112425 0.125519 : 0
0.207056 -0.234879 0.295421 -0.356818 0.510381 -0.573854 -0.0373095 0.086135 0.099766 : 0.5
-0.265696 0.920985 1 -0.197193 -0.267623 0.471006 0.115114 0.138569 0.312723 : 0
-0.230402 -0.427586 0.143781 0.0840066 0.309857 -0.13232 0.20012 0.0204058 -0.00796106 : 0.6
-0.0965997 0.666031 -0.327448 0.455228 0.00383145 0.342154 0.363434 0.119901 -0.0175847 : 0
-1 0.613939 0.0456265 0.35913 0.00911796 0.0461581 -0.114755 0.476586 0.444615 : 0.1
0.00812292 -0.0981856 -0.36987 0.430756 -0.0872008 0.59751 0.339748 0.0559812 -0.0405543 : 0
0.00513062 0.10849 0.155883 -0.0760016 -0.238174 0.367691 0.355559 0.0669961 -0.18958 : 0
0.338789 0.446453 0.336747 0.0320269 0.546108 0.390611 0.362316 -0.0694063 -0.132867 : 0
0.211767 -0.526603 0.321448 -0.0595784 0.193028 -0.0194721 0.136296 -0.12113 0.196294 : 0.2
0.100923 0.0958478 0.138998 0.0967121 -0.0649079 -0.488293 0.0954062 0.0220349 0.338375 : 0
-0.121414 -0.451117 0.0311798 -0.102713 -0.244812 0.0436223 0.284677 0.102441 0.234266 : 0
0.295939 -0.176954 -0.0435111 0.455174 -0.0458839 0.259835 0.106091 0.0905554 0.361525 : 0
0.218338 0.808042 -0.0103209 -0.181349 -0.27157 0.326572 0.181222 -0.00118238 -0.241688 : 0
0.0661142 0.166729 -0.196009 -0.186444 -0.283526 0.469453 -0.0273657 0.268977 0.0393511 : 0
-0.226699 -0.562839 -0.522534 0.0705432 0.19399 0.000481263 -0.0147264 0.249966 0.152539 : 0.4
-0.265918 0.743979 -0.00894944 -0.419335 0.109316 0.0883772 -0.364847 0.122705 0.19089 : 0.1
-0.0145146 0.224994 0.0783521 0.311141 0.870119 -0.553965 0.0588769 0.0231609 0.047162 : 0.3
-0.0736152 -0.206997 -0.147479 0.058408 0.199848 0.663704 0.356421 0.155586 0.344058 : 0.3
-0.409719 0.159377 0.189041 -0.109811 -0.155546 0.0580267 -0.0335489 0.00639179 -0.268561 : 0
-0.518469 0.425207 0.204532 0.397131 0.307649 0.242761 0.124153 0.480351 0.29077 : 0
0.15941 -0.119967 0.612017 0.297741 -0.175273 -0.137097 0.588437 0.121471 0.071754 : 0
-0.124097 0.697683 0.264731 -0.110904 0.342715 -0.232059 -0.00436962 0.0320294 0.209972 : 0.4
0.39382 0.855487 0.0848484 0.0204309 -0.375605 0.142516 -0.118176 0.23123 0.108403 : 0
-0.116108 0.0734701 0.199247 0.445055 0.128058 -0.273398 -0.047624 -0.0352979 -0.195884 : 0.1
0.32904 0.181473 0.00780956 -0.511371 0.0503751 -0.052122 0.133186 -0.119574 0.127141 : 0.3
0.113612 0.288498 -1 0.0564778 0.190815 -0.0512823 0.400594 -0.0609256 -0.248151 : 0
0.266953 -0.804834 0.30796 -0.597624 0.616602 0.249105 -0.128917 0.269075 0.129802 : 0.6
0.275706 -0.938204 -0.243516 0.000774175 0.0406077 0.223586 -0.386125 -0.470755 -0.177931 : 0
0.0257149 0.441071 0.0250634 -0.0867433 -0.105125 0.0154421 0.335443 0.151468 0.319026 : 0
-0.137594 0.508708 -0.105354 -0.216382 0.0405808 -0.0755531 -0.166834 -0.330411 -0.330162 : 0
-0.0510553 0.380584 0.0959052 -0.750912 0.0755452 0.689388 0.233331 0.0602454 -0.533822 : 0.6
0.641259 0.0595832 0.582356 -0.575913 0.413859 -0.0163369 0.0814056 -0.0234448 0.443452 : 0
-0.273378 0.926783 0.511098 -0.458883 0.213538 -0.191391 0.614433 -0.00734144 0.0825213 : 0
-0.125634 0.68588 -0.117977 -0.277074 0.653011 -0.0429172 -0.0900185 -0.0352137 -0.301193 : 0
0.45736 -1 0.10164 -0.752644 0.212332 -0.0416949 0.223141 1 -0.0958652 : 0
0.345658 0.313377 -0.367901 -0.138605 -0.138433 0.137344 0.0150984 0.0578424 0.283115 : 0
0.668835 0.682934 0.439057 -0.00116191 0.219284 0.0432133 0.183333 -0.275762 -0.0207693 : 0.5
0.0957518 0.224195 -0.00960017 1 0.311854 0.453334 -0.0132507 0.103853 0.10081 : 0.1
0.0550625 0.491797 0.191634 -0.413516 0.507202 -0.413279 0.0913093 -0.00660446 -0.0966054 : 0
0.454353 0.283254 0.101332 -0.0135604 0.207587 0.94523 -0.381665 0.245404 0.120552 : 0.4
0.274876 0.819483 0.670333 0.265722 -0.0121696 0.116919 0.242557 0.0547349 -0.293732 : 0.4
0.00484428 -0.104645 0.345224 0.110224 0.121339 0.00201918 0.39879 -0.134649 0.0778937 : 0
0.160545 0.0848358 0.281768 -0.0401535 0.200392 0.50123 0.091016 -0.0517 0.989577 : 0.1
0.0595138 -1 0.169147 -0.0726375 -0.373305 0.156311 0.456664 0.107252 0.140973 : 0
-0.195681 0.704351 -0.060718 0.37355 -0.039043 -0.176088 -0.0758689 0.0830589 0.107339 : 0
0.126811 0.270646 0.25063 1 -0.832257 0.256137 -0.2809 -0.00350139 0.153628 : 0
0.101932 -0.20129 0.186641 -0.243008 -0.063604 0.354915 0.139365 -0.03961 0.375161 : 0
-0.105469 0.136005 1 -0.878846 0.228933 -0.183712 0.26856 0.0161893 0.0243127 : 0.1
0.0960908 -0.008856 -1 0.207466 -0.108715 0.254912 0.358735 0.0087244 -0.10373 : 0.1
-0.247891 0.554428 -0.0871353 -0.63708 0.090473 0.919454 0.318038 0.158982 0.0719305 : 0.1
-0.437483 0.145178 0.699913 0.344972 0.220965 0.104579 0.403464 0.0743164 0.244611 : 0.2
0.267321 -0.157585 0.3976 -0.249191 0.463657 0.0222705 -0.0261266 -0.0319591 -0.205816 : 0.1
0.387855 0.0582892 0.700799 0.415927 0.249559 0.745334 0.183096 -0.0557673 0.093526 : 0
0.163459 -0.297971 0.0144412 0.522114 0.267691 -0.356552 -0.221863 0.158902 -0.128113 : 0.4
-0.277172 0.157434 0.475797 0.303157 0.0666585 1 -0.245734 -0.0245461 0.181718 : 0.2
0.138777 0.25964 0.0350359 -0.183204 0.1185 0.590808 0.328513 0.266329 -0.0178216 : 0.1
0.151631 0.0673371 0.0626485 1 -0.0723932 0.257992 -0.102438 -0.0163113 0.147189 : 0
0.348691 0.211802 -0.16483 0.109411 0.244634 -0.380839 0.318748 -0.216575 -0.0247087 : 0.1
0.068939 0.160881 0.176927 -0.277854 0.415997 0.23809 -0.235027 0.136335 -0.27097 : 0
-0.0612081 0.326667 -0.0486617 0.19319 0.12792 0.870916 0.300518 0.117027 0.337914 : 0.4
0.403948 0.369429 0.24813 0.0308371 -0.011226 -0.11375 0.159193 0.277557 -0.628733 : 0.1
-0.245559 0.36448 0.154644 0.270423 0.0209756 -0.0782377 0.241137 0.0694188 0.118532 : 0.1
0.0913404 0.508302 0.758711 -0.081529 0.456754 0.234097 0.0487968 0.0722087 -0.11239 : 0
0.0956826 -0.199023 -0.355497 0.345003 -0.142014 0.429635 -0.365872 -0.0130033 0.172778 : 0
0.546918 0.111561 -0.102811 0.239087 -0.112114 0.312035 0.0563815 0.182843 0.587808 : 0
0.144838 0.142762 0.287443 0.425547 0.421588 0.163418 0.149241 -0.313242 0.439997 : 0.2
-0.945638 0.172212 0.0487579 -0.0544386 -0.179846 0.0174078 0.0276941 -0.156709 -0.27327 : 0.2
0.0692052 0.117894 0.0744836 0.150622 0.518683 0.0951338 0.233554 0.0717262 1 : 0.5
-0.105352 1 0.142744 -0.473033 0.0110992 -0.436131 0.012219 0.0475926 0.333507 : 0.5
0.302481 0.148346 0.108208 -0.139737 0.153486 -0.00196159 -0.0306484 -0.033909 -0.426717 : 0
0.287079 0.0388214 0.0278405 0.545886 0.511041 -0.0959353 0.257306 -0.219862 0.047317 : 0
-0.161949 0.187113 0.334919 0.0679441 0.401405 0.393056 0.0331671 0.111203 0.136632 : 0
0.010125 -0.348868 -0.157283 -0.234634 -0.116554 0.233411 0.0671085 0.102559 0.0115954 : 0.5
0.0598792 0.239453 -0.0300712 -0.40888 0.0549627 0.0842017 0.392313 -0.065355 0.0658823 : 0
-0.0190759 0.247358 -0.0903788 -0.0146729 0.381475 0.262278 0.1258 0.359371 -0.861011 : 0
0.0342231 1 -0.09444 -0.656878 0.207626 -0.180201 -0.0368633 0.130078 0.11263 : 0
-0.140703 -0.00718026 0.107069 0.119879 -0.106854 0.0958106 0.49766 0.0727598 -0.0878261 : 0.1
-0.349708 -0.346198 0.161605 -0.14301 0.126224 0.175898 -0.0896145 0.0191637 0.279642 : 0
