0.590866 0.389128 0.745193 0.177676 0.54025 0.22139 0.208507 0.959729 0.533931 : 0
0.162273 0.776956 0.622038 0.540889 0.29777 0.974155 0.233226 0.233311 0.820967 : 0
0.603126 0.811069 0.711314 1 0.472831 0.428187 0.000534929 0.394035 0.0628145 : 0.2
1 0.297572 0.270253 0.514652 1 0.232647 0.323539 0.668453 0.33775 : 0.1
1 0.845194 0.67236 0.558073 0.0985144 0.495403 0.209473 0.506149 0.112684 : 0.2
0.627684 0.420401 0.744766 0.176353 0.237944 1 0.382751 0.472003 0.748641 : 0.1
0.236337 0.697053 0.784772 0.20697 0.656478 0.721554 0.237815 1 0.0855776 : 0.1
0.0481618 0.801718 -0.0776253 0.641654 0.889206 0.290039 0.351168 0.841275 0.0203198 : 0.7
0.709504 1 -0.097869 0.101899 0.0755147 0.523457 0.317934 0.994054 0.0152098 : 0.2
0.27514 0.100657 0.837234 0.827468 1 0.684512 0.0123149 0.452718 0.220224 : 0.4
0.423978 0.530815 0.402327 -0.318101 0.014623 0.566974 0.35235 0.888617 0.771375 : 0
0.0553856 0.584275 1 0.408142 0.917505 0.576953 0.271404 0.103441 0.0137477 : 0
0.864178 0.148741 1 0.286704 -0.174983 -0.0738012 0.361744 0.880446 1 : 0.3
0.56454 0.148822 0.146855 0.0892652 0.315938 0.782358 0.397915 1 0.485237 : 0.1
0.672786 0.537853 0.705913 0.575342 0.285246 0.822125 0.281602 0.858008 0.348752 : 0.5
0.604449 0.224782 0.208012 0.341835 0.709243 0.373497 0.617767 0.615276 0.588727 : 0
0.109064 -0.0996854 0.60749 0.0727196 0.821748 0.823577 0.168962 0.299487 0.205983 : 0.6
0.693544 1 0.251072 0.00413394 0.683591 0.881372 0.536465 0.0546202 0.86014 : 0
0.518522 0.219422 0.602161 0.311763 0.488909 0.597331 0.463095 0.784195 0.924441 : 0.2
0.644907 0.178129 0.137075 0.249471 0.956172 -0.0252144 0.755807 0.585147 0.553606 : 0.1
0.678849 0.308308 0.871671 0.697848 0.302269 0.615244 0.608607 0.630284 0.187014 : 0.5
0.273702 1 0.79701 0.049608 0.394251 0.966133 1 0.59004 0.99409 : 0.4
0.788142 0.192264 0.191897 0.294892 0.808981 0.787649 0.265679 0.703667 0.212878 : 0
0.620409 0.307758 0.155639 0.832268 0.668276 0.906576 1 0.449623 0.19455 : 0.2
0.366968 0.48955 0.0282283 0.401222 0.625871 0.885259 0.551731 0.922068 0.314844 : 0.2
0.193387 0.223788 0.823372 0.130402 0.560685 0.708827 0.375843 0.317982 0.0547355 : 0
0.77556 0.706217 0.874826 0.509592 0.571412 0.490688 0.19129 0.173665 0.487109 : 0.1
0.854953 0.379013 0.287836 0.929718 0.44337 0.53658 -0.0142404 0.338551 0.319068 : 0.5
0.499725 0.0403846 0.224264 -0.0871259 0.81822 0.0663765 0.169987 0.346053 0.487423 : 0.4
0.422908 0.72271 0.216335 0.362425 0.901255 0.192927 0.190285 0.422419 0.643413 : 0
0.0172254 0.428622 -0.0103509 0.215898 0.614542 0.180651 0.347014 0.473089 0.824262 : 0
0.224389 0.598897 0.504908 0.143111 0.582681 0.719612 0.224434 0.355326 0.557446 : 0.1
0.232118 0.655283 0.668075 0.472225 1 0.281806 0.847607 0.538059 0.699235 : 0.2
0.185193 0.0145718 0.262003 0.26584 0.569809 0.767049 0.615474 0.383474 0.271642 : 0.1
0.171017 0.183135 0.624712 0.365107 0.5711 0.861054 0.847524 0.517626 0.414448 : 0.3
0.17997 0.901499 0.154821 0.261224 0.400301 0.382854 0.347453 0.32905 0.419735 : 0.2
0.699348 0.376107 0.932864 0.168989 0.0685094 0.922748 0.204892 0.483983 0.459737 : 0
-0.116292 0.866739 0.488374 0.430989 0.287015 0.358474 0.618563 0.603129 0.928475 : 0.3
0.132067 0.856044 0.428004 0.0299464 0.772516 0.534162 0.159541 0.14311 0.172963 : 0.2
0.605547 0.853877 0.850095 0.196417 0.120954 -0.0694932 0.49063 0.245744 0.482789 : 0.5
0.358985 0.500188 0.044456 0.824771 0.558625 0.678325 0.122428 0.659831 0.283114 : 0.2
0.888468 -0.16793 0.546482 0.2097 0.367531 0.289649 0.970089 0.28568 0.0499699 : 0
0.751013 0.788115 0.16359 0.618615 0.269022 0.490031 0.0599731 0.858385 0.723154 : 0.2
-0.191051 0.0382275 0.783899 0.667089 0.391077 0.881108 0.409795 0.282823 0.272606 : 0.1
0.0221771 0.131766 0.254376 0.745897 0.418932 1 0.032454 0.192856 1 : 0.2
0.690667 0.414585 0.511568 0.909087 0.0189508 0.638912 0.70887 0.151393 0.243221 : 0
0.920748 0.665935 0.137865 0.390166 0.135032 0.525905 0.942896 0.375002 0.47028 : 0
-0.0121482 0.58967 0.545719 0.0843649 0.328355 0.144278 0.420164 0.455453 1 : 0.2
0.638037 0.330664 0.817319 0.967653 0.664958 0.977332 0.868509 0.642565 0.10864 : 0.2
0.0844703 0.0847509 0.0734181 0.681015 -0.0608677 0.423927 0.535026 0.478763 0.276266 : 0
0.382173 0.1775 -0.0417577 0.808834 1 0.123574 -0.104444 0.483365 0.853967 : 0.3
0.619344 0.848934 0.669993 0.511692 0.960142 0.513631 0.403154 0.0660335 0.778261 : 0
0.464137 0.352474 0.452913 0.674573 0.796869 0.455136 0.525679 0.2405 0.0434077 : 0
0.0119203 0.432316 0.620955 0.267067 0.285413 0.258654 -0.0218067 0.414023 0.478273 : 0.1
0.614711 0.561348 0.23984 1 1 0.307082 0.876113 0.012665 0.792824 : 0.6
0.429409 0.207125 0.926845 0.618888 0.156859 0.290326 0.086134 0.603811 0.345808 : 0.1
-0.0109793 0.0826536 -0.0655686 0.456415 0.73809 0.883794 0.534159 0.349897 -0.0889343 : 0.1
-0.160396 0.240286 -0.0125645 0.257502 0.856016 0.372401 0.400046 0.452486 0.864837 : 0.3
0.579756 0.125402 0.180093 0.616344 0.52854 0.871725 0.198223 -0.365621 0.897391 : 0.4
0.28723 0.813133 0.360639 0.220994 0.672927 0.0403743 0.239372 0.455454 0.282784 : 0.1
0.0736389 0.2575 0.26036 1 0.066827 0.946108 0.254956 0.196056 0.558425 : 0.1
0.0868255 0.247435 0.501964 0.343196 0.789347 0.504462 0.710179 0.378334 0.0976112 : 0.2
0.201991 0.15261 0.0856155 0.302504 0.621373 0.706568 0.794132 0.253156 0.819968 : 0
0.760355 -0.0564905 0.431548 0.70111 1 0.236254 1 1 0.390609 : 0
0.463009 0.317405 0.548789 0.948598 0.525938 0.616689 0.494131 0.663231 0.966464 : 0
-0.142469 0.142267 0.178112 0.749885 0.229809 0.852321 0.417194 0.927384 0.440925 : 0
0.501119 0.0597153 0.097879 0.436944 0.513464 0.357231 0.0342899 0.831873 1 : 0.2
-0.20066 0.0660448 0.127222 0.330673 0.101084 0.60987 0.547544 0.599469 0.250847 : 0
0.453132 0.201035 0.250454 0.32669 0.451324 0.372935 0.720498 0.318175 0.251592 : 0.1
0.461927 0.0654012 1 0.897734 0.742871 0.623676 0.651376 0.555663 0.379886 : 0.4
-0.000481114 0.559177 0.326547 0.175169 0.020573 -0.137049 -0.0244882 0.337296 0.366134 : 0.1
1 0.399676 0.248043 0.317626 0.638713 0.401821 0.803208 0.192158 0.460029 : 0
0.513901 0.157141 0.679439 0.218305 0.153087 0.179903 0.0932709 0.202466 0.48257 : 0
0.0182612 0.207972 0.481582 0.705025 0.335567 0.0166858 0.299566 0.298863 0.661806 : 0.1
0.0287889 0.254672 0.687222 0.736625 0.111623 0.719336 0.301023 0.675321 0.856677 : 0.4
0.64967 0.685578 1 0.763683 0.424972 0.139539 0.511497 0.0793035 0.258318 : 0
0.0455486 0.713784 0.327647 0.180979 0.967902 0.938218 -0.0298848 -0.0203241 0.553031 : 0
0.542759 1 0.00495926 0.835688 0.17207 0.0351903 0.565306 -0.0550549 0.0770194 : 0.5
0.405588 0.226328 0.893578 0.439344 0.512652 0.621929 0.15077 0.349997 0.767555 : 0
0.0854362 0.309451 0.741624 0.27846 0.226257 -0.000930429 0.915915 0.145993 0.693952 : 0.4
0.337086 0.518381 0.743754 0.119025 1 0.813794 0.127882 0.652593 0.975728 : 0
0.321603 0.093589 0.171246 0.123523 0.426287 0.201864 0.355541 0.771388 0.490428 : 0
0.273475 0.883325 0.471763 0.0753667 0.499931 0.0872671 0.10801 0.86686 1 : 0
0.34164 0.455497 -0.0887182 0.623859 0.53689 0.499492 0.799238 0.542505 0.552892 : 0
0.61948 0.0198581 0.413422 0.222485 0.196477 0.666166 0.698695 0.0638791 0.870319 : 0.5
0.896944 0.394635 0.497952 0.126838 0.0526594 0.558017 0.770134 0.258259 0.163239 : 0.1
0.0215305 -0.107118 0.322619 0.636126 0.219099 0.372671 0.236262 0.803116 0.404201 : 0
0.444539 0.334435 0.123624 0.511107 0.595993 0.50363 0.40587 0.396306 0.207949 : 0.5
0.627221 0.608084 0.849309 0.551447 0.937123 0.348104 0.231925 0.792588 0.137987 : 0.1
0.173006 0.81842 1 -0.112382 0.2384 0.643738 0.627461 0.332544 0.861192 : 0.4
0.978056 -0.086328 0.643069 0.58898 0.42261 0.663795 0.747102 0.543395 0.581903 : 0
0.579631 0.153851 0.910431 0.279925 0.472623 0.844542 0.137008 0.332761 0.066299 : 0.4
0.494204 0.440956 0.699832 0.442733 0.713916 0.475393 0.591767 0.991508 0.231097 : 0.1
0.781393 0.0532721 0.685002 0.843274 0.426117 0.504204 0.251454 0.537081 0.857462 : 0.3
0.163534 0.167962 0.443731 0.462414 0.617425 -0.227967 0.925583 0.818427 0.135946 : 0.3
0.418073 0.191366 0.662559 0.426512 0.252258 0.364715 0.166353 0.815278 1 : 0.3
0.65851 0.412315 0.466191 0.382347 0.56021 0.888708 0.762658 0.215798 0.138888 : 0
0.0378261 0.136487 0.53129 0.346743 0.838657 0.4046 0.548697 0.0571078 0.920745 : 0.3
-0.149183 0.326509 0.310427 0.19423 0.281508 0.609753 0.247376 0.749063 0.264783 : 0.4
0.119429 0.722689 0.316598 0.624772 0.701645 0.239915 0.764308 0.138738 0.293845 : 0
0.129501 0.559159 0.766573 0.255262 0.70292 0.19128 1 0.701829 0.673655 : 0.1
0.0477483 0.420517 0.182702 0.173533 0.824388 0.374583 0.472277 0.314864 0.849479 : 0.4
0.507901 0.603383 0.527271 0.194711 0.588937 1 0.442916 0.400331 0.422592 : 0
0.427803 0.142227 0.271361 0.232863 0.0484174 0.964024 -0.00257493 1 0.82142 : 0.7
1 0.388281 0.504114 0.723861 0.464897 0.8721 0.733197 0.422483 1 : 0.2
0.458083 0.154318 0.457486 0.0906805 0.749676 0.960946 0.677139 0.456964 0.107447 : 0.3
0.788874 1 0.675303 0.870819 0.379296 0.030658 0.531673 0.264127 0.179205 : 0.1
0.63694 -0.0178862 0.469475 0.485557 0.0132941 0.363188 0.213731 0.70007 0.254637 : 0.4
0.415438 0.290567 0.259625 0.641142 0.231601 1 0.223463 0.579582 0.383954 : 0
0.900659 0.642431 0.105851 0.430098 1 0.585767 0.62371 0.425125 0.0934997 : 0.1
0.959324 0.229187 0.510541 0.490195 0.154607 0.00263661 0.413453 0.403523 0.0916414 : 0
0.0285666 0.334205 0.29992 0.238524 0.0453911 1 0.428879 0.24598 0.629325 : 0.2
0.100226 0.437036 0.368953 0.129317 0.733365 0.365211 0.354774 0.571997 0.256615 : 0
0.379492 0.503055 0.853752 0.164061 0.323616 0.138605 0.177837 0.523524 0.779343 : 0.1
0.391349 -0.145399 0.320389 0.17608 0.984031 0.919774 0.387751 0.960777 -0.229483 : 0.2
0.722057 0.730439 0.813038 0.666989 0.835488 0.852532 0.722729 0.862027 0.0994253 : 0.1
0.589619 0.310657 0.0686748 0.141481 0.753338 0.697695 0.320205 0.265192 1 : 0.4
0.549763 0.085107 0.638104 0.645931 0.681328 0.978936 0.941126 0.559219 0.0761324 : 0.3
0.437588 0.322246 0.183682 0.446436 1 0.270622 0.984507 0.454605 0.14786 : 0.2
0.172648 0.577376 0.549206 0.552339 0.861286 0.726262 0.364697 0.57886 0.801273 : 0.4
0.426424 0.261461 0.593878 0.0806884 0.547354 0.0578107 0.894698 0.861368 1 : 0.4
0.947577 0.00457465 0.255094 0.19454 0.545324 0.58757 0.692913 0.124059 0.379719 : 0
0.382899 1 0.306312 0.347937 0.524341 0.240424 0.331745 0.570886 0.500448 : 0.2
0.935538 0.311071 0.835322 0.467419 0.651321 0.453361 0.431306 0.588373 0.0246656 : 0.3
0.0970261 0.455856 -0.0153008 1 0.261898 0.225043 0.117694 0.848806 0.753289 : 0
0.390117 0.0870923 0.0594168 0.565133 0.867594 0.573257 0.765835 0.961198 0.639103 : 0.1
0.720089 0.35809 1 0.558113 0.638727 0.908879 0.264427 0.727886 0.175836 : 0
0.940279 0.879052 0.413503 0.433948 0.276749 0.0596816 0.0434217 0.152319 0.276986 : 0.6
0.870189 0.666963 0.503736 0.322634 0.238712 0.609864 0.562256 1 0.485806 : 0.2
-0.15952 0.465848 0.222259 0.456402 0.0606315 0.849076 -0.00159163 0.403784 0.182202 : 0
0.832416 0.242229 0.86043 0.472359 0.529943 0.0263505 0.619782 1 0.100559 : 0.1
0.465041 0.0611217 0.352077 0.163459 0.527185 0.668543 0.74985 0.201504 0.581795 : 0
0.533461 0.218158 0.194623 0.803245 0.0744051 0.307175 0.158003 0.722241 0.456869 : 0.2
0.423775 0.144671 -0.0331886 1 0.698768 0.539939 0.098417 0.622176 0.331173 : 0.2
0.631706 0.441283 0.707928 0.172982 0.0710266 0.876332 0.297724 0.265789 0.699477 : 0.4
0.8063 0.250754 0.675144 0.996181 0.306274 0.0121296 0.2743 0.830162 -0.224203 : 0
0.285299 -0.0997636 0.151135 -0.14103 0.668248 0.65669 0.731587 0.055832 0.11562 : 0.2
0.115645 0.873781 0.634172 0.863811 0.00601593 0.219884 0.849021 0.542175 0.99703 : 0
-0.0161871 0.287995 0.0232087 0.958957 0.682815 0.273751 0.350897 0.68975 0.133078 : 0.5
0.482072 0.659642 0.0648401 0.268445 0.408579 0.628076 0.315586 0.171282 0.360117 : 0.1
0.0533264 0.30027 0.547349 0.46319 0.864976 0.947662 0.197901 0.334476 0.59391 : 0
1 0.140188 0.624332 0.156829 0.434459 0.253667 0.0102419 0.4804 -0.014384 : 0
0.679113 -0.0596531 0.35791 0.371132 0.696533 0.0592029 0.0401494 0.848961 -0.0140944 : 0
0.88109 0.520856 0.445373 0.898731 0.493363 0.439785 0.720703 -0.0226007 0.258736 : 0.4
0.238432 0.531552 0.714305 0.491221 0.814194 0.246395 0.953371 1 0.863803 : 0.4
0.488694 0.533609 0.685236 -0.14317 0.612056 0.257273 0.509365 0.138756 0.270512 : 0.7
0.388858 1 0.144744 -0.170251 0.504979 0.48928 0.0642026 1 1 : 0.1
0.38612 0.227338 0.0640913 0.928686 0.521359 0.642469 0.852279 0.540106 0.261372 : 0.1
0.709012 0.82433 0.844474 1 0.0624795 0.510456 0.340379 0.813211 0.30608 : 0.1
0.637217 0.714607 0.29682 0.0890951 0.0029029 0.915103 0.656339 0.216308 0.62443 : 0.5
0.00764666 0.713298 0.50086 1 0.300481 1 -0.181662 0.480182 0.606575 : 0.3
-0.192647 0.819261 0.448719 0.780612 0.786818 0.259713 0.0157329 0.867055 0.487956 : 0.3
0.776218 0.227348 0.177289 0.278241 -0.0332009 0.689878 1 0.940726 0.032717 : 0.3
0.104325 -0.0396085 0.520252 0.666584 0.482313 0.972976 0.328533 0.542186 -0.152227 : 0
0.255176 0.426832 0.095991 0.315644 0.492381 0.81142 0.188123 0.75797 0.642849 : 0.2
0.822862 0.0581259 1 0.246843 0.181393 0.741852 0.395008 0.365076 0.560243 : 0.5
0.345275 0.942812 0.321634 0.575217 0.502527 0.587929 0.102762 0.230046 0.589238 : 0.4
0.122135 0.79937 0.410726 0.311797 0.940306 0.013441 0.435858 0.620694 0.545822 : 0.6
0.0590531 0.558373 0.162722 0.567504 0.420792 0.709379 0.916938 1 0.0939742 : 0.4
0.0354421 0.643323 1 0.108599 0.255668 -0.148988 0.134731 0.344444 0.47827 : 0.6
0.364008 0.572927 0.159965 0.413791 0.468929 0.804732 0.847632 0.0201411 0.815254 : 0.1
0.64886 0.597094 0.0801984 0.390543 -0.0236833 1 0.116176 0.565196 0.452051 : 0.1
0.52311 0.610808 0.558305 0.202251 1 0.853524 0.288609 0.381029 0.246531 : 0.3
-0.0135582 0.697103 0.831969 0.10213 0.428353 0.614897 0.181086 0.819976 0.676915 : 0.6
0.352603 0.197171 0.224437 0.601513 0.510254 0.648967 0.241239 0.827265 0.470666 : 0.1
0.818895 0.11056 0.0612597 0.296051 0.529984 0.534006 0.969056 0.996017 -0.0126217 : 0
0.231936 0.682519 0.248214 1 -0.122042 0.724808 -0.111648 -0.166156 0.633853 : 0.2
0.760823 0.394387 0.609391 0.27772 0.165846 0.706568 0.155272 0.489311 0.872803 : 0.4
-0.141167 0.469558 0.466024 0.317628 0.71271 0.604377 0.555074 -0.0285051 0.650605 : 0.1
0.357438 0.65785 0.765528 0.120534 0.179297 -0.0556116 0.147835 0.815088 0.924693 : 0
-0.0613888 0.00868224 0.303044 0.301375 1 0.908701 0.668986 0.00461995 0.105714 : 0
0.553206 0.0616152 0.623373 0.971441 0.68044 0.706568 0.000752047 1 0.275549 : 0.3
0.578667 0.213631 0.533793 -0.120833 0.230965 0.271178 0.525096 0.24471 0.32219 : 0.3
0.399949 0.364362 0.596412 0.677672 0.452148 0.180356 0.695535 0.869653 -0.336566 : 0.2
0.0415641 0.978071 -0.0392568 0.0772729 -0.151577 -0.210052 0.0983991 1 -0.228334 : 0.1
0.525035 0.364863 0.358955 0.635071 0.182398 0.16942 0.743328 0.678019 0.918884 : 0.2
0.324211 0.773088 0.671934 0.736656 0.664822 0.78441 0.171772 -0.319063 0.968529 : 0.2
0.705258 0.507896 0.461076 0.220231 0.809847 0.375565 0.491059 0.337961 0.820704 : 0.4
0.464835 0.431196 0.319019 0.531061 0.792019 0.979802 0.207685 0.472015 0.554832 : 0
0.402595 0.820143 0.827447 -0.0424626 0.585576 0.647507 0.574932 0.312093 0.416038 : 0
0.345627 1 0.561656 0.686836 0.399502 0.320044 0.119287 0.875618 0.770118 : 0.3
0.432918 1 0.584356 0.289384 0.0468011 1 0.592827 0.369005 0.210767 : 0
-0.268837 0.0564005 0.242977 -0.00287002 0.254465 0.663987 1 0.925158 0.295236 : 0
0.615918 0.727472 0.306788 0.87124 0.758114 0.191076 -0.0648493 0.508915 0.467422 : 0.1
0.585916 0.343891 0.280181 0.111812 0.0999117 0.407709 0.34063 -0.00515968 0.479126 : 0.1
0.37487 -0.0969143 0.574522 0.458295 1 0.567358 0.932742 0.523716 0.186146 : 0.4
0.348068 0.515587 0.394188 0.188678 -0.249513 0.602716 0.165693 0.29003 0.689893 : 0.4
0.341309 0.0551192 0.134907 0.0779666 0.277096 0.883402 0.5777 0.37344 1 : 0
-0.0196433 1 0.353681 0.0378669 0.244221 0.651159 0.0152258 0.535586 1 : 0.8
0.432368 0.258116 0.234167 0.136296 0.0256039 0.366288 0.167207 0.620682 -0.0721208 : 0
0.413881 0.222882 0.324904 0.298958 0.34384 0.444697 0.0450268 0.0288754 0.633161 : 0
0.612516 0.302264 0.0584474 0.880704 0.180368 0.513017 0.535223 0.322744 0.665441 : 0.2
0.131765 0.215262 0.211381 0.988782 0.0404702 -0.0660151 0.603575 0.143539 0.586724 : 0.5
0.240755 0.731855 0.817619 0.805932 0.692873 1 0.579178 0.859931 1 : 0
0.05764 0.454619 0.538962 0.0511751 0.808911 0.36322 0.376652 0.57947 0.0620338 : 0.5
0.72499 1 0.547768 0.288632 0.743181 0.0182663 0.279889 0.183627 0.646525 : 0.3
0.18813 0.19178 0.213483 0.0748037 0.932679 0.611018 0.40479 0.641825 -0.0174771 : 0
0.524856 0.97263 0.0514228 0.621057 0.555749 0.400581 0.890439 0.530186 0.100259 : 0
0.120104 0.521545 0.304025 0.263087 0.709129 0.739192 0.501454 0.544487 0.141879 : 0.2
0.618349 0.455304 0.574832 0.327458 0.0886378 0.258468 0.519088 0.778884 0.334126 : 0.2
0.498865 0.287171 0.139732 -0.131573 0.572431 0.635104 0.49743 0.11918 0.401962 : 0.4
0.0464467 0.862392 0.342957 0.10756 0.813406 0.960531 0.621724 0.60094 0.279925 : 0.6
-0.0779673 0.887926 0.777742 0.194557 -0.0692454 0.0305238 0.483808 0.331404 0.756218 : 0
0.241742 0.641758 1 0.558483 -0.0378765 0.645651 0.0922165 0.51692 0.969233 : 0
0.243788 0.120448 0.370701 0.404014 0.381889 0.605429 0.256331 0.937332 0.174488 : 0.2
0.902744 0.924071 0.351604 0.981445 0.386665 0.591505 0.55633 0.829993 0.430944 : 0.1
0.421688 0.354337 0.220758 0.0523571 0.716643 0.954631 0.412621 0.118379 0.311122 : 0.2
0.326549 0.596278 0.395646 0.0143697 0.236548 0.059948 0.522629 0.783569 -0.195342 : 0.5
0.531985 0.67237 0.931724 0.377439 0.136694 0.158984 0.39771 0.91377 0.803384 : 0.1
0.564933 -0.0345508 0.559228 0.771738 0.420457 0.0677679 0.69523 -0.206043 1 : 0.6
1 0.707296 0.838219 0.224084 0.765752 0.356293 0.557587 0.610151 0.0589824 : 0.1
0.8789 0.436814 0.726261 0.511479 0.390795 0.516256 0.173417 0.97384 0.401398 : 0.1
0.21033 0.059675 0.552481 0.693726 0.197708 0.768578 0.248048 1 0.490448 : 0.4
0.718126 0.0152201 0.682564 0.429299 -0.0825103 0.321671 0.0655849 0.0317409 0.0967132 : 0.1
-0.00741926 0.506803 0.385418 0.301361 0.157572 0.338083 -0.128584 0.671924 0.992659 : 0
0.258901 0.458658 0.303515 1 0.671583 0.212826 -0.122557 0.563284 0.107424 : 0.3
-0.0225195 0.420848 0.366577 0.282901 0.387155 0.259953 0.218752 0.633984 0.657022 : 0
-0.0739371 0.998733 0.368185 0.519194 0.0271268 0.925614 0.846407 0.233059 0.181983 : 0.7
0.492117 0.489132 -0.00474031 0.125551 0.864503 0.568313 0.0265784 0.328839 0.819229 : 0.1
0.353274 1 0.732473 0.533073 0.463849 0.619507 0.638159 0.786499 -0.152239 : 0.1
0.701179 0.257319 0.327356 0.39602 0.411696 0.733261 0.586585 0.0745015 0.473334 : 0.4
0.113137 0.824098 0.439702 0.678442 0.66944 0.50517 0.569915 0.624706 0.116719 : 0.3
0.315051 -0.28198 0.819298 0.368494 0.93905 0.703572 0.171046 -0.113287 0.168219 : 0.4
0.325038 0.838135 0.964509 0.201482 1 0.539376 0.171864 1 0.809892 : 0.6
0.681397 0.210263 0.439567 0.0740396 0.834478 1 0.330991 0.200254 0.0166095 : 0.1
0.525225 0.669286 0.594045 0.848873 0.840078 0.498661 0.435543 0.716868 0.252808 : 0.1
0.749164 0.19417 0.310739 0.536315 0.511412 0.892789 0.0333662 -0.0530212 0.580554 : 0
0.53523 0.307628 0.470463 0.566104 0.442426 0.295333 0.0252307 0.901578 0.347085 : 0
0.536658 1 0.0179899 0.619529 0.30929 0.541309 0.432803 0.253198 0.0518288 : 0
0.385771 0.13687 0.2092 0.979665 0.216703 0.247905 0.187469 0.253207 0.0979896 : 0
0.356479 0.193388 0.864015 0.442507 0.254999 -0.183115 0.336115 0.405855 0.571264 : 0
0.926671 0.381769 0.158477 0.642711 0.60154 0.410477 0.732569 0.557444 0.428622 : 0
0.787855 0.391347 0.640315 0.209725 0.746364 0.3404 0.186868 0.541251 0.650923 : 0.5
0.614569 0.492245 0.0518399 -0.157673 -0.218058 1 0.436863 0.266615 0.050291 : 0.1
0.634915 0.988535 0.53921 0.349069 0.236634 0.730587 0.582321 0.599834 0.0861184 : 0
0.540753 0.182191 0.83138 0.14191 0.607163 0.517091 0.444544 0.376898 0.12607 : 0.5
0.792426 0.751238 0.138474 0.125931 0.0917146 0.359881 0.71663 0.236857 -0.297888 : 0.2
0.176323 0.135901 0.603587 0.517703 0.144538 0.403529 0.240596 0.186939 0.954115 : 0
0.790056 0.536558 0.30948 0.667016 0.30059 0.516075 0.487159 -0.00995097 0.290937 : 0
0.867772 0.710887 0.0827797 0.794346 0.326879 0.657869 0.137146 0.0957293 1 : 0.5
-0.0623811 0.798941 0.0780465 0.638357 0.689482 0.325927 0.35028 0.213783 0.0809875 : 0.4
0.277273 1 0.74996 0.000753241 0.279912 0.505907 0.429001 0.831919 0.176589 : 0.5
0.453868 0.463785 0.49886 0.274446 0.323266 0.477311 0.374287 0.31114 0.486793 : 0
0.656173 0.0125307 0.777911 0.506028 0.629313 0.4622 0.45334 0.550297 0.257151 : 0
-0.153688 0.651748 0.758898 0.385819 0.737166 0.260094 0.851811 0.816628 0.436251 : 0.3
0.263017 -0.0719939 0.152376 0.444094 0.906487 0.41228 0.243107 0.746089 0.290966 : 0.2
0.12154 -0.32574 0.756866 -0.0294918 -0.165759 0.508795 0.0674292 0.14014 0.467632 : 0.6
-0.157234 -0.022794 0.213141 0.336077 0.0557875 0.729553 0.433868 0.245205 0.461462 : 0.1
0.192921 0.589503 0.254125 0.474128 0.333623 0.741683 0.544651 0.865094 0.388302 : 0.5
0.5342 0.0562759 0.403369 0.597123 -0.0464625 0.968209 0.531608 0.539693 -0.0421633 : 0
0.49948 0.431113 0.414898 0.135702 0.753109 0.597503 0.361519 0.201063 0.459946 : 0.5
0.419961 0.657587 0.759605 0.653998 -0.015844 0.473084 0.700722 1 0.384003 : 0.4
0.193822 0.526893 0.225665 0.171549 0.979381 0.037345 -0.0666576 0.200464 0.76706 : 0.4
0.832179 0.583794 0.268339 0.713346 0.789212 0.305446 0.588091 0.960922 -0.074726 : 0.3
0.28967 0.511985 0.198509 0.384104 0.709973 0.0647239 0.822757 0.330667 0.85787 : 0.5
-0.19941 0.811008 0.469557 0.39232 0.857621 0.776311 0.999085 0.232761 0.267931 : 0.2
0.436023 0.414151 0.957513 0.694524 0.0910054 0.788877 0.0929078 0.294144 -0.10606 : 0.2
0.717102 0.952148 0.477738 0.840164 0.696091 0.350878 0.317755 0.692191 0.30048 : 0.5
0.386053 0.0961741 -0.0847397 0.279168 0.133939 0.749186 0.126585 0.448648 0.97301 : 0.5
0.55063 0.642372 0.772855 0.29311 0.411697 0.578473 0.38647 0.740046 -0.0524958 : 0.1
0.421117 0.599099 0.625277 0.155995 0.669769 0.0554828 0.626808 0.476661 0.334997 : 0.7
0.0939578 0.291745 0.564086 0.537734 0.803226 0.848586 0.571001 0.166488 0.624152 : 0
0.404728 0.605699 0.456575 0.836293 0.35861 0.269145 0.295332 0.45576 0.549767 : 0.1
0.630579 0.692927 0.700204 0.491577 0.749088 0.165952 1 0.77666 0.574801 : 0.7
0.616915 -0.305489 0.603065 0.731775 0.681672 0.539775 0.597654 0.541559 0.557769 : 0
0.284659 0.106982 0.847494 0.895014 0.190816 0.621081 0.198462 0.991118 0.157845 : 0.1
0.450142 0.406783 0.806637 0.855323 0.899686 0.751521 0.676955 0.591633 0.543884 : 0
0.205279 0.902341 0.218871 0.00586639 0.00543882 0.920451 0.418273 0.60817 0.517717 : 0.3
0.281531 0.846822 0.94686 0.253774 -0.0514915 0.709303 0.506962 0.248719 0.456686 : 0
0.718756 0.155317 0.263188 0.587312 0.936495 1 0.534739 0.50197 0.973211 : 0
0.89024 0.252169 0.511931 0.314924 0.435616 0.192588 0.33005 0.727928 0.244997 : 0.4
0.178241 0.0761325 0.307548 0.797003 0.674327 0.647896 0.0164588 0.607397 0.736845 : 0
0.864149 0.71994 0.676317 0.315377 0.508597 0.125336 0.576349 0.840275 0.0930444 : 0.2
0.881691 0.609924 0.848039 0.0731522 0.384912 0.926176 0.78633 0.16051 0.362761 : 0
0.915482 0.671244 0.298035 0.766636 0.0543282 0.284556 1 0.504848 0.0488464 : 0.4
0.236065 0.175182 0.549226 -0.0146467 0.54561 0.652268 0.796263 0.389404 0.174194 : 0.3
0.249356 0.969283 0.799211 0.889012 0.046844 0.0961921 0.393111 0.823506 0.790153 : 0.1
0.0271374 0.0182337 1 0.395733 0.733869 0.871128 0.222991 0.340842 0.961142 : 0.1
0.627339 0.89943 -0.0100744 0.933856 0.262477 0.6699 0.728447 0.358557 1 : 0.2
0.929538 0.152016 0.790516 0.393516 -0.154893 0.0673668 -0.00952338 0.694687 0.236013 : 0.1
0.195703 0.598677 1 0.480676 0.683051 0.225258 0.741969 0.869017 0.798548 : 0.1
0.979307 0.766631 0.682644 1 0.249757 -0.146817 0.66447 1 0.152249 : 0
0.190998 0.301927 0.658542 0.551043 -0.166767 0.128632 0.0726912 0.113493 -0.00596804 : 0
0.619951 0.645046 0.200948 1 0.278678 0.349833 0.650908 0.543382 0.907259 : 0.2
0.683835 0.223619 -0.113498 0.124086 0.787249 0.310913 0.436197 0.866654 0.0656585 : 0
0.599813 0.863257 0.967859 0.128594 0.0264947 0.43675 0.761615 0.606182 0.81976 : 0.4
0.1088 0.572528 0.498137 0.46102 0.864951 0.844022 0.689291 0.845668 0.287054 : 0.5
0.819049 0.576724 0.417574 0.943985 0.707149 0.462051 0.782162 0.760777 0.622887 : 0.5
0.087371 0.601287 0.323739 0.402975 0.611666 0.960516 0.450478 -0.00524344 0.360915 : 0.2
0.666959 0.319563 0.855439 0.212092 0.392771 0.377868 0.30628 0.548966 0.0579329 : 0.5
0.87862 0.694304 0.623651 0.247685 0.64656 0.21458 -0.0432001 0.261241 0.878534 : 0.3
0.435606 0.552736 0.727828 0.489751 1 0.144105 -0.0416615 0.717683 0.839615 : 0
0.316009 0.667357 0.606678 0.0546591 0.417228 0.654766 0.0898954 0.316117 0.781637 : 0.1
0.165344 0.735428 0.681307 0.475724 0.288392 0.991521 0.501482 0.749777 0.101738 : 0
0.69438 0.715533 0.268316 -0.182119 0.181372 0.154858 0.950195 0.793078 0.268524 : 0
0.130768 0.827947 0.549584 0.354649 0.860172 0.50194 0.114351 0.171775 0.294466 : 0.4
0.579837 0.732168 0.177459 0.155637 0.303447 0.836018 0.968477 0.00627897 0.407863 : 0
0.340533 0.652166 0.793893 0.978405 0.680063 -0.233018 0.528999 0.132214 0.177962 : 0.7
0.187369 0.149158 0.959659 0.347289 0.171159 0.352971 -0.021335 0.798185 0.385059 : 0
-0.0169791 0.664144 0.511594 0.299937 0.0328633 0.341942 0.131808 0.513631 0.446768 : 0.2
0.11194 0.666861 0.135008 0.0463732 0.411256 0.976516 0.352864 0.997692 0.755327 : 0.6
0.452589 0.134617 0.971482 0.10425 0.503462 0.181302 0.172961 0.570771 0.256934 : 0
0.533444 0.305636 0.2693 0.623376 0.845102 0.518884 0.693827 0.0635901 0.473198 : 0.3
0.37987 0.309454 -0.0789998 0.538577 -0.154746 0.487631 0.198389 0.505088 0.269318 : 0.2
0.916563 0.293964 0.390651 1 0.716253 -0.00777364 0.558072 0.795854 0.129081 : 0
0.229331 0.629092 0.0649223 -0.104591 0.447197 0.803753 0.123901 0.876325 0.173759 : 0.4
0.520303 0.608163 0.162295 0.750677 0.193037 0.341771 0.666526 0.29203 0.982975 : 0.2
0.765978 0.128385 0.203708 0.327737 0.466766 0.528949 1 0.891096 -0.0508921 : 0.3
0.50622 0.642991 0.743646 1 0.591867 0.919328 0.128764 0.0443123 0.648796 : 0.3
0.242853 0.308138 0.890936 0.233705 0.0519406 0.428989 0.250933 0.55009 0.105547 : 0.2
0.752559 0.219416 0.58393 0.432467 0.734053 0.287481 0.347109 0.751795 0.896633 : 0
0.162817 0.510362 0.56042 0.534377 0.711472 0.321621 1 0.157263 0.426368 : 0
0.722759 0.281008 0.0783775 0.930767 0.116329 0.764677 0.765273 0.573952 0.952975 : 0.4
0.300895 0.33525 0.841965 0.775956 0.270046 0.668713 0.446231 0.151438 -0.0477601 : 0
0.180208 0.184638 0.335192 0.205567 0.837576 0.75608 0.815686 0.640402 0.0974082 : 0.1
0.891852 0.0984388 0.192122 0.212754 0.377094 0.78305 0.917403 0.211245 0.452844 : 0.5
0.472502 -0.225195 0.573754 1 0.685663 0.615696 0.690812 0.755956 0.582884 : 0.1
0.174311 1 0.179506 0.41038 0.695678 0.558871 0.225764 0.383141 0.553875 : 0
0.499727 0.582413 0.568758 0.194752 0.191291 1 0.537307 0.698695 0.981325 : 0
0.476499 0.558411 0.762988 0.640026 0.0320504 -0.0415646 1 0.354715 0.695698 : 0
-0.155237 0.21063 0.760721 0.274523 0.838859 0.75807 0.772461 0.84582 0.341608 : 0.3
0.676987 0.795617 0.601166 -0.0277692 0.307171 0.00587988 0.211031 0.651118 0.59233 : 0
0.51932 0.589749 0.245164 0.135044 0.543843 0.424928 0.514431 0.441027 1 : 0.1
0.910473 -0.0920296 0.352437 0.198167 0.230412 0.643937 0.524275 0.195448 0.30968 : 0.1
0.637725 0.805298 0.47496 0.149704 0.219636 0.58993 0.536423 0.387795 0.540892 : 0.7
0.282855 0.120082 0.839322 0.481986 0.500615 0.0181658 0.959602 0.458917 0.690475 : 0
-0.112654 0.939415 0.577695 0.316453 0.618045 0.441724 0.838997 -0.131562 1 : 0
0.857251 0.878103 0.603731 0.752785 0.978872 1 0.846315 0.515281 0.984078 : 0
0.697503 0.485027 0.182761 0.524557 0.58627 0.515366 0.549878 0.333486 0.325962 : 0
0.797989 0.183184 0.453893 0.787909 0.466297 0.290293 0.0362102 0.672885 0.276611 : 0.5
0.187385 0.240819 0.106441 0.407613 0.177168 0.330621 0.793686 0.207752 0.77187 : 0.1
0.531643 0.489869 0.449401 0.838364 0.717525 0.0653278 0.969028 0.217838 0.0182592 : 0.1
0.872495 0.24938 0.230946 0.139845 -0.157747 0.769494 0.870091 0.576931 0.371762 : 0
0.0446501 0.0444305 1 0.293538 0.835831 0.498806 1 0.982949 0.302927 : 0
0.0915133 0.0780734 0.260264 0.65864 0.0363713 -0.0587397 0.807736 0.185671 0.00445136 : 0
-0.15905 0.791147 1 0.842725 0.207358 0.362316 0.795284 0.11476 0.436853 : 0.1
0.0694091 0.0798437 0.556032 -0.0268792 0.33191 0.858542 0.163662 0.0779017 0.949035 : 0
-0.00887659 0.108633 0.535716 0.552293 0.295499 0.465856 0.232098 0.924054 0.123965 : 0.3
0.316276 1 0.687924 0.334883 0.0456996 0.65287 0.681774 1 0.160153 : 0
0.258893 0.883767 0.183336 0.0205634 -0.0121947 0.869592 0.663661 0.459792 0.119054 : 0.3
0.740329 0.153302 0.663002 -0.0251886 0.451372 0.0224503 0.521874 0.502109 0.0515494 : 0
0.574414 0.341785 0.50215 0.666069 1 0.532354 0.886059 0.430122 0.501869 : 0.5
0.67838 0.216465 0.742116 0.473292 0.042397 0.233112 -0.190153 0.890771 0.289147 : 0
0.518585 0.232034 1 0.564662 -0.00799062 1 0.569992 0.660131 0.959759 : 0
0.317961 0.972426 0.79485 0.424097 1 0.9305 0.540324 0.1934 0.0723197 : 0.3
0.387636 0.718852 0.483824 0.721313 0.636515 0.908959 0.132268 0.562312 0.213575 : 0.2
0.510906 0.496616 0.144782 0.147591 0.9685 0.458918 0.429212 0.953657 -0.00929011 : 0.1
0.0580255 0.787565 0.18596 0.2807 0.114909 0.404818 0.437932 0.0737562 0.637724 : 0.1
0.349763 0.0391337 0.10091 0.184072 0.147217 0.856688 0.0932614 0.863495 0.123898 : 0.3
0.0270326 0.118569 0.212558 0.493729 0.138442 0.727019 0.713629 0.416355 0.456376 : 0.3
0.899039 0.623014 0.682104 0.397854 0.46531 0.567004 0.87201 0.286108 0.22199 : 0
0.420808 0.331009 0.376592 0.316849 0.726357 0.437286 0.281726 0.52904 0.354051 : 0.1
0.82683 0.0102406 0.894822 0.729566 0.744402 0.485847 0.605275 1 0.907398 : 0.1
0.605541 0.595459 0.543838 0.527182 0.0384164 0.535188 -0.0129804 0.51264 0.434348 : 0
0.511762 0.869268 0.596661 0.0515637 0.461261 0.51038 0.36939 0.309729 0.0570613 : 0
0.176635 1 0.909171 0.193779 0.803036 0.195731 0.997498 0.65365 -0.0259735 : 0.4
0.630822 0.784241 0.629925 0.573851 0.490572 -0.0211387 0.340239 0.131141 0.159508 : 0.1
0.5582 0.200433 0.513439 0.626308 0.245767 0.181017 0.279382 0.807619 0.138379 : 0.1
0.720722 0.783649 0.37517 0.973074 0.317546 0.430557 0.443942 0.759842 0.758377 : 0.2
-0.00350478 0.617411 0.365817 0.475115 0.843435 0.487608 1 0.223742 0.855411 : 0.5
0.711423 0.146556 0.234235 -0.00911353 0.836101 0.803246 0.622604 0.711231 0.609173 : 0.1
0.256799 0.102344 0.691873 0.318352 0.360223 -0.00125106 0.499135 0.604384 0.306254 : 0.1
0.496183 0.464025 0.612075 0.206927 0.716612 0.839917 0.982615 0.955283 0.0440105 : 0.1
0.820968 0.567835 0.045408 0.104867 -0.249512 0.930663 0.115168 0.85034 0.80049 : 0.3
0.250709 0.519602 0.444129 0.115689 0.60828 0.293053 0.174943 0.725566 0.312071 : 0.1
0.145327 0.0310584 0.866322 0.567936 0.679146 0.759451 0.0559486 0.564359 0.805379 : 0.5
0.858424 0.204038 0.911056 0.0922731 0.627353 0.270471 -0.161275 0.0824302 -0.000223972 : 0.8
0.384092 0.0766072 0.620313 0.892479 0.1288 0.0910128 0.66443 0.619878 0.419501 : 0.1
0.458761 0.755019 0.744629 0.51238 0.612166 0.371961 0.527882 0.185574 0.127853 : 0.1
-0.250062 0.662707 -0.0745985 0.164849 0.352802 0.888927 0.951692 0.00220224 0.532437 : 0.5
1 0.439586 0.159697 0.294591 0.781512 0.364002 0.798735 0.972357 0.275502 : 0.5
0.454045 1 0.629672 0.230374 0.222254 0.705451 0.401628 0.657413 0.336529 : 0.1
0.548104 -0.319063 0.159358 0.324924 0.287908 0.275521 0.79773 0.733054 0.315897 : 0
0.238839 -0.0598203 0.685274 0.471683 0.397732 0.218927 0.262249 0.653404 0.699131 : 0.5
0.122242 0.298291 1 0.161408 0.943689 0.00119834 0.101333 0.240574 0.255617 : 0
0.60322 0.491407 0.474546 0.911756 0.545184 0.492536 0.55863 0.0853892 0.582649 : 0.3
0.327696 0.586457 0.275114 0.728593 0.388381 0.00859988 0.504786 0.744072 0.99467 : 0
0.4126 0.2824 0.7125 0.083 0.4598 0.6458 0.7111 0.0112 0.2069 : 0
-0.0327243 0.271798 0.575357 0.326182 -0.102281 0.731523 0.681844 0.591064 0.0917538 : 0.1
0.551699 0.297076 0.552308 0.430171 0.101588 0.296647 0.93248 0.799917 1 : 0.1
0.342653 -0.0588244 0.890444 0.379769 0.188475 0.0618068 0.0578116 0.775398 0.161338 : 0
0.643824 0.502797 0.166948 0.377321 0.763936 0.639841 0.580416 0.160466 0.656534 : 0
0.714225 0.910428 0.915617 0.957087 0.291904 0.905255 0.472898 0.340858 0.178115 : 0.1
0.0464945 0.155755 1 0.529111 -0.308116 1 0.447104 0.369758 0.0901242 : 0
0.851082 0.192125 0.223902 0.570273 0.456248 0.76624 0.442115 0.561783 0.178598 : 0.4
0.497523 0.353318 0.887273 0.410027 0.463723 0.204828 0.520401 0.462122 0.623854 : 0.1
0.276035 0.356124 0.192258 0.478251 -0.0740203 0.915593 0.906338 0.505526 0.200088 : 0.1
0.113437 0.8047 1 0.72919 0.422301 0.51824 0.353541 0.0265965 0.507187 : 0.1
0.156338 0.586596 0.792617 0.449246 1 0.919307 0.470001 0.580166 0.305442 : 0
-0.000289723 0.239318 0.161 0.0394439 -0.00995665 -0.0993352 0.166954 0.178494 0.574045 : 0
0.531861 0.640338 0.755612 0.731299 0.0259063 0.290644 0.842058 0.477682 0.788693 : 0.1
0.51427 0.138524 -0.0802316 0.281748 0.166494 0.975036 0.997179 0.216648 0.331755 : 0.4
0.766351 -0.0569115 0.210021 0.227996 0.308712 0.990892 0.224344 0.0956233 0.427448 : 0.4
0.568176 0.772564 0.195539 0.0845815 0.502007 0.388901 0.634835 0.470653 0.58865 : 0.1
0.906886 1 0.960242 0.459932 0.149898 0.116813 0.0428525 0.800451 0.739168 : 0.4
0.540836 0.577139 0.609133 0.461943 0.264023 0.254711 0.543706 0.514378 0.283968 : 0.1
0.521242 0.371001 0.258381 0.449679 0.986773 0.541132 0.892564 -0.0651775 0.0723003 : 0.4
0.0956009 0.620697 0.664111 0.0923018 0.343159 0.288948 0.8452 0.491727 0.000425816 : 0.5
0.514834 0.442757 0.270669 0.147997 0.170261 0.0478049 0.200961 -0.0320493 0.214467 : 0.6
0.556664 0.688218 0.623127 0.717224 0.358513 0.448952 0.814076 0.252239 0.484407 : 0.3
0.492879 0.364099 0.92787 0.284982 0.808954 0.781757 0.181799 0.289516 1 : 0.4
0.911898 0.684528 0.472946 0.126749 0.395856 0.675634 0.811839 0.225435 0.403558 : 0.4
0.783605 0.107953 0.485085 0.226515 0.263838 0.497779 0.574324 -0.00243136 0.3286 : 0.5
0.226046 0.68575 0.223882 0.602317 0.755094 0.832655 0.170597 0.345343 0.0816968 : 0.2
0.401189 0.0405363 0.205666 0.0734933 0.738523 0.866587 0.416172 0.903886 0.912728 : 0.3
0.740071 0.362498 0.340952 0.662816 1 0.982186 0.503439 0.188791 0.0813789 : 0.1
0.560724 0.226823 0.454506 0.296036 0.363127 0.63393 0.940898 0.229718 0.206872 : 0.3
0.75706 0.330532 0.513997 0.393625 0.179269 0.217454 0.139504 1 0.382578 : 0
0.721927 0.853473 0.564826 0.793467 0.319337 0.0427007 0.677208 0.430862 0.317787 : 0.5
0.092069 0.19603 0.765198 0.268157 0.349135 0.340933 0.751031 0.649294 0.652451 : 0
0.386911 0.105075 0.0355579 1 0.149223 0.872918 -0.0219228 0.555152 0.291971 : 0.6
0.154437 -0.0124648 0.206515 0.747568 0.466887 1 0.309761 0.348332 0.226966 : 0
-0.0573635 0.106411 0.929959 0.714651 0.237312 0.285204 0.779168 0.306101 0.497943 : 0.3
0.834428 0.128511 0.500534 0.73894 0.739139 -0.25822 0.672031 0.513732 0.747575 : 0.1
0.048518 0.663336 0.813195 0.114193 0.832641 0.459985 0.177052 0.211569 1 : 0.3
0.188143 0.958571 0.879998 0.194665 0.348499 0.640303 0.365148 -0.0504254 1 : 0.2
0.578288 0.516237 0.210985 0.725528 0.305514 0.354247 0.072487 0.625094 0.447088 : 0
0.370307 0.435738 0.861504 0.938795 0.18856 0.365825 0.685052 0.396919 0.480469 : 0.7
0.669687 0.301714 0.530424 0.390329 0.14362 0.393157 0.332309 0.192533 0.0554348 : 0.1
0.830497 0.837288 0.673812 0.338229 0.545268 0.968569 0.453963 0.516302 -0.185132 : 0.6
0.779967 -0.223586 0.698732 0.818719 0.467906 0.565778 0.514353 0.80814 0.610062 : 0.3
-0.0665993 0.110992 0.196158 0.27322 0.38579 0.794311 0.720964 0.856664 0.845602 : 0
0.748487 0.27679 0.691427 0.132513 0.555465 0.620406 0.939232 0.838407 -0.174101 : 0
0.198365 0.726271 0.0479883 0.0789155 0.748561 0.623976 0.913128 0.156961 0.168656 : 0
0.290586 0.0805292 0.696501 0.316166 0.330884 0.0947994 0.182172 0.484501 0.274338 : 0.1
0.242107 0.788241 0.844269 0.141072 0.648767 0.633963 0.665692 0.0918629 -0.0149398 : 0.1
0.920824 0.13152 0.179103 0.62801 0.339079 0.542307 0.832255 0.837238 0.440404 : 0.4
0.918453 0.899797 0.521002 0.928057 0.00556417 0.314049 0.184786 0.728419 -0.0607438 : 0.1
0.383238 0.59238 0.486076 0.494366 0.622409 0.337663 0.708745 -0.0633482 0.747892 : 0.1
0.662115 0.610305 0.869059 0.314772 0.0225676 0.533698 1 0.137615 1 : 0
0.0472241 0.435178 0.468653 0.162641 0.886572 0.573194 0.294148 0.589314 0.824452 : 0
1 0.204037 0.370798 0.228941 0.859958 0.413852 0.152788 0.608151 0.594193 : 0
0.572498 0.370852 0.847553 0.228391 0.335075 0.651151 1 0.0170419 0.203899 : 0.3
0.267226 -0.118782 0.864023 0.277223 0.861752 0.653794 0.405355 0.377102 0.306414 : 0.4
0.635196 0.688358 0.444072 0.697337 0.556695 0.178853 0.181408 0.945724 0.679929 : 0.2
0.442587 0.69192 0.687323 0.371854 0.161001 0.0139672 0.553966 0.844602 0.759848 : 0.3
1 0.221416 0.227349 0.397362 0.866856 0.689438 0.341815 1 0.282193 : 0
0.153322 0.121536 0.669857 0.366999 0.342931 0.318296 0.708326 0.524414 0.123264 : 0.1
-0.0656273 0.612769 0.36661 0.161749 0.446062 0.0450213 0.444432 0.584011 0.337001 : 0.1
1 0.910974 0.873484 0.404044 0.240227 0.301774 0.510043 0.229036 0.331843 : 0.3
0.878298 0.195056 0.0915496 0.624661 0.637605 0.572088 0.975705 0.663528 0.472138 : 0.1
0.0513451 0.602675 0.36716 0.387754 0.996074 0.518778 0.256782 -0.0388193 0.137292 : 0.9
0.311544 0.060811 0.252474 0.525904 0.534802 0.0622112 0.15439 0.568859 0.64474 : 0.1
0.677836 0.119478 0.299208 0.38356 0.608094 0.822894 0.20866 0.33145 0.462442 : 0.3
0.406424 0.156763 0.950109 0.91104 0.15801 0.0641168 0.107671 0.522495 0.0738752 : 0
0.839144 0.089341 0.223537 0.445483 0.384002 0.55156 0.227274 0.7551 0.290938 : 0
0.49307 0.318486 0.360122 0.445273 0.30143 0.698601 0.216271 0.6925 0.394989 : 0.1
0.905234 0.189094 0.142537 0.49146 0.754955 0.502813 0.0328479 0.16711 0.308172 : 0.3
0.469623 0.635396 -0.1118 0.166869 0.278968 0.139697 0.150047 0.436917 0.415822 : 0.4
0.623981 0.697588 0.214413 0.340012 0.877348 0.26911 0.94592 0.316346 0.550213 : 0.6
0.528303 0.203851 0.0105323 0.209102 0.321056 0.982818 0.449539 0.403689 0.61242 : 0
0.244765 1 0.223256 0.587984 0.83874 0.407956 0.204518 0.362404 0.183669 : 0.1
0.261755 0.821981 -0.256611 1 0.782776 0.670662 0.209375 0.118861 0.447132 : 0
0.537399 0.0898802 0.284696 0.66366 -0.0510805 0.618259 1 0.486737 0.641814 : 0
0.598766 0.315471 -0.0515556 0.918563 0.0650253 0.193703 0.674793 0.637877 0.693845 : 0.3
-0.22038 0.416521 0.539888 0.335024 0.325135 0.865052 0.708041 0.210886 0.22231 : 0
0.0485525 0.702425 0.210883 0.198336 0.11837 0.854376 0.835241 0.653337 0.286205 : 0
1 0.302675 -0.112018 0.81535 -0.0802784 0.452746 0.650647 0.604937 1 : 0.1
1 0.346845 0.495344 0.97657 0.239818 0.204293 -0.227881 0.778417 0.183263 : 0
0.601609 0.262512 0.707009 0.527624 0.721806 0.434782 0.0828281 0.567309 0.920393 : 0
0.683463 0.550377 0.37876 0.304811 0.281103 -0.166936 0.284308 0.311903 0.434736 : 0
0.741171 0.0795484 0.635464 0.270445 0.362801 0.301226 -0.0209776 0.0597672 0.747559 : 0
-0.078851 0.568415 0.789243 0.0685916 0.113412 0.530968 0.178245 0.500216 0.753458 : 0.1
0.669305 0.183515 0.741843 0.899531 -0.0901359 0.281043 0.255342 0.649243 0.69477 : 0.4
0.755086 0.530946 0.0601753 0.216944 -0.316949 0.450888 -0.206864 1 0.031497 : 0
0.734295 0.222212 0.624625 0.0704492 0.830955 0.642716 0.766882 0.129242 0.538423 : 0
0.341891 0.889432 0.704118 0.709394 1 0.190414 0.44674 0.509542 -0.077408 : 0.2
0.490636 0.739336 0.180488 0.0580146 -0.250449 0.629592 0.479414 0.699297 0.577719 : 0.3
0.0421811 0.765939 0.27218 0.900465 0.802304 0.686808 0.108247 -0.0131611 0.804354 : 0.2
0.313167 1 0.905473 0.15914 1 0.248222 0.343809 0.614267 0.302107 : 0.3
0.435901 1 0.358103 0.294242 0.399833 0.0897378 0.247971 0.697716 0.116148 : 0.8
0.264334 0.0284452 0.748111 0.850403 0.101884 0.635134 0.669775 0.814757 0.210871 : 0.2
0.770816 0.786387 0.725335 0.657455 -0.0697264 0.702748 0.659107 0.561972 0.134604 : 0.3
0.192576 0.11369 0.125559 -0.0650585 0.0232846 0.106897 0.431158 0.573268 0.00716256 : 0.1
0.0678102 -0.0187002 1 0.33191 0.182776 0.12269 0.848484 0.463314 0.777467 : 0.4
1 0.295896 -0.336773 0.663896 0.166903 0.713371 0.896521 0.48227 0.178284 : 0.1
0.0796043 0.691808 0.204915 0.112821 0.786133 0.507161 0.258101 0.30351 0.181854 : 0.2
-0.215473 0.0303428 0.725614 0.961217 0.207042 0.512709 0.0385743 0.67729 0.160626 : 0.1
0.158093 1 0.185726 0.347001 -0.0374874 0.933498 0.704938 0.451726 0.261612 : 0.1
0.472304 0.42534 0.687604 0.391371 0.703779 0.218426 0.373853 0.597598 0.233398 : 0
0.845446 0.685706 0.308303 0.110296 0.738312 1 0.866328 0.877131 -0.101928 : 0.2
0.0186832 0.464909 -0.0497095 0.214015 0.51299 0.590588 0.673026 0.469067 0.471746 : 0
0.27253 0.93982 0.859263 0.142635 -0.0462453 0.187317 0.41039 0.834955 0.832595 : 0
0.0587342 -0.0759971 0.26235 0.732017 0.350539 0.823234 0.598844 0.452175 1 : 0.1
0.645812 0.751643 0.939239 -0.295779 0.0771557 0.189855 0.865442 0.573388 0.637449 : 0.4
0.419693 0.512618 0.340212 0.732497 0.7661 0.294331 0.358616 0.0537324 0.490133 : 0
0.0521638 -0.163175 0.302783 0.843385 0.651257 0.845536 0.689413 0.500629 0.779613 : 0.1
0.739459 0.176601 0.109955 0.979375 0.596325 0.750537 0.406901 0.354144 0.823029 : 0.1
0.370713 0.754078 0.641816 0.1379 0.319635 0.79847 0.42775 0.308167 0.720169 : 0.5
0.0308925 0.722211 0.76567 0.698499 0.716114 0.410107 0.540084 0.188208 -0.00586894 : 0.4
0.499501 0.467679 0.503209 0.455428 0.639774 0.528545 0.860034 0.712268 0.349207 : 0.3
0.257014 0.151874 0.803595 0.904223 0.587509 0.174903 0.423802 0.462215 -0.105696 : 0.3
0.193235 0.955046 0.944123 -0.166544 0.909526 0.478771 0.255625 0.0715726 0.355084 : 0
0.0615983 0.253422 0.705313 0.65913 0.784948 0.093599 1 0.895338 0.68557 : 0.3
0.544532 0.330727 0.822957 0.405103 0.463899 0.818085 0.707217 0.566651 0.188042 : 0.2
0.387995 0.714951 0.629836 0.687964 -0.128608 0.890911 0.423508 0.383664 0.485638 : 0.2
0.577988 0.138259 0.55332 0.337035 0.420194 0.814713 -0.0951338 1 0.0255777 : 0
0.47486 0.175508 0.83735 0.47265 0.748375 0.589916 0.372396 0.762719 0.630561 : 0
0.689041 0.289994 0.893293 -0.129838 0.382463 0.132368 0.166616 0.196949 0.0117701 : 0
0.627464 0.214221 0.615786 1 0.531265 0.577537 0.120449 0.31139 0.73509 : 0.1
