0.393503 0.177174 0.484767 0.247003 0.494678 0.755556 0.373041 0.824469 -0.0943223 : 0.4
-0.486126 0.400813 -0.0275956 0.433748 0.511849 0.615688 -0.216751 0.739079 1 : 0.4
0.90877 -0.010537 0.352215 0.462456 -0.00172752 0.440532 0.838542 -0.165635 0.594669 : 0.3
0.371086 0.324698 0.284654 0.467862 0.340836 0.537922 0.333839 1 0.853205 : 0
-0.024902 0.809976 0.297922 0.441438 0.676582 0.418412 0.405938 0.246011 0.813487 : 0.4
-0.0222995 0.300605 0.203359 -0.16634 0.727551 -0.296202 0.907996 1 0.112217 : 0.7
0.709907 1 0.0304444 0.321775 0.1374 0.391348 1 0.184838 0.587826 : 0.4
-0.256741 0.60802 1 -0.0874359 0.735256 -0.0978767 0.306041 0.546383 0.932265 : 0
0.52101 0.323457 0.710824 0.415922 0.202363 0.353036 1 0.741723 0.645492 : 0.1
0.300985 -0.201549 0.272157 0.675587 0.678724 0.902403 0.118276 0.374484 -0.810536 : 0.3
0.48366 0.604829 0.391954 0.962102 0.320037 0.380498 0.0954122 0.234068 0.150758 : 0.3
1 -0.00699839 0.170608 0.156154 0.394434 0.557561 0.452097 1 1 : 0.5
0.830791 0.326445 0.125141 0.314408 0.133328 0.116253 0.244167 0.327089 0.531904 : 0.3
0.586766 0.626971 0.331907 0.89144 -0.7311 0.478428 1 0.895787 0.549479 : 0.2
0.310109 0.962567 0.0385786 0.200696 0.991949 0.435172 -0.150701 1 0.331586 : 0.3
0.860243 0.211149 0.240269 0.358417 -0.0302286 0.204303 0.842458 0.0120805 1 : 0.1
0.552531 0.030387 0.289434 0.19884 0.818204 0.486002 1 0.511026 -0.00331291 : 0.4
0.311904 0.173181 0.502246 0.250223 0.663639 0.377191 0.243249 0.173696 1 : 0.5
0.652542 1 -0.032606 0.288862 0.436087 0.479955 -0.0311249 0.909716 1 : 0
0.380355 0.299547 0.689066 0.710152 0.544619 0.651888 0.337775 0.60161 0.449928 : 0.1
0.0493616 0.579077 0.0386961 0.6318 0.784876 0.614641 0.82465 0.852038 0.0050793 : 0.5
0.564886 0.244145 0.897535 0.163694 0.773422 0.660258 0.439812 0.294516 0.171544 : 0.1
0.129716 0.698169 0.952146 0.417428 0.770036 0.587599 0.26975 0.591789 -0.0558637 : 0.1
0.315273 0.628552 0.373263 0.507997 0.883128 0.578484 0.141315 0.994422 0.332222 : 0.1
1 0.724703 0.347549 0.424428 0.176762 0.463142 0.406187 0.159238 0.94412 : 0.3
-0.0338751 1 1 0.779338 0.715907 0.782714 0.0427228 0.569602 0.582293 : 0.3
0.487031 1 0.34301 0.221708 0.545137 0.511651 0.244148 0.657789 0.440002 : 0
0.0165804 0.0871932 0.271765 0.767277 0.0852718 0.810632 0.331477 0.45155 0.180452 : 0.6
0.365499 0.283772 0.168828 0.23034 -0.352346 1 0.544826 0.601801 0.489146 : 0
0.501516 0.823533 0.86343 0.634442 -0.102153 0.439184 1 1 0.685704 : 0
0.855313 0.329048 -0.0082345 0.606164 0.280734 -0.519345 0.402107 0.405637 0.88426 : 0.1
0.650292 0.328208 0.103953 0.668687 0.0816917 0.0480491 0.408269 0.106807 -0.0636413 : 0
1 0.135669 1 0.424677 0.577461 0.754851 0.496096 0.929309 0.731771 : 0
0.786326 0.717342 0.69686 0.895805 0.313434 -0.0588266 0.184751 0.28135 0.25615 : 0
-0.122336 0.845192 0.175805 0.874265 0.73771 0.382304 0.13086 0.536124 0.367732 : 0.1
-0.125925 0.680591 0.338097 0.636539 0.373092 0.298616 0.323212 0.533653 0.799428 : 0
0.823413 0.15933 0.829176 0.339236 0.636104 0.8234 0.568259 0.395933 0.173027 : 0
0.117845 0.195112 0.24171 0.492495 0.47635 0.644979 0.530639 0.709656 0.315407 : 0.3
0.831344 0.177161 0.183117 0.758267 0.220738 0.764468 0.730879 0.676653 0.559807 : 0.1
0.645097 -0.0586851 0.235575 0.167702 0.836701 0.222637 0.262061 0.571391 0.485985 : 0.3
0.57767 0.0435084 0.774623 0.569991 0.433713 0.381241 0.577629 0.550097 0.986652 : 0
0.185745 0.141756 1 0.735173 0.427761 0.573725 0.701233 0.336761 0.391134 : 0
0.528818 0.855401 1 0.308389 0.527877 0.50253 0.159088 0.701184 0.641058 : 0
0.6131 -0.0231212 0.132554 0.237456 0.329993 0.582368 -0.116101 0.860841 0.216371 : 0.2
0.409563 0.142148 0.0351297 0.140169 0.19584 0.291572 0.169991 0.590473 0.901705 : 0.1
0.491229 -0.27461 0.61649 0.38102 0.31439 0.339761 0.394145 0.828458 0.131894 : 0.1
0.250415 0.978796 0.577405 0.985388 0.655072 0.345866 0.775064 -0.0168404 1 : 0
0.354312 0.366896 0.562425 0.479297 0.00917864 0.0311372 0.0899481 0.316212 0.442663 : 0.1
-0.0340826 0.996665 -0.0241097 -0.462756 0.526047 0.168218 0.312167 1 0.0569818 : 0.1
0.577206 0.428617 0.835768 0.407353 0.832914 0.209236 0.564206 0.803355 0.966363 : 0.1
0.352657 0.445332 0.103228 0.301787 0.251035 0.736084 0.335194 0.86611 0.496942 : 0.1
0.487408 0.738385 -0.144256 0.586542 0.435106 0.532036 0.445516 0.489222 0.377246 : 0
0.72853 1 0.806808 0.478481 -0.134908 0.108506 0.339039 0.0899988 0.733745 : 0.1
0.602322 0.0813781 0.560031 0.303079 0.504239 -0.158309 0.636018 0.0413545 0.272548 : 0.1
0.4797 0.784455 0.665945 -0.217539 0.244976 0.198048 0.0845041 0.695669 0.126368 : 0.5
0.390349 0.403201 1 0.678826 0.143704 0.808733 0.767398 0.116308 0.253283 : 0.1
0.505318 0.202077 0.270672 0.0870907 0.1283 0.645509 0.580769 0.0742932 0.531942 : 0
-0.197446 0.127008 0.635517 0.206374 0.753708 0.770596 0.276393 0.48219 1 : 0.2
0.0707157 0.587004 0.148355 0.163753 0.31316 0.786981 -0.00193781 0.453634 1 : 0
-0.0247473 0.105876 1 -0.0752391 -0.495511 0.983357 0.61755 0.609 0.724612 : 0
0.269427 0.246608 0.461519 1 1 0.771777 0.51267 0.752591 0.441652 : 0.2
0.373951 0.105286 0.150795 0.119531 0.570467 0.394905 0.350963 0.183314 0.428796 : 0.1
0.568898 0.386327 0.469271 0.295611 0.578366 0.981933 0.427367 0.583426 0.875658 : 0.2
0.707438 0.0103406 -0.138421 0.255489 0.544193 0.726957 0.536975 0.589259 0.343233 : 0.4
0.690482 0.156067 -0.0184819 0.183326 0.76021 0.519207 0.0502013 0.52257 0.870258 : 0.5
0.341973 -0.0886827 0.788692 0.187737 0.651762 0.565422 0.268556 0.423674 0.471263 : 0
0.0522918 0.66113 0.30751 0.0525267 0.599413 0.236509 -0.00529307 0.219391 0.472229 : 0.1
0.178449 0.381319 0.394702 0.381112 0.558291 0.67181 -0.0348744 0.405764 0.313606 : 0.7
1 0.0703315 0.321543 0.0774209 0.242991 0.530497 0.815362 0.188109 0.623942 : 0.2
0.431287 1 0.378706 -0.183023 0.0163341 0.941389 0.698638 0.853853 0.489061 : 0.4
0.3971 0.714346 0.649636 0.363371 0.192012 -0.475168 0.431931 0.876414 0.323202 : 0.1
0.906571 0.826725 0.939516 0.153459 -0.0186703 0.50012 0.772087 0.112939 0.785966 : 0.1
0.639088 0.851481 0.864141 0.566487 0.855013 0.373956 0.128408 1 -0.0879794 : 0.4
1 0.194511 -0.0899757 0.655752 0.298787 -0.00838497 0.251982 0.348532 -0.254726 : 0.2
0.521002 0.659856 0.621229 0.143282 0.841454 0.201985 0.750068 0.79099 0.912735 : 0.1
0.405977 0.243927 0.875489 0.848423 0.0363322 0.881065 0.443473 -0.122313 0.506652 : 0.1
0.917237 0.476621 0.319714 0.503436 0.62113 0.315606 0.588491 0.511876 0.480279 : 0
-0.24209 0.656531 0.572773 0.233071 0.799019 0.516623 0.380782 0.631028 0.25916 : 0.3
0.0801965 0.419784 1 0.367215 0.228753 0.367597 1 0.463693 0.162828 : 0
0.92902 0.183077 0.0101719 0.269616 -0.0177652 0.850926 1 0.551054 0.532324 : 0
0.461994 0.821445 0.298666 0.758927 0.192834 0.664179 0.030465 0.730584 0.459423 : 0.4
0.718684 0.54069 0.810558 0.254107 -0.177894 0.849686 0.180571 0.0769232 0.500366 : 0.4
0.404445 0.364652 0.310174 0.382244 0.765692 0.00148265 0.18128 -0.287107 0.68361 : 0.1
0.63995 0.605074 0.706911 0.280677 0.792897 0.408775 0.788221 0.111527 1 : 0
0.737992 0.0314114 -0.0710303 0.427465 0.0411441 0.721882 0.606961 0.481481 0.450757 : 0.1
0.561272 0.590479 0.0959376 0.497778 -0.00312851 0.722328 0.896725 0.218423 0.777653 : 0.1
0.773204 0.397033 0.792763 0.810432 0.289773 -0.335768 0.433744 0.69045 0.18472 : 0.4
0.333263 1 0.302645 0.0706615 0.416677 0.573083 0.269288 0.923032 0.291738 : 0
0.124138 0.75527 0.486221 0.0180447 0.318054 0.583743 0.656605 1 1 : 0.1
0.654368 0.962713 -0.11898 -0.282115 0.517605 0.725603 0.12878 0.362179 0.552782 : 0.1
0.595972 0.0158712 -0.167627 0.877241 0.18417 0.547877 0.366604 0.292884 0.656866 : 0.4
0.408611 0.329927 0.304523 0.813058 0.268274 1 -0.126768 0.527568 0.264124 : 0.4
0.364979 0.0398763 0.196747 0.0280996 0.186241 -0.0815426 0.32199 -0.0770129 -0.0721818 : 0
0.715587 0.493431 0.888187 0.973327 1 0.0446492 0.355157 0.631591 0.868554 : 0.2
-0.206411 0.571271 0.780888 0.336942 0.299111 0.799964 0.595602 0.210712 0.348041 : 0
0.651241 0.563918 -0.00210451 1 -0.0891471 0.447656 0.0879726 0.728292 0.378853 : 0.1
0.653742 0.191748 0.83703 0.723374 0.534159 0.283201 0.373188 0.989477 0.780081 : 0
0.590109 1 0.665123 0.13076 0.611266 0.629698 0.295262 0.416312 0.0615177 : 0.5
0.300007 0.350781 0.372 0.550053 0.517278 -0.286649 0.785235 0.797761 0.233056 : 0.3
0.341223 0.457844 0.52742 0.584516 0.923668 0.917882 0.28675 0.540388 0.107555 : 0.2
1 0.749521 0.737658 0.613102 0.414595 0.801448 0.625529 0.757918 0.221523 : 0.1
0.743825 0.23421 0.381123 0.823076 0.158745 0.5792 0.27837 0.424377 0.402672 : 0
0.950181 0.0609159 0.181781 0.671514 0.8475 0.321104 0.262165 0.750748 0.102602 : 0
0.222976 0.426079 0.308348 0.360308 0.65634 0.617495 0.619521 0.264815 0.124943 : 0.2
0.387746 0.184797 0.805107 1 0.476345 0.384223 0.34913 0.458889 0.584893 : 0.1
0.42297 1 0.54898 0.675704 0.327162 -0.126008 1 0.923251 -0.227484 : 0.1
0.346438 0.917103 0.66766 -0.0978028 0.310122 0.18422 0.75457 0.482181 0.430743 : 0.3
-0.0194599 0.166304 0.838605 0.625175 0.552873 0.778368 0.755934 0.649185 0.386399 : 0
0.128445 0.389379 0.294483 0.29458 0.409186 0.775752 0.599556 0.697354 0.59038 : 0
0.0142643 0.237961 0.785047 -0.149463 0.872048 0.369194 0.324178 0.997304 0.352184 : 0.4
0.458287 0.149578 0.755004 0.367086 0.133709 0.301783 0.0740172 0.446366 0.325911 : 0
0.671929 0.943869 0.742656 0.199099 0.804172 0.435382 0.58169 0.245019 0.353337 : 0.4
0.89156 0.208077 1 1 0.481037 0.907244 0.47763 0.614186 1 : 0
-0.37255 0.723691 -0.589372 0.248177 0.412498 1 0.546974 0.784766 0.697346 : 0.3
0.41616 0.0636248 0.726609 0.687739 0.385922 1 -0.307836 0.432845 0.89908 : 0.2
0.939209 0.742281 0.471553 0.794357 0.356234 0.83553 -0.0983174 1 1 : 0.1
0.272896 0.273405 0.692121 0.552049 0.50487 0.861749 1 0.657887 0.339979 : 0.5
-0.0372792 0.866026 0.549079 0.0960193 0.269716 0.208102 0.517168 0.568995 0.661432 : 0
0.330781 0.486732 0.780053 1 0.296457 0.142583 -0.0133492 0.970122 0.20549 : 0.1
0.957469 0.180858 0.648429 0.636129 0.446246 0.397596 0.261879 0.540285 1 : 0
0.48629 0.00322923 0.703191 0.746098 0.43546 0.563452 1 0.193718 0.0938232 : 0
0.196384 0.173321 0.387335 0.877706 0.996919 -0.210394 0.782161 0.76707 0.348417 : 0
-0.0481554 0.313406 0.0164114 0.463681 0.557595 0.240329 0.502228 0.708771 -0.0115322 : 0.5
0.867979 0.392143 0.575912 0.876948 0.449049 0.774856 0.563901 0.472848 0.565173 : 0.1
-0.0529093 -0.0372834 0.480141 0.0906295 0.0689072 0.510265 0.481393 0.362888 0.814546 : 0.4
-0.24001 1 0.101402 0.220926 1 0.730393 0.182017 0.478452 0.458858 : 0.2
0.395071 0.747902 0.913531 0.33603 0.692238 0.792514 0.333835 0.62044 0.11551 : 0
0.328046 0.681952 0.220125 0.685354 0.454672 0.863731 0.151686 0.509179 0.035257 : 0.8
-0.0745707 0.507203 0.507284 0.279461 0.841478 0.786107 0.247497 0.47607 0.872586 : 0
-0.114403 0.250133 0.480383 0.0697582 0.251552 0.87564 0.303467 0.15853 0.679886 : 0
0.47533 0.531042 0.337735 0.388253 0.648599 0.738717 0.53391 0.416566 0.372286 : 0.3
0.895391 0.349986 0.840717 0.142571 0.858753 0.835279 -0.126039 0.594863 0.462877 : 0.1
0.615732 0.135397 0.676701 0.447121 0.161269 0.422983 1 0.479688 0.344719 : 0.1
0.13212 0.138019 0.297362 0.778234 0.643868 0.759816 0.169203 0.680489 0.0159543 : 0
0.845294 0.171446 -0.239043 -0.0476832 0.775407 0.608759 0.539128 0.860541 0.290214 : 0
0.477847 0.185841 0.776162 0.305986 0.670212 0.960017 -0.17519 1 0.498601 : 0
0.773225 1 0.155981 0.695683 0.294595 0.228155 0.20886 0.423536 1 : 0
0.754261 0.488759 0.661052 -0.0918711 0.880665 1 0.512775 0.542617 0.591558 : 0.5
-0.0497096 0.623997 0.537663 0.681454 0.0597704 -0.126035 0.348867 0.672337 0.397 : 0.5
0.556455 0.286352 0.21172 0.592229 0.278351 -0.164421 0.741014 1 0.862146 : 0
0.360708 0.438014 0.462805 0.959926 0.899304 0.65808 0.928454 0.457315 0.277273 : 0.2
0.326219 0.345704 0.277783 -0.13722 0.52386 0.65419 0.443803 0.867291 0.435894 : 0.1
1 0.141385 1 0.437419 0.0353388 0.412885 0.551063 0.383377 0.656468 : 0
1 -0.0055342 0.288104 0.256041 0.480533 0.459389 -0.253664 1 0.565682 : 0.5
0.502964 0.364848 -0.0804121 0.0754287 0.788408 0.0768818 0.443707 0.828576 0.195755 : 0.6
0.309077 0.596002 0.26992 0.175614 0.701902 0.557256 0.446637 0.466298 -0.175839 : 0.5
0.666046 0.709625 0.821092 0.142051 0.920613 0.280989 0.192899 0.210295 0.301736 : 0
0.418506 0.574032 0.202602 0.619815 0.430537 0.181724 0.0394243 0.760445 0.280451 : 0.4
0.835757 0.484825 0.442299 0.61948 0.539201 0.379446 0.60309 -0.598267 0.0764621 : 0.2
0.140842 0.329465 0.360547 0.0886101 -0.0203486 0.106925 0.285252 -0.130221 0.984654 : 0
0.168085 0.183409 0.663025 0.521924 0.884946 -0.839698 0.0648948 0.648818 0.525427 : 0.2
0.595011 0.626795 0.377479 1 0.120533 0.749076 0.648357 0.327222 0.0614666 : 0.1
0.223885 0.94259 1 0.210014 0.758703 0.242071 0.0147708 0.290453 0.602224 : 0.2
0.361154 0.717912 0.501209 0.727571 0.309496 0.655023 0.435046 0.741451 0.0854257 : 0.1
0.61172 0.268259 0.693289 -0.169341 0.538643 0.661635 0.745247 -0.0975284 -0.134343 : 0.1
0.228022 0.475038 0.881807 0.724261 0.390488 0.21884 0.696676 0.081189 0.341017 : 0
0.175758 0.371435 0.799384 0.109147 0.889055 0.515895 0.930381 0.292507 0.0802924 : 0.1
-0.119815 0.176809 0.902618 0.128694 0.285529 0.425385 1 1 0.526557 : 0.3
0.14067 0.178804 0.191942 0.501648 0.656851 0.669707 0.984743 0.117553 0.522978 : 0
0.613061 0.200458 0.425754 0.769365 0.739461 -0.260277 0.0471093 1 0.736993 : 0
0.465932 0.488352 0.498859 0.135909 0.84777 0.983428 -0.182819 0.741634 0.914068 : 0
0.461509 1 0.403207 0.165799 1 -0.0988032 0.383743 0.101128 0.512422 : 0
1 0.838028 0.201506 0.27557 0.655945 0.61781 1 0.222184 0.77103 : 0.5
0.805976 0.24516 0.196366 0.789762 0.416483 0.606001 0.536614 0.349902 0.586972 : 0
0.447223 0.221407 -0.0826823 0.460641 1 0.681697 0.929822 0.24525 0.843925 : 0.3
0.871341 0.285109 0.0383411 0.394191 0.679153 0.588735 0.614444 0.971549 0.625815 : 0.1
-0.0775212 0.181079 0.82762 0.669752 0.524116 0.366348 0.971275 0.261102 0.578374 : 0
0.701514 0.128408 0.401544 0.228227 0.992986 0.188022 0.37987 0.558708 0.552102 : 0.2
0.286666 0.362817 0.118648 -0.140841 -0.335131 0.7816 0.295069 1 0.921247 : 0.1
0.50972 0.444492 0.179087 0.4698 0.684635 0.756993 0.766556 0.719869 0.67624 : 0.5
-0.232769 0.463235 0.698335 0.777648 0.915648 0.556347 -0.221627 0.211882 0.443475 : 0.4
0.816932 0.992513 0.227775 0.72792 0.443005 0.369757 0.431348 0.695901 0.519175 : 0.4
0.800749 0.344622 0.977405 0.072923 0.219784 -0.626785 0.712702 0.525435 0.0386286 : 0.1
0.230235 -0.1779 0.890692 -0.153948 0.872393 0.487109 0.567457 0.912141 0.509552 : 0
0.526296 0.769042 -0.00817648 0.614338 0.609389 -0.261744 0.0557799 0.450406 0.0456929 : 0.4
0.682994 -0.0921953 0.296899 0.553032 0.566032 0.464725 0.118174 0.173236 0.299983 : 0.4
0.249372 0.315414 0.364039 0.42761 0.42693 0.300475 0.526078 1 0.201227 : 0
0.98086 0.132966 0.843564 0.348771 0.605993 0.219815 0.972516 0.514285 0.194757 : 0.5
0.293 0.443515 -0.148232 0.901132 0.174257 0.356489 0.316974 0.634011 0.214031 : 0
-0.478199 0.446594 0.270017 0.452327 0.540516 0.843257 1 0.364561 0.942204 : 0.5
0.31407 0.711494 0.644384 0.468709 0.0756904 0.224123 0.601159 0.76919 0.181999 : 0.1
1 1 0.749165 0.153339 0.357621 1 -0.394136 0.598042 -0.01655 : 0.4
0.331609 0.364454 0.351242 0.467871 0.00961974 0.967906 0.00978336 0.512575 0.312277 : 0.4
0.604596 0.176504 0.436223 0.398201 0.0908834 0.0547156 0.359449 0.890747 0.444416 : 0.6
0.271999 1 0.183657 0.902021 0.283078 0.593854 1 0.707407 0.417036 : 0
-0.018012 0.163972 0.280457 0.419232 0.767979 0.614592 0.114839 0.582943 0.356902 : 0
0.05059 0.840421 1 0.542932 0.630693 1 0.355695 0.411445 0.559536 : 0.1
0.660244 0.0382224 1 0.0381503 0.474044 0.767011 0.337888 0.45862 0.757463 : 0.4
1 0.114076 0.17076 0.393717 0.563311 1 0.603949 1 0.24837 : 0
0.888699 0.38385 0.568017 0.398413 0.250821 0.217235 1 0.955975 0.509516 : 0.1
0.786644 0.556163 0.109546 0.213854 0.528604 0.191652 0.0562308 0.584425 0.599594 : 0.4
1 -0.137526 0.661436 0.274507 0.286488 0.877748 0.647713 0.508914 0.389021 : 0.4
1 0.142265 0.464637 0.946209 0.725278 0.656401 0.530737 0.707933 0.278578 : 0
1 0.264617 0.536086 0.301851 0.0642319 0.514415 0.267 -0.0586978 0.899328 : 0
0.840342 0.0433224 0.11902 -0.122341 0.581556 0.676324 -0.264255 -0.0917765 0.357867 : 0
0.242889 0.211192 0.364833 0.372798 0.0746765 0.718799 0.815638 0.581078 0.299784 : 0.1
0.415744 0.308269 0.238636 0.624815 0.68635 0.314085 0.290522 -0.00763622 0.143352 : 0
0.395098 0.19659 0.725537 0.4449 0.844463 0.718171 0.0107289 0.150054 0.472938 : 0.2
0.960142 0.559049 1 -0.171284 0.259177 -0.363709 0.679528 1 0.777422 : 0.1
-0.190261 0.379643 0.0297621 0.815489 0.243853 0.262163 0.185537 0.45108 0.163947 : 0.4
0.14594 0.220855 0.777774 0.319075 0.687854 0.535016 0.120467 0.797821 0.918122 : 0
0.62356 0.252424 0.121297 0.101842 0.761792 0.574886 0.386541 0.957326 0.175048 : 0
0.978459 0.391791 0.0944524 0.225098 0.548756 0.54711 0.493711 0.67882 0.639184 : 0.1
0.0288009 0.0860851 0.872409 0.306397 0.742813 0.502607 0.814676 0.0933398 -0.231772 : 0.4
0.713348 0.194605 0.503931 0.288052 0.68806 0.105277 0.253226 0.499511 -0.00745071 : 0.5
0.459529 0.26886 0.55193 0.515017 0.944526 0.334708 1 0.771302 0.404033 : 0
0.509117 0.0172037 0.206963 0.387311 0.249001 0.282704 0.528976 0.152417 0.269156 : 0.1
0.278281 0.353641 0.175966 0.134584 0.815519 0.0129066 0.26509 0.97559 0.62713 : 0
0.569166 0.177164 0.473998 0.373422 0.760659 0.784217 0.715063 0.194539 1 : 0.5
0.672396 0.0195906 0.873547 0.156194 0.8254 0.828257 -0.77914 -0.0184951 0.533408 : 0
0.777212 0.48788 0.472954 0.228967 -0.016027 0.436496 -0.0475096 0.482539 0.857272 : 0.1
0.452973 0.0681495 0.0852726 0.504769 0.660248 0.963604 0.20061 0.597921 0.0209086 : 0.1
0.493487 0.318056 0.850259 0.224159 0.672682 0.6112 0.491186 0.331016 -0.124797 : 0.3
0.00664844 0.22689 -0.052443 0.0875453 0.197819 -0.130637 0.382368 0.428405 0.96642 : 0.3
0.627226 0.692701 0.821989 0.300201 0.102773 0.616986 0.4786 0.368853 0.112814 : 0.1
0.670244 0.0930526 0.136907 0.325951 0.392222 -0.262171 0.699162 -1 0.177832 : 0
0.117225 -0.325605 0.676997 -0.0293693 0.528615 0.0146089 0.561777 0.449105 0.170499 : 0.2
0.633735 0.374566 0.443264 0.372254 0.850556 0.50619 0.828201 0.524016 0.422997 : 0.5
0.727958 0.0980253 0.689149 0.0686996 0.342808 0.0612344 0.365638 0.479883 1 : 0.1
-0.243815 0.244334 0.203978 -0.130419 0.179896 0.118281 -0.0450759 0.418627 0.0880839 : 0
0.415937 0.185619 0.151607 0.22178 -0.196999 0.298483 0.428145 0.719706 0.559615 : 0.7
0.706486 0.278132 0.0620263 0.740433 0.20356 0.266791 0.383609 0.148927 0.123305 : 0
0.352114 0.365494 0.553095 0.201215 -0.400936 0.313101 0.74139 0.695613 0.226207 : 0.4
0.144359 0.612492 0.0851858 0.157212 0.0525675 0.0693875 0.163077 0.922459 0.44668 : 0
0.786688 0.604638 0.871885 1 -0.0886392 0.625147 0.0415452 0.112377 1 : 0.4
1 0.857249 0.242606 0.235143 0.608114 0.317137 1 0.229805 0.835242 : 0.1
-0.14006 1 0.673865 0.0351056 1 -0.266672 0.640935 0.626965 0.310235 : 0.4
0.446793 0.505673 0.843934 0.335228 0.162307 0.122588 1 0.890184 1 : 0
1 0.444159 0.891821 0.794642 0.35572 0.646254 0.593511 0.186852 0.965287 : 0.1
0.326531 0.112407 0.0533076 0.398328 0.699391 0.395303 1 0.0841905 0.625136 : 0
0.299594 0.10805 0.19553 0.33415 0.486633 -0.0932127 1 0.570539 0.0900129 : 0
0.495243 0.181099 0.875734 0.0518336 0.543858 0.156849 0.393531 0.300634 0.86776 : 0
0.868537 0.352198 0.111751 0.900585 0.200078 0.455411 0.420162 0.157451 0.584415 : 0.5
-0.0146361 0.624541 -0.0846956 0.728194 0.577541 0.603537 0.488968 0.183239 0.670605 : 0.4
0.879323 0.768836 -0.0231267 0.342569 0.239328 0.483542 0.408579 0.461872 0.874823 : 0.1
-0.2448 0.384188 0.0573473 0.123179 -0.0343598 0.554891 0.330582 0.376058 0.514453 : 0
0.0695623 0.774167 -0.231684 0.0267585 0.748107 0.234814 0.311098 0.350449 0.526449 : 0.1
0.199593 0.654049 0.520656 0.133604 0.513544 0.904635 0.0342849 0.818806 0.833099 : 0
0.447073 0.776233 0.169781 0.0791691 0.366116 0.423671 0.189221 0.228558 0.842931 : 0.3
0.288301 0.544929 0.220404 -0.293656 0.690981 0.560293 0.274005 0.466797 0.375505 : 0.2
0.936674 0.508887 0.229362 0.361526 0.996279 0.425438 0.616838 0.180793 0.729761 : 0.1
0.814073 0.179347 0.521656 0.0563287 0.174493 -0.0590094 0.464599 0.87518 -0.00138514 : 0.4
0.270707 0.755664 0.0259779 0.718352 1 0.32063 0.367486 0.708541 0.222469 : 0
0.358707 0.565372 0.209221 0.189677 0.852217 0.721435 0.247317 0.292791 0.536367 : 0.2
0.118389 0.567871 0.467023 0.109032 0.369583 0.653189 0.117848 0.426763 0.380596 : 0
0.477407 0.838127 0.759731 0.330455 0.279958 0.685974 0.087107 1 0.357541 : 0.5
0.72644 0.784652 0.090539 0.446783 -0.137722 0.21736 0.0570806 0.570433 0.759678 : 0
0.689095 -0.0606899 0.934599 0.409467 -0.24348 0.489072 0.390299 0.809553 0.826468 : 0.1
0.484274 0.662094 0.380963 0.604607 0.323303 0.733929 0.253587 0.308889 0.584555 : 0
0.328838 0.390983 0.0396221 0.663939 0.229266 -0.119769 0.30542 0.813591 0.312899 : 0.3
0.118171 0.489537 0.184204 0.0778508 0.364017 0.483609 -0.0304909 0.925403 -0.110246 : 0.1
0.0889206 0.396956 0.332213 0.464765 0.372285 0.141922 0.539198 0.351216 0.143892 : 0
0.0842913 0.213584 0.203372 0.336627 -0.0539019 0.28278 0.312651 0.612537 0.522546 : 0.1
0.595108 0.449248 0.695942 0.442864 0.24871 0.508377 0.317031 0.476652 0.0769711 : 0
0.845961 1 0.923411 0.667258 0.0941733 1 0.37437 0.87325 1 : 0.1
0.377448 0.287145 1 0.37792 0.548573 0.87785 0.530885 0.261008 1 : 0
0.678201 0.322005 0.0840512 0.542707 0.704124 0.611598 0.278364 0.969859 0.167461 : 0.4
0.645219 0.548041 0.809718 0.628105 0.52019 0.352812 0.25462 0.727659 0.209517 : 0.2
0.0311259 -0.101798 0.655734 0.511747 0.213827 0.852913 0.966498 0.125297 -0.402552 : 0
0.0312591 0.577265 0.117 0.623218 0.909261 0.679561 0.863771 0.530233 0.619303 : 0
0.793323 0.161524 0.649744 0.502485 0.910994 0.114221 0.146273 0.379692 0.50292 : 0
0.52482 1 0.842004 0.779677 0.164892 0.491798 1 0.836266 0.323389 : 0
0.775396 1 1 0.894803 0.784344 0.25964 0.396617 0.473173 0.39233 : 0.4
0.288845 0.360666 0.99908 0.665758 0.0224436 0.0409748 0.239433 0.450051 0.300886 : 0.5
0.407959 0.345432 0.495787 0.792096 0.397473 0.417823 0.422187 0.177688 0.699513 : 0.2
0.268324 -0.0429635 0.198276 0.280828 0.459727 0.725122 0.59781 0.815657 0.484428 : 0
0.737902 0.226618 0.202779 0.557904 -0.26196 0.394543 -0.0774311 0.758358 0.962867 : 0.1
0.740224 0.564197 0.500605 0.369135 0.657534 0.0946389 0.628208 0.54667 0.542697 : 0.5
0.00867808 0.368906 -0.437863 0.0850996 -0.499754 0.172907 0.523143 0.665226 0.794272 : 0.1
0.315243 0.158868 -0.183114 0.719792 -0.00498489 -0.370682 0.214778 1 0.0875051 : 0.4
0.315259 0.712719 1 -0.0908479 0.24064 0.678504 0.771392 0.243468 0.467671 : 0.2
0.0458027 0.103625 0.286327 0.0467469 0.874405 0.0844501 -0.275417 0.694194 0.60007 : 0.1
0.534286 0.834235 1 0.463594 0.542652 0.169867 0.975312 0.551521 1 : 0
0.177974 0.126783 0.476217 0.0581979 0.643651 0.370704 0.63644 0.522031 0.077261 : 0.2
1 0.308812 -0.000997871 0.792956 0.327599 0.718811 0.493958 0.652826 1 : 0
0.771248 0.184455 -0.0823702 0.0531048 0.327145 0.440917 0.553654 1 1 : 0.4
0.432792 0.281065 0.3388 0.0607015 1 -0.0862153 0.688348 0.777517 0.41573 : 0.4
0.822345 -0.269414 -0.14513 0.471797 0.0420733 0.652677 0.534728 0.922918 0.138828 : 0.4
1 0.11171 0.730647 0.495752 0.256754 0.617789 0.475182 0.86303 0.190888 : 0
0.770462 0.0503899 0.524963 0.415652 0.353704 0.250325 0.564573 -0.0881957 0.628514 : 0.3
0.302979 0.18267 0.905765 0.404174 0.0455184 0.935965 1 0.276103 -0.0978462 : 0
0.708342 0.748668 0.414726 0.790598 0.912058 0.549311 0.113909 0.590273 0.407662 : 0
0.615746 0.0206815 0.391596 0.0440435 0.46872 0.499384 0.221363 0.759244 -0.296609 : 0.3
0.524788 0.660087 0.214628 0.600244 0.260486 0.749725 0.141232 0.185656 0.217373 : 0.1
-0.279752 0.623181 0.940104 0.186925 0.251298 0.782036 -0.132609 0.224319 0.726886 : 0
0.916523 0.408962 0.175364 0.527232 0.523882 0.167507 0.999929 0.441555 0.242744 : 0.3
0.386327 0.396356 0.659198 -0.321568 0.63563 0.208178 0.0656372 0.743223 0.443237 : 0.3
0.810779 1 0.412126 0.0488611 0.433912 0.812209 0.34156 0.730546 0.826341 : 0
0.236812 0.452835 0.852738 0.880493 0.565451 0.404115 0.326259 0.634265 0.523564 : 0.1
0.680649 0.776437 0.978975 0.466242 0.62965 0.328886 0.767444 0.517258 0.972878 : 0
1 0.470558 0.177546 0.316648 0.530496 0.621102 -0.128269 0.37218 1 : 0.4
0.680802 0.223431 -0.0319768 0.485154 1 0.760227 1 0.406931 0.536155 : 0.5
-0.0770214 0.26156 0.144688 0.584984 0.611171 0.198024 0.640895 0.324944 0.610976 : 0
0.0659765 -0.513324 0.434084 0.330079 0.954286 -0.238314 1 0.71866 -0.109117 : 0.1
0.514561 0.0985436 0.630092 0.567898 0.77346 0.0937392 1 0.515561 0.0763704 : 0
0.373725 0.847116 0.624907 1 0.760148 0.671363 0.629819 0.465695 1 : 0.4
0.383175 0.523198 0.233049 0.19765 0.102919 0.398326 0.394589 0.273016 -0.170083 : 0
0.0597647 0.467507 0.312564 -0.295653 0.739569 0.900121 0.0530499 0.55455 0.198364 : 0
0.659832 0.120521 0.316027 0.22744 0.927392 1 0.32683 0.599022 -0.0808119 : 0.1
0.198276 0.543485 0.750667 0.391906 0.468159 0.566305 0.415296 0.608277 0.423907 : 0.2
0.0940058 0.551039 1 0.312387 0.149593 0.479521 1 0.30398 0.836316 : 0
0.60105 0.196182 0.775836 0.651818 0.36717 0.362334 0.141135 0.792269 0.444473 : 0.7
0.899192 0.477028 0.154141 0.313899 1 0.398658 0.61468 -0.435206 0.315058 : 0.3
0.567439 0.446527 0.982831 0.709087 0.296045 0.727007 0.312499 0.839237 0.869837 : 0
0.622196 0.763637 0.704993 0.605794 0.70579 0.44788 0.228132 0.825872 0.115436 : 0.4
0.773831 0.849584 0.607601 0.519688 0.396432 0.0184683 -0.462543 0.498526 0.0716839 : 0
0.559952 0.606255 0.558036 0.0602326 0.235058 0.305562 0.411298 0.237552 0.046945 : 0.3
0.731483 0.0991616 0.401923 0.417763 0.268042 0.464139 1 0.383525 0.816796 : 0
-0.292886 0.692151 1 0.922771 0.459078 -0.0697887 -0.337261 0.437009 -0.0640585 : 0
0.127721 0.705576 1 1 0.508538 0.712108 0.653565 0.0568837 1 : 0.1
0.183527 0.216372 0.5626 0.504071 0.162929 0.862936 0.595067 0.593598 0.260082 : 0.1
0.952536 0.345177 0.142488 0.528788 0.774756 0.38148 0.856053 0.0777598 0.78464 : 0
1 0.366031 0.205914 0.241738 0.0337967 0.250929 0.0514761 0.88597 0.458393 : 0.5
0.56183 0.685421 0.582852 0.661191 0.314341 0.61805 0.254641 0.331872 0.166141 : 0.1
0.742449 -0.00583647 0.041841 0.49731 0.394298 0.347363 -0.130767 0.302056 0.69455 : 0.2
0.554702 0.223196 0.568179 -0.183754 0.895535 0.437641 0.358621 0.584493 -0.20062 : 0
0.687977 0.787474 0.481344 0.326973 0.149265 1 0.45077 0.580312 0.682737 : 0
-0.210699 0.717745 0.427011 0.130651 0.973349 0.29791 0.733612 0.964546 0.76998 : 0
0.426486 0.164082 -0.0376225 0.130861 0.453993 0.72949 1 0.729009 0.754494 : 0.4
0.138601 0.853883 1 0.0105908 0.292579 0.63271 0.565928 0.329564 0.0954908 : 0.1
0.520265 0.668253 0.544148 0.91237 0.487854 1 0.343762 0.402208 0.166923 : 0.1
0.163429 0.923621 0.186016 0.437641 0.635004 0.539029 0.281681 0.429455 0.142326 : 0.3
0.790424 0.561978 0.642013 1 0.230205 0.645949 0.456255 0.478588 -0.140192 : 0.5
0.0664404 0.474505 0.686883 0.398736 0.784333 0.343355 0.519738 0.215163 0.684705 : 0.2
0.427503 0.235485 0.3339 0.0759506 1 -0.43346 0.966841 0.561654 0.0296356 : 0.4
0.0740229 0.741687 0.199826 0.598972 0.699195 -0.165729 0.889307 0.611272 0.198014 : 0.3
0.386357 0.919976 0.277306 0.646794 0.45786 -0.679886 0.568439 0.644475 -0.0213442 : 0.2
-0.272847 0.577323 0.66224 0.47749 0.975904 0.650025 0.1774 0.578126 1 : 0.1
0.177928 0.46315 0.604348 0.108294 0.265108 0.523516 0.49234 0.531497 0.242592 : 0
0.255479 0.383622 0.498003 1 0.589542 0.170542 0.240991 0.787625 -0.135015 : 0.2
0.0135384 0.0272246 0.86671 0.210625 0.436707 0.764471 0.0772079 1 -0.183691 : 0
0.798548 -0.243269 0.533623 -0.0622917 0.275433 -0.526699 0.313536 0.609708 0.0950406 : 0.1
0.903621 0.51635 0.262493 1 0.356856 0.142243 0.335151 0.741485 0.474374 : 0.1
-0.0136435 0.679345 1 0.837927 0.224318 0.670245 0.390123 0.697405 0.390324 : 0.3
0.491392 0.434827 0.119474 0.156077 0.754568 0.474019 0.397884 0.984635 0.273788 : 0.1
-0.0103937 0.475249 0.27979 0.0902315 0.579472 1 -0.139301 0.835708 0.206568 : 0.1
0.368321 0.780217 0.594416 0.727662 0.842866 0.78437 0.86706 0.553075 0.866722 : 0.3
0.602423 0.474748 0.506642 0.489334 0.332971 0.741679 0.280072 0.209713 0.205366 : 0
0.576381 1 0.442734 0.946504 0.1295 0.213182 1 0.552679 0.792995 : 0.3
0.117946 0.448505 0.14809 0.716618 0.266166 0.405674 0.775567 0.735252 0.51548 : 0.5
-0.893004 0.789125 0.253705 1 0.569941 0.244454 0.341434 0.862261 0.703115 : 0
0.773966 -0.354498 0.178091 0.093179 0.16105 0.229619 0.690353 0.262911 0.252358 : 0.2
-0.143826 0.600088 0.8829 0.314623 0.259404 0.566467 0.381814 0.411837 -0.500029 : 0.5
0.424129 0.286049 0.896235 0.191451 0.0933619 -0.450209 0.0833241 0.179194 0.836443 : 0.4
0.565232 0.430981 0.165811 0.0480099 0.713223 0.179739 0.642433 0.29799 0.701997 : 0
0.419454 -0.0329966 0.0938333 0.0735615 0.445196 0.311939 0.429023 0.35137 0.179654 : 0.2
0.838379 -0.461152 0.0866491 0.20159 -0.437219 0.172096 0.813366 0.399734 0.579385 : 0
0.333631 0.375097 -0.106439 0.455566 0.527767 0.558288 0.295239 0.943378 -0.0579007 : 0
0.591381 0.258041 0.388332 0.354074 -0.239234 0.0304685 0.132345 0.951888 0.747085 : 0.4
0.424112 -0.0126705 1 -0.0383311 0.152571 -0.314403 0.939223 0.348481 0.203592 : 0.4
0.250159 0.111488 0.634985 0.449071 0.0804978 -0.429233 0.548925 0.0883857 0.988285 : 0.1
0.55246 0.0889028 0.488811 0.430225 0.575767 0.221386 0.136398 0.660487 0.476407 : 0.7
0.133031 0.488994 0.35097 0.238883 0.360585 0.613099 -0.086372 1 1 : 0.3
0.356006 0.739625 0.707771 0.881042 0.321878 -0.066651 0.487687 0.695641 1 : 0.1
0.107238 0.557498 0.347041 0.968031 0.519138 0.787685 0.205333 1 0.397593 : 0.1
0.316755 0.742257 0.0249763 0.754493 0.798372 0.349517 0.407004 0.332902 0.389434 : 0.4
0.216982 0.472086 0.49257 0.73399 0.363226 0.418947 0.798871 -0.0091036 0.423545 : 0.2
0.119697 0.233804 0.611888 0.030587 0.42756 0.786929 0.523264 -0.188393 0.795139 : 0.4
0.209332 0.198269 0.180008 0.21012 0.127875 0.600026 0.212222 0.44972 0.299518 : 0
0.666494 0.469734 1 0.391302 0.611611 0.404302 0.705315 0.443066 0.92321 : 0
0.500375 0.533439 0.905778 0.163805 1 0.781148 1 0.410694 0.959793 : 0.1
0.455406 0.40218 0.0490942 0.913675 0.978519 0.41289 1 0.6369 0.504848 : 0
0.408698 0.545378 0.329037 0.68253 0.440115 0.926009 -0.0196389 0.480317 0.152541 : 0.2
0.552229 0.780944 0.435192 0.338777 0.172755 0.610581 1 0.20398 0.635116 : 0.5
0.330656 1 0.452494 0.570557 0.770543 0.379376 0.539278 0.90905 0.443282 : 0
0.24273 0.475993 0.936309 0.522447 0.387424 0.566112 0.236158 1 1 : 0
0.751953 0.586799 0.51509 0.363167 0.776039 0.242397 0.565222 0.681974 0.827633 : 0.5
1 0.566822 0.010217 0.532755 0.477247 0.977249 0.245429 0.331173 0.644851 : 0.4
0.578062 0.196927 0.681014 0.477873 0.182204 -0.0333722 -0.140816 0.412716 0.587037 : 0.2
-0.899462 -0.201829 0.89887 -0.617956 0.518739 -0.0971526 -0.254191 0.472378 0.341012 : 0.1
1 0.140471 0.0879681 0.639933 -0.0919129 0.403526 -0.165418 0.87105 0.830832 : 0.4
0.189799 0.147762 0.428836 0.218331 0.526967 0.413961 0.653096 0.332222 0.269083 : 0
0.716206 0.18707 0.26328 -0.123951 0.277863 0.703879 0.382727 0.210573 0.151286 : 0.3
0.226883 0.777069 0.776507 0.179439 0.265996 0.015658 0.351608 0.182949 1 : 0.1
-0.293653 0.173382 0.58508 0.455496 0.136164 0.559103 0.408999 0.90631 0.573959 : 0.1
1 0.321408 0.34547 1 0.337606 1 0.359954 0.579499 -0.1074 : 0
-0.0138158 0.442424 0.657958 0.0719334 0.163644 0.221379 -0.0013758 1 0.303775 : 0.1
0.532309 0.4536 0.0345424 0.903485 0.172092 0.347609 0.764297 0.359756 0.867581 : 0
-0.328554 0.0978437 0.465719 0.456214 0.37355 0.710458 1 0.366045 0.0918629 : 0.6
0.0422873 1 0.238206 0.495535 0.889112 0.568823 0.585044 0.468157 0.242247 : 0
0.0355033 0.456633 0.740263 0.769506 0.389323 0.37296 0.526541 0.477387 1 : 0
0.30868 0.721241 0.48028 -0.0407059 -0.0171197 0.538434 0.0681701 0.552426 0.735176 : 0
0.526106 0.427817 0.465032 0.0585165 0.679359 0.086768 0.302793 0.395254 0.168581 : 0
0.0710903 0.117214 0.507043 0.921648 0.158832 0.719595 0.242963 0.876398 0.257707 : 0
0.486223 0.361812 0.234378 0.433755 0.778698 0.211223 0.711426 0.764942 0.623375 : 0.1
1 0.551215 0.705693 0.347564 0.61051 0.205043 0.608195 0.51661 0.0556044 : 0.3
0.809428 0.36856 0.47156 0.721265 0.387576 0.186551 0.0697806 1 0.674712 : 0.1
0.275495 -0.0187432 0.88475 0.490728 -0.17998 0.675175 0.618137 1 0.593609 : 0.5
0.279546 0.554931 0.547611 0.175273 0.585238 0.485305 0.134562 0.192276 0.989074 : 0
0.250307 0.429744 -0.118489 0.814196 0.550123 0.587026 0.562139 0.200199 1 : 0.1
0.0708664 1 0.0342366 0.556541 0.180624 -0.409159 0.197108 0.8505 -0.0489558 : 0
1 0.867272 1 0.963772 0.979928 0.128745 -0.210383 0.342071 0.565025 : 0.6
0.606042 0.875121 0.237857 0.870837 0.0537816 0.352763 0.557295 1 0.580871 : 0.1
0.290004 0.835088 0.465285 0.103695 0.368195 0.994955 0.0925663 0.529782 0.673326 : 0.1
0.328247 0.256218 1 -0.0712258 0.417561 0.819253 0.371663 0.0534211 0.824407 : 0
0.504066 0.353133 0.124508 0.420872 0.608863 0.243744 0.309924 0.31793 0.616671 : 0.6
0.868545 -0.00974843 0.284122 0.318621 -0.0671917 -0.779425 -0.434788 0.501967 -0.0385946 : 0
0.3197 0.968431 0.819898 0.675652 0.528167 0.121647 -0.114365 0.596574 0.780823 : 0.4
0.641247 0.220832 0.288444 0.630932 0.130187 0.419888 0.132864 0.774366 0.108701 : 0.2
0.366667 0.0380694 0.872009 0.693741 0.616014 0.879194 0.181225 0.0340795 0.583588 : 0
0.513775 0.38109 0.225681 0.608087 0.978394 0.538891 0.305138 0.505423 0.185093 : 0
0.410264 0.663683 -0.17777 0.0244569 0.745593 0.432282 0.443252 0.190552 0.199973 : 0
0.630835 1 0.839371 0.804192 0.431347 0.0790201 0.41199 0.427869 0.149622 : 0.1
0.313602 0.351762 0.387552 1 0.0372921 0.779414 0.392906 0.620237 1 : 0
0.696535 0.305296 -0.0185936 0.762067 1 0.026355 -0.172694 0.376648 0.924306 : 0.5
0.317087 1 0.338522 0.254304 0.715093 0.664597 0.552249 0.968286 0.402548 : 0.2
0.0306656 0.099168 0.271988 0.551347 0.890291 0.395362 0.503069 0.566887 0.645088 : 0.1
0.468189 0.235785 0.213753 -0.279721 0.598529 0.621147 0.472058 0.723372 0.156526 : 0.5
0.191896 0.371996 -0.0583069 0.734454 0.213481 -0.129019 0.246765 0.830128 0.676208 : 0.2
0.241463 0.732902 0.774622 0.913619 0.288277 1 0.652305 0.397671 0.10712 : 0
0.528614 0.0106785 0.086497 0.486306 0.279288 0.969874 0.517383 0.816086 0.449347 : 0
0.777328 0.63762 0.160056 0.530462 0.288621 0.448089 0.497734 0.857121 0.944092 : 0.6
0.552807 0.202088 -0.0751656 0.536021 0.450488 0.255829 0.485382 0.748463 0.332942 : 0
0.449713 -0.0860755 0.0677009 0.0137139 -0.199528 0.78997 0.313251 0.45647 0.799367 : 0
0.535274 -0.344133 0.123617 1 0.353555 0.622242 0.709131 -0.192583 0.250753 : 0.3
0.233629 0.461729 0.343103 0.25183 0.517095 0.90382 0.411527 1 0.251008 : 0.1
0.720441 0.900491 0.328898 0.484157 1 0.356686 0.341967 0.131021 -0.31677 : 0
0.274048 0.42012 0.776046 1 0.647161 0.684978 0.348398 0.654532 0.559499 : 0.3
0.0707332 0.137764 0.651314 0.659282 0.418933 0.650701 0.809799 0.171511 0.619356 : 0
-0.10807 0.590854 0.079127 0.19698 0.821515 0.0982608 0.758939 0.64552 0.632823 : 0
0.651835 0.185217 -0.155332 0.638654 0.537846 0.64789 1 0.363508 0.982854 : 0.4
0.793498 0.629854 0.360857 0.573827 0.5435 0.680077 -0.224406 0.19648 0.0680803 : 0.3
0.319711 0.0710384 0.357704 0.528721 0.808044 0.67846 0.831983 0.490898 0.357037 : 0
0.0555199 0.45425 0.423281 0.38794 0.60234 0.754662 0.516737 0.655201 0.0876766 : 0
0.685414 0.856309 0.843771 0.446456 0.420503 0.557524 0.15165 0.723133 0.779472 : 0.5
0.18902 0.877372 0.0819395 0.584203 0.58061 0.485225 0.402778 0.163322 0.457277 : 0.3
0.0434487 0.460688 0.581189 0.329746 0.354271 0.58841 0.189139 0.696508 1 : 0.1
0.428672 0.911266 0.186208 0.152479 0.674769 0.8235 0.322387 -0.445626 0.00215083 : 0.8
0.0910186 0.731737 0.391109 -0.152182 0.373257 0.0256757 0.0585709 -0.0244756 0.639906 : 0.1
0.616216 0.495707 0.34138 0.865511 0.673613 0.237344 0.0789475 -0.324126 0.814496 : 0.2
0.578273 0.246017 0.699768 0.771753 -0.0180553 -0.0392281 -0.104657 0.213866 -0.0344359 : 0.3
0.527476 0.50616 0.134008 0.701322 0.0377161 0.654993 0.449004 0.65212 0.623949 : 0.2
0.0161283 0.609455 0.667613 0.263975 0.031286 0.616803 0.106116 0.484004 0.0381645 : 0.2
0.307337 0.0160398 -0.00802021 0.329644 0.873015 0.699197 1 0.723174 0.661368 : 0.6
0.677806 1 0.19741 0.0563187 1 0.138896 0.285502 0.828955 0.383651 : 0.5
0.837287 0.457958 0.54356 1 0.751594 1 0.131024 -0.635589 -0.131915 : 0.1
0.719241 0.369933 0.0282772 0.694721 0.855454 0.845709 0.20704 0.267217 0.425615 : 0.6
0.337836 0.939645 0.39401 0.331745 -0.0128206 0.347596 1 0.501077 -0.0835593 : 0
0.024244 0.0529944 0.19778 0.468824 0.59133 0.645741 0.63463 0.577216 0.143951 : 0.1
0.563417 0.869115 0.445474 0.563994 1 0.378232 0.413662 0.570146 0.281581 : 0.5
0.891076 -0.0457516 0.127863 0.200728 -0.011058 0.43196 0.74795 0.38544 0.478207 : 0
-0.377898 0.0134785 0.390407 0.315064 0.657378 0.336186 0.46372 0.961663 0.94629 : 0.3
0.667088 1 0.191039 0.339036 -0.137458 0.832161 0.691921 0.464053 0.576289 : 0
0.0634762 0.202341 0.905717 0.00296699 0.381738 0.815921 0.663608 0.612049 0.0207952 : 0.3
0.263443 0.375014 0.184143 0.372687 -0.39109 0.145936 0.00499485 0.355683 1 : 0.3
0.842685 0.344026 0.600896 0.756628 0.0811839 0.61867 0.970624 0.382067 0.473884 : 0.1
0.600114 0.624889 0.337109 0.526886 0.268083 0.906116 -0.223035 0.759462 0.455207 : 0.6
0.340823 0.960345 0.158291 0.434091 0.623873 0.612271 0.93341 0.46516 0.223041 : 0.2
0.89437 1 0.300289 0.0858491 0.664914 0.801061 0.85402 0.6271 0.121921 : 0
0.352463 0.800896 0.198369 0.713612 0.289155 0.367757 0.59662 0.9991 0.637083 : 0.3
0.567129 0.673255 0.621593 0.312692 0.882836 0.477943 0.540457 0.0457107 0.313028 : 0
0.866487 0.258877 -0.0716602 0.316317 -0.551246 0.382307 0.485667 1 0.591831 : 0.3
0.358817 0.348424 0.294772 0.856046 0.188198 -0.390767 0.354083 -0.310596 0.381844 : 0.3
0.514689 0.470159 0.833266 0.796296 0.579743 0.93606 0.139617 0.606599 0.357569 : 0.1
0.797861 0.807429 0.503064 0.211035 1 1 0.533473 1 0.493013 : 0.5
0.361233 0.705668 0.580023 0.0803947 0.613631 0.686324 0.372452 0.861104 -0.0716617 : 0.3
0.250373 0.498888 0.702358 0.348308 0.275847 1 0.051202 0.271894 0.799772 : 0
1 -0.0774749 0.364262 0.150296 0.273105 1 0.027888 0.448388 0.60548 : 0.5
1 0.323741 0.567652 0.196386 1 0.447346 0.560542 0.791152 0.082926 : 0.2
0.329741 0.148716 0.973573 -0.219533 0.422215 0.798305 -0.134214 0.450505 0.340537 : 0
0.681559 0.228102 0.0661766 0.821996 0.38212 0.290136 0.783933 0.139794 1 : 0
0.710264 0.882931 0.668663 0.76437 0.623834 0.539405 0.656771 0.755564 0.474697 : 0.1
0.560088 0.641762 -0.487399 0.482189 0.484659 0.457032 0.996562 0.866517 1 : 0
0.5123 0.183721 0.633513 0.633407 0.547788 0.217985 0.483035 0.266614 0.0971982 : 0
0.316256 0.227682 0.00378257 0.535056 1 0.81708 0.84586 0.720526 0.5234 : 0.4
0.807235 0.375958 0.344822 0.271776 0.805398 0.655711 0.54306 0.651708 0.806719 : 0.2
-0.317122 0.0739253 -0.0198886 0.448167 -0.0504082 0.0783866 0.681426 0.409144 0.803502 : 0.2
0.148341 0.310977 0.223183 0.196966 0.633015 0.798208 1 0.460322 0.595109 : 0
0.07411 0.133046 1 0.370217 0.71601 0.496962 0.390829 0.608739 0.800868 : 0.6
0.413877 0.320189 1 0.906313 0.891557 0.618317 -0.408415 0.0731773 0.625882 : 0.1
0.951626 0.725775 0.851764 0.342557 0.531664 0.692726 0.235173 0.239188 1 : 0
1 0.134019 0.12352 0.161883 0.634992 -0.0355831 0.372658 0.401289 0.692485 : 0
0.598089 0.262115 0.159257 1 1 0.370298 0.688723 -0.363896 0.328961 : 0.2
0.659591 -0.305693 0.37263 1 0.586016 0.704304 0.560571 0.399499 0.11831 : 0.3
1 0.245633 0.803009 0.615019 0.509297 0.716466 0.374496 0.158459 0.929947 : 0
1 0.478671 0.594854 0.569204 0.76906 1 0.640803 0.528358 -0.183517 : 0.2
-0.113233 0.0472031 1 0.574844 0.388719 0.519175 0.854506 0.0420217 0.386169 : 0.5
0.525647 0.601834 0.21334 0.514692 0.261104 0.392654 0.766122 0.647562 0.602363 : 0.1
0.332282 0.413042 0.868192 0.678889 0.360005 0.428652 0.360684 0.804581 0.129313 : 0
-0.0173722 0.0747468 0.999382 0.211999 0.427246 1 0.508324 0.585684 0.121363 : 0
0.490548 0.230028 -0.357007 0.648322 0.32173 -0.0382093 0.160412 0.286262 0.540221 : 0.1
0.468258 0.124701 0.836183 -0.126269 0.279356 0.712879 0.802517 0.192523 0.809313 : 0
0.520913 1 -0.397068 0.551816 0.368165 -0.0464637 0.384026 0.406533 -0.00791562 : 0.3
0.0123702 0.570078 0.712475 0.275242 0.61235 0.358557 1 0.20225 0.455634 : 0.1
0.297696 0.403409 0.450593 0.585671 0.697433 0.183824 0.552512 0.221775 0.795979 : 0.2
0.65811 0.490585 -0.172216 0.448378 0.486224 0.867395 1 0.760571 0.712884 : 0
0.137261 -0.00271434 -0.116229 0.421915 0.49134 1 0.772312 0.989343 0.472727 : 0.4
0.0193096 0.486206 0.109932 0.42983 0.36696 0.647228 0.121649 0.145852 0.174475 : 0.1
0.47651 1 0.309825 0.166661 -0.0408329 1 0.466492 0.504878 0.796743 : 0.1
0.521692 0.0736615 0.0285789 0.578854 0.152276 1 0.0966112 0.179995 0.293778 : 0.4
0.434652 0.614664 0.524785 0.930031 0.147152 0.204219 0.102131 0.470932 0.559372 : 0
0.476699 0.481315 0.8874 0.523489 0.931491 0.712047 0.935532 0.736123 0.718207 : 0.1
0.128819 0.629772 0.227556 0.338628 0.123322 1 0.374774 0.256773 0.225716 : 0
-0.0572767 0.105312 0.627015 0.684525 0.906241 0.896142 0.151117 0.595583 0.382064 : 0.1
0.0786179 0.22574 0.138452 0.7555 0.540379 0.854455 0.180137 0.80383 0.990742 : 0
0.428621 1 0.323372 0.0114543 0.603793 0.0539899 0.383867 0.826568 0.674889 : 0
0.178808 0.651502 1 0.797423 0.321388 0.231645 0.385393 0.583374 0.311121 : 0
0.303642 0.354657 0.282113 0.836924 0.39001 0.863307 0.250086 1 0.315347 : 0.1
0.0978577 -0.00384626 0.581113 0.824914 0.488316 0.157553 1 0.283179 0.0526217 : 0
-0.0923858 0.263734 0.597032 0.31128 -0.0910286 0.366742 0.319154 0.494621 1 : 0
