1 -0.248839 0.806238 0.0300179 0.401112 0.181975 0.564729 0.122554 0.960888 : 0
-0.105721 0.48779 0.831763 0.65529 0.411994 0.376911 -0.637946 0.644643 0.465299 : 0.4
0.464666 0.0990218 0.36965 0.0883037 0.257446 -0.102511 0.326687 -0.459958 0.412947 : 0
0.358005 0.0897 0.355613 -0.271836 0.323523 0.875434 0.588781 -0.0825962 1 : 0.3
0.0585162 0.160121 -0.333371 0.618357 0.452425 0.272559 0.653399 0.0823521 0.551232 : 0
0.657754 -0.0427993 0.191657 0.0682141 0.516979 0.498088 0.826407 0.489113 -0.572017 : 0
0.39518 -0.075561 0.824076 0.391114 1 0.775637 0.232263 0.246689 0.430306 : 0
0.0731916 0.243097 0.00331828 0.0185819 0.321436 0.147428 0.330256 0.292059 0.921232 : 0.3
0.57187 0.234065 0.537206 0.637575 0.421036 1 0.432899 0.137703 -0.485086 : 0
0.371852 1 1 0.142201 0.463688 1 0.657098 0.0910241 -0.305059 : 0.1
-0.716347 0.553189 0.47211 0.882674 0.824918 0.400095 0.430241 -1 -0.00409374 : 0
0.205071 0.334325 0.235605 0.265029 0.374034 0.775131 0.465209 0.549174 0.371415 : 0
0.539557 -0.258045 1 0.762177 0.142533 -1 -0.105502 0.192249 -0.782417 : 0.4
0.54888 0.68454 0.296846 0.274493 -0.55853 0.0778047 -0.448392 0.505822 0.951325 : 0.3
0.592545 0.525473 0.92486 0.566184 0.580226 -1 1 0.319937 0.483683 : 0
0.995242 0.0824548 0.625661 0.439856 0.327947 0.233377 0.502042 -0.0530382 -0.0730819 : 0
-0.543634 0.350785 -0.124699 0.0340116 0.135589 0.89403 0.362637 0.152987 0.679334 : 0.2
0.881456 0.46004 0.560702 0.934363 0.569575 1 0.555608 0.524858 -1 : 0
-0.516073 0.548123 0.284796 0.642174 0.487749 0.246702 0.450131 0.546075 -0.649665 : 0
0.921807 0.186895 -0.101442 -1 0.313878 0.167114 0.914344 0.336341 -0.692031 : 0
0.129671 0.38466 0.899959 0.949248 0.531345 0.683393 -0.608187 0.213563 -0.0443644 : 0
-0.401283 0.562174 0.639902 0.2121 0.411066 -0.211606 0.457182 0.655254 0.632292 : 0.1
0.599309 0.222936 0.862387 0.276617 0.550025 0.428395 0.370866 0.612522 0.319758 : 0.4
0.458921 1 1 -0.287147 0.27568 0.52698 0.635405 0.715106 0.0930795 : 0
-1 0.334152 0.0502573 1 0.510772 0.318507 0.548876 0.860612 0.876983 : 0.1
1 0.223917 0.190028 0.273242 0.615096 0.835394 0.989855 1 -0.313706 : 0
0.924494 0.135438 0.474728 0.437452 0.605927 0.498217 0.819792 0.576604 -0.153241 : 0
-0.318652 0.272655 1 0.555224 0.406525 -0.129301 0.0452273 0.65126 0.0215237 : 0
-1 0.468743 0.375088 0.517131 0.683624 0.787639 -0.62462 0.752659 -0.113516 : 0
0.510975 0.268702 1 0.623265 0.899143 0.712123 0.810874 1 -0.421263 : 0.2
0.293129 0.222957 0.466009 0.310893 -0.191595 0.793121 0.37461 0.0623356 0.610945 : 0.1
0.166407 0.448889 0.415208 0.989942 0.558199 0.543004 0.642509 0.546233 0.546462 : 0.3
0.684903 0.00245041 0.380996 0.637463 -0.850315 0.553652 0.260753 0.784657 1 : 0.5
0.28414 0.346151 0.174718 -0.307475 0.537628 0.872568 0.229189 0.648152 -0.338858 : 0.4
0.372708 0.303813 -0.135917 0.355675 0.582608 0.781449 -0.289612 0.417642 -0.345598 : 0.5
-0.00251335 0.927491 0.57073 0.562837 0.263315 0.396442 1 0.153355 0.168784 : 0.2
0.13274 0.554356 0.62897 0.535181 0.416346 -0.892244 -0.147308 0.481366 -0.266589 : 0
0.634113 0.491045 0.274723 0.296876 0.304676 -0.0613907 0.621311 1 0.285885 : 0.5
0.32811 0.0066596 0.113671 0.796664 0.398872 0.72734 0.674891 0.493735 0.580221 : 0
-0.672478 0.613638 -0.0309842 0.447149 0.689046 0.0418282 0.0315403 0.992632 0.526555 : 0
0.321307 0.450058 0.159776 -0.042144 0.321984 0.820091 0.219193 0.232715 -0.767708 : 0.5
-0.0842957 0.331439 1 0.686224 0.669773 0.720728 0.56185 0.652028 0.493709 : 0.3
0.261495 -0.215598 -0.719136 0.359113 0.858182 0.631576 0.727947 0.386929 0.0801865 : 0.2
0.817649 0.768228 0.683563 0.655358 0.838209 0.416149 -0.203579 0.672875 0.444325 : 0.2
-0.521103 0.293111 0.960773 0.586508 0.517249 0.645124 0.379477 0.692916 0.42219 : 0
0.234547 -1 0.737722 -0.286209 0.28188 1 0.699623 0.446907 0.658023 : 0
0.71928 0.13943 0.755642 0.589391 -0.0413798 0.583995 0.376216 0.890387 0.328645 : 0
-0.524238 0.892749 0.937596 0.359302 0.681199 0.611914 0.453079 0.612987 -0.432574 : 0.1
0.243945 -0.00115515 0.83542 0.228325 0.707188 0.701599 0.704015 0.32721 0.877758 : 0
0.427844 0.239253 0.303793 -0.121608 0.933207 0.817213 0.0384371 -0.0150012 0.825941 : 0.6
0.0781069 0.21577 0.715626 0.733785 0.552771 0.0604429 0.288353 0.21095 0.781275 : 0.1
0.0542971 0.323767 0.413193 0.804531 0.420812 -0.585117 -0.0472408 0.62986 -0.851517 : 0.2
0.405009 0.345012 0.964795 0.745988 0.316557 0.711877 0.337247 0.191064 0.887045 : 0.1
-0.696 0.603619 0.82677 0.061149 0.179035 0.00922775 0.608464 -0.0776267 0.262543 : 0.6
0.194925 -0.202517 0.720237 0.415733 0.499251 0.256018 0.925786 0.257818 0.3611 : 0.3
0.369136 1 0.684669 0.591163 0.236113 0.527573 0.433041 -0.461627 0.631429 : 0
0.0443102 0.370667 0.298245 0.468522 0.753217 -0.0367964 -0.679092 0.216815 0.490344 : 0
0.0777685 0.872777 0.878098 0.558338 0.158978 1 -0.864212 0.226673 0.20962 : 0.1
0.324975 0.0844131 0.798357 0.68322 0.512689 0.787197 0.766025 0.4964 -0.443703 : 0
-0.152722 0.339963 0.712572 0.229918 1 1 1 0.434463 0.453035 : 0
0.731738 0.438432 1 0.386728 0.624017 0.347651 0.0850366 0.745647 1 : 0.2
0.00998904 0.306588 0.416593 0.735456 0.289509 0.982545 0.383381 0.0193575 0.510243 : 0
-0.00135042 -0.0635973 0.815742 0.155004 1 1 0.69117 0.214548 0.722516 : 0
0.813078 -0.0237444 -0.103896 0.307576 -0.0134828 0.174268 0.494914 0.747464 0.958289 : 0
1 0.0780398 -0.357491 0.601859 0.395341 0.688891 0.139164 0.514526 0.649875 : 0
0.416607 -0.144155 0.577598 0.22147 0.883428 0.986381 0.360356 0.187775 0.347305 : 0
0.452666 -0.137579 -0.121194 0.507004 0.923316 1 0.64592 0.420621 0.740829 : 0.1
0.602887 0.190723 0.353928 0.466566 0.689475 0.0383822 0.485663 0.652479 0.951832 : 0.6
0.10651 0.0420832 -0.00217056 0.364664 1 0.807695 0.257595 0.452404 0.759058 : 0.3
0.884152 0.173078 0.189837 0.253279 0.470195 -0.29356 0.260763 0.554443 0.16545 : 0
0.0535672 0.631229 0.423019 0.0109728 0.251086 0.00352131 0.813564 0.798513 0.751057 : 0.1
0.459414 0.363956 -1 0.597094 0.0459722 0.979549 0.414054 1 0.912013 : 0.1
0.435812 0.198892 0.40581 0.715822 0.338755 1 0.594488 -0.912357 0.542539 : 0.3
0.466233 0.530114 0.0672792 0.606184 0.780278 0.202908 0.4393 0.719615 -0.636045 : 0
0.462954 0.300482 0.424824 0.0815189 0.252726 1 0.810051 0.164835 -0.0368448 : 0.1
0.0426679 0.474515 0.885885 0.869759 0.447554 -0.0995911 -0.442376 0.214843 0.85829 : 0.1
0.720947 -0.882993 0.284861 0.59482 0.600592 0.517583 0.314399 0.546655 0.491487 : 0
-0.205055 0.999691 0.354482 0.156002 0.949191 0.197214 0.345774 0.999029 0.203239 : 0.5
-0.653366 -0.211829 0.931278 0.148063 0.0884428 0.349292 0.629725 0.675041 0.0885466 : 0.1
-0.429883 0.396931 0.494259 1 0.323658 0.279291 -0.73147 0.722943 0.763254 : 0.1
0.915604 0.469897 0.220648 0.325196 0.080984 0.923011 0.888082 0.894571 1 : 0
0.287943 -0.40085 0.291226 0.983795 -0.0135903 0.729424 -0.0819215 0.998429 0.3412 : 0
0.295939 0.61804 0.857695 -0.437541 0.638708 0.527117 0.706844 0.48184 -0.741545 : 0
0.0543096 0.690218 0.529206 0.562932 0.54917 0.899806 -0.146797 0.252744 0.189909 : 0
0.0537157 0.323922 0.520977 0.730313 0.0612381 0.740246 0.367972 0.513656 0.433184 : 0
0.446499 0.147345 0.769946 0.600361 1 1 0.666667 0.308535 0.417508 : 0.1
0.518062 0.854941 0.696469 0.176016 0.167169 0.888372 0.256863 0.143281 0.347592 : 0
0.546654 0.53623 -0.0208258 0.721872 0.119218 0.836915 0.566756 0.799936 0.812539 : 0.1
-0.0523717 0.321232 -0.172468 -0.203863 0.667629 0.756986 -0.197829 0.571622 0.412086 : 0.5
0.497865 0.00521113 -0.486175 0.136542 -0.0440442 0.938665 -0.562495 0.793586 0.214221 : 0.3
0.815096 0.15394 0.493178 0.428133 0.775444 -0.178682 -0.470225 0.234767 0.959615 : 0.2
0.484343 0.100727 0.0948333 0.530126 1 1 0.625462 1 1 : 0
0.346456 0.632259 0.23897 0.200239 0.295183 0.103653 0.358231 -0.163512 0.604693 : 0
0.414245 0.212642 0.985782 0.380943 0.638934 0.921173 0.153948 0.500695 -0.567744 : 0.2
0.352328 0.234599 0.944128 0.577675 -0.2548 0.693462 1 0.498613 1 : 0.1
0.707498 0.652473 -0.331247 0.0156492 0.378595 0.423001 0.511429 0.27984 1 : 0
-0.249554 0.339153 1 0.465726 -0.219277 0.470504 0.136132 0.222857 0.979891 : 0
0.724339 0.732124 0.107982 0.446547 -0.395914 -0.120175 0.280529 0.808944 0.866321 : 0.1
0.107106 0.449667 0.951208 0.356589 0.347262 0.582621 0.859548 0.539858 -0.111938 : 0.1
-0.504934 -0.234041 0.235351 0.825251 0.336139 0.286052 0.499421 0.491029 0.290603 : 0
-0.0739119 0.645682 -0.239845 0.614253 0.492877 0.462903 0.354524 0.407327 0.815568 : 0.1
0.251296 0.579104 0.889425 0.900965 1 0.25085 0.000436962 0.453911 -0.218525 : 0
0.448651 0.580762 0.654242 0.301448 0.415238 0.433863 0.922798 0.521133 0.283135 : 0
-1 0.50836 0.525846 0.37138 0.13726 0.778825 0.270461 0.588018 0.211622 : 0
-0.270327 0.0339584 0.85459 0.429555 0.613956 0.588966 1 0.630651 0.339593 : 0.1
0.369855 -0.047593 -0.0887874 0.610657 0.627504 0.385642 0.547345 0.478742 0.136655 : 0
1 0.103478 0.653219 0.420168 0.750986 0.104586 0.245146 -0.12722 -0.443683 : 0
-0.000832453 0.470116 0.313806 0.921797 0.200129 0.703463 0.907876 0.714356 0.680863 : 0
1 0.223863 0.100548 0.468356 0.481758 1 0.714849 0.607178 -0.0210724 : 0
0.598567 0.38228 0.868111 0.34998 -0.900428 0.368213 0.328267 0.203578 0.888116 : 0.1
-0.916362 0.58378 1 0.0608165 -0.0779288 1 0.293621 0.651426 -0.199196 : 0
0.812719 0.406051 0.219926 0.634258 0.49356 0.525733 0.129224 0.541442 -0.0718778 : 0.1
0.23599 0.265722 0.59809 0.0995115 0.365646 0.549298 0.55612 0.634439 0.333107 : 0
0.445073 -0.0708546 0.593297 0.436408 0.367745 1 0.710972 0.0817783 0.32324 : 0.2
-0.0919134 0.0956271 0.691153 0.560685 -0.101607 0.717664 0.586874 0.376731 0.547486 : 0
-0.312219 -0.120581 0.539818 0.464335 -0.634297 0.856695 0.725506 0.583763 0.73298 : 0.2
-0.0956736 0.274942 0.0025935 0.641115 0.726183 0.423253 0.528023 1 1 : 0
-1 0.202555 0.257535 0.236177 0.52374 -0.267897 0.174204 -0.399766 -0.516213 : 0.1
-0.99127 0.0858101 1 0.286908 0.286 0.501319 0.0883839 0.957363 0.104448 : 0
-0.0119194 0.294219 0.508398 0.828216 0.334818 1 -0.220389 0.481996 -0.457505 : 0
0.560489 0.175575 0.664674 0.121383 0.0123825 0.901398 0.30477 0.638828 0.566881 : 0
0.284203 0.955607 0.326962 0.524728 0.585858 -0.822883 0.630368 0.0189132 0.583089 : 0
0.229869 0.504936 -1 0.937445 -0.0185538 0.141218 0.502339 0.0972641 0.516489 : 0.1
-0.190302 0.391904 0.430993 0.965243 0.633969 -0.161016 -0.39265 0.237376 0.554327 : 0.6
0.316169 0.312555 -0.189421 0.437185 0.411299 -0.0482515 0.406811 1 0.745297 : 0.2
0.553039 0.129971 -0.287417 0.832464 0.670215 0.679756 -0.17034 0.446056 0.647866 : 0.3
0.00970925 0.508508 0.868901 0.558628 0.69001 -0.503014 0.433598 1 0.776488 : 0.3
0.248441 -0.0382026 0.759661 0.42444 1 0.56401 0.460072 0.48904 0.201281 : 0
0.94978 -0.193742 0.30709 1 0.626343 0.515997 -0.354168 0.669698 0.346036 : 0
0.283261 -0.0281211 0.127446 0.236821 0.210686 0.936484 0.413297 0.292666 0.415201 : 0.3
0.289074 -0.0624369 -0.0133471 0.934646 0.229894 0.662532 0.322907 0.204095 0.387526 : 0
0.71874 0.584738 0.541348 0.469862 0.542114 -0.482283 0.614993 0.00563566 0.398775 : 0
0.369795 0.92989 -0.0358085 0.912072 0.591427 0.0735799 -0.0244008 0.287067 0.409884 : 0.1
0.118386 0.298102 -0.871118 0.261099 0.0864538 -0.377845 0.804946 0.331752 0.833799 : 0
0.771065 -0.132987 0.478439 0.755174 0.487791 0.259618 0.693712 0.59151 0.789258 : 0.4
1 0.112858 1 0.516668 0.822111 0.0710118 1 -0.138682 -0.253757 : 0
-0.484606 0.793527 0.453118 1 0.389312 0.377199 0.854855 0.251721 -1 : 0
-0.427954 0.989708 0.484265 0.328952 -0.263118 1 0.682531 0.563449 0.0468452 : 0
-0.539093 0.0274361 0.491978 0.412494 0.83387 0.774304 0.223757 -0.0690953 0.0490582 : 0
-0.728505 0.49283 -0.15075 0.347834 0.484771 0.695166 0.572355 0.729198 1 : 0
-1 0.685956 0.557069 0.376076 0.359333 -0.207464 0.648975 0.633197 0.408125 : 0.1
0.0291429 -0.254428 0.226261 1 0.131673 0.512823 1 0.554217 0.31282 : 0
1 0.75908 0.705214 0.811622 0.637774 0.533919 0.285063 1 0.783885 : 0
-0.0450138 0.486945 0.839246 0.46869 0.887024 0.564597 0.357352 0.317419 -0.675778 : 0.6
0.428456 0.262992 0.524509 0.079998 0.541072 1 1 0.474591 0.548722 : 0
1 0.200552 0.299193 0.516648 0.70875 0.960049 0.12455 0.549226 0.843833 : 0
-0.0940002 0.734273 0.939819 0.259088 0.341211 0.310104 0.115863 0.526811 0.159937 : 0.2
0.440319 0.240649 0.150431 -0.118089 -0.365965 0.810005 0.294652 0.806105 0.388972 : 0.4
-0.104591 -0.488273 0.422569 0.92263 0.719829 0.599689 -0.326319 1 -0.0647474 : 0.1
0.135265 0.670382 0.363196 0.170384 1 1 0.849355 0.975874 0.291011 : 0.4
0.274512 0.747746 0.495914 0.590544 0.363756 -0.104419 1 0.669139 -0.508047 : 0.1
0.496939 0.849304 0.300868 0.475742 0.27162 0.491191 0.723876 0.884824 0.308987 : 0
0.545786 0.397184 0.539093 0.78345 0.51834 0.588835 0.141194 0.532806 0.172016 : 0
0.601644 0.31691 0.697215 0.404223 0.393822 0.634807 0.718381 0.948816 0.548633 : 0.1
0.981921 0.719388 0.0750131 0.43028 0.639549 0.567087 0.498386 0.7562 0.111789 : 0
0.451577 0.46957 -0.0947635 1 0.292937 0.390593 1 0.774539 -0.427397 : 0
0.344373 0.240405 0.967452 0.466612 0.419935 0.767661 -0.0478057 0.367336 -0.201089 : 0.5
0.322415 0.00189063 0.561288 0.80903 0.826979 0.792269 0.803172 0.491573 0.16652 : 0
0.694886 -0.178937 0.578535 0.359819 0.236631 -1 0.535822 0.569572 0.402471 : 0.1
0.419199 0.356211 0.918001 0.282745 0.574277 0.380511 0.34876 0.994624 0.56372 : 0
0.893368 0.361231 0.169732 -0.29346 0.884556 -0.0721911 0.419982 0.819513 0.182887 : 0
0.73094 -0.661996 0.124507 0.327809 0.392514 0.586437 0.756491 0.490504 1 : 0
0.570613 0.810567 0.788634 0.217686 0.275145 0.19256 0.330106 0.41916 0.124153 : 0
1 0.45395 1 0.455382 0.286297 0.754417 0.437385 0.402059 0.526868 : 0
-0.151091 -0.197975 0.567167 0.764533 0.640601 0.618431 1 0.0409803 0.508813 : 0
0.63852 0.210794 0.378936 1 0.473568 0.474363 0.584714 0.499404 0.246046 : 0
0.676951 0.0568867 0.0297808 0.839825 0.596193 0.686101 0.380381 0.238865 0.604918 : 0
-0.678407 0.557569 0.255201 0.895234 0.626377 0.0979116 -0.0128833 -0.60679 1 : 0.2
0.248534 0.947512 0.374411 0.404089 0.881081 0.881897 0.770921 0.447805 -0.550107 : 0.1
1 0.232962 0.834369 0.515947 0.838499 0.767692 0.583287 0.37664 -0.910706 : 0
0.873593 1 0.872098 0.500954 0.13962 0.222452 -0.0874332 0.783588 0.598467 : 0
0.262898 0.228933 1 0.868073 0.273783 0.791463 0.614831 0.576089 0.303683 : 0
0.0341084 0.0336769 0.712468 -0.28968 0.493929 0.7152 0.795659 0.808349 0.752758 : 0.2
-0.368943 0.250424 0.540529 0.340162 0.529372 0.914431 0.713167 0.285409 -0.795146 : 0
-0.0724745 0.725104 0.204683 0.469815 0.228452 0.131489 0.377442 0.739703 0.872685 : 0
0.959334 0.112212 0.298276 0.418914 -0.0573157 0.170013 0.483728 -0.420551 -0.753586 : 0
0.428911 0.140948 1 0.607013 0.161371 1 0.589446 -0.2885 -0.47046 : 0
-0.149376 1 0.937445 0.59035 0.921809 0.0704586 -0.935888 0.757514 0.542661 : 0.3
0.953654 0.290368 -0.202798 0.223787 0.28177 0.227832 1 0.764348 1 : 0
0.112197 -0.353339 -0.224412 0.721967 0.672697 0.799866 0.743606 0.424599 0.58134 : 0
0.39025 0.218395 0.0443539 0.163492 0.483243 0.928524 -0.527082 0.166168 1 : 0.1
0.448626 0.112852 1 0.515262 0.918853 0.614802 0.603635 0.901482 0.811544 : 0
0.4354 -0.00131197 0.256654 0.603913 0.938912 0.902062 0.267869 0.687536 0.836824 : 0
0.507436 0.382913 1 0.458351 0.918165 1 0.104715 0.629179 0.352647 : 0
-0.02248 0.418011 1 0.617155 0.718125 0.119096 1 -0.134167 0.490232 : 0
0.282274 -0.0503457 0.734393 0.827205 0.464598 0.787615 0.541647 -0.15691 0.66967 : 0.1
-1 0.207748 0.301698 0.297324 0.501809 -0.0971412 0.366174 0.565548 -0.0459227 : 0.5
0.473659 0.23591 0.835075 0.322834 0.153385 0.309293 -1 0.930523 1 : 0
0.246725 0.339847 0.977814 0.366005 0.413406 0.62134 0.99968 0.351376 0.242676 : 0
0.828004 -0.0236608 0.258335 0.866242 0.32783 1 0.632639 0.11088 -0.478814 : 0
0.47375 0.357806 0.868389 0.897637 0.54906 -0.114873 0.156254 0.363667 -0.208716 : 0
0.211447 0.399476 0.883511 0.640462 0.142214 -0.0579016 0.859254 0.180046 1 : 0
0.328578 -0.307803 0.478035 0.594621 0.726482 -0.027059 -0.252678 0.0833437 -0.408045 : 0
0.236004 0.409865 -0.426672 1 0.688679 0.630211 0.696635 0.58635 0.246736 : 0
0.960957 0.0343794 -0.0386888 0.357959 0.739162 0.172601 0.194836 0.487732 0.769981 : 0
0.271305 0.125929 -0.338282 1 0.469405 0.890182 0.359724 1 -0.344898 : 0.4
0.143402 0.132537 0.544025 0.172744 0.917166 0.545707 0.69934 0.992947 -0.998271 : 0
0.202544 0.240648 0.68237 0.834556 0.456417 -0.0370466 0.358132 0.449668 1 : 0
-0.151779 0.764323 -0.12223 0.72935 0.386465 0.939084 0.463351 0.58659 -0.0688798 : 0.3
0.423285 -0.00688314 0.804419 0.595829 0.504627 0.134925 0.588177 0.823678 1 : 0.1
0.187305 0.293018 0.858417 0.498111 0.409262 0.301325 -0.398431 0.615776 0.754206 : 0.7
0.121388 0.759575 0.79417 0.563174 0.485891 0.862523 0.245797 0.414563 0.848903 : 0.5
0.400353 0.420864 0.232076 0.893053 0.345283 1 0.841115 0.882021 0.685931 : 0.2
0.831236 -0.535915 0.105339 0.253623 0.54517 0.249396 0.196826 0.185581 -0.193707 : 0.4
-0.0652746 -0.128197 -0.00530946 0.802473 0.260146 0.733729 0.197461 0.564993 0.98597 : 0.3
0.81564 0.145921 -0.0607735 0.632462 0.9241 0.787039 0.146851 0.0195549 0.598483 : 0
0.16304 0.208519 0.453593 0.330958 0.552978 0.749272 0.390201 1 0.68395 : 0
-1 0.134655 0.181224 0.30651 0.443714 0.0163216 -0.772597 0.956703 0.60322 : 0
0.818444 0.386629 1 1 0.413416 0.956922 0.564898 -0.0328417 0.285747 : 0.7
0.0929072 0.30137 -0.570523 0.600505 0.216487 0.100893 0.254391 0.132724 0.67986 : 0
-0.325913 0.3306 0.272118 0.128085 0.257775 -0.0827791 0.425644 0.545855 0.374168 : 0
0.366716 1 0.871742 0.0548995 0.516549 0.417781 -1 0.68992 0.789649 : 0
0.226679 0.0689657 -0.0895166 0.50377 0.503465 -1 0.0915072 0.340171 -0.126114 : 0
-0.230898 0.172123 0.494424 0.743119 0.460727 0.332076 -0.195051 0.572648 0.498215 : 0
0.678138 1 0.867931 0.339774 0.0944364 0.0225222 -0.0924925 1 0.728974 : 0.5
-0.0989302 0.33067 0.353655 0.92757 1 -0.180959 0.345533 -0.875308 -0.492345 : 0.1
-0.130504 -0.859561 0.951593 0.61865 0.190274 1 0.44364 0.227454 0.833798 : 0
1 0.807133 0.658318 1 0.0928899 0.72033 0.820957 0.532188 -1 : 0.3
-0.144526 0.244976 -0.0354964 0.80187 0.292993 0.645899 0.372779 0.564853 0.488756 : 0
0.616273 0.515477 -0.486415 -0.107785 0.720914 0.673536 -0.205883 0.774582 1 : 0.1
0.910234 0.770596 0.129872 0.634474 0.450189 0.127026 1 0.270518 0.445025 : 0
0.309292 -0.14593 0.765869 0.206166 0.398934 -0.423702 -0.0866434 0.336191 -0.0098899 : 0.3
0.384543 -0.486143 0.334495 0.589043 0.443522 0.577148 0.559794 0.342601 -0.0305189 : 0.1
0.311164 -0.126486 0.291952 0.6371 0.49451 0.543403 0.673141 -0.0469535 0.878779 : 0.3
0.76012 0.267226 0.412313 0.721202 1 0.420162 -0.521151 0.59126 0.718619 : 0.2
0.0105934 0.417568 -0.425891 0.778406 0.272443 0.787166 0.0577651 0.0538428 -0.305844 : 0
1 0.106385 0.60789 0.357344 0.466795 0.927339 0.565743 0.902459 -0.585807 : 0.2
0.29325 -0.506822 0.872215 -0.221029 -0.261219 0.79549 0.671934 0.542686 0.0978639 : 0
0.321342 0.224415 0.0764654 0.776731 0.187309 0.162379 0.358769 1 -0.711552 : 0.1
-0.499421 0.559194 0.626911 0.776046 0.736587 0.109166 0.0618978 0.713576 0.553872 : 0
0.991516 0.853953 0.661353 0.851123 1 0.45955 -0.160847 -0.129284 0.784913 : 0.1
0.773478 0.366912 -0.138589 0.0226081 0.969946 0.630929 -0.0408438 -0.479323 0.724734 : 0.2
0.313767 -0.0725382 -0.0495692 0.395009 0.647664 0.460235 -0.125823 1 0.463725 : 0
-0.868619 0.446043 0.646086 0.598325 0.894475 0.0985159 0.346902 0.543351 0.560756 : 0.3
0.0116884 0.322311 0.643439 0.550786 0.367146 0.64615 0.502015 0.45932 -1 : 0
0.447593 0.451355 0.327683 0.497887 -0.331788 0.850682 0.444475 0.735013 -0.274415 : 0
0.679345 0.419781 -0.0503267 0.466424 -0.0179501 0.856957 0.482944 1 -0.294721 : 0.1
0.246786 1 1 0.501686 0.0274139 0.112083 0.179487 0.528941 0.763728 : 0
0.343596 0.825532 1 0.400843 -0.342622 0.613539 0.667545 0.859252 0.371117 : 0.4
-0.477666 -0.246545 0.456023 0.151788 0.451691 0.572357 0.631783 0.511149 -0.546055 : 0
0.025946 0.303767 0.298983 0.216928 0.604709 0.981416 0.784974 0.635702 0.190322 : 0
0.834103 0.365025 0.853727 0.718305 -0.246988 0.879184 0.556987 0.53527 0.487961 : 0.1
0.841811 0.16037 -0.051024 -0.0415993 0.588615 0.913442 0.656605 0.285483 1 : 0.1
0.478807 0.0806037 0.747731 0.872293 0.333561 1 -0.360889 0.471636 0.129811 : 0
-0.0249984 0.478295 0.362657 -0.342203 0.562497 0.865609 0.566176 0.158048 0.0441976 : 0
0.0659629 0.790404 0.910681 0.266948 0.734645 0.900168 0.258632 0.79146 0.487459 : 0
0.626059 0.056202 -0.0951525 0.658579 0.316823 0.625804 1 0.089487 -0.922412 : 0
0.150125 0.0498464 0.804094 0.224693 1 0.787765 0.277218 0.297172 0.364086 : 0
0.852727 0.133848 0.526369 -0.968745 0.597738 -0.647342 0.539245 0.0435883 1 : 0.1
-0.0525311 0.261596 0.382067 0.268609 0.717578 0.871447 0.457143 0.504249 0.90988 : 0.1
0.341617 -0.0490133 -0.306339 0.0988241 0.438214 1 -0.149696 0.384787 0.298075 : 0.2
-0.0168425 -0.112965 0.884714 0.510395 0.456882 0.76839 1 0.0649444 0.283157 : 0.1
0.891124 -0.0647628 0.444288 0.283185 0.906452 -0.243453 0.121053 0.848169 0.600116 : 0
-0.378156 0.518925 0.664682 0.169523 0.575892 0.693098 1 0.416461 0.87939 : 0
0.5897 0.315606 0.774077 0.502111 0.445923 0.909881 0.987967 0.483693 0.70729 : 0
-0.26202 0.424872 1 0.590294 0.396013 0.620934 0.393811 0.25694 0.738505 : 0.5
0.261494 -0.598784 0.335875 0.443163 0.651661 0.753092 0.269202 0.715081 -1 : 0
-0.541417 0.898017 0.679545 0.456007 0.195291 -0.0168924 0.584728 0.54842 0.258117 : 0
-1 0.482224 0.280997 0.375589 0.54342 0.295567 0.242512 0.373399 -0.0281869 : 0
0.233445 0.333555 0.227831 0.387156 0.289964 -0.722391 -0.100794 0.544969 0.489335 : 0.2
0.724123 0.287413 0.819011 0.408945 0.417385 0.222983 0.11843 0.525545 -0.0842697 : 0
0.748056 0.0904612 0.257486 0.347273 -0.668183 -0.748091 0.474449 0.485121 0.497255 : 0
-0.407082 0.34067 1 0.526918 0.493104 0.503002 0.376264 0.269978 0.594197 : 0
0.556187 0.283946 0.831957 1 0.45893 0.626159 0.296479 0.334956 0.355421 : 0
-0.391982 1 0.282823 0.197495 0.668257 0.217358 0.356587 0.994725 0.514393 : 0.1
0.36028 0.159763 0.547324 0.965726 0.262939 0.582449 0.505414 0.55363 0.883481 : 0
0.397485 0.137755 0.869929 0.227946 0.69029 0.0848484 0.730941 0.467449 0.897897 : 0.2
1 0.74747 0.229175 0.136925 0.433909 0.505041 0.210211 1 0.151981 : 0
0.946237 0.318835 1 0.821694 0.561223 0.59405 0.0531133 0.455508 -0.409429 : 0
0.318765 0.533625 0.516046 0.266469 -0.0687284 0.700437 -0.508646 0.142527 0.527146 : 0.2
0.33362 0.0025143 0.427947 0.491669 0.121133 0.72108 0.563206 -1 -0.538302 : 0.1
0.120589 1 0.317586 0.0874062 0.38262 0.426525 0.757788 0.79969 -0.0915662 : 0
-0.287127 0.468011 -1 0.410518 0.935465 -0.516995 0.775459 0.6111 0.57164 : 0.1
-0.0521858 0.955652 0.256742 0.876173 0.395045 0.126912 0.288828 -0.438738 0.294913 : 0
0.530246 0.428372 0.911557 0.532842 0.41714 0.466565 0.336739 0.455929 -0.540145 : 0
-0.102069 -0.536177 1 0.542869 0.194931 0.24307 1 0.529572 0.890315 : 0.2
-0.037875 0.136152 -0.701644 0.510916 0.532694 0.770774 0.778376 0.37754 -0.371975 : 0
0.10725 0.281039 0.346436 0.51691 1 -0.165852 -0.669376 0.0369344 0.0470812 : 0
0.148118 0.820294 0.81445 0.563121 0.200156 1 0.318458 0.390705 -0.162267 : 0
0.405584 0.836484 0.825985 0.186902 0.355418 0.243214 0.410219 0.107061 0.904166 : 0
0.058943 0.341115 0.461759 0.757554 0.323007 0.73063 0.431214 0.0675372 0.69493 : 0
-0.0828709 0.0128551 0.109344 0.102607 -0.188737 0.733869 1 0.9753 1 : 0.5
0.716709 0.283636 0.214861 0.567139 0.0750973 0.151209 0.791407 0.174965 0.133061 : 0.1
-0.255528 0.0202009 0.221877 0.251273 0.380288 0.695134 -0.541825 0.314613 0.340791 : 0.4
1 0.612068 0.693186 0.660613 0.222425 0.196627 0.307929 0.166958 0.629879 : 0
0.168246 1 0.255868 0.282647 0.0691472 0.863766 0.548025 -0.233653 0.251083 : 0.2
0.353988 0.214036 0.508618 0.719638 0.650746 -0.422498 0.157451 -0.408655 0.050858 : 0
-0.15929 0.586496 -0.0619662 0.546283 0.592498 0.0226142 0.572822 1 0.119016 : 0.3
0.208116 0.0717478 0.698893 0.826972 0.398676 0.312838 0.56229 0.735734 0.521083 : 0.1
0.307787 0.590221 1 0.499755 0.93927 0.340194 0.158238 0.464051 -0.187334 : 0
0.0980024 -0.055524 0.635682 0.728072 0.33217 -0.0536856 0.380006 0.548777 0.358272 : 0.1
0.568025 0.585076 0.174066 0.410111 0.528059 0.422269 -0.255423 0.586041 -0.0728432 : 0.1
0.199009 0.174621 0.653269 0.496497 0.600443 0.109739 -0.413584 0.37138 -1 : 0.3
1 0.00760379 0.495611 0.753385 0.447387 0.322287 0.0437082 0.93489 0.107253 : 0
-0.265628 0.28262 0.067331 1 0.815001 0.550144 -0.125751 0.373194 0.14777 : 0
0.415788 0.193459 0.139998 0.487234 0.282022 0.835846 0.643528 0.93993 0.389607 : 0
0.473089 0.4397 0.693022 0.152289 1 0.154744 0.404365 0.544817 0.594886 : 0.1
0.488593 1 0.822769 0.535811 0.66201 -0.0787642 0.450388 0.391928 0.382231 : 0.4
0.852234 -0.175074 0.693587 0.342818 0.608148 0.899378 0.198492 0.332149 0.876119 : 0.1
0.39173 0.0592372 0.475848 0.140625 0.454585 0.965868 0.622952 0.061081 -0.278207 : 0
1 0.0111184 0.942415 -0.512021 0.0987133 0.677952 0.669764 0.546926 0.581728 : 0
0.172137 -0.121571 0.826299 0.25765 0.266685 0.0940668 0.158115 0.252289 0.248645 : 0
0.00291079 0.220755 0.616286 0.282614 0.23353 0.880541 -0.328934 0.414837 0.960479 : 0.2
1 -0.356061 0.407146 0.205914 -0.355643 0.3927 0.741359 0.192775 0.000653457 : 0
0.842491 0.829751 0.648367 0.65909 -0.144162 1 1 0.591471 1 : 0
0.311527 -0.156669 0.753854 -0.20414 0.576942 1 -0.889723 0.814648 1 : 0.1
-0.306047 0.121509 0.377843 0.130278 0.786865 1 1 0.457861 0.120884 : 0.2
1 0.45123 0.603722 0.878323 -0.338388 1 -0.115193 1 0.528333 : 0.1
0.596349 0.544657 0.354231 -0.33233 1 0.651862 0.0516601 0.262615 -0.752298 : 0.1
0.375117 0.319951 0.703618 0.773642 0.259828 0.679439 0.483118 0.347681 0.450589 : 0
-0.0149927 0.937434 0.425565 0.407054 0.963559 0.551085 0.840614 0.889676 0.232346 : 0
0.482451 0.972664 0.205302 0.502726 -0.537181 -0.604271 0.72622 -0.0260981 0.641377 : 0
1 0.284172 0.436429 0.718741 0.448925 -0.241225 -0.190224 0.593378 -0.837171 : 0.9
-1 0.349953 0.491357 0.510536 0.0489847 0.128895 0.376536 0.41394 0.115098 : 0.1
-0.21031 0.361699 0.934272 0.234966 0.15519 0.21638 0.5858 0.840093 0.113296 : 0
-0.524723 -0.0541536 0.534837 0.417676 1 0.845407 0.138056 0.410394 0.531902 : 0
0.689744 0.283584 0.0966041 0.409498 0.305129 0.785964 0.244459 0.104826 0.511731 : 0
0.7418 0.0669241 1 1 0.762076 0.250619 0.28471 0.522446 0.274654 : 0
-0.399578 0.28892 -0.748549 1 0.725783 1 0.0557433 -0.0534158 0.492527 : 0.5
0.109167 0.576841 0.219116 1 0.312388 0.731519 0.321766 0.277392 0.0104942 : 0.3
0.20514 0.0921563 0.63572 1 0.843664 0.529654 0.651124 0.854332 0.417519 : 0.3
0.444718 0.221687 0.891286 0.548468 -0.0899911 0.887028 0.563826 0.642956 0.218546 : 0.1
0.330108 0.264624 0.886412 1 0.686599 0.389547 0.680243 -0.0182742 -0.0480508 : 0.1
0.415757 0.5966 0.465681 0.721569 0.398977 0.68246 0.722471 0.0901638 1 : 0.5
0.371113 0.481648 0.128269 0.636611 0.244446 0.710096 0.75567 -0.0487953 0.677432 : 0.2
-0.403671 0.246304 0.982375 0.958682 0.446568 -0.105705 -0.364192 0.0544799 0.164668 : 0
0.563946 -0.0257309 0.85019 -0.296914 0.323452 0.665592 -0.0483223 0.567002 -0.241902 : 0
0.410813 0.0214044 0.600739 0.131774 0.746751 0.708863 0.622525 0.27914 0.443393 : 0.4
-0.531772 0.528047 1 0.605408 0.027771 0.302132 0.4289 0.586498 0.229536 : 0.1
1 0.0862056 0.370522 0.352182 0.607933 0.487587 0.299506 0.620216 0.0401356 : 0.3
0.319218 0.260816 0.421298 -0.340647 0.368756 -0.247059 0.406278 0.5627 -1 : 0.1
0.477836 -0.111329 0.561897 0.152772 0.833734 0.443459 0.5778 0.775842 0.109435 : 0
-0.424724 0.51693 0.66433 0.287912 0.558393 0.643852 0.0221106 0.754117 0.747998 : 0
-0.941702 0.178076 0.494798 0.647096 0.573169 0.12048 0.0311479 0.737636 -0.426379 : 0.5
-0.217208 0.596033 0.382661 0.583377 0.982105 0.178275 0.629119 0.810861 0.652847 : 0
0.0216218 0.15077 0.205638 0.485436 0.139187 0.872845 0.755769 0.393658 -0.439853 : 0
-1 0.151524 0.484683 1 0.972198 0.00588286 1 0.971565 0.594169 : 0.2
0.409513 -0.642971 0.937955 0.691223 -0.367172 0.534921 0.857769 0.795618 0.944936 : 0
0.106182 0.278942 -1 0.368465 0.897213 -0.265509 0.517085 1 -0.0574783 : 0.1
-0.254508 0.296521 0.4589 0.982039 0.285984 0.642175 0.336293 0.163891 0.147553 : 0.1
0.483306 1 0.597906 -0.337876 0.517117 0.600946 1 0.389716 -0.559834 : 0
0.636259 0.261893 0.326886 1 0.738403 0.602208 -0.342553 0.322035 0.74064 : 0.1
0.296681 0.314088 -0.221531 0.626845 -0.399668 0.532649 0.378407 0.23228 0.101031 : 0.1
0.253853 0.425548 1 0.821984 -1 0.637302 0.678041 1 0.945638 : 0.4
0.954362 0.138154 1 0.475359 0.21614 0.642176 0.526536 0.431515 -0.371733 : 0.2
-0.0198631 -0.119878 0.795999 0.650709 0.643589 0.674999 1 0.314737 0.906748 : 0
0.370107 0.0978345 -1 0.648845 0.764972 -0.320092 -0.417323 0.420671 0.419466 : 0.2
0.38879 0.214197 0.363148 0.534175 0.43417 1 -0.0638139 0.611246 0.616298 : 0
-0.294543 0.29773 0.68398 0.265768 0.441295 0.185179 0.489932 0.424095 -0.345949 : 0.5
0.103061 -0.247002 0.722104 -0.064407 0.548901 -0.726649 0.0341818 1 0.289716 : 0.5
-0.059832 0.762859 0.291155 0.0763432 0.241234 0.708012 0.34397 1 0.641882 : 0
1 -0.365904 0.198213 0.618499 1 0.526356 0.41102 0.792642 0.178178 : 0
0.240204 0.334178 0.109213 0.463796 0.0589772 0.363539 0.887824 0.365193 0.160911 : 0
0.802659 0.24819 -0.035548 0.300052 0.481209 0.777706 0.454373 0.487723 0.417096 : 0
-0.347323 0.738643 1 0.965737 0.172616 0.609188 -0.217677 0.939554 1 : 0
0.368158 0.106717 0.967699 0.43538 0.520603 -0.0962343 0.923576 0.422139 0.989693 : 0.3
-0.367234 0.273435 0.276781 -0.782128 -0.122553 1 0.269336 0.0104381 0.732195 : 0.3
-0.384111 0.509278 0.607114 0.456821 0.3203 -0.0195226 -0.204027 1 -0.36945 : 0.1
0.144948 0.234445 0.873613 0.570149 0.303434 0.540166 0.0430795 0.757576 -0.0204226 : 0.1
0.725661 0.383442 0.843225 0.636574 0.795484 0.896597 0.330302 -0.111252 -0.492763 : 0
1 0.219271 -0.173561 0.743157 0.198318 0.737145 0.458743 0.355121 0.229067 : 0
0.655473 -0.0683401 0.844157 0.292364 0.169137 0.765664 1 0.388017 1 : 0
0.771394 0.646256 0.423716 0.894502 0.301139 0.140109 0.893075 0.533393 -0.891342 : 0.1
0.74441 0.198894 0.967459 -0.119035 0.190885 0.712846 -0.00183702 0.249243 0.365778 : 0.3
-0.54158 1 0.941087 0.385078 0.136466 0.775118 0.150581 0.912572 -0.169377 : 0.4
0.363361 0.0297111 0.767476 0.257555 0.586388 -0.142827 0.128532 0.892259 0.0382421 : 0.4
0.256404 0.718058 0.719407 0.19401 0.976647 0.860974 0.650279 0.423531 -1 : 0.8
-0.241234 0.193083 0.715668 0.809328 -0.611364 -0.0595679 -0.180361 0.508462 0.898818 : 0
0.159256 -0.0731656 0.468108 0.719039 0.780002 -0.28756 0.249392 0.706408 0.686759 : 0
0.0174147 0.513379 0.151524 0.329223 0.352506 -0.282188 0.850161 0.360337 0.544069 : 0
0.697391 0.58295 0.393533 0.681677 0.665804 0.339749 0.207385 0.757676 0.294949 : 0
1 -0.0872422 0.697732 0.47416 0.565366 0.401973 0.225131 0.875637 1 : 0
-1 0.81423 0.600209 0.656519 0.880813 0.395925 1 0.606513 0.31431 : 0
0.388481 -0.0827355 0.371633 0.691292 0.426109 -0.32725 -0.663261 0.248694 0.469032 : 0
1 0.308289 -0.219089 0.736448 1 -0.0184762 0.800827 0.476974 0.666862 : 0.6
0.224306 0.569576 0.962607 0.575491 0.216267 0.541276 0.740874 0.282263 -1 : 0.1
0.467925 -0.116735 0.701949 -0.0302885 0.741819 0.00715351 0.0803763 0.200531 -0.729848 : 0
0.414657 0.0851108 0.382886 0.380325 0.6711 0.717092 0.424611 0.0389399 0.14945 : 0
0.917183 0.332286 -0.527593 0.702679 0.946066 0.169452 -0.510971 0.817661 0.366082 : 0
-0.0336071 0.270046 0.416888 0.532197 -0.279796 0.782707 0.270355 0.257316 1 : 0
0.503628 0.211448 0.588417 0.594879 0.720118 0.525681 0.503839 0.611829 1 : 0.3
0.850538 0.298432 0.256848 0.237442 0.47872 -0.414494 -0.0960389 0.354816 0.522167 : 0
0.944618 0.201374 0.0584565 0.156498 0.154573 0.83177 0.0765157 0.303069 0.329918 : 0
0.206836 0.531846 0.156854 0.715507 0.348642 0.147588 0.736329 0.354646 1 : 0
0.00974739 0.532074 0.384513 0.335239 0.582048 -0.37171 -1 1 0.749581 : 0
0.428304 0.202465 -0.146033 0.780812 0.645693 0.791411 1 0.331773 0.930575 : 0
0.148172 0.271447 0.320902 0.862644 0.331431 0.0141862 0.178495 0.540074 0.00671351 : 0
-0.214279 0.24892 0.75388 0.497805 0.622737 0.492018 0.649209 0.90248 0.78697 : 0
0.0408915 0.41341 0.103098 -0.292359 0.400657 0.322349 0.724181 0.457862 0.828125 : 0
0.605949 0.0264303 -0.0624243 -0.0878468 0.830756 0.980648 0.136888 0.871259 0.439808 : 0.3
0.278088 1 0.982487 1 0.0242629 0.778118 0.090929 0.619842 0.914434 : 0
0.477194 -0.125882 0.604857 0.139826 0.724842 0.399426 0.427578 0.0489393 0.472754 : 0
0.162319 0.214289 0.880116 0.192727 0.651997 -0.0820076 -0.775828 0.552381 0.208346 : 0
0.613045 0.442188 0.291341 0.39205 0.25434 -0.278182 0.870282 0.241893 0.456096 : 0
0.7728 1 0.483235 -0.857296 0.918437 0.317275 -0.304219 0.488174 0.944174 : 0
0.91382 0.881829 0.771639 0.0106429 0.393651 0.760902 0.685129 0.394865 1 : 0
-0.340403 0.345458 0.868206 -0.206811 0.38431 0.838821 0.514045 0.659622 0.70479 : 0
-0.0988409 0.418849 0.94604 0.161412 0.403477 -0.183787 -0.0877746 -0.855535 0.819341 : 0.3
0.593384 -0.298939 0.652688 1 0.354963 0.317783 0.242315 0.535227 0.0960744 : 0
0.317585 0.179865 0.742359 -0.00565179 0.811101 0.734264 -0.509877 0.426214 0.685505 : 0
-0.926057 0.24079 0.892588 0.52362 0.722298 0.488306 0.366723 0.560436 -0.41945 : 0.1
-0.061763 -0.00126985 0.697639 0.244534 0.540743 0.592454 0.0637836 0.680351 0.407888 : 0
0.627158 0.160292 0.730639 0.524066 0.485498 0.270308 -0.0450994 0.286802 0.215168 : 0.2
1 0.0900806 -0.454545 0.399786 0.604549 0.672719 0.799459 0.372809 0.522666 : 0.3
0.76697 0.510913 0.162152 0.0647628 -0.107476 0.590203 0.409738 0.560334 -0.592495 : 0
0.141093 -0.164259 0.562647 0.595268 0.270374 0.0116559 0.98895 0.89372 -0.362319 : 0
0.211391 0.168412 0.33283 0.65379 0.876109 0.993764 0.472482 0.192189 0.168895 : 0
0.183986 0.562272 0.364087 1 0.405093 -0.710647 0.942629 0.311646 0.370732 : 0
0.367696 0.363591 0.037725 -1 0.814999 0.621 0.374585 0.332018 0.0697368 : 0.1
0.338185 0.350661 0.391812 -0.148718 0.972746 0.82563 0.286309 0.996841 -1 : 0.4
-0.274327 0.290721 -0.848826 0.39599 0.0443747 0.529364 0.0146774 0.573552 0.51027 : 0.3
0.266958 0.547921 0.407916 0.807648 0.365221 0.41004 0.656477 0.978978 -0.051288 : 0
0.763228 0.565318 -0.00943422 0.588279 0.426398 0.28566 0.379318 -0.139795 1 : 0.1
-0.411973 0.363151 -0.488421 0.738296 0.337064 0.822623 -0.181471 0.400446 0.506934 : 0.3
0.316995 0.402875 0.922131 0.531008 0.742757 0.56188 0.107073 0.44337 0.297266 : 0
0.429927 0.739605 0.344221 0.4401 0.783925 0.0576554 -0.0292758 0.678573 0.629185 : 0
0.697691 0.209339 -0.497727 0.777048 0.311799 0.683771 1 0.0913095 0.828224 : 0
0.206637 0.462025 0.277762 1 0.431717 0.665458 -0.362554 1 0.372213 : 0.5
1 -0.0325498 0.918663 0.724686 0.238924 0.155569 -1 0.431971 0.142855 : 0
0.303717 0.394727 0.380769 0.203192 0.475561 0.701525 0.212431 0.157645 -1 : 0
0.301303 0.417652 0.399391 0.247542 0.297758 0.317342 0.329417 -0.0461777 0.559466 : 0.1
0.365128 -0.0305776 0.751554 0.66987 0.755577 0.294974 0.481274 0.442964 1 : 0.3
0.463942 0.329561 0.112804 0.489001 0.138305 0.185272 0.644149 0.819443 0.363846 : 0.9
0.150926 1 0.168273 -0.573219 0.347703 0.623363 0.723847 0.794293 -0.277323 : 0
-0.504252 0.630566 0.669713 0.63138 0.276995 0.385944 1 0.294843 0.378943 : 0
0.402655 0.23172 1 -0.839794 1 0.319058 0.427162 0.46406 0.176224 : 0
0.879329 0.763733 1 0.492159 0.863306 0.867585 -0.0587829 0.0358417 -0.877447 : 0.1
0.44338 0.409524 0.463517 0.0260305 0.283846 0.218879 0.421267 -0.137001 0.967324 : 0
0.048772 0.33901 0.348394 0.13834 0.319385 0.798863 -0.436348 0.674911 0.910147 : 0
1 0.290287 0.224408 0.756768 0.662139 0.77052 0.699445 0.415392 0.285613 : 0
0.103272 -0.00465831 0.627773 -0.113283 0.606063 0.879556 -0.0573819 0.46496 0.233203 : 0.4
0.637401 0.143649 -0.0727119 0.597384 0.604763 0.632955 -0.474832 0.200784 0.708713 : 0.2
-0.276579 0.318312 0.220729 -0.496507 0.110165 0.771419 0.186156 0.56894 -0.0955586 : 0.3
0.0693711 0.240915 0.593748 0.309494 0.921186 0.589478 0.40448 0.338667 -0.951878 : 0.1
-0.0403971 0.257622 0.998817 0.537577 0.564878 0.9833 1 0.368072 0.345424 : 0.1
0.29372 0.688381 -0.246196 0.51776 0.467565 -1 0.290263 0.012361 0.120273 : 0.4
0.800587 0.0891486 0.564877 0.517222 1 0.665619 0.472612 1 -1 : 0
-0.142965 -0.0613725 0.512068 0.443213 1 -0.359493 0.0313488 0.198989 0.424214 : 0.4
1 0.00650015 0.896157 1 0.524461 1 0.141309 -0.105641 -0.324417 : 0
0.828827 0.149058 0.71963 0.705069 0.540134 0.606386 0.334665 0.410113 -0.673938 : 0
-0.244959 0.012833 0.711908 0.554669 1 1 -0.348189 0.83878 -0.260239 : 0
1 -0.0741599 -0.276338 0.289846 0.677321 0.716782 1 0.923351 0.716043 : 0
-0.28508 0.339014 0.684972 0.532583 0.881297 0.197887 0.415389 0.658388 0.52966 : 0
0.303907 -0.142819 0.700717 0.99776 0.500534 0.143767 0.546318 0.570835 -0.00484656 : 0
-1 0.678722 -0.0947688 0.477436 1 0.460979 0.39917 0.404779 0.140474 : 0.1
1 0.453124 0.44833 0.453952 0.531686 -1 0.499552 0.69295 0.136231 : 0.4
-0.637618 0.620912 0.442885 0.52711 0.293763 0.513765 0.306929 0.890657 0.58571 : 0
0.875261 0.506408 0.422348 1 0.0408677 0.244409 0.487563 0.547119 -0.709789 : 0
0.207263 0.443164 0.397322 -0.366875 0.417918 0.531041 1 -0.334185 0.608767 : 0.1
0.767338 -0.124168 0.599204 0.302998 0.210082 0.909761 -0.41646 0.731269 0.463833 : 0
1 0.310111 0.534981 0.113209 0.575178 0.547402 0.340429 0.331495 -0.0416743 : 0
0.29622 -0.964568 0.651286 0.314662 0.861395 0.585992 0.00819912 0.383041 0.650487 : 0
0.6887 0.269633 0.32185 0.343753 0.473604 0.994382 0.523053 0.247386 0.476908 : 0.1
0.44232 0.480139 0.489167 0.156963 0.529525 -1 0.486045 -0.3626 0.816507 : 0
0.930139 0.395492 -0.28425 0.539437 1 0.102685 -1 0.307882 -0.118111 : 0.3
-1 0.0416325 0.578086 0.802403 0.702443 0.111775 0.0765761 0.340517 0.335536 : 0
0.619953 0.506733 0.12022 0.254856 0.425777 0.588935 -0.578938 0.287537 0.357637 : 0
0.0535198 0.655408 -0.268995 0.629434 0.21384 0.946924 0.609286 0.988212 0.938195 : 0.1
0.270187 0.470496 0.579228 -0.404964 0.445208 0.401911 0.540301 -0.0241506 -0.0697313 : 0
-0.00219503 -0.0329271 0.718582 0.41717 0.0328803 0.255375 0.461291 0.260448 0.993001 : 0
0.612872 -0.356991 0.580364 0.101934 1 0.646011 0.424512 0.27642 -0.0866663 : 0.4
0.605604 0.817418 0.517181 -0.0643145 1 0.461081 0.49558 -0.156212 0.200991 : 0.3
-0.791486 0.463989 0.255091 0.947328 0.294383 0.428522 1 1 0.717318 : 0
0.15154 0.566907 0.169562 0.470633 1 -0.113406 -0.813294 -0.631098 -0.482611 : 0.2
0.0675801 0.210231 0.591123 0.28535 0.0203415 0.788334 0.564025 0.724899 -0.212083 : 0
0.275616 0.590107 -0.262122 0.399351 0.882308 0.910941 0.85367 0.484638 0.340473 : 0.1
0.125287 0.181062 0.706875 0.47216 0.570984 0.795 0.419389 0.378848 0.731545 : 0
0.217399 0.291594 -0.0304107 -0.569535 1 1 0.736331 0.685746 -0.0955953 : 0.3
0.262392 1 0.455907 0.585996 0.663146 0.454028 0.286502 -0.441873 0.828211 : 0
0.940424 0.228866 0.276033 0.712704 1 0.20204 0.421573 0.447064 -0.0224438 : 0.1
0.492291 0.318589 0.553396 0.532699 0.37957 0.0334091 0.217265 0.498367 0.464766 : 0
0.884459 0.363559 1 0.335605 0.202263 0.656785 -0.379988 -0.0730151 0.936588 : 0
0.586663 0.415066 0.736526 -0.615326 -0.163498 0.503194 0.592032 -0.202086 0.173642 : 0
0.643279 0.191908 1 -0.0310442 0.91816 0.306603 0.395758 0.175733 0.293117 : 0
0.46895 0.188158 0.271919 0.487459 0.388862 0.671025 0.3133 0.104383 0.699203 : 0.5
0.904814 -0.0454061 -0.15517 0.400266 0.446473 0.840769 0.895963 0.94518 1 : 0
0.496273 -0.830587 0.491867 0.0104695 0.498563 -0.164572 -0.250969 0.672092 0.552862 : 0
1 0.495874 1 0.498655 0.45713 0.23302 0.598544 0.473933 1 : 0
-0.610857 0.623007 0.194759 0.349829 0.261214 0.0757071 0.166909 0.47972 0.30828 : 0.4
-0.0771185 0.375487 0.771219 0.296111 0.374664 -0.156446 0.458433 0.0153459 0.757866 : 0.4
-0.196832 0.536776 1 0.592363 0.190836 0.718741 -0.40898 -0.0101805 0.954609 : 0
0.603943 0.517961 0.273365 0.985564 0.293298 -0.362753 0.454581 0.645194 0.19847 : 0
0.84117 0.115946 0.719195 0.733306 0.310576 0.511155 -0.45758 1 -0.101442 : 0.1
0.299295 0.183654 1 0.131639 0.104585 0.41019 0.861654 0.583891 0.295973 : 0
0.526116 0.0411224 0.663999 0.697968 -0.0277561 0.710724 0.549055 0.959318 0.326935 : 0.3
0.807584 0.280107 0.463969 0.617418 0.1995 0.820586 0.382259 -0.0380536 -0.338681 : 0.2
0.875962 0.199629 0.464724 0.9073 0.688206 0.779622 0.278249 0.570208 1 : 0.1
0.436264 0.156838 0.55481 0.759258 0.343532 0.505385 0.697926 0.457365 0.77407 : 0
0.753898 -0.0091257 0.285814 0.104302 0.571608 -0.0040952 0.0466094 1 -0.113977 : 0.1
0.444459 0.116337 -0.474681 0.637017 0.146146 0.950909 0.720232 0.606808 0.259303 : 0.1
0.410868 0.350296 0.372949 0.777432 0.509823 1 -0.669051 0.23281 0.0755595 : 0
0.604644 0.546599 0.481262 0.652897 0.436251 0.426484 0.922067 -0.103987 0.874166 : 0
0.30918 -0.16967 0.0722835 0.665487 0.48055 1 0.507864 0.277338 0.532089 : 0
-0.722665 0.275922 -0.0119613 0.354417 0.754152 0.313623 0.601444 0.474111 -0.0758836 : 0.4
0.234839 1 0.620577 0.406982 0.325616 0.122599 0.677523 0.516501 0.239083 : 0
0.733267 0.17784 0.622601 0.252911 0.334714 0.22176 0.450871 0.580162 1 : 0.3
0.207601 0.314861 -0.0832116 0.189544 0.402005 0.581053 0.237786 0.0578525 0.380342 : 0.3
-1 0.766039 0.743015 -0.282127 0.00429857 1 0.515632 0.673621 0.412602 : 0
-0.273395 0.142748 0.632356 0.592625 1 -0.228708 -0.118892 0.283469 -0.622299 : 0.4
-0.233567 -0.0991897 -0.224359 0.838733 0.858707 -0.335688 0.528333 0.35509 -0.266856 : 0
