-0.425188 0.521034 0.226102 -0.416137 0.0799319 0.131491 -0.404429 0.023448 -0.502376 : 0
0.113662 0.839763 -0.0665845 -0.649933 0.375389 0.132233 0.295544 -0.0655443 0.302169 : 0.2
0.320251 0.353464 0.759252 0.434875 -0.893363 -0.553837 -0.972208 0.264152 0.156804 : 0
0.642984 0.601444 -0.694175 -0.586316 0.0548947 -0.355162 0.190085 0.0302904 0.126736 : 0
-0.273772 0.0541721 -0.467242 -0.460694 0.5562 -0.0511178 0.0198592 -0.0313421 -0.281591 : 0
0.11573 0.170311 0.472133 -0.645608 -0.63596 -0.00538713 0.543053 -0.269904 -0.354988 : 0
-0.868926 0.0866414 0.412922 0.0770625 -0.90881 -0.177676 -0.686951 -0.0250104 -0.123006 : 0
-0.0990027 0.216263 0.32563 -0.0200245 -0.398665 -0.399476 0.664057 1 0.107092 : 0
-0.0759643 -0.0983401 0.119093 -0.060141 -0.0514764 0.184688 0.226712 0.875991 0.112642 : 0.1
0.158214 -0.286188 0.133428 0.296699 0.140678 0.0633721 0.396684 -0.0900144 0.418633 : 0
-1 0.726872 0.0669087 0.663846 0.45409 -0.335497 0.950188 -0.607301 0.867345 : 0.5
-0.208565 0.442338 0.00594549 -0.0631643 0.781035 -0.0986304 0.146303 0.132442 -0.144106 : 0
-0.436637 0.00299704 0.297329 -0.343193 -0.858184 -0.23272 -0.195603 0.488449 -0.728151 : 0
0.100338 0.0335861 -0.552846 1 -0.342889 -0.12574 0.0434397 0.00174119 -1 : 0
-0.483045 0.533959 0.257874 0.276927 -0.645439 -1 0.130089 0.494733 0.731679 : 0
0.410421 -0.264085 -0.35576 -0.422593 0.544355 -0.260822 -1 -0.325924 -0.549139 : 0.2
-0.156461 0.617349 0.120969 0.17025 0.649788 0.131219 0.0926839 0.262542 0.198748 : 0.1
-0.353351 0.687264 0.888371 0.341442 0.353873 0.547906 0.0908008 -0.0150141 0.265353 : 0
-0.0449248 0.592496 -0.0673751 0.894578 -0.00010334 -0.193896 0.311657 0.147402 0.88369 : 0.2
0.0256378 0.621338 -0.0305562 -0.866737 0.687223 -0.148476 -0.322003 0.685948 0.149632 : 0.5
0.219594 0.671562 -0.15364 -0.371596 -0.466566 0.124888 -0.569778 -0.192512 -0.0875998 : 0.2
-0.323507 0.132401 0.235546 1 -0.598822 -0.0608573 -0.473193 0.119531 -0.0446914 : 0.3
-0.216874 0.509696 0.245784 -0.208337 0.52647 0.411482 0.144579 0.102218 -0.0711311 : 0
-0.0459082 0.266217 0.489712 -0.158779 -0.0709554 0.0104464 0.196845 0.273394 0.126657 : 0
-0.244949 0.0355102 0.488141 -0.16493 0.363602 0.54486 0.117322 0.286335 0.511206 : 0
-0.444806 0.488227 0.709394 -0.333039 -0.335743 0.522942 0.519683 -0.461742 0.0960559 : 0.5
-0.182601 1 1 0.209706 0.619312 0.351831 -0.389687 0.643478 0.202524 : 0.1
0.473466 0.824232 -0.225734 0.209541 0.526976 0.0810217 -0.326953 0.160007 -1 : 0
0.341139 0.513902 -0.0120693 -0.690518 0.272086 0.492966 -0.0596184 -0.447423 0.144563 : 0
-0.761682 0.456485 1 -0.534459 0.0508707 -0.461946 -0.833256 0.0712352 -0.514839 : 0.2
-0.447808 0.55364 0.202699 0.0547245 0.681106 0.674462 -0.0556838 0.526122 -0.771488 : 0
0.718351 0.273384 0.312605 -0.195671 -0.159214 -0.23091 0.166277 0.0313725 0.533411 : 0.1
0.193839 0.645073 0.41448 -0.171899 0.578364 -1 0.261979 0.21081 0.563212 : 0
0.633788 0.627492 0.2353 -1 1 -0.3538 0.102673 0.485033 1 : 0
0.208386 0.43266 -0.770182 0.171974 0.105104 0.0286579 -0.0286579 0.273139 0.487133 : 0
0.726439 0.644859 0.453308 -0.684586 0.310526 -0.416977 -0.509817 0.720256 -1 : 0.5
-0.335681 0.213961 -0.0746396 1 -0.434899 -0.253323 0.387407 0.143158 0.526933 : 0
-0.704178 0.488352 -0.115913 -0.540136 -1 -0.255132 -0.0396953 0.00311321 0.401375 : 0
-0.0153233 1 -0.248701 -0.0805972 0.0788675 0.581654 -0.18698 0.420627 -0.465562 : 0
-0.589615 0.558358 -0.952366 0.0619853 0.866626 0.577957 0.11126 0.0863812 1 : 0.1
0.0893843 0.600591 0.176989 0.527886 -0.778587 -0.462993 0.463188 0.157281 0.338524 : 0
0.0850086 0.494659 0.274387 0.00836468 -0.0637935 -0.428983 0.201989 0.309133 0.357763 : 0
-0.0907636 0.0873703 0.394818 0.144278 0.496924 0.26387 -0.0826367 -0.948793 0.0470939 : 0
0.0214856 0.255772 0.239045 -0.45406 0.608687 -0.328287 -0.624493 0.456446 0.0330216 : 0
0.283303 0.261605 0.24268 0.296479 0.478804 -0.459573 -0.826597 0.126231 0.180422 : 0
0.179834 0.667166 -0.30563 0.681311 0.0236012 0.210486 -0.330071 -0.116452 -0.761668 : 0
0.0836393 -0.96256 0.104416 -0.366911 0.0831114 0.638805 -0.111029 0.100117 0.718117 : 0
0.748133 0.315565 0.586876 0.000131071 -0.244027 -0.66686 0.00296049 0.157123 -0.184727 : 0.1
-0.719524 0.554145 0.404189 -0.282422 0.605471 1 0.00119122 1 -0.14749 : 0
0.0863911 0.724678 -0.43935 -0.00443673 0.873407 -0.763277 0.0372798 -0.16484 0.290544 : 0.1
-0.239572 0.471788 -0.910122 -0.377067 -0.0214311 0.22619 -0.170187 0.540719 -0.309419 : 0.1
-0.406843 0.417551 0.327904 0.332701 -0.186659 -0.277104 -0.576162 0.0137075 0.747101 : 0.1
0.125492 0.494288 0.161378 0.188073 0.223589 0.700193 0.764289 0.352422 -0.227972 : 0.7
1 0.466693 0.043594 0.0960629 0.433074 0.878246 -0.362426 0.122201 0.349091 : 0
0.00159951 0.520877 0.514002 -0.0498981 0.282162 -0.384697 -0.158139 0.234024 0.487236 : 0
0.00550427 0.209136 0.104234 1 -0.145258 -0.464069 -0.171157 0.760932 -0.130965 : 0
0.614135 0.809519 -1 0.0490977 1 0.604431 0.308139 0.63276 0.427934 : 0.5
-1 0.545434 -0.0155121 0.514633 0.711844 -0.301807 0.224752 0.0602915 0.237851 : 0
-0.302646 0.299669 -0.750647 -0.151638 0.503611 0.0707283 0.911866 0.168401 0.846113 : 0
0.361072 0.399681 0.703798 0.85599 -0.0200465 0.0422525 -0.104078 -0.272694 -0.0159033 : 0
-0.0347502 0.231137 -0.0673713 0.393609 0.321147 0.520243 0.13203 -0.247872 0.139795 : 0
1 -0.141296 0.527757 -0.641292 0.455509 -0.338112 0.654201 0.379206 -0.131889 : 0
0.121396 0.57454 0.243544 0.741565 -0.551393 -0.0445312 -1 0.159936 0.499352 : 0.1
-0.713705 -0.14523 0.498948 0.293389 0.0465833 0.776323 -0.148777 -0.0457907 0.979044 : 0.1
0.549769 0.763257 0.657354 -0.163786 -0.195133 -0.177766 -0.44906 0.391151 -1 : 0.1
0.748135 -0.112377 -0.519678 0.00154653 0.559306 0.532361 0.0839636 0.863352 -0.381639 : 0
0.0795819 0.683022 0.14856 -0.305453 -0.706702 0.187228 0.272302 0.171731 0.184644 : 0
0.0511833 0.477094 0.0319555 0.0154463 0.267048 -0.96865 -0.130845 0.393857 0.795402 : 0
0.576535 0.150524 0.797045 0.858577 -0.177123 -0.288088 0.385919 -0.4028 0.0541164 : 0.3
-0.0442784 0.525075 0.468133 -0.0997837 0.124183 0.827273 -0.13664 -0.378974 -0.217181 : 0
-0.0719057 0.58163 -0.0207207 -0.642719 0.569075 0.344115 -0.345113 0.781522 0.040151 : 0.3
0.44797 0.23711 0.37894 0.470565 0.280929 0.151336 0.220441 0.0832938 0.135619 : 0
0.358767 0.604556 0.234525 -0.658241 0.132502 0.19865 1 -0.768851 -1 : 0
0.0202719 0.492093 -0.0511069 0.981131 -0.0816221 0.00935832 0.513853 0.0842972 0.0734336 : 0
0.28049 0.180527 -0.0986816 0.700208 0.0450693 0.897445 0.417335 0.841226 0.00988278 : 0.1
0.0973674 0.315118 0.397891 -0.407749 0.372246 0.144264 0.0453366 0.444443 0.226765 : 0
0.543861 0.0374747 0.730992 -0.120735 0.05604 0.238476 0.0656274 0.222298 0.260019 : 0.3
0.234875 -0.484796 0.430397 -0.177178 0.0805801 1 0.02302 0.0632186 0.269189 : 0
0.930944 0.475302 0.288028 0.193572 -0.335143 0.540473 0.261906 0.798021 -0.353109 : 0.1
0.197569 0.497106 0.40516 -0.0928989 0.203188 0.693471 -0.099632 0.563948 -0.108585 : 0
0.0970747 0.350146 0.078213 -0.826376 -0.176508 0.700935 0.0410974 0.0886517 0.400227 : 0.2
-0.145067 -0.0199554 0.067871 0.246552 0.424178 0.131522 -0.00865546 0.109406 0.138097 : 0
-0.107178 0.530089 0.425445 0.0822037 0.0406713 -0.0261621 -0.165856 -0.457886 0.32001 : 0
0.115493 0.313842 -0.255255 0.172952 0.12198 0.612855 -0.329382 0.201008 0.152894 : 0
0.783274 0.309695 -0.203789 -0.211815 -0.721991 -0.342067 0.0838167 -0.0865782 0.285094 : 0
0.186325 0.532359 0.28652 -0.987501 0.216373 0.470287 1 -0.904129 -0.0869681 : 0.3
-0.706192 0.456518 0.0415384 0.388094 -0.130613 0.650656 -1 0.277494 -0.0468576 : 0
-0.0637193 -0.0679399 -0.0217264 -0.0316483 0.822035 0.0480728 -0.0847936 0.579383 0.867709 : 0
-1 0.41386 -0.225597 0.358144 -0.192132 0.639845 -0.186325 -0.124652 1 : 0
0.236807 0.339553 -0.780896 -0.306345 0.620312 -0.778235 0.198053 0.240684 0.731014 : 0
-0.413432 0.689729 -0.0852835 0.725359 0.139432 0.683299 0.0160042 1 0.310694 : 0.1
-0.6067 0.649042 1 0.96202 0.513061 0.510857 -0.604573 0.468176 0.49863 : 0
-1 0.216797 0.0932673 -0.366631 0.0913938 -0.611244 0.177987 -0.771335 1 : 0
-0.185178 0.429889 -0.263134 -0.286721 0.156424 0.151468 1 0.153206 1 : 0
0.379236 0.704231 -1 -0.0289766 0.0765247 -0.575324 -0.190703 0.429251 0.00554757 : 0.3
0.362404 0.39825 0.917002 0.425401 -0.769179 0.889172 -0.00855323 -0.162046 0.0742721 : 0
0.0476315 -1 -0.0438951 -0.00712937 0.302862 -0.396909 -0.0564131 -0.224391 1 : 0
-0.109873 0.54542 0.278653 -0.594368 -0.836429 -0.340545 -0.297988 0.151174 0.594606 : 0
-0.503038 0.327957 -0.133108 0.0794324 0.39282 -0.0546521 -0.514671 0.153166 -0.219166 : 0
0.201498 0.436503 0.536038 -0.0629592 -0.469752 -0.252104 0.206537 0.178743 0.847714 : 0
-0.3104 -0.316811 -0.844684 -0.22537 -0.775162 -0.0621933 0.284099 -0.51736 0.925712 : 0
0.410289 0.633831 -0.0858951 -0.667519 0.509097 0.476592 0.0396168 0.0639377 0.93545 : 0
-0.18341 0.56209 0.330834 -0.0752088 0.859343 1 -0.3213 -0.250466 0.043986 : 0.1
-0.182562 0.462839 0.0842533 -0.0664142 -0.0123745 0.565565 0.190166 -0.0372003 0.536065 : 0.5
0.0497194 0.0149759 -0.0719662 -0.120614 0.00148571 -0.00191876 0.560137 0.913161 -0.194186 : 0
0.290067 0.504288 0.273478 -0.756819 -0.496548 0.598573 -0.370107 0.161868 0.989459 : 0.1
0.0970647 0.460884 0.336372 1 0.125652 0.0908575 -0.15648 0.0619871 0.208903 : 0.1
-0.153078 0.465987 0.340342 -0.3404 0.313937 -0.457271 -0.876251 0.15808 -0.184502 : 0
-0.305892 0.253032 0.482611 0.104939 0.461685 -0.847128 0.36091 -0.296751 -0.27871 : 0.5
-0.253987 0.505411 0.10495 0.0768064 -0.0250911 1 0.00961512 -0.211209 0.028858 : 0
0.154801 0.168154 0.0344948 0.597944 -0.321631 0.627726 -0.219518 0.116257 1 : 0
0.530572 0.454377 -0.116451 0.760327 -0.0509668 -0.013614 0.023543 0.306933 -0.302015 : 0
-0.15189 0.0447874 0.0348347 0.152019 0.252457 0.102981 -0.187226 1 0.673943 : 0.2
-0.292152 -0.540279 0.36271 -0.495589 -1 0.465096 -0.0278794 0.51973 0.42717 : 0
-0.255785 0.43967 0.0874506 -0.135239 0.611204 0.0422877 0.114048 0.254533 -0.0488538 : 0
-0.215698 -0.194357 -0.675397 0.182019 0.0534974 -0.151866 0.0244289 0.161869 0.830357 : 0
0.00843903 0.564034 0.352961 -0.376639 0.00799042 0.387776 0.256941 0.00128657 -0.349578 : 0.3
-0.651938 -0.303953 -0.354728 -0.0903816 0.263896 1 -0.176415 0.108903 1 : 0
0.0112946 0.341743 0.952045 -0.304707 0.00812143 -0.199731 0.0968475 0.307638 0.197742 : 0
1 0.596358 0.355288 0.0114037 0.169502 0.34238 0.303724 0.114048 1 : 0
0.0785785 0.613971 -0.136191 0.549488 0.110251 0.19046 -0.273183 1 0.213259 : 0.4
-0.224237 0.471403 0.573814 0.69857 -0.272627 0.0673903 0.267817 0.411872 0.0793868 : 0
0.237214 0.86153 0.0316025 0.371287 -0.0920817 1 -0.0133609 0.27491 0.0267849 : 0.1
-0.118257 0.438064 0.431357 -0.395155 0.0398446 -0.318899 0.164243 0.0549863 0.442456 : 0
0.360322 0.562728 0.0621929 0.804829 0.205593 -0.179496 -0.203366 0.174251 0.285952 : 0
-0.521578 0.560223 -0.194352 0.144387 0.532057 0.900218 0.407441 -0.418009 -0.603236 : 0
-1 -0.823231 0.429538 -0.714337 0.101764 1 0.925503 0.603425 0.352059 : 0.1
0.0550455 0.340032 0.284501 -0.50037 -0.126301 -0.320362 0.771642 -0.382663 0.0135198 : 0
-0.201901 0.859011 0.22561 -0.123739 -0.181458 1 -0.011345 -0.446018 -1 : 0
0.0252138 0.259835 0.139864 0.500305 -0.240453 0.397857 0.0983245 0.0951079 -0.263755 : 0.3
0.0731356 0.712216 0.226812 0.999795 0.735627 -0.136977 0.207799 0.0301914 0.050481 : 0.1
0.318377 0.740745 -0.153328 -0.449395 0.703694 -0.00422385 -1 0.233339 0.267132 : 0
0.290876 0.355055 -0.389736 -1 -0.176572 -0.270279 -0.0584765 0.290755 -0.689165 : 0
-0.126586 0.821872 -0.0341638 0.280396 0.590571 -0.0182508 -0.204146 -0.476299 0.203567 : 0.4
0.796081 1 -0.0459507 0.231963 0.377837 -0.506128 -0.157324 0.0810897 0.327364 : 0
0.935432 0.17056 0.0628404 -0.527884 -0.2705 0.0789389 -0.0845514 -0.161863 -0.747594 : 0.1
-0.655245 0.251563 0.338334 0.0947419 0.228268 0.692962 0.173546 1 -0.427823 : 0
0.293683 0.691646 -0.808891 -0.727137 0.0465567 0.545315 -0.0310243 0.0565624 -0.45872 : 0
-0.70055 0.725677 -0.195696 -0.0179769 0.126261 0.00925723 0.0334469 0.00341591 0.961863 : 0.2
0.0375401 0.670212 0.630259 -0.100783 0.148951 -0.268608 0.378128 -0.440701 -0.0925941 : 0
0.314845 0.591437 0.760997 0.0473057 0.160983 0.511618 0.378754 0.273026 -0.496195 : 0
-0.914642 -0.184659 -1 -0.283108 -0.266924 -0.183267 0.0160554 -0.652085 0.266022 : 0
-0.0635145 0.522825 0.0837897 -0.411479 0.472605 0.508826 -1 -0.246833 -0.227886 : 0
0.0269035 0.257724 -0.190264 -0.219139 0.406967 0.0273395 -0.0615301 -0.419893 -0.227911 : 0
-0.397016 0.76457 0.335317 -0.258406 0.312052 -1 -0.108162 0.145745 -0.0727493 : 0.1
-0.122692 -0.238011 -0.266334 -0.179871 -0.05206 0.301022 0.1658 0.129011 -0.323505 : 0.1
0.387083 1 0.128673 -0.711459 0.527724 0.326698 0.0632866 0.167006 0.433058 : 0
0.12203 0.733599 -0.0826307 0.513454 0.108042 0.553012 0.0100942 -0.0131323 0.266755 : 0
0.878564 0.47495 -0.0318208 0.227871 -0.0111259 0.564577 0.168702 0.229643 0.37998 : 0
-0.578609 0.377766 0.236018 0.685873 0.100512 0.43714 0.27304 0.472795 -0.28793 : 0.4
-0.490629 0.327332 0.104205 0.272343 -0.0948821 -0.0669642 -0.0723542 0.219421 0.229964 : 0
1 0.251417 0.305169 0.0872939 -0.275891 0.386827 0.0997113 0.337414 -1 : 0.2
-0.0116967 -0.0367059 0.114318 -0.172136 0.0141029 0.643916 0.159193 0.491432 0.856563 : 0
-0.349494 0.670803 -0.173739 -0.0898992 -0.264912 0.695963 0.200207 -0.546915 0.160155 : 0
-0.815091 -0.649333 -0.445682 -0.0944806 0.258803 1 0.00699112 -0.0246993 0.726558 : 0.1
-0.291867 0.621019 0.825621 0.176232 0.15998 -0.787686 -0.0382559 -0.542552 0.223896 : 0
-0.33801 -0.638087 0.558103 -0.843886 0.359592 0.23077 0.500037 0.395097 0.274174 : 0
-0.180694 0.570428 0.774197 -0.0682869 0.266507 0.907977 0.547575 -0.324656 0.476426 : 0.1
-0.551259 0.374517 0.373211 0.397737 -0.242533 -0.00934815 -0.236941 0.241501 0.0840772 : 0.1
0.312923 0.0289255 0.146285 0.534903 0.380566 0.93504 0.0925028 -0.0487945 -0.138177 : 0
-0.503536 0.819406 -0.20558 -0.0628526 -0.168091 0.75216 -0.261209 -0.0162832 0.24083 : 0
0.47362 0.444868 0.125538 0.148373 0.455964 0.477201 0.183991 0.0428126 -0.0410718 : 0.1
-0.291796 0.871593 -0.429428 -0.432424 0.143177 0.809649 -0.0280751 -0.254036 -0.668671 : 0.3
-0.635977 0.0345738 0.478309 -0.354222 0.289827 -0.22969 -0.27213 -0.348089 0.230184 : 0
-0.149744 0.497915 0.798815 -0.0238621 -0.292516 -0.000402689 0.149553 0.240414 0.135635 : 0
0.0680207 0.550439 0.380156 -0.447157 1 -0.238063 0.575524 0.190577 0.603262 : 0
0.132166 -0.0101839 0.0510114 1 -0.169528 0.285608 -0.00848155 0.914987 -0.355149 : 0
0.497957 0.633216 0.390045 0.504905 0.271309 -0.395998 -0.116892 0.115719 0.235751 : 0
0.159043 0.595625 -0.196491 0.326523 0.76015 -0.566272 -0.162666 0.655732 0.260236 : 0
-0.0936707 -0.673254 -0.79647 -0.0239024 0.178094 0.282245 -0.288314 1 0.181434 : 0.4
0.690079 0.674989 0.276132 -0.446216 0.622791 0.463253 -0.280975 0.575364 0.331502 : 0
0.0515671 0.726628 -0.456803 1 0.69986 0.103918 0.00401689 0.242068 0.187923 : 0
0.613029 0.801682 -0.378352 -0.279239 0.0734749 0.0268161 0.384377 0.405796 0.102696 : 0.5
-0.149602 0.538085 0.454799 -0.114437 0.0736801 0.198959 0.108254 1 -0.356748 : 0.1
-0.372834 0.630107 0.722828 -0.504314 0.340217 0.210307 0.550202 0.126584 0.191441 : 0.3
-0.350474 0.263347 -0.415219 -0.390068 0.170674 -0.758565 0.0419146 -0.0605723 -0.688838 : 0
-0.327124 0.617921 0.0963698 -0.210371 1 -1 0.304711 0.251924 0.145337 : 0
0.484904 0.279276 0.100722 0.380786 0.140207 -0.211222 -0.109259 0.0213086 0.942019 : 0.1
0.0762619 0.287445 0.333969 0.568257 0.294562 0.861605 0.492449 -0.0236337 -0.070109 : 0
-0.10471 0.705877 0.364333 0.179732 0.372083 0.0848774 0.0759193 0.505588 0.836803 : 0
0.142528 0.26444 -0.10067 -0.369614 -0.273263 0.339732 -0.20555 -0.278677 0.00767949 : 0
0.132615 0.63486 -0.166208 0.409367 -0.0145162 -1 -0.115136 0.0688765 0.566931 : 0
-0.196481 0.295961 -0.0589814 0.403571 0.462426 -0.551528 -0.691692 0.143654 -1 : 0
-0.147615 0.203314 0.507388 -0.399104 -0.372113 -0.108404 0.0682797 -0.744946 0.268154 : 0
0.309139 0.487573 0.538228 -0.132714 1 -0.225319 -0.32935 0.0874336 0.155464 : 0
0.00615524 0.322467 0.2788 -0.766565 0.0675509 -0.218533 0.177703 0.0798534 -0.0870842 : 0
-0.34114 0.332735 0.167482 -0.266348 0.119904 -0.710362 -0.0123167 -0.361878 -0.852627 : 0
-0.127599 0.403208 0.295678 -1 0.0658753 0.0940651 0.212537 0.495121 0.0660871 : 0.3
-0.349653 0.471873 0.458907 0.644946 -0.113508 0.318139 -0.313893 1 0.66543 : 0.4
-0.0864779 0.618555 -1 0.103625 0.176433 0.781537 -0.309021 0.487978 0.206253 : 0.2
-0.595414 0.702414 -0.041315 0.134115 0.512813 0.297449 -0.315013 -0.645306 -0.884198 : 0.1
-0.0788565 -0.47872 -0.192418 -0.667869 0.227705 -0.511093 -0.0593237 -0.12714 0.0323492 : 0.1
0.45088 0.608107 1 -0.272341 -0.496658 0.183061 0.286959 -0.467266 1 : 0
-0.526288 0.473431 -0.750816 -0.680506 -0.713513 0.0516897 0.101718 -0.270567 0.218595 : 0
0.064667 -0.0506306 -0.805545 -0.429584 -0.0159405 -0.42358 0.200089 0.10595 1 : 0
0.52892 0.446848 0.608554 0.0282049 0.569767 1 0.0624656 0.165688 0.177395 : 0
-0.687906 0.383035 0.45992 0.723381 -0.942058 -0.578498 0.0763946 0.684909 0.292435 : 0
0.254635 1 0.0100568 0.0918123 -0.00973889 -0.093749 -0.155079 0.471072 0.0623881 : 0
0.82828 0.559766 -0.018285 0.285467 0.0856013 -0.313072 -0.102967 -0.11134 0.623337 : 0
0.232853 0.730052 -0.154903 -0.613977 0.253938 0.095124 0.0919944 0.83311 0.0588353 : 0
-0.31238 0.331851 0.380444 -0.141674 -0.122783 0.324957 -0.869897 0.722998 -0.164748 : 0.1
0.440936 -0.00219996 -0.183107 0.00682591 0.358271 -0.294361 -0.505599 0.75969 0.62272 : 0
-0.438568 0.241472 0.206666 0.718569 -0.0881901 1 -0.0313847 0.359175 0.734732 : 0.1
-0.0975374 -0.00463456 -0.508799 -0.16482 -0.0352188 0.375477 0.151754 0.0249148 -0.383723 : 0
-0.68117 0.507654 0.370438 0.58262 -0.233218 -0.0452916 0.345651 0.363452 -0.165435 : 0
-0.512495 0.387608 0.235056 0.410713 -0.000409335 -0.129122 0.0410935 0.0722787 0.660803 : 0
-0.0608743 0.85557 -0.183521 -0.277827 -0.919991 -0.182845 -0.137036 -0.209464 0.949582 : 0.3
-0.0543266 0.278395 -0.201811 -0.355961 -0.0318298 0.818669 0.14009 0.00828089 -0.0855397 : 0
-0.431909 0.527234 0.441787 0.352192 0.1063 -0.0547386 0.303322 -0.0223645 0.385352 : 0
-0.161999 -0.205678 -0.343822 0.349287 -0.271428 -0.0732571 -0.402568 -0.115564 0.985947 : 0.1
-0.133134 -0.190838 0.36446 -0.300525 0.395988 0.254788 0.328698 0.11788 -0.381969 : 0
0.530471 0.0271081 0.003172 0.620013 -0.632555 0.903228 -0.421171 -0.345213 1 : 0
0.103585 0.0355334 0.304334 -0.181425 -0.54306 0.189812 0.399609 -0.528789 0.0410869 : 0
-0.112636 1 0.817535 -0.122807 -0.373553 0.311172 0.404281 0.733596 0.279964 : 0
0.0199859 0.924973 0.350728 0.652043 -0.700023 0.55885 -0.199536 -0.100498 0.0206067 : 0
0.563757 0.138698 -0.115329 0.219953 0.807424 -0.319624 -0.493888 0.7722 -0.858062 : 0.1
-0.234373 -1 -0.444431 0.0370336 0.557452 0.379311 -0.499729 0.104327 -0.10411 : 0
0.653872 0.226894 0.170198 0.461136 -0.410138 -0.208766 0.4733 0.106988 0.0354615 : 0
-0.49684 0.465839 -0.0681073 0.253681 0.439023 -0.526672 0.333557 0.142602 -0.117369 : 0
0.27567 0.303541 0.0213328 -0.0087394 -0.187751 -0.417468 0.119039 0.296667 0.556455 : 0
0.136243 0.586859 0.598264 0.0141227 -0.160878 0.0256645 -0.0396596 0.0913229 -0.438924 : 0
-0.0406717 0.442199 -0.0560825 -0.0583845 0.164361 0.268339 0.0687929 0.277892 0.38529 : 0
-0.857351 0.542831 -0.168336 0.257364 0.321868 0.882668 -0.111968 0.219785 -0.0144085 : 0.1
-0.419747 0.0131473 -0.297932 0.423132 -0.136936 0.149565 -0.0306368 0.0820115 -0.17379 : 0
-0.148721 0.590337 0.368869 0.510357 0.136048 0.689221 -0.0726889 0.0185616 0.349774 : 0.2
-0.392278 0.401039 0.433665 0.215887 -0.147197 -0.00719279 0.962223 0.0120519 0.877529 : 0
-0.261502 0.558916 0.0559281 0.378022 0.601313 1 0.250388 -0.134372 0.113015 : 0
-0.655622 0.37041 0.154181 0.756897 0.0996593 -0.308821 0.534152 -0.535507 -0.791991 : 0.1
-0.091385 -0.762142 -0.0667106 0.259168 0.253223 1 0.187753 0.115143 0.566815 : 0.4
-0.992043 0.407547 0.0484707 -0.322289 0.201555 0.0787867 1 -0.0698671 0.419548 : 0
0.455525 0.42913 0.151896 0.271204 0.0279336 0.0122896 -0.79615 0.296233 0.276476 : 0
0.540583 0.739196 0.283084 -0.0445538 0.569268 0.396842 0.18018 -0.0783309 0.218691 : 0
-0.294572 0.343387 0.438282 0.325545 0.19091 0.105643 0.159464 0.209134 0.431346 : 0.3
0.10066 -0.0782825 -0.466788 -0.150912 -1 -0.771077 0.120019 1 0.384141 : 0
0.253126 0.485971 0.0375561 -0.564938 0.645632 -0.00741613 0.0264214 0.151126 -0.0233801 : 0
-0.19273 0.78856 -0.284613 -0.428027 -0.115412 -0.625082 -0.200336 -0.537778 0.0659535 : 0
-0.2105 0.854907 0.462934 -0.774156 -0.514597 -0.0913772 0.23381 0.184949 0.49497 : 0.1
0.109873 0.544947 0.260619 -0.870112 -0.149353 -0.133439 0.348347 0.855526 -0.141502 : 0.1
-0.133099 0.24679 -0.407327 0.758327 0.219369 -0.511777 0.167293 -0.0935946 0.143566 : 0.3
-1 0.567566 0.014796 -0.480846 0.0581456 -0.0866985 -9.88841e-05 0.0364458 -1 : 0
0.0493021 0.436338 -0.400951 0.0427465 -0.509828 -0.571628 0.349342 0.00836769 -0.312039 : 0.1
1 0.432757 0.112674 -0.471381 -0.243157 -0.0568259 0.0976691 -0.17235 0.173354 : 0
-0.319505 0.703241 -0.283436 -0.956963 0.112743 -0.0402447 0.172366 -0.0848319 0.703188 : 0.1
0.441812 0.304694 0.184957 0.380448 -0.373849 0.309753 -0.0829412 0.29359 0.578775 : 0
0.716897 0.212035 -0.0398739 -0.0904567 0.374787 -0.451723 -0.157449 -0.0580256 0.306461 : 0
-0.0463917 0.489959 0.319955 -0.0378001 0.199973 -0.293357 0.337193 0.139253 0.435761 : 0.2
0.0805752 0.653623 0.407188 0.319358 0.412145 0.352249 0.253437 0.581955 0.277635 : 0.5
0.101926 0.0992319 0.267621 0.123075 0.524816 0.49947 0.532477 0.18821 0.0371113 : 0.1
-1 0.611622 0.137457 0.652421 0.157694 0.289381 0.102982 0.747419 -0.372535 : 0.2
0.755071 0.513391 0.908401 -0.325358 -0.029594 0.704242 -1 0.438932 1 : 0.1
-0.280588 0.262684 -1 -0.560022 -0.226971 0.184504 0.0916281 -0.895427 -0.0550754 : 0
-0.0970823 -0.126732 0.553777 0.0217427 -0.000786424 0.549247 -0.0195974 0.404765 0.239283 : 0
-0.144042 -0.0478111 1 -0.00687212 0.0279231 -0.447954 0.461581 0.325196 -0.645912 : 0.2
0.742324 0.766413 0.188992 0.879809 0.96868 0.0453008 0.0816702 0.276593 0.304288 : 0.1
-0.125211 0.831297 -0.213425 -0.691497 -0.038113 0.0346849 0.307493 0.219758 0.601518 : 0
-0.161892 0.647053 0.422643 -0.666961 0.066468 0.34531 0.964061 0.011622 0.271379 : 0
0.463889 0.463217 -0.00754694 0.0479242 0.448025 -0.180496 0.731761 -0.758635 -0.848393 : 0
-0.0331649 0.464789 -0.491941 -0.781989 0.505982 -0.149716 -0.181342 0.0869205 -0.283552 : 0
1 0.456794 0.0572024 0.0626841 0.444569 0.16698 0.258725 0.558967 0.427938 : 0.1
-0.640066 -0.0761483 0.432491 -0.175551 -0.106416 0.590657 -0.115813 0.12153 -0.317389 : 0
-0.0575919 -0.482951 -0.201928 -0.199724 -1 0.994017 0.204271 0.0745021 0.280658 : 0
-0.0233024 0.69431 -0.13361 -0.0280319 0.430271 -0.856514 -0.461172 0.292169 0.172264 : 0.1
-0.0864617 0.0949305 0.477442 -0.107562 -0.0608628 0.042229 -0.392928 -0.053577 0.896272 : 0
-0.580473 0.415553 0.205865 0.155864 0.0818515 0.269072 0.0656337 -0.175631 1 : 0
0.280311 0.364541 -0.103581 -0.0580028 0.208676 0.909707 -0.00357208 -0.0881376 0.55882 : 0
-0.116961 0.336894 0.0943021 -1 0.0578117 0.0924783 0.254268 0.110467 1 : 0.2
0.010337 0.224541 -0.583797 0.720342 -0.177395 0.491321 0.0688823 0.148066 0.708934 : 0
-0.54586 0.356007 -0.0548363 0.897262 -0.128225 -0.384409 -0.240572 0.414845 -0.114298 : 0
-0.769637 0.355992 0.160106 0.548897 -0.831015 -0.134249 -0.106201 0.146674 0.955271 : 0
-0.756682 0.252533 0.547602 0.417069 0.450454 -0.54454 0.0966015 1 1 : 0
0.678327 0.47805 0.100526 0.527586 0.372288 0.933808 0.101565 -0.121898 -0.0318499 : 0
0.242764 0.529559 0.418868 -0.316077 0.0596046 0.542024 0.445294 0.198357 0.442298 : 0.6
1 0.62596 0.66323 -0.249441 0.470052 0.0911479 0.00504585 -0.091581 0.4435 : 0
-0.243238 0.387608 1 -0.323002 -0.296232 0.412056 0.144007 -1 0.00165499 : 0
-1 -0.392589 0.234433 0.224611 0.232314 -0.571589 0.0916764 0.41054 0.930761 : 0.1
-0.00602722 0.351202 0.244788 0.23548 -0.375714 0.309327 0.192878 0.115745 0.692121 : 0
-0.212384 0.623542 -0.39923 -0.635199 -0.160184 -0.108126 -0.276297 0.135423 -0.756711 : 0
-0.195695 0.549164 0.088775 -0.967181 0.720379 0.0148927 0.0855926 -0.0157841 0.0565039 : 0.1
0.505402 0.75801 0.113806 1 1 0.237643 0.122062 0.178788 0.270391 : 0
-0.219385 0.748904 0.244129 0.215427 0.1343 0.138701 -0.387129 0.304001 0.360969 : 0.4
0.130926 0.295564 -0.488926 -0.649053 -0.0216421 0.8029 -0.44185 -0.480305 0.478052 : 0
-0.188588 0.660342 -0.280345 -0.145175 0.117976 -0.0343384 -0.0988556 0.559047 -1 : 0.1
0.73924 0.701025 -0.566663 -0.309325 0.431151 0.0265096 -0.25725 1 0.975703 : 0.4
0.275422 -0.0499312 -0.250922 0.163342 -0.104248 1 -1 -0.393361 0.346637 : 0.3
-0.00529689 0.581307 -0.1583 -0.0918488 -0.281145 0.204529 -0.380963 -0.333918 0.0766312 : 0.1
0.425206 0.280415 -0.0804902 0.0296225 0.477713 -0.353866 -0.499709 0.783894 0.380279 : 0.1
0.153082 -0.101374 -0.273397 0.5293 -0.0705618 0.153298 0.346318 -0.306958 -0.00718796 : 0
0.128391 0.558467 0.0878158 0.28622 0.0382586 0.133292 -0.0134627 0.224784 -0.527256 : 0.2
-0.572775 0.885987 0.129233 -1 0.748846 -0.765063 0.505271 -0.387981 0.0308702 : 0
-0.202569 0.361556 -0.159576 -0.188945 -0.613502 0.242815 0.0498774 -0.128525 -0.152723 : 0
-0.381119 0.436751 0.275034 0.183464 0.784884 0.0128319 -0.0806307 0.275959 0.18617 : 0
0.446701 0.275938 0.455374 0.0759875 0.210355 0.0309516 0.117046 0.250416 0.0668049 : 0.1
0.0359866 0.54477 0.326379 0.304962 0.723417 0.733157 -0.124637 0.0617848 0.808743 : 0
0.369973 0.670729 0.572564 1 -0.00434093 0.18098 0.699521 0.167311 0.884081 : 0
0.597992 -0.162911 -0.128179 -1 0.151925 -0.450221 -0.107419 -0.458232 0.0179711 : 0
0.140384 0.753221 -0.46188 0.328897 0.579388 -0.560603 -0.202412 -1 -0.223565 : 0
0.0646931 0.573238 -0.0161277 -0.701641 -0.076957 0.0359929 -0.132111 -0.550602 0.144726 : 0
-0.4183 0.595174 -1 0.55373 0.394614 0.45611 -0.0188094 -0.33619 -0.135297 : 0
0.283616 0.597646 -0.401786 -0.559551 -1 -0.0235849 -0.109986 -0.487141 -0.0613529 : 0.1
1 0.330865 -0.828856 0.556438 0.0890937 0.792992 -0.230779 -0.0898133 -0.0186718 : 0.3
-0.808507 -0.114738 0.811809 0.070604 -0.0129496 0.649275 -0.135044 -0.114542 0.647018 : 0
-0.574918 0.43351 0.138614 0.332182 0.166222 1 0.270615 -0.327182 0.0779212 : 0
-0.124112 0.570837 0.150696 0.601623 0.251108 -0.554808 -0.0501302 1 -0.0326393 : 0.3
0.0550937 0.172751 0.382242 0.930926 0.136742 0.202275 0.0161903 0.632539 -0.309477 : 0
-0.0121772 0.319522 0.0344969 1 0.227684 0.292248 0.128604 -0.0469395 0.132162 : 0
-0.307771 1 -0.408499 -0.85974 0.285653 -0.0329672 -0.116943 0.479608 -0.668762 : 0
0.132219 0.414967 0.340536 -0.752071 -0.471047 0.379368 0.227403 0.292232 -0.315469 : 0.1
1 0.177707 0.174298 0.299454 0.229948 0.915082 0.374461 0.506943 0.0804374 : 0.1
-0.206473 0.875734 0.0257398 0.433154 0.0893622 0.0698419 -0.286925 0.220055 0.357241 : 0.3
-0.208533 0.902104 0.640459 0.690495 -0.528368 0.33992 0.000686921 0.0453248 0.322568 : 0
0.158356 0.016384 0.371029 -0.288587 -0.262084 -0.381005 0.360441 0.0525053 -0.390101 : 0.2
0.0420217 1 -1 -0.832075 -0.147225 0.406059 -0.636128 0.400032 0.320984 : 0.1
-0.0667143 0.309641 -0.768135 -0.458122 -0.322332 -0.0817184 0.12235 0.35499 0.384131 : 0.2
-0.621559 1 1 1 0.908894 -1 0.0398999 -0.182914 -0.0896167 : 0
-0.0660316 0.213301 0.135505 -0.254512 0.130009 0.233772 -0.335827 -0.188319 -0.591263 : 0.2
-0.333093 -0.512919 1 0.871874 -0.385834 0.383312 0.0378061 0.2082 -0.20536 : 0
-0.0829729 0.64847 0.138024 0.389557 0.164365 -0.0844977 0.112962 0.730395 0.332478 : 0
0.244522 0.686046 0.0623564 -0.248693 0.256274 0.0980104 -0.211075 0.318321 -0.766044 : 0
-0.0791691 0.193015 0.460813 -0.0737516 0.142823 -0.036492 0.0427239 0.168923 0.348954 : 0
0.335072 0.222305 0.0608512 0.678889 0.0676135 -0.383482 0.00567812 0.0172284 -0.121501 : 0.3
0.322203 0.292124 -0.647597 -0.656166 0.116834 -0.161308 0.126047 -0.527036 0.336947 : 0.1
0.765307 0.776635 1 -0.410871 0.152993 0.0314624 0.0391287 0.091318 0.573297 : 0
0.0218854 0.559765 0.0154297 -0.156112 -0.0842013 0.926769 0.154983 0.023055 0.677988 : 0
0.096633 0.666607 -0.580672 -0.699588 -0.0866412 -0.166411 0.37146 -0.241181 -1 : 0
-0.602859 0.129968 0.312174 0.241618 0.338407 0.45301 0.17293 -0.373567 0.269463 : 0
-0.484459 0.472917 1 -0.492597 0.636428 -0.156454 -1 -0.135747 1 : 0
-0.113001 0.452425 0.461301 -0.821026 -0.110414 -0.17432 0.379064 0.260134 0.460219 : 0
0.536011 0.81566 0.764788 -0.381937 0.0350889 0.94303 -0.492004 0.43055 -0.677813 : 0.1
-0.159062 0.573408 0.69673 -0.480531 1 0.204921 -0.296314 0.739976 -0.23894 : 0
0.158478 0.266235 -0.396292 0.799282 -0.509922 -0.0152461 -0.0625874 0.343899 0.0572185 : 0
0.150675 0.176734 -0.0214419 0.152856 -0.424271 0.996849 0.531962 -0.0628702 -0.653142 : 0.1
-0.120172 0.387794 0.27523 0.0624211 0.324513 0.834521 0.0601641 0.750406 0.309527 : 0
-0.044909 0.737418 0.126168 -0.777798 0.290083 0.432349 -0.55322 -0.0439849 -0.137222 : 0
0.00629115 0.683881 1 -0.447998 0.132772 0.434671 -0.806444 0.168452 1 : 0
0.765181 0.457349 0.315042 -0.0940607 0.38142 -0.0427013 0.320073 0.23333 0.287589 : 0
0.105587 0.138448 0.29834 0.615722 -0.0855349 -0.663756 0.386563 -0.289431 0.00466436 : 0
-0.0399441 -0.599733 -0.0310873 -0.332525 0.099475 1 0.0585783 0.328754 0.864501 : 0
-0.137368 0.676006 -0.0848268 -0.439664 0.0347421 0.00121617 -0.208704 0.111065 0.212353 : 0
-0.393367 0.512127 0.302075 -0.539975 -0.608114 0.158651 0.0551545 0.227048 0.833832 : 0.3
1 0.431997 0.338857 -0.227789 0.00739533 0.841585 0.0568104 0.0931334 0.113033 : 0
-0.47613 0.180499 -1 -0.0401963 0.338209 0.628918 -0.412908 -0.610437 0.0670494 : 0
-0.151622 1 1 -0.189045 -0.273603 0.385226 0.0640159 0.168611 0.269946 : 0.1
-0.483072 0.34124 -0.0416286 -0.032905 -0.0732396 0.861928 0.545779 0.0191286 0.424336 : 0.1
-0.324393 0.415823 -0.206755 0.34647 0.157943 0.124505 -0.0746105 -0.231065 0.0407636 : 0
1 0.786397 -0.0196732 0.159357 0.571916 -0.722071 -0.209255 -0.0433999 0.359969 : 0
-0.343445 0.341347 -0.626638 -0.108928 0.849575 -0.173386 0.118763 0.314101 0.192057 : 0.1
-0.212449 0.0587436 0.452429 0.389508 -0.235781 0.451133 0.565155 0.221437 0.872572 : 0
-0.453358 0.922023 0.16648 -0.0174128 -0.293114 0.478234 1 0.030654 0.631284 : 0.4
0.074944 0.22665 -0.632517 1 0.502815 -0.356212 0.244746 1 0.87104 : 0
-0.520941 0.321588 0.449921 0.514734 0.193649 0.701919 -0.041697 -0.261731 0.418713 : 0
-0.13523 -0.139447 -0.76811 -0.401272 0.108545 0.111003 0.294914 0.055528 -0.30957 : 0
0.035577 0.0017859 0.020246 0.29523 0.197718 -0.331799 0.457465 0.971025 -1 : 0
-1 0.321253 -0.140552 -0.0605181 0.287364 0.0757346 0.160742 -0.128189 -0.00970028 : 0
-0.508025 0.182737 0.540897 0.0755453 -0.00863563 -0.0913329 0.132482 -0.750833 0.283301 : 0.3
-0.467147 0.344466 -0.465969 0.517973 0.269816 0.77535 -0.199323 -0.910914 0.154403 : 0.4
0.0515811 0.27189 0.0123016 0.133146 0.845217 0.351688 0.0530088 -0.165967 0.302835 : 0.1
0.212135 0.129092 -0.100843 0.265853 0.452044 0.296408 0.0586448 0.0411223 0.26803 : 0
-0.502935 0.100359 -0.162559 0.700939 -0.0822929 1 -0.210701 -0.157233 -0.0342398 : 0.1
-0.134671 0.401667 0.654327 1 0.314789 0.101374 0.582137 -0.453123 0.0405648 : 0
-0.183905 0.104042 -0.056223 0.252704 -0.123372 -0.0685184 0.209319 0.163152 -0.202401 : 0
0.227622 0.449739 -0.282518 0.112432 0.373904 0.372862 -0.727947 0.600078 0.350648 : 0
0.229456 0.405907 0.0914182 0.108481 -0.692636 -0.0395695 0.210376 0.381766 -0.00366785 : 0.1
0.0369594 0.453469 0.168168 0.507775 -0.152162 -0.287113 -0.208315 -0.041858 0.102291 : 0.1
-0.40511 0.700491 0.0837874 -0.274188 0.482787 -0.892954 -0.0612367 0.103116 0.51091 : 0
0.132594 0.664674 0.477807 -0.164594 -0.274163 0.0135648 0.237307 -0.0765006 -0.797556 : 0
0.611044 -0.226183 -0.938052 0.774153 0.507105 -0.655174 -0.0491735 -0.314024 0.225344 : 0
-0.25917 0.448625 1 0.783561 -0.132895 -0.0707968 0.220617 -0.156775 0.101716 : 0
0.120897 0.671047 0.868525 -1 -0.266741 -0.318753 0.0516279 -0.401995 0.572368 : 0
0.256913 0.24095 0.112253 -0.4405 0.31705 -0.266267 0.0490603 0.127707 0.164582 : 0
-0.523103 -0.11225 0.173345 -0.0164769 0.501893 0.591131 -0.855661 0.754761 -1 : 0
0.106006 0.0513477 0.382345 -0.407891 -0.229936 -0.185793 0.14732 -0.0864637 0.245009 : 0
0.52899 -0.106897 -0.239371 -0.100854 0.507986 0.166991 -0.134329 0.0915285 0.460873 : 0
-0.00122721 -0.10444 -0.442548 -0.0956126 -0.738598 -0.127733 -0.923124 0.700184 0.287517 : 0.1
-0.180574 0.560465 0.259141 0.123459 0.276323 0.440126 0.349715 -0.201388 -0.259816 : 0.1
-0.350303 0.684934 0.436353 -0.373809 0.0406798 0.349167 0.400501 0.0196747 -0.182671 : 0
-0.604833 0.19545 0.248835 0.301067 -0.189881 -0.401657 0.812039 -0.624963 1 : 0
-0.385854 0.337843 0.76002 0.707691 0.268623 0.572127 -1 0.38774 1 : 0.1
-0.063376 0.249268 0.224231 0.757181 -0.187476 -0.113393 -0.0105254 -0.0271006 -0.0069622 : 0.1
0.204683 0.476198 -0.209673 0.0823593 -0.165235 -0.0462769 0.116711 -0.15789 0.105367 : 0
-0.346289 0.579226 -0.0191057 -0.569052 -0.24698 0.384155 -0.105439 0.141502 -0.257328 : 0
-0.988992 -0.0432525 0.428969 -0.353558 -0.213193 -0.154943 0.56311 -0.186763 0.402211 : 0.1
0.542916 0.526114 -0.631482 -1 -0.123907 0.0364585 -0.128379 0.919887 0.128623 : 0.1
0.11465 0.286055 0.136099 0.0373255 -1 -1 -0.0478497 0.177149 -0.391539 : 0.1
-0.0714431 0.441387 1 0.413841 -0.471445 0.308931 -0.247785 -0.27152 -0.331567 : 0.1
-0.954788 0.303373 -0.0591444 -0.0381771 -0.0897446 0.691991 0.111588 1 0.249853 : 0.1
-0.0748647 0.422395 -0.672534 0.804526 0.43914 -0.346024 0.130448 0.0610756 -0.107159 : 0
-0.583295 0.412675 -0.114151 -0.203429 0.278534 0.301499 0.117729 -0.0208711 0.517332 : 0
-0.507987 0.417902 0.584303 0.575809 -0.104155 0.0958801 0.106532 -0.179112 0.399545 : 0
-0.646747 0.458166 0.172919 -0.54937 0.332862 0.251893 -0.414811 0.229563 0.410011 : 0
-0.641638 0.64293 0.32594 -0.579687 0.0390899 0.437389 0.41385 0.0588958 0.238702 : 0
0.293351 0.704453 0.0314603 -0.775357 0.0910913 0.057878 0.334391 -0.343384 -0.703181 : 0.1
-0.165233 0.861657 0.372033 -0.7098 0.191988 0.412128 -0.289959 0.15857 -0.0758819 : 0.1
-0.266729 -0.275091 0.483745 0.0488039 0.791027 0.89567 -0.606132 0.453001 0.12428 : 0
0.0776632 0.709422 0.8103 -0.649068 0.728886 0.105593 0.250115 0.529526 0.399834 : 0
0.124372 0.596433 -0.851464 -0.543397 -0.149564 -0.307559 -0.0774404 -0.359157 0.124322 : 0.3
0.0900823 -0.283406 -0.304322 0.909852 -0.0877703 0.208922 -0.0696071 0.275221 -1 : 0
-0.0164723 0.881626 0.287595 -0.507699 -0.0881824 0.483839 0.221035 0.314234 0.11865 : 0.3
1 0.402374 0.0840067 0.532595 0.885182 -0.104426 -0.551344 -0.113791 -0.0951409 : 0.1
-0.733241 0.32801 0.265808 1 -0.939004 0.114514 0.889478 0.39619 0.423847 : 0
0.464417 0.633658 0.735913 -0.607453 0.164845 0.389937 -0.204787 -0.521271 0.283588 : 0.1
0.220158 -0.0842455 1 0.175116 -0.209043 -0.900382 0.883669 -0.439297 0.0162114 : 0
0.225862 0.432926 -0.0958693 -0.259076 1 -0.17195 0.0525715 0.26474 -0.0782545 : 0
-0.0513387 0.577219 0.0383655 -0.314322 0.663271 -0.292005 -0.0908321 0.431157 -0.38614 : 0.1
-0.056618 -0.149555 1 -0.429266 0.265592 0.648379 -0.0952372 -0.00244381 -0.268551 : 0.3
-0.615351 0.353472 0.536483 -0.154887 0.039129 0.154804 -0.105646 0.21488 0.207113 : 0
1 0.207573 0.75962 -0.243338 -0.488567 -0.450214 0.20513 0.0161157 -0.953607 : 0.4
-1 -0.0243481 -1 0.0892501 0.0129049 -0.206845 0.158774 0.963193 0.409484 : 0.1
-0.544958 0.503231 0.898663 -0.368685 0.153605 0.258638 0.430998 -0.38857 0.392921 : 0.5
-0.422988 -0.987932 0.498862 -0.090152 -0.745491 0.144788 0.0139572 0.217328 0.619202 : 0
-0.00995392 0.664144 -0.313802 0.415157 0.419123 -0.000458822 -0.360809 0.311039 0.0604187 : 0
0.393078 0.581073 -0.360336 0.0859835 0.189882 0.280294 0.200031 0.932341 0.409305 : 0
-0.736412 0.387065 1 0.689215 -0.405864 0.0552781 -0.888512 0.591178 0.144454 : 0
0.336386 0.0851371 -1 -0.188332 -0.119586 -0.00232857 -1 0.177094 0.382574 : 0
0.82947 0.619387 0.435874 -0.792757 0.827009 0.230225 -1 0.211139 0.223998 : 0
0.0515349 0.524741 0.0371825 -1 0.199868 0.0904688 0.2052 0.170761 0.108563 : 0
0.908169 0.599638 -0.621717 0.3575 -0.0771961 0.594554 -0.103477 0.0785515 0.11621 : 0
0.233526 0.331644 0.140802 -0.0977809 0.401576 -0.602121 -0.564978 0.449316 0.152184 : 0.1
0.394538 -1 -0.124639 0.186596 0.334444 0.370926 0.52485 0.681875 0.168303 : 0.1
0.45417 -1 -0.118377 -0.435756 1 -0.275247 0.818931 0.784169 0.0896443 : 0.2
-0.274168 0.93908 0.310873 -0.0356383 0.312165 0.26832 -0.206264 0.978779 0.239221 : 0
-0.0959151 0.609023 -0.562757 1 0.166537 0.680064 -1 -0.615654 0.123946 : 0
-0.595348 0.426404 -0.407596 1 -0.200542 0.231144 0.193526 0.201827 0.069829 : 0
-0.586 0.445548 -0.0878208 0.0142938 0.935129 -0.239341 0.0575473 0.265953 -0.322082 : 0
0.00261509 0.339526 0.143803 -0.279654 0.526059 -0.430872 0.56474 1 0.283678 : 0
-0.0870461 0.474777 0.941353 -0.373367 -0.126303 -0.762067 1 -0.406396 0.061947 : 0.1
0.367891 0.314213 -0.326739 0.293705 -0.572519 0.416575 -0.129106 0.191251 0.685472 : 0.1
-0.695688 0.747093 0.760895 0.262603 0.189816 0.991692 0.012081 0.23279 0.0322834 : 0.1
0.673767 0.25195 0.157452 0.232768 -0.910109 -0.327823 -0.133254 -0.00916204 0.26268 : 0
0.126269 0.764379 -0.973631 -0.295172 1 0.013745 -0.0183401 0.275547 0.133231 : 0
0.168914 0.1054 -0.300044 0.13248 -0.967218 -0.10386 -0.196837 0.183063 0.386152 : 0
0.0532565 0.670506 0.180354 0.389935 0.13992 0.380438 0.148598 0.00183699 0.223912 : 0.4
0.755551 0.378689 0.125098 -0.119665 0.778302 -0.357289 -0.21195 0.144742 0.117962 : 0.3
-0.0211193 0.684887 0.0429312 1 -0.161963 0.214465 -0.237646 0.0884826 1 : 0.4
0.0406711 0.47393 0.131064 -0.779599 -0.202307 0.141182 0.164132 -0.273197 0.0909389 : 0
-0.175343 1 0.166554 0.0694147 1 -0.110723 0.0993574 -0.180736 0.175613 : 0
0.0667856 0.400805 0.190245 -0.719177 -0.0871634 0.281769 0.166243 -0.442464 -0.487823 : 0
-0.721254 -0.532628 0.563329 0.513216 0.271327 -0.196617 -0.0466393 0.400541 -0.295969 : 0
-0.0950306 0.542063 0.379344 0.378367 0.932307 1 0.688507 0.188891 -0.197307 : 0
0.0699159 0.463384 -0.252768 -0.426324 -0.114209 -0.545439 0.250112 0.743185 0.151842 : 0
0.838532 0.540455 0.401401 0.319174 1 0.184377 0.120248 0.145228 0.236261 : 0
-0.0766846 0.875608 0.326233 -0.109056 0.182077 0.135867 -0.0875342 0.455697 0.0506766 : 0
0.546014 0.63065 0.0470763 -0.988236 0.140573 0.217995 0.337948 0.237484 0.130216 : 0.5
-0.675897 0.803921 -0.0708814 0.499132 0.431322 0.712924 -0.211556 -0.0924632 0.179866 : 0
-0.700766 0.567508 -0.166369 1 0.253877 0.717556 -1 -0.964555 0.150298 : 0
0.0772988 0.731662 0.90591 0.91591 0.35123 0.0401499 -0.0058395 0.570163 0.330533 : 0.2
-0.339701 0.555441 -1 -0.6456 0.488339 -0.283689 -0.00851208 -0.165273 0.0052719 : 0
-0.714209 0.503096 0.160789 -0.101198 -0.279203 -1 -0.195007 0.344058 0.125925 : 0
0.0532274 0.628365 0.409307 -0.106569 0.525817 -1 0.06063 -0.178041 0.165728 : 0
0.523255 0.0661985 0.149552 0.154604 -0.207095 -0.253992 -0.197219 0.037514 -0.129165 : 0
0.437636 0.520691 -9.78112e-05 -0.545482 0.165804 -0.162415 -0.428683 0.495892 -1 : 0
-0.468311 0.795418 0.0449944 0.180046 0.565255 0.134352 0.577433 -0.33623 1 : 0.3
-0.0715951 0.665461 0.254518 -0.448601 0.532259 0.316178 0.225833 0.246159 0.222805 : 0
-0.384711 0.763551 -0.418095 0.998778 1 0.162642 0.222779 0.140911 0.676242 : 0.1
-0.0382041 -0.676311 0.136727 -1 -0.103502 0.659229 0.605277 0.818926 0.159951 : 0.1
-0.30972 0.198954 0.49498 0.0895832 0.0585564 -0.574386 -0.0704762 -0.214141 0.0358439 : 0.1
0.202732 0.65201 1 0.153156 -0.0365309 0.206738 -0.0364459 -0.417081 -0.172628 : 0.1
-0.124882 0.405795 0.736658 0.784887 -0.651979 0.176015 0.351003 -0.140968 -1 : 0.3
-0.0114134 0.469129 0.0788316 -0.116468 -0.510286 0.62054 0.484027 0.136691 0.237334 : 0
-0.187934 0.447024 -0.331675 0.240785 -0.155741 -0.209574 0.237076 -0.0389017 0.895238 : 0.1
-0.0364211 0.622823 -0.140586 -0.500675 0.251923 0.377822 -0.00969376 0.154433 -0.307164 : 0.1
-0.65784 0.74047 1 -0.454185 0.0937331 0.12443 0.243606 0.828869 -1 : 0.1
-0.323339 0.0170856 -0.381879 0.346669 0.0687199 0.356494 0.210155 0.424126 0.355524 : 0.2
0.28357 0.538283 -0.231461 -0.527073 0.319842 -0.0396709 -0.100099 -0.222074 -0.251026 : 0
-0.0632131 1 -0.0636407 0.767138 0.750854 0.0157621 -0.0230908 0.0515598 0.106102 : 0
-0.0730771 0.0365665 -0.00949131 0.754424 0.0697639 0.556801 0.130594 0.594722 0.312864 : 0.2
0.174955 -0.0528969 -0.71781 -0.383959 -0.266355 1 0.678481 0.134172 1 : 0
0.506722 0.155723 0.0683867 0.286581 -0.0345497 -0.762369 -0.00674714 -0.0791203 -0.122739 : 0
-0.148812 -0.947892 -0.0663727 -0.131532 0.497284 0.637955 0.0909725 -0.0674208 0.235733 : 0
-0.243254 0.389535 0.142223 -0.358117 0.590644 -0.310705 -0.400268 0.195499 -0.453103 : 0
-0.268702 0.257247 0.553978 0.402136 0.53828 -0.756406 0.127685 -0.335431 0.482425 : 0.1
0.316591 0.552865 0.289127 0.14073 -0.274333 -0.162605 0.00724895 0.152375 -0.0144431 : 0.1
-0.135923 0.542601 0.494301 -0.341798 0.327997 0.0606753 0.208796 0.177633 0.167259 : 0
0.374843 0.563361 0.246591 -0.776522 -0.0138813 0.159949 0.235267 0.131213 -0.368032 : 0
-0.255755 0.181212 0.315906 0.266829 -0.106653 -0.263057 0.142596 -0.173768 0.00658927 : 0.3
-0.224583 0.529548 0.138745 -0.248018 -0.134075 0.260223 -0.228507 -0.21067 0.7015 : 0
1 0.315724 0.337319 0.0438731 0.313225 -0.484175 0.365989 0.467225 -0.20694 : 0
-0.602753 0.850192 0.177061 0.439606 -0.0066938 -0.662313 -0.1109 -0.0315846 0.494741 : 0
0.237282 0.479375 -0.265413 0.454459 0.207396 0.517089 -0.232452 -0.0337214 0.590333 : 0
-0.369522 0.301342 -0.349734 -0.336412 -0.0582736 0.161461 0.172731 0.157773 1 : 0.1
0.186626 0.445716 0.87301 1 0.136097 -0.367051 0.230761 -0.54771 0.353775 : 0
-0.434412 0.57438 0.240836 0.294001 0.113758 0.816363 -0.37502 0.0958532 0.593864 : 0.1
-0.123682 0.490114 -0.104852 0.528799 -0.313441 -0.142592 0.471384 -0.45337 0.80023 : 0.1
-0.338517 0.347516 0.0231704 -0.554351 -0.153377 -0.0808945 1 0.129648 0.156047 : 0.1
-0.053447 0.287371 -1 -0.416037 -0.209784 0.308395 -0.554285 -0.0147914 0.222897 : 0
-0.386645 0.643962 -0.977631 0.470198 -0.0518812 0.879361 0.453685 -0.0918949 0.282015 : 0.1
0.169518 0.380764 0.398879 -0.396716 -0.0088553 -0.207314 0.241495 -0.143563 -0.498689 : 0
0.518764 0.458792 -0.314877 0.203282 0.305431 -0.0676966 -0.738798 0.392241 0.534845 : 0.4
-0.157122 0.488105 -1 0.439771 0.388404 -0.00425784 -0.0381117 1 0.0727879 : 0.3
0.718906 0.0795079 0.372518 -0.149466 0.293358 0.215457 0.286875 -0.548168 -0.282767 : 0
0.131559 0.398747 0.532598 -0.0708012 0.164873 0.0784135 -0.13762 0.190379 0.217124 : 0
-0.222113 0.567962 0.512233 0.196797 0.439396 0.760293 0.0827887 -0.0226041 0.141784 : 0
-0.49448 0.49422 -0.154267 -0.179096 0.961202 -0.0148637 -0.0972457 -0.00166655 0.43622 : 0.5
-0.436985 0.566134 0.745013 -0.533093 0.107766 1 0.392114 -0.150494 0.277443 : 0.1
0.139201 0.594901 0.189759 -0.149136 -0.736141 -1 0.0406523 0.0872822 -0.0981129 : 0
0.206356 0.864786 0.0184971 -0.791028 0.634039 -0.19314 0.235608 0.0797998 0.170392 : 0.3
-0.0398052 0.0974024 0.124684 0.843152 -0.324262 0.877253 -0.132266 1 -0.128368 : 0
-0.446819 0.739976 0.909385 0.47041 0.441464 0.497409 0.844019 -0.286881 0.404943 : 0
0.375471 0.921915 0.0995056 0.107165 0.387013 0.718767 -0.247166 0.0314625 -0.134481 : 0.3
-0.487973 0.550018 0.594554 -0.24247 0.624086 0.234553 0.262293 -0.102244 0.132544 : 0
0.715158 0.33506 -0.317015 -0.656144 0.6146 -0.186398 0.182181 0.719053 0.939858 : 0
-0.503736 0.160776 -0.419593 -0.461765 -0.0680832 0.648395 0.08933 -0.028272 -0.110974 : 0
-0.339112 0.62873 0.415048 0.397111 0.162257 0.331617 0.46355 0.161757 -0.241275 : 0.1
0.373093 0.715653 0.290144 0.292526 0.773147 -0.0488985 -0.0580634 0.868372 -0.514432 : 0
0.00628144 0.0130804 0.71965 -0.278621 -0.755725 0.129677 0.181256 0.0182807 0.895016 : 0.4
-0.0862621 0.728906 0.355263 0.342082 -0.0295565 -0.238452 0.179365 0.175267 0.854938 : 0
-0.648726 0.465776 -0.102017 0.27865 0.233325 0.610522 -0.308405 0.43912 0.193932 : 0.4
1 0.700215 -0.0697052 0.0849246 0.14548 -0.00879586 0.294502 0.329069 0.0277659 : 0
1 0.220535 -0.414144 -0.111878 0.537934 -0.512502 0.544142 -0.0470911 -0.686997 : 0
0.601209 0.303621 0.464695 0.139819 -0.895288 -0.144292 -0.0554487 0.380722 0.0855586 : 0.4
0.0317712 1 -0.124963 1 -0.372034 -0.199453 -0.0858252 0.0450246 0.054528 : 0.4
-0.284802 0.312408 -0.0226477 0.622158 0.332178 0.0558635 0.245096 0.0331521 0.17223 : 0.1
-0.00872371 0.0612686 -0.150877 -0.705014 0.319251 -0.383285 0.428822 -0.205879 0.0232345 : 0
1 0.772681 -0.624312 -1 0.518919 0.295223 0.208513 0.757753 0.318155 : 0.2
-0.791941 0.366216 0.238634 -0.835206 -0.00337283 -0.219227 0.148568 0.117885 -0.148541 : 0.1
-0.121078 0.162237 0.056358 -0.768505 0.625259 -0.38815 0.556996 -0.0609993 0.672261 : 0
-0.404593 0.555958 0.324167 0.0826908 0.385959 0.316012 -0.221661 1 1 : 0.2
-0.139231 0.440502 -0.0748029 0.0860844 -0.571079 0.228824 -0.282209 -0.0619069 0.0994064 : 0
0.523735 0.617031 0.553477 -0.0537717 0.747491 -0.192329 -0.177107 0.215899 0.158144 : 0
-0.272262 0.891617 0.139438 0.524127 0.0540952 0.551884 0.297137 -0.098772 -0.304094 : 0.1
-0.351772 0.712775 0.0753583 -0.111004 -0.0193716 -0.0666789 0.295224 0.441399 -0.146597 : 0
0.244633 0.73153 0.0845218 0.58298 -0.115039 0.580928 -0.224926 -0.0258028 0.123576 : 0.6
0.260467 0.886438 0.148371 0.302304 0.400612 0.609652 0.0512517 -0.373455 -0.632413 : 0
-0.706301 0.983173 0.905164 -0.560758 -0.129127 -0.21479 0.0859053 -0.231599 0.983255 : 0
-0.521033 -0.74119 0.819957 -0.601825 0.00869645 0.561051 -0.46361 0.0971731 -0.687639 : 0.1
0.7676 0.545415 -0.356268 -0.112774 1 0.137556 -0.337362 0.73148 -1 : 0
-0.459919 0.63779 -0.217377 0.303999 0.0291812 -0.16206 0.0679961 0.59039 0.315188 : 0
-0.873892 0.511461 -1 0.496003 0.21076 -0.128262 -0.0345082 -0.0588286 0.250719 : 0
0.405767 0.534112 0.401196 0.063345 -0.557948 -0.154057 -0.0478806 0.297678 0.177128 : 0.2
-0.103082 0.172705 0.788555 -0.72053 0.210659 -0.259794 0.442614 -0.578581 0.454076 : 0.1
0.169419 0.61463 0.313534 -0.0502631 0.185855 -0.533725 -0.00921183 -0.268512 0.147053 : 0.5
-0.525195 0.546593 0.237399 0.0435678 -0.475609 0.490313 -0.0926836 -0.23469 0.0527598 : 0.1
-0.108667 -0.416612 -0.0691448 -0.367146 -0.0721202 -0.0986001 -0.261422 -0.0349829 0.384478 : 0.3
-0.144076 0.845705 0.758858 -0.128187 0.168651 0.198121 -0.0263239 -0.26559 0.00738433 : 0
-0.521652 -0.0646694 0.351753 1 -0.156337 0.546645 0.275785 -0.000958492 0.459489 : 0
0.206903 -0.0487228 -1 0.21612 -0.308984 0.0952836 -1 0.131991 1 : 0.3
0.717965 0.718755 0.34363 -0.241635 0.30245 0.419754 0.0015509 0.565136 0.308956 : 0
-0.0155478 0.971613 0.372891 -0.0429185 0.12866 -0.246038 0.151458 0.99544 0.266632 : 0.1
-1 0.455628 0.346094 0.909762 0.0343436 0.0202483 0.225973 -0.535641 0.276366 : 0.1
-0.153736 0.595839 0.637937 -0.339651 0.194126 0.297348 0.550887 -0.0950426 -0.733461 : 0
0.167842 0.673433 0.388781 -0.100295 0.679905 0.795529 0.0309386 -0.0231364 -0.2486 : 0
0.0125317 0.673379 0.031572 -0.115601 -1 0.700765 0.0343474 -0.509726 0.766272 : 0
0.354826 0.460866 0.37926 0.154674 -0.150591 1 -0.438331 -0.259989 -0.350551 : 0.4
-0.387069 0.406624 -1 -0.564697 -0.149374 -0.0508856 0.138649 -0.283912 0.128211 : 0
0.738638 0.912537 0.350343 -0.215485 0.154269 0.393418 -0.131765 0.107714 0.279969 : 0
-0.127385 0.625092 1 -0.197279 0.150998 1 -0.0416951 0.0495892 0.245525 : 0
-0.442894 0.304884 0.836447 0.282107 0.030098 0.387228 -0.262932 -0.184849 0.320832 : 0
0.295569 0.23367 -0.856103 0.346797 -0.333095 0.335055 -0.0733756 1 0.868687 : 0
-0.424139 0.398124 0.618761 -0.345789 0.136687 -0.559498 0.0210816 0.126153 0.3362 : 0.2
0.4287 0.233348 0.52191 -0.238159 0.553072 -0.502925 0.0650925 0.0343155 0.282169 : 0
-0.482698 0.280954 0.604624 0.948882 -0.87527 -0.0359392 0.146753 -0.114787 0.21351 : 0
-0.14677 0.157245 -0.0832088 -1 0.888878 -0.367204 0.920977 -0.241872 0.0137632 : 0.4
-0.347153 0.568092 0.13175 -0.464719 -0.671231 -0.279542 -0.648587 0.386251 0.877299 : 0
-0.941006 0.514515 0.0552333 -0.0775315 0.151738 -0.518952 -0.389912 0.496212 -0.113434 : 0.1
-0.627437 -0.0340247 0.263061 -0.259586 -0.295996 -0.192135 0.10935 0.114483 -0.507485 : 0.2
-0.963741 0.276968 0.459921 0.322073 0.263248 0.0880738 0.210012 0.651855 0.71378 : 0
-0.84186 0.444229 0.244755 -0.453523 0.182157 0.326717 0.118929 0.565946 0.838031 : 0.4
-0.777709 0.796801 0.325424 0.916408 0.167234 -0.0819383 0.234386 -0.221528 0.659921 : 0.2
-0.183949 0.321371 0.813082 -0.135045 -0.760844 -0.17169 0.527254 1 0.197523 : 0.3
-0.167926 0.474479 1 -0.401596 0.949156 0.301952 -0.177186 0.895995 0.0547891 : 0.4
-0.195491 0.596958 -0.758171 -1 -0.374836 0.209401 0.360231 0.1203 -0.424919 : 0
0.183393 -0.171292 0.1466 0.436624 0.303793 -0.897951 -1 0.284576 -0.675694 : 0.2
-0.564711 0.43533 -0.237724 0.600621 -0.745151 -0.459444 -0.0427073 0.626795 0.988617 : 0
-0.283988 0.667824 0.187788 0.779856 0.10701 0.623946 0.672545 0.435151 0.762525 : 0.1
0.717017 0.762133 0.187206 0.504796 1 0.543301 0.233857 0.440841 0.259433 : 0
0.0879274 0.720845 0.953516 1 0.629173 0.0298356 0.0101946 -0.0751114 0.166012 : 0
-0.399671 0.368341 -0.394368 -0.037318 -0.487125 0.705082 0.0271623 -0.468078 -0.259249 : 0.4
-0.219913 0.462567 0.0701999 -0.252634 -0.0580804 0.181329 -0.0828562 0.13432 -0.0382214 : 0.1
0.482682 0.706987 -0.385457 0.0335784 1 0.454688 0.328604 0.0423256 0.396928 : 0
-0.0405775 0.459927 0.105201 1 -0.137644 0.0154764 0.519164 0.0999245 0.156959 : 0.5
1 0.263511 -0.533458 0.067794 -0.173944 0.698855 0.184254 0.182278 0.126362 : 0
0.0516692 0.688919 -0.142679 0.0832239 1 0.180534 0.103322 0.199135 0.181278 : 0
0.121126 0.0602561 0.189108 0.751019 -0.572493 -0.7397 -0.840354 0.380162 0.277401 : 0
-0.26639 0.129801 0.902464 -0.266449 -0.135462 0.288713 0.0904067 0.0701307 0.412587 : 0.1
0.507571 0.062059 0.503879 0.128258 0.242651 0.667386 -0.192351 -0.423741 0.268582 : 0.2
0.0483027 0.268367 0.177554 1 0.282333 0.0905979 -0.0525217 0.285935 -0.109645 : 0.1
-0.59438 0.639985 0.442723 -0.422959 0.60663 0.045606 0.540556 -0.187783 0.327013 : 0.1
0.675997 0.154492 -0.0755799 0.133245 0.293364 0.974262 0.399211 0.0796219 0.251815 : 0
-0.00866938 1 0.218555 0.126804 0.549133 -0.37754 -0.160781 0.105267 0.404025 : 0
-0.144532 0.45249 -0.49658 -0.339934 -0.22482 0.229778 0.104894 0.381768 0.79625 : 0.1
-0.411281 0.572122 0.115463 0.00278918 -0.0500483 0.566059 -0.114962 -0.483882 1 : 0.1
0.463209 0.423272 0.217468 0.134407 0.121261 0.206732 -0.950938 0.323799 0.234859 : 0
-0.871865 0.320028 0.694594 -0.199076 -1 -1 0.275252 -0.495072 1 : 0
-0.264451 0.413278 0.6034 0.671719 0.125083 -0.532044 -0.131546 -0.14086 0.227508 : 0.4
0.072872 0.36947 -0.212139 -1 0.309671 -0.73972 -0.284971 -0.236678 0.820897 : 0
0.0210372 -0.298113 0.798441 -0.26988 -0.0140959 0.772588 0.267989 0.150796 0.37206 : 0
-0.0797005 0.485206 -0.0412491 0.727851 0.105857 0.126662 0.136472 -0.212312 0.384956 : 0
0.276236 0.421069 0.410939 0.078645 -0.697873 -0.371936 0.254024 0.209199 0.446835 : 0.5
-0.0179622 0.725457 -0.615403 -0.0755771 0.0804559 -0.294758 0.38445 -0.0239975 -0.250581 : 0.3
0.27472 0.642468 -0.0889143 0.346522 0.969897 -0.346285 0.401143 0.0202681 0.674751 : 0
-0.467982 0.411439 -0.0603123 0.826582 -0.42649 0.202968 -0.364796 0.611863 0.545717 : 0
0.564202 0.61555 0.174762 -0.912482 -0.734687 0.247543 -0.0503262 0.0682226 0.139959 : 0
-0.164366 0.494416 0.558656 0.187512 -0.0664013 -0.265592 -0.210426 0.902891 0.557289 : 0.2
-0.326056 0.639186 0.497561 -0.401706 0.408959 -0.0109293 0.460149 -0.113356 -0.159805 : 0.5
-0.0973263 0.319657 0.344952 0.298445 -0.222623 0.0534631 -0.263421 0.143178 -0.0376054 : 0.5
-0.296807 0.335421 0.559942 0.512585 -0.301775 0.398112 -0.334667 0.0945662 0.287057 : 0.3
0.822585 0.127071 0.054114 -0.0647601 0.444965 -0.303797 -0.158573 1 0.347715 : 0
-0.0638907 0.197114 0.636372 0.182903 0.274034 -0.563013 -0.127706 0.0867253 0.259898 : 0
0.574192 0.27395 0.0827043 0.493293 0.0267409 -0.736639 0.320299 0.407525 -0.133759 : 0
0.135587 0.615314 0.968274 -0.130134 0.260246 -0.225522 0.0629066 0.429173 -0.260451 : 0
-0.12903 0.310653 -1 -0.477232 0.704909 -0.287998 -0.0774428 -0.0617847 -0.667212 : 0
-0.282904 0.606994 0.750851 0.336175 -0.0612955 0.41117 0.469889 0.137758 1 : 0
-0.0639745 0.428895 -0.0271679 0.428592 0.206135 0.62981 0.11757 0.243036 0.183199 : 0.3
-0.0624622 0.838893 -0.329255 -0.125941 1 0.943627 -0.381608 0.0472509 -0.0161621 : 0.2
0.392109 1 0.0696393 0.174135 -0.0405232 0.86101 0.415364 -0.254942 -0.420658 : 0
0.865806 0.247415 0.253965 0.0524004 0.148561 0.921337 0.36037 -0.276934 0.0723288 : 0
-0.58491 0.321439 0.457445 0.371677 -0.361004 -0.195648 -0.171339 -0.0573488 0.476059 : 0.1
0.0782062 0.203219 -0.0109892 0.372832 -0.318221 0.438203 -0.0434747 0.778805 -0.388979 : 0.1
0.334593 0.750569 0.775903 0.394595 0.38451 -0.339785 -0.170552 -0.0663584 1 : 0.4
-0.41638 0.353739 -0.152748 0.476084 -1 -1 0.281606 0.0486003 0.623618 : 0
-0.592938 0.51519 0.279508 -0.224345 0.254272 -0.432 0.230222 -0.445869 -0.674362 : 0
-0.461771 0.928622 -0.232782 0.765242 -0.362895 0.112933 -0.570344 0.837042 1 : 0
0.1389 0.108067 0.656016 -0.379086 -0.152921 0.483247 0.296665 0.222436 -0.0590424 : 0.3
-0.299303 0.396777 -0.424565 0.129378 0.637317 -0.00393331 0.431416 0.171811 -0.332002 : 0
-0.411834 0.571835 0.452999 -0.204822 0.102156 -0.8909 -0.0283727 0.408135 0.116528 : 0
1 0.86852 0.380741 0.135369 0.512469 -0.764867 0.393199 -0.296563 -0.497881 : 0
-0.440051 0.464242 0.868101 -0.709247 -0.996077 -0.233391 0.114584 0.00498411 0.175946 : 0
0.532184 0.418776 0.410904 -1 0.383528 0.288207 0.576124 -0.697066 -0.405826 : 0
-0.00072521 0.537958 0.284441 -0.171142 0.441925 -0.221595 0.0905895 -0.0129033 0.837211 : 0
-1 0.278936 0.137375 -0.346489 0.0087211 0.575999 0.058588 -0.3704 -1 : 0.1
0.666588 -0.00927462 0.362142 0.0351867 -0.189785 -0.100888 -0.786571 0.0361865 -1 : 0
-0.177008 0.534171 -1 -0.392356 -0.872747 -0.606214 0.299362 0.385047 1 : 0.4
-0.0912421 0.629155 0.113007 -0.316766 -0.0420582 0.815187 -0.324287 0.16096 0.255218 : 0
0.06355 0.509374 -0.0297644 -0.169245 0.154835 0.652072 0.0674052 0.0914649 0.298721 : 0
-0.706315 -0.103163 -0.289334 -0.448186 1 0.263333 0.445429 0.193648 0.247896 : 0
-0.218064 0.70637 -0.742089 0.235284 0.75361 0.128653 -0.0399053 0.257046 0.0853499 : 0.3
0.184875 -0.763937 0.209856 -0.602889 0.192011 0.0359129 -0.0224445 -0.319269 0.189275 : 0
0.807634 0.571274 -0.0353008 -0.00167626 -0.00319269 0.186286 -0.0304915 -0.238056 0.186581 : 0
-0.583526 -0.00381196 -0.779465 0.109868 1 -0.228736 -0.149835 -0.166682 0.333959 : 0
0.532071 0.519747 0.392 0.365496 -1 -0.0647074 0.021177 0.272512 0.162695 : 0
0.0501356 0.564304 0.200213 -0.755446 -0.275748 -0.0190326 0.553289 0.325541 0.406498 : 0
-0.795907 0.530662 -0.691736 -0.640529 0.0643072 0.0555637 0.181003 0.0130911 -0.06918 : 0
0.199412 0.266781 -0.0323048 -0.25197 0.645012 0.10972 0.0133584 0.105511 0.838324 : 0
-0.0572546 0.454646 0.109702 -0.512631 -0.184007 -0.0247773 -0.20247 0.143844 0.00422215 : 0
-0.261269 0.418094 0.714411 0.294234 0.256725 -0.452619 0.312542 -0.691331 0.173434 : 0
0.103396 0.098875 0.0367912 -0.739412 -0.650096 -0.187018 0.254652 0.0739827 0.147963 : 0.4
0.225192 -0.207405 -0.894384 0.630236 -0.936283 0.337764 0.0392606 0.0289632 0.318995 : 0
0.457374 0.112693 -0.0398768 0.722292 0.231678 -0.879583 0.400157 0.434862 0.201273 : 0
-0.157098 0.559389 0.224731 -0.0881028 -1 -0.0571007 0.110542 0.153401 1 : 0
0.375402 0.529966 0.309012 -0.317245 0.297046 -0.598655 0.0470242 -0.189118 0.213242 : 0
-0.770911 -0.276733 5.91278e-05 -0.183804 0.0364518 1 0.0160271 -0.128395 0.37854 : 0
0.0848163 0.905459 -0.0426548 1 1 0.0796922 0.209464 0.48043 0.127409 : 0
-0.197798 -0.796492 -0.565031 -0.369254 0.383163 0.444389 -0.0439301 0.101705 0.286378 : 0
0.977823 0.326562 0.839538 0.33326 -0.0976985 1 0.153158 0.153485 -0.234358 : 0.2
0.600767 0.682741 0.452295 -0.576775 0.00760145 0.400197 0.0560297 -0.1854 -0.769329 : 0
-0.991121 0.346837 -0.677158 -0.272258 0.464859 -0.0889192 0.158092 -0.0398906 0.301105 : 0.4
0.149893 0.559298 0.373214 -0.220727 0.107646 0.348601 0.265503 0.280198 0.642279 : 0
-0.261469 0.910709 0.309944 -0.170599 -0.224032 0.168944 0.13334 0.791198 0.079535 : 0
0.0879633 0.675865 0.112229 0.0267983 -0.54713 0.453425 0.10364 0.299139 0.0768427 : 0.4
-0.195128 0.234239 0.79014 0.159203 -0.946563 -0.089276 -0.0405231 0.351397 0.128522 : 0
0.354274 1 -0.171674 0.0364701 0.610151 -0.0335728 -0.192962 -0.207847 0.386423 : 0
-1 0.341743 0.585267 0.184648 0.332116 0.425418 0.0258205 -0.662065 0.181327 : 0.5
-0.152004 0.385992 -0.961507 0.978795 0.181015 -0.387879 0.176056 1 0.536882 : 0
-0.351839 0.628565 0.334819 -0.500817 0.289923 0.089818 0.687135 -0.211069 -0.722331 : 0.1
-0.519548 -0.428231 -0.158637 -0.412544 0.916132 -0.287646 -0.161487 -0.177571 0.357921 : 0.5
0.709213 0.177844 -0.574058 -0.345009 -0.123711 -0.530666 0.278379 0.338488 0.996343 : 0.5
0.155538 0.822927 0.82049 -0.238515 -0.0994748 -0.124269 -0.163113 0.0567509 0.506624 : 0.7
0.0445287 0.558885 0.479823 -0.14 0.368654 0.247497 0.221488 -0.0141416 1 : 0.5
0.180017 0.554603 0.273191 0.224197 0.124941 0.430038 -0.660327 -0.0228341 0.228302 : 0
-0.0724638 0.558677 -0.351074 0.00810194 -0.031169 -0.330984 -0.00746307 -0.240277 0.806108 : 0
-1 0.0628774 -0.226831 0.129484 -0.0830534 0.148937 0.651231 -0.320495 -0.327324 : 0.1
0.174123 0.277789 -0.094885 0.187025 0.796292 0.316187 -0.102526 -0.140191 0.0110568 : 0
-0.185485 0.13348 0.126201 0.821141 0.0467631 1 0.453803 0.590805 -0.108601 : 0
0.94478 -0.401623 0.46826 0.042127 0.346711 1 -0.253102 -0.340699 0.648118 : 0
0.354895 0.394108 -0.314521 0.425797 0.154493 -0.330766 -0.11268 0.222836 0.281186 : 0
0.299704 0.397316 -0.00171599 0.122432 0.0208075 0.478883 0.0385265 0.0115892 -0.12231 : 0.1
0.198247 0.484574 -0.447743 -0.690492 -0.00275576 -0.42872 0.0949327 -0.366034 0.18519 : 0
-0.265252 0.569302 0.285933 -0.474819 -1 0.463168 -0.391776 0.176149 0.469357 : 0
0.886916 0.735031 -0.380715 0.497572 -0.579721 0.579084 -0.780991 0.624328 0.190116 : 0
-1 0.0706054 0.187082 -0.468381 0.454371 0.405668 -0.287853 0.0153972 1 : 0.1
-0.511827 0.311744 0.295396 -0.116832 -0.256931 -0.0754198 -0.261105 0.116709 -0.0608762 : 0
-0.344444 0.280461 0.394711 0.174722 -0.0791328 -0.0732637 -0.475166 0.13014 0.502766 : 0.1
-0.140563 0.201746 0.316455 -0.435642 -0.325634 -0.465381 0.110664 -0.159793 0.184782 : 0
0.00228541 0.328201 -0.104869 -0.538002 -0.186862 0.141652 -0.220477 -0.367449 0.0779179 : 0
0.321496 0.364127 0.014218 -0.439171 0.0673831 0.436777 -0.244516 0.0229084 -0.0526357 : 0
0.0048262 0.404189 -0.334156 -0.0951158 -0.293643 0.762722 0.200576 0.217615 0.574252 : 0
0.152969 0.547717 -0.748212 0.531139 -0.264503 -0.0529065 -0.182354 -0.149593 1 : 0
0.564536 -0.24953 0.493378 -0.270732 0.927351 0.664365 -0.0613061 -0.0154395 0.267286 : 0.2
0.653405 0.593445 0.258809 -0.872186 0.0526649 -0.450122 -0.0427668 0.151681 0.125293 : 0.1
0.134775 0.463296 0.101135 -0.0603423 0.0928325 0.105859 0.913131 0.0664055 0.221911 : 0.3
-0.16313 0.630022 0.431539 -0.177818 0.107241 -0.0351101 0.328951 0.141869 -0.0728862 : 0.1
-0.372576 0.278111 -0.744582 -0.941252 0.236678 0.08193 -0.28822 -0.197147 0.0668 : 0
0.213559 0.778579 0.160461 0.447124 0.368961 0.82743 0.0331475 0.037282 1 : 0
-0.0633373 0.353354 0.0635937 -0.912771 0.290587 -0.208546 0.624769 -0.119947 0.737161 : 0.2
-0.630698 0.265329 0.146536 0.0568772 0.201219 0.244269 -0.264942 -0.0274183 0.616608 : 0.4
0.348185 0.566387 0.087107 -0.196182 -0.245446 -0.430181 -0.518788 -0.0146311 0.310487 : 0
-0.214995 0.4419 0.254864 -0.236615 0.316765 -0.437278 -0.210721 -0.374929 -0.111469 : 0
0.473368 0.601039 1 0.0106621 0.359689 0.121962 0.133193 -0.0550436 -1 : 0.4
-0.835552 0.409087 -0.120272 -0.601568 0.773977 -0.347727 0.394012 0.498167 0.157305 : 0
-0.142091 0.458377 0.0549161 -0.252729 0.0491192 -0.191801 0.297089 0.473553 0.565106 : 0.4
-0.226953 0.229726 -1 0.114796 -0.0135415 1 0.164739 -0.487494 -1 : 0.2
-0.549756 0.522071 0.568632 -0.41668 -0.302542 -0.502232 -0.153048 0.259688 -0.215393 : 0.2
-0.69203 0.555651 0.396817 0.965781 0.182353 -0.260242 -0.908248 0.0435621 0.872636 : 0.4
-0.208921 0.233819 0.123282 -0.607259 -0.229874 0.858339 -0.659032 0.0267989 0.21817 : 0
-0.0204234 0.197685 0.518762 -0.529195 0.134789 -0.701341 0.97185 0.0258786 0.283184 : 0.1
-0.201959 0.000140734 0.696641 0.321876 -0.797181 -0.444201 0.582818 -0.226906 -0.488078 : 0
-0.142686 0.111818 0.109674 0.162671 -0.0708085 0.948761 0.0918474 0.60857 0.110698 : 0.4
-0.0826579 0.00414127 0.341933 -0.136746 1 -0.0246987 0.0835772 -0.112201 0.248622 : 0
-0.0350803 0.544271 0.309703 0.413829 0.168004 0.66521 -0.113186 0.272821 0.145033 : 0
0.0582211 0.672898 -1 0.0859338 0.145094 0.351527 -0.262701 -0.0969033 0.147416 : 0.3
-0.00992495 0.244032 -0.0993457 -0.346526 -0.191288 0.398252 -0.201921 -0.380653 0.032838 : 0
0.631501 0.291988 0.32767 0.332281 0.782832 0.0160118 0.00977805 0.0523982 0.00228587 : 0.4
-0.326267 0.985181 0.0946833 0.632933 0.821959 0.342888 0.136569 -0.238676 0.22165 : 0.4
0.202071 0.612705 0.333138 0.629134 0.7868 -0.239708 -0.0369148 0.287837 -0.443888 : 0.5
-0.11459 -0.460177 0.0940063 -0.359813 -0.629775 -0.0452603 0.0548109 0.607499 0.0530122 : 0
0.481606 0.422023 0.456561 -0.996853 0.268274 0.54008 -0.271894 0.352112 0.0790064 : 0.3
0.446197 1 -0.024181 -0.467746 0.239444 0.452408 -0.295671 -0.192525 -0.815107 : 0
0.148009 0.491067 -0.143748 -0.12372 0.107541 0.280698 0.199364 0.247766 -0.206179 : 0
0.618184 0.766715 0.112017 0.302844 0.0511781 -0.424263 0.0960175 0.224522 0.45683 : 0.1
0.320393 0.682084 0.812161 -0.2309 0.496736 0.234525 -0.357528 0.174637 1 : 0
0.412662 0.801632 -0.232334 -0.45901 0.455434 0.30914 0.180584 -0.534054 0.980014 : 0.4
-0.262835 -0.325031 0.274266 0.0587635 -0.128794 0.320183 0.309927 0.417438 0.791307 : 0.1
0.553838 0.598212 0.0951079 -0.143765 -0.0397559 0.949276 -0.0866677 -0.0410677 0.22295 : 0.1
-0.541763 0.447227 0.462738 -0.181304 -0.068913 0.229544 0.157065 0.0648547 -0.165346 : 0.1
-0.197381 0.2385 0.232721 0.328719 0.0421395 0.147639 0.156939 0.280435 1 : 0
-0.718771 1 -0.584602 1 0.414693 0.00559734 0.0149759 0.177893 0.225963 : 0.1
-0.189302 0.310228 -0.32446 0.16071 0.209691 0.059637 0.00941101 0.136095 0.104701 : 0
-0.305437 0.490678 0.121521 0.12141 -0.283461 0.0218483 -0.951972 0.0245544 0.421091 : 0
-0.581519 0.419768 0.528026 -0.0843731 0.0659912 -0.108204 -0.657573 -0.181052 0.875195 : 0
-0.407148 0.711179 0.429601 -0.0477493 -0.539599 0.377946 0.25654 -0.125383 0.938589 : 0
0.991932 0.362155 0.3614 0.760747 -0.470542 -0.168282 0.634132 -0.247132 0.342561 : 0.1
-0.114191 -0.0615894 -1 0.342725 1 -0.0359782 0.00161006 -0.123735 0.148698 : 0
0.0275536 0.249069 -0.120629 -0.00092724 -0.213296 -0.0492454 -0.527564 -0.0558548 0.293987 : 0.2
-0.220708 0.367315 0.0864069 0.893601 0.0496999 -0.735561 0.834664 -0.215994 0.0439163 : 0
0.394652 0.81142 -0.316216 -0.233581 -0.252021 0.400679 0.24613 -0.0512519 0.484247 : 0.2
-0.218383 0.210816 0.0164181 0.0395628 0.102817 0.972893 0.263576 -0.427823 -0.618801 : 0.3
-1 0.186886 0.558735 0.140726 -0.0603019 0.063004 0.0327936 -0.346978 0.110368 : 0.3
0.652685 0.475701 0.547237 0.137677 0.0341985 0.507245 -0.172708 0.0189279 0.411046 : 0.1
-0.31768 0.327007 0.882206 -0.347073 -0.0804016 0.138609 -0.502603 0.826199 -1 : 0
0.394736 0.216375 -0.128435 0.335806 0.271663 0.201709 0.196615 -0.595908 0.126015 : 0
-0.0141912 0.603113 0.347586 0.400737 -0.0589451 0.280202 -0.21385 0.111156 -0.397533 : 0
0.111208 0.734608 0.185308 0.834167 0.594126 0.510079 -0.00934895 0.484012 0.338826 : 0
-1 0.190416 0.181198 -0.354163 0.37666 0.0212008 -0.270679 0.419826 0.522733 : 0.1
-0.730982 0.5378 0.550014 1 -0.452582 0.176108 0.278477 0.793553 0.881143 : 0.4
0.0242466 0.508239 0.0150751 -0.836987 -0.444013 0.360916 0.173302 0.483003 0.017814 : 0.1
0.274467 0.58823 0.166918 -0.398331 -0.00229618 0.885461 0.53398 -0.0475576 0.627391 : 0.2
0.39924 0.233226 1 -0.522531 0.582583 0.169515 0.634033 -0.0480685 0.93837 : 0.1
0.111499 0.327631 0.24416 -0.0180305 -0.249889 0.178065 0.132839 -0.345974 -0.106409 : 0
-0.686855 0.59033 0.100391 0.0995044 -1 0.167677 -0.106971 0.308915 -0.570635 : 0
0.0510856 0.305376 1 -1 -0.429431 -0.220406 0.00149681 0.410587 0.105165 : 0.3
-0.786703 -0.0732258 0.0916279 0.866764 0.174596 -0.0829527 0.376427 0.287868 -0.298998 : 0
-0.812905 0.409386 0.307484 -0.103086 0.112701 -0.014835 0.718269 -0.329138 0.0789601 : 0.2
0.25085 0.150686 0.374595 0.156277 0.422866 1 -0.0690909 -0.341736 0.382721 : 0.3
0.0892215 0.539419 -0.00846729 -0.459708 0.2393 0.227379 -0.0851125 -0.19768 -0.210036 : 0
-0.302983 0.405467 0.413706 -0.292983 0.466869 -0.0531645 0.477234 0.152497 -0.417158 : 0
-0.273903 0.657173 -0.238962 0.322444 -1 0.173339 0.767801 0.0494223 -0.0280157 : 0
0.672738 1 -0.311221 0.355035 1 -0.0728407 0.533903 0.565792 -1 : 0.3
0.277434 -0.991594 1 0.216355 0.921581 -0.0804266 -0.0816635 -0.00295703 0.234549 : 0.1
0.0932366 0.781118 0.0711474 0.664241 -0.136161 0.839028 -0.346984 0.180016 0.233472 : 0.4
0.0388813 0.855146 0.481216 0.174977 -0.029778 1 0.236806 -0.558066 0.115639 : 0
0.258869 0.17974 0.940844 0.271903 -0.177162 1 0.608245 0.133624 0.149543 : 0
-0.263204 0.663142 0.149153 0.235897 0.201481 -0.0897046 1 0.241648 1 : 0
0.161612 0.20138 -0.373146 -0.563411 -0.325588 0.0988562 -0.529079 0.227238 0.178358 : 0
-0.00175202 0.238734 -0.285522 0.190636 1 -0.646303 0.896502 -0.367445 0.461068 : 0
-1 0.424293 0.0478864 -0.448768 -1 0.059724 -0.0261705 -0.130157 -0.194837 : 0
-0.824939 0.19051 0.395164 -0.602167 0.244851 0.00139115 -0.162526 0.210485 0.787047 : 0.5
-0.197219 0.928161 0.524819 -0.0774838 0.321595 0.869348 0.232558 0.487342 0.332629 : 0.3
0.407839 0.590996 -0.35295 -0.0233541 -0.0269284 -0.397046 0.146698 0.245843 0.420777 : 0.3
-0.275297 0.738364 0.28658 -1 0.114678 0.548999 0.047684 -0.0183163 0.538833 : 0.1
-0.000661552 0.830953 0.201493 -0.524462 0.225198 -0.44262 -0.143787 0.120318 0.776418 : 0.3
0.130976 1 0.397379 0.365931 0.134707 1 0.373693 -0.35738 -0.110145 : 0
-0.0868425 0.216043 0.196023 0.143203 -0.167349 0.215864 0.554606 -0.142717 -0.314589 : 0
0.087639 0.454714 0.579985 0.428426 0.51238 -0.84938 0.204146 0.660902 -0.259533 : 0
0.485504 -0.777806 0.869454 -0.641352 -0.0326091 0.675654 0.236167 0.0514627 0.291858 : 0
-0.461025 0.601212 0.140601 -0.974584 -0.24207 0.873194 0.142555 -0.0382279 -0.290717 : 0.1
0.0542103 -0.247028 0.470591 0.390384 -0.187199 0.102971 0.0908822 0.125016 0.104878 : 0
-0.15994 0.392529 0.0991906 -0.377889 -0.183597 -0.0833832 -0.104622 0.112115 -0.0514671 : 0.1
-0.96857 0.478176 0.209911 -0.128855 0.113076 0.811151 -0.041062 -0.189371 -0.0481791 : 0.4
-0.401985 0.0251012 0.121621 0.323804 -0.198967 -0.100434 -0.178491 0.155696 0.131929 : 0.1
-0.405916 -0.0377982 0.301817 0.0731879 0.239364 -0.0334362 0.0319856 -0.34417 -0.446499 : 0
-0.466158 0.360527 0.218267 -0.138632 -1 -0.668613 -0.360784 0.187395 -0.0223735 : 0.3
0.0299273 0.340786 -0.859273 -0.928435 -0.188167 0.0378693 0.344507 1 1 : 0
0.0621683 0.416215 0.36664 0.610972 -0.934903 0.330454 -0.210346 0.141632 0.691003 : 0
-0.0275208 -0.452074 0.308699 0.780258 0.0814628 -0.00857817 0.430261 0.280458 -0.42424 : 0
-0.286942 0.642649 -0.449475 -0.675734 -0.0847949 0.374541 -0.0811839 0.168506 -0.146686 : 0
-0.0874219 0.216348 0.282965 -0.0878627 0.846732 -0.49612 0.708762 0.694541 0.0982065 : 0
-0.346195 0.680344 0.359267 0.876797 -0.0486324 0.294316 -0.32232 -0.0266727 0.669937 : 0
0.210748 0.608578 0.79349 -0.34821 0.0163803 -0.0854004 0.0905682 -0.251887 0.607356 : 0.1
-0.584811 0.631655 0.573379 0.644426 -0.124735 -0.367556 0.464742 0.318283 0.506289 : 0
0.35282 0.441861 -0.0479353 -1 0.129136 -0.251096 0.694879 -0.70078 -1 : 0.5
0.965793 0.0171899 0.0918071 0.37155 0.561148 -0.225988 -0.59005 0.747746 0.0519762 : 0
0.159432 -0.0161694 -0.17219 0.17773 -0.0725644 -0.0539144 0.598624 -0.101446 1 : 0
0.193701 0.726356 0.688189 0.0220562 0.0815039 0.721698 -0.419469 0.274597 0.204865 : 0
0.241761 0.488449 -1 -0.0475811 0.430949 -0.262201 -0.0418828 0.0342107 0.372513 : 0.1
0.264251 0.41105 -0.157669 0.0717755 0.157824 0.682341 0.0906583 0.0960846 0.0417403 : 0
0.0536511 0.642927 0.612111 0.443673 -0.162497 0.0296372 0.654473 0.0477665 0.0945419 : 0
-0.223282 0.551025 0.20235 -0.582845 0.187521 0.359593 -0.0683051 0.136797 0.128707 : 0
0.647306 0.219151 0.550946 0.547632 0.844867 -0.112218 0.490283 -0.320193 0.3729 : 0.1
0.0541285 -0.182723 -0.0846754 0.40502 -0.00845233 0.502593 -0.0232991 0.304558 1 : 0
0.206382 0.793656 -0.24927 -0.193363 -0.43768 0.580801 0.0945913 -0.473043 0.322903 : 0.4
0.0420244 0.501509 -1 1 0.27147 0.602826 -0.985434 -0.647491 0.179225 : 0.1
1 0.506509 0.682469 -0.673033 -0.0434584 -0.257426 0.74246 0.0111177 0.858474 : 0
0.116972 -0.543899 0.184695 0.133739 1 0.50509 -0.277361 -0.0292147 0.31799 : 0
0.319417 0.144247 0.827909 1 0.56413 -0.273762 0.264595 -0.0269357 0.266732 : 0.4
-0.158218 0.621665 0.217904 0.194152 0.284663 0.765834 0.020208 -0.198438 0.649868 : 0
0.540244 0.189254 0.302021 0.556297 -0.00800306 -0.184025 0.0198225 1 0.138488 : 0.3
0.180925 0.409181 0.251075 0.366524 -0.173937 0.198651 0.127729 -0.476018 0.238625 : 0
-0.0433016 0.967683 -0.068588 -0.0962196 0.240214 0.690335 0.176386 0.872267 0.0635145 : 0
-0.559576 0.281705 0.981056 -0.171336 -0.0390102 0.294714 0.845412 -0.44218 0.314039 : 0
-0.920109 0.348361 -0.368028 -0.843028 0.351842 -0.110032 0.0836277 0.0942255 -0.184356 : 0
0.615076 0.317852 0.104334 0.630988 0.123302 0.253182 0.404947 -0.126636 0.0230258 : 0
-0.429253 0.190458 0.459938 -0.307422 0.279176 -0.607093 0.173237 0.335598 0.454035 : 0.1
-0.0347639 0.086982 0.208574 -0.850064 0.301906 -0.862993 0.441482 0.862568 0.636672 : 0
-0.0380029 0.179319 0.155496 0.0711906 -0.120675 0.416652 0.116316 0.459194 -0.440317 : 0
-0.228625 0.235778 -0.194341 -0.982277 0.492445 0.127848 0.366874 -0.00854957 0.99487 : 0.1
0.393839 0.608317 0.25313 0.124498 0.531174 0.655235 0.42562 0.067557 0.106193 : 0
0.0675099 0.764106 -0.154136 0.190077 0.31872 0.527795 -0.608142 -0.137938 -0.0169217 : 0
0.712556 0.435796 0.248025 -0.0113457 0.52541 0.5089 -0.578877 0.982464 0.354169 : 0
-1 0.534332 -0.226312 0.282811 0.825637 0.391558 -0.389571 -0.215672 1 : 0.4
-0.118034 0.126712 0.18077 0.597798 0.201332 -0.242411 0.249484 0.00243994 0.151273 : 0.1
-0.113374 0.505445 1 -0.576949 -0.383155 0.120226 0.0815732 0.302712 0.698088 : 0
0.443408 0.434868 -0.11597 -0.438987 -0.0574435 0.0288085 -0.576608 0.524651 0.76302 : 0
0.138365 0.572192 0.415671 -0.153235 0.091088 -0.010186 1 0.709925 -1 : 0.1
0.13299 0.945152 -0.3557 -0.346968 -0.377602 0.986668 0.55655 -0.0327136 -0.328766 : 0
-0.812405 0.29192 1 -0.30724 -0.150202 0.483595 0.778045 0.347643 0.320721 : 0.1
-0.533989 0.422357 -0.3831 0.495672 -0.161431 -0.034861 0.00828715 -0.431211 0.606099 : 0
0.123018 0.342233 0.213639 0.487853 0.119432 0.474525 -0.899177 -0.0344046 -0.0393982 : 0
-0.0289537 0.436883 0.287077 0.453171 0.372707 0.244708 0.323626 0.27022 0.686737 : 0
0.317258 0.646861 0.102527 -0.755526 -0.087325 -0.270059 0.0516229 0.0495283 0.0967352 : 0
-0.0038023 0.645868 0.172005 -0.11384 -1 -0.620067 0.153168 0.224198 0.448852 : 0.3
-0.510115 0.696204 -0.466393 -0.201326 -0.0916776 -0.21217 0.253222 0.409862 0.405401 : 0
-0.0190622 0.522572 0.421266 -0.0315837 0.136193 -0.130239 0.268467 -0.0998796 -0.0114921 : 0
0.01531 0.642428 0.542648 -0.126999 -0.040274 0.236208 -0.151935 0.119189 -0.0422119 : 0.3
-0.459044 0.821863 0.209195 -0.00130488 0.152087 0.0383796 0.18515 -0.266648 0.145382 : 0
0.276305 0.201781 0.469132 0.892376 -0.0382613 0.0267246 0.938476 -0.279046 0.13357 : 0
0.514845 0.64953 0.0149329 -0.181706 0.583858 -0.31873 0.644506 -0.454854 -0.0257856 : 0
-0.418958 0.437754 0.730755 0.113372 0.782372 0.2989 0.0803059 -0.42677 0.217748 : 0.3
-0.663739 1 -0.0594286 -0.0157932 0.161561 -0.429182 0.267037 -0.928697 0.218484 : 0.1
1 0.0568454 0.0941393 -0.0920334 0.00551127 0.234055 -0.0792581 0.0529798 0.344966 : 0
-0.506136 0.391607 -0.0457489 -0.282578 -0.198504 -0.493243 -0.087123 0.00854233 0.725048 : 0
-0.624242 0.212641 0.180378 -0.943936 0.0795761 0.115364 -0.367246 -0.215699 -0.0222365 : 0
0.180594 0.246018 0.0299211 0.0975279 -0.307185 -0.338718 -0.205511 -0.0718855 0.118581 : 0.3
0.303232 0.704078 0.37719 0.927273 0.374551 0.365814 1 0.275364 0.453631 : 0.1
-0.210305 0.167514 -1 -0.0461747 0.648283 -0.0279025 -0.00629842 -0.091485 -0.0716822 : 0
-0.453968 1 0.0604473 0.415535 0.106657 0.115865 -0.076409 0.382733 0.389483 : 0.1
0.685249 0.0553526 -0.14355 -0.184272 1 -0.100704 0.803517 1 0.889729 : 0.1
-0.166812 0.53714 -0.550699 -0.280759 0.459633 -0.804411 0.174099 -0.152759 0.253411 : 0
0.641566 0.34449 0.0134607 0.192961 0.36305 -0.154477 -0.00283327 -0.045441 0.248408 : 0
-0.722582 0.108375 -0.0819488 0.211123 -0.174117 0.184462 -0.219492 0.420562 0.817932 : 0.4
-0.226377 0.211497 -0.93376 -1 0.275831 0.130507 0.106841 0.637891 0.405953 : 0
0.217975 0.679403 1 -1 -0.0103058 0.0663896 0.967287 0.829283 -0.182516 : 0
0.396837 0.579037 0.249277 -0.465137 0.643488 -0.687758 0.344817 0.2255 0.236734 : 0.5
0.177672 -0.0690884 -0.046157 -0.808297 0.0888035 -0.258828 1 -0.773673 -0.0269268 : 0
-0.0718341 0.235948 -0.0693426 -0.226363 0.275348 -0.44808 -0.240777 -0.00277214 0.376695 : 0
-0.281014 0.876604 0.0554826 -0.16016 0.579833 -0.509225 0.260405 0.391852 0.331988 : 0
-0.847554 0.719686 0.00885369 -0.35639 -0.0103724 0.0721898 0.170925 0.239592 0.107585 : 0.4
0.344628 0.293172 -0.685912 -0.493271 -0.284069 -0.0910178 -0.156734 0.0655363 0.389685 : 0
0.849657 -0.157093 0.501689 0.283905 0.162328 0.186194 0.824705 0.265065 0.439347 : 0.2
0.472575 0.304287 -0.0399445 -0.159963 -1 -0.579377 0.265235 0.244634 0.619099 : 0.1
-0.882731 0.364291 -0.177311 0.714158 -0.623706 -0.527769 -0.589863 -0.536088 1 : 0
0.0829953 -0.0896062 0.249763 1 0.298109 0.727584 0.0619914 1 -0.177954 : 0
-0.145327 0.664642 0.237166 0.334834 1 0.264914 -0.348571 0.130039 0.478344 : 0
-0.195316 0.509207 0.391908 -0.145042 1 0.242715 0.0738897 0.989883 -0.192689 : 0
0.197578 0.522329 0.236698 0.103263 0.504586 -0.0836783 -0.138683 1 0.592593 : 0
0.154152 0.664187 0.588122 -1 0.286334 -0.141582 0.329039 -0.392638 -0.0414766 : 0
-0.086357 0.892356 0.411702 -1 0.174051 0.0300357 0.203378 -0.245836 0.0285827 : 0.1
-0.269229 0.486432 -0.12659 -0.19002 0.421799 0.630602 -0.791291 -0.336273 0.000321805 : 0
-0.14646 0.675427 0.194067 0.036094 0.161718 0.42106 0.218662 0.444261 -0.614928 : 0
0.265761 0.81574 0.421248 -0.348148 -0.076276 -0.196918 -0.62787 -0.00463748 -0.9519 : 0.1
0.101216 0.461865 0.0162499 0.802504 0.364739 -0.713986 0.193361 0.347775 0.100492 : 0.6
0.21761 0.167863 -0.20555 -0.24535 -0.0521176 -0.108146 0.269966 -0.0661827 -0.0107643 : 0
-0.018818 0.323063 -0.0401444 -0.0883412 0.355933 -0.0737864 -0.296788 -0.518549 0.382452 : 0
0.0420803 0.11534 0.2559 -0.269308 0.53755 -0.10982 0.0413627 -0.165907 0.34842 : 0
-0.527627 0.607668 0.124847 0.00548227 -0.0333897 0.414594 -0.0684857 0.0997083 0.84882 : 0
0.00832273 0.669322 0.826894 -0.904023 0.520993 0.025797 -0.016363 0.324478 0.37614 : 0
0.104504 0.475354 0.510624 -0.410526 0.127402 1 0.687969 -0.0250134 0.076868 : 0.1
-0.242774 0.100373 0.614589 -0.526388 1 0.241345 -0.649192 0.0768961 0.170581 : 0.1
1 1 -0.178508 -0.192529 0.701172 0.0138024 0.130956 -0.0782193 0.969641 : 0
0.650183 0.608821 0.28741 0.12495 0.521276 -0.366458 0.832971 0.179135 0.408631 : 0.4
-0.37682 0.54929 -0.202404 0.711569 0.655722 0.91367 -0.406874 0.162352 0.174494 : 0.1
-0.27128 -0.0200493 0.14427 0.348955 -0.0210968 0.751271 -1 -0.15256 0.556394 : 0.3
-0.217142 0.507462 -0.683347 -1 0.206746 0.0519977 0.828994 -0.0704184 -0.227366 : 0.1
-0.759039 0.706466 -0.898448 -0.517685 0.58088 -0.0751907 -0.121515 0.810513 0.298518 : 0.6
0.0509712 -0.160321 0.0625647 -0.85315 0.348814 -0.148691 0.0558866 0.26463 -0.282636 : 0
-0.580115 0.439901 0.310259 0.276438 0.241953 0.0858174 -0.407377 0.301197 -0.0404654 : 0
0.25897 0.414342 0.103898 0.997835 0.365671 0.140311 1 0.0758673 0.281451 : 0.7
-0.330973 0.546102 -0.175254 -0.24717 0.168522 -0.306443 -0.100976 -0.0944577 0.902319 : 0
0.360263 0.765917 -0.287025 0.636591 0.0999212 0.455969 0.0828912 0.0636283 0.530319 : 0
0.253417 0.429222 0.0887743 0.194706 0.97109 0.462835 -0.23566 -0.18648 0.27147 : 0
0.0862418 0.567693 -0.628058 -0.180381 -0.517394 0.0329563 1 0.601832 0.0652685 : 0
0.319009 -0.012119 0.0212502 0.0961971 -0.772779 -0.226899 -0.409766 0.836788 0.0758542 : 0.3
0.245781 0.491395 0.16822 0.0589232 0.325324 -0.059151 -0.795811 0.0825137 -0.134376 : 0
-0.0139771 0.625822 -0.514196 -0.615836 0.89157 -0.362294 -0.0718433 0.206113 0.358682 : 0
0.41349 0.728735 0.703896 -0.350589 0.328205 0.0539823 -0.769976 0.28743 -0.0944281 : 0
-0.708278 0.40761 0.884476 -0.0208926 0.186872 -0.106757 0.660289 -0.50004 0.373346 : 0
-0.197609 -1 -0.159257 0.109983 -0.791368 0.389944 0.172573 0.127577 0.0626342 : 0
-0.398224 0.812042 0.102144 -0.317119 0.26744 0.573851 -0.325489 0.732581 0.423303 : 0
-0.218874 0.536706 -0.180584 0.878715 -0.0218153 -0.202762 0.932155 -0.159641 0.168024 : 0
-0.271705 0.510195 0.0380052 -0.183127 0.0711299 0.416598 0.334073 0.209638 -0.406193 : 0
-0.396003 0.769982 -0.206808 0.133202 1 0.0495147 -1 0.251372 0.181503 : 0
0.166524 0.678938 0.503558 0.37542 0.0974568 0.931871 -0.227478 0.314292 0.654849 : 0.3
-0.263955 0.330204 0.192157 -0.391733 1 0.235318 -0.24095 0.137726 0.537687 : 0
0.293516 0.363354 0.688893 -0.438363 0.291212 -0.536502 -1 0.633972 0.0962066 : 0
0.275257 0.234161 0.0479884 -0.251024 -0.32145 0.262667 -0.437295 -0.176638 -0.324097 : 0.3
0.998175 0.51233 0.127447 0.173046 0.158287 0.419854 -0.775818 0.159736 0.133032 : 0
0.186915 0.122377 0.405607 -0.00329666 0.104331 -0.398731 0.402497 -0.258272 0.0354426 : 0.6
-0.423146 0.48758 0.332134 -0.461604 0.314945 0.125243 -0.545853 0.493437 0.723386 : 0
-0.394128 0.626186 0.855153 0.330743 0.266254 0.409507 1 0.0173567 0.437522 : 0
-0.834947 0.429014 0.35031 0.525311 0.113101 -0.306055 0.00421835 0.210488 -0.811718 : 0
0.386262 0.56092 -0.00989291 -0.0533404 -0.150422 0.00624058 0.181412 0.0877256 0.355125 : 0
-0.690861 0.784191 -0.330562 0.373329 -0.154264 1 -0.0907802 -0.0559359 0.0156911 : 0.3
0.461944 0.529011 0.387705 -0.274058 0.129155 0.419037 0.255712 0.179945 -0.121521 : 0.4
0.0547532 0.41846 0.164866 -0.136662 0.421466 1 0.557409 0.157758 0.148883 : 0
0.839803 0.417463 -0.0398708 -0.698426 -0.12327 0.16918 0.112819 -0.304342 -0.0440059 : 0
-0.225572 0.929584 0.200346 0.207053 0.373394 0.700935 0.13664 0.262366 0.456023 : 0
0.00552696 0.402479 -0.165282 0.648135 0.929332 -0.343988 0.188795 0.447533 0.0762291 : 0
-0.892791 0.483856 -0.169136 0.779539 0.162417 -0.0302507 0.211853 0.805066 0.895021 : 0
1 0.788193 0.327229 -0.679775 0.540416 0.574344 -0.0597826 0.139282 0.0290911 : 0
-0.113112 0.577004 0.579175 -0.0271648 -0.267752 0.328878 -0.00220159 0.137999 0.639336 : 0.1
-1 0.356635 -0.552549 0.91973 0.274063 0.740349 -0.121424 -1 0.267092 : 0
-0.0598178 -0.231194 -0.309544 0.47483 1 -0.162601 0.0338486 0.780404 0.690582 : 0.2
0.122976 0.386063 0.0800198 -1 0.514889 -0.384392 0.367347 -0.0414957 0.871868 : 0.1
0.00396374 0.845627 -0.460082 0.303191 -0.272526 0.220567 0.0316824 0.885279 0.501269 : 0
0.568264 0.574047 0.140609 0.250035 0.0554589 0.219581 0.237269 -0.139566 0.248463 : 0
0.427355 0.33309 -0.431236 -0.625729 0.820117 0.14197 -0.193745 0.134461 0.924856 : 0
0.250305 0.539129 -1 -0.901733 0.510606 -0.0538475 0.54021 -0.0748223 0.73575 : 0.1
-0.371901 0.615584 -0.418629 1 0.113508 0.387242 -0.54478 -0.815056 0.338661 : 0
-0.392615 0.497231 -0.202368 0.45229 0.318354 0.240605 -0.519864 0.684215 0.0197888 : 0
-0.799622 0.403488 -0.118234 -0.558095 -1 0.0187699 0.101979 -0.0601834 0.37589 : 0
-0.170819 0.339432 -0.144282 -0.44639 0.942289 0.094609 0.0340423 1 0.842595 : 0.2
-0.593714 -0.332989 -0.399889 -0.216965 0.094393 0.994843 -0.236739 0.204384 0.357097 : 0.1
-0.382969 0.547056 0.310417 0.59624 -0.11108 0.335322 -0.0816736 -0.037026 -0.0877922 : 0.1
0.0436154 0.538046 -0.294239 0.197721 0.0265267 0.293786 0.174587 0.278872 -0.244224 : 0
0.161433 0.120746 1 0.26652 0.060997 1 -0.0504517 -0.268114 0.572171 : 0.5
0.138479 0.877077 -0.160814 -0.180599 -1 0.00197862 0.252142 0.300221 -0.312152 : 0
-0.628457 0.39287 -1 -0.0766993 0.270934 1 -0.062948 -0.145308 0.328896 : 0.6
0.188545 0.306986 0.0970293 -0.882084 -0.0567922 0.519506 0.358901 -0.514494 -0.922755 : 0
-0.0764177 0.485647 0.211517 0.180633 -0.20847 0.280266 -0.975062 0.0961237 0.545383 : 0.1
-0.52555 0.367902 0.294216 1 -0.551348 -0.0957326 -0.653659 0.0952466 0.0915708 : 0
-0.4484 0.308155 0.113074 -0.354177 0.106345 -0.85048 -0.0480792 0.0193072 0.212303 : 0
0.347192 0.51416 -0.794202 -0.508392 -0.320094 -0.00298096 -0.0610736 -0.0892803 0.227202 : 0
-0.478877 0.407211 -0.382481 0.236483 -0.0740146 -0.361363 0.175465 0.0722284 -0.121926 : 0.2
-0.0123827 0.566006 0.391896 0.285117 -0.419831 0.835001 -0.232342 0.45946 0.387765 : 0
-0.367818 0.235089 0.438058 0.843299 0.117518 0.618808 0.0864306 -0.151559 -0.363401 : 0
0.0388494 -0.029821 0.170174 0.273413 0.235939 -0.169818 -0.0500987 -0.339821 -0.00302847 : 0
0.364272 -0.128217 0.28444 0.812707 -0.107437 0.20128 0.402249 0.233306 0.819767 : 0
0.710626 0.22063 0.398665 0.0732722 0.308919 -0.769866 -0.00515705 -0.725543 0.582512 : 0
0.0556826 0.171424 -0.362402 1 0.115171 -0.420104 0.501038 0.352563 0.0571712 : 0.4
0.4407 0.34847 0.0782305 0.0711043 -0.0769651 -0.255682 -0.0433332 0.119755 0.324426 : 0.1
-0.00785142 0.643632 -0.0864567 -0.226044 0.190764 -1 0.0545911 -0.617927 0.221396 : 0.3
0.36347 0.617079 0.850985 0.69494 -0.178245 0.4203 -0.154372 -0.343076 0.147816 : 0.3
-0.563678 0.226791 0.511292 -0.206694 0.686958 0.1358 0.239736 0.33291 0.489448 : 0
-1 0.388283 0.386869 0.759777 0.169841 -0.136244 0.01552 1 -0.328245 : 0
0.279048 0.189378 0.0982026 0.150151 -0.141456 -0.372627 -0.263379 -0.193734 -0.319669 : 0
-0.122798 0.288555 0.0865391 1 -0.179345 0.0739815 0.0917342 1 0.453561 : 0.4
0.130226 0.357977 -0.0903438 -0.355097 -0.278538 0.199214 0.314587 0.300452 -0.296714 : 0
-0.93056 0.00396112 -0.106641 1 0.174666 0.355198 0.210715 0.528282 -0.605262 : 0.1
-0.29894 0.607552 -0.271921 0.0802156 -0.0596195 -0.181043 -0.553972 -0.000632625 0.138701 : 0.3
-0.280781 0.307972 -0.0302626 0.498059 -0.417316 0.34434 -0.103324 0.110185 0.0441143 : 0
-0.0484951 0.799849 0.284424 -0.0972498 0.0203654 0.0308451 0.0948359 0.156659 0.281886 : 0.6
-0.519573 0.115506 0.393714 -0.10453 0.0354504 0.499319 0.197748 0.60202 0.108167 : 0
0.232937 0.543096 -0.866438 0.366003 -0.0891722 0.82561 0.472487 -0.620881 0.0170381 : 0
-1 -0.159202 0.127093 0.703475 0.0716128 -0.382003 0.145296 0.258442 -0.866659 : 0
-0.133017 0.372344 0.197009 -0.365456 1 -0.36544 0.894819 -0.291501 1 : 0.6
0.0129166 -0.194649 0.518571 -0.288343 0.20748 0.227135 0.0672321 0.118459 -0.946907 : 0
0.181205 0.532454 0.104025 0.0703093 -0.305541 0.31346 -0.0299879 0.0868182 0.374348 : 0
-1 0.557306 0.971026 -0.163377 0.272183 0.266527 -0.38167 1 0.989638 : 0
-0.374855 0.590103 0.427982 0.808922 0.770893 -0.0583757 -0.179191 -0.207577 1 : 0
-0.00268537 0.505472 -0.275891 0.409061 0.960685 -0.22889 0.483582 0.165866 0.0486671 : 0
-0.00901613 0.76745 0.219555 0.306354 0.467059 0.715145 0.127209 -0.201663 0.184633 : 0.5
0.839238 0.1684 -0.765166 0.259119 0.037981 0.256308 0.108348 0.28849 0.140126 : 0.1
0.301434 0.627957 0.353703 -0.337472 -0.0157075 0.145172 -0.169288 0.125324 0.945547 : 0
-0.267662 0.454913 -0.138649 1 0.0900787 0.328319 -1 -1 -0.310082 : 0.4
0.071547 0.672858 -0.787974 -0.321935 0.105412 -0.444959 0.190852 0.395496 0.388806 : 0.4
0.651707 0.136161 0.308356 0.155711 -0.965186 0.574529 0.162507 -0.309729 -0.143698 : 0
0.409694 0.626297 0.271762 -0.207543 0.388467 0.353983 0.878789 -0.81761 0.313288 : 0.1
-0.234612 0.386791 0.891754 -0.331821 0.278213 -0.637174 0.00919521 -0.208541 0.543807 : 0
-0.0703741 0.554451 0.509549 -0.50128 0.0771787 0.185586 0.259289 -0.193026 0.166041 : 0
0.142323 0.853126 0.684588 0.539309 -0.128248 0.00950801 -0.00433692 0.0529625 -0.0379057 : 0
-0.308506 0.583854 0.836199 0.418945 -0.0548061 -0.00427732 0.156233 0.438983 -0.156551 : 0
0.0173675 0.569589 0.674731 0.0698141 -0.203787 -1 -0.569455 -0.223372 0.0449906 : 0.1
-0.0110894 -0.285471 1 0.922368 0.0907318 -0.762931 -0.0826921 0.00460288 0.221162 : 0.1
-0.411628 -0.00135362 0.404126 -0.907406 0.164537 -0.245557 0.159941 -0.246299 -0.493982 : 0.1
-0.639869 -0.0078482 -0.0365919 -0.694704 0.333272 -0.222178 0.705333 0.158182 -0.188594 : 0.2
-0.0143717 0.0819431 0.387342 -0.176221 -0.317673 -0.620206 0.442227 -0.0237703 0.147659 : 0.1
-0.434098 0.471196 0.726811 -0.23365 -0.122945 0.059365 0.125532 0.351619 0.146172 : 0
0.0880634 0.38591 -0.0303901 -0.527355 -0.956652 0.0568036 -0.1254 -0.162293 -0.114136 : 0.4
0.513222 0.876976 -0.335327 -0.0290823 -1 0.268152 0.0188355 -0.0584244 0.143771 : 0.2
0.00286326 0.671267 -0.0211065 -0.644821 0.380154 -0.169918 -0.55574 -0.279417 0.0468263 : 0.1
-0.380777 0.0575702 0.412402 0.34469 -0.0753963 0.233236 0.0842526 0.307449 -0.0169489 : 0
0.258374 0.255147 0.470207 0.230916 0.334584 -0.230533 -0.078088 0.737342 0.429666 : 0.1
-0.16364 0.923711 0.391193 -0.232868 0.244514 0.336678 0.943197 -0.00622862 0.275572 : 0
-0.33575 0.237273 0.395439 -0.696475 -0.415002 0.26146 0.0054571 -0.141484 0.0914035 : 0.4
0.286716 -0.39489 0.8952 -0.760227 0.010508 -0.25688 0.310149 -0.251173 1 : 0.1
0.188709 -0.117474 -0.158072 -0.364399 -0.038554 0.0237513 0.776847 -0.0737683 0.707454 : 0.1
-0.24498 0.203144 1 -0.390406 -0.102608 0.19198 -1 -0.412815 0.127255 : 0
0.089184 0.455507 0.219548 -0.135822 -0.332308 -0.328806 0.191784 0.134797 -0.245584 : 0
0.274138 0.404403 0.0697494 0.575537 0.703677 -0.812121 0.593543 0.273929 0.320017 : 0
1 0.486516 0.0639729 0.755875 0.0853757 0.213026 -0.0135236 0.0484629 0.461002 : 0.2
-0.661937 -0.113917 0.383991 0.950386 -0.0967545 0.986213 0.0300662 -0.0484146 -0.0675365 : 0.2
1 0.722729 0.0488373 -0.270304 0.169878 -0.804435 0.168532 0.716773 0.0035813 : 0.5
0.238068 0.519658 1 -0.665724 0.052077 0.0582787 0.204523 0.725734 0.610805 : 0.5
-0.262122 0.413059 -0.0168125 0.354914 0.266614 0.952415 -0.140449 0.354179 0.542044 : 0
0.350728 0.787321 0.738261 -0.699076 -0.169589 0.43119 -1 -0.387422 1 : 0
-0.0736168 0.605476 0.679635 1 0.290075 -0.083845 -0.237569 0.173691 0.0663009 : 0
0.172746 0.44014 0.0585092 -0.558521 0.276926 -0.379759 0.068675 0.0932211 0.398442 : 0.5
0.520274 0.461931 0.1338 0.0129882 -0.148064 0.0274794 0.171893 1 0.21093 : 0
-0.625242 -0.0687765 0.367495 -0.168135 -0.162874 -0.141676 0.0518822 0.0781357 -0.0724061 : 0
-1 0.812737 -0.342376 1 -0.400909 1 -0.0946036 -0.34791 0.725578 : 0
-0.336057 -0.202973 0.463028 -0.234264 -0.974342 0.457487 0.0232884 0.287147 0.231735 : 0.1
0.610075 0.539834 0.726955 -0.201163 0.38539 0.0790743 -0.260677 1 -0.296284 : 0
