0 0 0 0 0 0 0 0 0 : 0
-0.39184 0.0152095 -0.240736 0.373814 0.107925 -0.261914 0.218009 0.23159 0.158853 : 0
-0.161164 0.233347 -0.142281 -0.134242 -0.260764 0.637916 -0.115214 -0.0212429 0.0297954 : 0
-0.187143 0.031653 -0.0997259 0.0905006 0.0271749 -0.0752497 0.0477181 0.148204 -0.0278985 : 0
0.0412062 -7.63754e-05 1 0.434941 0.0145328 0.026069 0.108142 -0.44232 0.172092 : 0
0.0603994 0.0170665 -0.169936 0.206293 -0.0267537 0.145301 0.472027 -0.549153 0.0932855 : 0.3
-0.000791919 0.1231 -0.00736623 0.05609 -0.0238267 -0.0161766 0.0884247 0.00451947 -0.0109881 : 0.1
0.0734332 0.0987429 -0.152013 -0.153923 0.0137168 0.0212175 -0.0488822 -0.00145655 0.0203985 : 0
-0.0440647 0.0998917 -0.0135362 0.552359 0.071856 0.0452678 0.301618 -0.0528196 0.0297747 : 0.2
0.0863285 0.011731 -0.342251 0.717658 0.515104 -0.682454 0.0290299 0.458833 0.342024 : 0
0.118695 0.0657417 0.118394 -0.45471 -0.048134 -0.101009 -0.380847 0.307752 -0.247234 : 0
0.344628 0.303865 0.109812 0.00894182 -0.00705652 -0.116943 -0.138522 -0.0382145 0.0537542 : 0
0.0691111 -0.0574939 0.031815 -0.0516151 0.0263481 0.13581 -0.620865 0.254645 -0.0573935 : 0
-0.131553 0.00246627 0.601309 0.0827204 -0.00291344 0.0103348 -0.168548 -0.0049961 -0.184544 : 0
0.0227943 0.115741 -6.96308e-05 0.00215314 0.095743 -0.159465 -0.0364999 0.045996 0.0766038 : 0
-0.0164505 0.0116398 0.668861 0.390338 0.284502 -0.201897 -0.138337 0.0315513 0.294877 : 0
-0.0430754 -0.0976142 0.417541 -0.314727 -0.313794 -0.210199 -0.172441 0.680656 -0.0876197 : 0
-0.147618 -0.133793 -0.249766 0.060314 0.154894 0.11131 0.0622225 -0.00646433 0.819166 : 0
0.932379 -0.224644 0.0644599 -0.131279 0.0470408 0.483095 0.0199251 -0.0829713 0.0818938 : 0
0.0310477 0.0968416 0.0228464 0.188372 0.195861 0.0136342 0.018461 0.0873774 0.23375 : 0
0.0930436 0.588844 -0.168086 -0.102805 0.120124 -0.795453 0.0903465 -0.0311477 -0.75408 : 0
-0.0421806 0.268707 0.129944 -0.0866461 0.0826585 -0.0021155 0.0263765 0.00926453 0.651531 : 0
-0.0413262 0.0253132 0.0337598 -0.932802 0.00178871 0.0192575 -0.00677478 -0.029708 -0.192148 : 0.1
0 0 0 0 0 0 0 0 0 : 0
0.0382868 0.111221 0.00242355 -0.149495 0.0503416 0.00049555 -0.088298 0.0987317 -0.0309283 : 0
0 0 0 0 0 0 0 0 0 : 0
0.270809 1 0.295948 -0.43059 -0.0230673 -0.194839 -0.0696139 0.915644 -0.0150863 : 0
-0.233288 0.12805 0.88205 -0.293064 0.00479129 -0.136286 0.673086 0.527615 -0.0461536 : 0
0.0376856 0.0258005 -0.0161215 -0.178067 -0.0114234 0.405339 -0.0328946 0.00394759 0.241034 : 0
0.272804 -0.0243309 0.946439 -0.158053 -0.0865373 0.0568583 -0.458203 0.62866 0.215871 : 0
-0.0685179 0.282254 0.0161597 -0.73244 0.159884 0.0894582 -0.0363858 -0.00707751 0.517055 : 0
0.233827 0.0691733 0.884982 -0.355095 0.0259953 0.0623641 0.571277 -0.085214 -0.168718 : 0
-0.168624 0.393208 -0.0368623 -0.195076 0.0622867 -0.852734 0.117545 -0.0885372 -0.11986 : 0
-0.0891437 0.0044091 0.937573 -0.163978 -0.360084 0.115281 0.140718 0.215602 0.0195671 : 0
-0.0791909 0.057967 0.15564 -0.0905773 0.0678285 -0.516776 0.0608034 0.00252205 -0.158006 : 0
-0.105464 0.166492 0.98538 0.368708 0.455857 0.039623 0.105892 -0.0660827 1 : 0
0.0246155 0.366092 -0.438579 -0.0399678 0.401556 1 0.199129 0.0269973 -0.123741 : 0
0.339063 0.0277897 0.146866 -0.272275 -0.0675239 0.437921 -0.0964057 0.261709 0.130427 : 0
0.131236 0.0148697 0.130961 0.00849764 -0.00244264 1 -0.361811 -0.0868075 -0.0751826 : 0
0.344527 0.202628 0.0516183 -0.307731 0.230326 0.526167 0.0626101 -0.312515 0.00384596 : 0
-0.0290751 0.0782016 -0.0100141 0.184089 0.0470207 0.158344 0.747123 0.0758391 -0.0503944 : 0
-0.00960468 0.0521777 -0.0536276 -0.3278 0.127819 0.191352 0.0618324 -0.347788 0.267421 : 0
0.143945 -0.016107 0.00344592 -0.161264 0.447264 -0.00739709 0.0132631 0.0727601 -0.211844 : 0
-0.337224 0.215744 -0.296642 -0.870001 0.400113 0.338567 -0.0186653 0.120966 0.161758 : 0
-0.000327419 0.885785 -0.012653 -0.0696007 0.300402 -1 0.00208913 0.682732 0.044991 : 0
0.399393 0.0445054 0.241914 -0.146738 0.0829807 -0.0655461 0.021972 0.284422 -0.0168292 : 0.3
-0.000706382 -0.00118162 0.0115115 -0.000418867 -0.204722 0.0423696 0.00142038 -0.00755286 4.61053e-05 : 0
-0.0937527 0.824741 0.0351121 -0.125198 -0.0292362 0.117852 0.0139332 -0.194772 0.029919 : 0
-0.00176637 0.181855 -0.102243 -0.000931576 0.0714986 0.00335242 -0.000703268 0.18103 -0.00275882 : 0
-0.311967 0.0659073 0.836211 -0.0499968 0.137781 -0.437734 -0.0328548 -0.193491 0.149583 : 0
-0.0725435 -0.0263064 -0.0537921 0.00385185 -0.0138241 -0.149861 0.0665101 -0.0521082 0.0660073 : 0
-0.0602312 0.730733 0.872191 -0.0696554 0.432922 -1 0.0336218 0.0509907 -0.0504111 : 0
-0.0878954 -0.0526915 0.0689907 -0.84678 0.117223 0.0664142 -0.0728212 -0.271626 0.112827 : 0
-0.142901 0.420469 0.143082 -0.0465746 0.472646 0.0736835 0.0850226 -0.0332578 0.474669 : 0
0.107662 0.0068953 -0.00169228 -0.00975532 0.000326292 -0.00870082 0.00160108 -0.00521152 0.0617392 : 0
0.0333797 -0.110507 0.0229989 0.000767738 -0.00231788 -0.331965 -0.028191 0.399133 0.621367 : 0
0.592544 -0.100414 0.00821907 -0.0266006 1 0.171603 -0.00485435 -0.0453429 -0.0672076 : 0.5
-0.0577502 -0.150751 0.0202647 -0.0410183 0.566383 0.37009 0.481627 0.651393 0.59466 : 0
0.0677046 0.0637733 -0.0242348 1 0.00756376 -0.0100139 -0.28949 -0.24665 0.0254162 : 0
-0.161417 0.519867 -0.0110044 -0.0311799 -0.0528947 0.370748 0.246997 -0.301657 -0.0928605 : 0
-0.0222469 0.0192701 0.331087 -0.185003 0.0126511 -0.281761 -0.0114926 -0.0345799 -0.0699473 : 0
0.0712503 -0.00461853 0.0396961 0.432754 0.236049 -0.4858 0.491983 -0.502169 0.123607 : 0.1
0.0478001 0.138915 0.0345556 0.819403 -0.234838 -8.14977e-05 0.416064 0.250956 -0.311666 : 0
-0.0825327 -0.0174403 0.367846 -0.254757 0.113081 0.0391526 -0.0383127 -0.00690963 0.0798675 : 0
0.00145818 0.275207 -0.0259149 -0.162933 0.0795391 -0.440791 0.0247408 -0.0546592 0.0453896 : 0
-0.496923 0.0196566 -0.377279 0.449549 0.608859 -0.244801 0.204335 -0.163234 -0.594539 : 0
0.183498 -0.0381378 0.0387317 0.106552 -0.0310658 -0.0967822 0.208174 0.126764 0.115713 : 0
-0.107496 0.151951 0.724355 0.243323 0.00930873 -0.244145 0.54016 -0.149889 -0.23484 : 0
-0.136373 -0.00360458 0.189854 0.118956 -0.0523197 0.00360633 0.199405 -0.00901503 0.144612 : 0.1
0.200961 0.032647 0.880404 -0.264552 -0.027822 0.903368 -0.104127 0.49705 0.196929 : 0
-0.25531 0.521495 0.11519 0.350183 0.119588 -0.0548602 -0.00613099 -0.000961939 0.0150569 : 0
-0.0432225 0.965432 0.558897 0.317889 0.142535 1 0.37848 -0.0499711 0.000234439 : 0
-0.0949074 -0.0143051 -0.106572 -0.0124117 0.000293993 -0.165342 0.0227086 -0.014239 0.0545492 : 0.1
-0.114374 0.421034 -0.0980704 0.000968963 0.340753 0.0340229 0.354769 0.11388 1 : 0
-0.0686513 0.0344795 0.302628 0.0952157 -0.100255 -0.286008 -0.0900165 -0.00844131 0.126573 : 0
-0.598779 0.380765 0.261249 -0.0975833 -0.0124544 1 0.198802 -0.101461 0.0389453 : 0.1
0.328353 0.68143 -0.1107 -0.105469 -0.0296264 1 0.708744 0.0220548 -0.0778622 : 0
-0.00792298 -0.0230272 0.622556 0.0997729 -0.00511523 -0.102799 0.2197 -0.0400275 0.0268993 : 0
0.0163395 0.0564926 0.486663 0.220748 0.276417 0.623405 -0.24328 -0.447267 -0.0673502 : 0
-0.27064 0.000821352 0.458477 -0.130244 0.0386493 0.10102 0.0216007 -0.477426 -0.035378 : 0
-0.0250296 0.0163741 0.00584651 -0.00652569 0.112597 3.78749e-05 0.117303 0.0763477 0.00163719 : 0
0.305954 0.0614931 -0.192415 0.0794692 0.770518 0.0164535 -0.00545017 0.143131 0.0305839 : 0
0 0 0 0 0 0 0 0 0 : 0
0.689407 0.22426 0.134365 -0.125944 0.226604 0.0391417 -0.0618954 0.363113 0.0767796 : 0
0.0796735 0.0238161 0.314525 0.155049 0.00666085 -0.0158338 -0.00164368 -0.00872469 0.0930584 : 0
-0.0300201 -0.13213 0.0522258 -0.0615445 0.123847 -0.0684899 0.10633 -0.0422741 0.194502 : 0
-0.0218764 0.33004 -0.0517154 -0.066338 0.366256 -0.960198 0.116208 -0.127973 0.0111709 : 0
0.3114 0.137275 0.0119166 0.010892 0.107328 0.211094 -0.0363169 0.0726013 -0.000587165 : 0
-0.100074 -0.0582999 1 -0.428289 0.220464 0.0196029 0.00958628 -0.0732417 -0.135879 : 0
-1 0.717611 0.094249 0.0762133 0.0346416 0.140506 0.151828 -0.468881 0.163519 : 0
0.0826205 0.605729 0.256001 -0.442749 0.0793784 -0.0561466 -0.000640661 0.0713744 0.131717 : 0
-0.590319 0.119156 -0.0129753 -0.271374 -0.140421 -0.349359 0.0586669 0.939895 -0.0355453 : 0
-0.149964 0.00767157 -0.036892 0.126447 0.142567 0.160328 0.0713026 0.156717 -0.68185 : 0
0.0767973 0.000973756 0.00703067 -0.00383689 0.000542738 -0.0491806 0.256753 0.079831 0.00117464 : 0
0.378637 0.154066 0.850993 0.03976 0.132374 0.0899592 -0.0440071 0.32441 0.127637 : 0
-0.099504 -0.215378 0.779081 0.0241567 -0.00917993 -0.0286029 -0.17375 0.218959 0.000347475 : 0
0.229755 -0.0123965 0.419046 0.00536945 -0.10892 1 -0.0996459 0.155673 -0.0301032 : 0.3
-0.0469013 -0.0280884 -0.00320974 -0.000317141 -0.00125081 0.00196104 0.017892 -0.0388614 0.0165475 : 0
0.0111502 0.237149 0.300146 0.827065 0.142138 0.738533 -0.0337638 0.94241 -0.0201993 : 0
0.17525 0.0205011 -0.394094 0.153104 -0.0332474 -0.360698 0.0706312 0.0549696 0.0294121 : 0
-0.0069863 1 -0.0529126 -0.00093177 0.433005 -0.0808917 -0.00799051 0.44872 0.0396424 : 0.2
0.00138983 -0.0906199 0.451126 0.376226 -0.0155519 0.0794786 0.103792 -0.0844685 0.478182 : 0
0.317377 -0.050062 0.422418 -0.0463291 0.207024 0.0299032 0.0875034 -0.00134099 0.158365 : 0.1
0.0528301 0.546841 0.437072 0.582492 0.0181151 -0.358115 0.00965757 0.346351 0.0184218 : 0
-0.122012 0.241635 -0.376469 -0.0208929 0.604648 -0.109835 0.226249 0.0653705 0.0110347 : 0
0.0355627 0.437503 0.0182279 0.00388945 -0.107245 0.0528814 -0.0393484 0.0236244 0.482337 : 0
-0.126504 0.00433873 -0.00086252 0.237145 0.0599485 0.0257008 -0.0275385 -0.0261329 -0.0362849 : 0.1
-0.00226313 -0.0096267 -0.0893759 -0.0303769 1 0.0447589 0.716515 0.373952 -0.00517822 : 0
0.679126 -0.000548974 0.0573352 0.410915 -0.0997179 -0.155124 0.0585834 0.0479608 -0.00198129 : 0
-0.0227452 -0.00608673 0.00244349 0.00303357 0.168733 -0.514557 -0.036807 -0.00467013 0.243526 : 0
-0.0190707 0.122325 0.00506477 0.384884 -0.113466 0.930742 0.0552201 0.209954 -0.0368269 : 0
-0.199869 -0.181084 0.106085 0.319284 0.00142061 0.0727666 -0.0704621 0.386674 0.0404926 : 0
-0.0373464 -0.0858449 0.105274 -0.0470789 0.243247 -0.0459609 -0.0104575 0.436729 0.0163381 : 0
0.631905 -0.0299041 -0.000135932 -0.00331402 0.0231482 0.00198837 0.0450009 0.00751868 0.030811 : 0
-0.0299576 -0.0252504 -0.231917 0.243447 0.101563 0.177476 -0.0562304 0.325744 -0.0721911 : 0.4
-0.0943742 0.00350557 0.037718 -0.00133574 0.0813419 -0.0206375 -3.17935e-05 0.00143912 -0.000324352 : 0
-0.0097441 0.0387372 0.000223209 -0.0915097 0.00113684 0.000787625 0.00320417 0.00494853 -0.0191377 : 0
0.0254184 0.0122739 0.032364 0.054714 -0.179777 0.293502 0.111582 0.257379 0.00479639 : 0
-0.117816 -0.0853904 0.0766503 0.00681946 0.0111704 0.187304 0.136999 -0.0024579 0.385208 : 0
0.224484 -0.032707 1 -0.232833 0.20001 0.0635727 0.52473 0.0379767 0.309948 : 0
0.00692303 0.286235 0.0032205 0.504852 0.238294 0.000230912 -0.00106101 0.465314 0.0755089 : 0
-0.166802 -0.0418443 0.0827922 0.0960377 0.0398019 -0.145172 -0.0243129 0.139511 0.0265911 : 0.2
0.0218199 0.0242619 0.0702927 -0.0226154 -0.000216178 -0.00542832 -0.00140439 0.0808179 4.94535e-05 : 0
-0.140328 0.00317063 0.281714 -0.175913 0.034292 0.0583861 0.0082345 0.22897 -0.0258037 : 0
0.0622948 0.0235949 -0.0734582 0.271677 -0.0359936 0.252 0.574171 -0.70784 -0.471212 : 0
-0.00869393 0.0640405 0.152026 0.712801 0.176587 0.114979 0.181795 0.224836 0.256919 : 0
0.0138442 -0.242673 -0.176115 -0.272812 -0.00192284 -0.13327 0.540312 0.0508269 0.00353577 : 0
0.0153979 -0.0652551 0.0146264 0.387235 -0.103533 0.0193148 -0.000860129 -0.00921259 1 : 0.4
0.00578816 -0.211324 0.161496 0.971397 0.107014 0.273434 0.0742928 0.112756 -0.205595 : 0
-1 -0.796852 -0.0187022 -0.545829 0.0766809 0.314321 0.226484 0.226194 0.24828 : 0
0.0305498 -0.0354559 -0.0751736 0.0511073 -0.025656 0.816531 0.16528 0.535136 -0.00356787 : 0.2
-0.0394806 -0.18609 -0.0201327 0.390597 -0.0211649 0.10212 -0.00347306 0.188591 -0.229268 : 0
-0.0213409 -0.034658 1 -0.0174322 0.0479877 -0.754303 0.0570845 0.139131 -0.03732 : 0
-0.315061 0.901461 -0.0137798 -1 0.116407 -0.149668 0.00379469 -0.0068948 -0.186116 : 0
0 0 0 0 0 0 0 0 0 : 0
0.00142479 0.832397 0.00728699 -0.0449361 -0.00137118 0.00418716 0.024608 -0.106345 0.288636 : 0.3
-0.166017 0.015344 -0.103388 0.00420012 0.296907 -0.0798339 0.0350872 -0.0282375 -0.0792471 : 0
0.0518598 0.0840682 0.0166512 -0.152444 -0.0115701 -1 -0.0804652 0.0509754 -0.0264238 : 0
0.00722393 0.121276 -0.108191 -0.207309 0.0330518 0.23019 0.298425 0.215929 0.511806 : 0
-0.167816 0.589349 0.0456709 -0.26613 0.080227 0.00868072 -0.348872 -0.103931 0.213764 : 0
-0.0165846 0.120517 -0.354188 -0.431714 0.116039 0.148293 0.00132704 0.434574 0.568377 : 0
-0.308838 0.323509 0.0201066 0.0208482 0.112016 0.0814591 0.571584 -0.230836 0.161277 : 0
0.209316 -0.00783377 0.161498 -0.163352 0.046766 0.832741 0.189778 -0.15051 0.219997 : 0
-0.182039 0.249007 0.192251 0.0185709 0.392724 0.431939 0.154433 0.094118 0.57864 : 0
-0.168372 0.0470392 -0.0637277 -0.0147858 0.391224 -0.0484409 0.339835 0.274 0.0792423 : 0
-0.0374775 0.108307 0.180115 -0.141706 0.420478 -0.467737 0.454951 0.038436 -0.0576015 : 0
0.0805745 0.089878 1 0.863644 0.192874 0.135568 0.125364 0.568942 0.1741 : 0
-0.11347 -0.12961 -0.0866783 -0.0335659 0.00987404 0.259838 -0.131085 0.251103 0.0783344 : 0
0.0227895 0.562094 0.0370555 -0.0518178 0.246665 0.204628 0.101254 0.396002 -0.0066988 : 0
0.0307766 -0.0517769 0.840102 -0.610301 0.104169 -0.130497 0.234805 0.287095 0.102932 : 0
-0.144944 0.65367 -0.172044 -0.0384295 -0.263231 -0.252176 -0.0836263 0.410755 0.128883 : 0.1
-1 -0.0174984 0.280998 0.00759497 0.207644 -0.0685204 0.205493 -0.129812 0.540886 : 0.1
-0.924792 0.0506044 -0.0049257 -0.100519 0.430265 -0.107865 -0.115392 -0.199062 0.0472654 : 0
-0.14358 0.145651 0.312406 0.142733 0.298904 0.0852974 0.0174738 -0.466946 -0.183337 : 0
0.00950038 0.406662 0.359651 0.472812 -0.00673641 0.0185074 0.493281 0.0897465 -0.227397 : 0
-0.0834193 0.343421 0.075833 -0.0137638 -0.118452 -0.0211958 -0.354056 -0.241296 -0.100162 : 0
0.00241118 0.471487 0.0525607 -0.00997512 -0.0182031 0.0265958 -0.0109852 0.0108054 0.184065 : 0
0.000706361 7.6545e-06 -0.11475 -0.000557253 -0.0265378 1 0.283384 0.12413 -0.000108523 : 0
-0.0537195 0.00332612 -0.0160347 0.0699056 0.0134801 0.272383 -0.0601689 0.00551706 0.0352444 : 0
0.0158631 -0.0444522 0.0209472 -0.0148512 0.33152 -0.0993307 -0.146391 0.0183252 0.355956 : 0
0.332062 0.00786696 -0.0146118 0.0492844 -0.101448 0.0808692 -0.000468622 0.0198664 -0.0495459 : 0
-0.132988 -0.0463555 -0.126208 0.0099352 0.27622 0.214417 0.0137397 -0.0315462 -0.0180191 : 0
0.647834 -0.182736 0.0315047 0.0295673 -0.151945 -0.0309271 -0.110274 -0.126742 0.140311 : 0
0 0 0 0 0 0 0 0 0 : 0
0.0151186 -0.0256297 -0.0482072 -0.153558 0.0139931 -0.0183801 -0.0539344 0.50194 -0.410944 : 0.6
0.991643 0.225213 0.0656139 -0.106516 0.314862 -0.489145 0.0090682 0.65306 0.129435 : 0
-0.179176 -0.0830833 0.00291122 0.138857 0.0459746 -0.192175 0.248846 0.00645396 0.878367 : 0
4.35691e-05 0.0105384 -0.00651896 0.0545712 -0.0582001 0.00931869 -0.130157 0.269618 -0.524599 : 0
0.781982 0.169815 0.530732 0.0574758 0.0919995 -1 0.270915 0.138444 0.324023 : 0
0.584425 0.333952 -0.0243713 0.0124433 0.00637846 0.0439848 -0.0185928 0.855338 0.190867 : 0
0.0163727 0.00857993 -0.109101 0.400789 0.00514817 0.286757 -0.0226833 -0.145932 -2.6047e-05 : 0
-0.0377546 0.312753 -0.251679 -0.0114617 0.07169 -0.0848552 0.0303547 -0.00400637 -0.0278955 : 0
-0.000884 0.209168 0.637807 -0.15196 0.0284389 -0.11574 0.150907 0.251026 0.231573 : 0
3.42027e-05 0.104309 -0.00144531 -0.0642879 0.0587419 -0.00320986 0.362225 0.000783645 -0.0458511 : 0.6
0.244688 -0.0378731 0.00014889 0.0381665 0.273298 -0.32317 -0.0377234 0.0696529 -0.0519632 : 0
-0.181365 0.619795 -0.0643067 0.253886 0.17019 -0.0506328 -0.00576688 -0.00152016 -0.0361746 : 0
-0.00892917 0.196918 0.166296 0.0537729 0.00318955 -0.0242016 -0.00296762 0.0646073 -0.058403 : 0
0.664812 -0.204156 0.021538 0.0275266 0.629993 0.385043 -0.251413 -0.0352694 0.234362 : 0
0.182768 -0.0049891 0.040784 -0.243532 0.297671 0.133145 -0.0115797 0.881758 0.241674 : 0
-0.389567 -0.0341157 -0.0990742 -0.0556567 0.135433 0.0564569 0.109976 -0.030286 0.0627574 : 0
0.794145 -0.04737 -0.25455 -0.0715604 0.27079 -0.407887 -0.0801766 0.0129403 -0.000760965 : 0
0.225834 0.556501 0.576018 0.169614 0.0918812 -0.294542 0.272091 0.312573 -0.0552001 : 0
-0.0773374 0.0107717 0.191135 0.473586 0.548286 0.339525 -0.0217253 -0.113564 -0.00159599 : 0
-0.0307255 0.077505 1 0.435385 0.00828347 0.202487 -0.015492 -0.0443751 -0.241448 : 0
0.0101393 -0.299654 0.808104 -0.0258657 0.480382 -0.0902972 -0.0776265 -0.450864 -0.294064 : 0
-0.0717809 0.0419652 -0.0141531 0.0519678 0.156293 0.0555955 -0.104927 -0.239591 0.0746281 : 0
0.20429 -0.291 0.0716151 -0.159155 -0.159644 -0.0736951 -0.12898 -0.191357 -0.20591 : 0
0.367834 0.0308316 0.0111244 0.153609 -0.00143005 0.0127708 0.0807592 0.0658261 -0.391659 : 0
0.00172094 0.00365275 -0.381649 -0.00238298 0.00283416 0.02081 0.0013592 -0.0274662 -0.00596517 : 0
0.0865164 0.680572 0.37137 0.0660428 0.0927177 0.0961117 0.101477 0.14799 -0.334243 : 0
-0.0736487 0.188948 0.292316 -0.141345 -0.00911595 0.146238 -0.11595 -0.106888 0.173153 : 0.1
-0.0138222 -0.0747685 0.630541 -0.0266457 -0.0571311 0.0227744 0.0144463 0.00706434 -0.0126514 : 0
-0.318204 0.057739 0.0563751 -0.0218805 0.477687 0.720153 -0.00640885 -0.00471417 0.319834 : 0
0.231442 0.259144 0.644111 1 0.0642878 -0.280951 0.0046926 1 -0.0244232 : 0
-0.26406 0.029766 0.494618 -0.173274 0.0219174 0.148323 -0.0501562 -0.136383 -0.112739 : 0
-0.186706 0.0404236 1 -0.0881004 0.698575 0.0391001 0.00231472 -0.107141 0.0313062 : 0
-0.00541937 0.21553 0.131847 -0.277653 0.169909 1 0.862644 -0.197604 0.166903 : 0
-0.13658 0.0165569 0.0237754 -0.774358 0.00557832 0.0433396 -0.0723519 0.182441 0.0178578 : 0
0.0335039 -0.0114315 0.0147584 0.00397027 0.117969 0.00673721 -0.0391981 0.217293 -0.00635079 : 0.1
0.0747468 0.152398 -0.154193 -0.0207998 -0.0213604 0.409646 -0.00443823 0.0170398 0.291126 : 0
-0.0639489 0.0568924 0.00193234 0.121499 0.0246971 0.000392976 0.586567 -0.0569955 0.25414 : 0.2
-0.0277561 0.455771 -0.51807 -0.0336097 0.130173 -0.26528 -0.311105 0.336848 0.00348698 : 0
-0.0102808 -0.000907821 -0.00817095 0.171067 -0.0759797 -0.180526 -0.555879 0.762978 0.59154 : 0
0.0228538 0.954456 0.0637693 -0.51165 0.0359535 0.0263061 -0.271452 0.269002 -0.319784 : 0
0.777433 0.0311558 1 0.665412 0.0922188 0.622573 0.0868336 0.138383 0.27089 : 0
0.119309 0.209124 -0.0220422 -0.220144 0.111568 0.0440804 -0.224794 0.150035 -0.0830723 : 0
-0.00406867 0.00690989 -0.0564895 0.000115045 -0.0924577 0.0767753 0.037333 0.158589 -0.000813072 : 0
-0.345803 0.13231 -0.0224965 -0.363768 0.210872 -0.119214 -0.0269937 -0.0765634 -0.077053 : 0
-0.273844 0.0463245 0.823152 0.0496232 -0.0557969 0.983277 0.21891 -0.0773403 0.09708 : 0
-0.0101201 0.0427776 0.651527 0.60298 -0.0314511 -0.0632849 0.0846965 0.0446223 -0.0606176 : 0
-0.0281597 0.238284 0.0697646 -0.241955 0.895401 0.0089767 -0.0266638 -0.0859878 0.230146 : 0
-0.033275 0.125394 0.00498573 -0.504976 -0.173547 -0.155855 0.211458 -0.0534953 0.00675473 : 0.4
-0.00759596 -0.0289822 0.200212 0.0876102 0.00853136 -4.71869e-05 -0.00855247 -0.0414045 -0.153625 : 0.1
-0.091601 0.454215 -0.134157 0.0264007 -0.0873903 0.0196779 -0.0819285 0.709151 0.41569 : 0
0 0 0 0 0 0 0 0 0 : 0
-0.00711751 0.000163978 -0.0116729 -0.0113052 0.961491 -0.0184344 0.353922 0.313785 0.0200348 : 0
-0.0654521 0.350288 0.808838 0.366737 -0.0915831 -0.00602254 0.115089 -0.24374 0.0279579 : 0.1
-0.0916876 0.29439 0.346355 -0.0066672 0.0759028 -0.241746 0.185025 0.290235 -0.194406 : 0
-0.110061 0.0399296 0.138849 -0.0668987 0.012313 0.0473494 0.00163806 0.0680967 0.185022 : 0
0 0 0 0 0 0 0 0 0 : 0
-0.0955131 -0.011214 -0.0281906 -0.353369 0.00700106 -0.107581 0.0263832 0.31614 -0.119998 : 0
-0.0567007 0.000990193 0.193695 -0.0546894 0.0271251 0.537397 0.182503 0.230096 0.273546 : 0
-0.00139973 -0.184357 -0.0643183 0.279906 -0.0374365 0.512883 0.373954 -0.0280373 -0.00455524 : 0.1
-0.0224804 0.010096 -0.00466019 -0.300947 0.00485372 -0.0812685 -0.243279 0.376639 -0.124538 : 0
0.24233 0.706485 0.198272 -1 0.140518 0.80749 0.254605 -0.0818878 -0.0550941 : 0
0.0107856 -0.000345366 0.00992477 -1 -0.00736604 0.00458806 0.195172 0.136717 0.03709 : 0
-0.0154409 0.017503 -0.483506 -0.0127181 0.058578 -0.33282 0.104464 0.331544 -0.00274741 : 0
-0.0171534 0.10456 0.548312 -0.169213 0.00607085 0.401478 0.705164 0.0212752 0.14187 : 0
0.0216303 -0.0302124 -0.088147 0.498131 0.216342 0.0784513 -0.0142701 0.130119 -0.498258 : 0
0.023716 -0.00962534 0.193057 0.179872 0.180127 0.0237488 0.121776 0.00150281 0.177557 : 0
-0.00117024 0.0034094 0.00618454 0.109724 -0.0166458 0.0534119 -0.173099 -0.0696185 0.00286535 : 0
-0.109303 -0.00761964 -0.0497233 0.0221753 0.139926 0.781612 -0.0706868 0.000408499 -0.0520974 : 0
-0.170912 0.028291 0.257327 0.274711 -0.0468018 0.0236752 0.166682 0.00261265 0.0716497 : 0
0.179694 0.39785 -0.0483713 0.301352 -0.0235258 0.0321732 0.0772737 -0.200566 -0.0095701 : 0.4
0.190422 -0.0195059 0.414109 -0.0182823 -0.75564 0.00552007 -0.0419768 -0.0179336 0.0191352 : 0.1
0.00242211 0.0498483 -0.681988 0.0593351 0.22908 0.979112 -0.115137 0.076372 -0.000499969 : 0
-0.198486 0.583898 -0.0750677 -0.465649 0.151609 -0.0189019 -0.0122685 0.232216 -0.0113227 : 0
-0.0118075 -0.00402611 0.00741451 0.00899366 0.0181458 -0.0253059 0.183534 -0.0400351 0.119334 : 0.1
0.0127046 0.00574653 0.0644832 0.602849 0.00392974 0.371457 -0.156494 0.0223166 0.0312848 : 0
0.0423719 -0.0338003 -0.110238 -0.321812 -0.107596 0.919925 0.256845 0.0704307 -1 : 0
-9.43929e-05 0.10356 0.00229851 0.0735352 0.018983 0.374008 0.00876757 -0.000661047 0.001816 : 0
-0.485989 0.529142 0.0820777 0.0562562 0.0207048 0.564705 -0.223358 -0.306899 0.692832 : 0
0.146214 0.0982949 0.0250926 -0.0121104 0.108967 -0.00037647 -0.032115 -0.0417833 -0.0103884 : 0
-0.0416426 -0.030914 -0.0219879 -0.314731 0.0455465 -0.000849218 -0.0744897 -2.54903e-05 -2.71349e-05 : 0
-0.00382709 -0.0552577 0.00158564 -0.0207384 0.262488 -0.787574 0.0785208 -0.0093322 -0.0647243 : 0
0.0415574 0.24001 0.536494 -0.131468 -0.0248215 0.569636 -0.0037898 0.0845819 -0.0304385 : 0
0.00128888 0.046624 0.0188807 -0.309543 -0.010803 0.768809 0.205098 -0.0140016 0.00325467 : 0.1
-0.18041 0.148968 -0.152383 0.585082 0.257417 0.0639594 -0.00667069 -0.0535205 0.00831858 : 0
-0.211265 0.00716675 -0.011142 -0.0491946 0.246761 -0.0391863 0.0302426 0.60299 0.0643664 : 0
-0.0390331 0.126863 0.0272305 0.0750177 -0.121405 -0.014859 0.309097 -0.0482239 0.166826 : 0
0.0641962 0.101751 0.239005 0.0929589 -0.077889 0.907552 0.0288767 0.312972 0.0952217 : 0
-0.0307955 0.319727 0.105982 -0.20485 -0.0393855 0.224825 -0.0438642 -0.39917 -0.228535 : 0
-0.00170675 0.0403131 0.0351757 0.0305147 -0.0619814 -0.0474257 0.285008 -8.48249e-05 0.72386 : 0
-0.084944 0.0533074 0.608138 0.0386697 0.0592377 0.00771043 0.0180223 -0.20944 -0.00200254 : 0.4
0.0707114 0.0315697 -0.23252 -0.342345 0.100344 -0.100871 0.0299802 0.0346674 0.337487 : 0
-0.515414 -0.105963 0.0382301 0.00794642 0.130166 0.111642 -0.0919442 0.320214 0.00361209 : 0
-0.0152992 -0.0608217 0.858855 -0.109753 -0.0345096 0.112026 0.14228 0.0850723 -0.0344493 : 0
0.025842 0.0831726 0.582309 0.297181 0.0928166 0.847019 0.00463483 0.166271 0.0825289 : 0
0.0140651 0.0017451 -0.01818 0.0940323 -0.000555007 -0.0017531 -0.00102507 0.0288713 0.0358689 : 0
0.232568 0.0965197 -0.0326152 -0.116657 0.465542 -0.0921187 -0.169238 0.0615944 -0.0832401 : 0
-0.25513 0.196742 0.0203236 0.0550416 0.153129 0.101145 0.324534 0.00102397 0.36823 : 0
0.372025 0.372587 0.197813 -0.332639 0.0442685 -0.0104036 0.0235562 0.236293 0.0838598 : 0
0.251889 -0.166321 0.281958 0.247604 -0.00474951 -0.192393 0.0292852 -0.0221826 0.0213937 : 0.1
0.930902 0.245345 -0.107707 -0.564673 0.0552875 -1 0.847929 0.342656 1 : 0
-0.0138392 0.204088 0.000258908 -0.00916005 -0.0698916 0.220995 -0.0243776 -0.00703944 0.542827 : 0.3
-0.083657 -0.315671 0.474322 0.872701 0.0275212 -0.0570654 -0.0951456 0.0976287 0.00318897 : 0.1
0.405737 0.0517296 0.0283904 -0.0147049 0.099564 -0.216954 0.00642049 0.0397831 0.00322824 : 0
-0.362476 0.0521133 -0.13297 0.168458 -0.10707 -0.340856 -0.189895 0.0328829 0.228183 : 0
0.0705812 -0.0505555 0.0518227 0.0422639 0.45927 0.106257 1 0.00642723 0.000719289 : 0
-0.316747 0.197404 0.261951 -0.0223126 1 -0.22598 0.19839 0.0302957 -0.0888466 : 0
0.0645608 0.193515 -0.106573 0.38806 -0.115517 0.0761578 -0.00456837 -0.187672 0.5031 : 0
-1 -0.00588074 0.190971 0.0778837 -0.0331042 0.194758 -0.0782148 0.0247466 0.0285968 : 0
-0.0113799 0.50788 -0.0253928 -0.470828 0.486842 -1 -0.0161975 -0.0324025 -0.268651 : 0
0.444743 -0.0384797 0.0749379 -0.13948 0.454916 0.120763 0.00072664 0.260836 0.246856 : 0
0.588008 0.239892 -0.528891 -1 -0.115606 -0.466473 0.0429329 -0.310357 0.160406 : 0
0.0516224 0.0484461 -0.133955 0.0627638 0.375313 1 -0.12618 -0.105788 -0.00290972 : 0
-0.321624 0.0186941 0.0456958 -0.0347291 0.144146 0.126468 0.238139 -0.107871 0.179417 : 0
-0.0840786 -0.0306673 0.771159 0.0758291 0.613646 -0.385286 -0.0493544 0.0228933 0.000627714 : 0
-0.226843 -0.301716 0.535438 -0.00985153 0.350033 0.0143893 0.118281 -0.0113998 0.0323205 : 0
0.00506246 0.789247 0.251421 0.522254 -0.0469336 -0.0217183 0.393861 -0.00410165 -0.000730433 : 0
0.00738809 -0.00880325 0.323242 -0.278764 0.513922 0.11391 -0.000417797 0.332017 -0.00378434 : 0
0.007653 -0.0020281 0.00271768 -0.000339132 0.000786688 0.000901945 0.0298966 -0.0018204 -0.0286144 : 0
-0.0837859 0.245396 0.937352 -0.406774 0.438462 -0.672495 0.0418502 0.0568779 0.0479672 : 0
-0.0591847 0.263526 0.0250654 0.0312608 -0.0247892 0.0667018 0.0546894 0.00472562 -0.137165 : 0
0.0107273 -0.0205166 -0.0835891 0.00672645 0.000441799 0.0300023 0.0541975 -0.215202 0.0378698 : 0.2
0.414236 -0.0233318 -0.0220453 -0.0615229 -0.0609633 -0.0348908 0.283482 0.891498 0.0102942 : 0
-0.198626 0.0298899 0.0321442 -0.76439 0.0317601 0.0241684 0.344232 -0.0549685 -0.243224 : 0
-0.0851881 -0.188405 -0.0206169 0.0583457 -0.0132066 -0.195331 -0.0046041 0.0550087 0.125539 : 0
-0.0979524 0.0831356 0.00999301 0.0750025 0.00524238 0.154117 -0.10905 -0.0140932 -0.0208121 : 0
-0.0899788 0.3431 -0.147827 -0.0489873 -0.0554274 -0.0482001 0.0453184 -0.121941 0.229868 : 0
-0.0145571 -0.126564 0.372709 0.0295363 0.0452569 -0.0829088 0.0491904 -0.0124113 0.795877 : 0
-0.0894704 0.214047 0.0258604 -0.104673 -0.123448 0.0292357 -0.228514 0.0995575 1 : 0
0.260279 0.00320528 -0.0106855 0.246084 -0.122862 0.193181 -0.0522726 0.263426 0.624485 : 0
-0.114999 -0.199752 0.146763 -0.0522437 0.0300758 0.10385 0.00773137 0.0158612 -0.0860244 : 0
-0.0666877 0.0394714 0.0883528 -0.227258 0.209992 0.0615259 0.000473208 0.0234408 0.115044 : 0
0.0960065 0.196869 -0.138143 -0.134975 0.330251 -0.0118334 0.270462 -0.0685895 -0.0939717 : 0
-0.041933 0.709719 -0.117836 -0.0684185 0.390906 -0.00321851 0.0366308 0.15281 -0.0971287 : 0
0.0911987 0.278016 0.197733 0.0395416 -0.272922 -0.0650136 -0.0534361 0.755199 -0.0272236 : 0
0.0117146 0.254151 0.00214864 -0.291544 -0.0570827 -0.276873 0.0141641 0.289118 0.050565 : 0
-0.014005 0.0314477 0.0505403 -0.139372 0.357609 -0.00871384 0.129606 -0.193077 -0.258994 : 0
-0.0983947 0.00539355 0.44069 -0.211946 -0.136228 -0.0131106 0.00209974 -0.00173239 -0.187734 : 0
-0.126331 0.566715 0.000866987 -0.0197162 -0.0586776 0.0458021 0.0473824 -0.281558 0.0527331 : 0
-0.0113348 0.019739 0.0313877 -0.375477 0.00559614 0.0752653 0.024106 -0.0364259 -0.0249961 : 0
-0.458078 1 0.2699 -0.0453251 0.11859 0.652598 0.105847 -0.143479 -0.291909 : 0
0.198965 0.000913782 -0.0185223 -0.345009 -0.0306892 -0.034647 0.0702803 0.161264 -0.147818 : 0
-0.0690768 0.75212 0.0122015 -0.777766 0.0429674 -0.114814 -0.000168928 -0.00189952 0.00614414 : 0
-0.550702 -0.0112478 0.59008 0.277351 0.531399 -0.280813 -0.100646 0.0112145 0.0859187 : 0
-0.639748 -0.270118 0.112515 -0.545731 0.0305907 0.803619 0.262719 -0.130711 0.108876 : 0.2
-0.155027 0.874513 0.0502062 0.381281 0.0102156 -0.22108 0.012884 0.282549 -0.307874 : 0
0.373618 0.0221045 0.273947 0.146229 0.236044 0.0110743 -0.0413274 0.12456 0.126585 : 0
-0.151744 0.015115 -0.000484693 0.613624 0.10393 0.0337032 0.0132575 0.205855 0.0678651 : 0.1
0.102011 -0.029689 0.0946244 0.0486935 0.080826 -0.209904 0.204188 0.206348 0.492634 : 0
-0.000892805 -0.00365767 -0.0109167 0.000693134 0.0107888 -0.00382187 0.015798 -0.00749962 0.00481972 : 0
0.118603 0.0405069 0.017824 0.0235271 0.0963248 -0.0176029 0.0872105 0.0753562 -0.00667488 : 0
-0.0468557 0.15939 -0.0717772 -0.0709286 -0.0357512 0.0231392 -0.115039 0.00504684 0.00222319 : 0
0.443845 -0.0876445 1 -0.510232 0.0505853 0.00925665 -0.00265414 0.0553869 0.0199654 : 0
0.541556 0.0411827 -0.133743 0.178195 -0.204794 -0.0382531 0.0185039 0.0858684 -0.0627654 : 0
0.0188668 -0.0589994 0.724435 -1 0.224115 -0.0409472 0.0691551 -0.059739 0.100242 : 0
0.450874 -0.149961 0.00603185 0.00190269 0.00061837 -0.0131429 -0.00858585 0.0546843 -0.121158 : 0.1
-0.0172918 0.0923791 1 0.00164694 0.00207051 0.125017 0.0022998 -0.0260428 0.0165174 : 0
0.555238 0.0680465 0.846487 -0.0033452 -0.0901842 0.20178 -0.0132928 0.0605219 0.0123265 : 0
3.59303e-05 -5.30831e-05 -0.00402673 -0.00629533 0.000129897 -0.000697962 -0.0166979 -0.0404078 0.000131558 : 0
-0.0238631 0.0546177 0.219233 -0.109573 -0.369561 0.773354 -0.107883 0.051741 0.1233 : 0
-0.61065 -0.0684204 0.253233 0.105668 -0.0288195 0.118268 0.0892919 0.0425559 0.101538 : 0
-0.0492778 0.0650769 0.0684752 -0.0978305 0.304937 0.0362587 -0.0206607 -0.0207051 0.294675 : 0
0.142427 0.0394658 0.0110068 -0.0201771 0.0368964 0.000915215 -0.000383258 0.0282378 0.204297 : 0.1
-0.000290719 0.117548 0.0263894 0.0165474 -0.0370356 -0.00326693 0.359247 0.0518861 0.0561021 : 0
0.0690794 0.0415897 -0.0721267 -0.202778 0.0189626 0.109834 -0.140002 -0.358314 -0.934341 : 0
-0.0886985 -0.0516721 0.0925942 0.675589 -0.00130493 0.0617898 -0.158345 0.121156 -0.109306 : 0.3
0.0171117 0.239657 -0.0322085 0.00644903 0.0282823 0.0273031 0.0782353 -0.419241 -0.0372779 : 0
-0.0192004 -0.18339 0.000488313 0.469283 0.0558822 0.00762466 -0.0733462 -0.103287 0.145929 : 0
-0.161719 0.026708 0.354256 -0.317064 -0.096251 0.0691847 -0.152631 -0.00409099 -0.845816 : 0.1
-0.239477 0.38843 -0.0815431 0.155098 0.0516481 -0.0366626 0.162988 0.718261 -0.00239613 : 0
0.287858 -0.0225441 0.0421163 0.032587 -0.00752517 0.00165278 0.0817663 0.119577 -0.0653243 : 0
0.346717 -0.00451691 0.100663 0.00151081 0.717527 0.00138332 0.00137286 0.0297646 0.00822 : 0
0.111117 0.14941 -0.0959945 -0.222435 -0.0047627 0.030693 0.255947 0.261152 -0.328525 : 0.1
0.00500113 0.0100586 0.143623 -0.833567 -0.000823838 0.0885263 0.423552 0.129311 -0.215608 : 0
0.05612 0.00400347 -0.0107726 0.0253072 -0.0791539 0.0955701 -0.140985 0.00176835 -0.34355 : 0
0.677237 -0.594878 0.0229541 -0.0829156 -0.161266 -0.233048 0.0507409 0.0517468 0.194865 : 0
0.0988447 -0.0827142 0.000984829 0.021633 0.000181317 0.0228472 0.104562 0.0789468 -0.000209271 : 0.2
0.370987 -0.00500714 0.00877101 0.0584109 -0.0223678 -0.00105297 0.00307636 0.00837955 -0.0809981 : 0
0.169032 0.0331788 0.00309007 0.0307688 0.00168142 0.690924 0.145259 0.0485493 -0.0400279 : 0.1
0.238138 -0.0268851 0.336685 0.284419 0.683799 0.986432 0.220178 -0.126444 -0.0367855 : 0
-0.779213 0.19819 0.387719 -0.57157 0.101521 0.960225 0.185418 -0.186821 -0.000238257 : 0
-0.497571 -0.0106825 0.364851 0.426176 0.0915954 0.637168 0.224172 -0.141466 0.00275443 : 0.1
-0.0257045 0.00816428 0.369496 0.166045 -0.318568 -0.200538 -0.0222515 -0.0374224 0.0111101 : 0
0.0318301 -0.019159 0.0103139 0.0376989 0.365848 0.130014 -0.233514 -0.00215484 1 : 0
-0.00119665 0.409628 0.0397607 -0.139247 0.233012 -0.523138 0.694638 0.137263 -0.0305281 : 0
0.499287 -0.126602 0.111551 -0.478905 -0.176834 -0.187758 -0.109318 0.0590979 0.221334 : 0
-0.00176628 0.372101 0.0146561 -0.000975483 0.0200279 0.00183581 -0.00437086 0.104985 -0.0292901 : 0
-0.28038 0.0687725 0.330824 -0.176525 0.0736183 0.110331 0.203635 0.0810061 -0.357131 : 0
-0.289304 -0.0469446 0.031389 0.145133 -0.0255559 0.607545 0.113853 0.15131 0.367921 : 0
0.0124973 -0.235942 0.26901 -0.521984 0.0432494 0.421222 -0.0221079 0.045908 0.000242407 : 0
0.524657 0.0600474 0.034272 -0.0918891 -0.00221514 -0.139419 0.0433699 -0.0246956 0.198186 : 0
0.0264647 0.0458706 0.314345 0.520864 -0.0019706 1 0.303425 -0.030974 0.0017582 : 0
-0.00903551 0.00378567 -0.0124115 -0.0523436 -0.00149159 -0.0372385 0.0216131 0.399249 -0.327181 : 0
-0.0908771 -0.220767 -0.0470574 0.0814045 0.544147 -0.275279 0.0541161 -0.0970041 0.00157631 : 0
0.0753497 0.00850703 1 0.427267 -0.0847476 -0.0288246 0.0436851 -0.0583966 0.00649717 : 0
0.0178106 0.00451062 0.418721 -0.117942 0.662239 -0.190859 0.0344083 -0.15838 0.0011369 : 0
-0.180227 0.185236 0.377743 -0.0211757 0.213427 -0.0666607 0.267323 -0.0494714 -0.254129 : 0
0.0235232 0.737993 0.225384 -0.00888668 0.118465 -0.184643 -0.0220527 -0.0966925 0.311499 : 0
0.109996 -0.083596 -0.0384192 -0.0147336 0.258419 -0.665163 -0.260719 0.00702155 0.436382 : 0
0.0217368 0.447096 0.0282817 -1 0.0769279 -0.305286 -0.00507194 -0.103304 -0.34538 : 0
-0.0184674 0.069618 -0.0346097 0.298516 0.0767068 0.825836 0.413144 0.280849 0.110064 : 0
0.321916 -0.0484252 -0.110793 0.185133 0.857206 -0.104676 -0.551458 -0.268248 0.449122 : 0
-0.0832421 0.551266 -0.315747 -0.535962 0.789728 0.180427 0.513718 0.165935 -0.497003 : 0
0.0373378 -0.00869367 -0.00323692 -0.118023 0.000281399 -0.00262356 -0.00513312 0.0517775 0.344837 : 0
0 0 0.484588 0 0 0 0 0 0 : 0
-0.0162602 0.00527216 -0.0568389 -0.0138812 -0.033127 -0.214413 -0.169164 0.0186712 -0.00329416 : 0
0.140513 0.226738 0.41109 0.0108639 -0.0202612 -0.00238367 -0.0556453 0.0704921 0.831814 : 0
0.449935 -0.135761 0.00598027 0.00540585 0.000556997 -0.058046 0.00872765 0.0552766 -0.0180053 : 0
0.0058589 -0.022599 -0.26988 -0.0746733 0.159881 1 0.275266 -0.0970154 -0.192538 : 0
-0.0567636 0.698159 0.553843 0.00768047 0.00260426 0.147639 0.361372 0.206352 0.179145 : 0
1 -0.196227 -0.0120183 -0.333151 0.0740798 0.584608 0.185609 -0.0269659 0.25559 : 0
-0.0656715 -0.070154 -0.270517 -0.229375 0.127248 -0.176241 -0.0485637 1 0.226453 : 0
-0.445306 0.221495 0.0847268 0.00263044 0.547318 0.64548 0.224157 0.0206859 0.0674734 : 0
0.730357 0.294482 0.183435 -0.166275 0.204265 0.813998 0.0448202 -0.149473 -0.527648 : 0.1
-0.159694 0.0668583 0.0168444 -0.124392 -0.0162859 0.0553134 0.0301501 0.625928 -0.0919338 : 0
0.540069 0.858072 -0.0061014 -0.177484 0.428978 -0.65001 0.147612 -0.050451 -0.0504194 : 0
0.126104 0.000182782 0.184509 0.0279892 -0.00266534 0.3079 -0.00122964 -0.000481551 6.09757e-05 : 0
-0.0228553 -0.0944353 0.344726 0.119782 0.00594363 -0.0963031 0.122875 0.0841886 0.327863 : 0
0.405968 0.0011716 0.295628 -0.964639 0.00319439 0.290175 0.447659 0.218329 0.0388365 : 0
0.363976 0.145364 -0.00114924 0.0845409 0.224413 -0.0831065 0.721576 0.00747688 -0.0040687 : 0
-0.186617 0.218174 0.00902066 -0.165065 0.00638842 0.015393 0.500711 -0.0371468 -0.252327 : 0
-0.0401945 0.13574 0.104448 -0.0850759 -0.173418 0.0581579 0.685324 0.099838 -0.0543316 : 0
0.0782108 -0.0128734 0.0644928 0.0601332 0.17108 0.779708 -0.233243 0.429865 0.0759341 : 0
-0.22732 0.00837182 -0.0427263 0.0352381 0.533689 -0.112859 0.448439 0.016127 0.136197 : 0
-0.0134236 -0.0123233 -0.0193123 0.00610949 -0.189865 0.0621016 -0.0162496 0.80373 -0.0135615 : 0
0.0887116 0.0113318 -0.545242 0.158246 0.066489 -0.00115972 0.0670335 0.187788 0.0162694 : 0
0.232461 -0.0273078 0.0207018 0.441419 0.325458 0.0340921 -0.0707991 0.182754 0.453967 : 0
-0.0867794 -0.0153637 0.0209963 -0.173117 -0.00547265 0.137669 0.0129763 0.533878 -0.261257 : 0
0.0470567 0.725208 -0.0256976 -0.422602 0.117713 -0.463458 0.700755 -0.280398 0.0387195 : 0
0.0349347 -0.000500768 1 -0.152111 0.400996 0.119448 0.010637 0.0926907 0.112359 : 0
-0.240789 0.434926 -0.169099 -0.239861 0.0156341 -0.729121 0.0332536 0.0545866 -0.0719156 : 0.6
-0.00020247 0.0320399 -0.000559085 -0.37289 -0.000429167 0.0159274 -0.00411814 -0.00616871 -0.028967 : 0
-0.558161 0.143037 -0.266957 0.177994 0.175122 -0.0398045 0.284151 -0.253938 -0.197326 : 0.3
0.14198 0.0126432 0.690675 0.289037 -0.00941803 1 0.353597 0.288274 0.0411183 : 0
-0.179049 -0.0620934 0.240321 -0.159982 0.204665 0.291163 -0.187203 -0.198198 -0.125519 : 0
0.0392724 0.318139 0.160075 0.188999 -0.10515 -0.360619 0.257076 0.420376 0.0819648 : 0
0.0342044 -0.247174 -0.0666106 0.086176 -0.216119 0.231938 -0.00787292 -0.0546343 -0.000218622 : 0
0 0 0 0 0 0 0 0 0 : 0
-0.981121 -0.113578 -0.133828 0.115731 -0.15143 -0.119545 0.14075 0.0170862 0.111535 : 0
0.0145998 0.0330145 0.122789 0.00564262 -0.000532063 -0.0219427 0.00927368 0.0775881 -0.000513474 : 0.4
0.826814 0.30186 -0.00805713 -0.0514714 0.135653 0.197611 0.0025919 1 0.132082 : 0
-0.107562 0.117703 0.0720495 0.298023 0.571456 0.366454 0.026588 0.144438 -0.0887507 : 0
0.0336671 -0.0138864 0.0710269 -0.153799 -0.0387708 0.0567943 -0.429712 0.0354409 0.186265 : 0
-0.0293401 -0.0308163 0.47513 0.198063 -0.116095 0.0347087 0.00836596 0.0128832 0.0027366 : 0
0.0128564 0.38721 -0.00314416 -0.0370681 0.0279472 -0.00639444 0.0590732 -0.00150629 0.849026 : 0.4
-0.171992 0.330253 -0.0978376 0.0349075 -0.00883548 -0.0531917 0.0041031 -0.118746 -0.143362 : 0
-0.12775 -0.00453822 0.927139 -0.109268 0.448319 0.00191366 0.137776 0.0191039 0.0427323 : 0.1
0.247313 -0.0602674 0.207002 -0.170707 0.205326 -0.249995 -0.0126938 0.659407 0.0169963 : 0.4
0.358507 0.304633 -0.251252 -0.270877 -0.257746 0.171079 -0.180723 0.461707 -0.126011 : 0
-0.0186101 0.00851102 0.433104 0.263925 0.0763442 1 -0.0159359 0.125692 -0.0218738 : 0.3
-0.0220189 0.113358 0.38035 0.00383006 -0.533849 -0.279758 0.225857 -0.0262649 0.0164231 : 0
0.11569 -0.0441502 0.00689406 -0.291302 0.0214672 0.00902192 -0.434354 -0.25914 0.208922 : 0
0.287902 0.49372 0.29388 0.00626427 -0.0124656 0.640345 0.00189232 -0.0421162 -0.0420649 : 0
0.176015 0.19635 -0.18982 0.00891849 0.176401 -1 -0.0425904 -0.0858655 0.191163 : 0
0.0762968 0.036604 0.177807 -0.164517 0.064036 -0.173855 0.0425272 -0.103204 0.144299 : 0
0.100046 0.306076 0.131542 0.52048 0.0916997 1 0.0844343 0.146987 0.714059 : 0
0 0 0 0 0 0 0 0 0 : 0
-0.155636 0.532667 -0.0759463 0.0237257 0.279123 0.0777796 -0.169078 0.366512 0.029475 : 0
-0.272672 0.159267 0.139191 -0.177052 -0.0148598 0.0439531 -0.00484989 0.392211 0.0767082 : 0
-0.0313993 0.0513227 0.0981226 0.00572573 -0.000300765 -0.000492381 0.00387497 0.95957 -0.0226712 : 0.5
-0.172055 0.0258698 -0.0974106 0.164262 0.352771 0.509058 0.150463 0.271694 0.142715 : 0
0.0504037 0.602077 -0.00373917 0.272849 0.000951756 0.290368 -0.0571009 -0.0190954 -0.000900287 : 0.1
0.00660885 0.160013 0.0284804 0.0161024 -0.020207 0.293307 -0.223139 1 0.448361 : 0
-0.0915445 0.117965 0.0254621 0.424023 -0.0093047 -0.0546444 0.226981 0.977402 0.624371 : 0
-0.0283536 0.00330126 0.385926 -0.0822968 -0.129047 0.0643294 -0.0189136 0.0484463 -0.0185898 : 0
0.377227 0.00465851 -0.00408232 0.117595 0.063962 0.0473197 0.00294933 0.00321145 0.00552434 : 0
-0.303586 0.720354 0.0863611 0.0940484 -0.226383 0.0509704 0.117269 0.0580509 0.223613 : 0.4
0.0579309 0.0261224 -0.203909 0.44218 -0.358053 0.001422 0.143811 0.0525016 0.0121559 : 0
0 0 0 0 0 0 0 0 0 : 0
-0.0697136 0.0100747 0.12624 -0.0789295 0.183079 0.01766 -0.0167493 -0.117711 0.0145083 : 0
-0.103061 0.286362 1 -0.0116076 0.111434 -0.516293 -0.0622487 0.169405 0.104543 : 0
0.100097 0.0986814 0.07828 -0.0708821 0.390654 0.109545 -0.302177 -0.181065 0.255773 : 0.3
0 0 0 0 0 0 0 0 0 : 0
-0.10226 0.0591679 0.0229313 -0.076701 -0.19365 0.939406 0.249734 0.10211 0.464581 : 0
-0.0871813 0.354305 0.154137 -0.138636 0.402919 0.402274 0.216607 0.376749 0.103021 : 0.1
-0.171767 -0.00904939 0.389024 0.184147 0.274417 -0.292069 0.0120312 0.0850025 -0.0619485 : 0
0.808787 0.36955 0.442799 0.139259 0.186114 0.543356 0.00329434 -0.451485 0.0208425 : 0
0.151993 0.192178 0.446142 0.633408 -0.0364593 -0.197424 -0.0169745 0.183344 0.016993 : 0
0.129139 0.093839 0.020019 -0.00398015 -0.0290615 -0.000517931 0.0672242 0.0440918 -0.0082544 : 0.1
-0.0273321 -0.0414784 0.227675 0.0500704 -0.133184 0.025976 -0.166203 0.0770813 -0.197057 : 0
0.488075 -0.904135 0.0885559 -0.0428134 0.113584 0.0810822 0.00338581 -0.488481 0.280294 : 0.3
0.00938227 -0.243785 0.0442976 -0.037119 0.000296562 -0.0720614 -0.0490433 0.063917 0.552508 : 0
-0.000542626 -0.0431346 0.332264 1 0.0820518 -0.14284 -0.00188933 -0.024595 0.00284751 : 0
-0.0462671 0.0310582 -0.0365106 0.019695 0.276379 -0.795227 -0.0412228 -0.0360954 0.026721 : 0
-0.158413 0.80539 0.0022792 -0.147013 0.401215 -0.94402 0.0976724 -0.13181 -0.0964681 : 0
0.00397708 0.497968 -0.00210663 -0.0850144 -0.0579421 0.0639528 -0.109553 0.68041 -0.00937046 : 0
0.0408701 -0.183175 0.146745 0.359792 0.0477622 0.201137 -0.0210193 -0.0966097 0.338971 : 0
-0.203469 0.0341341 0.930268 -0.804464 0.00936504 0.0974926 0.158701 0.10729 -0.129393 : 0
-0.0634793 0.116381 0.145697 0.337177 0.010097 -0.0455183 -0.0242585 0.00894364 0.00987319 : 0.1
0.00454208 -0.00445398 -0.00546818 -0.0124381 0.164535 -0.00331465 0.0782425 0.0380385 -0.0068688 : 0
-0.142448 -0.126023 0.0348528 -0.00699138 0.0909608 -0.717567 -0.0775929 0.290252 0.167888 : 0
0.000785957 -0.0027041 -0.00107405 -0.0702897 -0.00727416 0.022663 -0.0598285 -0.0279769 -0.0596156 : 0
0.224815 0.00616458 0.277478 0.227874 -0.860272 0.0432659 -0.170639 0.0305995 0.0789259 : 0.2
-0.175496 0.0941589 -0.0944341 -0.256389 -0.0220848 -0.15571 0.00163523 -0.0081938 -0.050055 : 0
0.234968 -0.198475 0.00349758 0.0400441 0.0168718 -0.0136685 0.212093 -0.117625 0.148629 : 0
0.076598 -0.0484153 0.0225709 -0.180023 0.0085887 0.244271 0.399457 0.427616 -0.00616592 : 0
0.789109 -0.0940443 0.0866039 -0.0110884 0.0535589 0.434793 0.0841604 0.216673 0.358882 : 0
0.100451 -0.00882986 0.883769 -0.407254 0.26513 -0.0450548 0.0155358 0.0932305 0.143028 : 0
0.00151799 0.248525 -0.490532 0.555018 0.0689862 0.00127042 -0.020669 0.808736 0.261519 : 0.2
-0.12333 0.697254 0.03453 -0.0288317 0.057 0.00257698 -0.0157521 -0.0641299 0.000626786 : 0
0.0170986 0.00270757 0.151695 0.00626424 0.0018295 0.0017864 -0.00392317 0.0181318 -0.000249041 : 0
-0.693437 -0.0386781 -0.125485 -0.425884 0.0376274 -0.148784 0.17365 -0.00294881 -0.293902 : 0.1
-0.430895 0.442282 0.110992 0.137785 -0.657048 0.364284 -0.028808 0.5428 0.00480214 : 0
0.0142675 0.575629 0.0181883 -0.0388195 0.0586097 0.00561675 0.0335131 0.162506 0.0495646 : 0
-0.00175358 -0.0345763 0.995813 0.0280107 0.61015 0.543158 0.151181 -0.010711 0.00630948 : 0
0.330685 -0.0491326 0.00400762 0.00809327 0.000448061 -0.00897873 -0.0012853 0.076518 -0.0126903 : 0
-0.171535 0.212474 -0.182906 0.0519454 0.0377178 0.0424054 -0.055717 -0.134399 0.0213646 : 0
-0.470856 -0.0522492 -0.0338129 -0.123402 0.217377 -0.141263 -0.137316 0.457954 0.0512092 : 0.2
-0.185856 -0.0953832 -0.00285032 -0.0131748 -0.0332911 0.406335 0.168685 -0.034011 0.82255 : 0.1
0.13176 0.0961039 0.0160289 -0.136574 0.23034 -0.226993 -0.0596641 0.0439681 0.0125962 : 0
-0.000272228 -0.0656741 0.000508718 -0.019 0.395025 -0.735278 0.0379423 -0.0176362 0.392972 : 0
-0.0044193 -0.0187993 -0.0370124 -0.143316 0.495979 0.0570649 -0.0416294 0.0538134 0.0100805 : 0
-0.0848609 -0.119097 1 -1 0.334522 -0.0793833 0.0276631 0.17476 0.176764 : 0
-0.00125247 0.448139 -0.014694 -0.274315 0.127145 -0.0650004 0.0246652 -0.134831 -0.0157583 : 0
0 0 0 0 0 0 0 0 0 : 0
-0.211822 0.0192073 0.555312 -0.190618 0.00965602 0.0591451 0.478577 0.0059437 0.0265718 : 0
0.0218139 -0.130295 0.00485776 -0.000245222 0.0345977 0.000329865 0.0573372 -0.0277677 -0.0329988 : 0
0.00302164 -0.00256494 -0.162287 0.109519 0.212287 0.760334 -0.311405 -0.0603457 -0.076808 : 0
0.0957515 0.0185426 0.492507 0.132707 -0.0284628 -0.000705339 -0.0003618 -0.110781 -1 : 0
-0.00716351 0.254567 0.0133676 -0.175809 -0.0441033 0.0448284 0.154576 -0.0602209 0.000345416 : 0
0.038741 0.0141204 1 0.245077 0.205515 0.317367 -0.0863751 0.811421 0.402294 : 0.5
-0.500551 0.341737 0.365149 -0.469422 0.160571 0.748707 0.272238 -0.155156 0.333463 : 0
0.345881 0.00583574 0.0482939 -0.201556 0.246687 -0.318213 -0.278047 -0.150989 0.135249 : 0.1
0.252738 0.411613 -0.544109 -0.526666 -0.0360693 0.0790389 0.0440574 0.249063 0.269084 : 0.2
-0.425015 0.00222245 -0.0903945 -0.0392781 -0.0408731 -0.205265 0.00161972 -0.0500394 -0.207244 : 0
0.0628242 0.330536 0.0642204 -0.552498 -0.0581197 0.223897 0.298214 0.292191 0.615294 : 0.1
-0.494593 0.184702 0.400066 0.0454658 0.144061 -0.49907 0.032244 0.482365 1 : 0
-0.206203 0.324573 -0.374402 -0.208318 0.216313 -0.043877 -0.0740242 -0.20397 -0.0549369 : 0.1
0.13686 0.1896 -0.126666 0.0483601 -0.000172744 0.252364 -0.0616062 0.390367 0.0118717 : 0.1
0.586198 -0.0938038 -0.171669 0.202547 0.0449757 -0.014608 -0.0804781 0.531512 0.060715 : 0
0.0197619 -0.0135706 0.728455 -0.211221 0.372949 0.073573 -0.0139898 0.228527 0.0674197 : 0
0.018584 -0.0300012 0.243425 -0.0286814 -0.0772423 0.158922 -0.075772 0.002195 0.173754 : 0
0.000947155 0.0243946 0.969602 0.338096 0.0387171 -0.186453 0.154658 0.653077 0.263593 : 0
0.155507 -0.0412081 0.00248272 0.14262 0.57193 0.399082 0.0685344 0.0184488 -0.0185984 : 0
0.0736219 0.00148215 -0.0496742 0.0284496 0.0380466 0.0852991 0.0498243 -0.370793 -0.0278711 : 0
0.0595137 0.00428863 4.04296e-05 0.00109598 0.135995 -0.00179132 -0.00704102 -0.00130304 -0.00130389 : 0
0.11015 0.092269 0.376823 0.0984375 0.000765467 -0.169104 0.0181171 0.014129 -0.0232217 : 0
-0.107227 0.056584 0.0493155 -0.0782816 0.0558022 -0.000758658 0.881052 0.0329577 -0.0061617 : 0
-0.0668158 -0.00614327 -0.189502 0.116419 0.0639411 -0.0357194 0.311472 0.0922073 -0.420104 : 0.1
0.24879 -0.0899691 -0.0531485 0.431584 0.338264 0.0321179 -0.0400408 0.165361 0.0145296 : 0
0.0304368 0.0103946 0.119328 -0.297415 0.0520048 -0.024716 0.0141708 -0.0525893 0.390053 : 0.4
-0.0238482 0.246668 0.0799912 0.681221 -0.129538 0.0423508 0.0968202 -0.101409 0.572999 : 0
0.0703146 0.0504607 0.646704 -0.300552 -0.184414 0.0305813 -0.0899884 0.689811 0.0163373 : 0.4
-0.016128 0.230809 0.592233 0.0646514 -0.162203 -0.0172432 0.121009 -0.0969941 -0.202554 : 0
0.163678 -0.061926 0.093564 -0.0740206 -0.0109801 -0.00683831 0.00627373 -0.032153 -0.0338286 : 0
0.171066 0.403129 -0.00737459 -0.396272 0.149962 -0.419908 0.0491613 0.938129 -0.166392 : 0.4
-0.0183213 0.0311515 -0.043763 -0.11048 0.592887 -0.692498 0.411625 0.0138609 -0.0634052 : 0.4
-0.0309584 0.0146969 0.349829 0.625401 0.0550871 -1 -0.241867 -0.00740429 0.0806592 : 0.1
0.549453 0.0543004 -0.136247 -0.181794 -0.0314083 0.302065 -0.0347312 -0.451469 0.110091 : 0
0.456895 -0.0574675 0.706779 -0.11201 0.0479396 0.0441933 -0.0331036 0.168168 -0.0243426 : 0.2
0.000857279 1.5466e-06 -0.375434 -0.00188307 0.3439 0.20106 0.00388869 0.0870334 -5.34483e-05 : 0.1
-0.337445 -0.264523 -0.0281281 0.0687869 0.115339 -0.206226 0.374616 -0.0410759 -0.367513 : 0
-0.197531 -0.0764144 -0.0263734 -0.0299496 0.00244561 -0.148163 0.272082 -0.133941 0.534769 : 0.2
0.0335519 0.0714906 0.165732 -0.00236772 -0.117092 0.197747 -0.00496621 0.0167337 0.000407329 : 0
-0.55602 0.0707249 0.0581218 -0.0214178 0.430815 0.596583 -0.612947 1 0.408934 : 0
-0.0234368 -0.0803169 0.00699646 0.00993328 0.285722 -0.678158 0.120306 0.0150745 0.984738 : 0.1
0.0262533 0.105939 -0.00236132 0.0728166 -0.322177 0.0690913 0.264988 -0.113788 0.00634727 : 0
-0.0183291 0.00192865 0.0309479 0.000105079 -0.044343 0.220835 0.0325338 0.0673391 0.00163323 : 0.6
0.323807 0.00179128 0.0536407 -0.0150557 0.242058 -0.0901625 -0.750838 0.342696 0.415657 : 0
0.358064 0.80393 0.0068322 0.296581 -0.048012 1 -0.0968834 0.195042 0.058639 : 0
0.0197082 0.178399 -0.163088 -0.175364 0.25663 -0.01091 -0.180647 -0.165461 -0.0754999 : 0.1
-0.0444355 0.523976 0.205655 0.774657 -0.0544855 0.00399091 -0.0212205 0.154191 -0.207077 : 0
0.432577 0.0220364 -0.0100873 0.109693 0.0285657 -0.160629 -0.061053 0.00063858 0.0110454 : 0
0.0107647 0.102506 0.0636387 -0.0411501 0.0250691 -0.107445 0.0217567 -0.00365442 0.00283186 : 0
0.0652235 0.00548395 0.801887 -0.324536 0.0151842 0.00289144 0.552678 -0.0663462 -0.448618 : 0.2
0.0104222 -0.0150935 0.0154587 0.129514 0.0048203 -0.0880054 -0.030152 0.0473079 0.00980644 : 0.1
-0.510302 -0.00503139 -0.203777 -1 0.0732094 -0.234802 0.256094 -0.239985 -0.0426053 : 0.5
0.00890861 0.0530109 0.0186722 0.359763 0.540189 -0.00102019 0.134757 -0.0590284 0.0734622 : 0.1
0.0197093 -0.00618044 -0.0148001 0.0462248 0.757462 -0.0446427 0.00378148 0.0319861 -0.000352505 : 0.3
-0.216029 0.00949169 0.105341 -0.00638142 0.742739 -0.0130949 0.02851 0.02146 -0.0647624 : 0
-0.0133488 0.305304 0.00184838 -0.0757495 0.14295 -0.363537 -0.112796 -0.124977 0.313545 : 0
0.0180805 0.13989 -0.338323 -0.407517 0.0327794 0.0366614 0.275618 0.582976 -0.119512 : 0.3
-0.15084 0.000128679 0.106794 -0.058154 -0.178981 -0.235355 0.0039993 -0.0396678 -1.18661e-06 : 0
0.835966 -0.0851495 0.598319 -0.525389 0.532404 -0.123144 -0.025312 0.112475 0.122266 : 0.1
-0.0335767 0.0650101 -0.00746243 0.177975 -0.285869 0.0101711 -0.464813 0.000714505 -0.0063837 : 0.1
-0.711788 0.27958 0.388551 -0.0354473 -0.517781 0.423941 -0.0167766 -0.129122 0.0702503 : 0
0.033839 0.669108 0.00780878 1 0.468416 0.00223417 -0.0376732 0.523614 0.0303978 : 0
-0.258588 0.620092 0.0128386 -0.286189 0.562674 0.147394 -0.182559 0.237721 -0.0374989 : 0
0.0257605 -0.00046973 -0.0012483 -0.0283148 -0.0375647 -0.0168781 0.0613451 -0.00687042 0.118656 : 0.4
-0.93595 0.319167 0.81277 0.582969 0.224054 0.128124 0.346599 0.0819945 -0.426991 : 0
0.561186 0.0729924 -9.34891e-05 -0.206882 0.115731 0.0780901 0.0646469 0.206984 0.121342 : 0
-0.000584554 0.0238433 0.130907 0.00222006 0.550724 0.000711478 0.161434 -0.0072585 -0.000290776 : 0
-0.172246 0.817133 -0.0409785 -0.145127 -0.156668 -0.373761 0.0373338 -0.142046 0.237709 : 0
0.0488962 0.00593995 1 -1 0.406098 -0.199489 -0.0537111 0.0306926 0.0152976 : 0
-8.54604e-05 0.00905311 0.00277775 -0.00322916 0.00425565 -0.00037974 0.0106589 -0.000578143 -0.000221298 : 0.2
0.0416543 -0.145326 0.00676191 -0.720304 0.000173002 0.000895021 0.00139947 -0.155965 -0.181254 : 0
-0.20683 0.0242743 -0.262943 -0.538151 0.213465 -0.305961 0.218526 -0.126672 -0.47407 : 0
0.0674824 0.185251 -0.107741 0.101979 0.163438 0.116721 0.628825 -0.89374 -0.15146 : 0.4
-0.0310706 0.134505 0.72447 1 0.18124 -0.000237964 -0.0111514 0.0275193 -0.14776 : 0
-0.255091 0.0261488 0.0322717 -0.0425538 0.0492748 0.128645 -0.00224576 0.502331 0.00177881 : 0.1
-0.0712759 0.491873 0.044027 -0.46031 0.418985 0.0556094 -0.143388 0.438698 -0.0381646 : 0.2
-0.0681919 0.00971915 0.0507845 0.0149074 -0.0143594 -0.435088 0.000615268 0.0039229 -0.05389 : 0
-0.46993 -0.0918209 -0.0182552 -0.0519075 0.0470441 0.156413 -0.769797 0.963919 0.159533 : 0.4
-0.712089 0.280281 0.220747 -0.0190379 -0.00640643 0.451081 0.00150058 -0.0594736 0.0397134 : 0.2
-0.00889707 0.0121575 0.0169968 -0.0151796 -0.00273205 0.322051 -0.0318665 0.0238535 -0.0058337 : 0.3
0.0938166 -0.117896 0.884859 -1 0.344081 -0.21656 0.0775172 0.105297 0.188621 : 0.4
-0.00400592 -0.0413983 -0.0893275 0.0368668 0.0036244 -2.54468e-05 -0.0117862 0.00383819 -0.0713974 : 0
-0.384466 0.413618 0.638902 0.404512 0.0997223 0.0889262 0.0101017 -0.10145 0.504948 : 0.2
-0.00050414 -0.345023 0.146571 0.0192419 -0.00225356 0.00408456 -0.161166 7.1047e-05 -0.00250291 : 0
-0.0234733 -0.0478435 0.450129 -0.229714 0.223422 0.0342358 0.00502263 0.133713 -0.106686 : 0.1
-0.0199152 0.0480824 0.649624 -0.460903 -0.116942 0.509678 -0.0517662 0.438405 0.351985 : 0
0.587081 -0.0990774 0.0767744 -0.0708033 -0.00191638 0.125927 0.0403894 -0.583193 0.151342 : 0
-0.386673 -0.0423272 -0.0102138 0.0619041 0.0833015 0.528631 -0.0782236 0.123882 0.123637 : 0.4
0.0874283 -0.0292044 0.205171 -0.062789 -0.0978471 -0.00704253 -0.142345 -0.0259923 1 : 0.1
0.0615546 0.0772278 -0.000363973 -0.0221908 0.0236256 -0.00172472 -0.000281256 0.070555 -0.0242908 : 0
0 0 0 0 0 0 0 0 0 : 0.5
1 0.0344778 -0.203737 -0.213921 0.0677685 -0.0763163 0.163633 0.747164 0.0476733 : 0
0.178741 0.0159736 -0.729943 -0.469554 0.225461 0.398106 0.19718 0.080748 0.00649279 : 0
0.00601937 0.169468 -0.292312 -0.823372 0.292664 -0.0394332 -0.0752542 -0.249438 0.132713 : 0
0.0386978 -0.0848811 0.536676 0.30067 0.00409153 1 0.113678 -0.0630535 -0.0484574 : 0.1
0.114018 0.0264452 0.478393 1 0.476299 -0.107032 -0.0369272 0.0773818 0.122051 : 0.2
0.184817 0.0121972 0.198152 0.0220522 0.17825 -0.188228 0.00622475 0.246674 -0.358034 : 0.1
-0.0649158 0.049791 0.139445 0.156535 0.0986965 0.050796 0.499059 0.106049 0.877686 : 0.1
0.0356891 -0.0547562 0.0641708 0.0970121 -0.11695 0.0863628 -1 0.941079 0.622771 : 0
0.178828 0.00405565 -0.338588 0.000762161 -0.577266 0.0716247 0.017896 0.60836 -0.0106686 : 0
-0.127129 0.361881 0.0159868 -0.0719972 0.218171 0.0278536 0.0802514 0.0464615 -0.0267473 : 0.1
0.508456 0.0497931 0.00391557 -0.0165995 0.308154 -0.0361864 -0.0846795 -0.111959 -0.0785378 : 0.1
-0.170499 -0.128352 -0.000459265 -0.171131 0.0096224 -0.0240345 0.0194692 0.905194 0.158753 : 0
-0.197511 -0.0580908 0.111239 -0.139489 0.132995 -0.00238266 0.0151032 -0.00553196 -0.0194818 : 0
0.236855 0.209844 0.0190415 0.0354518 -3.74869e-05 0.0420716 -0.00652312 0.125155 0.14185 : 0.4
0.346451 -0.0852372 0.338503 0.780053 0.0404123 0.128285 -0.0849578 0.135862 0.00161904 : 0
0.0404151 0.107078 -0.605047 -0.0153592 0.0880688 0.196545 0.129084 0.099806 0.223996 : 0
0.0314213 -0.025506 -0.0140073 -0.0408886 -0.0336244 -0.0175938 -0.244512 -0.236532 -0.273131 : 0
0.15916 -0.0372562 0.140871 -0.0108548 0.754917 -0.000952106 0.00359674 0.0541819 -0.000303539 : 0.5
-0.0167996 0.136659 -0.00141881 0.0265667 -0.00747295 -0.000948007 -0.0123935 0.0205339 -0.047933 : 0.3
-0.0138999 0.000355393 -0.017191 -0.036409 0.00581622 -0.042337 -0.00927341 0.0758614 0.000462314 : 0
0.068338 0.268618 -0.0294256 0.170849 0.302943 0.0721769 -0.0662094 0.377722 -0.0345454 : 0
-0.134996 -0.0517821 -0.0902488 -0.181483 0.410807 0.281692 0.698349 0.221775 0.102865 : 0
0.0750527 0.742118 -0.00781524 -0.802815 -0.19284 0.111889 -0.244141 0.286297 -0.0398127 : 0.2
0.51056 0.0251179 -0.0219563 -0.210151 -0.133462 0.817544 0.0929542 -0.170917 -0.154064 : 0.5
0.0266565 0.011747 0.727949 1 -0.0294626 0.722732 0.0914877 -0.0658393 -0.13731 : 0.5
-0.139461 0.138768 -0.108654 -0.155259 -0.061706 -0.0918845 0.0562917 0.116047 0.118116 : 0.3
0 0 0 0 0 0 0 0 0 : 0
0.38048 0.507568 0.0322078 -0.119665 0.157241 0.00654393 -0.0259251 -0.0518947 0.0616108 : 0
0.000442665 0.432724 -0.0134572 -0.0160605 -0.469462 0.0182827 0.263577 0.0278133 0.0041308 : 0
0.132212 -0.0370511 1 0.249058 -0.136884 -0.0789765 0.150333 0.580399 -0.154888 : 0
-0.0635902 -0.0606839 -0.0609699 0.111703 -0.0298721 0.481036 0.0795902 0.107259 -0.543371 : 0
-0.0670996 -0.00599762 -0.453015 -0.387822 0.369888 0.934034 -0.0243488 -0.164601 0.392842 : 0
-0.186356 0.179027 -0.000525751 -0.161628 0.322364 0.377722 0.16117 0.256964 -0.0834987 : 0.3
-0.324897 -0.00351249 -0.301684 0.00633947 -0.0181153 -0.00487723 -2.0702e-05 -0.0058211 -0.00270869 : 0.2
0.238318 0.262143 0.0277228 0.624704 -0.00493763 -0.00638382 -0.0892447 -0.00863646 0.000715367 : 0
0.694676 -0.161026 0.0237453 0.0498122 -0.0277091 0.0393619 -0.0163037 -0.0655214 -0.238882 : 0
-0.0751312 -0.0326132 -0.0369038 0.32147 0.0719406 0.495062 -0.129187 -0.0052242 0.0260409 : 0.1
0.560994 -0.0577304 0.0434139 -0.028489 0.449103 0.310797 0.116498 0.226192 0.00977854 : 0.1
0.012175 0.514423 0.860193 -0.19198 -0.155637 -0.0136802 -0.0338824 0.307838 0.121797 : 0.4
-0.194619 0.0795292 0.322577 0.87269 0.20727 0.0684285 -0.131997 0.628998 0.0210119 : 0
0.504603 -0.0594372 0.0179178 -0.0558836 0.769808 1 -0.137318 -0.071148 -0.0559772 : 0
-0.0842091 -0.0306079 0.00206602 0.0445694 0.216379 -0.174221 -0.0345651 0.0188728 0.0471625 : 0
0.278407 -0.136934 0.0101811 -0.0240344 0.349452 -0.00140339 0.000674411 0.0565968 -0.0219779 : 0.3
0.054294 0.493041 -0.02932 -0.0348551 -0.103197 -0.100656 0.0483092 -0.44758 -0.0930018 : 0
-0.267455 -0.0514536 0.182656 -0.164868 0.0881053 0.109056 -0.354417 -0.0432662 0.00519991 : 0
0.315929 0.0254844 -0.00719694 -0.0881233 -0.00172187 -0.0125232 0.11163 0.275039 -0.51343 : 0
0.660787 0.489603 0.542395 0.0948129 0.20346 0.00661781 -0.0940862 0.0687008 0.0103109 : 0
0.390712 0.0716795 -0.00178979 0.0328402 9.94146e-05 -0.00428386 0.000224253 0.0581324 0.0287082 : 0
-0.130025 0.0316691 0.891927 0.0499121 -0.11403 0.933405 0.250572 0.129854 0.241049 : 0
0.0389493 0.112382 0.0312464 -0.0157469 0.0399161 0.0840236 -0.656254 0.466727 -0.0571294 : 0.1
-0.00803293 0.0844928 0.00194428 -0.0630343 -0.185541 -0.871448 -0.0950856 0.0516713 0.406638 : 0
0 0 0 0 0 0 0 0 0 : 0.4
-0.161884 -0.0248309 -0.3585 -0.260103 -0.0386229 -0.0252481 0.129076 -0.141233 -0.0512007 : 0
0.256413 0.0268966 0.000120533 -1 0.0561013 0.692161 0.152569 -0.177818 -0.116752 : 0
-0.0455794 0.503993 0.00618777 0.182894 0.0128035 0.0139462 0.0832506 -0.00513159 -0.137582 : 0
0.0215743 0.00756657 0.00810554 6.86917e-05 0.0464338 0.107278 0.03249 0.0119916 0.038257 : 0.3
-0.00954078 -0.027716 0.0210874 0.450414 0.329352 0.143367 -0.0377267 0.0352607 0.42642 : 0
0.140005 0.0126395 0.0883642 0.1058 -0.0701779 0.388016 -0.322316 -0.113475 -0.241187 : 0
-0.147916 -0.00014333 0.373281 0.260562 0.8669 -0.0215679 0.114506 -0.0267257 -1.76096e-05 : 0
-0.0190838 -0.00651284 0.0270644 0.00531644 -0.0128579 -0.209341 0.0969729 0.379815 0.0409773 : 0
-0.171111 0.0515886 0.00290183 -0.0186928 0.253306 -0.0937002 -0.0579784 -0.00684828 0.257575 : 0
0.0787284 0.154794 0.000405602 0.0666976 -0.0543313 0.0548021 -0.100001 -0.00545906 0.00502005 : 0
0.43575 0.00971819 -0.113703 -0.0130059 0.906291 -0.17048 -0.0414351 -0.142339 0.00618159 : 0
0.046565 -0.0190302 0.680488 -0.063511 -0.134925 0.103341 -0.400092 0.677823 0.036252 : 0
-0.168102 0.21905 0.484925 0.1939 0.360188 0.0814779 0.141482 0.02515 1 : 0
-0.272243 0.063753 -0.0611924 -0.135088 0.0126413 0.0376052 0.385406 -0.0285943 0.668974 : 0.4
-0.000898302 0.306609 -0.0119594 0.183629 0.00612494 0.629718 0.314476 -0.117479 -0.0611128 : 0
-0.158196 -0.0282255 -0.0763941 0.124514 0.000801582 -0.177097 0.0521364 -0.14135 0.142179 : 0
0.0712306 0.118366 0.00350057 0.0065572 0.115453 0.457962 -0.0179189 -0.00843436 0.0611813 : 0
-0.0197624 0.105864 -0.00103161 -0.000573471 0.382072 -0.524024 0.112148 -0.061438 0.0341087 : 0
0.0553845 0.862062 -0.235727 -0.678939 -0.00484572 0.0189927 0.397819 0.0968356 -0.251671 : 0
0.294176 0.311647 -0.421247 -0.56417 0.0747598 0.593778 -0.0509583 -0.0369471 -0.107951 : 0
-0.188448 -0.00547666 0.527349 0.440493 0.0842218 -0.0695728 0.123532 0.288622 0.0745816 : 0
0.281614 -0.051967 0.133375 -0.14393 0.00612149 0.21939 0.0369251 0.152793 0.00917593 : 0.2
-0.0846182 -0.00599883 0.040508 0.223956 -4.69878e-05 0.0109125 -0.00174343 0.0829346 0.0480964 : 0
-0.0228266 0.103444 -0.00383659 -0.00482064 0.0290767 -0.00124731 -0.0225516 0.0657679 0.345895 : 0.4
0.00725303 0.315106 -0.260397 -0.635734 0.0968423 -0.0209556 -0.00356061 -0.020458 0.231342 : 0
-0.112308 0.157005 -0.0917474 0.622966 -0.00463534 -0.011753 -0.108268 -0.357537 0.415789 : 0
0.0967124 0.0129379 -0.0414037 0.0926979 0.00458074 0.00236192 0.000205751 0.00632498 -0.00435296 : 0.4
-0.104565 0.000711057 0.00490924 -0.00116084 -0.0981447 -0.133944 0.000850846 0.412645 0.000489446 : 0
-0.134217 0.479861 0.0154273 0.0953375 0.0603994 -0.606019 -0.0658377 0.488746 0.113967 : 0
-0.0942861 0.120731 -0.00661381 -0.0304107 0.623709 0.780066 -0.0502171 0.297245 -0.0786601 : 0.5
0.0349324 0.0859449 0.249475 0.474699 0.0685645 0.16582 0.155703 0.0291982 0.0403434 : 0
-0.0953116 0.0191181 -0.000466657 -0.199776 0.146562 0.0359497 0.000508172 -0.0147277 0.0381976 : 0.1
0.0868518 0.73717 0.588438 -0.282901 -0.0385974 0.0509504 0.474363 -0.0316423 -0.831624 : 0.5
0.276112 -0.095661 -0.023443 0.0217324 0.0122134 0.240511 -0.0464315 -0.34131 0.462823 : 0.5
-0.0180447 0.122788 0.489125 -0.00624095 0.370802 0.00339549 -0.0206689 0.00557186 0.696322 : 0.7
-0.00233778 0.0202575 -0.035358 -0.0264591 0.0557535 -0.00334965 -0.00930556 0.0133903 -0.00392803 : 0.5
0.268839 -0.140209 0.00555712 -5.86498e-05 0.00027515 -0.0372763 0.00291139 -0.0221996 -0.0261595 : 0
-0.00713799 -0.0191645 0.0062861 0.113164 -0.0228618 0.0589189 0.00344966 -0.0436373 0.502094 : 0
0.0996784 -0.031325 0.0142261 -0.00163526 0.0996204 0.000281607 0.131077 0.0194591 -0.0114736 : 0.1
0.35829 0.402005 -0.0780459 -0.0991115 -0.118898 0.0162128 -0.0810802 0.029773 0.21599 : 0
0.523733 0.184413 0.651008 0.0881076 0.00274976 -0.693611 0.354661 0.173773 0.556318 : 0
0.0719749 0.0554437 -0.0196328 -0.0242653 0.527621 -0.3958 0.0542641 0.0116259 0.160071 : 0
-0.594027 0.287074 0.247542 0.833444 -0.0410338 0.227962 0.0195579 4.88013e-05 0.513772 : 0
-0.174947 0.0733977 0.00620304 1 0.033379 0.23439 0.176199 0.331221 0.282179 : 0.1
0.00624253 -0.0469411 -0.0150302 -0.00835815 -0.014089 0.0919133 -0.219695 0.235674 -0.0997245 : 0
0.058571 0.828072 -0.0243812 -0.0178813 -0.161132 -0.26428 0.0579363 -0.226688 0.0521832 : 0
0.162638 -0.0820509 0.0351521 -0.0534933 0.0148023 0.0604589 -0.536224 -0.131224 -0.0754607 : 0
0.00197122 0.0821452 0.0428196 0.0179518 0.0868281 -0.227045 -0.384946 0.031948 0.890584 : 0.1
-0.128572 0.129605 0.125569 -0.296663 0.619423 0.0771991 -0.30006 0.217384 0.272005 : 0
-0.132378 0.739217 0.50595 -0.00324121 -0.0322168 -0.122714 0.282879 -0.262973 -0.573312 : 0.1
0.967381 -0.0899882 0.0161057 -0.137258 0.245384 0.00082461 0.001659 0.755473 0.14722 : 0
0.444416 -0.119271 -0.025867 -0.0506153 0.677514 0.198742 -0.19481 -0.0851409 -0.0539324 : 0
0.649167 -0.04683 1 -0.242271 -0.101763 -0.0107793 0.0576752 0.172346 0.0214533 : 0
-0.0619559 -0.179369 -0.0724946 0.0807431 0.00206457 -0.126264 -0.00571875 -0.06479 0.000264323 : 0
0.0249807 -0.16028 0.344769 0.292498 -3.036e-05 -0.0105249 0.00880559 -0.00589254 -0.00130885 : 0
0 0 0 0 0 0 0 0 0 : 0.2
0.0680302 -0.0436854 0.85814 0.585226 0.0603752 0.237403 -0.0431057 0.240435 1 : 0.1
0.144213 0.22158 0.46413 0.759153 0.0210945 0.0259473 -0.00306265 1 0.0126367 : 0.3
-0.978085 0.479984 0.568373 -0.00565388 0.0514633 0.146921 0.384206 0.133539 0.118399 : 0.1
0.0427617 0.322999 -0.0131241 -0.0333123 -0.235312 -0.422627 0.103446 -0.0091176 -0.0346282 : 0
-0.155799 0.00706893 -0.00655053 -0.0628578 -0.0675523 0.151853 0.0220464 -0.0726978 -0.0292188 : 0
-0.104097 0.00448795 1 0.468113 0.706742 -0.152666 0.161803 -0.225622 0.0288467 : 0.2
-0.141707 0.242805 -0.158915 -0.623135 -0.0248524 -0.195451 0.0235783 0.282033 0.247957 : 0.4
-0.514394 -0.038297 0.00440797 -0.479601 0.194614 -0.0665903 0.287894 -0.112724 -0.277444 : 0
-0.305388 -0.151425 0.210565 0.879065 0.193587 0.0146364 -0.0301638 -0.03958 -0.0304997 : 0
0 0 0 0 0 0 0 0 0 : 0.4
0.151903 0.0585804 -0.0336137 -0.0234688 0.0033322 0.158324 -0.0613621 6.83106e-05 -0.26844 : 0
-0.0179866 -0.00105432 -0.0526678 -0.188994 -0.171468 0.363852 0.129421 0.0111248 -0.0208658 : 0.4
3.14544e-05 -0.016746 0.000335018 -0.108725 -0.109472 1 -0.118198 3.13227e-05 -0.0207752 : 0.2
0.145691 -0.161975 0.0459746 -0.0551021 0.000548176 0.093519 0.0877752 -0.136369 0.177632 : 0.2
0 0 0 0 0 0 0 0 0 : 0.4
0.0574948 0.127052 0.00866244 0.0743985 0.098882 -0.000329629 -0.0113803 0.021942 0.299226 : 0
0.444416 -0.119271 -0.025867 -0.0506153 0.677514 0.198742 -0.19481 -0.0851409 -0.0539324 : 0.1
-0.0584394 0.0097899 0.0040437 -0.00983944 0.000420845 -0.011509 0.0131251 0.00928425 0.526428 : 0
0.0944732 0.338091 -0.359963 0.950643 -0.236513 0.233208 0.238346 0.595763 0.454056 : 0.4
0.060987 0.00386936 -0.01484 -0.00533573 -0.061283 0.0229154 -0.137098 0.357593 -0.0210042 : 0
0.32664 0.00620712 -0.0183922 -0.0764048 -0.00720628 0.156027 0.00925268 0.0971537 0.0201786 : 0
-0.000113071 0.119667 0.000118984 0.0103838 -0.11366 0.0899571 -0.0265036 0.0407023 -0.00213606 : 0.3
-0.0302903 -0.212118 -0.00512327 -0.0363488 0.106532 -0.0541746 -0.0311177 0.256991 0.0170918 : 0
0 0 0 0 0 0 0 0 0 : 0.4
0.62421 0.0169505 0.0295002 -0.0543782 -0.0957713 0.494033 0.0877025 0.131643 0.110168 : 0.4
-0.130614 0.360787 -0.125821 1 0.351127 -0.817992 -0.00571368 0.028695 0.0190997 : 0.5
0.108511 -0.195283 0.301915 0.64408 0.0104726 -0.00886109 -0.0923282 -0.16224 0.00284982 : 0
-0.643407 -0.0822622 0.476578 -0.0839832 0.55692 0.289747 -0.0172089 -0.0328523 0.223794 : 0.3
0.122083 -0.0561292 0.0352117 -0.100692 -0.0428839 0.252133 0.0187155 0.0695694 0.0114807 : 0
0.477772 0.0387616 -0.00941239 -0.0964961 0.498145 0.25038 -0.157963 0.104282 -0.0537856 : 0
-0.0457842 0.138714 1 -0.210561 -0.144713 0.156879 -0.131976 -0.000454716 0.536418 : 0.1
0.00614023 0.0256542 0.288007 -0.103217 0.142481 0.074816 0.0702137 -0.0788321 -0.0325539 : 0
0 0 0 0 0 0 0 0 0 : 0.4
0.263687 0.274804 -0.0660305 -0.532746 -0.0156714 -0.0140038 -0.147218 -0.0796607 0.0757939 : 0.1
0.0309907 0.0138221 0.0283862 0.341304 0.0289484 0.683519 -0.0137423 0.108703 0.336561 : 0.1
0.00819559 0.115194 0.162192 -0.0176121 0.290172 -0.265687 0.653102 0.0532224 -0.0163846 : 0.1
0.0416983 0.165921 0.0128369 0.250083 0.589861 0.0751614 -0.010205 0.471249 0.0470045 : 0
0.0035149 -0.0267533 0.383091 -0.221222 -0.105307 -0.0351761 -0.741238 -0.648069 -0.219715 : 0.1
-0.0171431 1 0.00633538 0.419647 -0.0114388 -0.0261361 0.168122 0.00132979 0.00029472 : 0
-0.155246 0.28027 0.277103 0.259534 0.00475303 -0.0236573 -0.126704 0.000291243 -0.000616856 : 0
0.222351 0.0100361 0.0459722 0.173876 0.492021 0.0567536 0.317154 -0.0640253 0.251628 : 0
-0.0607155 0.231239 -0.0363132 -0.294565 0.0100453 -0.173282 0.0124856 -0.000947572 -0.0226792 : 0
-0.136819 0.0587211 0.787102 0.773536 0.780127 -0.209881 0.10631 0.280847 -0.0278253 : 0.1
0.000335758 0.521038 -0.0125204 0.308808 -0.0371557 -0.183344 0.128762 0.14979 0.000257948 : 0
0.084145 -0.0101354 -0.123679 -0.0444007 -0.262919 -0.599396 -0.124541 0.161503 0.0453428 : 0.2
0.29315 0.106741 0.427998 0.746602 0.0770691 -1 0.450397 -0.112903 0.592125 : 0
0.136559 0.303862 0.544189 0.549573 0.185626 0.0214146 -0.204308 -0.10526 0.0514899 : 0.2
-0.017015 0.0466718 -0.0247225 -0.256385 0.0329087 -0.0254592 -0.0207239 0.0626587 -0.149415 : 0.3
-0.185257 -0.0892567 0.09113 0.020334 0.212902 -0.137729 0.0156971 0.0805831 0.301394 : 0.3
-0.0458504 -0.0101896 0.0189766 -0.0308586 -0.0366611 0.371708 0.221596 0.0939957 0.00614814 : 0.1
0.899964 0.179945 0.0536337 -0.103927 0.063548 -1 0.773044 0.63497 1 : 0
-1 0.806504 0.0131275 -0.54063 -0.00720587 0.819452 0.176621 -0.237012 0.0260157 : 0
0.0339347 0.0577229 0.120568 0.0443463 -0.0433139 1 -0.0323083 0.18987 0.000362601 : 0
-0.0442737 -0.0329294 0.106276 -0.161863 0.297989 0.117587 -0.373634 -0.0897848 0.254126 : 0
-0.0487856 0.00959736 -0.311494 0.0731407 0.000844394 0.171126 -0.0926256 0.0213202 -0.00922843 : 0.1
-0.0329353 0.172328 0.276988 0.0441233 0.327178 0.428674 -0.0481043 -0.0937147 0.319121 : 0.4
-0.0719068 0.00287607 -0.0158796 0.0682889 0.130104 3.02205e-05 0.00340774 0.107006 0.00336916 : 0.1
0.0191729 0.00444366 0.00904714 -0.000126735 -0.0854595 0.235336 -0.00535917 -0.0115261 2.16895e-05 : 0.2
-0.0131918 0.334892 -0.000225338 -0.0371132 0.00113673 0.014058 -0.00542792 -0.0699997 0.00862492 : 0.1
-0.22667 0.000466108 0.0487025 0.000962153 -0.127841 1 -0.0192154 -0.140924 0.729322 : 0
-0.186527 0.0285217 0.00524515 -0.223618 0.0270503 -0.042853 0.0475591 0.189338 -0.107281 : 0
0.486248 0.0107302 -0.024995 -0.0718711 -0.502714 -0.0108147 -0.0532806 -0.0711982 0.00267383 : 0.3
-0.0596051 -0.0238271 0.169478 0.452951 -0.25141 0.877127 0.145319 -0.0413295 0.176274 : 0
0.00726542 0.00957717 -0.00198589 -0.0196476 0.0228602 0.0161027 -0.0270064 0.0166237 0.221763 : 0.2
0.0625169 0.057746 -0.0790994 0.614292 0.00872641 0.212168 3.05623e-05 0.0105326 0.608044 : 0.3
0.0395257 0.11612 0.750468 1 0.00355745 0.124067 -0.0542332 -0.198753 0.155399 : 0
0.0931687 0.00943053 0.000494864 -0.0666198 0.824398 0.237705 -0.267673 -0.121318 0.000754587 : 0
0.0149256 0.0244816 0.00306014 0.0106223 0.123735 -0.78753 0.0568031 -0.0131172 0.251371 : 0
0.147948 0.215857 0.470165 -0.00301797 0.000736754 0.00021624 -0.00308757 0.0954934 -0.196707 : 0.3
-0.17893 -0.0394304 0.034281 -0.000622094 0.174116 -0.0478129 0.078769 0.0435154 0.0281396 : 0.1
-0.119772 0.0170831 -0.197582 -0.0158725 1 -0.0295948 0.00979579 -0.00776568 0.00438654 : 0.4
0.205166 0.0599027 -0.0148298 0.0970045 0.155697 -0.793687 0.0475963 0.747352 -0.0737049 : 0
-0.259798 0.849263 -0.384656 -0.657626 0.0175405 0.813206 -0.110062 -0.199156 0.0287913 : 0
0.231578 0.321542 -0.0440276 -0.787839 0.0682281 -0.018393 0.191514 -0.072533 -0.450949 : 0
0.009431 0.0708532 -0.0279941 0.0775326 0.073191 0.139711 0.0657541 0.0429389 0.0015521 : 0
-0.00148335 0.0427713 -0.00323784 -0.0138642 -0.0325873 0.0645427 -0.00704276 0.0206892 -0.0146006 : 0
-0.0735945 0.389369 0.019737 -0.00784838 0.329659 0.21281 0.381448 0.16684 0.00490866 : 0
0.00106294 0.0262345 0.0323956 -1 -0.201779 0.0177863 0.137861 -0.0341894 -0.00734786 : 0.5
0.221253 -0.00879514 0.0183596 -0.0811192 0.000831604 -0.461264 -0.16119 0.183119 0.203307 : 0.3
-0.00248527 -0.00428707 0.00230977 0.0114995 0.0205452 0.00714287 0.0359998 -0.0309906 0.203195 : 0.3
0.0980776 0.285388 1 0.0962613 0.302768 -0.0321579 -0.0279192 -0.238868 0.0297153 : 0.1
0.0279738 0.38693 -0.104533 -0.060749 0.830529 0.728001 0.483997 0.484413 0.242466 : 0.3
-0.0620945 -0.0117769 -0.126614 0.0298575 0.233108 -0.107622 -0.0117999 -0.288199 -0.00299378 : 0
0.13388 -0.164763 -0.0144644 0.652495 -0.00587161 1 0.764471 -0.426647 -0.108568 : 0
-0.0405088 0.0295139 0.816884 -0.112478 0.234458 -0.261031 0.439657 0.371711 0.210049 : 0
0.0575084 0.01343 -0.0839316 0.611099 0.078765 0.0442628 0.0483101 0.0282646 0.10654 : 0
0.00364065 -0.0232014 0.0169295 -0.031102 0.0602033 -0.125453 0.178665 0.122301 0.551108 : 0.1
-0.0313366 -0.148385 0.106696 -0.010938 0.0166904 0.0622094 -0.0356961 -0.148717 -0.153993 : 0
0.0209828 0.343245 -0.124351 -0.425461 0.101633 -0.140655 -0.000921537 0.0136825 -0.0138391 : 0.1
0.40674 0.680161 -0.0350897 0.0230166 -0.0770669 0.882133 -0.516076 0.0336504 -0.352246 : 0.4
-0.00212316 -0.00886992 0.369755 0.265352 -0.00333496 0.00111597 -0.000860033 0.00768239 -0.0999957 : 0.1
0.624227 0.0358593 1 -0.0634851 0.901888 0.00884626 -0.170705 -0.0558507 -0.0560515 : 0
0.0639619 0.107758 0.289092 -0.0858437 0.0191637 -1 0.0176637 -0.172364 0.0860385 : 0.3
0.262108 -0.00920057 0.0862778 -0.0232614 0.0639141 -0.271033 0.341495 0.0951361 0.0279955 : 0
-0.0329116 0.090023 0.00721565 -0.0463833 -0.332003 0.0258803 0.221246 -0.11728 0.0152023 : 0
-0.00381561 0.0156929 0.120169 -8.37129e-05 0.149803 0.00889426 0.00814691 -0.199563 -0.00042432 : 0
0.0191554 0.00411379 -0.00472684 -0.0409494 0.292444 -0.00133638 0.0019443 0.00356741 0.000674404 : 0
-0.000445015 0.544702 0.000602009 0.304759 -0.0433577 0.0709685 0.0478024 0.0290142 -0.00210772 : 0
-0.0562023 0.105594 0.0123043 -0.715718 -1.07344e-05 0.00117148 -0.00533046 0.0670559 -0.398272 : 0
-0.174091 -0.0258983 -0.127263 0.0686917 0.127622 0.159555 0.0504644 0.1693 0.649719 : 0.1
-0.265876 0.140017 0.18776 0.387132 0.559697 0.00524456 0.114127 0.339347 0.0825422 : 0
-0.241913 -0.0401712 0.0279274 -0.0987245 0.121275 0.0392291 0.0123255 0.181003 0.952936 : 0.5
-0.097571 0.0982279 -0.0777736 0.0148064 0.111511 -0.0321342 0.0190176 -0.355131 -0.0142862 : 0
-0.38387 0.0343737 0.0458016 -0.0834988 0.0518962 -0.063447 0.0355662 -0.178251 -0.0126884 : 0
0.121097 0.805144 -0.202857 -0.571146 0.00363889 0.0121474 0.516306 -0.0799759 -0.512482 : 0
0.556735 0.0622295 0.181989 0.497032 0.444701 -0.0462076 0.0860124 0.0952627 0.0237019 : 0.1
0 0 0 0 0 0 0 0 0 : 0
0.228579 0.0295937 -0.000603035 -0.0738394 0.410245 0.744427 -0.06205 0.16631 -0.0517334 : 0
-0.0901268 0.0520888 0.1594 0.179003 0.154215 -0.444214 -0.179806 -0.00902963 -1 : 0
0.0442981 -0.00151629 0.0243335 0.3931 -0.0683722 0.696739 0.0757316 0.0247963 0.375547 : 0.1
-0.118552 -0.0162419 -0.0128083 0.118557 1 0.303254 0.347188 -0.0406944 0.778702 : 0
-0.712701 0.355139 -0.166671 0.0769538 -0.0228389 0.0106443 -0.0498005 0.072255 -0.233592 : 0.4
0.194696 0.0408427 -0.19158 0.30027 -0.0607851 0.119529 -0.030442 -0.195471 -0.115829 : 0.1
0.787338 0.571329 -0.0720673 0.155281 0.11113 0.295384 0.314036 -0.026606 -0.0784325 : 0
0.189251 -0.0649793 -0.59281 0.123719 -0.00346298 1 0.278606 0.181137 0.565848 : 0
-0.290482 0.0143609 0.14948 0.131984 0.192573 0.151888 -0.0503618 0.63834 -0.0662903 : 0.4
-0.134634 -0.0544708 -0.0253935 -0.207945 0.254608 -0.780657 0.0918698 -0.132777 0.0303352 : 0
0.0474912 0.203929 -0.017621 -0.186565 -0.105979 0.147874 -0.00358773 0.0629079 0.494929 : 0.3
-0.249749 0.10662 -0.0909365 -0.0409648 0.504592 -0.177691 0.40418 0.521136 0.767321 : 0
-0.00179954 0.0273267 0.136732 -0.0428982 0.00014307 0.0517749 0.0125177 0.0222627 8.2638e-05 : 0
0.395442 -0.143428 -0.113904 0.319238 0.0762421 -0.170316 -0.0012947 -0.263133 0.618219 : 0
0.588269 -0.188916 -0.0107833 -0.204567 0.0645478 0.0127192 -0.151178 -0.0725922 0.440028 : 0
0.0146245 -0.0914792 -0.0200649 0.00617834 0.615827 -1 -0.000206571 -0.114305 0.0333175 : 0
0.178622 -0.0458515 0.0492012 -0.0514534 0.00305456 0.00799897 -0.498333 -0.0899017 0.233138 : 0.1
0.0217747 -0.271157 0.222147 0.110849 0.269786 0.00255529 -0.00484824 -0.0217655 0.00616411 : 0
0.0382154 0.191668 0.0197715 0.0299407 1 -0.0492059 0.434406 0.223139 -1 : 0
0.0916358 0.0134465 0.0530792 -0.22674 0.709554 0.243856 -0.00728769 -0.00247015 0.000150117 : 0.1
0.030858 0.0113523 0.167411 0.652441 0.0540749 -0.0406293 0.00302848 0.0346366 0.0239844 : 0
0.359856 -0.0222116 -0.164 -1 1 0.113309 -0.0493076 0.379537 -0.00537081 : 0
0.0164031 0.0130418 0.256371 0.0252786 0.00326223 0.0606836 -0.0169527 -0.0197706 0.0108683 : 0
0.20994 0.0102713 0.0376855 -0.112457 0.442161 0.2097 0.050922 0.411375 0.182296 : 0.4
-0.0870449 0.449241 0.0104607 -0.10367 -0.240285 -0.301261 0.146051 -0.341698 0.509837 : 0.1
0.0752273 0.0153539 -0.152573 0.130224 0.0357414 0.0349722 -0.142137 -0.0225964 0.0870527 : 0
0.0891811 0.0325797 -0.253538 -0.0888947 -0.183924 0.266664 -0.316174 0.585415 -0.0675674 : 0
0.00636468 -0.047959 -0.00921613 0.0128484 0.00420123 0.0412444 0.325861 -0.251017 0.965084 : 0.1
0.206329 0.0429689 0.183972 -0.0185128 -0.308016 0.0147351 -0.0378887 -0.00308764 0.0209886 : 0
-0.0232584 -0.0361719 -0.323974 0.374006 0.285273 0.115433 -0.375575 0.188928 0.204098 : 0.1
-0.621273 -0.0623163 0.539566 0.121129 0.294304 0.0341617 0.0103847 -0.0282559 0.326409 : 0
0.329421 -0.0130543 0.0158165 0.374528 0.120396 0.0506857 0.0399589 0.0884468 0.083826 : 0
0.25775 0.101356 0.0362865 -0.167816 0.267042 -0.102912 0.253286 0.0845519 -0.0173525 : 0
-0.0610278 0.266129 0.0941005 0.090459 -0.170652 0.00985928 -0.827238 -0.389626 -0.124166 : 0
0.0270358 -0.0437201 -0.238803 0.538428 0.52176 0.23347 -0.160702 0.662189 0.420057 : 0.3
-0.159767 -0.0074721 0.00315052 -0.00388957 0.0331833 0.0506971 0.0322193 -0.0367236 0.00364734 : 0
-0.00555946 0.625033 -0.0263101 -0.476997 0.86412 -0.0170818 -0.00293386 0.449451 0.0400458 : 0
0.471921 0.00073278 0.00241571 0.0695899 -0.0451159 0.285523 0.0525304 -0.0373019 0.0678439 : 0.3
-0.134393 0.329687 -0.207488 0.00364912 0.232122 -0.0094557 -0.012606 -0.0750776 0.249494 : 0
0.59861 -0.0541808 -0.10528 -0.120763 0.231055 1 -0.0274794 -0.00606209 0.176196 : 0
0.18285 0.777484 -0.140302 -0.211355 0.581699 -1 0.0516541 1 0.00455494 : 0
-0.154246 0.807954 -0.0358905 -0.0129529 -0.154406 -0.107033 0.080841 -0.320858 -0.10263 : 0.3
-0.00223019 0.0110688 0.00704954 -0.000371891 0.0113409 -0.0286082 -0.0016242 -0.00360132 0.00875224 : 0.1
0.110906 -0.0226103 0.0013689 0.398783 0.0156031 0.0854372 -0.0626987 0.117269 -0.22106 : 0
-1 0.749874 0.445687 -0.0548805 0.364159 0.158829 -0.103249 -0.0519472 0.486099 : 0
-0.265258 0.0257329 0.0992092 0.549639 0.27787 -0.0339787 0.00717855 0.0946042 0.0936807 : 0
0.0114683 0.18081 -0.042175 -0.0740103 0.0764621 0.00439386 -0.0126431 -0.270845 0.0765285 : 0.3
0.0492704 0.277553 0.132728 0.00070177 -0.521947 0.0103444 -0.0419358 0.00221171 0.0153992 : 0.1
0.00565428 -0.0100977 -0.0544152 0.0094213 1.23605e-05 -0.0333662 0.161476 0.0879561 0.0756341 : 0
-0.150184 0.0534588 0.557976 -0.31797 0.352453 -0.332982 -0.115243 -0.0505621 0.126437 : 0.1
0.000264261 0.0609269 0.00857317 0.0015213 0.281244 0.00878615 0.0236524 -0.000954717 0.0416772 : 0.1
-0.0894985 -0.00164881 0.0450834 -0.0612979 -0.328035 -0.321867 0.360754 0.392915 -0.0493965 : 0
0.773412 -0.116661 0.0570958 -0.034047 0.0668306 0.328801 0.0770237 -0.0486776 0.217003 : 0
-0.097939 -0.017229 0.425306 -0.00591883 1 0.391165 -0.177642 0.0290906 0.118621 : 0.4
0.12128 0.39824 0.657903 1 -0.00592238 -0.0530336 0.352398 0.661427 -0.0774544 : 0
-0.0793079 -0.018196 0.0260765 0.0354336 0.271394 0.0421681 -0.0542481 -0.250506 -0.102183 : 0
-0.0323899 0.0556572 0.136694 -0.212534 0.109901 -0.465562 0.289994 0.0411294 0.247887 : 0.5
-0.15654 0.214975 0.0601463 -0.0488462 0.174587 0.146917 -0.074943 0.102699 0.251871 : 0
-0.410869 -0.0390636 0.000140479 0.00944012 0.0767479 -0.875557 -0.0307593 -0.184198 0.10493 : 0
-0.572655 -0.0492216 0.118322 0.139195 -0.0641541 0.00166321 0.030346 0.0718509 -0.134429 : 0
-0.135982 0.0234251 0.137398 -0.345101 0.15539 0.1978 -0.00783061 0.223349 0.085775 : 0.4
0.0220147 0.00532831 -0.0274914 0.132342 -0.184713 -0.407163 -0.0302507 0.159247 -7.81718e-05 : 0
0.109262 0.227038 0.205307 -0.569986 -0.12715 0.796416 0.254711 0.477279 0.247706 : 0.2
-0.0765262 -0.00271104 0.0947186 0.252323 0.0442771 0.0522093 0.0233119 -0.112565 -1.06465e-05 : 0.1
0 0 0 0 0 0 0 0 0 : 0
0.0183474 0.741414 -0.00608023 -0.643089 0.146756 -0.0207036 0.000556562 -0.0773188 -0.344054 : 0
0.129534 0.734292 0.504292 -0.426655 -0.0106753 -0.395285 0.507936 -0.00105782 -0.0620236 : 0
-0.0616341 0.253781 0.406228 -0.320511 -0.337568 0.72119 -0.123886 0.173936 0.0103274 : 0
0.379765 -0.246717 0.0368674 -0.195645 0.00543228 0.419233 0.0408611 -0.185154 -0.00623363 : 0
-0.0990161 0.0864281 0.0915398 0.0244398 0.0602473 0.0537734 0.24431 0.105403 -0.084628 : 0
0.263798 -0.000822395 0.249805 -0.062521 0.262875 0.322404 0.257172 -0.0569312 0.0459416 : 0.1
0.0307199 0.0739413 -0.0211401 -0.211832 -0.0424345 -0.0515834 0.218319 -0.214696 -0.0659633 : 0
0.00267782 0.0487195 -0.0657476 -0.951643 0.0818824 -0.00865769 -0.0309436 -0.0244909 0.0695459 : 0
0.556877 -0.34261 0.0217703 -0.0350507 0.0730151 0.214947 -0.0191217 0.395269 -0.0242516 : 0.1
0.0114686 -0.0386974 0.0005981 0.245475 0.0952509 0.0887077 -0.578291 0.0299465 0.000783939 : 0.6
0.0315033 0.226219 -0.0282599 1 0.417818 -0.405874 0.2592 0.116035 -0.0835248 : 0
-0.0136058 0.129087 -0.025979 -0.0284891 0.00956525 0.0957412 -0.025556 0.467599 -0.0288665 : 0
0.505695 -0.0126338 0.292174 -0.290362 -0.154803 0.196092 -0.218808 0.128722 0.31246 : 0
0.301056 -0.0116009 0.151761 0.108369 0.22009 0.000390116 0.00908361 0.323317 0.015483 : 0
-0.33927 0.751019 0.163995 -0.540136 0.0912609 0.403424 0.329057 -0.245406 -0.42903 : 0
-0.0259749 0.333618 -0.0422395 -0.180528 0.119206 -0.203472 -0.158505 0.73487 0.113617 : 0.1
-0.0055583 0.227243 -0.00174223 -0.0773202 0.277821 -0.277494 -0.0590043 0.0220142 -0.0706917 : 0.1
-0.280219 0.0937132 0.076235 0.00787273 -0.0376179 -0.494625 -0.0356056 -0.0714477 0.0905367 : 0
-0.261163 -0.0106376 -0.580167 -0.0141507 -0.416575 0.500685 -0.166146 0.177194 -0.0027053 : 0.4
0.324823 0.0421449 0.267151 -0.104163 -0.0148143 0.928496 0.567575 0.287605 0.249381 : 0.1
-0.0664109 -0.351098 0.0987267 0.419751 -0.00398796 -0.000332033 0.359128 -0.00465392 0.000358624 : 0.3
-0.177164 0.347206 0.107807 -0.0358481 -0.406673 -0.0458438 -0.855308 0.0296264 -0.369307 : 0.1
0.354431 0.00670039 0.115527 0.00234362 -0.0888697 0.0127002 -0.191367 -0.331252 -0.0128852 : 0.6
-0.211372 0.304652 0.159129 -0.399831 -0.14504 0.345031 -0.123112 -0.137091 0.258273 : 0
-0.131078 0.0478615 -0.0642605 -0.0976621 0.238202 -0.445623 -0.0901994 -0.172321 0.0186914 : 0
0.129406 -0.0234221 -0.0176729 -0.151683 -0.002243 0.0459479 -0.19603 0.247455 -0.458188 : 0.7
0.0875248 -0.112961 -0.127623 0.0462602 -0.014476 0.905596 0.490609 -0.0426705 -0.185442 : 0
0.081031 0.0796138 0.0112624 0.177269 0.688395 0.371684 0.393639 -0.388921 0.168927 : 0
-0.245448 -0.155197 -0.0261368 -0.118661 -0.042848 0.0818742 0.103415 -0.00741434 0.289894 : 0
0.226393 -0.0177367 0.0427605 -0.018707 -0.2123 -0.247804 -0.0368193 -0.256453 0.000146159 : 0
0.566135 0.347814 -0.0832487 0.41324 -0.00812837 -0.00435467 0.0731933 0.835907 0.165413 : 0.3
-0.0111522 -0.0060587 0.0205943 -0.350297 0.00124655 -0.148886 0.0264261 -0.0553196 -0.00626585 : 0
-0.000435066 0.00109551 -0.724895 0.00236567 0.00113218 0.0412653 0.0123723 0.000752469 0.00214367 : 0
0.0140892 -0.00375466 1 0.255668 -0.110011 -0.0654542 0.0966452 -0.0146483 0.00227622 : 0
0.100582 0.0538454 1 0.544902 -0.103395 0.700285 -0.0710734 0.383099 0.0833491 : 0
0.0125088 0.730608 0.173291 -0.103888 -0.00431724 0.0271276 -0.139373 0.153552 0.408457 : 0
-0.000407965 0.069734 0.000259285 -0.0382743 -0.0975433 -0.29625 0.255168 3.10573e-05 -0.0298054 : 0
-0.0126811 0.0620171 1 -0.179791 -0.00690329 -0.048557 0.150561 -0.0485598 0.0704716 : 0
-0.48936 -0.70444 -0.0735541 0.0156474 0.069321 0.00192145 -0.0549897 -0.0266858 0.347927 : 0
0.0854276 0.0213561 0.130903 -0.0460276 0.981802 -0.173473 0.232058 0.0255721 0.0138302 : 0
-0.327686 0.0150388 0.854158 0.289321 0.0156026 0.188477 0.142704 0.5188 0.24352 : 0.3
-0.026494 0.131267 0.0018864 0.177107 0.041535 0.0605403 0.475222 -0.347451 0.0202952 : 0
0.0354668 0.0566043 -0.0388811 0.468182 -0.16825 -0.0165839 0.139714 -0.11086 0.0019163 : 0
-0.679175 0.0172111 1 -1 -0.106203 0.0338091 0.300265 -0.180027 -0.233556 : 0.3
-0.00138923 -0.00621396 -0.00872014 0.00194472 -0.0266491 -0.00171973 0.446749 0.0880546 0.476293 : 0
0 0 0 0 0 0 0 0 0 : 0.6
0.493028 0.160303 0.889355 -0.36225 0.158023 -0.236432 0.532376 -0.0928632 0.313391 : 0
0.609989 -0.0494642 -0.0110502 -0.097494 0.179386 0.0421295 -0.0460954 0.223618 1 : 0
0.109171 -0.0224499 0.0198125 0.0282035 -0.314008 -0.152606 0.00577506 -0.0210564 -0.285363 : 0
-0.272486 -0.0110786 -0.222953 -0.0762664 0.127363 -0.215074 0.474436 0.400181 0.196501 : 0
0.44829 -0.0743679 0.196535 1 0.134654 0.119412 0.00649747 1 -0.00302062 : 0.3
-0.338501 0.262277 0.0525678 -0.0582304 0.16065 -0.604395 -0.323067 0.25224 0.29392 : 0.4
0.718729 1 0.0321845 0.329642 0.158715 1 0.186072 -0.020601 0.491934 : 0
0.00440713 0.0969099 0.0191215 -0.0370629 1 0.0179699 0.113753 0.456782 -0.0694796 : 0
-0.0578455 0.528537 -0.0267548 -0.182958 0.113319 0.00548805 -0.0348968 0.153972 -0.228583 : 0
1 -0.0384036 0.0394632 -0.103764 -0.0217955 0.612326 0.00174313 -0.174761 0.0624671 : 0
-0.145534 0.0168276 0.00524589 0.19294 0.449983 0.182228 -0.109582 1 0.0858826 : 0
0.273301 0.194995 -0.0316002 0.0540517 -0.00850362 -0.0449375 -0.0120335 -0.347678 -0.0715359 : 0
-0.0248923 0.0523026 0.162178 -0.108069 0.00865055 0.615942 -0.00593162 0.0131981 -0.0586757 : 0.1
-0.00616592 -0.0181734 0.819615 -0.153206 -0.0202378 0.0939921 0.182931 0.754429 -0.0992568 : 0
-0.0322785 -0.0163633 0.779184 -1 0.00348804 0.104168 -0.018755 0.150325 -0.0593038 : 0.2
0.0178421 0.021208 -0.0422704 -0.0280411 -0.0024602 0.0648264 0.0123752 0.17169 -0.0174157 : 0.1
0.0527408 0.0477346 0.202784 0.105154 -0.0147033 -0.118571 -0.00435597 0.0121015 0.0245207 : 0
0.0056409 -0.0580219 0.0513275 -0.0585469 0.100867 -0.19517 -0.404568 -0.0114422 0.10376 : 0
0.732184 0.00346447 0.386443 -0.032142 0.00766097 -0.220859 0.262334 0.713251 0.000306785 : 0
-0.196608 -0.0129481 -0.0234989 -0.0106857 -0.079289 0.45126 0.824403 0.0167849 -0.0165317 : 0.1
-0.0427583 0.0344332 0.0364272 0.17763 0.153974 0.496024 0.0802038 0.366672 0.412629 : 0
0.399394 0.026192 0.03367 -0.0292228 0.0628602 -0.018478 -0.0662812 0.417939 0.217257 : 0
0.0040293 -0.275803 -0.0711196 0.166536 0.232467 -0.0195053 -0.108001 0.0994214 0.0372871 : 0
-0.902407 -0.177659 0.17527 -0.457425 0.151022 1 0.255536 0.276801 -0.172221 : 0.2
0 0 0 0 0 0 0 0 0 : 0.1
0.0990527 -0.0163018 -0.044836 4.05787e-05 -0.217089 -0.0118657 0.0124584 -0.00978911 0.000369632 : 0.1
0.000211733 0.0170658 -0.00152906 0.0269524 -0.178991 -0.178808 0.0932466 0.000289344 0.00138916 : 0
-0.00593545 -0.00787518 -0.000580572 -0.692663 0.00113233 0.0284103 -0.00220443 0.0144459 -0.0446394 : 0.5
0 0 0 0 0 0 0 0 0 : 0
-0.260349 0.130485 0.266788 0.0571093 -0.200787 -1 0.0379221 0.368451 0.191652 : 0.6
-0.660176 -0.016948 -0.0227424 0.208345 -0.12911 0.0294499 0.196315 0.0609505 -0.26577 : 0
-0.0749006 0.0708206 0.509438 0.114846 0.298852 0.18277 -0.115551 -0.691603 -0.0192032 : 0.1
0.096817 -0.0203484 1 -0.91678 0.561201 0.0296271 0.0032921 -0.032356 0.040606 : 0
0.000592723 -0.0698932 -0.192177 -0.00833929 -0.0811285 0.0196999 -0.000741949 0.0408402 -0.0404766 : 0
0.0217665 0.00551028 0.00955742 0.0333969 0.0290451 -0.0266033 0.122791 0.457987 0.492989 : 0
-0.00766283 -0.0168651 0.0847624 -0.0142855 0.23239 0.0355582 -0.14164 -0.0518465 0.373919 : 0.2
-0.715668 -0.0320543 0.00713227 0.140053 -0.0238549 0.0069418 -0.00693183 -0.0116031 0.0946183 : 0
-0.0134969 1 -0.0195503 -0.0985435 0.677309 -0.301485 -0.135283 -0.297858 0.0316283 : 0
0.046352 -0.0103954 0.154977 0.102025 -0.251983 0.0322922 -0.139483 0.0332235 0.125216 : 0
0.560478 0.0432174 0.0294256 0.219917 -0.06671 -0.128871 0.259056 0.195263 0.0426027 : 0
-0.0050607 0.0417369 0.0804552 0.00530843 -0.0569324 -0.0697336 -0.020457 0.00637542 0.0442496 : 0
-1 -0.162131 0.109951 -0.0324887 -0.0111262 -0.183728 0.00709165 -0.0185983 0.271381 : 0.4
-0.193871 -0.418369 -0.00140406 0.0780982 0.0438292 -0.152395 0.0555455 -0.142139 -0.0724454 : 0.1
-0.305007 0.0349673 0.194866 -0.247211 -0.0259271 -0.29042 0.429736 0.0465089 -0.149675 : 0.3
0.104382 0.0134213 -0.00169165 -0.21734 0.574579 0.108614 -0.39987 0.76435 -0.0971582 : 0.3
-0.10264 0.105241 -0.0265666 -0.0185362 -0.0737977 -0.0731049 0.0517945 0.0314262 0.249346 : 0
0.120699 -0.0276577 0.632141 -0.209591 -0.0980637 0.48855 -0.077083 0.1669 0.0241217 : 0
-0.0357572 0.101941 -0.107919 0.412551 -0.00676342 -0.000471067 0.502658 -0.00266051 0.000388407 : 0
0.235174 0.0489941 0.0253136 0.12764 0.435089 0.940265 -0.123251 0.0388841 0.00246122 : 0.4
0.0941057 0.0915633 0.0201939 -0.0483719 -0.00377186 0.0489494 -0.0467993 0.00359282 -0.0292409 : 0
-0.0762133 -0.137667 -0.00527698 0.408299 -0.0918838 -0.0560279 -0.0388766 -0.014526 -0.490404 : 0.1
0.513389 0.133438 -0.0401791 -0.0439417 0.243051 0.103112 0.00293578 0.275844 -0.00224357 : 0.3
-0.0554994 0.311322 -0.024822 -0.322546 -0.0808656 -1 0.193471 0.381962 -0.0147696 : 0
-0.174914 -0.0578879 0.00356131 -0.0285116 -0.199728 -0.19932 0.257705 -0.0160369 -0.00402424 : 0.6
-0.471294 0.375166 0.445092 -0.0176238 0.102651 -0.0334909 0.0952818 0.075199 0.00298971 : 0
0.0420886 0.0485739 0.0767163 -0.346328 0.0049936 0.89602 0.00848005 -0.00335164 -0.031229 : 0
-0.06125 0.667811 -0.089203 0.556064 -0.0510832 1 0.219945 -0.441284 0.000130075 : 0
0.343431 0.0692056 0.29072 0.0447559 0.210687 0.1004 -0.221845 0.735953 0.296232 : 0.6
0.165109 0.702942 0.419587 1 0.079223 -0.273398 0.00649334 0.853395 0.0159241 : 0
0.00168717 0.725561 0.0690732 -0.0616886 -0.160886 -0.0465531 -0.0025829 0.210218 0.0457764 : 0
-0.905572 -0.0200563 0.00145121 0.129795 0.850558 0.367979 0.20586 0.0562181 0.0100025 : 0
0 0 0 0 0 0 0 0 0 : 0
-0.143441 -0.000247193 0.000132037 -0.0499748 0.290037 -0.012901 0.0420386 0.00688067 -0.0283716 : 0
-0.00197699 0.166952 -0.0249628 0.0371977 0.407075 -0.00778295 0.065109 0.14369 -0.00592714 : 0.5
0 0 0 0 0 0 0 0 0 : 0.1
-0.0273535 -0.0771968 -0.069674 -0.529551 0.192802 0.237339 0.105422 0.235031 0.0506842 : 0
-0.207465 -0.00711571 -0.204142 -0.023914 -0.130445 0.0483852 -0.0355447 0.00570493 0.0140642 : 0.4
-0.0269563 0.39048 -0.0732282 1 0.0879161 -0.018064 0.281543 0.302716 0.577832 : 0.4
0.0254944 0.146168 -0.194649 -0.403013 0.184596 0.510688 0.176388 0.0712492 0.198419 : 0
-0.058553 0.0241394 -0.283414 -0.323272 -0.32235 0.927295 -0.500545 0.0213779 -0.000985002 : 0.1
0.206249 -0.170396 0.02193 -0.00678156 0.0434457 -0.0185008 0.0316627 0.382311 0.0905606 : 0
-0.158558 0.207217 -0.0516872 -0.131874 0.61463 0.0943316 0.103982 0.33546 -0.0488359 : 0
0.195479 0.419782 0.0331527 0.386763 0.103326 0.00676581 -0.565158 0.342944 0.328588 : 0
0.00175056 0.000317478 0.0575683 0.0514444 -0.00317343 0.316738 -0.0899339 -0.00230062 0.00946185 : 0
-0.0207172 -8.33e-05 -0.00012618 -0.059131 0.434505 -0.0247397 -0.0531865 0.00108446 -0.0190398 : 0.1
0.00371034 -0.00203484 0.0762345 0.38193 0.08482 -0.257162 -1 0.0315104 0.308414 : 0.1
-0.0738091 0.113573 -0.0888095 -0.104533 0.178228 0.0887664 0.0447971 0.0249689 0.115139 : 0.1
0.0255413 0.312294 0.297924 -0.108326 -0.00782615 -0.0127764 -0.202411 0.00509188 -0.0432386 : 0.2
0.0889552 -0.254254 0.0228126 0.0447716 -0.0824296 0.00465229 0.522191 0.345896 -0.0302277 : 0.1
-0.0886777 0.495357 -0.0188909 -0.12115 -0.0195367 -0.282696 0.455913 0.0469124 0.00271742 : 0
0.169804 -0.0227131 0.351081 -0.18466 -0.0467387 0.225795 0.19528 0.00147258 -0.0723877 : 0.4
0.15776 -0.0583866 0.0639188 0.13538 0.0598633 -0.0738255 -0.127556 -0.673375 0.04829 : 0.2
0.00520869 -0.0392918 0.00887902 0.0149004 0.0926237 0.0535567 -0.277118 0.0244428 -0.0126143 : 0.1
0.0541574 0.0828551 -0.472992 0.122334 0.0224013 0.0451708 0.0414316 -0.0799436 0.216899 : 0
-0.0121378 0.0570757 0.357355 0.0254279 0.0181957 0.517936 -0.00659645 -0.0421598 0.38929 : 0.1
-0.34128 0.936515 0.0196569 -0.0735858 0.0780894 0.253047 0.372888 -0.0458973 0.0666645 : 0
0.00880305 -0.0395384 0.0172857 0.0948906 -0.208013 0.0970391 -0.353056 -0.0645232 0.00532828 : 0.4
-0.0704417 0.0612364 0.0195986 -0.0798229 0.148403 -0.347869 0.0235401 -0.00768608 0.412279 : 0.1
-0.0239788 0.00373364 -0.000457577 -0.20168 -0.108238 0.0338532 0.00998336 0.000456981 0.0745994 : 0.1
0.159912 -0.0436825 0.0223532 0.0268758 -0.0476507 -0.108355 0.245901 0.0576816 -0.42294 : 0
0.459232 0.0271544 0.153851 0.0315208 -0.0557861 0.512168 -0.154347 0.273804 0.329707 : 0
-0.113797 0.936334 0.424076 0.523462 -0.0350078 -0.0297946 0.253658 -8.36253e-05 0.00353081 : 0
0.092239 0.0105908 0.157105 0.123208 0.0174198 0.144188 0.0333341 -0.00394516 -0.735951 : 0.2
-0.070375 -0.061344 0.135338 -0.036894 0.321476 0.0943958 -0.0397083 0.0723442 0.0225385 : 0.2
-0.407989 -0.0731867 -0.0249587 -0.0140137 -0.000353128 0.0261144 0.116609 0.0453035 -0.354401 : 0.5
0.044101 0.216446 0.156982 0.0751443 -0.0047118 0.88058 -0.00193433 0.00754535 -0.0405978 : 0.5
0.0415607 -0.249778 0.246497 -0.187434 0.421089 -0.964975 0.124512 -0.213943 -0.0661485 : 0
0.021 -0.0172043 1 -0.0273472 -0.449942 0.0614804 -0.0357143 -0.270814 0.0175283 : 0
0.0534248 0.0785445 -0.15874 -0.0797212 0.00533731 0.105085 0.117643 -0.0986919 -0.0270969 : 0
0.382412 -0.137951 0.0250391 -0.0192858 0.0449319 -0.105556 -0.0860707 0.10741 0.021148 : 0.5
0.201961 0.00534302 -0.157847 -0.362972 0.111814 0.0338243 -0.12481 0.00924437 -0.109625 : 0
0.00648217 0.247743 -0.00270942 -0.174368 0.00700021 0.00448638 -0.0388345 -0.0243058 -0.265645 : 0
0.0143706 0.0094461 -0.0306369 -0.142323 0.00494831 0.138226 0.386452 0.0607292 0.415837 : 0
0.276816 0.00169835 1 0.207179 0.546202 0.14299 0.28112 0.246878 0.077966 : 0.1
-0.239446 0.000585582 -0.00774056 0.00844367 0.0269571 -0.0378612 0.00014302 0.00125846 0.0031882 : 0
