-0.0930555 0.121442 -0.081865 0.0332781 -0.0951069 0.394811 0.406052 0.0138591 0.340145 : 0
0.0992799 0.410676 0.26469 -1 0.250878 -0.014898 0.799251 0.0497541 0.0724863 : 0
-0.166653 0.914136 -0.2674 0.860844 0.0751152 0.256015 -0.11593 0.161197 0.316771 : 0
-0.322181 0.317243 -0.201307 -0.276554 -0.0368275 0.194172 0.416421 0.139542 0.161609 : 0.1
-0.212117 -0.446064 -0.019183 -0.335462 0.010798 -0.0592722 -0.130054 -0.294758 0.0280894 : 0
0.343179 0.171782 -0.105202 0.0822288 0.290317 -0.827075 0.0326555 -0.102865 0.136149 : 0
0.0385002 0.464031 -0.050932 -0.425022 -0.114732 -0.202674 0.186213 -0.287599 0.0148435 : 0
0.325187 0.227947 -0.142007 -0.713904 0.13885 -0.322803 0.356863 -0.32391 0.394047 : 0
-0.199361 0.419519 0.376928 -0.348442 1 -0.26309 -0.422938 -0.334018 0.279299 : 0.1
0.0160992 0.915857 0.697709 -0.280962 0.26889 0.0754648 -0.212854 0.520564 0.106531 : 0
-0.284077 1 0.247189 0.274652 -0.172685 0.488427 -0.720311 0.0460217 1 : 0
0.354397 0.72288 -0.139146 -0.372888 -0.484606 -0.452455 0.0264069 0.0528686 0.174869 : 0
-0.568741 0.662675 1 0.414847 -0.212001 0.286663 0.70224 0.339877 -0.0613561 : 0
0.0576248 -0.222964 0.422 -0.0939957 0.0497963 -0.18462 0.514091 0.455156 -0.107897 : 0.1
0.149573 0.360674 -0.073739 -0.377835 0.362694 -0.433733 0.358424 -0.346798 0.101961 : 0.4
0.635301 0.266935 0.391019 -0.486702 0.0387804 1 0.145636 0.0276357 0.0105477 : 0.4
0.48799 0.125003 0.382198 0.25295 -0.291171 -0.598754 0.0991916 -0.313941 0.120172 : 0.1
0.18967 0.137763 0.200816 -0.510394 0.61237 0.381438 -0.13796 -0.281365 0.354947 : 0
0.772728 0.796124 0.111176 0.246706 -1 -0.361282 -0.107738 -0.127903 -0.0166233 : 0
-0.316979 0.431265 -0.656432 -0.0759764 -0.340033 0.0610716 -0.0469518 0.214016 0.032671 : 0
-0.0631086 0.701799 0.224137 0.151116 0.0985398 -0.250424 0.00733679 0.103445 -0.253388 : 0.2
-0.300451 -0.16761 0.49471 -0.330434 0.233952 -0.124645 0.0768889 0.227708 0.408675 : 0.3
0.355803 0.807613 0.906866 -0.326029 -0.476345 0.640095 0.0386652 -0.118893 0.140865 : 0
-0.0542548 0.247821 0.0164474 0.113707 -0.243385 -0.159955 0.496949 0.181663 0.764556 : 0
-0.888131 0.152032 0.18609 -0.198104 -0.239322 0.0218823 -0.478515 -0.229187 0.245227 : 0
0.158214 0.60539 -0.0374485 -0.191032 1 0.280181 -0.195787 0.112524 0.422505 : 0
-0.23584 0.187641 -0.101875 0.0834208 -0.134204 0.724327 0.0910039 0.196717 -0.895425 : 0.2
-0.072997 0.725851 -0.139225 0.880151 0.0223884 0.201577 0.267776 -0.678752 0.264352 : 0
-0.413387 0.520685 -0.113907 0.741659 0.653836 -0.0346634 -0.151874 0.162965 0.263183 : 0.1
-1 0.652889 -0.0712569 -0.359726 0.45988 0.479774 -0.178362 0.235543 0.201918 : 0.1
-0.384071 0.180987 0.749426 -0.0685434 0.52744 -0.101596 0.146602 0.12156 0.3775 : 0.3
-0.23537 0.225311 0.986724 -0.525675 -1 -0.154502 0.149472 -0.121209 0.152506 : 0
-0.312103 0.314623 0.0311367 -0.219597 0.201605 0.148699 0.0902293 -0.0196643 0.298602 : 0.3
-0.254005 -0.178701 1 -0.116689 0.349822 -0.288043 0.187997 -0.0590292 -0.14492 : 0
-0.887503 0.680694 0.111484 -0.911964 -0.513851 0.123248 0.384265 -0.292294 -0.369105 : 0
0.050577 0.192733 0.0420585 0.083305 0.0931131 -0.0705204 0.0628306 0.0169629 0.231531 : 0.1
-0.135203 -0.182549 -0.154148 -0.363173 0.626372 -0.440512 0.0530905 0.0371945 1 : 0
-1 -0.321194 0.307732 0.253713 -0.0727779 -0.246421 -0.146836 0.334314 -0.279266 : 0.1
0.26262 0.328223 -0.118149 0.485997 -0.269946 0.319723 -0.183573 0.223656 0.214597 : 0
-0.133215 0.97678 0.0953836 -1 0.0179677 0.755344 0.131168 0.168601 0.175885 : 0
-0.121423 0.435951 0.0258405 -0.0726179 0.0848516 0.218734 0.0912908 0.506397 0.212154 : 0
0.120081 0.671078 0.0748648 -0.164997 0.12727 0.00169735 0.243559 -0.0874686 -0.194138 : 0.1
-0.0615389 0.593423 -0.192196 -0.301472 -0.474572 0.0500391 0.294437 0.0339345 -0.0243482 : 0
0.192243 0.518182 0.124304 -0.244274 0.742606 -0.582193 -0.0341281 0.252633 -0.000516558 : 0
-0.807428 0.440752 0.492355 0.662735 -0.568865 0.562891 0.775368 -0.266843 0.218839 : 0.4
0.58437 0.298858 -0.112356 -0.430849 -0.124561 -0.172357 0.758106 0.0395859 0.0296927 : 0
0.143607 0.935633 -0.114105 0.440853 -0.141953 -0.0657833 -0.148122 0.199646 0.0877197 : 0
0.0540417 0.101436 0.0761395 0.19305 0.599955 0.181678 -1 0.169915 1 : 0
-0.387388 0.238458 0.0498314 -0.190836 1 0.839432 -0.125021 -0.0663235 0.166142 : 0.1
-0.306386 0.76881 -0.237243 -0.14492 0.123886 0.147116 0.353492 -0.137417 0.647631 : 0
0.313756 0.286636 -0.130756 0.114823 0.125284 0.322095 -0.196764 0.0743677 0.234283 : 0
0.0959718 -0.0173448 -0.525467 -0.530129 0.0532627 0.543731 -0.284885 -0.0264458 -0.00911306 : 0
-0.0204863 0.475629 0.635521 -0.383838 -0.210427 0.30025 0.151169 0.133389 -0.0786051 : 0
-0.104291 0.46418 0.657399 -0.983838 0.225341 -1 0.32845 -0.569583 0.149172 : 0
0.165168 0.572199 0.166952 -0.239731 -0.222254 0.0926243 1 0.148697 0.141047 : 0
0.767462 0.448681 0.153596 0.148869 -0.0116355 0.160836 0.264042 0.0776833 0.53783 : 0
0.00305383 -0.722175 0.257367 0.622839 0.341711 -0.183742 0.356615 -0.0276332 0.163731 : 0
-0.264462 0.699562 0.378173 -0.297913 -0.0908654 0.283271 0.119707 -0.16653 0.124929 : 0.1
0.0198153 0.565521 0.368313 0.289525 0.685372 -1 0.112981 0.169448 0.390479 : 0
-0.267883 1 -0.199212 0.527436 -0.271389 0.446242 0.191142 -0.431905 -0.522647 : 0
0.239637 0.120324 0.710029 0.00994557 0.19552 0.0609716 -0.113892 0.275996 0.193549 : 0.1
-0.384789 0.231069 -0.151297 0.0262256 -1 0.419238 -0.00685945 0.224935 0.106836 : 0
0.391154 -0.288076 0.24921 -0.688726 -0.299839 -0.0997245 0.122781 -0.110137 0.616605 : 0.1
-0.279241 -0.112706 -0.149843 -0.195977 -1 0.514247 0.123344 0.168488 0.185911 : 0
-0.798174 0.973234 0.666954 -0.0427324 -0.217072 -0.0111474 0.00318348 -0.0310834 -0.361698 : 0
0.0094924 0.31635 0.108915 -0.158251 0.833722 0.884485 0.238141 -0.623056 0.110821 : 0.1
0.185755 0.155976 -0.25107 0.405029 0.126946 0.0976138 0.151397 0.099374 0.0624331 : 0.1
-0.00926423 0.467383 -0.0872626 -0.2063 1 0.0915713 -0.0967602 -0.196472 0.531706 : 0
-0.188538 -0.375384 -0.115864 -0.240622 0.359795 0.800608 0.0819601 0.129271 0.0799278 : 0.1
0.144125 0.457007 -0.0531761 -0.812038 0.00902252 -1 0.181894 -0.117049 0.298543 : 0
-0.0524625 -0.0432234 0.236645 0.118673 -0.216192 -0.362398 0.229699 0.205307 0.139771 : 0.1
0.0703007 0.823621 0.155388 -0.594679 -0.333024 -0.620013 -0.160171 -0.981428 0.233054 : 0
-0.0119743 -0.10516 0.300344 0.170816 0.414771 -0.0938003 0.101666 0.542408 -0.520186 : 0
0.258293 -0.0720148 0.570507 0.279648 -0.214758 -0.130814 0.506414 0.418386 0.292327 : 0.1
0.586369 0.831164 -0.294448 0.513227 0.000371754 0.171809 0.204427 0.0527689 0.203755 : 0
0.71909 0.129084 0.267112 -0.299741 0.336107 0.457358 0.521342 0.00020051 0.157224 : 0
-0.0147444 0.629319 0.223784 0.165526 -0.229443 0.191806 -0.557186 -0.0629141 0.220986 : 0.2
-0.393044 0.152284 0.544284 -0.245251 0.167392 0.200151 0.0642367 -0.0226771 0.329526 : 0
0.164457 0.620603 0.287875 -0.724158 0.244672 0.198497 -0.0585632 0.138062 0.848456 : 0
1 -0.0981123 0.0345132 -0.238288 0.0158846 0.928724 -0.00318354 0.209104 0.111856 : 0
0.145936 0.350627 -0.134557 -0.13855 -0.152382 -0.200955 0.427084 -0.00168568 0.134544 : 0
0.102675 0.222032 0.618607 -0.0578419 0.506232 0.768053 -0.221192 -0.613663 -1 : 0
-0.629808 0.350037 0.769096 -0.14758 0.0573709 0.153626 0.162806 -0.082672 0.296723 : 0
-0.364685 0.452798 -0.212687 -0.146287 0.596917 0.414811 0.116328 -0.165656 0.0939155 : 0.1
0.259023 0.204146 0.0530473 0.326178 -0.168829 0.649678 0.23467 -0.265987 -0.145222 : 0
-0.760175 0.0598559 0.271722 0.40245 0.936505 0.366487 0.0736083 1 0.0213525 : 0
-0.0731309 0.325901 -0.0498652 0.38966 -1 0.843857 -0.177584 0.191545 0.345355 : 0
0.52878 0.644068 0.364049 0.112004 -0.0210246 -0.165997 0.0115279 0.581851 0.272993 : 0
-0.13395 0.913252 0.104307 0.464358 -0.249473 0.497448 0.114927 -0.0713654 -0.234422 : 0.1
-0.838682 0.645298 0.828278 -0.443897 1 0.12663 -0.0603251 0.495484 0.0799852 : 0.5
0.0187967 -0.0308971 0.342072 -0.243228 0.0830603 0.195734 0.0422414 0.0433452 0.90063 : 0
0.263508 0.149624 -0.0321531 0.286307 -0.0911363 -0.67896 0.188937 -0.0837209 0.0542883 : 0
0.111135 0.16721 -0.0597271 -0.299275 0.00920317 -0.23889 0.0885703 -0.108692 0.30793 : 0.2
0.924938 0.781445 -0.0739821 0.345739 0.0670054 -0.0135264 0.259322 0.0661343 -0.0630735 : 0.1
0.158232 0.438094 -0.172361 0.305164 0.255276 0.108504 0.269898 0.0930945 0.0746837 : 0
0.0235268 1 0.146661 -0.30228 0.367992 0.148771 0.0810367 0.140167 -0.609828 : 0
-0.662533 0.712227 0.283243 0.192517 -0.802916 0.660939 0.0768412 0.188035 0.345075 : 0.4
0.0345292 0.0167345 0.104219 -0.560053 0.335812 0.213083 -0.0491111 0.0724581 0.676655 : 0
0.218685 1 -0.504285 -0.337183 -0.511814 0.641382 -0.0769294 0.179856 0.149202 : 0
-0.03921 0.438126 0.6377 0.696133 -0.0328309 0.320345 -0.0681954 -0.0779187 0.146577 : 0.1
0.615984 0.718401 0.564449 -0.266598 -0.00544108 0.0546941 -0.0385429 0.349192 -0.0605706 : 0
0.249705 0.0319189 0.306543 -0.0833569 0.51342 -0.233851 0.17773 -0.0140508 0.938646 : 0
-0.0518901 0.787773 0.497567 -0.482367 0.0683807 0.483509 1 0.112744 0.183964 : 0
-0.545553 0.723003 0.0540186 -0.426073 -0.467966 0.0980755 0.314853 0.0255826 0.441272 : 0
-0.321656 0.287826 0.0457572 0.395566 -0.823378 -0.112733 -0.112986 -0.100928 0.745753 : 0
-0.128315 -0.0357678 0.436354 0.741786 0.99478 0.600649 -0.23539 -0.275297 1 : 0
0.017907 0.417899 -0.165013 -0.193401 0.882123 0.943863 0.12516 -0.111723 0.158919 : 0
-0.248887 -0.0627689 -0.139908 0.0126582 0.451426 0.178573 -0.981865 -0.108413 0.294486 : 0
0.0354145 0.682316 0.107333 -0.318921 0.0225008 -0.00223869 0.152832 0.488734 0.364878 : 0.3
0.118903 0.232021 0.250587 -0.453027 -0.0693862 -0.0885736 -0.0256333 1 0.44189 : 0
-0.0556744 0.746192 0.150572 0.216849 0.893967 0.488934 0.195474 0.685955 0.208525 : 0.3
0.136616 0.422435 0.10023 0.941186 0.530055 0.262861 -0.194236 0.0670807 0.099569 : 0.1
0.248972 0.0984754 0.183656 0.592658 -0.200067 0.213754 0.0644848 -0.231701 0.394299 : 0
-0.274039 0.588448 -0.0707081 0.884063 0.797618 0.451117 0.0198937 0.631182 0.399456 : 0.1
0.416999 0.0907483 -0.390401 -0.508797 -0.522622 0.152142 -0.522519 -0.0964844 0.174957 : 0.1
0.0347712 -0.184554 0.112245 0.183737 0.813024 -0.744382 0.349563 -0.157032 -0.400206 : 0.2
0.77588 0.356836 0.713145 -0.607975 0.180379 0.750774 0.383509 0.113364 0.227801 : 0
1 1 0.221936 -0.116424 0.87279 0.311968 -0.0516174 -0.159059 0.0772268 : 0
0.398928 0.483238 -0.0613245 0.215478 0.213692 -0.813976 0.0960249 -0.3504 0.353967 : 0
0.345288 0.834582 0.446226 0.0854141 -0.139438 0.234369 0.00682486 -0.0875409 0.12462 : 0
-0.0707098 0.169789 0.555724 -0.448965 -0.229715 0.221588 0.182563 0.160178 0.0915825 : 0.3
0.308705 0.0756215 0.0298824 -0.445245 -0.187083 0.435967 -0.585245 0.454403 -0.0344372 : 0
0.19325 -0.220199 -0.191231 -0.0796775 -0.452328 0.501591 -0.0249712 0.165599 0.9603 : 0.3
0.0398264 1 0.0876599 1 0.273807 0.105165 0.100876 0.0807687 0.344986 : 0.2
0.101377 -0.23142 0.0791126 0.170526 1 0.292268 0.0309218 0.0337597 0.1215 : 0.1
0.14227 0.145402 -0.191876 -0.614038 0.0780077 -0.780778 0.452949 0.19364 0.230549 : 0
-0.0991105 0.275332 -0.178981 -1 0.0361502 -1 0.268324 -0.559254 0.0686037 : 0
-0.0491108 -0.483203 -0.0165919 -0.0915092 -0.781159 -0.132187 0.112348 0.0495005 0.516213 : 0.7
-0.189328 0.285337 -0.299126 -0.195199 0.0479124 0.0662278 0.00305278 0.0422287 0.0449819 : 0
-0.188761 0.451991 0.374343 -0.423412 0.0876397 -0.495523 0.251384 0.443125 0.270724 : 0
-0.35439 0.420249 0.664885 0.306063 0.211753 0.504733 0.064368 0.0116593 -0.276189 : 0
-0.324081 0.534864 -0.151525 -0.895198 0.0180755 0.750701 0.555468 -0.215834 0.515153 : 0.1
-0.14142 1 0.512381 -0.380177 -0.0355195 0.0690267 -0.450174 0.181581 0.501468 : 0
-0.0816132 0.798096 0.0544175 -0.987004 -0.454213 0.571942 -0.16343 0.319685 0.751093 : 0
0.0749359 0.452768 0.0103865 0.743803 0.415434 0.158751 1 0.247392 0.454073 : 0
1 0.713659 0.0670885 -0.198416 0.539669 -0.285251 0.0125601 -0.0451892 0.0563827 : 0
0.0382515 0.568388 -0.331595 -0.606732 -0.118178 0.454566 1 0.291064 -0.0476145 : 0.1
0.0494965 0.385489 0.00014706 0.709443 -0.414602 -0.0378045 0.171587 0.761919 0.0410182 : 0.1
-0.832847 0.155821 0.648506 -0.248088 0.0280606 0.0424089 -0.146388 0.0054445 0.14265 : 0
0.227038 0.631205 0.066214 0.19031 0.0802924 -1 0.0813433 0.704675 0.111302 : 0.2
-0.238409 0.0184851 -0.0849802 -0.158772 0.0506159 0.0774993 0.459412 -0.0196954 0.119361 : 0
6.65635e-05 0.258953 0.509279 -0.342321 0.247133 -0.0644441 0.287925 0.179825 0.568698 : 0
0.271453 0.589125 0.155897 -1 -0.594568 -0.0575765 0.357438 0.161502 0.115487 : 0.5
-0.782801 0.688268 -0.162964 0.756995 0.238831 0.339082 0.0562314 -0.159165 0.243807 : 0
-0.576598 0.617511 0.23149 -0.248445 -0.552502 0.401115 0.974553 0.26053 0.205515 : 0
-0.297086 0.458065 -0.340714 -0.302218 -0.357044 0.424499 -0.041135 -0.00661048 0.200708 : 0.1
1 0.262348 -0.0346427 0.48918 -0.142301 0.101807 -0.013936 -0.0114109 0.155133 : 0
-0.0360169 0.717825 0.256885 0.969125 0.0675127 -0.679323 -0.0954551 0.432783 0.131062 : 0.4
-0.275951 0.139601 0.0989751 -0.118243 0.160895 0.885237 -0.249526 0.122965 0.129572 : 0
-0.054548 0.509145 0.472933 -0.0886292 0.00741544 -0.0228749 0.118059 -0.336693 0.562339 : 0
-0.381227 0.907225 0.579871 -0.109558 -0.286953 -0.192413 0.139051 -0.314507 0.191229 : 0
0.102822 0.406425 -0.475503 -0.153339 -0.0918982 -0.37768 0.640552 0.714189 0.00933608 : 0.1
0.000647477 0.133514 -0.328062 0.296642 -0.0483466 0.182065 -0.17933 0.361583 0.698026 : 0
-0.319215 0.729824 0.0156653 -0.23635 0.829044 0.370058 0.0901425 -0.00144604 0.391273 : 0
0.182693 0.600259 0.535407 0.376505 0.0819501 0.61119 0.777119 0.527377 0.354004 : 0.1
0.137074 1 0.57451 -0.429492 -0.606117 0.378388 -0.511418 0.0812047 0.190374 : 0
0.119732 0.621037 -0.0709092 0.973345 0.854199 -0.110211 0.0200397 0.147046 0.348092 : 0.3
-0.028338 -0.114811 1 -0.65436 -0.142206 0.328453 0.855559 -0.0572412 0.907884 : 0
0.180411 0.680623 0.0699247 -0.612501 -0.0115237 0.934953 0.254036 0.147242 0.408549 : 0
-0.136993 0.353625 -0.141842 -0.857058 -0.192197 0.357448 0.178344 -0.203733 0.0983181 : 0
-0.00194347 0.743837 -0.200019 -0.481349 0.353408 0.834591 -0.127811 -0.102303 0.952486 : 0
-0.0958253 0.366131 0.768752 -0.371897 -0.255392 0.534235 0.157333 0.093703 -0.694049 : 0.8
-0.0520809 -0.446527 -0.309922 -0.707211 -0.244713 0.841101 -0.0473197 0.143402 0.27224 : 0
-0.0320732 0.286501 -0.319761 0.107057 0.0968593 0.0355998 -0.307566 -0.310931 0.110829 : 0.1
0.134194 0.799328 0.720851 -0.360011 -0.170982 -0.0305682 1 -0.186083 -0.187076 : 0
0.178409 0.331808 0.088564 0.265787 0.733156 0.410306 0.219182 0.999144 0.0129119 : 0.1
0.377947 0.413066 1 0.171622 -0.0974213 0.30605 0.204166 0.51799 0.837989 : 0.1
-0.666859 0.750932 -0.301152 0.45989 0.665501 0.471632 0.239135 0.275413 0.0594878 : 0.2
-0.0370413 0.151886 -0.265053 -0.388584 0.643404 0.869709 0.153678 -0.606606 0.223101 : 0.1
-0.1651 0.167636 0.74437 0.306303 1 -0.259175 -0.402315 0.26015 0.0998 : 0.2
0.173661 -0.182551 0.0242858 -0.179944 0.157576 0.303621 0.0514857 0.167467 -0.157581 : 0.1
-0.0885029 0.66335 -0.228431 0.346071 0.52441 0.314392 0.206113 0.0250485 0.263189 : 0
-0.510183 0.268777 -0.745681 0.429038 -0.952679 0.639352 0.0905461 -0.0507838 -0.453785 : 0
-0.582457 0.461752 0.0973335 0.816183 -0.614283 0.0881274 0.246542 0.386996 -0.496708 : 0
0.410543 -0.470916 0.323292 -0.161926 -0.357479 0.0276456 -0.0397787 -0.723064 0.577219 : 0
-0.0819644 1 0.613064 0.300479 -0.655081 0.586084 0.207733 -0.112488 -0.198837 : 0
0.439757 0.827118 0.540615 -0.425726 0.0564862 0.105276 -0.0584293 0.0653285 0.154065 : 0.5
0.54358 0.560491 0.101641 -0.108394 0.288448 0.220688 0.280948 -1 0.439985 : 0
0.0784879 0.256839 -0.130188 0.1462 0.238175 -0.562322 0.180571 -0.409727 -0.084443 : 0
-0.397627 -0.165208 -0.634571 -0.312314 0.0536483 -0.0376264 -0.37504 0.0313376 0.196034 : 0
0.452938 -0.00791833 0.187112 -0.0857198 0.229285 0.391502 0.972911 -0.0736281 0.468726 : 0.2
-0.269933 0.131859 0.386683 0.216938 0.0321204 0.192133 -0.102596 0.0424625 1 : 0.4
-0.634628 0.180663 0.445537 -0.0542252 -0.259709 -0.190075 -0.168928 0.161279 0.262689 : 0.1
-0.15071 0.687849 -0.0381496 0.360958 0.0343959 0.576705 0.313238 -0.00147508 -0.0397233 : 0
0.176703 0.371152 0.605404 0.101269 -0.175572 0.484372 -0.0496045 -0.170064 -0.404535 : 0
-0.32428 0.502119 0.112414 -0.918672 0.669305 -0.0379538 0.0492643 -0.0191255 -0.0687977 : 0
-0.102381 0.217711 0.189658 -0.780222 -0.544326 -0.0318357 0.0925617 0.219863 0.482424 : 0
0.198324 0.715851 -0.0315725 -0.287522 0.106406 0.133605 0.121128 -0.102215 1 : 0
0.315209 0.474462 -0.125629 0.219163 0.934138 0.322164 -0.0111254 -0.135036 0.633515 : 0
-0.116369 0.331069 0.44056 0.0921217 -0.44713 0.170538 0.0865383 1 0.222819 : 0
-0.260305 -0.306145 -0.60855 0.617452 -0.0454831 0.134588 -0.0589098 0.274781 0.127123 : 0.1
0.327261 0.252912 0.0859449 0.0354676 0.397584 0.0799663 0.103702 -0.056843 0.54623 : 0
-0.402094 0.571995 0.1961 0.965068 -0.176487 0.22049 0.0500783 0.14287 0.0282681 : 0.6
0.157794 0.261796 0.0805452 0.450857 0.117347 0.00365336 0.183293 -0.0104555 -0.107283 : 0.1
0.323644 0.326265 -0.135054 -0.170947 -0.553827 0.293522 0.0657106 0.207694 -0.0323666 : 0
-0.311092 0.117402 -0.391737 -0.232344 1 0.393253 0.315611 -0.042733 -0.194053 : 0
-0.196158 0.601844 -0.0997172 -0.359954 -0.396084 -1 0.110504 0.16647 0.0684095 : 0
-0.0599155 0.0567893 -0.158155 1 -0.541493 0.162214 -1 0.047854 0.0968806 : 0.3
-0.233879 0.680102 -0.110066 0.925388 0.439831 0.58391 0.0807996 0.279312 -0.114008 : 0
-0.113117 0.317271 1 0.0738159 -0.848989 0.787555 -0.0674372 0.329086 0.709603 : 0.1
0.0211336 0.3758 -0.0323425 0.505868 0.135859 0.0305268 -0.0587704 0.200038 0.113999 : 0.1
-0.0933962 -0.338041 0.124941 0.0585858 0.0670557 0.085359 0.097896 -0.456705 0.442312 : 0
0.0531769 0.5971 0.0810167 0.153635 0.446887 -0.0192175 0.239077 0.655819 0.522197 : 0.1
-0.00616759 0.0264012 0.644738 -0.00499821 -0.788423 0.801201 -0.110788 0.101912 0.690027 : 0
-0.279982 0.564981 0.923347 1 -0.199233 0.225215 0.0557001 0.0530331 -0.403992 : 0
-0.0132361 -0.0605551 0.397606 0.151444 0.98697 -0.175081 0.180761 0.14271 0.0884436 : 0
-0.756993 0.3176 -0.0365062 -0.0192966 -0.397298 1 0.218727 -0.0498861 0.158104 : 0
-0.210059 0.271355 0.250203 -0.169061 0.0311325 -0.20333 0.273682 0.532066 0.31221 : 0.4
0.0782092 0.291077 -0.441891 -0.305245 -0.185515 0.365149 -0.323247 0.402074 0.379403 : 0
1 -0.0541018 -0.689598 -0.38986 0.211917 0.227092 0.0208067 0.0700295 0.0399427 : 0
0.44822 0.689859 0.168505 0.0458676 -0.401014 0.202351 -0.0407913 0.126135 0.562624 : 0
-0.230401 -0.0955087 0.623159 -0.103296 0.160625 0.00983536 0.28771 -0.0690019 0.453131 : 0.4
0.0369307 0.408026 0.215643 0.0580857 0.317218 0.0108207 -0.0364061 0.339251 0.269219 : 0
-0.261909 0.896589 0.450457 0.498279 -0.608332 0.00174263 0.599373 0.156679 0.0956428 : 0.3
-0.263205 1 -0.132524 0.0652413 -0.0336452 0.0109823 -0.0534215 0.0172061 0.237841 : 0.2
-0.786341 0.511119 0.0932637 0.36496 -0.00752521 0.0470979 0.540336 -0.0532591 0.664112 : 0.2
-0.0125185 0.652321 0.0659155 -0.301437 -0.0320435 0.131571 0.220643 0.198176 0.312712 : 0.5
0.315174 1 0.187476 -1 -0.109317 0.30506 -0.0137447 0.292564 0.30524 : 0
0.0162914 -0.449173 -0.138132 0.37388 -0.0979334 0.798952 -0.397472 0.149519 0.187003 : 0.1
0.0933776 0.643284 0.0564184 -0.100043 -0.268303 0.645026 0.304669 0.105494 0.0405837 : 0.1
-0.108438 0.063906 -0.139203 -0.829589 -0.234727 -0.217242 1 0.0256262 0.244148 : 0.3
0.509118 -0.599213 0.619869 -0.593559 0.332008 0.224567 0.287369 0.0571683 0.790527 : 0.2
-0.244724 -0.220385 0.0561112 -0.237005 0.455272 0.187329 0.052339 0.096555 0.177289 : 0
-0.366539 0.442381 -0.184806 0.01604 0.199479 -0.480808 0.48452 -0.0589531 0.402556 : 0
-0.104423 0.386958 0.492263 0.261766 0.600087 0.641007 -0.663589 0.199323 0.317324 : 0.1
0.144422 0.225904 0.784595 -0.237103 0.116865 0.286603 -0.182582 -0.203432 -0.0176936 : 0
0.126389 0.166707 -0.54973 -0.599262 0.231325 0.109972 0.343986 -0.146182 0.641401 : 0
-0.0343918 0.487022 0.49725 -0.179969 0.214839 0.401038 0.468741 0.00852868 0.436394 : 0
-0.222763 0.81566 0.0123563 -0.887672 -0.00479461 0.451266 0.525553 0.764058 0.11846 : 0.1
0.248897 0.353995 0.529764 -0.612893 1 0.596391 -0.556116 0.0247794 -0.125625 : 0.3
0.874866 0.259668 0.361195 0.0503988 -0.123887 -0.256191 0.553647 -0.0249847 0.0887967 : 0
0.136724 -0.0557951 0.586621 -0.539989 -0.686692 0.393967 0.060984 0.0967521 -0.0312203 : 0.4
0.0672327 0.713624 0.36434 0.00961095 -0.455971 -0.495584 0.146972 0.753247 -0.0579726 : 0
0.599237 0.712051 0.0292051 0.485903 0.0112778 0.645218 0.265426 0.0798684 0.0452014 : 0
0.423936 0.628754 0.0747667 0.205291 -0.435306 -1 0.278954 0.0816886 0.0538972 : 0
-0.375573 0.211809 -0.0691225 -0.197168 -0.0285134 -1 -0.272303 0.128843 -0.838189 : 0.2
-0.227423 0.55442 -0.0782612 -0.189456 0.134129 0.238867 0.0199303 0.455749 0.33369 : 0
-0.185188 0.41302 0.374856 0.166854 0.150813 0.0488194 0.470904 0.295739 0.21374 : 0.1
0.0314662 -0.0350061 0.0449661 -0.230756 0.00473239 -0.216531 0.415925 -0.026909 0.260355 : 0
-0.0553371 0.641092 0.362324 -0.293631 -0.394949 -0.0568344 -0.35536 -0.853241 0.165014 : 0.1
-0.801981 0.375588 -0.24992 -0.54026 0.0172717 -0.507677 -0.0333153 1 0.168567 : 0.3
-0.711305 0.888421 0.0730607 0.106076 0.540233 -0.0114546 -0.61107 -0.0520148 0.0824446 : 0
0.0544685 0.391936 -0.471506 0.275539 -0.424368 0.68242 -0.9874 0.270092 0.129706 : 0.3
-0.158705 0.453872 0.792397 -0.460481 -0.241174 0.482574 0.0570702 -0.454579 -0.503987 : 0
0.396252 0.915547 0.0608338 0.567584 0.964057 0.675457 0.0347066 0.0601574 -0.260875 : 0.2
0.369582 0.352018 0.337177 -0.251333 0.265968 -0.162795 -0.0472625 -0.113173 -0.205505 : 0.1
-0.440796 -0.167868 0.0971141 -0.637868 0.0257086 0.271621 0.130683 -0.0617852 0.387339 : 0
-0.0758635 0.539842 0.106842 0.0283899 0.230398 0.422777 0.317936 -0.291829 0.456014 : 0
-0.182215 1 0.393548 -0.0174988 -0.118386 0.401882 0.0610205 -0.0461339 0.17527 : 0
0.141359 -0.822749 0.340813 -0.366253 0.0237595 0.31271 -0.0230266 0.301158 0.042071 : 0
0.778008 0.926182 -0.157431 -0.577668 0.409953 -0.000236869 0.209134 0.179529 0.163598 : 0.1
0.338185 0.429932 0.267702 -0.565147 -0.184058 0.046457 0.882265 0.315044 -0.127641 : 0
-0.153924 0.694682 -0.107385 0.444186 -0.0248231 0.376903 0.157187 -0.0882438 0.895693 : 0
-0.138698 0.464474 -0.0765615 -0.444465 0.240259 -0.323876 0.0258427 0.267065 0.0600286 : 0
0.245711 0.481086 0.074107 -0.107128 0.27241 -1 -0.0999402 0.0281497 0.431716 : 0.1
-0.315495 0.657594 0.20937 -0.0766217 0.121213 -0.138749 0.194293 0.0675076 0.251122 : 0
0.118942 0.537075 0.0515315 -0.314732 0.466451 -0.733863 -0.0578787 0.260247 0.337058 : 0
-0.847998 0.180423 0.126348 0.0348142 0.101565 0.957574 0.0570484 0.237069 0.154352 : 0.3
-0.801848 0.588252 0.0492478 -0.00207448 -0.0282353 0.453622 0.158729 0.130435 0.0863853 : 0
-0.444411 0.0651119 -0.16824 -0.355693 -0.112331 1 0.054543 -0.243182 -0.329378 : 0
-0.166069 0.733336 -0.00543243 0.89769 -0.468183 -0.358782 0.0936038 -0.561201 -0.311976 : 0
-0.0253602 -0.205236 -0.069192 0.141155 0.203649 -0.238351 -0.0957738 0.134526 -0.0568207 : 0
-0.137486 0.603485 0.384803 0.197011 0.215648 -0.0597583 -0.278537 0.287355 0.347005 : 0.1
-0.019183 0.877306 -0.233041 -0.470914 0.0287417 -0.016467 0.169308 0.140901 0.904418 : 0.1
0.11231 0.329026 -0.119456 -0.607293 -0.073323 -0.913492 -0.50771 0.0806179 0.508892 : 0
-0.0575755 0.240117 -0.404176 -0.648102 0.0294163 0.624807 -0.327695 -0.0324579 0.0131726 : 0
-1 0.589376 -0.0715617 -0.146821 0.0264515 0.146139 0.41653 0.0858299 -0.495813 : 0.3
0.0272198 0.0280434 0.279899 0.0883169 0.590799 0.473786 -0.942472 1 0.598194 : 0
-0.317868 0.203463 0.846927 -0.0552773 -0.218002 0.406135 0.408093 0.122231 0.0830005 : 0
-0.552743 0.0755038 -0.397066 -0.236747 1 0.083181 0.0537689 -0.00898555 0.323612 : 0
0.284226 0.284971 0.0272446 -0.519032 -0.0765404 -0.439407 0.62137 -0.0530999 0.106998 : 0.1
-0.0383273 0.317357 0.334901 -0.220847 0.127149 -0.0721446 0.263003 -0.131686 0.230531 : 0.1
0.0953277 0.359721 0.30725 0.438309 -0.445144 0.304594 -0.0366193 0.228476 0.457874 : 0.1
0.210356 0.265067 -0.462802 -0.356315 0.227947 -1 0.207494 0.0574549 -0.298868 : 0
-0.00124866 0.598462 -0.0247308 -0.180594 -0.0349344 -0.414672 0.143621 -0.00584577 1 : 0
0.0306504 0.119212 -0.15998 -0.749757 -0.122926 0.572562 0.09877 0.0811377 0.267774 : 0
0.587945 0.893139 0.0136674 0.720604 0.210225 -0.63868 0.298384 -0.0404344 0.179991 : 0
-0.7273 0.0613514 -0.0676499 0.544776 -0.00140861 -0.175832 0.0984326 0.191293 -0.00182962 : 0.1
-0.0290278 0.493361 -0.160571 -0.697191 0.0859987 -0.13216 0.425917 0.22764 0.010654 : 0
0.0601223 -0.566223 0.180683 0.493601 -0.54688 -0.269187 -0.245879 0.172707 0.496499 : 0
0.160147 0.873309 0.22037 0.0851353 0.365951 -0.178713 -0.0991421 -0.640629 -0.680358 : 0
0.308428 0.100377 0.374462 0.133253 0.129718 0.0193861 0.0439023 0.151569 0.160242 : 0
-0.0615652 0.530601 0.0512929 -0.220096 0.66962 0.281196 0.0913086 0.572594 0.309677 : 0.4
-0.169722 1 -0.328486 -0.058284 -0.214975 0.0963397 -0.216558 -0.0810795 0.114437 : 0
-0.104065 0.258016 -0.223052 -0.343942 -0.132555 0.486269 -0.0860891 -0.0133301 0.232783 : 0.1
-0.0578946 0.154704 0.634397 -0.38428 -0.0764364 -0.0604877 -0.236519 0.0747846 0.15554 : 0.3
-0.173129 -0.248144 0.238107 -0.144548 0.290769 0.108112 0.413971 -0.15299 0.120983 : 0
-0.0960942 1 0.104859 0.397701 0.474563 0.143342 -0.971549 0.131619 1 : 0.7
0.105588 1 0.0967307 0.276749 0.26289 -0.148201 0.101417 0.678312 0.194256 : 0.1
0.0577679 -0.0529766 0.213334 0.481585 0.612467 -0.463263 0.0473362 0.302252 -0.666792 : 0
0.42376 0.602435 0.606592 0.194116 -0.0645816 0.230063 -0.0682812 0.741862 0.192437 : 0
0.0763288 0.722889 0.0291782 -0.143136 1 0.326993 1 0.414035 0.337707 : 0.1
0.902672 0.465052 0.138485 -0.143161 -0.434548 1 -0.184689 0.141418 0.067203 : 0.4
-0.110749 -0.0299053 0.0573496 -1 -0.1809 -0.791156 0.567706 -0.0214647 0.359829 : 0.1
-0.253448 0.588934 0.381914 0.590216 0.176171 0.564185 0.0645907 0.0811304 0.420837 : 0
-0.550218 0.339189 0.409869 0.178127 0.023922 -0.0546354 -0.269296 0.240309 0.147082 : 0
0.489077 0.502814 0.528826 -0.215102 0.35384 0.412567 -0.344164 0.197034 0.377378 : 0
-0.191295 0.191063 0.104556 -0.0809925 0.291636 0.199173 -0.363576 0.746911 0.33304 : 0
0.00373247 0.100839 -0.142018 -0.471932 -0.421114 1 -0.72378 -0.0712699 0.183576 : 0.1
0.0465416 0.626786 -0.072204 0.238699 -0.00961578 -0.525482 0.00645651 -0.699938 0.18552 : 0
0.0954207 0.477936 0.0950127 -0.112593 -0.258055 -0.366404 0.141061 0.477329 -0.125001 : 0
-0.0795377 0.239439 0.121838 0.119232 0.293847 -0.0977074 0.0616039 -0.369322 0.349046 : 0.1
0.0618385 0.15374 0.559621 1 0.375118 0.406821 0.0750291 -0.150992 -0.274059 : 0
0.115081 0.00782228 0.435542 0.0837856 0.618077 0.19218 0.0792679 0.288806 0.210841 : 0.3
1 0.190221 0.15881 0.0687544 0.0222395 -1 0.278181 0.198041 0.0574844 : 0
0.0933177 -1 0.0604695 -0.051827 -0.134696 -0.18644 -0.0442585 -0.546956 0.00585811 : 0
-0.369198 0.11219 -0.526701 0.221623 0.224828 0.976125 0.105778 -0.230762 0.0698727 : 0
0.147975 -0.211758 -0.00772385 -0.272601 -0.0824926 -0.103655 1 0.0281285 0.217423 : 0
-0.0556973 1 0.116264 -0.296406 -1 1 -0.120928 0.161245 -0.464624 : 0
0.622267 1 0.631093 0.227659 0.714952 -0.297208 -0.0724742 -0.0758327 0.122844 : 0
-0.230554 0.60616 0.0276876 0.458017 0.508156 0.00265181 -0.0616562 -0.0418957 0.375763 : 0
-0.0631879 -0.351075 -0.159841 0.297097 0.207552 0.0406129 -0.0739972 0.333674 0.25716 : 0.1
-0.169383 1 0.0637211 0.168144 0.77674 0.95406 0.123101 0.229355 -0.327157 : 0
-0.00264533 0.681124 0.040671 -0.234796 0.253898 -0.0868364 0.533918 -0.19163 0.307612 : 0
-0.157235 0.586482 0.706675 -0.0450946 0.506135 0.310684 0.147793 0.0715446 0.245176 : 0
-0.289025 0.852597 0.386998 0.380887 -0.401416 0.48431 -0.303756 0.0522163 1 : 0.1
0.24549 0.376373 -0.147839 0.417164 0.267892 0.353867 0.0400017 -0.175138 0.346163 : 0
0.517295 0.346193 0.0856565 -0.338641 -0.154916 0.408995 0.228998 -0.116119 0.329992 : 0
0.221382 0.757597 0.174604 -0.255747 -0.818065 0.357517 0.0359597 0.207378 0.0748967 : 0
-0.136679 -0.830483 -0.0503566 0.537053 -0.144131 -0.0869052 0.0396064 0.222217 0.0766492 : 0.1
0.242949 0.567598 0.111097 -0.373083 0.234987 -0.828486 1 -0.00165177 0.860801 : 0
-0.473286 0.732985 -0.128388 -1 0.0948727 1 0.404144 -0.0402404 -0.0124821 : 0
0.298625 1 0.112999 -0.705397 0.104902 -0.21168 0.0197957 0.0753321 -0.293289 : 0.1
-0.234959 0.770626 0.0192078 0.0757807 -0.0715675 -1 0.405411 0.0128296 0.0717827 : 0.1
0.00227925 0.156209 0.778155 0.541041 0.462983 -0.0995385 0.0616124 0.0459052 0.094677 : 0
0.0772324 -0.212896 0.00887907 -0.100808 -0.213015 0.711886 0.195177 -0.151813 0.0479023 : 0.1
-0.0167234 0.436272 0.363091 -0.194239 1 0.316119 -0.298467 -0.206308 0.214781 : 0.1
-0.352059 0.326311 -0.360444 -0.202616 0.363408 0.332659 0.114489 -0.196517 0.224539 : 0.1
-0.090136 0.635836 0.113812 -0.599388 0.179866 -0.11007 -0.0832123 0.283273 0.0899926 : 0.1
-0.266611 0.30242 0.399872 -0.311941 -0.210411 0.619651 1 -1 0.140079 : 0
0.180744 0.521931 0.641518 -0.228705 -0.126267 0.0843163 0.843688 -0.285489 0.416895 : 0.1
-0.0688307 -0.509027 -0.0815745 -0.437085 0.564294 0.356028 0.154769 0.294784 -0.219908 : 0.3
0.202792 0.342773 -0.301119 0.776019 -0.0999931 0.530929 -0.0677474 -0.265894 -0.00191343 : 0
-0.198948 0.292185 0.0707904 -0.147469 -0.527311 -0.147234 0.167787 -1 0.366563 : 0.1
-0.337525 0.80286 0.384773 0.247827 -0.546563 0.297565 0.111935 -0.254919 0.158208 : 0
0.376781 1 0.285765 -0.370272 -0.120024 0.316653 0.190497 -0.0247208 0.0563175 : 0
0.184513 0.292653 -0.33325 -1 -0.109526 0.0593547 0.32332 0.524165 0.352632 : 0
0.0815123 0.192894 0.237524 -0.613373 0.557769 -0.283689 0.421866 0.0307376 0.09593 : 0
-0.0587077 0.477343 -0.00783601 -0.617618 0.0411563 0.471509 0.784277 0.705943 0.157032 : 0.2
-0.351841 0.171172 0.101355 1 0.712708 0.606914 0.0327087 -0.110997 0.426488 : 0
0.401935 0.555721 0.126435 0.860458 0.383048 0.31019 0.231082 0.0807401 0.173177 : 0
0.119911 0.206884 -0.334421 1 -0.393495 0.0264725 0.20472 0.650491 -1 : 0.2
-0.0774081 0.215932 0.527015 -0.230385 0.895369 0.499562 -0.221981 -0.15451 0.228693 : 0
0.387904 -1 0.763972 0.0601661 0.123423 0.751235 -0.00853071 0.219171 0.139391 : 0
0.408942 0.326299 0.221489 -0.191353 -0.000168115 -0.20461 0.599086 0.133972 0.0560929 : 0
0.258613 0.137679 0.532573 -0.197954 0.362848 0.572298 0.718012 0.124371 0.280971 : 0
-0.166375 0.170535 0.799705 -0.305524 0.169148 -0.175814 0.30061 -0.0607578 0.678789 : 0
-0.275528 0.455931 0.0518812 0.00141363 0.124989 -0.308562 -0.208941 0.205998 0.0941621 : 0
-0.171108 0.143425 0.341614 -0.649552 -0.0694667 1 0.352648 0.0677066 0.41817 : 0.1
-0.491927 -0.621914 0.178667 -0.232845 -0.0170742 -0.243702 0.614412 0.126314 -0.142181 : 0.1
-0.56764 0.234226 -0.0437709 -0.34538 0.244712 0.372772 0.0990485 0.159502 0.0466971 : 0.5
-0.212874 0.217518 -0.0385606 0.0793576 -0.452027 1 0.381972 -0.470474 0.804776 : 0.1
-0.143339 0.660946 0.436901 0.420638 0.692605 0.483648 -0.136246 0.0574959 1 : 0.2
0.426693 0.58919 0.114666 -0.264931 1 0.291288 0.1204 0.319267 1 : 0.1
-0.227012 0.655001 0.159663 0.183422 -0.103859 0.102747 -0.597568 0.0394803 0.824614 : 0.2
-0.00392258 0.449259 -0.0837847 -0.302254 -0.23276 0.168638 0.0132291 -0.00290477 0.0269143 : 0
0.56012 -0.117929 0.160902 0.148359 -0.305888 0.173061 -0.144324 0.00905028 0.317243 : 0
-0.304351 -0.210822 -0.553415 0.208355 0.208883 0.167837 -0.153925 0.228771 0.177854 : 0
-0.63703 -0.119327 -0.685828 -0.37098 -1 0.573159 0.0751318 0.184282 -1 : 0
0.113487 1 -0.0022358 0.545002 0.0445958 0.466355 0.263054 0.486453 0.116083 : 0.1
-1 -0.226759 -0.0709909 -0.314554 0.258192 0.251879 0.0508373 0.30301 -0.240534 : 0
-0.111571 -0.711618 -0.224722 -0.0762816 -0.0144582 -0.162427 0.126839 -0.174502 -0.480542 : 0
-0.797564 0.198792 -0.0569921 0.122716 0.0839098 0.364155 0.208912 -0.106848 -0.104592 : 0
0.343873 -0.108421 -0.0395673 0.0985819 -0.213284 0.0480587 0.102664 -0.0090488 0.0960469 : 0
0.392206 0.287768 0.418309 -0.273356 0.538021 -0.390881 -0.0427922 0.443397 0.255956 : 0.3
0.341486 0.171719 0.405049 0.013213 -0.444451 0.383072 0.117973 0.0479228 0.0333122 : 0.3
0.243279 0.540624 0.339567 -0.793865 0.192524 0.164878 1 -0.0955905 -0.00116293 : 0
0.328342 -0.0133989 -0.0342809 -0.0195108 -0.169923 0.160767 0.312776 0.0360712 0.314186 : 0
0.835898 0.836658 0.444912 0.374686 0.108253 0.290488 0.04818 0.145151 -0.868727 : 0
0.385004 0.245346 -0.168841 0.501071 -0.288761 0.308969 0.0795248 0.197655 -0.0842702 : 0.2
0.274643 -0.0910039 0.333557 -0.29058 -0.0357265 0.143354 0.504286 0.609615 -0.332998 : 0.3
0.868649 0.694595 0.25538 0.548064 1 0.181785 0.172308 -0.00666215 0.144093 : 0
0.143351 0.841571 0.139198 -0.0867979 0.0425052 -0.315451 0.232091 -0.208412 -0.0922627 : 0
-0.552927 0.639193 0.225232 -0.165823 -1 0.828834 0.260975 0.116447 0.955152 : 0.1
-0.26676 0.040546 0.549923 0.560567 0.421387 0.185385 0.158947 -0.0149297 -0.188807 : 0.1
0.170838 -0.569402 0.120577 -0.239687 -0.334741 0.177299 0.0641192 0.0488894 0.0294226 : 0
0.359875 0.603735 0.00135463 0.556694 0.0702617 0.502302 0.682127 -0.0931543 0.368733 : 0.2
0.110154 0.0981455 -0.464175 -0.0917607 -0.0630973 0.427728 0.159172 0.0540573 0.0840074 : 0
-0.779108 0.362921 -0.514281 -0.198125 0.787544 0.121591 0.255644 -0.338983 0.354982 : 0
0.871139 0.600035 0.0580329 0.103354 0.248079 0.332199 0.319068 -0.0812318 0.602917 : 0.1
0.834761 0.804055 0.133479 0.389277 0.397352 0.176155 -0.0411491 0.175706 0.161915 : 0.1
-0.776506 0.125493 0.65266 0.0550814 -0.204889 -0.0787412 0.158132 -0.400184 0.0902847 : 0
0.104481 0.0226325 0.266432 -0.0871353 0.101033 0.330135 0.422814 0.305729 0.27824 : 0
-0.0117013 0.372969 0.13287 0.190495 -0.10822 0.555284 0.0567136 0.0574576 -0.0127166 : 0
-0.503896 0.272911 0.19758 0.142226 -0.139458 -0.0640052 -0.140798 0.318062 -0.0287043 : 0
-0.904974 0.690864 0.126866 0.263293 -0.153366 0.0562626 0.0643083 0.245147 -0.0119809 : 0.3
0.254909 0.18401 -0.156295 -0.139694 0.550268 -0.573745 0.329785 0.177191 0.373622 : 0
0.0496513 0.201691 -0.172719 -0.0435251 -0.437261 0.553648 -0.401698 0.502114 -0.25742 : 0
-0.0736299 0.105342 0.301665 -0.171907 -0.147699 -0.295589 0.0504185 -0.107723 1 : 0
0.201127 0.415244 0.446985 -0.252642 -0.34473 0.219612 0.724171 0.0406853 0.247658 : 0.5
0.701104 0.313758 0.0728955 0.56011 -0.0436663 0.0829016 0.220884 0.00841779 0.026918 : 0
0.328284 -0.21688 -0.360905 0.2815 0.379687 -0.197574 0.393922 0.189883 -0.111367 : 0.3
-0.231676 0.0693337 0.635098 -1 0.0788018 -0.364914 0.3028 -0.329893 0.206374 : 0
-0.123556 -0.248686 0.0279563 -0.0758669 0.373573 0.21028 0.0864315 0.642765 0.427403 : 0
-0.500728 0.358663 -0.201355 -0.572818 -0.995321 0.0611826 0.0517566 0.902646 -0.0690484 : 0.1
0.149119 0.634529 0.213052 -0.00487084 0.175516 -0.124125 0.553617 0.0991897 0.144191 : 0
-0.669226 0.904814 0.0246592 0.0154277 -0.452469 0.214673 0.591662 -0.0879634 -0.0975018 : 0
0.326136 0.775265 0.115197 1 -0.219412 0.17669 0.654091 0.238764 0.188656 : 0.2
0.136268 0.265943 0.102972 -0.134697 0.290881 0.0018471 -0.182247 -0.303766 -0.0264631 : 0.3
0.26475 0.250919 -0.0538207 0.0411077 0.133258 -0.0328723 0.0646411 -0.246755 -0.169112 : 0
-0.996473 0.265494 0.405432 0.16778 -0.14285 0.621575 0.14603 -0.14444 -0.274112 : 0
-0.638327 0.380619 -0.0100163 0.156955 0.000891507 -0.102249 0.0762106 -0.226268 -0.0940152 : 0
-0.587801 0.622213 0.717338 -0.156662 0.241162 0.981535 0.100784 0.0772032 0.0625434 : 0
-0.700721 0.640916 -0.162104 -0.103665 0.209592 0.0354199 -0.0916905 0.12248 -1 : 0
-0.361416 1 0.12843 -0.237486 -0.155717 0.453071 0.135765 0.0894949 0.176705 : 0
0.138598 0.243428 -0.146013 0.310013 0.370232 0.186239 0.285944 -0.0368579 -0.0439898 : 0.3
0.0821692 0.659732 0.304588 0.612854 0.304701 -0.111316 -0.338594 1 0.206228 : 0.3
-0.0211961 -0.332585 -0.19447 -0.19559 -0.879488 -0.367346 -0.710558 -0.309106 0.0679666 : 0
0.696346 0.0974464 0.0435044 0.100288 -0.265467 1 0.213447 0.0811269 -1 : 0
0.529252 0.659418 -0.0227467 0.300372 -0.562093 0.133148 0.0737187 -0.581663 0.1567 : 0
0.28988 0.688312 -0.178204 -0.0562926 0.256642 -1 0.127321 -0.0946825 -0.0645331 : 0.4
-1 0.754191 0.264376 -0.509348 -0.320458 0.318449 0.00468263 0.175507 0.17817 : 0
-0.284937 0.606302 -0.13331 -0.454384 0.833046 0.0952217 0.497385 -0.154159 0.129265 : 0
-0.439293 0.103577 0.0370885 -0.942732 -0.346397 -0.0630194 0.163163 -0.204197 -0.0725875 : 0.1
0.163547 0.413665 0.221195 0.663303 0.602134 0.0633122 -0.0604672 0.130382 0.129799 : 0.1
-0.715306 1 -0.0490051 0.0813973 -0.017713 0.310117 -0.507152 0.245626 0.178155 : 0
-0.130903 0.334254 -0.12747 -0.180322 0.84346 0.520934 0.147469 -0.0924725 0.327685 : 0.3
-0.0281865 0.66381 1 0.161272 -0.00730784 -1 0.15281 -0.00292158 0.334435 : 0
0.161189 0.217663 0.381375 -0.904141 0.107448 -0.957305 -0.691306 0.0288334 0.63334 : 0
-0.795719 0.492079 0.3993 -0.330429 -1 0.935482 0.0474145 0.126957 0.105157 : 0.1
0.389332 0.0139306 0.177184 0.283013 -0.040904 0.163487 -0.357882 0.156148 0.3822 : 0
0.0734836 0.655019 0.355916 -0.282806 0.213732 0.947894 -0.20884 -0.0731088 0.29317 : 0.3
0.0481957 1 0.0477429 0.246872 -0.601963 0.235995 0.133792 0.229987 0.0223851 : 0
0.202827 0.947588 0.48888 -0.37606 0.849591 0.138109 0.066345 -0.567156 0.328323 : 0.1
0.483149 0.552631 0.193367 -0.381702 0.0424207 -0.824605 -0.09391 -0.0123472 -0.095818 : 0
-0.114188 0.732345 0.407628 0.235537 1 0.172356 0.162793 0.0260031 0.0784487 : 0
-0.754801 0.688948 -0.229908 -0.956568 -0.214646 0.0840194 0.210133 -0.35553 -0.107003 : 0
0.0559468 0.235212 0.208898 0.398928 0.313037 0.601953 -0.0963645 0.271001 -0.0743523 : 0.3
0.107663 0.201231 -0.243374 0.285724 0.0974251 -0.158034 0.0161306 0.00320019 0.705073 : 0
-0.850909 0.301386 -0.223894 0.532037 -0.300324 0.389593 0.412977 1 0.28867 : 0
-0.262703 0.247901 0.319265 0.0780207 0.143228 0.153584 -0.00337892 -0.113439 0.934855 : 0
0.718424 0.314268 0.717371 0.119188 -0.183001 0.665262 0.210808 -0.149814 -0.284662 : 0.1
0.548187 0.275404 0.106185 -0.646857 0.289106 0.00697073 -0.0670216 0.826117 0.259681 : 0.7
-1 0.55359 0.10714 -0.154692 0.123101 0.581793 0.0159242 -0.159027 -0.0392026 : 0
0.845435 0.736319 0.0690221 -0.663109 -0.784237 -0.478122 0.401612 -1 0.100366 : 0
-0.0946068 0.127219 0.019479 0.250491 0.657574 1 -0.627101 0.293997 0.0967017 : 0.3
-0.92694 0.569753 0.211335 -0.35754 -1 1 0.338251 -0.158644 -0.16547 : 0
-0.0557516 0.676214 0.693188 -0.498342 0.238232 0.5947 -0.12874 0.209131 0.530499 : 0
0.161479 0.953379 0.485663 0.196444 -0.154904 -0.0327078 0.0785216 0.141978 0.237125 : 0
0.18734 -0.326881 0.312831 -0.789661 0.0788252 0.181029 0.051094 -0.193415 0.614593 : 0
-0.0243479 0.54436 -0.0458679 -0.197642 -0.165504 0.354225 0.126632 -0.326031 -0.598172 : 0.3
-0.113377 0.188308 0.137962 -0.178523 0.727881 -0.384466 -0.0333668 0.497177 0.15809 : 0
-0.0428655 0.410078 0.779552 0.262656 0.124047 -1 0.355453 0.0335754 0.115265 : 0
-0.329453 0.101618 -0.284294 -0.458383 -0.252638 0.179174 0.167343 0.39609 -0.169365 : 0
0.212728 0.828351 0.176243 -0.513026 0.701843 0.450751 -0.124422 -0.306612 0.0515797 : 0
-0.105195 0.648587 -0.202885 -0.145052 -0.779989 0.1335 -0.00263916 0.121363 0.169118 : 0.2
-0.591766 -0.341261 -0.540049 0.196394 -0.16933 0.322045 0.232892 0.0304917 -0.336389 : 0
-0.0977244 0.213222 -0.156164 -0.0968294 0.128366 0.653932 0.105876 0.066605 0.495348 : 0
-0.208154 0.268517 -0.461246 -0.538663 -0.152888 0.029141 0.363434 -0.227407 0.482326 : 0.4
-0.350966 0.035821 0.0659458 0.173419 0.420869 -0.173357 0.0389691 0.10187 -0.182731 : 0.1
0.108305 0.739543 0.618129 1 0.266574 0.21486 0.424758 0.00777517 0.22449 : 0
0.000495911 0.771983 -0.127893 0.265689 0.0966493 -0.137608 0.17247 0.0675484 0.261202 : 0
-0.277773 0.33307 -0.230034 -0.190909 0.00047043 -0.104263 0.253031 0.0410841 -0.123488 : 0
-0.144112 -0.436041 -0.421297 -0.182237 0.0539321 0.00745316 -0.102474 0.782415 0.22318 : 0.1
0.498389 0.283325 -0.187012 -0.823162 0.275869 -0.174281 0.376957 0.0756315 -0.071001 : 0.3
-0.315078 0.297425 0.730407 0.595182 0.334565 0.174096 0.452175 0.10189 0.110573 : 0.1
0.522344 0.197205 0.458475 -0.394251 0.372551 0.536944 0.114247 0.00523818 0.11036 : 0
-0.198045 0.177846 0.0845244 0.880403 -0.607819 0.353591 0.0863573 0.144632 0.272389 : 0
-0.432411 0.780594 0.244979 -0.159039 -0.638511 0.7744 -0.169988 0.00760175 0.683302 : 0
-0.686186 0.793385 -0.0141225 -0.650796 0.0256373 -0.353622 0.395469 -1 0.0594166 : 0
-0.386589 0.935586 0.21391 -0.124564 0.107065 -0.0240252 -0.068955 0.607643 0.0854666 : 0.1
-0.415637 -0.234248 0.607495 -0.237289 -0.044831 -0.148375 -0.10937 0.00821486 0.103731 : 0
0.0573314 -0.229978 -0.0577056 0.0247326 0.160381 -0.0192829 -0.0243768 0.127985 0.0443558 : 0
-0.225101 0.341256 0.046065 -0.153303 1 -0.363717 0.198557 0.167871 0.281702 : 0.1
0.289531 -0.503121 0.28554 0.908876 -0.451689 -0.0366426 0.1185 1 0.286586 : 0
0.774372 -0.182091 0.144567 -0.116609 1 0.413856 0.0486461 0.294905 0.103092 : 0
0.22215 0.468132 0.494174 -0.623446 0.0653552 0.362504 -0.0249019 0.0338486 0.224946 : 0
-0.225078 0.442313 -0.209491 0.778545 0.0859302 -0.16279 -0.0227095 0.0753001 0.0531077 : 0.3
0.427046 0.251547 0.0465899 -0.0156961 -0.0230725 -0.0848854 0.0445029 0.130126 0.370911 : 0
-0.290579 0.0927268 0.158232 -0.408173 0.441327 0.0581995 -0.0238572 0.0514213 0.632298 : 0
-0.475418 0.576033 -0.0460706 -0.819958 0.0611424 -0.717339 -0.416151 -0.0682239 0.429441 : 0
0.193461 -0.209141 0.371567 -0.310525 0.0474824 0.136972 0.0339734 0.210784 0.301325 : 0
0.14616 0.226953 0.520182 0.652616 0.0500032 -0.224736 0.134686 0.211723 0.899802 : 0
0.503266 0.321123 -0.000899315 0.250733 0.0658596 0.118542 -0.133356 -0.0637293 0.343362 : 0.4
0.0769775 0.459528 -0.0966264 -1 0.46731 0.153292 0.348038 0.322023 0.233935 : 0.1
-0.923521 0.578751 0.13694 -0.117112 -0.155405 0.297194 -0.238206 -0.0134268 0.199446 : 0
0.22756 0.538732 0.0896831 -0.0116875 -0.271624 -0.096626 0.460304 0.200339 0.0390031 : 0
0.334584 1 0.3929 -0.0735533 0.113859 -0.0946853 0.126175 0.027108 0.105394 : 0
0.182934 0.176002 0.5926 0.605505 -0.00890011 0.26039 0.0511861 -0.524109 0.352131 : 0
0.239746 0.376312 -0.21222 -0.0961626 0.281816 -0.613785 -0.224744 -0.109368 0.291635 : 0.3
-0.325927 0.522388 0.211512 -0.455222 0.172949 0.0267422 0.356739 0.290365 0.319594 : 0
0.641299 0.493074 0.223444 -1 -0.317428 -0.0484415 0.479635 -0.118191 0.00629798 : 0.1
0.132359 0.0649407 0.130568 -0.656719 -0.148838 0.207151 -0.151697 0.194849 0.0846511 : 0.1
-0.320931 0.0744011 0.392407 -0.0850722 0.662957 -0.0749838 0.200954 -0.0339201 0.411109 : 0
-0.686403 0.636053 -0.116796 0.100791 0.471494 0.170785 0.132223 -0.123277 0.0906576 : 0.2
0.105299 -0.423677 0.470348 0.168135 1 -0.569404 0.119267 0.0624553 0.191234 : 0
-0.477685 0.230385 0.349654 -0.374505 -0.0970791 0.180718 0.0726558 -0.248915 0.58229 : 0
-0.307757 0.159137 0.208625 0.0601524 0.462844 0.305845 -0.22021 -0.0998304 -0.182505 : 0
-0.238785 0.699017 0.278085 0.747419 0.17365 -0.163814 0.0345519 -0.0170209 -0.0531744 : 0
0.183433 0.262304 0.591924 0.738373 -0.0916957 0.109145 0.113029 0.0151898 0.221137 : 0.2
0.0705629 0.860044 -0.128129 0.358424 1 0.371557 -0.0484855 0.0963037 0.310751 : 0
-0.298063 0.901852 -0.241059 -0.248555 -0.00742571 0.313802 -0.493556 0.646151 0.02535 : 0
0.48383 0.506307 0.103506 0.124912 -0.436627 0.31438 -0.0666053 0.0194112 0.527488 : 0
0.541345 -0.0765421 -0.18368 -0.0527166 -0.0295155 -0.0678928 0.502132 -0.00965565 0.171084 : 0.4
-0.357871 0.598512 0.47637 0.0997185 1 0.355656 -0.0840015 0.200989 0.112591 : 0
0.238898 0.123571 -0.0220407 -0.339949 -0.139535 0.367818 0.0400087 -0.0939924 0.353073 : 0
-0.291012 0.188914 -0.153186 -0.613141 0.0967754 0.436244 -0.583806 -0.0250684 0.636261 : 0.1
-0.486006 0.541575 0.401316 -0.491093 0.524285 0.499773 1 0.0206178 0.185333 : 0
-0.368127 -0.00472951 0.106958 0.744374 -0.0149626 -0.544348 -0.044414 0.144694 -0.206675 : 0
0.0847473 0.384505 0.287798 0.583825 -1 -0.310057 -0.249174 0.0437942 0.11615 : 0
-0.206717 0.972729 0.0598825 -0.188232 0.448261 -0.169812 0.156597 0.181781 -0.704897 : 0
-0.11563 -0.585167 0.248796 -0.0664145 -0.949691 1 -0.231125 0.186919 0.043062 : 0.1
0.138801 0.405861 -0.279221 -0.515639 -0.623264 0.114043 0.145436 0.0323618 0.151534 : 0
0.0808882 0.135867 0.776545 -0.393156 0.0192484 -0.407691 0.504071 0.193048 0.0768825 : 0.4
0.0642789 0.154993 0.417454 0.359614 0.205828 0.0984453 0.247091 0.160491 -0.0376269 : 0
0.248517 0.656995 0.587035 -0.392246 0.00873102 -0.478907 0.273802 0.749521 0.320418 : 0.4
-0.137883 -0.0947548 0.431287 -0.0101427 0.551846 0.430413 0.128378 0.132682 0.181618 : 0
-0.03529 0.376878 0.120122 1 -0.0290529 -0.780775 0.0906081 0.697974 0.260005 : 0
-1 0.236868 0.160936 -0.0908873 -0.0278144 -0.158226 0.0303189 0.129271 0.330117 : 0.4
0.150924 0.76121 0.0782164 0.107542 -0.358279 -0.425999 0.206672 0.0230741 0.159078 : 0.4
-0.150323 0.199533 0.221112 0.183942 0.0609096 0.816876 0.0551653 -0.144849 0.70825 : 0.1
0.305371 0.135897 -0.163907 -0.0763921 0.257459 0.152538 -0.0743237 1 0.329337 : 0
0.0629174 0.189852 -0.137724 0.0763077 0.32819 -1 0.203124 -0.234156 0.227703 : 0.2
0.119374 -0.638012 0.47696 -0.386307 0.072655 0.108518 -0.54443 -0.0679516 0.162848 : 0.1
0.500115 0.185822 0.0652746 -0.406729 -0.280389 0.658731 0.156596 0.288603 0.414665 : 0
0.146211 0.0833657 1 -0.563701 0.107685 -0.405903 0.075155 -0.237595 0.0793148 : 0.2
1 0.592806 0.207457 -0.0780361 -0.257455 -0.123935 0.176118 -0.0529001 0.147351 : 0
-0.0251195 0.642855 0.300286 -0.0811898 -0.26916 0.139596 0.117384 0.426932 -0.439218 : 0
0.424931 0.657952 0.750566 -0.512822 0.191221 0.6145 -0.158497 1 0.178054 : 0.1
0.0887046 0.21785 0.498673 0.252404 0.153265 -0.216594 0.769424 0.119083 -1 : 0
-0.106901 -0.234401 0.91168 0.404943 -0.0642097 0.604222 0.0999088 0.634918 0.153836 : 0.6
-0.0982273 0.277157 0.180719 -0.175572 -0.230648 0.551491 -0.117097 0.125405 0.842684 : 0
-0.330789 0.0672491 0.0784481 -0.199185 0.348018 0.175481 1 0.307944 0.253278 : 0
0.0107169 1 0.621543 0.220881 0.0125273 1 0.183615 -0.679717 -0.916855 : 0.1
0.313679 0.286031 -0.0935172 -0.984706 -0.0628161 -0.773371 0.254424 -0.0733464 0.00462806 : 0
-0.89062 0.379852 0.143603 -1 0.3181 0.164457 -0.0588045 -0.0453235 0.48547 : 0
0.249236 0.0548018 0.181403 0.060484 0.308024 -0.783899 0.0791906 -0.00089889 -1 : 0
-0.43203 0.378074 0.86197 0.324705 -0.087088 0.410849 0.335778 -0.224684 0.0288363 : 0.2
0.0405586 0.229726 0.00116815 0.0199673 0.750679 0.113953 0.217711 0.861519 -0.0651953 : 0.1
-0.110454 0.438749 0.683567 0.0810753 0.0494092 0.178734 0.148477 0.0219293 0.131708 : 0.5
-0.00115471 -0.131188 -0.281775 -0.398996 0.160983 -0.33402 0.351044 0.20626 1 : 0.1
0.769843 0.994983 -0.166223 0.815114 0.0200105 -0.0564251 -0.185504 -0.0603031 0.618599 : 0.3
-0.0140996 0.0769238 0.493154 -0.174511 -0.342296 0.34806 -0.283856 0.417381 0.133448 : 0
0.343158 0.406425 0.406615 -0.150359 -0.345207 0.36485 -0.271893 0.228172 -0.0808157 : 0
0.202561 0.742903 0.139088 0.647207 0.193185 0.439597 0.219957 -0.187809 0.149197 : 0.3
0.0510473 -0.334839 0.512826 0.0533955 0.500024 0.0381548 0.141667 0.0901623 -0.14779 : 0
-0.0432748 0.641138 0.101583 0.487378 0.0889983 -0.410528 -0.449335 0.168999 0.0760556 : 0.1
0.408557 0.559113 0.375978 0.439869 0.288067 0.46023 0.952998 0.403397 0.143807 : 0.1
-0.000654042 0.296224 0.744484 -0.46283 0.0652871 0.259468 0.698774 -0.0896296 0.920189 : 0
-0.154319 0.267016 0.0764317 1 0.287204 0.143737 -0.172273 0.187854 0.939085 : 0
0.279435 0.261851 0.427014 0.260626 -0.19079 -0.104992 0.0199773 -0.0995293 0.244535 : 0
0.155909 0.432593 0.42781 -0.399124 0.0644577 1 -0.0803796 0.115689 0.152759 : 0.4
0.0291327 0.0939313 0.154637 0.310068 -0.016439 0.0372365 -0.616895 -0.0638837 0.10026 : 0
-0.0152715 0.259998 0.124831 -0.293727 0.0291891 -0.73716 -0.059984 -0.366983 0.150598 : 0
0.242922 0.285868 -0.0881471 0.0475167 -0.286518 -0.291481 -0.0349545 0.412594 -0.040012 : 0
-0.055547 0.857365 0.0610698 0.884827 0.234476 -0.140381 0.117096 0.0328525 -0.0924587 : 0
-0.246553 -0.870336 0.42327 -0.317005 -0.105057 0.230529 0.10993 0.13541 0.418018 : 0
-0.177632 0.564508 -0.419744 -1 0.0504719 -0.609773 0.186642 0.621804 -0.591332 : 0.2
-1 0.807777 -0.709544 -0.220022 0.0915476 -0.0804435 -0.087195 0.0905516 0.10565 : 0
0.275226 0.454105 -0.197228 -0.571421 0.497873 0.290259 0.328313 0.250471 0.154396 : 0
-0.386785 0.549089 0.254512 -0.202363 0.207165 -0.708567 0.146118 -0.0455384 0.410322 : 0.4
0.502197 0.773581 0.0814935 0.381879 -0.803706 0.350846 0.256672 0.126706 0.135817 : 0
0.126937 -0.179151 0.185639 -0.158925 0.19157 1 -0.310144 0.103082 0.0734265 : 0.1
-0.309127 0.115595 -0.161966 -0.0587111 -0.0932168 -0.0461437 -0.0350173 -0.63428 -0.699182 : 0.2
-0.17121 0.537752 0.0405081 0.438169 0.50136 0.306496 -0.231855 0.2149 -0.014282 : 0
-0.174905 0.441847 0.462512 -0.198181 0.921364 -0.450995 0.0585846 0.223928 0.0613593 : 0.4
0.0604688 0.676606 -0.267112 -0.1266 0.23086 -0.232222 0.416374 -0.0761967 0.292664 : 0.2
-0.980562 0.757151 -0.0617089 -0.153885 -0.367137 0.0642204 0.64039 -0.114906 0.0810408 : 0.3
0.127965 0.932935 -0.370183 -0.400619 0.460564 0.48543 0.03907 0.390623 0.338297 : 0.4
-0.70166 0.606462 -0.0097165 0.984965 -0.0931193 0.309757 0.148187 -0.124802 1 : 0
-0.222326 0.555283 0.81455 -0.709056 -0.635227 0.31719 -0.501353 0.628407 0.797917 : 0.2
0.0719701 0.15151 -0.227976 -0.0665131 1 0.277038 -0.0412242 -0.470721 0.232464 : 0
-0.319512 0.491517 0.44556 0.215904 0.0394507 -0.786936 0.644474 -0.953994 -0.490436 : 0.1
-0.0965731 0.745286 0.35985 -0.37891 0.332164 0.270096 0.274373 0.249469 0.285324 : 0
-0.271934 0.247295 0.252976 -0.0238412 -1 0.436022 0.33052 -0.104868 1 : 0
0.0153145 0.305442 -0.0889842 0.291453 0.0327323 0.733348 1 -0.0547941 0.166352 : 0.4
0.0947126 0.150028 0.539112 1 -0.0232659 0.0241448 0.488839 0.313904 -0.667684 : 0.1
0.163343 0.285023 -0.0551817 0.560043 0.975189 0.143453 -0.510116 -0.359827 0.754064 : 0
-0.00972811 0.216043 0.140139 -0.240942 0.39177 -0.224118 0.227748 0.293395 -0.0614071 : 0.5
-0.685799 0.298461 -0.0961681 -0.276959 0.240456 -0.591614 0.204367 -0.3612 0.642462 : 0
-0.226575 -0.229516 1 0.101588 0.162272 0.763545 -0.00203791 -0.0330113 0.477608 : 0
0.0318087 1 0.79274 0.811926 0.0855285 0.267863 0.276238 0.419553 0.419638 : 0
-1 -0.767019 0.18262 0.604877 -0.625941 0.51525 0.0456419 0.34908 0.0033967 : 0.1
0.1756 -0.247995 0.4153 -1 0.282484 -0.232371 -0.129452 -0.0833439 0.11432 : 0.2
0.26096 0.296053 0.323957 0.119957 -0.522536 0.432903 -0.749273 0.234786 0.428045 : 0.1
-0.0226987 0.264414 0.326425 -0.641426 -0.225501 0.171592 0.135675 0.0301567 0.105028 : 0.1
-0.198207 0.889471 0.33905 -1 -1 0.531467 0.0906435 0.146788 -0.186989 : 0
0.174463 1 0.325211 -0.353913 -0.0361737 1 0.573424 0.0635773 -0.277254 : 0
-0.0791456 0.10152 0.0507154 0.0757519 0.814128 0.246037 0.413229 0.164895 0.786654 : 0.1
0.058778 0.0188376 -0.392276 -0.47086 0.323776 0.34508 -0.294756 0.0797794 0.176191 : 0.1
0.0507895 0.413473 -0.342277 0.130153 0.0891821 -0.563009 0.590635 0.577272 0.555808 : 0
0.473818 0.62398 0.0887316 -1 -0.171218 0.0309281 0.331825 0.152616 -0.876171 : 0
0.346408 -0.239605 0.594493 -1 0.0280856 0.421599 0.317579 0.0925574 0.238793 : 0.4
-0.313759 -1 0.012268 -0.29683 -0.177583 -0.131352 -0.0666858 0.0617434 0.171277 : 0
0.474278 0.799316 -0.0924209 -0.339428 0.251655 0.33263 -0.212523 -0.232054 0.247 : 0
-0.0512258 0.795363 0.304779 -0.239776 0.230675 -0.328929 0.147958 0.211253 -0.507764 : 0
-0.044779 0.712969 -0.0118741 0.351687 -0.226036 0.524299 -0.0504743 0.423484 0.144921 : 0.5
-0.178849 0.258825 0.0828271 0.327197 -0.279999 0.658778 0.335572 0.419657 0.403702 : 0.3
-0.786882 0.54421 0.250642 -0.133224 -1 0.755774 0.229703 0.230973 0.186411 : 0
0.162798 0.128971 0.0373273 -0.0621899 0.358378 0.319645 0.476237 0.286679 0.108296 : 0
-0.426738 0.0846581 0.418251 0.0588961 -0.0776572 0.464837 0.054378 0.00961999 -0.342523 : 0
-0.501642 1 1 0.27584 -0.395592 -1 -0.278365 0.114606 0.194413 : 0.2
-0.110114 0.353991 0.0989587 0.000797004 0.121872 -0.087428 0.037787 0.664603 0.3604 : 0.5
-0.0273394 0.4944 -0.0280677 0.822723 0.0160081 -0.258312 0.265817 -0.167045 0.108496 : 0.5
-0.65833 0.212221 0.773669 0.120072 0.0316544 -0.0700936 -0.137593 -0.221007 -0.190622 : 0.3
-0.607015 0.646232 0.0294789 0.260815 -0.16845 0.300484 0.355078 0.0270754 -0.285264 : 0
0.226051 0.661873 0.00396886 0.177344 -0.2768 0.215188 -0.0162598 -0.242977 0.742516 : 0
-0.830872 0.696643 -0.134153 0.158336 -0.687555 0.524795 0.0863248 0.194617 -0.19612 : 0
0.229508 0.310976 -0.158392 -0.290607 -0.440101 -0.0847307 0.038542 0.0232555 0.313621 : 0
-0.306908 0.573186 0.772128 0.222202 0.636519 -0.0440838 0.0959127 0.21471 0.386279 : 0
0.321462 0.325939 0.0043125 -0.368462 0.0400042 0.318282 -0.0171848 0.0226476 0.397803 : 0
-0.109821 0.327823 0.576077 -0.0122354 -0.106074 0.437194 0.0530797 -0.0700377 1 : 0.3
-1 0.374666 -0.879923 0.13202 -0.227722 0.343999 -0.327156 -0.0573699 -0.0700137 : 0.2
0.0620585 0.140185 0.144416 -0.349408 -0.181849 -0.0381539 0.883242 0.183282 0.0633579 : 0
-0.250424 0.261325 0.600196 0.512251 0.535247 -0.0629159 -0.106025 0.215927 -0.189188 : 0
-0.809278 0.435168 0.129287 0.117277 0.0417142 -0.281453 -0.120224 0.0122987 0.151403 : 0.1
1 0.617872 0.113688 -0.660861 -0.176031 0.217825 -0.00706316 0.1431 0.764255 : 0.1
-0.318761 -0.888431 0.278722 -0.255613 0.617405 0.511478 -0.132048 0.105563 0.456038 : 0.4
0.732959 -0.137327 0.435734 -0.940381 -0.286896 0.75681 0.138425 0.13706 0.1109 : 0
0.0584316 0.289793 0.321371 0.147323 0.249634 0.569813 0.234338 0.504315 -0.639637 : 0
-0.470775 -1 0.397882 6.52671e-05 0.618689 -0.151242 0.0860013 0.970845 0.118367 : 0
-1 0.379984 -0.0156982 -0.203692 -0.0754193 0.222959 0.149622 0.0702867 -0.1713 : 0.3
0.211285 0.133699 -0.0934577 0.506107 0.516314 0.434468 0.554398 0.206186 0.660955 : 0
0.459602 0.579209 0.549936 0.141594 -0.121619 -0.0373352 0.0252479 -0.041187 0.121477 : 0
0.0788991 -0.0955516 -0.0364063 -0.34299 0.753812 0.0849877 -0.0766026 -0.0515368 0.400102 : 0
0.0630653 0.616218 0.0137221 -0.623935 0.131778 0.393245 0.121348 0.0410425 0.276308 : 0
0.0964476 0.0724726 -0.253352 -0.537763 -0.216992 -0.0138928 -0.0305859 0.35351 0.00442564 : 0
-0.0348551 -0.103225 0.122428 0.370454 0.202552 0.305551 -0.0154729 0.118783 -0.0307347 : 0
-0.886589 -0.0430657 -0.229208 0.36021 -1 0.163893 0.031167 0.183635 -0.0525362 : 0.1
0.0917051 0.335361 -0.415293 -0.459881 0.0222898 0.918314 0.220596 0.103189 -0.192541 : 0
-0.862192 0.572773 -0.0861567 -0.409213 0.198046 0.399257 0.124284 -0.0339147 0.190845 : 0.4
-0.124332 0.315446 -0.0736248 0.112005 0.340091 -0.179941 0.118983 0.1657 -0.586722 : 0
0.778687 0.506514 0.272408 -1 0.25333 0.484858 0.127846 0.0211431 0.913778 : 0
0.294299 -0.121748 0.0392922 0.391849 -0.549829 0.322799 -0.0380012 0.531172 0.731576 : 0
-0.442428 1 -0.553526 0.233963 0.0880933 -1 0.509747 -0.285491 0.19736 : 0.3
0.214961 0.995246 0.185792 0.0394783 -0.645738 1 0.258492 0.235682 0.21061 : 0
-0.57967 0.648431 0.0523927 -0.110958 -0.0597127 0.100125 0.216637 -0.0297475 0.15737 : 0
-0.0923301 -0.125324 0.650846 -0.423612 -0.419774 0.2784 -0.0223975 0.158767 0.114908 : 0
0.0552094 0.240544 -0.500566 -0.0966529 0.0777632 0.140227 0.74298 0.797971 0.420747 : 0
0.0178078 0.544051 0.0440531 -0.81141 0.551828 -0.219695 -0.175262 -0.146967 -0.315619 : 0
0.00623536 0.321839 -0.118653 0.0272098 -0.725754 0.278495 0.00718467 0.0224564 0.21228 : 0
0.340885 0.123785 0.0974824 -0.0689588 -0.600483 0.279867 -0.012601 0.0797027 0.454571 : 0
-0.0280326 0.991877 0.164062 -0.847359 0.201321 -0.162966 -0.198585 0.255441 -0.23893 : 0
0.123562 0.453694 -0.119476 -0.6091 0.532893 -0.0172572 0.357918 0.0519543 0.46251 : 0
-0.0148981 0.814989 0.208343 -0.565391 -0.119919 0.768333 0.259479 -0.0240978 -0.110871 : 0.4
0.546231 -0.085378 -0.0787655 0.412059 -0.566454 0.039977 0.0401368 -0.0279186 0.180412 : 0
-0.783406 0.574504 0.270134 0.380314 -0.54424 0.423121 -0.491698 0.262659 0.136208 : 0
-0.553058 -0.290917 0.346894 -0.241256 -0.421044 0.265025 0.0631039 0.104868 0.173323 : 0
0.292803 0.48034 -0.0715703 -0.409082 0.108159 -0.462792 0.174276 -0.0130584 0.14921 : 0
-0.205952 -0.00276318 1 -0.0607613 0.196883 0.197152 0.271212 0.0429888 0.635541 : 0
-0.135166 0.425142 0.0363178 1 0.607334 0.358113 0.221121 0.55626 0.282724 : 0
0.325272 0.166754 0.0182778 0.115175 0.496337 0.238015 0.0371458 -0.0132089 -0.0902082 : 0
-0.843425 0.823372 -0.00913715 -0.211268 0.0346671 0.183885 0.398521 -0.270538 -0.308358 : 0.2
0.534793 0.269342 0.178765 -0.121926 -0.265314 0.838585 0.212369 0.0469659 0.5441 : 0
0.0406179 0.79665 0.414638 0.167039 0.384457 0.739485 -0.100089 0.562475 0.239508 : 0.4
0.311107 0.203217 0.357759 0.195047 -0.0998623 -0.164511 0.377028 0.318606 -0.388907 : 0
-0.672211 -0.496688 -0.446754 -0.226165 0.294483 -0.178408 0.0591808 0.181239 0.207121 : 0
-0.178084 0.118142 0.82321 0.185443 0.240605 0.285082 0.426284 0.572091 0.288477 : 0.4
-0.0267873 0.257249 0.233099 0.716078 -0.401585 0.0702676 -0.0834457 0.938952 0.522798 : 0
0.555458 0.609672 0.0784352 0.122807 0.782468 -0.160297 0.00213653 -0.215536 0.679814 : 0
-0.222214 0.181964 -0.239585 -0.310086 0.798383 -0.073202 -0.67536 0.0771769 0.36079 : 0.5
-0.499743 0.614211 -0.150636 -0.202617 -0.226019 -0.392203 1 0.49289 -0.532133 : 0
0.150239 -0.202517 1 -0.518811 -0.124319 0.232612 -0.114464 0.49641 0.307203 : 0.1
1 -1 -0.0568122 -0.0754237 0.0587714 0.658037 0.230468 0.22968 0.167396 : 0.5
0.0780556 0.969936 0.155732 -0.500605 0.398685 0.320573 -0.00142118 0.449918 0.0979663 : 0.5
-0.0646124 -0.0881283 0.360642 -0.418745 0.533651 0.68401 0.110291 1 0.275777 : 0.7
-0.0751179 0.0449926 0.0485727 -0.264643 0.0946539 -0.179988 -0.110909 0.0253109 0.071318 : 0.5
0.371364 0.546463 0.278539 -0.265657 0.536037 0.00106347 -0.0562068 -0.0354753 0.346729 : 0
-0.298622 0.674568 0.0830967 0.241865 0.564253 -0.504602 0.337692 -0.363692 0.203511 : 0
-0.0487942 0.648019 0.0167378 -1 0.0243756 0.242665 0.249811 0.228494 0.360412 : 0.1
0.392135 0.328026 -0.334985 -0.2902 0.0793138 0.0481598 0.139537 0.129963 0.273115 : 0
-0.162472 0.560659 0.359861 -0.200718 0.696852 -0.480149 0.120787 0.581282 -0.0386127 : 0
-0.00922078 0.427076 0.324007 0.363721 1 0.28665 -0.0507241 -0.169118 0.129867 : 0
0.194155 1 0.234247 0.184732 -0.722633 0.387112 -0.0171051 0.327998 0.0160311 : 0
0.201931 -0.181314 0.065752 -0.369291 0.0252628 -0.316541 -0.0606864 -0.108859 0.0978773 : 0.1
-0.299628 0.670436 0.926266 -0.159335 -0.0360761 0.174652 -0.011142 -0.061749 -0.270361 : 0
0.208039 0.66268 0.656054 -0.315075 -0.215577 -0.498564 0.195851 -0.0614904 0.123914 : 0
0.535819 0.228007 -0.214039 0.48248 -0.139867 0.0560478 0.284204 0.119825 -0.0124787 : 0
0.0473067 0.31002 0.581888 -0.262778 0.210947 0.00333647 -0.182237 -0.881834 0.154226 : 0.1
0.00952411 0.590579 -0.0419815 0.367485 0.472324 -0.133613 0.169991 -0.0645981 0.700226 : 0
0.0295531 1 0.289796 -0.0564036 -0.166579 -0.326586 0.215247 -0.170106 0.168384 : 0.1
0.327226 0.0362255 -0.0305649 0.058593 0.236131 -0.681603 -0.218342 0.115402 0.474346 : 0
0.26694 1 0.183316 -0.55597 0.0406463 -0.0557306 -0.0937801 -0.075571 0.142532 : 0
0.43608 0.664788 0.115531 0.647411 0.414286 0.420358 -0.059876 0.380385 0.0678661 : 0
-0.0948751 0.432606 -0.190313 -0.258363 -0.200429 0.426899 -0.165807 0.436687 0.373877 : 0
0.00724149 0.170779 -0.0684381 0.127625 0.0596782 0.580037 -0.509358 0.0251948 0.193012 : 0
-0.0522968 0.175492 -0.0397422 -0.337606 -0.918241 1 -0.439886 -0.255342 -0.141037 : 0.2
0.415472 0.505238 -0.00098291 0.159311 0.290614 -0.0195225 -0.0493642 0.102808 0.443213 : 0.1
0.369528 -0.904729 0.289559 0.835881 0.724933 0.557917 -0.0826994 -0.00697858 0.159342 : 0.3
0.227908 0.0857624 0.810157 0.400539 1 -0.0533772 -0.103803 -0.0808605 -0.00165766 : 0.1
0.406351 -0.448225 -0.14831 -0.898688 -0.37719 -0.872244 0.0160782 0.13557 -0.177418 : 0
0.16679 0.475016 0.354376 -0.0248794 0.299968 0.331058 -0.26936 0.20009 0.63235 : 0
0.260766 -0.034795 -0.0338701 -0.555413 -0.0835573 0.09842 -0.372361 -0.411966 0.159868 : 0.2
-0.041367 0.626634 0.448079 -0.308988 0.0471211 0.587927 -0.0945502 -0.160498 -0.0059763 : 0.4
-0.34969 0.586135 0.451433 1 -0.0137895 0.294499 0.568059 -0.139117 0.394007 : 0
-0.470138 0.670765 0.0234504 -0.820839 0.40413 -0.128217 -0.250486 0.173082 0.142131 : 0
0.0698865 0.542821 0.736588 0.886006 0.178754 0.332919 -0.367051 0.394493 0.376911 : 0.4
-0.0445745 -0.0117342 0.291975 -0.115415 0.181641 -0.45571 0.276997 0.0987223 0.468685 : 0
-0.013008 0.949148 0.353219 -0.468278 0.432257 -0.308411 0.0242772 -0.0675884 0.461724 : 0.4
0.0334063 0.349091 0.329816 0.530239 -0.42456 0.249874 -0.222386 0.176138 1 : 0.2
-0.0745633 -0.0580097 0.52824 0.0378121 0.250724 0.625553 0.418176 -0.14181 0.844121 : 0.2
-0.221419 0.623994 0.114518 -0.151749 0.17308 -0.208731 0.012666 0.10357 0.245962 : 0.4
-0.700173 0.537341 0.26809 -1 0.0928108 -0.52245 0.448634 -1 0.28575 : 0
-0.186908 0.260848 0.193138 0.31172 0.42793 -0.0990521 0.0497012 0.2696 1 : 0.1
0.549346 0.356196 0.600181 -0.171349 -0.165536 0.504624 0.0845712 0.0206301 0.140166 : 0
-0.212785 0.769303 0.382671 0.0431465 0.781713 0.00734112 0.363179 0.00610379 0.310035 : 0.4
-0.255703 0.142238 -1 -0.616715 -0.129207 0.00658223 -0.301593 0.0585107 0.210691 : 0
-0.18414 0.651685 0.633942 0.47232 0.438935 0.349633 0.00138521 -0.379106 0.273936 : 0
0.186699 0.232575 -0.128948 0.240297 -0.320751 0.222738 -0.221112 -0.0766876 0.1938 : 0.3
-0.487728 0.422511 0.576349 -0.38392 0.297635 -0.100526 0.144922 -0.44055 0.211595 : 0
-0.317497 0.0194441 0.0381328 -0.0399455 0.584299 -0.274994 0.172745 -0.469375 0.25054 : 0.4
0.127491 0.216204 -0.0927325 -0.20016 0.15486 0.443493 -0.389618 0.279353 0.187328 : 0.4
-0.0710824 0.976136 0.188888 -0.213263 0.287044 0.157843 -0.0449989 0.213705 0.543934 : 0.5
-0.186083 -0.092013 0.237106 1 -0.0818975 -0.219159 0.251673 -0.171022 0.358728 : 0
0.0834696 0.716186 1 0.257383 0.317502 0.146392 -0.127562 0.364766 0.006446 : 0.3
0.225319 0.342405 0.445732 0.787221 -0.35879 -0.0799449 0.123034 0.0649873 0.213394 : 0
0.116922 0.658224 0.0578199 -0.37466 0.352012 1 0.0177248 0.210228 0.313071 : 0
0.0484941 0.452227 0.350382 0.164483 0.0562212 -0.033143 0.427884 0.109507 -0.0023805 : 0.1
-0.0387584 0.560247 -0.111549 0.702767 0.0598979 0.433074 0.034602 0.372083 0.110925 : 0
0.682408 0.276111 0.822585 -0.455556 0.125486 0.0937796 -0.198343 0.665531 0.251222 : 0.4
-0.545523 -0.355765 0.69931 0.0224222 -0.0168897 -0.978237 0.029058 0.119751 0.0616477 : 0.1
-0.153114 -0.397181 0.0911623 -0.727675 -1 0.28417 0.631403 0.453673 -0.107127 : 0.1
-0.069289 0.830922 -0.168028 0.00721329 0.0357368 -0.30516 0.218717 -1 0.341801 : 0.1
-0.00661811 1 0.158128 0.338032 0.462436 0.635171 -0.550214 0.464928 0.773769 : 0
-0.463361 0.427445 -0.0141668 -0.00358716 -0.121537 -0.0930988 0.0156689 0.291421 -0.180866 : 0.1
-0.406281 0.686212 -0.0104093 -0.545127 0.73081 -0.253384 -0.00477359 -0.0200211 0.137728 : 0
0.130011 0.678903 0.0931689 -0.331201 0.70094 -0.610357 0.0833029 0.234478 0.327711 : 0
-0.136535 0.465449 -0.11145 0.494367 -1 0.134774 0.00220234 0.427394 1 : 0
-0.17415 0.225207 0.500224 -0.577664 0.112311 0.53905 -0.341158 0.100234 0.463351 : 0
0.489184 -0.205783 0.244343 -0.420648 0.121222 -0.163952 0.248045 0.467647 0.0527943 : 0.1
-0.0488673 0.39719 0.0136105 -0.52472 0.504122 -0.108354 -0.0463867 0.270572 0.324895 : 0
-0.143234 -0.0934808 -0.0739981 -0.259562 -0.294783 0.267992 -0.0565526 -0.00944405 0.223446 : 0.2
-0.401286 0.462555 0.301566 -0.511948 0.924627 0.798627 0.114484 0.151922 -0.442169 : 0
-0.173267 0.682514 -0.119327 0.984644 -0.000550378 0.0551194 0.291139 0.0101092 -0.210833 : 0.2
0.104633 0.744235 -0.127962 -0.0355978 -0.854917 1 0.251499 0.281305 0.32678 : 0.3
-0.438489 0.0716145 0.0897609 0.128874 -0.829694 -0.212159 0.409676 -0.428141 0.951072 : 0.3
0.582809 0.378472 0.47323 -0.31553 0.34466 -0.158565 0.0750618 0.0305275 0.381699 : 0.1
0.280637 0.301903 0.408308 0.0795343 0.34444 -0.0314776 0.21625 -0.118194 0.0234119 : 0
-0.437106 0.451883 0.764281 0.150248 0.582476 0.0118337 -0.0330535 -0.497032 -0.150288 : 0
-0.17006 0.33726 -0.168868 -0.208438 0.129057 -0.0730803 -0.123308 0.0470083 0.197061 : 0
0.405705 0.550289 0.689745 0.302479 0.0882188 0.505231 0.0285429 0.542585 0.311905 : 0
-0.309887 0.521983 0.446475 -0.0881559 0.538514 0.100711 0.398457 0.220854 0.880421 : 0.1
-0.669394 0.921012 0.284788 -1 -0.270645 -0.0120952 -0.0579469 0.082696 -0.231121 : 0.4
0.0643919 -0.536929 0.583609 0.0862774 1 0.187985 -0.209466 0.156666 0.515775 : 0.1
-0.505118 0.461894 0.0602347 0.250301 0.0869215 0.412109 0.122401 -0.332491 0.164498 : 0.2
1 0.377943 -0.408157 -0.428776 -0.0592996 -0.476053 -0.112862 0.137342 -0.185771 : 0.1
0.030223 0.615033 0.186163 0.3929 0.227155 -0.0653427 -0.271575 0.360851 0.231777 : 0
0.302447 0.494739 0.116562 0.0256739 0.132643 -0.561582 0.576171 -0.0270272 0.407674 : 0
-0.824229 0.307656 -0.158897 -0.13823 0.160027 0.0884124 0.00343623 -0.4528 0.219361 : 0.3
-1 0.375914 0.530109 0.656496 0.6257 0.767004 -0.53034 0.313465 0.890715 : 0
-0.190145 0.34487 0.28899 0.0519201 0.00860739 0.808161 0.0724699 0.186276 0.386161 : 0.2
-0.582719 0.512695 -0.162308 -0.736499 0.319896 0.127325 0.277721 0.0678391 0.293895 : 0.3
0.122424 0.438517 0.222137 -0.324406 -0.299662 -0.417668 0.591525 -1 1 : 0
1 -0.261288 0.274355 0.000247955 -0.0518402 -0.0299024 -0.494675 0.216201 0.73226 : 0
-0.137686 0.00564961 -0.818943 -0.166722 0.00558676 0.359722 -0.18439 0.756407 0.271052 : 0
0.352322 0.259602 0.587084 0.213901 0.141441 -0.00535163 -0.153213 0.0531818 0.905223 : 0.3
-0.275992 0.289232 -0.0672791 0.0171131 -0.995209 0.466892 0.310932 -0.415729 1 : 0.1
-0.541936 0.451368 0.219686 -1 -0.419354 0.0759441 -0.44819 0.00721335 0.0907811 : 0.4
0.155205 0.642342 0.125528 -0.203224 0.0423351 -0.554505 -0.0527883 0.266463 0.0524293 : 0
0.71091 -0.556232 -0.48084 -0.3096 -0.309669 0.693278 -0.0839482 0.0097555 0.353084 : 0
0.478742 0.41626 0.177783 0.28371 0.0194622 0.688798 0.547431 -0.246009 -0.28208 : 0
-0.501985 0.751265 -0.0830207 -0.618184 -0.0627493 0.559619 0.374651 0.272268 0.146538 : 0
0.217961 -0.655083 0.019168 -0.525849 -0.336971 0.306753 0.285104 0.166418 0.159926 : 0
0.00229517 0.200639 -0.246122 -0.470275 0.957966 0.191675 -0.261326 0.108331 0.0800932 : 0
0.138169 0.0582962 0.622897 -0.761686 -0.0121364 -0.93396 0.0104173 -0.755331 1 : 0.5
-0.0580101 0.54569 0.176523 0.262071 -0.651032 0.580192 0.36173 0.322284 0.0361425 : 0.3
-0.793443 1 1 -0.0509467 0.260856 0.53582 0.113002 -0.087018 0.148431 : 0.3
-0.602579 -0.833796 0.597474 -0.25641 0.0298918 0.0597388 0.223638 -0.105634 0.231512 : 0.1
0.362878 0.122736 0.380286 0.155809 0.946408 0.0289216 0.0993551 0.124719 0.163724 : 0.3
0.234119 0.635488 -0.140599 -0.131408 0.277147 -0.146882 -0.153709 0.617104 0.493958 : 0
-0.457372 0.760268 0.656383 -0.142761 0.457767 -0.336579 0.367389 0.00432511 0.201164 : 0
0.0704938 0.438028 -0.492492 -0.250336 -0.102917 0.237827 1 0.471868 0.351502 : 0
0.277894 0.154633 0.40842 -0.0989123 0.0398007 -0.608446 0.601151 -0.0647575 -1 : 0
0.142114 0.137967 -0.944813 0.333597 -0.238265 0.667746 -0.320794 -0.243774 0.537108 : 0.1
0.180503 0.312752 0.180199 -0.309567 0.326118 0.390391 0.115194 -0.039158 0.270988 : 0
-0.0507804 0.166546 0.0331935 -0.276869 -0.0856957 0.824164 -0.348405 0.00277638 -0.230035 : 0.1
-0.0536908 0.346452 0.115939 -0.0287376 -0.0928022 -0.00913417 0.300108 0.205094 0.584193 : 0.4
0.213884 0.266874 0.144686 -0.146741 -0.294525 0.0466884 -0.12121 0.026996 -0.149031 : 0.1
0.0519409 0.0154224 0.0985001 -0.134959 0.095773 0.0535128 0.453847 0.0740825 0.909284 : 0
-0.916679 0.619904 0.185726 0.0391126 -0.207965 -0.262915 0.290614 0.134948 -0.182142 : 0.3
0.557867 0.648587 0.272833 0.603636 -0.0683486 0.0647367 0.411532 0.00650617 0.58165 : 0
-0.313805 -0.132105 -0.418498 0.120873 -0.287734 0.391056 0.101526 0.0632439 0.0536193 : 0
0.115218 0.377401 -0.140618 0.0417889 -0.493394 -0.0369419 0.118489 -0.0334551 -0.0103306 : 0
-0.304839 0.667439 0.188213 -0.34079 -0.348468 0.315509 -0.267006 -0.0510353 0.838691 : 0
-0.071042 -0.32862 0.124723 -0.696286 -0.102741 0.493826 0.0808202 0.0478509 0.149551 : 0
-0.401968 0.0700111 0.116406 -0.176656 1 0.150613 0.123625 0.0694136 0.622329 : 0
-0.3222 0.218619 0.109692 -0.197498 0.300714 -0.0652915 0.163064 -0.480348 0.396739 : 0.1
-0.0160203 0.573396 0.70642 0.237662 -0.118402 0.123515 -0.388867 -0.0509334 -0.814919 : 0
0.170634 0.186735 0.241611 1 0.0255932 0.266996 0.283483 0.278417 0.606136 : 0.5
-1 0.775854 0.161773 -0.538355 0.482545 -0.324542 0.0940728 0.175965 0.18828 : 0
0.301166 0.634923 0.0798608 -0.310462 -0.847278 0.309147 0.0983001 0.21997 0.644355 : 0
-0.262394 0.64734 0.0317965 0.438399 0.308601 0.285292 0.56328 0.385482 -0.30236 : 0
-0.0952805 1 0.347774 -1 0.955294 0.70919 0.0932488 -0.0854916 0.107836 : 0.1
0.0105485 0.483743 0.277391 0.289976 0.847681 0.412715 0.0324966 0.198327 0.117142 : 0
0.152688 0.442782 0.225912 -0.122603 -1 0.109836 -0.326188 0.0551806 -0.0205896 : 0
-0.41349 0.13703 -0.0609326 -0.0260538 0.0940227 -0.0367896 -0.227067 0.21734 -0.1651 : 0
-0.0575261 0.260952 -0.373725 -0.486425 0.421572 -0.186387 0.331072 -0.0794064 0.551022 : 0.1
-0.451758 0.577672 0.190079 1 0.493748 0.375236 -0.008305 -0.0575154 -0.0192358 : 0
-0.190133 0.101315 0.152632 -0.580294 -0.0069374 -0.0366673 0.102083 0.102337 -0.109412 : 0.4
-0.131731 0.218945 0.554236 -0.535189 0.837808 -0.194203 -0.0649534 0.0216198 0.116422 : 0.1
-0.0562097 0.701624 0.104412 0.652183 -0.100926 0.324608 0.0509481 0.167251 0.0894875 : 0
0.154134 0.552334 -0.0420831 0.52688 0.308771 -0.0881247 0.288247 0.243959 -0.0702294 : 0
-0.183587 -0.0810938 0.408841 -0.178211 -0.110756 -0.0684021 0.20609 0.131159 0.0801226 : 0.4
-0.00184539 0.553597 0.384486 -0.511197 0.0242729 1 -0.296779 0.194419 0.3379 : 0
-0.0741488 0.323111 -0.139603 0.00364602 0.0249597 -0.176678 -0.254847 0.0617398 0.0347163 : 0.3
0.261184 0.411422 0.072765 0.53709 0.0666389 0.0607471 -0.111725 -0.00272149 -0.184331 : 0
0.218119 0.264124 -0.119069 0.153077 -0.0525254 -0.329521 -0.0324639 0.123503 -0.109429 : 0
-0.272362 1 0.36254 0.551178 0.584458 0.0825785 -0.0188482 0.579045 -0.113235 : 0
-0.711316 0.376318 -0.644069 -0.250647 0.490159 -0.311628 0.0523221 0.0082045 -0.113044 : 0
0.650204 0.369904 -0.016954 -0.917519 0.20004 0.102244 0.150056 -0.172366 0.203311 : 0
-0.20741 -0.872263 0.461129 -0.423178 0.225653 0.140911 -0.296459 0.0588527 0.200613 : 0.1
-0.9699 0.701657 0.574219 -0.441464 0.423702 0.0919639 0.0872563 0.0398915 0.357126 : 0
-0.0451446 0.343714 -0.280737 -0.63701 0.181273 -0.0456203 -0.0130402 0.216869 -0.060112 : 0
-0.201728 0.616629 0.289819 0.796503 -0.0266343 0.139218 -0.117651 -0.209145 -0.0435951 : 0.1
0.179343 0.461864 0.577257 0.131614 -0.366149 0.401723 0.0157945 -0.164356 0.288586 : 0
0.0497405 0.952756 0.232989 0.841973 -0.015857 -0.215096 0.0377662 0.783371 0.0649149 : 0
0.365979 0.085639 -0.19924 -0.0569209 -0.00792064 0.272696 0.0445226 0.0371794 0.190468 : 0
0.0939104 0.469826 0.57028 -0.571122 0.281974 0.149195 0.361056 0.0539617 0.267233 : 0.4
-0.399435 0.399858 0.995508 0.0595137 -0.0154398 -0.873693 0.343475 0.142146 -0.358953 : 0.1
0.0137759 -0.314292 -0.183775 -0.276039 0.0506426 -0.0518977 -0.102893 -0.445691 0.184648 : 0
-0.859731 0.2999 -0.0887897 -0.094947 0.287387 0.270789 0.0182828 0.36129 -0.0800979 : 0
0.0370942 0.639028 0.460109 -0.166516 0.0688604 0.335241 0.00951744 0.619307 -0.0215059 : 0.1
0.0231495 -0.338918 0.1115 0.533504 0.0143179 0.104963 -0.180867 -0.0754566 -0.380514 : 0
0.0745427 0.293494 0.322918 -0.0359938 0.493089 -1 -0.725781 0.131634 0.90539 : 0.1
0.236861 0.0213992 -0.807505 -0.119859 0.250796 0.18617 -0.0400472 -0.0813237 0.134631 : 0
-0.839808 1 0.243328 -0.944511 0.351621 -0.201539 0.0792795 0.0977072 0.211876 : 0
-0.569081 0.268013 -0.692852 -0.535452 0.491402 -1 0.241703 -0.258368 -0.65361 : 0
0.072124 0.147493 0.0542824 0.390916 0.184129 -0.838734 0.277898 -0.263285 0.116893 : 0
0.796218 0.0709084 -0.637147 -0.23288 -0.879079 0.10455 0.13734 -0.0881503 0.222093 : 0.3
0.269671 0.787448 -0.0120589 0.17885 -0.451703 0.0966111 0.376494 0.30168 -0.356073 : 0
-0.0525689 0.293743 0.223252 0.327034 -0.273444 0.481638 -0.0557959 -0.160443 -0.270527 : 0
0.76496 0.315479 0.637498 -1 -0.331936 -0.235154 0.337883 0.187663 -0.182857 : 0.3
-0.102864 0.183435 -0.141879 -0.619898 0.636219 0.0860834 0.210521 0.813037 0.466612 : 0
0.586356 0.462372 0.150138 -0.310133 0.0579711 -0.637919 0.10043 -0.01625 -0.377444 : 0
0.127033 0.76638 -0.343383 0.363656 -0.372629 0.707489 0.175762 0.751794 0.193004 : 0
-0.393877 0.491815 0.515348 0.830158 0.464537 0.34818 -0.129314 0.153118 -0.778288 : 0.3
0.151001 0.809352 0.0623661 0.0807457 -0.681736 -0.437637 -0.0264143 -0.487591 0.201048 : 0.1
0.353348 -0.0999603 0.163046 0.126218 0.139618 0.280019 0.37661 0.0157785 0.155842 : 0
0.147099 0.279228 0.248111 -1 0.343499 -0.455745 1 0.361652 0.32175 : 0
-0.008937 0.329343 0.0862935 -0.473488 1 0.436292 -0.0643792 0.0827683 0.0905163 : 0
0.495354 0.763009 0.0363137 -0.00231552 0.286891 0.521288 0.250803 0.044916 0.450786 : 0.3
-0.224236 0.728925 -0.163355 0.376395 -1 0.712833 -0.0310244 -0.203645 -0.413964 : 0.1
0.406035 0.130258 0.0529992 0.2481 0.0236301 -0.390726 -0.019702 0.0272494 0.0835894 : 0
0.0474963 0.863862 0.286776 0.562566 -0.107245 0.50583 -0.0928391 -0.159821 1 : 0.1
0.159759 0.592846 -0.0287358 -0.934113 -0.234347 0.108053 0.353968 -0.0794941 0.340256 : 0.1
0.94382 0.501976 0.0475326 -0.239498 -0.943097 -0.102504 -0.141011 0.0140457 0.161912 : 0
-1 0.14641 0.0617584 -0.844038 -0.0846217 -0.0609302 0.00822815 -0.0173489 -0.193686 : 0
-0.0258643 0.736607 0.452389 -0.341559 -0.0668122 0.625841 -0.33033 -1 -0.865441 : 0.4
0.00870365 0.526778 0.853222 -0.255045 -0.0202348 1 -0.202555 0.32933 0.311742 : 0
-0.0115918 0.231661 -0.146794 0.024215 0.270716 0.611873 -0.0177673 -0.406488 -0.752394 : 0
1 0.474512 0.122823 0.347768 0.36459 0.72596 0.335847 0.0846269 -0.0869185 : 0.5
0.235054 -0.206739 0.484249 -0.28378 -0.287879 -0.126146 -1 -0.016585 0.123257 : 0
0.596202 0.201799 0.21315 -0.0100143 -0.0889445 0.57739 0.492995 -0.0438075 0.402583 : 0
-0.0299239 0.628918 -0.013517 0.0973036 -0.0268819 -0.363564 0.195175 0.1019 0.44724 : 0
-1 0.754157 0.101544 0.330847 -0.237497 0.801601 0.307664 0.355461 0.18002 : 0.4
0.28736 0.338757 0.180235 0.201155 -0.0841272 0.0562988 0.455094 -0.434986 -0.0739723 : 0
-0.0875876 1 0.11443 0.0513309 -0.276048 0.231055 0.0289021 0.0564516 0.0713705 : 0.2
-0.0976131 0.619665 0.212754 1 -0.120826 0.275776 -0.357202 -0.311435 1 : 0.1
-0.00193249 1 -0.313309 -1 0.0354193 0.25661 0.070447 0.0598589 0.276407 : 0
-0.74468 0.812185 0.017663 0.0711395 -0.0189708 0.385911 0.155108 0.090984 -0.283004 : 0
-0.0160667 0.235638 0.0437906 1 -0.103768 -0.570965 -0.0723538 -0.16336 -0.0909661 : 0
0.263528 0.216968 0.0133252 0.133012 -0.643548 0.183721 -0.12424 -0.369665 0.134482 : 0
-1 0.246045 0.204092 -1 0.327847 0.631599 0.737179 0.0862416 -0.147882 : 0
-0.639566 0.226294 0.212468 -0.934521 0.40828 1 0.326886 -1 0.49107 : 0
0.0970176 0.302187 0.20882 -0.0708781 0.487482 0.917489 -0.0228757 0.0796836 0.255468 : 0.1
0.203742 -0.174811 0.247551 -0.107203 -0.415588 0.296746 0.00304605 0.278365 0.237531 : 0
0.331428 0.304237 -0.319834 -0.686196 -0.310309 0.130261 -0.590805 1 0.255055 : 0
0.201894 0.617207 0.689969 -0.485341 0.1419 -0.544618 0.189738 -0.069168 0.18668 : 0.1
-0.621241 0.934896 -0.10714 0.13066 0.187253 0.454389 0.0800705 0.150296 -0.568725 : 0.6
0.485066 0.665848 0.363159 0.348212 -0.229011 0.371994 0.201961 0.0923022 0.0676987 : 0
-0.283417 0.228862 -0.221065 -0.0576479 1 0.467548 -0.474921 0.182457 0.128282 : 0
0.118698 0.746887 0.0696619 -0.125106 0.906544 0.409391 -0.0792734 0.746298 0.623909 : 0
0.238795 0.60574 0.971639 -0.194562 -0.253831 0.293925 0.422111 0.191324 -0.0147911 : 0
0.0340573 0.371148 0.0146719 0.0545249 -0.142012 0.180723 0.281641 -0.237751 -0.096243 : 0
0.89979 0.106563 0.914744 -0.0773175 0.121952 -0.106141 0.19014 0.0639241 -0.0396934 : 0.1
0.771684 0.380334 0.402634 -0.0596738 0.00858521 -0.50039 -0.048417 -0.0679122 0.0974781 : 0.1
-0.911123 0.876068 0.0499433 0.384585 -0.546664 0.0135562 0.110378 0.168663 0.126756 : 0
-1 0.188487 0.551763 -0.754251 0.0123594 0.00519576 0.0918869 0.120781 0.010632 : 0.4
0.0288475 -0.559638 0.415622 -0.161263 -0.767388 0.160479 -0.49055 -0.320057 1 : 0.1
-0.0273764 0.323165 0.0479992 0.996924 0.0491578 -0.607321 0.274016 -0.0429324 0.185243 : 0.3
-0.401745 1 0.723585 0.0505679 0.071803 -1 0.43007 -0.0129564 0.183361 : 0.1
0.297098 -0.141774 0.312311 -0.00260701 1 0.0934336 0.0933495 0.447147 -0.171362 : 0.6
0.066155 0.688455 -0.18825 -0.399703 0.0972545 0.239983 -0.149876 -0.446209 0.23267 : 0
-0.00581818 -0.318258 -0.357265 0.158413 0.332091 1 -0.12391 -0.0602215 -0.0984458 : 0
-0.985805 0.343698 0.152375 0.579515 0.100194 -0.0846168 0.784554 0.260018 -0.0473476 : 0.7
0.182243 -0.90762 0.384513 -0.334154 0.448989 -0.242061 -0.0662392 0.0753755 0.102671 : 0
0.0299223 0.39125 0.228323 -0.142213 0.161466 -0.291749 -0.303458 0.232366 0.142578 : 0
-0.0429734 0.43076 0.49735 -0.374975 0.144398 -0.659788 -0.0958733 0.64699 0.0634261 : 0
0.127634 0.855586 0.0290116 0.142723 -0.765756 -0.240503 -0.0321263 -0.469815 0.546344 : 0
0.300354 0.361914 0.469781 0.355681 -0.379357 -0.463818 -0.0298027 -0.0797116 0.288417 : 0.3
0.0818073 0.638372 0.797672 -0.0247146 0.1573 -0.535463 0.167325 0.310299 -0.02648 : 0
0.022943 0.672666 0.801578 -0.106219 0.514466 -0.984904 0.327173 0.121301 0.445874 : 0
-0.589862 0.38761 0.0520326 0.0849874 0.0717855 -0.114529 -0.0431401 -0.252671 0.610123 : 0
-0.0553919 -0.532502 -0.113978 -0.601546 0.0442279 -1 -0.435125 -0.0538589 0.446312 : 0
-0.150239 -0.623761 0.400376 0.980699 0.424629 0.341497 0.064968 0.381572 -0.696797 : 0
0.243502 -0.0284329 -0.373861 0.0698697 0.177582 -1 0.249477 -0.0142178 0.0248798 : 0
0.330248 0.767179 0.179152 0.252709 -0.482839 -0.234109 0.0544214 0.259202 0.224778 : 0
-0.149231 0.208165 -0.0737732 -0.46833 -0.00253606 -0.149714 0.696203 -0.0219444 0.133048 : 0
0.104433 0.874431 -0.0676192 -0.380086 -0.220308 -0.34431 0.113868 -0.0946933 -0.184729 : 0
-0.00786451 0.256633 0.303417 -0.538187 -0.0942999 -0.0576084 0.147656 0.051996 0.128839 : 0.3
0.469024 0.158724 0.120961 0.658913 -0.100696 0.041135 -0.226633 0.247726 0.214498 : 0
-0.295627 1 0.404881 -0.10762 0.147415 0.132658 -0.0230394 0.669624 -0.296447 : 0
0.115171 0.220594 -0.056051 -0.22438 -0.0518863 0.0214038 0.101174 0.133504 0.0613036 : 0.3
0.0684793 0.911294 0.113611 0.183392 -0.0880287 0.481657 -0.539672 0.0666722 0.473831 : 0
-0.239192 0.254996 0.488902 -0.200465 0.238771 0.369957 0.416916 0.152088 0.196125 : 0.6
0.449456 -0.193758 0.468602 -0.0178378 -0.11136 0.00386778 0.905542 0.576116 -0.112922 : 0
-0.179341 0.457433 -0.257387 -0.480901 0.253139 0.473539 0.240528 0.311727 0.485225 : 0
-0.0160271 0.562246 0.190607 -0.521868 0.208586 0.484871 -0.0516609 0.140416 0.462265 : 0
0.127893 0.0105987 -0.00734183 -0.416712 0.114063 0.265677 -0.0254976 -0.267609 0.179597 : 0
-0.310117 0.17168 0.741357 0.000433594 0.898237 -0.230936 0.365506 0.110609 -0.239096 : 0.3
0.279646 -0.322054 0.118569 -0.536591 -0.45719 0.534395 0.252709 -0.175227 0.324679 : 0.4
0.295554 -0.149603 0.0304546 -0.20372 0.0832902 -0.0178405 -0.0741187 -0.0587403 0.150129 : 0
-0.44465 0.326533 0.116452 0.031818 -0.199456 0.145159 -0.0600211 -0.287101 0.500548 : 0
-0.594137 0.216881 0.0208592 0.476401 -0.258733 0.910575 -0.862156 0.178772 0.370747 : 0
-0.329604 -0.0209067 0.14355 0.735291 1 -1 0.0680259 -0.0312094 0.446802 : 0
0.100023 0.268099 -0.106735 -0.368082 0.446483 -0.748953 0.296807 -0.336416 -0.330858 : 0
-0.339721 1 0.237915 -0.232996 -0.123577 -0.42411 0.353897 0.215631 0.563704 : 0
0.139386 0.0902681 0.278031 0.07899 0.169785 0.557747 0.0391273 0.0404833 -0.0862851 : 0.1
-0.427904 0.48418 -0.533249 -0.141045 -0.0491822 -0.504943 1 -0.135466 0.406727 : 0
0.0143028 0.599245 0.13443 -0.623722 0.41561 -0.818691 0.0403891 0.54116 0.0970815 : 0.2
0.348305 0.587072 0.236618 -0.335195 0.0338606 0.388722 0.0622464 -0.0270589 -0.0915596 : 0.1
-0.729097 0.781621 0.593063 0.572917 -0.000533404 0.173493 0.0552316 0.0913211 0.537378 : 0
0.416214 0.480761 0.0122898 0.604058 0.121535 0.596217 0.831867 -0.0586869 -0.093349 : 0
0.107686 0.22956 -0.149105 0.989965 0.413177 -0.0633068 -0.0376286 0.151354 0.0350102 : 0
-0.516493 0.412252 0.255887 -0.251164 -0.141751 0.0966648 0.752076 -0.0291251 0.117865 : 0.1
-0.398553 0.268069 0.260332 -0.647809 0.602879 0.0450877 -0.0439872 0.0226988 0.536312 : 0
0.332122 0.360636 0.155314 -0.326818 -0.657135 0.59463 0.197458 0.0867533 0.173808 : 0
-0.474906 0.64228 -0.0523217 -0.274113 -0.0499305 0.0381338 0.0405755 0.457684 -0.625859 : 0
-0.122779 0.661788 -0.0167819 -1 -0.347874 0.264313 0.316079 -0.423332 0.152506 : 0.2
-0.00439414 0.0902415 -0.0918805 0.958798 0.680019 0.778298 0.061453 0.0587046 0.0644529 : 0.1
-0.0468306 0.348481 -0.151047 -0.255557 -0.234318 0.171623 0.537246 -0.0849704 0.259282 : 0.1
0.159864 0.482547 0.778989 -0.489005 0.120536 0.885707 0.0116462 0.358536 0.206456 : 0
-0.116441 0.449655 0.0851418 -0.696101 0.688752 -0.0250443 -0.0337096 0.0652227 -0.554577 : 0.5
0.450899 0.623394 0.432044 -0.0572849 0.0263823 0.0784704 0.0914922 0.373815 -0.0940449 : 0
0.0262564 0.683419 0.249795 -0.235804 -0.291569 0.355518 0.100607 0.235621 -0.133299 : 0.6
-0.0668981 0.278107 -0.0423598 1 0.0910824 0.630913 0.813014 0.185933 0.400728 : 0
0.282071 -0.145501 0.408062 0.208861 -0.122676 0.537076 0.556559 0.403053 0.118434 : 0.1
0.295546 0.319744 -0.212172 -0.323575 0.425973 -0.00485915 -0.259216 -0.373373 0.2427 : 0
0.0795898 -0.233 -0.90863 -0.0837705 0.226575 -0.0210699 0.0854194 0.0623438 0.118037 : 0
-0.0173946 0.381597 0.228875 -0.4447 -0.433247 0.43714 1 0.122366 0.236869 : 0
-0.680201 0.285782 -0.129552 -0.0603299 0.648683 -0.208224 -0.113094 0.00174403 0.227918 : 0.2
-0.15343 0.331522 -0.110965 0.0221799 0.0944344 0.0717745 0.291125 0.0163299 -0.032342 : 0
-0.427918 0.470673 0.34002 0.426934 0.260777 0.453295 0.282148 0.312351 -0.168637 : 0
0.231218 0.795631 0.0433061 0.490568 1 -0.325847 0.11753 0.280347 0.211161 : 0
0.0693832 0.878293 -0.397663 0.0867245 -0.051105 0.301848 0.0364183 -0.250647 0.461976 : 0
-0.437902 0.211547 -0.224958 0.158432 0.530035 0.929848 0.0314039 0.0411015 0.675263 : 0
0.204289 -0.255846 0.283148 0.118287 -0.607377 0.632099 0.0966934 0.0632921 0.147735 : 0.4
-0.363383 -0.7338 -0.49925 -0.172844 0.514004 0.280478 0.863332 0.0877166 0.0369525 : 0.1
-0.383481 0.722337 0.484876 0.524207 -0.196749 0.312515 0.97362 0.0406739 0.939091 : 0.3
-0.233931 -0.253124 0.116875 0.315325 -0.223029 0.389934 -0.127985 0.242569 0.110093 : 0.3
-0.25126 0.339435 -0.297562 -0.301686 -0.100714 0.108005 0.61929 0.0223621 -0.467134 : 0
0.672496 0.332668 0.360398 -0.186695 -0.122254 -0.102366 -0.000794768 1 0.055228 : 0
-0.0231178 0.294986 0.411551 1 0.255191 0.0276196 0.265737 0.35239 1 : 0
-0.69973 0.863344 0.0729358 0.25484 0.0385588 -0.161161 0.13602 -0.183768 -0.187944 : 0.4
-0.443148 0.1982 0.159529 -0.0972536 0.505605 0.399795 0.170648 0.241088 0.406604 : 0
-0.486815 0.568201 0.259285 0.305433 0.173163 0.598387 -0.128299 -0.132595 0.204888 : 0.1
1 0.710437 -0.0747748 -0.211473 0.251961 0.375003 0.159658 0.0545501 -0.373631 : 0.3
0.260723 -1 0.51297 -0.300652 -0.356441 0.516943 0.539689 0.293914 0.0300852 : 0
0.394987 0.52141 -0.186178 0.0874347 -0.118603 -1 -0.0124585 -0.12111 0.0548401 : 0.6
0.59821 0.718861 -0.260362 -0.248897 0.0906259 0.481199 0.133294 0.135502 -0.509894 : 0
0.000104062 0.623589 -0.142966 1 0.431095 -0.517349 0.247538 -1 0.154217 : 0
0.674964 0.727642 0.16028 1 -0.225075 -0.352886 0.239315 0.00206324 -0.299095 : 0
-0.325579 -0.52235 0.0705734 -0.438119 0.135313 0.352099 0.0174642 -0.384964 0.100314 : 0.6
0.166568 0.170267 0.315726 -0.248462 -0.537052 0.209854 -0.112324 0.00433251 0.0489509 : 0
0.178725 0.545673 0.666564 -0.146582 0.119398 0.575301 0.176792 0.397262 0.494828 : 0
-0.471752 0.306962 0.336295 -1 0.0412513 -0.189732 0.0147445 0.166754 -0.121079 : 0
0.113522 0.487301 -0.080024 0.44785 0.259956 -0.197834 -0.196786 -0.0787775 0.111837 : 0
-0.108274 0.255386 0.57687 0.174964 -0.310006 0.441545 0.408572 0.0524945 0.43139 : 0
0.174011 0.672227 1 0.493589 0.256132 0.0479922 -0.197604 -0.062863 0.0770638 : 0.5
0.120133 0.559905 -0.0508038 -0.257672 -0.120931 0.335505 0.313285 -0.00136334 0.198456 : 0.1
-0.139146 0.61901 0.562372 -0.367599 0.0756382 0.0872367 0.225536 0.458936 0.0748346 : 0
0.0722755 -0.00791842 0.162192 0.0773894 0.20296 0.248478 -0.192379 0.0430932 0.803111 : 0.4
-0.375377 0.197903 0.0766188 -0.16 -0.0752817 0.0783945 0.0433011 -0.0247485 -0.119618 : 0.4
0.0899458 -0.137843 0.00166509 0.0746884 -0.927263 0.202781 0.0301081 0.329618 -0.123426 : 0
-1 0.633345 0.723951 -0.220323 0.257209 0.527063 0.125956 0.103322 0.199805 : 0.1
0.510699 0.217292 0.181783 0.235164 -0.418981 0.0480633 -0.102114 0.299555 0.419095 : 0
-0.326035 0.391041 0.473979 0.0289935 0.964558 -0.276537 0.373942 0.079413 0.235459 : 0
-0.371767 0.542071 -0.202783 -0.0884788 0.523789 0.107664 0.0875083 -0.241495 -1 : 0
0.526781 1 0.00103545 0.505173 0.140079 -0.0196467 -0.150063 -0.00173612 0.168531 : 0
-0.0652156 0.252109 -0.0835322 -0.83593 0.350939 0.301099 0.256429 -0.126097 0.522431 : 0.1
0.103938 0.778839 0.341253 0.0709803 -0.24055 -1 0.244576 -0.117209 -0.229124 : 0.1
0.13573 0.355889 0.061671 -0.0911195 0.336534 0.311858 -0.125068 0.00366247 0.0378293 : 0.1
0.615799 0.172167 -0.0386515 -1 -0.152332 0.180404 0.420666 -0.181568 1 : 0.2
0.0635145 0.48627 0.184128 0.883414 0.104285 -0.0350087 -0.23307 1 0.0686404 : 0.1
0.322378 0.345555 0.803337 -0.143224 -0.572945 -0.142559 -0.238069 0.0232484 0.224248 : 0
0.0802527 0.623531 -0.103969 -1 0.21087 0.369395 -0.0297916 -0.342031 -0.318387 : 0.4
0.637172 -0.0503665 -0.557525 -0.289778 0.350478 0.334928 -0.621808 0.0377639 0.123088 : 0.2
0.253814 -0.455448 0.085669 -0.811323 -1 0.0740882 0.268954 0.527297 -0.149272 : 0.1
0.106684 0.217202 -0.200556 0.435636 -0.309568 0.0118481 -0.0692967 -0.070643 0.308868 : 0
0.214319 -0.580889 0.113909 0.627382 0.0321624 0.634962 -0.126244 0.0761915 0.142026 : 0.1
0.43956 -0.0626806 -0.374658 -0.135277 1 0.285415 0.123221 -0.123264 0.192909 : 0
0.134093 0.0313539 -0.788607 -0.0877505 -0.212786 0.158598 0.11328 -0.0017712 -0.0132123 : 0.4
-0.779251 0.832337 -0.0993793 0.298848 -0.133269 -0.314828 -0.0926816 -0.277518 0.195748 : 0.1
0.465723 0.19771 0.401253 0.75557 0.205486 0.487097 0.0822215 0.152546 0.320583 : 0.1
0.306017 0.361204 -0.258693 -0.712289 0.439609 0.25503 0.234744 0.289574 -0.0813939 : 0
-0.788818 0.356175 0.0610791 0.273792 1 -0.447388 0.519338 -0.334823 0.0727337 : 0
-0.546625 -0.443885 -0.351086 -0.159927 -0.345094 -0.0973553 -0.0449066 0.217505 0.148252 : 0
0.0880693 0.366339 0.0408798 -0.441353 0.280799 0.0299836 -0.202952 0.179224 0.194762 : 0.2
-0.355134 0.300557 0.248369 -0.45833 0.225134 0.0521962 -0.775443 -0.0377961 0.0100137 : 0.2
0.230023 0.470849 0.186673 1 -0.843123 0.386015 0.311534 0.301589 0.197724 : 0.5
0.381138 0.991938 0.219848 0.201326 0.0189297 -0.168954 0.0446923 0.130431 0.2324 : 0.5
0.369509 0.744843 0.297527 -0.673749 0.468204 -0.154651 -0.00055398 0.290165 1 : 0
-0.411415 0.384486 0.430607 0.14995 0.496643 -0.0190922 -0.276904 -0.345688 0.591179 : 0
-0.185857 0.963867 0.0794004 0.842409 -0.00762524 0.664486 0.0161767 -0.0159658 -0.0722683 : 0
0.0444705 0.335701 -0.0669591 -0.0969182 -0.671755 0.0281752 -0.248977 -0.111383 0.340818 : 0.5
0.167589 0.49513 -0.0381149 -0.0719906 -0.382804 -0.668174 0.170946 0.121288 0.139266 : 0
0.462353 -0.220393 -0.111534 -0.802885 -0.105367 0.0767073 -0.10339 0.0269566 0.784412 : 0
1 -0.549825 0.211187 0.214878 0.730986 0.278725 -0.0283643 -0.0165652 0.231792 : 0
0.113386 0.179059 0.192563 0.00696826 0.260172 0.0500279 0.147943 -0.0485558 0.145146 : 0.1
0.0752211 -0.128629 0.0408485 -0.0945078 -1 0.282876 0.0565789 0.499158 0.282306 : 0
