0.188218 0.562432 -0.331875 0.817897 0.0116553 0.329208 0.390875 1 0.677791 : 0
0.0384189 0.590387 0.361683 0.949144 -0.244358 -0.0467465 0.155935 0.0533021 0.6433 : 0
-0.205688 0.253012 0.664561 -0.569062 0.0908057 -0.186477 -0.0160759 -0.230184 0.0271449 : 0.1
0.179984 0.363738 0.276499 -0.264584 0.0100171 0.765823 -0.00632554 -0.139535 0.414783 : 0
-0.273558 0.494617 0.274507 0.0341638 0.16049 0.126733 0.365685 0.108721 -0.471017 : 0
0.47548 0.199787 0.0576097 0.247825 0.248148 -0.525219 0.211417 -0.452853 0.361441 : 0.3
1 0.592572 0.329406 0.370168 -0.142928 0.179306 -0.085227 -0.0720828 1 : 0
-0.310253 0.780318 -0.44739 -0.500685 0.0575966 0.123181 0.199645 -0.179473 0.233134 : 0
-0.176366 0.0969943 0.0181776 0.383005 0.245358 -0.00724155 0.0473973 -0.0105502 -0.0486686 : 0.1
-0.440869 0.138424 -0.370599 -0.0258273 0.122287 0.510793 -1 0.141305 0.423206 : 0
-0.0436417 0.845461 -0.000626624 -0.0531025 0.306168 0.140067 -0.0923265 0.53483 0.92155 : 0.2
-0.730647 0.385602 0.406722 0.0485194 0.0030705 -0.338288 -0.0554506 0.233538 0.399926 : 0
-0.300818 0.48832 0.605658 -0.544322 -0.0715655 0.266721 1 -0.0271628 -0.178204 : 0.3
0.472075 0.464578 -0.11296 -1 -0.101889 -0.24 0.210733 0.435831 0.484968 : 0
-0.659916 0.355224 0.187283 -0.192773 0.101418 -0.219746 0.0866211 0.0130362 -0.383236 : 0
0.735839 0.0930638 -0.0298301 -0.0721002 0.0606723 0.148508 0.284577 -0.0488875 0.372555 : 0.1
0.23147 0.486649 0.808664 -0.195261 -0.224342 0.330756 0.236602 -1 -1 : 0
0.262633 0.649484 -0.187416 0.479026 0.39814 0.0151339 0.0285587 0.261163 0.771092 : 0
0.0736936 0.203418 0.0790905 -0.125707 -0.466123 0.266785 -0.626514 -0.0894379 -0.0605783 : 0.3
-1 0.46421 0.128004 1 0.185685 -1 0.625033 0.345286 0.311348 : 0.1
0.264951 -0.16149 -1 -1 -0.866564 1 0.122669 -0.0525298 -0.0293489 : 0.1
-0.0732259 0.629194 0.249642 0.137714 0.2192 -0.429957 0.594925 -0.0376968 -0.649171 : 0.9
-1 0.0852641 0.137697 1 -1 0.34933 0.150658 0.346072 0.28693 : 0
-0.135343 -0.112347 -0.0169933 0.277892 -0.0283588 0.378792 0.212018 -0.0954288 -0.167612 : 0
-0.446145 0.553685 -0.184723 -0.129634 0.285223 0.530395 0.167327 0.00165388 0.182948 : 0
0.113032 0.0992534 0.11768 0.419456 0.632193 0.24212 0.352734 -0.00985989 -1 : 0
0.237337 0.69749 0.0440505 0.572291 -0.0814547 0.392096 0.211436 -0.0566207 0.455076 : 0.1
-0.0218646 0.172082 0.411439 -0.0763865 0.0142832 -0.443887 0.31743 0.670012 0.262434 : 0.1
0.492555 0.0740074 0.424747 0.945432 0.120332 -0.458417 0.0998677 0.161979 0.114496 : 0.1
-0.0209335 0.641956 0.174423 -0.358789 0.106415 0.10007 0.797072 0.473365 1 : 0
-0.19011 0.350915 0.187634 0.362965 0.0548754 -0.951149 -0.483348 -0.242687 0.173978 : 0
0.0992929 0.941836 0.153687 -0.305515 0.270232 -0.239787 -0.16978 0.457335 0.154795 : 0.1
-0.28676 0.165974 0.192268 -0.1339 -0.412777 0.293444 0.00506628 -0.25855 0.412683 : 0.1
0.402706 0.768052 -0.110087 -0.509092 0.810761 -0.188438 0.178777 0.0310688 0.0819262 : 0.3
-0.313655 -0.284776 -0.0200057 -0.0665447 -0.976571 -1 -0.0499605 0.165703 0.163546 : 0
-0.0992475 0.57644 -0.0479267 -1 0.518184 0.428301 0.668299 0.298831 0.117108 : 0.1
0.0709494 0.382896 0.601903 -1 0.465982 0.737702 -0.18491 -0.0524443 0.503424 : 0
-0.0556023 0.853758 0.103208 1 0.110477 0.355504 0.0806114 0.271294 -0.0745405 : 0.2
-0.0204489 0.139641 -1 -0.697899 -0.045776 0.604891 -0.204729 0.279728 0.208882 : 0
-0.217921 0.210178 0.369683 0.25188 0.0485753 0.208438 -0.392752 -0.157363 1 : 0
-0.302071 0.989892 0.199136 0.22084 -0.453954 -0.12258 0.907375 0.675121 0.450554 : 0.5
-0.66223 0.242517 0.417287 -0.0802442 0.13323 -0.233519 0.388402 0.216445 -1 : 0.1
0.500787 0.252198 -0.198733 -0.40092 0.451501 -0.641081 0.0661185 0.497922 0.924019 : 0
-0.510145 0.329976 0.562311 -0.59623 -0.208123 0.441858 0.332296 0.190329 0.0326225 : 0
0.121266 0.718222 0.207341 -0.00728542 0.374128 -1 0.170142 0.275222 -0.0156158 : 0.1
-0.265184 0.373043 -0.96568 0.209541 -0.275808 0.386077 -0.0732858 0.419238 0.643698 : 0.5
-0.15287 0.0188745 -0.0893804 -0.772668 0.156573 1 0.19027 -0.755027 0.426894 : 0.1
-0.00114292 0.624578 -0.459445 0.254922 -0.122035 0.348909 -0.110336 0.380625 0.129337 : 0
0.104767 0.743856 -0.0269608 0.212617 -0.281373 -0.189783 0.100389 -0.465643 0.290929 : 0
0.286224 0.432815 0.312301 0.915584 -0.196272 0.3568 0.291936 -0.0644164 0.437576 : 0.2
-0.455316 -0.132752 0.175661 0.616203 0.278393 -0.00583637 0.20512 0.0373258 0.369937 : 0
-0.0984319 -0.135628 0.450891 -0.338033 -0.0825202 -0.183895 -0.471199 0.545016 0.10245 : 0
-0.201199 0.561458 -0.00896792 0.101173 0.975645 -0.137136 0.286864 -0.0562807 0.216705 : 0
0.637306 0.874498 -0.0727841 -0.247309 0.294862 -0.262155 0.300708 0.517335 0.163276 : 0
-0.153475 0.382951 0.049513 -0.261259 -1 0.126285 0.251177 0.0354343 0.340842 : 0.1
0.0566075 0.800126 0.770323 0.394062 0.294289 0.0487387 0.150337 0.0481673 0.0563194 : 0.2
1 0.404897 -0.476581 -0.00624153 0.314793 0.267067 -0.0317353 0.135257 0.577109 : 0
0.169174 0.732689 0.35859 0.0870402 -0.274606 0.128786 -0.0886736 -0.116442 0.0815943 : 0
0.0219136 -0.197673 0.290445 -0.597021 0.0443848 0.755318 0.00801094 -0.122547 0.0845567 : 0.5
0.120771 -0.357611 0.0631504 -0.155351 -0.422045 -0.765749 0.403559 0.220755 0.164766 : 0.2
-0.0607707 -0.113176 0.0471124 -1 0.0101414 -0.690951 0.404297 0.338849 0.0981331 : 0.4
-0.773373 0.414167 -0.782469 0.474959 -0.0142512 0.116721 -0.0857153 -0.100744 0.171384 : 0.1
0.193471 0.696859 0.291423 0.275899 -0.0154949 0.223317 -0.801035 0.265353 0.362803 : 0
0.306631 0.5053 -0.359853 -0.13735 0.118198 -0.0292751 0.108425 0.255158 -0.109029 : 0.1
1 0.475489 0.098329 -1 0.312396 0.0634874 -0.218608 0.0380094 0.680661 : 0.2
0.562305 0.348498 0.298944 0.191738 0.0851501 -0.250418 0.118943 0.0641651 0.330183 : 0
0.0650826 0.264063 0.0981932 -0.193919 0.109954 0.131848 -0.11915 -0.138834 0.361285 : 0
0.793159 0.612939 0.062177 0.195293 0.179921 -0.421828 0.175014 0.132546 -0.259053 : 0
-0.0748022 -0.334203 1 0.506496 0.101866 0.411117 -0.0378641 1 0.417667 : 0
-0.0309081 0.653901 -0.0640963 0.295219 0.847615 -0.203741 0.2548 -0.1653 0.0364304 : 0
-0.063941 0.987805 0.0725772 0.417073 -0.251394 -0.246968 0.373638 0.142072 0.44775 : 0
0.293782 0.771423 -1 0.411947 -0.0334213 -0.671481 1 0.615831 -0.0473514 : 0
0.00757529 0.409749 0.336702 0.47875 -0.016086 0.110312 -0.397047 0.759078 -0.145373 : 0.3
0.11175 0.129172 -0.869449 1 -1 0.470366 -0.677861 0.228327 0.355705 : 0
0.122296 0.8017 0.566246 -0.156554 -0.159193 0.21608 0.354589 -0.0850243 0.0449751 : 0
-0.0440534 0.208672 0.0261817 0.0307624 -0.0134005 -0.202504 -0.4697 0.281221 0.113203 : 0.2
0.272649 0.490311 0.192051 -0.113341 -0.151299 0.110165 0.0996488 0.79171 0.241184 : 0
-0.0779706 0.177767 0.23072 -0.854594 0.412364 0.242133 0.0688095 0.00261717 -0.137123 : 0.1
-0.0474959 0.330571 0.248001 0.273661 0.379419 0.360953 0.198614 1 0.42444 : 0.1
-0.489002 -0.430395 0.759125 0.1776 0.470329 1 -0.111528 -0.142949 0.740952 : 0
0.139718 0.143448 -0.0096873 -0.0338869 -0.101883 -0.189829 -0.351432 0.0125137 0.395907 : 0
-0.140725 0.524444 0.751519 -0.0916402 -0.193881 -0.230535 0.401225 0.473001 0.340567 : 0
0.0103339 0.548817 0.130616 1 -0.189169 0.156222 0.0361519 0.503327 0.104807 : 0
-0.236364 0.649268 -0.908069 0.202898 -0.596066 0.320394 -0.45661 0.147155 0.236162 : 0
0.0918269 0.902245 -0.106187 -0.499393 -0.208283 0.00689925 -0.413093 -0.26986 0.335558 : 0.2
-0.309333 0.484053 1 0.268517 0.101892 -0.567369 0.414435 -0.32281 -0.27578 : 0
0.332568 0.0368134 0.230202 0.634126 -0.0859624 0.239678 0.281616 -0.0239094 -1 : 0
-0.0016771 -1 0.144239 0.592322 0.343349 -0.308506 0.156006 0.190869 -0.00864244 : 0
0.892739 0.468977 0.0776124 -0.447492 -0.550402 0.325987 0.533179 0.866806 -0.196997 : 0
0.0820922 0.432936 0.6028 0.221414 0.147815 0.22732 -0.687609 0.104031 0.299819 : 0
0.7536 0.309441 0.241734 0.00432746 -0.194833 -0.0249989 0.15666 1 -0.0257591 : 0
-0.467157 0.296075 -0.904506 -0.374288 0.584183 -0.231532 -0.209627 -0.0287392 -0.0571844 : 0.3
-0.0285245 0.434122 0.0849261 0.447531 0.18504 1 0.0477729 -0.0590026 -0.179859 : 0
0.0200703 0.218292 0.106289 -0.0743432 0.445165 0.354704 -0.135329 0.00244832 0.585605 : 0.1
0.0294134 0.716025 0.240078 -0.165576 -0.0062148 -0.689514 1 -0.385589 0.026866 : 0
0.390484 0.359879 0.541787 0.00914747 0.56162 0.393146 0.182315 -0.27641 0.264153 : 0
-0.74869 0.674167 0.0480967 0.303713 0.0786606 0.00272217 0.0517341 0.195778 0.0145414 : 0
0.084765 0.395654 0.224207 0.091672 -0.416152 -0.184729 0.859046 0.233658 0.0425889 : 0.1
-0.138263 0.559905 0.339781 -0.179897 -0.0309228 -0.0277519 0.133503 0.0272521 -0.272633 : 0
0.0340316 0.248355 0.230343 -0.421729 0.598012 -0.128107 -0.575628 0.0274507 0.645618 : 0.1
0.49487 0.715887 -0.196837 0.610572 0.244851 -0.0689302 0.250784 0.202422 0.527071 : 0.1
0.248452 0.626042 -0.171501 0.196759 -0.722094 -0.223508 0.190363 0.805534 0.190089 : 0
0.295144 -0.602318 0.527897 -0.331879 0.0826845 0.378069 0.154699 0.329076 0.0277867 : 0.1
0.329254 0.525968 -0.515864 0.132804 -0.168575 0.156246 0.180077 0.00146049 0.321258 : 0.1
-0.0345235 -0.0366018 0.456948 0.281527 0.00334562 -0.228947 -0.0809929 0.1006 0.0315892 : 0
-0.26402 0.839054 0.354641 -0.425053 -0.680437 0.269647 -0.477107 0.389529 -0.0600694 : 0
-0.538739 0.0109459 0.63908 0.471074 -0.142722 0.239703 0.146153 0.519132 1 : 0
0.310184 0.682792 0.154615 -0.506817 0.102822 0.368334 0.130992 0.159783 -0.738238 : 0
-0.10069 0.387548 -0.175041 1 -0.0938724 0.385572 0.100251 0.405206 0.604856 : 0.1
-0.0130655 0.662152 0.325294 1 0.111428 -0.154797 -0.125409 -0.296355 0.259111 : 0.5
-0.710475 0.108589 -0.0184987 -0.330003 -0.103095 0.99671 0.114377 -0.22847 0.225826 : 0
-0.240793 0.307931 0.208652 -0.343933 -0.262137 -0.0829164 -0.288167 0.0129327 0.268785 : 0.2
-0.238045 0.12911 0.0228351 -0.335083 0.12241 0.441966 0.320249 -0.0432305 0.209816 : 0
-0.166333 0.457446 0.0876191 0.295106 0.0319127 -0.188178 -0.304615 0.00376913 0.185827 : 0
-0.114829 0.93434 -0.28131 -0.255802 0.412314 -0.670803 -0.351657 0.0267325 0.162194 : 0
-0.273878 0.387749 0.633539 0.346598 0.120757 -0.444957 0.316672 0.0543948 0.0954176 : 0.4
0.136916 0.846178 0.0373096 1 0.654613 -0.520456 -0.062907 -1 0.185253 : 0.1
0.14294 0.608197 0.378153 0.160836 0.175714 0.0321642 -0.0544224 0.0968847 -0.288721 : 0.1
-0.0749644 0.772846 -1 -0.896282 -0.223781 0.680166 -0.543203 -0.108747 0.767416 : 0
-0.0464812 0.480922 0.266994 0.49374 0.0511468 0.968065 0.0633911 0.0462228 0.158494 : 0.6
-1 0.538261 0.313558 -1 0.102284 -0.58038 -0.832562 0.0980746 0.287048 : 0
0.0703602 -0.479141 -0.187657 -0.220523 0.41007 -0.625756 0.901859 0.241414 -0.512928 : 0.1
0.241886 0.20573 0.43834 -1 0.0884995 -0.241782 -0.0141599 0.288937 -0.451862 : 0.1
0.0993547 0.373194 0.370196 0.129302 0.317544 0.00861061 0.0777278 -0.25512 0.0772732 : 0.3
0.0775785 -0.0688009 0.250042 0.00697196 -0.864545 0.0288954 0.185739 0.523001 0.256425 : 0
0.809846 0.0910952 0.330369 -0.0477276 -0.429112 0.440645 -0.324313 -0.0580295 0.630856 : 0
-0.276465 0.437215 0.175669 -0.78822 0.116623 -0.31115 0.402868 0.237462 -0.0835161 : 0.1
-0.203995 0.191878 -0.0238027 0.0671434 0.238155 0.197532 -0.159376 0.114409 0.0626446 : 0
-0.12795 0.641564 0.490775 -0.202401 -0.12991 0.369036 -0.600933 0.326274 -0.579683 : 0.1
-0.920971 0.228796 0.3653 0.561112 0.211865 0.260207 -0.342673 -0.0201603 0.109941 : 0
-0.178089 0.578752 0.853452 -0.163037 -0.0566429 -0.00966182 0.23247 -0.0808184 -0.924341 : 0
-0.306983 0.342229 0.0619341 0.108824 -0.446944 0.253799 -0.144033 0.661974 0.0678549 : 0
-0.0141045 0.648511 -0.204342 -1 0.310021 0.289945 -0.0547134 0.42918 0.0732839 : 0
-0.231683 0.455771 0.618951 0.117375 0.13023 -1 0.0787286 -0.582268 1 : 0
0.450171 0.836266 0.31234 -0.661728 0.0490385 0.284528 0.00109795 -0.412049 -0.167863 : 0.6
0.088366 0.948456 0.272871 0.260235 -0.578963 -0.116137 0.56408 0.200363 0.09848 : 0
-0.0731101 0.956724 -0.0877009 0.00880963 -0.0522714 0.101364 0.335763 0.172986 0.0901767 : 0.1
-0.0246302 0.206487 0.0987525 0.178801 0.655134 0.641129 -0.102806 -0.0297923 0.356054 : 0
-0.46848 0.337254 0.780524 -0.334372 0.183996 0.797626 -0.39699 -0.0187315 0.149948 : 0.1
0.0197196 0.38184 0.486922 0.613926 0.305949 0.133127 -0.353566 0.0211262 0.119104 : 0
0.334045 0.484196 0.309156 -0.344882 -0.0873165 0.988772 1 0.00872195 0.300334 : 0
-0.36345 0.548861 -0.0798717 -0.150759 0.899258 0.0745437 0.0532314 0.278252 0.743149 : 0
0.111467 0.312011 0.221805 1 0.84878 -0.522391 0.370754 0.103657 0.363378 : 0
-0.209144 0.349526 0.220463 -0.176005 0.381561 0.0713747 -0.0920089 -0.12234 0.358236 : 0
0.125904 -0.0720129 0.437361 -0.976023 0.368136 -1 0.240739 0.0173921 -0.239012 : 0.4
-0.320434 0.421811 0.221156 -0.190038 0.495316 -0.630485 0.199303 0.0456419 0.567627 : 0
0.199166 0.649797 -0.156595 0.339017 0.516274 0.206089 -0.0802164 0.15771 -0.0939055 : 0.1
0.355538 -0.140474 -0.0989354 0.964137 0.0797306 0.162601 0.488519 0.537546 -0.78964 : 0
0.116056 0.0747172 -0.704237 -0.268737 1 0.993252 0.0183226 -0.363654 0.322082 : 0
-0.553267 0.117046 0.145997 -0.0259753 0.948737 0.000473751 0.0964378 0.188754 1 : 0
0.483107 -0.512678 0.503121 -0.316722 -0.249157 -0.801018 0.598662 0.0964305 0.482255 : 0.2
-0.0584335 0.697439 0.246895 -0.551592 0.171989 -0.0121145 0.689489 0.656183 0.170863 : 0
0.653566 0.381284 0.351901 -0.359307 0.4013 0.150026 0.429754 0.450886 1 : 0
0.317663 0.551647 1 -0.504136 -0.00677202 -0.34088 -0.567915 0.24325 0.780242 : 0.4
0.775955 0.452017 0.130753 0.910248 0.225868 -0.0618139 0.225077 0.118284 0.429897 : 0
0.0470835 0.672206 0.63149 1 0.0656641 0.0937223 0.365384 -0.199427 0.59981 : 0
0.0957298 0.473137 -0.220721 0.70166 0.172324 -0.739539 -0.148716 0.303618 0.294103 : 0.6
-0.518769 -0.029267 0.431089 1 -0.463457 -0.106529 -0.125668 0.772951 0.204813 : 0.1
0.02786 0.392462 0.318441 -1 -1 -0.0811256 -0.0293587 -0.0176702 0.0187878 : 0
0.126859 0.722901 0.132371 -0.411282 0.267856 -0.139996 0.103053 0.179079 0.0425195 : 0
0.221019 0.611335 -0.20985 -0.0325933 1 0.168103 -0.288325 0.219565 0.571987 : 0.1
0.024079 0.67202 0.0415442 -0.346659 0.274083 -0.246999 -0.509153 0.439293 0.899706 : 0.1
-0.323728 0.454863 0.0817186 -0.13824 0.587186 -0.0134209 0.201014 -0.0413066 0.968591 : 0.1
-0.226237 -1 0.129641 0.977278 -0.129498 0.565487 -0.196415 0.101889 0.0446351 : 0.1
-0.076114 0.282836 0.0978467 -0.0408879 -0.427341 0.600398 0.410037 0.0629865 -0.633964 : 0
-1 0.00331414 -0.209417 -0.138483 0.300364 -0.0879124 0.354032 0.228413 0.578442 : 0.4
0.0323277 -0.0754493 0.160362 -0.603207 -0.960502 0.237085 0.411442 -0.458553 -0.359466 : 0
0.0572815 -0.199776 -0.199251 -0.285848 1 0.482863 0.129301 0.117641 0.16397 : 0
0.163297 -0.53075 0.503314 1 0.0231014 0.64646 0.467874 -0.373704 0.382163 : 0
-0.164703 0.50965 -0.0147901 -0.761756 0.127418 -0.370845 -0.040305 0.301949 0.20521 : 0
-0.414119 0.0946752 -0.257835 0.222652 0.730121 -0.116003 -0.290505 0.037667 -0.108874 : 0
-0.464851 0.30477 0.405366 -0.685644 -0.334482 0.3135 0.264646 0.334684 0.291257 : 0
0.36355 0.801366 -0.115663 -0.162283 0.219866 0.119718 -0.0379891 0.183134 0.687885 : 0.3
-0.0974182 0.309794 -0.190056 0.207189 0.0881206 0.596611 0.926325 -0.811371 0.375261 : 0.1
-0.887327 0.477102 0.28165 0.0711034 -0.434368 0.212594 0.053958 -0.162132 0.0257112 : 0
-0.214764 0.421389 0.234076 -0.32828 -0.799552 0.148456 -0.624021 -0.394581 0.53566 : 0.2
-0.481151 0.0793447 0.0363057 -0.115389 1 0.159559 0.337871 -0.355706 1 : 0
1 -0.39644 0.425073 0.422162 0.0588888 -0.118344 -0.42216 -0.00748014 0.489204 : 0
-0.279892 0.656467 0.0453183 -0.441391 0.690093 0.057907 0.721467 0.409934 -0.199089 : 0.1
0.146137 0.413378 -0.00482113 -0.0386593 0.273827 0.271497 0.774691 -0.177133 -0.368188 : 0.2
-0.690107 0.358514 0.669836 -0.325307 -0.0188563 -0.309212 -0.017347 -0.129876 1 : 0
-0.324269 0.599647 0.274159 0.117231 0.240065 -1 -0.213402 -0.081807 -0.109087 : 0.1
-0.377124 0.451781 0.702117 0.0890762 0.0222961 0.549631 0.356903 0.147176 -0.253909 : 0
-0.189462 0.205709 0.26157 -0.0217458 0.246401 -0.426062 -0.500811 -0.0378673 0.213023 : 0.1
-0.0631979 0.681089 0.341117 -0.0574051 -1 -0.182593 -0.210242 0.133254 0.0146386 : 0
0.708693 0.210392 -0.0550251 0.144028 -0.200849 -0.398031 0.0843367 0.678317 0.435237 : 0
-0.442179 0.393535 -0.0188586 0.840942 0.537365 0.432972 0.412779 0.0598327 0.662678 : 0
-0.413263 0.224563 0.454216 0.258971 -0.0454119 0.810074 0.133382 0.110712 -0.0727112 : 0.1
-0.00939941 0.44637 0.246933 0.244908 -0.393644 0.322072 0.295934 0.111526 0.312767 : 0
-0.250619 -1 -0.0621985 -0.408135 0.626742 0.122657 0.160206 0.0315211 -0.137911 : 0.2
0.0555125 0.648514 0.342442 0.00404966 -1 0.400428 -0.573226 0.535047 0.55051 : 0.2
-0.0340787 0.686362 0.295262 0.457623 -0.060993 0.217886 0.769757 0.342373 -0.0127336 : 0
-0.234014 0.228249 -0.00594452 -0.0107961 -0.394243 -0.989036 0.341342 -0.217398 0.754205 : 0.2
0.19144 0.399804 0.0614499 -0.380727 0.24061 0.816296 0.250921 -0.0586158 0.4424 : 0
-0.0130547 0.0140494 0.259376 -0.509651 -0.00153399 0.114749 -0.328986 -0.221946 0.722058 : 0
0.0959044 0.689425 -0.543081 0.039288 1 0.475712 0.0456272 0.401832 0.445475 : 0
-0.0164931 0.585521 -0.730943 0.401309 -0.0255301 0.100883 -0.266744 -0.0517719 -0.0143986 : 0.1
0.46287 0.268539 0.584187 0.142425 -0.499062 0.639988 -0.00950432 -0.310384 0.504192 : 0.1
0.0185207 0.443415 -0.540982 -0.115162 -0.142365 0.843009 -0.236145 -0.0447696 1 : 0.1
-0.600812 -0.925113 0.419165 0.780732 0.490056 0.125965 -0.411039 0.116494 0.253201 : 0
-0.644325 0.809411 0.0356086 0.712538 0.0310213 -0.266475 -0.0401274 0.302285 0.141939 : 0
-0.0866069 0.491026 0.406927 0.468065 -0.00850931 0.738502 0.144344 1 0.114218 : 0
0.441018 0.584122 0.378766 -1 0.203357 1 0.629909 0.42241 0.181498 : 0.3
0.089171 0.394712 0.0839566 -0.120409 -0.49441 -0.108083 0.133386 -0.0519825 0.1611 : 0
0.141061 0.643866 -0.156982 0.191196 0.804099 -0.128625 -0.410385 -0.194116 -1 : 0.1
-0.39635 0.752275 0.548628 -0.0639751 0.177482 0.0380671 0.436252 0.118934 0.139359 : 0
-0.315822 0.515752 -0.00538549 -0.109074 -0.412869 -0.249894 -0.291698 0.301977 0.694867 : 0.1
-0.289095 0.570424 0.406988 0.257893 -0.146105 0.513884 -0.0663713 -0.123395 0.837524 : 0
0.0241372 0.769899 0.0503571 0.527618 -0.0382059 0.121629 -0.154743 -0.3219 0.191522 : 0
-0.22936 0.627749 0.0221102 -0.0276898 0.295704 -0.0862312 0.0487578 0.532786 -0.00331985 : 0
-0.0556196 -0.286153 -0.064222 -0.0391634 0.600775 -0.669641 0.332778 0.0506855 0.121518 : 0.2
-0.424247 0.599003 -0.0903426 -0.989097 0.643939 0.863966 0.124124 0.356021 0.110584 : 0
-0.321513 0.264205 0.256575 -0.71542 0.223626 0.0967236 0.318864 0.0386604 -0.180527 : 0
0.0783717 0.352472 -0.577487 -0.57522 -0.185861 -0.0754755 -0.665447 -0.204422 0.196809 : 0.2
-0.238812 0.817932 -0.162861 -0.166746 0.677696 0.0095273 1 0.374949 0.188707 : 0
0.497829 0.222119 0.236681 0.903469 0.128331 0.58053 -0.428078 -0.0320812 0.177177 : 0.1
0.509795 0.485929 0.221453 0.0750547 -0.326447 0.614734 -0.0146067 0.278743 -0.243016 : 0
-0.123366 0.896383 0.0827582 -0.648677 -0.572705 -0.0536959 0.0742979 0.134163 0.487135 : 0.1
-0.652343 0.0970901 0.571885 -0.192352 0.11285 0.529696 -0.134775 0.134378 0.428886 : 0
-0.338905 0.646529 -0.039887 0.651407 0.762721 0.00873434 -0.00560247 -0.119443 0.287357 : 0.1
-0.308684 0.367136 0.486047 -0.120363 0.265375 -0.0273587 -0.0160594 -0.00254691 0.593853 : 0
-0.00537486 0.256604 -0.145237 -0.000971347 0.289207 -0.210195 0.312738 -0.112649 0.18369 : 0.3
-0.565831 0.595931 0.510905 0.678365 -0.0976173 0.722883 0.857164 -0.0764628 -0.107779 : 0
0.357878 0.350176 0.512475 0.227928 0.319233 0.718074 -0.0097446 0.149412 0.23954 : 0
0.0572707 0.466601 0.679912 -0.58104 0.0902334 0.699469 -0.188897 0.100023 0.145402 : 0
-0.0926866 0.296647 0.40416 -1 -0.967233 -0.82317 0.388565 0.806757 -1 : 0
-0.0563142 0.199562 -0.0382691 1 0.359011 0.382848 -0.103144 -0.0408006 0.348134 : 0.3
-0.271106 0.0236774 0.236036 -0.831622 -0.596206 0.55265 0.299794 0.559013 -0.431655 : 0.1
-1 0.0986128 0.10015 0.300007 0.352997 -0.179028 -0.337028 -0.0716829 0.43175 : 0
0.525896 0.666482 -0.123992 0.385478 0.158948 -0.0491804 -0.00535962 0.167583 0.0468021 : 0
0.562564 0.524497 1 0.498397 -0.358748 0.757314 0.185145 0.298114 -0.598504 : 0
-0.126829 0.628122 -0.0454315 -0.0992919 -0.0492176 0.0127397 0.0217774 0.176927 0.197628 : 0.2
-0.959511 0.49791 0.175213 -0.707594 0.0441359 -0.0319416 0.126598 0.118175 0.0754016 : 0.2
-0.337278 0.26193 0.0870056 -0.254487 0.0132554 0.590689 -0.0941184 0.734732 0.0399886 : 0.4
-0.455798 0.488636 0.198125 -1 0.0607082 -0.129985 0.401403 0.428517 0.109387 : 0
0.0613928 1 0.233971 -0.267475 0.374083 0.421812 0.0877666 0.18302 0.654138 : 0.2
0.13109 0.470716 -0.138697 -0.887221 -0.114961 -0.00997388 0.501838 0.0229876 0.438676 : 0
-0.0707928 1 0.0714294 -0.378502 -0.627216 0.571891 -0.0961767 -1 0.229026 : 0
0.648271 0.360187 -0.241001 -0.862874 0.971504 0.235098 0.0702541 0.0509161 -1 : 0
0.212279 0.360337 -0.0239501 -1 0.0768974 -1 0.592686 -0.0860964 0.169927 : 0.1
-0.00629104 -0.249933 -0.097141 -0.688211 0.811255 -0.0952915 -0.573442 -0.215177 -0.163641 : 0.3
-0.353925 0.722076 -0.186635 0.705659 0.0117641 0.101683 -0.639943 0.0217325 1 : 0
-0.249338 0.680599 0.280537 0.421216 0.738732 0.0606439 -0.177919 0.915989 0.0830275 : 0.1
0.00988941 0.620043 -0.144513 -0.297009 0.330617 0.632512 -0.926966 0.505743 0.320249 : 0.1
-0.0572323 0.862763 0.272882 -0.812233 0.31252 0.61569 -0.0615451 -0.0370254 0.107498 : 0.1
0.679761 0.332827 -0.0318846 -0.078182 0.0155338 0.149375 0.204563 0.219068 0.619621 : 0.2
-0.135049 0.224504 -0.153992 -0.298288 0.374792 -0.354919 -0.014853 -0.113616 0.278171 : 0
-0.0916179 0.444996 -0.95638 0.24957 -0.027716 0.10744 -0.107389 0.550953 0.134996 : 0.1
0.180666 0.213091 -0.433542 0.40414 -0.215149 0.24296 -0.344885 0.0603177 0.37767 : 0.4
-0.845136 0.424315 1 0.0233489 0.19012 -0.511797 0.209878 -0.248796 0.398176 : 0
-0.225576 0.573901 0.367032 -0.602402 -0.0450772 -0.572075 0.18936 0.320557 0.263964 : 0.1
0.435136 -1 -0.0158061 -0.275075 -0.541852 -0.416994 -0.278027 0.462746 1 : 0.5
-0.0569437 1 -0.286649 -0.0578953 -0.0761384 0.382874 -0.0552253 0.0673067 -0.127589 : 0.3
-0.0887397 0.620923 0.372818 1 -0.0648932 0.371586 0.241349 0.136158 -0.171234 : 0.1
-0.0182553 1 0.100563 -0.610093 0.293811 0.384706 0.0810094 -0.0131344 0.301999 : 0
0.0693818 0.594348 0.248287 -0.0805887 0.381945 0.504964 0.359836 0.186985 -0.584619 : 0.2
0.0708678 0.492913 0.249161 -0.108375 -0.280987 0.164809 -0.128799 -0.0103363 -0.213242 : 0
-1 0.320264 0.378721 -0.0234344 0.228239 0.360273 0.0537135 0.3538 -0.13223 : 0
-0.282936 0.216963 0.533189 0.292292 -0.100888 -0.259817 -0.325585 0.229276 0.16193 : 0
-0.338325 0.0534547 0.361434 -0.0656056 -0.0853568 0.245829 -0.421526 -0.152383 0.577745 : 0
-0.394615 0.864334 -0.189184 0.225653 -0.0385191 -0.0114201 0.260618 0.686158 -0.263243 : 0
-0.203451 -0.151604 0.310916 -0.445938 0.465761 -0.747924 -0.207719 -0.36078 0.73939 : 0.1
-0.146156 0.0684208 0.168751 -0.0406374 -0.179933 0.385631 -0.0690831 -0.192671 -0.0976975 : 0
0.55671 0.336109 0.18242 -0.257375 -0.167115 -0.849618 1 0.537453 0.267583 : 0
-0.416177 0.594795 0.154848 -0.808626 -0.604414 0.331689 0.165013 0.201693 0.196862 : 0.1
-0.269524 0.438482 0.0706036 1 0.799594 -0.0970235 1 0.502646 0.235123 : 0.1
0.178367 0.13626 -0.138493 1 -0.0616458 0.536786 0.00372139 0.0467284 -0.0342035 : 0
-0.25248 1 -0.194026 0.164606 -0.0180092 1 0.78143 0.0626155 -0.484111 : 0
0.0317731 -0.0393042 0.0798325 0.207004 0.865403 -0.516604 -0.0687971 -0.00808735 0.234721 : 0.1
-0.255129 -0.16168 0.0423842 0.110519 -0.0479341 -0.0299929 0.0365268 0.238283 0.270955 : 0.2
-0.0986249 0.3916 0.0846462 -0.628251 0.544652 -0.148163 0.0317666 0.110164 -0.250229 : 0
-0.151598 0.0927101 0.223648 0.0401204 0.0688015 -0.45416 0.02506 -0.0597625 0.0401898 : 0.1
0.173411 0.457038 0.0922076 1 0.299707 -0.0201368 0.236663 0.154054 0.00552106 : 0
0.319121 0.00627493 0.287949 0.78667 0.0649951 0.950215 0.283496 0.126158 -0.371872 : 0.2
0.730198 0.00588462 0.216914 1 0.0355446 -0.215107 0.138125 -0.111456 -0.234307 : 0
-0.0528155 1 0.916475 -0.235828 0.152868 -0.0754631 -0.124898 0.363577 -0.480926 : 0
0.210534 0.750569 -0.228673 1 0.354577 -0.00699219 0.119931 0.655713 0.288995 : 0
-0.0899772 0.222845 0.126467 -0.212377 -0.146344 0.489529 0.0871107 -0.104448 -0.107535 : 0
0.139871 0.917586 -0.246864 0.115746 -0.16407 0.70793 0.0987803 -0.287678 0.00727463 : 0
0.0745758 0.884667 0.152983 -0.230381 0.172226 0.285658 -0.168322 0.415765 0.286667 : 0.4
-0.11292 0.102938 0.194771 0.524737 -0.218534 0.174299 -0.0031364 0.682786 -0.126202 : 0
0.18019 0.0771727 1 -0.632077 -0.230299 -0.227475 0.0893668 -0.163229 -0.22548 : 0
0.503077 0.415355 -0.143263 0.00120563 -0.751639 -0.001161 0.007999 0.0419467 0.130451 : 0
0.296548 0.458384 0.181201 -0.600262 0.212954 -0.504181 0.98067 0.147407 0.0627242 : 0.2
0.117502 0.962599 0.324361 -0.311256 0.490096 -0.233227 0.157564 0.948842 -0.342064 : 0
-0.469565 0.732455 0.282596 0.213667 -0.142758 -0.0689984 -0.00795023 -0.00246073 -0.0406463 : 0.1
0.206764 0.87345 -0.0479241 0.221383 0.0703473 1 0.658588 -0.0412929 0.00734258 : 0
0.212137 0.319735 1 0.000245333 -0.318143 -0.338172 -0.294135 0.0495579 -0.347182 : 0
-0.131674 0.391562 0.162348 -0.470242 0.078427 -0.0797204 -0.0853141 0.0126102 -0.0425497 : 0.1
0.189203 0.898595 0.040902 0.630862 -0.280376 0.174657 0.473854 0.00880262 0.277256 : 0
-0.438063 0.80947 0.234358 1 -0.24575 0.486364 -0.50231 -0.205185 -0.0237245 : 0.2
-0.0799806 0.914172 0.016614 0.755423 0.0728103 1 0.0448756 -0.118976 0.392666 : 0.1
-1 0.610825 0.376004 -0.30176 0.118322 -0.830617 0.116203 0.4047 0.256797 : 0
-0.0962196 0.028181 0.216018 -0.993645 0.405681 0.371848 0.714166 0.109692 0.00161763 : 0.3
-0.307713 0.272441 0.403241 -0.761803 0.0126054 -0.404413 0.304897 0.771853 0.114288 : 0
0.421133 0.156605 0.0515841 -0.00623455 -0.132169 -0.0189786 0.103837 -0.270369 0.298733 : 0
0.0958048 0.224101 0.601873 -1 0.392686 0.429881 0.143097 -0.165904 0.162787 : 0.3
-0.192856 0.180704 -0.0731567 -0.460392 0.100106 0.427847 -0.778171 0.162406 0.34203 : 0
0.068345 0.603496 -0.257241 0.286491 -0.220958 0.440358 0.248165 0.232401 -0.420528 : 0
-0.277421 0.702539 -0.103859 0.754613 0.29092 0.229651 -0.0632152 0.556016 0.271808 : 0
-0.354525 0.806518 0.104769 -0.443071 -0.884454 0.550201 -0.122981 0.47507 0.271636 : 0
-0.260678 0.353713 -0.184467 0.421949 -0.853376 0.18424 -0.109062 0.314047 -0.0369467 : 0.2
-0.228177 0.198751 0.410524 0.36866 0.219642 0.00546394 -0.636864 0.0681018 1 : 0
0.167418 0.352336 0.244115 -0.0108004 0.0396532 0.14195 0.208467 1 0.183473 : 0
-0.337906 0.485971 -0.7554 -0.241182 0.104973 0.244842 0.270321 0.200534 -0.0297167 : 0
-0.503263 0.425563 -0.393673 -0.540467 -0.0956181 0.0302207 0.0508095 -0.202211 0.610117 : 0
-0.648192 -0.683786 -0.304074 -0.159639 -0.230115 0.351125 0.106364 -0.0316945 0.06973 : 0
0.0878221 0.466223 0.546785 1 0.041064 -0.672006 0.251033 1 0.428366 : 0.1
0.272835 0.680756 1 -0.327977 1 -0.563307 0.0528308 -0.0570082 0.0581151 : 0.1
0.120862 0.752228 -0.511081 0.0374355 0.128816 0.934799 -0.629285 0.0907117 -0.02551 : 0.1
0.329468 0.985779 -0.0515424 -1 1 0.29269 -0.317839 -0.11937 0.0147367 : 0
-0.0898284 0.212651 0.500768 0.358479 0.0586567 0.176977 0.085933 -0.00256988 0.311477 : 0.1
-0.516037 0.352868 0.145063 -0.373173 0.333407 -0.373923 -0.0220253 0.0752506 0.764167 : 0.2
-0.672207 0.133491 -0.677593 -0.272931 0.424285 0.0180486 0.096546 0.0343238 0.250209 : 0
0.173256 0.407607 0.430328 -0.630331 0.386293 0.541514 0.108391 0.117032 1 : 0
0.191014 0.294035 -0.0848201 0.472896 0.190783 0.196257 0.366145 -0.0837063 0.310659 : 0.3
-0.0709906 0.198236 0.750757 -0.129702 0.121628 0.0300691 0.579355 0.960436 0.0878914 : 0
0.816703 0.530824 0.243265 -1 0.291688 -0.225489 0.0442418 0.0983655 0.523242 : 0
0.109868 1 0.147487 -0.304603 -0.132699 -0.205644 -0.10536 -0.620633 0.0868621 : 0
-0.348064 0.323731 0.217095 -0.422895 0.249901 -0.0712515 0.255712 -0.0387686 0.174897 : 0
0.778996 0.82231 0.388076 -0.653354 0.411051 0.00243388 0.317386 0.224328 0.0740667 : 0
0.906716 0.696963 -0.0391777 -0.0795458 -0.60736 -0.0696809 0.310681 0.163949 0.0520735 : 0.1
0.504997 0.268216 0.256412 -0.190677 0.273489 -0.0328392 0.174467 0.200294 0.172697 : 0.4
0.071483 0.30162 -0.760113 0.423713 -0.539866 0.304105 -0.0629345 0.355563 0.212999 : 0
0.195771 0.69116 0.160555 -0.0802058 0.383837 0.102184 -0.148883 -0.0474865 0.333725 : 0.3
0.179384 0.467729 0.127313 0.256806 1 0.108899 1 0.0916284 -0.034736 : 0.2
-0.186747 0.288538 -0.197887 -0.23972 0.735537 -0.278634 -0.62084 -0.0593612 -0.0143059 : 0
-0.189255 0.25624 0.448428 -0.260918 0.319186 0.993553 -0.380485 -0.822643 0.276338 : 0.1
0.0554393 0.0169379 0.612692 -0.36811 -0.0578771 -0.703987 0.136384 -0.185736 -0.104734 : 0.1
-0.0368578 0.213583 0.164466 0.326173 0.186635 -0.464592 0.118428 0.670091 0.0401375 : 0
0.0131568 0.332071 0.0875846 -0.462002 0.390772 0.0807787 0.597115 -0.412076 -0.0850307 : 0
-0.311536 0.0932324 0.456208 0.231214 0.49852 0.0650457 -0.376761 0.347225 0.975463 : 0
-0.226727 0.551289 0.584796 0.682393 -1 0.377375 0.24326 0.101476 0.265395 : 0.3
0.265911 0.377823 0.320043 0.818937 -0.303651 0.0691359 0.0747458 -0.290446 -0.322458 : 0
0.112759 0.194537 0.167957 -1 -0.0196328 0.0377942 0.303092 0.575807 0.105879 : 0.3
0.354907 0.483793 -1 -0.580684 -1 -0.0505255 -0.447497 -0.0824924 -0.0315115 : 0.2
0.677672 0.563704 0.503351 0.142625 -0.177545 -0.0389709 -0.448219 0.258256 0.255879 : 0
-0.352215 1 0.609323 0.0370826 1 0.862515 -0.433317 -0.255024 0.447502 : 0
-0.00192717 0.673265 0.494231 -0.671426 0.371539 0.621721 0.0954784 -0.0488971 0.48692 : 0.1
0.0623204 0.685343 0.0737559 0.187943 0.0848401 0.161769 -0.123397 -0.122708 0.360658 : 0.1
-0.322288 0.522577 0.471203 0.35689 0.834176 -1 0.95501 0.25288 0.630956 : 0.2
0.0207703 -0.54302 0.577708 0.396824 -0.390836 -0.187357 0.48011 0.180346 0.639083 : 0.1
-0.206107 0.459067 -0.0524958 0.387967 0.813015 -0.0549878 -0.0260892 0.108749 0.671517 : 0.1
0.0942856 0.452757 -0.680836 1 -0.947167 -0.112422 -0.770301 0.388901 0.0706142 : 0.1
-0.162703 0.407559 0.211652 0.123408 0.141359 0.578371 0.663317 0.2575 0.101296 : 0
0.321299 -0.822662 0.631699 -0.187182 -0.199204 -0.149172 -0.294542 0.0139002 -1 : 0
-0.000438605 0.151179 0.394769 1 -0.088359 0.928077 -0.138378 0.1008 -0.188092 : 0.2
-0.131205 0.609827 0.541483 -0.456415 0.0592338 -0.391953 0.0404743 0.118307 1 : 0
-0.623621 0.0883738 0.712031 -1 0.139217 -1 -0.603824 0.0115297 0.794864 : 0.2
0.066891 -0.744287 -0.132106 -0.0654184 0.756332 -0.148628 0.394289 -0.206575 0.230558 : 0.1
-0.126324 0.174546 -0.191715 1 -0.0349282 0.101059 -0.959342 0.585315 0.931159 : 0
-0.737289 0.331033 0.0504947 0.626341 0.0604617 -0.0417541 0.102901 0.110293 -0.241059 : 0.2
-0.279722 0.325655 0.496768 0.849263 0.101238 -0.0144696 -0.274761 0.0883513 0.153867 : 0.1
0.469944 0.870891 -0.255779 -1 -0.062236 0.27449 0.178426 -0.493309 0.173217 : 0
-0.308368 0.196446 -0.0943035 -0.244827 -0.0670194 0.74107 0.0864017 -0.48755 0.318886 : 0
0.507417 0.463016 -0.13711 -0.140738 -1 0.104716 0.147378 0.418169 -0.112212 : 0
0.0313043 -0.508042 0.141405 0.715953 0.122981 -0.0794486 -0.269295 -0.33971 -0.35981 : 0
-0.0785671 0.733125 0.155133 -0.0689223 -0.119338 -0.281613 0.145175 0.395143 -0.216743 : 0
0.0617285 0.243402 -0.00960074 -0.0520803 -0.320654 0.124499 0.0415532 0.0638662 0.732616 : 0.1
-0.258745 -0.499891 0.547448 0.111671 0.0587682 0.64961 -0.527164 -0.101082 0.922074 : 0
-0.0433999 0.69508 0.657039 0.144194 0.060205 0.0917962 -0.286396 -0.0814449 0.167663 : 0
0.0280921 0.61895 0.153107 1 -0.370702 0.161157 -0.53437 0.224106 0.0279684 : 0.1
-0.0991857 0.286807 0.0733458 1 0.280523 -0.376189 0.11476 0.0911367 0.178332 : 0.1
-0.648318 0.230197 0.046698 0.839653 -0.230514 0.428601 -0.06045 -0.294386 0.780213 : 0
1 -0.248015 -0.154445 -0.106698 0.0181972 0.153804 0.122361 0.0506172 0.882664 : 0.5
0.168511 -0.319691 -0.0400989 1 0.0716392 0.0428509 0.0671419 -0.0905566 0.505299 : 0
-0.18311 0.181657 0.247071 0.91407 0.0387763 0.218025 0.0595278 -0.38711 0.244557 : 0.2
0.126029 1 0.230553 0.43928 -0.11645 0.24633 -0.0339422 -0.904402 0.119675 : 0
-0.343197 0.567001 0.829853 0.0724504 -0.00832841 -0.568121 0.688296 0.136616 0.183119 : 0
-0.134462 0.508631 0.846998 -1 0.218768 -0.263328 0.132579 -0.0939942 0.340512 : 0.4
-0.554192 0.449788 0.430773 -0.632495 0.0239585 0.0603763 0.172463 -0.27415 0.804643 : 0
0.161589 0.524639 0.538471 -0.268278 0.0911049 -0.150933 0.143599 0.236932 0.112005 : 0.4
-0.160132 0.424292 -0.116412 -0.0304128 0.610914 0.177832 0.108323 0.156379 0.00920069 : 0.1
0.392244 0.86433 0.0737572 0.243635 0.268838 -0.806491 0.0737079 -0.0193911 0.0253544 : 0.2
-0.122015 0.610092 0.25796 0.338851 -0.15512 0.121901 -0.0202431 0.541797 -0.170411 : 0
0.64213 0.629816 -0.241015 0.120532 -0.149217 -0.0490671 -0.0100352 0.0262046 0.194726 : 0.5
0.215947 1 0.0976132 0.852316 0.262206 0.389838 -0.00973251 -0.174594 0.311759 : 0.3
0.695301 0.674886 0.0127553 -0.419215 0.0491627 -0.349637 0.131666 0.256181 0.380264 : 0.4
0.000428975 0.820306 0.130774 -0.742201 -0.024224 -0.022277 -0.364355 -0.492659 0.24299 : 0.6
0.0527005 0.161221 -0.246626 1 -0.27394 0.114502 0.698359 -0.128997 0.61848 : 0
-0.383773 0.730422 0.477051 0.286695 0.017625 0.416596 0.306424 0.100603 -0.78402 : 0
0.106151 -0.278283 -1 -0.235341 -0.330887 0.468035 0.340786 -0.153001 0.123981 : 0.1
-0.07891 -0.365749 0.312864 -0.389175 0.115553 0.301167 1 0.347804 0.528459 : 0.1
0.180166 0.66812 -0.254265 0.0718321 -0.416745 0.538938 0.0917263 0.582063 0.206011 : 0
-1 -0.00485471 0.0138271 0.416789 0.58176 0.0121602 -0.121655 -0.0951209 -0.233308 : 0
-0.24618 0.108546 0.302359 0.523343 0.0125436 -0.574781 0.247038 -0.13086 0.797698 : 0
-0.315196 0.351947 0.249516 0.0846274 0.327945 0.61165 0.639591 -0.126986 -0.0851227 : 0.3
-0.102798 0.593239 0.100779 1 0.0144888 -0.319151 0.414662 -0.0894753 0.271104 : 0
-0.0592812 0.636061 0.379648 0.521384 0.340423 -0.299243 -0.227388 0.575058 0.320497 : 0.2
0.198557 -0.490506 0.0159519 0.111585 0.435644 0.130713 -0.616242 0.323618 -0.603878 : 0.1
0.0753699 0.680074 0.693401 0.254285 -0.389703 0.229526 -0.830004 0.063831 0.557926 : 0
-0.425958 0.288823 -0.0425032 0.0713177 0.217769 -0.127037 -0.0156326 -0.36052 -0.0426544 : 0
-0.141319 0.861322 -0.30806 0.61705 0.0602169 0.17192 -0.228615 -0.132073 0.186013 : 0
-0.25151 0.388456 0.142943 0.625713 0.419472 0.505411 0.276276 -0.175419 0.98859 : 0
0.754405 0.495954 -0.121178 -0.564931 0.972832 0.18448 -0.0323597 0.564855 0.64741 : 0
0.910628 0.476063 0.203947 -0.240225 -0.49626 -0.0815659 -0.16914 0.284925 1 : 0.1
-0.248634 0.548246 0.49706 -0.538397 -0.081492 -0.690876 0.144519 0.00439161 0.218111 : 0
0.300314 0.829126 0.377142 -0.28034 0.460195 -0.241408 0.256796 0.838582 0.0587876 : 0.1
-0.0521031 0.415851 0.0513935 -1 0.0874947 -1 0.724101 0.219715 0.124321 : 0
-0.137921 -0.109652 0.0272895 -0.190801 -0.333216 0.493892 0.0278111 -0.0621746 0.163612 : 0
0.716184 0.496474 0.306592 -0.090921 0.294732 -0.401118 -0.30461 -0.0880821 -0.206666 : 0
-0.130383 0.493597 -0.431324 -0.223752 0.45009 0.627033 -0.072364 0.168752 -0.0626294 : 0.1
-0.200015 0.322797 0.129811 -0.327089 0.357216 0.148313 1 0.306283 -0.151271 : 0
-0.0492488 -0.542738 -0.547394 -0.0961532 0.24037 -0.387252 0.131993 -0.233511 -0.04951 : 0
-0.583904 0.637688 1 -0.215356 -0.751927 -0.405501 0.522853 0.522098 1 : 0
0.235232 0.557306 -0.543617 -0.122259 -0.549133 0.751181 0.269354 0.108875 -1 : 0.1
-0.0122129 0.11031 -0.0966436 -0.697809 -0.987461 0.0827034 0.162292 -0.0733076 -0.371083 : 0
0.541417 0.18129 0.276803 -0.397164 0.589605 -0.0599627 -0.0312987 0.137536 -0.395411 : 0.3
0.324161 -0.671866 -0.226128 0.000983357 -0.0598645 -0.0800964 0.0228196 0.0791565 0.493504 : 0
-0.0899002 0.222893 -0.113079 0.347387 0.242806 0.246107 -0.0723815 -0.536388 0.217758 : 0
-0.511795 0.322063 -0.187962 -0.139329 0.509313 0.776181 0.0376533 -0.546078 0.112958 : 0
0.249514 0.458077 -0.16181 0.0572406 -0.29161 0.0762525 -0.0127932 0.000979009 0.656915 : 0.3
0.435369 0.978985 0.488577 0.0563071 0.0156093 0.417342 0.498466 -0.808535 -1 : 0
0.205952 0.443761 -0.20129 -0.0360885 -0.178583 0.0402631 0.837784 0.145284 0.0991767 : 0
-0.43867 0.549849 0.27088 0.566728 0.0525501 0.117434 -0.0409347 0.110585 -0.347794 : 0
-0.816646 -0.039457 -0.0823143 0.949766 0.212164 0.934991 0.104873 0.105994 0.536199 : 0
-0.432543 0.68093 0.397919 -0.0214256 0.464825 -0.255359 0.507992 0.518789 -0.201401 : 0
0.815676 0.6389 -0.159325 -0.362569 0.0928563 -0.0727785 0.0795484 1 1 : 0.3
-0.0235923 0.0556886 0.14605 -0.493017 0.25206 -0.344133 -0.0353671 0.101696 0.133007 : 0
-0.306351 0.369037 -0.0894381 0.605082 -0.984785 0.0848517 0.243304 0.0276185 0.268665 : 0
-0.294645 -0.728341 0.399529 0.812622 -0.327754 -0.865522 0.00972511 -0.0307622 0.562261 : 0
-0.00181174 0.671394 -0.0206976 1 0.0574099 -0.357228 -0.0957299 0.139166 0.533895 : 0
-0.94019 -0.512382 -0.523394 -0.241365 0.331298 0.563834 0.0171036 0.16376 0.310547 : 0
0.17415 0.268223 0.702083 -0.168584 0.121602 -0.065305 0.445935 0.0170972 0.107646 : 0.1
0.480859 -0.116172 0.265118 0.572483 -0.283449 -0.0557479 -0.114106 0.121279 -0.548734 : 0.6
0.148981 0.36162 0.0890449 -0.177275 0.119307 0.294546 -0.119665 -0.075225 0.338962 : 0.6
-0.277956 0.565118 0.374257 -0.100963 -0.587939 0.0185644 0.251134 0.200725 0.877611 : 0
0.112224 0.763941 0.448258 -0.117097 -0.0846587 0.0536007 -0.284717 0.0484338 -0.169655 : 0.1
-0.413301 0.417092 0.105322 0.809675 -0.209301 -0.287621 0.0225237 0.0613108 0.0654278 : 0.6
0.0505353 0.468263 -0.139543 -0.578297 0.46881 -0.153957 -0.331039 0.419583 0.582173 : 0
-0.115689 0.519586 0.23958 -0.675882 0.366988 -0.306119 0.361111 0.167623 0.237835 : 0
-0.05542 0.0506259 0.384519 0.563837 0.109042 -0.865498 0.25014 0.0307249 0.185519 : 0
-0.202159 0.518921 0.0892538 0.656422 0.122203 -0.385851 0.212557 1 0.317235 : 0.1
0.0255228 0.23351 0.126201 0.395527 0.0421304 0.12806 -0.806271 0.142279 -0.0580883 : 0.1
-0.0994625 0.469874 0.511833 0.0263783 -0.77062 -0.415011 0.535705 0.06319 1 : 0
-0.0833398 0.626572 -0.295789 -0.221027 -0.20329 0.160116 -0.260295 0.180821 0.483312 : 0
-0.283008 0.931329 0.26398 1 0.781188 -0.0793542 0.85543 -0.105074 0.314264 : 0.3
-0.12787 0.675175 -0.124378 -0.519007 0.0721425 0.335985 0.286077 0.098382 -0.0556662 : 0
-1 0.391367 0.636594 0.0522175 0.624461 1 -0.118141 -0.42031 0.448644 : 0.1
0.336763 0.560907 -0.000792496 -0.0274364 -0.409185 -0.1598 -0.0294067 0.48961 -0.122993 : 0.1
0.437466 0.484844 0.160146 -0.552116 -0.712758 -0.329355 0.794538 0.188546 -0.119645 : 0.1
0.0598851 0.173388 0.33212 0.330532 0.0929677 0.0349903 -0.51723 0.0917931 -0.941521 : 0.2
-0.0135456 1 -0.308879 0.0714408 -0.0956999 0.595897 0.244265 -0.00155268 0.316852 : 0.1
-0.390233 0.63455 0.332559 -0.60257 0.198212 0.445336 0.167012 0.0176388 0.325653 : 0
0.338162 0.383147 0.0173431 -0.240195 0.211073 0.11026 1 0.0613415 0.662419 : 0
-0.551668 0.382525 0.271737 1 0.966949 -0.724345 -0.345485 0.451367 -0.0678731 : 0.1
0.408256 0.463628 0.199006 -0.154233 -0.135608 1 -0.00432944 -0.0249534 0.33971 : 0
-0.245977 0.713035 -0.122174 -0.131881 0.117166 -0.272072 0.600518 0.40012 0.282251 : 0.3
-0.128423 0.459645 0.0075694 0.857102 -0.226159 0.504422 0.409443 0.377472 0.160408 : 0.1
-0.0461872 0.635179 -0.00570774 0.382788 0.121031 0.531072 -0.0935203 0.941996 -0.248093 : 0
0.36521 0.383326 0.240414 -0.198692 -0.259165 0.0787701 -0.849535 0.051238 0.218517 : 0
-0.107736 0.183461 0.270535 0.125773 -0.182221 -0.223552 0.124183 -0.100509 0.249655 : 0
-0.229145 -0.698404 0.379448 0.0563878 -0.334843 0.00233537 0.14029 0.0649684 1 : 0.1
0.122253 0.861839 0.609705 0.555404 0.615381 0.691137 -0.229606 0.416719 -1 : 0.3
0.264286 0.444274 0.0356879 -0.365561 0.85214 -0.154707 0.349167 0.792213 -0.955817 : 0.3
-0.0660554 0.236113 1 -0.979297 0.453841 -0.506374 0.280817 0.287415 0.209409 : 0.4
-0.550536 -0.523323 -0.146937 0.709701 0.680806 0.202223 1 0.533182 0.323513 : 0
0.0237757 0.817587 0.0627355 -0.0856553 0.0313142 0.657126 0.410787 -0.110895 -0.232047 : 0
0.284755 0.629347 -0.107014 -0.678914 0.621267 -0.463148 0.378459 0.493309 0.320725 : 0.1
-0.109256 0.937997 -0.0423441 -0.0421423 -0.0537253 0.539361 0.248601 0.00810198 0.131326 : 0.1
0.108754 -0.155589 -0.208583 -0.432823 -0.107098 0.0414479 0.110341 0.094339 -0.936399 : 0
-0.449953 0.123664 -0.128585 -0.176807 0.126514 0.961635 0.255512 0.02792 0.355759 : 0.1
-0.613546 0.329866 -0.104516 0.500402 0.396342 -0.184469 0.101359 0.0297172 0.133859 : 0
-1 0.414911 0.353401 -0.0150996 0.180825 0.703606 -0.0072009 0.339838 0.0726788 : 0.1
-0.241322 0.652868 0.527862 0.360268 1 0.72971 0.243959 0.22742 0.241121 : 0
-0.254839 0.536938 0.00891078 -0.332649 -0.433573 -0.151335 -0.338537 0.641306 0.217955 : 0
-0.400669 0.227077 -0.0893139 -0.00827312 0.464321 -0.189412 -0.246298 0.120123 0.17267 : 0
-0.0500734 0.440274 0.491387 -0.516028 0.0811374 -0.102761 0.195255 -0.0545474 0.0760957 : 0.1
-0.00470483 0.751639 0.304093 0.211427 -0.490648 -0.145795 0.186799 -0.574857 -0.243295 : 0
0.960415 0.531918 -0.121219 -1 -0.147818 0.389334 0.0747606 0.98517 -0.462807 : 0.1
-0.327242 0.947194 0.324196 -0.443188 0.182341 -1 -0.286906 0.0959905 0.211383 : 0.4
-0.336655 1 0.152109 -0.0165268 -0.506678 0.528903 0.118228 0.256408 -0.795424 : 0
-0.178374 -0.91234 -0.363732 -0.185406 0.79575 0.750256 -0.189287 0.0742346 0.19128 : 0.4
0.197556 0.667534 -0.422445 -0.000482893 -0.205108 0.524155 0.0449237 0.58492 0.232947 : 0
-0.213528 -0.325379 0.444251 -0.260771 0.727318 0.344549 0.696871 0.140454 -0.106313 : 0.2
0.311501 0.148374 -0.177628 -0.0894952 -0.14487 -0.0152932 0.0800309 0.0847368 0.394972 : 0
-0.110106 0.366261 -0.0849819 0.306811 0.193362 0.225891 -0.397775 -0.112465 0.380492 : 0
0.295271 0.387096 -0.964381 0.0518332 -0.457387 0.341031 -0.245963 -0.341839 0.894007 : 0.4
-0.249875 0.715796 0.277631 -0.326099 0.200994 0.27421 -0.00172096 -0.269741 0.731008 : 0
-0.0201986 0.651317 0.445923 -0.457989 1 0.0594502 -0.0399695 0.126678 -0.390059 : 0
0.0502729 0.559495 0.46055 -0.0679379 -0.367454 0.133482 0.478598 -0.114419 0.0819851 : 0
0.101399 0.553868 0.0265096 0.837943 -0.674178 0.325568 0.528499 0.445808 -0.984512 : 0
0.0253417 0.657073 0.171649 0.202365 0.282456 0.0221729 0.49148 0.0151916 0.0850353 : 0
0.141863 0.309696 -0.205197 0.934517 -0.0484515 0.173371 0.328094 0.713338 0.309238 : 0
-0.0680903 0.745179 0.348949 -1 0.152643 -0.177358 -0.0651645 0.878145 0.0481671 : 0.3
-0.0783023 0.0977955 -0.264154 -0.194236 0.0144543 0.775967 0.165004 -0.300224 0.26942 : 0.3
0.196068 0.0659944 -0.271276 0.436031 0.472514 0.0951268 -0.449242 -0.35694 0.020684 : 0.1
0.0987733 0.234812 -0.0292929 1 0.272137 -0.0421312 0.341642 0.713859 -1 : 0.4
0.00603183 -0.965329 -0.227447 -0.107052 0.191181 0.205968 -0.180109 0.151322 0.284633 : 0.2
-0.31112 0.240126 0.318654 -0.0622334 0.223416 0.227205 0.206462 0.297541 0.0365571 : 0.1
0.0425035 0.0389386 -1 -0.971132 -0.124529 0.386559 -0.128118 -0.436511 0.277019 : 0.4
0.278293 0.324878 0.32871 -1 0.529242 -0.0105629 0.197802 0.059251 -0.632248 : 0
-0.000231445 0.427102 0.0486717 0.219772 0.4152 -0.00763974 -0.506757 -0.599486 0.712167 : 0.1
-0.12775 0.444605 0.970047 0.320546 0.774667 0.631404 0.132965 0.193784 -0.152131 : 0
1 0.424734 0.0828608 0.922943 -0.0131705 -0.898731 -1 -0.368898 0.751749 : 0
0.695685 0.339962 0.273533 -0.13295 -0.252635 -1 1 0.148802 0.236746 : 0.6
-0.0228605 0.592965 -0.0926955 0.966469 0.205062 0.693663 0.0928228 1 0.0107126 : 0
0.0249802 0.471148 -0.0167402 -0.29218 0.0361596 -0.241335 0.0251581 0.157246 0.751839 : 0.1
0.294454 0.232419 -0.21381 0.358554 0.488162 0.171286 0.380197 -1 0.228354 : 0.6
-0.299703 0.326202 0.0230871 -0.413851 -0.344708 -0.172272 0.0741148 -0.0111386 -0.499496 : 0
0.831456 0.637419 0.124897 -1 1 0.186932 0.0841563 0.130732 0.115602 : 0
-0.168888 0.376168 -0.00118019 0.667847 -0.575818 -0.132145 0.0016475 0.0292284 0.19489 : 0.1
0.156911 0.461714 0.0916314 -0.00331181 0.0647111 -0.392074 0.408909 -0.0947218 0.123762 : 0
-0.269854 0.649279 0.117211 -0.872707 -0.403607 -0.25329 0.145368 0.469018 -0.0538237 : 0.4
-0.642092 0.275238 0.0823004 -0.127716 -0.611873 0.28935 0.139655 0.470006 -0.306651 : 0
-0.242249 0.561943 -0.149036 0.339377 1 0.029273 0.0074075 0.819341 0.273738 : 0.4
0.052414 0.43695 0.739794 -0.81552 0.16191 0.473804 0.165002 0.320498 0.124069 : 0
-0.19108 0.0553669 0.733019 -0.354063 -0.0253264 0.634725 0.782905 1 -0.0672209 : 0
-0.649928 0.259208 0.421399 -0.365376 0.0487442 0.815429 -0.156852 -0.237259 0.310012 : 0.4
0.224492 0.331404 0.558106 0.301544 0.536863 -0.130692 -0.413887 0.58041 1 : 0.4
-0.127895 0.569833 0.174358 -0.905407 0.298391 0.371411 0.427771 -0.0826422 0.62795 : 0.1
-0.180497 1 0.233271 -0.675355 0.0378248 0.977819 -0.827652 0.165061 0.108864 : 0
0.740773 -0.448883 0.341324 0.101614 -0.0525674 -0.0824924 -0.253354 -0.301031 0.771003 : 0.2
0.158879 0.563412 -0.267718 1 0.269582 0.0056393 0.142561 0.179629 0.337945 : 0.1
-0.425165 0.701793 0.17773 -0.35573 0.0879966 -1 0.0598958 0.153071 -0.0155013 : 0
0.27204 0.587088 0.266004 0.560431 -0.0762841 0.0240872 0.14569 0.330565 0.61661 : 0.2
0.682326 0.889607 0.434877 -0.174066 -0.29929 -0.29851 0.0532721 -0.102391 0.239167 : 0
-0.273324 0.637886 0.467734 -0.170595 -0.697925 0.509056 -0.593363 0.7518 0.0231419 : 0
0.278951 0.493153 -0.167083 0.66477 -0.141693 0.00750013 -0.0770651 0.0292544 0.512566 : 0.1
0.0408242 0.164764 0.511484 0.449771 0.256533 0.0795425 0.250823 0.000251882 -0.387223 : 0
-0.198064 0.858576 0.246655 0.778771 -0.29853 0.255315 1 -0.132669 0.383395 : 0.6
-0.0657094 0.562895 0.116717 1 0.256841 0.0954611 -0.0312262 0.121059 -0.395778 : 0
0.185365 0.770763 0.374604 -0.188069 0.0737296 -0.199088 0.151828 0.17229 0.293529 : 0
0.114077 0.535394 0.446549 0.0992974 0.31439 0.41709 -0.00458664 -0.146614 0.533461 : 0.1
-0.368395 0.592879 0.0185038 -0.268218 0.546549 -0.201969 -0.274482 0.256566 1 : 0
0.558124 0.211788 0.0992415 -0.265907 0.0617719 0.248728 0.18696 0.0630293 0.0892474 : 0
1 0.301637 -0.632413 -0.253274 -0.135575 -0.0335813 -0.156653 0.0882101 0.253959 : 0
-0.0174064 0.696959 0.166882 0.370779 0.325383 -0.369758 0.371159 0.163695 0.184283 : 0.2
-0.212766 -0.120297 0.269308 -0.231882 -0.193278 0.212226 0.117056 0.161662 -0.15659 : 0.1
1 0.448832 -0.24738 -0.627404 -0.0850094 0.624464 0.0873172 -0.866848 -0.818443 : 0.5
-0.0987818 -1 0.105368 0.404586 -0.408763 1 0.524579 0.195096 0.473519 : 0.1
0.466478 0.719137 0.243368 0.943865 0.246664 0.181211 -0.25351 -0.487731 0.4075 : 0.3
0.301865 0.691373 -0.0817678 -0.386393 0.16762 -0.335411 1 -0.0137732 -0.109795 : 0
-0.316903 0.117665 -0.323869 0.384292 0.0607666 0.541364 0.0189428 0.134296 0.617464 : 0
0.247063 -0.293322 -1 0.350636 0.395925 0.0450421 0.507375 0.361887 -0.963893 : 0.3
-0.0696722 -0.897552 0.716573 -0.372544 0.234001 -0.30603 0.106485 0.0150424 0.149418 : 0
0.0592984 0.331475 0.76458 -0.666579 0.263807 -0.225856 0.0215096 0.0181417 0.133055 : 0.1
0.00470491 0.679817 -0.500006 0.949646 -0.543426 0.284241 0.0826424 0.520705 0.347233 : 0.1
0.00353062 0.403904 0.562094 -0.0677882 0.140103 0.500279 0.0963625 0.135125 0.267626 : 0
0.331806 -1 0.58748 -0.165348 -0.193394 -0.0678328 0.42099 0.112256 0.0142145 : 0
0.392949 0.724503 0.284475 0.0547664 0.0650903 1 -0.0430637 0.186297 0.245762 : 0
-0.166833 0.650006 0.566128 1 0.0638623 0.353425 0.275945 0.397544 0.983882 : 0.4
0.416546 0.908294 -0.37108 -0.153502 -0.386283 0.19821 0.194369 0.218065 -0.60537 : 0
0.0671788 0.785545 0.606204 1 0.45873 -0.847193 -0.0491316 0.978116 0.516046 : 0
-0.108835 -0.238534 -0.0542555 -0.221633 -0.250244 0.56088 0.328279 0.502251 0.15339 : 0
-0.910626 0.861943 0.191079 0.0338964 0.643144 0.278632 -0.017355 0.141562 0.254144 : 0
-0.120113 1 1 0.298972 -0.528714 0.554781 -0.297152 0.240077 0.383969 : 0
-0.0625047 0.645827 -0.13989 -0.145775 -0.0267682 0.254322 0.204552 0.622125 0.170397 : 0.2
0.283971 0.52056 0.299537 -0.701325 0.149282 0.693211 0.347341 0.353457 1 : 0
-0.258261 0.305482 -0.189457 -0.879438 0.42755 -0.147913 0.268328 -0.195671 0.0568359 : 0
0.183369 0.197847 0.254336 -0.254721 -0.0826278 0.184413 0.210914 -0.0215923 0.140027 : 0.4
0.0625755 0.627555 0.107787 0.574435 0.110594 -0.141693 0.492112 -0.257939 0.578301 : 0
0.0681861 0.383539 0.509761 -0.649277 -0.0966045 0.258375 0.128713 0.145145 0.501553 : 0.1
0.102468 0.539232 0.101052 1 -0.213259 -0.399442 0.188031 0.412035 -0.209368 : 0.2
-0.195689 0.33154 0.0899954 -1 0.218932 0.257438 0.885129 -1 0.472883 : 0
0.016605 0.399932 0.410778 0.129014 -0.167016 0.589828 0.090976 0.296521 0.728957 : 0.4
-0.216763 0.00428055 0.11046 0.0940399 0.287965 -1 -0.0283044 -0.324863 0.413948 : 0.2
-0.0782434 -0.777572 0.276735 -0.0620448 -0.301717 0.173647 0.0141001 -0.0956654 0.250469 : 0.3
0.0547914 0.838431 0.283393 -0.584833 0.00262477 0.164259 -0.35413 0.172102 0.206288 : 0.4
0.284023 -0.230982 0.564357 0.0107552 0.0539945 0.300584 0.542763 0.27607 0.198833 : 0
-0.0991662 0.166059 0.305026 -0.000157111 -0.017846 -0.0517873 0.197435 0.0640131 0.944151 : 0.2
-0.454229 0.853281 0.0188215 -0.0144319 -0.0513882 -0.177434 0.260258 0.186707 0.152532 : 0
-0.658662 -0.00706799 -0.92519 -0.0860899 0.0437011 0.0272709 -0.0380201 -0.0151558 0.0455366 : 0.1
0.0611815 0.679599 0.177547 -0.51673 0.970153 0.157171 0.860343 0.189932 -0.101595 : 0
-0.823948 0.325368 0.00493661 -0.413525 0.338847 -0.0746441 0.0733965 -0.355407 0.323639 : 0
-0.254293 0.260067 0.516037 -1 -0.915231 0.315011 -0.54561 0.516251 -0.74164 : 0.4
-0.346556 0.387258 0.0639447 1 0.404824 0.175977 0.0783749 -0.155893 0.347576 : 0.1
-0.0158373 0.760366 0.401273 0.566361 0.235227 0.711336 0.155394 -0.228954 0.761256 : 0
0.0847525 0.578809 0.270079 -0.408633 1 -1 0.286735 0.138845 -0.394686 : 0.5
0.131297 0.242515 0.395485 -0.203034 0.111548 -0.151399 0.244788 0.644353 0.116399 : 0
-0.960025 0.309867 1 -0.276463 0.0711523 0.0725468 0.0912356 0.490596 0.248786 : 0
-0.214194 0.47689 0.146433 0.921889 0.342965 0.226847 -0.0683992 -0.113833 0.314415 : 0
0.249311 0.683676 -0.529618 1 -0.26222 0.415836 -0.840184 0.168281 0.0154284 : 0.1
-0.101189 1 -0.349741 -0.168377 0.352321 0.38515 0.0298255 0.584129 0.292513 : 0.2
-0.166655 0.711067 0.0272578 -0.0945233 -0.0428298 0.520292 0.174125 0.58811 -0.0430015 : 0.1
0.00228357 0.509118 0.294332 -0.441448 -0.22162 -0.570017 -0.203957 0.236772 0.448006 : 0.1
-0.17489 0.479218 -0.207665 -0.11468 0.436028 -0.382349 0.473946 -1 -0.0217371 : 0
-0.229831 -0.680573 -0.25277 0.501356 0.274647 -0.0221668 -0.629496 0.709061 0.229666 : 0
-0.598662 0.343192 -0.466986 0.08887 0.256613 0.243073 -1 -0.734816 0.105948 : 0.1
-0.775527 -0.645736 0.126879 -0.254057 0.493892 0.372831 -0.766034 0.0739864 0.120086 : 0.1
-0.431534 0.857627 0.00260097 0.479056 -0.553078 0.169839 0.00163929 1 0.0557319 : 0
0.179839 -1 0.362325 -0.392613 0.0836725 0.537722 0.174363 -0.0828283 0.167532 : 0
0.0208735 0.467441 0.416972 -0.0757342 -0.191883 -0.904235 -0.344058 -0.0490502 0.0297738 : 0.4
-0.0080575 -0.298234 0.33455 -0.629515 -0.907167 0.287052 0.490878 0.0021071 -0.191183 : 0
-0.639815 -1 -0.420183 0.712505 0.904348 -1 0.809061 0.0872082 0.102283 : 0
-0.165631 0.432662 0.000268042 0.58893 0.958861 0.367105 -0.118153 0.740908 0.600979 : 0
0.174525 0.528167 -0.747957 0.630302 -0.59763 0.486787 -1 0.842041 0.102596 : 0.5
-0.118109 0.6532 0.0511122 0.552839 -0.304575 -0.592684 0.195733 -0.124451 0.441767 : 0.3
0.24148 0.31286 -0.0568053 0.641711 0.172433 -0.199985 0.254503 1 -0.216236 : 0
0.0636688 0.611258 0.243287 1 1 -0.000542164 0.210345 -0.228478 0.38061 : 0
-0.327028 -0.582169 0.532329 0.325338 -0.251043 0.0719557 -0.43524 -0.422887 -0.0958695 : 0
0.25356 0.911359 0.0944868 -0.783249 -0.972814 -0.213288 -0.0835795 0.201246 -0.243271 : 0.2
-0.264424 1 0.0850843 -0.0746709 -0.0803741 -0.313923 -0.23023 0.223084 1 : 0.5
-0.0702485 0.191514 0.0146418 -0.103904 -0.346407 0.334252 0.159017 0.800459 0.208778 : 0.5
0.902992 0.641688 0.263659 0.131463 0.265788 0.823993 -0.114222 0.116374 -0.639912 : 0.3
0.75058 0.253697 -0.327971 0.213723 0.236011 1 -0.122435 0.0491697 -0.183871 : 0
0.206969 0.663307 0.256135 0.255522 -0.424359 -0.202195 -0.114548 0.226225 0.509162 : 0
-0.0737629 0.564732 0.247481 -1 0.101109 0.0709272 0.237601 0.399229 -0.253026 : 0
-0.123615 -0.591986 -0.506639 -0.18203 0.197074 -0.0818209 0.281693 -0.00639117 0.315193 : 0
0.247946 0.0875035 0.28507 0.0621429 0.138725 -0.203482 -0.163514 -0.253299 0.308136 : 0
0.357187 1 0.259687 -0.682391 0.235472 0.205811 0.0887383 0.548371 0.965302 : 0
-0.00885791 0.661729 0.561946 0.685617 0.306669 0.979904 0.125127 -0.0687068 -0.131905 : 0.3
-0.00941774 0.635544 0.277355 0.0870317 0.34064 1 0.122702 -0.00448586 0.602684 : 0.2
0.258654 0.51924 -0.220016 -1 -0.132304 0.0681421 0.0882147 0.646519 -0.911968 : 0
-0.563581 0.347538 0.152685 0.75678 -0.420663 -0.0920825 0.229708 0.0469458 -0.334491 : 0
-0.236401 0.699777 0.777573 -0.261864 0.892807 0.356821 -0.74668 0.181889 0.204717 : 0.1
0.959239 0.53234 0.122432 -0.452959 0.277831 0.227742 -0.112535 0.521064 0.0207365 : 0.1
-0.298102 0.676127 0.13034 0.185464 1 0.443304 0.165853 0.375663 0.259868 : 0.4
0.130741 0.236775 -0.336234 0.165551 -0.705705 -0.349127 -0.244756 0.117891 0.291685 : 0
-0.0884141 0.385585 0.0609699 -0.158905 0.373614 0.796508 0.0957542 0.078258 0.17345 : 0
-0.468893 0.829582 0.0420091 0.485979 -0.121821 -0.0337277 -0.259292 -0.0301545 0.142935 : 0
-0.695946 0.542359 0.198439 0.242931 -0.416691 0.16427 0.00637912 -0.0653148 0.0297754 : 0.3
-0.411754 0.304724 0.0873529 0.218159 -0.256849 0.47925 0.125874 -0.30531 -0.131005 : 0
-0.0938237 0.0351018 -0.929524 -1 0.04346 -0.131043 1 -1 0.314559 : 0
-0.244036 0.54399 0.39717 0.11463 0.14452 0.458889 -0.465121 0.0591429 0.367848 : 0
-0.69242 0.617118 0.37649 -0.558311 0.0745938 0.92766 0.42131 -0.207866 0.690764 : 0
-0.11152 0.565063 0.259594 -0.0563595 0.134626 0.666777 -0.157794 -0.213772 0.711854 : 0
-0.00385358 0.645931 0.176081 1 -0.369137 0.438561 0.308554 0.115859 0.160683 : 0
0.207316 0.0570499 0.221623 0.0152914 0.291667 -1 0.171666 1 -0.0220827 : 0.1
-0.234026 0.345938 0.2639 -0.572324 -0.51399 0.023731 -0.0394068 -0.155029 0.218047 : 0
-0.0857631 0.600513 -0.173401 -0.263936 -0.364708 -0.531905 0.161919 -0.551838 0.181479 : 0.4
0.282988 0.861725 -0.265061 -0.508028 -0.102158 0.153498 0.099534 0.885977 0.252977 : 0
-0.34869 0.269944 0.7683 -0.69332 0.0267163 -0.234824 0.00171632 0.0898507 0.170593 : 0
0.0491352 0.351428 0.0124466 -1 0.452776 -0.0199224 -0.304527 -0.0853775 0.0256379 : 0
-0.663971 0.260943 -0.380123 0.970539 -0.0448021 -0.195858 0.125615 -0.0190776 -0.0102121 : 0.3
-0.0846111 0.811466 0.598949 -0.0240719 -0.0192044 1 0.465357 0.168883 -0.266239 : 0
-0.119471 0.096899 0.612657 -0.283696 0.422546 -0.140981 -0.623843 0.649638 0.664682 : 0
-0.204728 0.788789 0.39842 0.0701752 0.715734 -0.152614 -0.499789 0.543177 0.692837 : 0
0.0487684 0.117754 0.295496 0.126531 -0.258093 -0.125274 0.233958 -0.108208 0.0998974 : 0
0.609217 0.462058 0.246877 -0.181556 -0.0924921 -1 1 -0.0461483 0.391033 : 0
0.0322984 0.534102 0.19204 0.570384 1 -0.987248 -0.313364 0.141181 0.838517 : 0
-0.118286 -0.0901476 0.0719694 -0.704898 0.497239 0.840307 0.0199419 0.158054 -0.783988 : 0
0.117723 0.145075 0.188272 -0.324533 0.00213084 0.142355 -0.301162 -0.120033 0.278933 : 0
-0.45212 0.70657 0.286313 0.624397 -1 0.294231 0.899057 -0.183976 -0.153619 : 0
0.0961352 0.577295 0.530734 -0.730608 0.357636 -0.0904453 0.0198293 0.582462 -0.0803617 : 0.4
-0.0243244 0.422003 0.103179 -0.10134 -0.0573902 0.252748 -0.120424 0.20833 0.172208 : 0
0.115615 0.167439 0.0056963 0.574412 -0.0308591 0.158596 0.26248 0.0606479 -0.0729771 : 0
-0.144732 0.41213 0.26694 0.672648 -0.417525 -0.0341701 -0.0948577 0.742876 0.0667917 : 0
-0.233967 0.229142 0.13282 -0.0971203 -0.132591 0.094149 0.0533171 0.765726 -0.215872 : 0
0.251673 0.185278 0.290925 0.549989 0.112367 -0.429796 0.418637 0.0751634 0.314069 : 0
1 0.294661 0.27008 0.508969 -0.222381 -0.0517727 -0.0951634 0.069942 0.574391 : 0
-0.0786989 0.464109 0.101267 -0.228747 0.320009 0.000627071 0.12099 -0.0294714 0.0495479 : 0
-0.122496 0.645276 -0.208637 -0.166255 0.73029 0.227148 -0.281877 0.410294 -0.308358 : 0.2
0.795175 0.18427 -0.057576 0.480941 -0.550863 -0.122422 -0.507935 0.0358423 0.237976 : 0
-0.742571 -0.0336424 0.0894363 -0.0593552 1 -0.192423 0.0574857 0.482977 0.166521 : 0.4
-0.32753 0.362536 -0.809752 1 -0.19568 0.421041 -0.0360372 0.196974 0.103133 : 0
0.0863048 0.380082 0.333659 -0.112212 0.110734 -0.0638574 0.143137 0.0186027 0.575353 : 0
-0.152887 0.414294 0.0737777 -0.130803 0.381161 0.637591 0.030779 -0.172653 -0.0983031 : 0.4
0.280484 0.724257 0.026512 -0.384523 0.0169218 0.953144 0.12736 0.0744512 -0.0447094 : 0
-0.0828499 0.206003 0.509598 -1 0.593163 0.266718 0.18533 0.0397953 0.550696 : 0
-0.135577 0.841957 0.361808 -0.268667 -0.865952 -0.198782 -0.00895809 0.122845 0.376987 : 0.5
0.162808 0.628757 0.0060054 -0.187314 0.234566 1 0.424565 0.0119251 0.859375 : 0
-0.992565 0.209695 0.184718 -1 0.425401 0.234918 0.280995 0.0222108 0.577996 : 0.1
0.349635 0.556667 -0.172103 -0.994256 0.393652 0.310777 0.193065 -0.884269 0.125045 : 0.5
0.0732089 0.250382 0.316124 0.413913 -0.170372 0.0152944 0.142173 0.052689 -0.329271 : 0.5
-0.84097 -0.0536042 0.511289 0.205612 0.410123 0.397598 0.0333846 0.0934199 0.340729 : 0.7
-0.308017 0.628542 0.25933 0.312082 -0.297239 0.506093 0.451707 0.233048 0.0715046 : 0.5
-0.889057 1 0.378139 0.379346 0.331888 0.645544 -0.00792951 0.0230096 0.337432 : 0
0.366646 0.13579 0.0336317 0.0442016 0.470231 0.402992 0.461491 0.176939 0.420282 : 0
-0.289267 0.690073 0.33836 0.875094 0.0411999 0.362538 -0.475091 0.120958 0.282674 : 0.1
-0.25636 0.260553 0.0744606 0.00334635 -0.496711 -0.117728 0.066115 0.447924 0.35376 : 0
-0.00947499 0.197334 0.203049 0.840487 0.2508 0.580751 -0.382151 0.42613 1 : 0
-0.297219 0.647279 -0.154076 -0.233241 1 -0.142246 -0.120469 0.760244 0.48181 : 0
0.058028 0.750152 -0.0507703 -0.591745 0.139585 -0.0444999 0.31325 0.282095 0.0748652 : 0
0.554238 -0.0984767 0.396865 0.899359 -0.0541245 0.574767 -0.0861632 -0.0892623 0.249528 : 0.1
0.0665459 0.463406 -0.258492 -0.471252 0.162393 -0.937246 0.535426 -0.0149688 0.276971 : 0
0.119627 0.924498 -0.00830519 -0.562281 0.365792 -0.078365 0.158891 0.168829 0.240339 : 0
-0.138094 -0.397248 0.225137 0.568224 0.361786 0.864563 0.0238147 0.550597 0.0990656 : 0
0.0875003 0.574655 0.147206 -0.428651 0.17186 0.994161 -0.338464 0.454736 -0.129319 : 0.1
-0.572092 0.379496 0.393236 -1 0.524184 0.102424 -0.0870003 0.275558 -0.092405 : 0
-0.334475 0.457084 0.338187 0.243933 -0.26841 -1 0.168799 0.00275446 -0.270291 : 0.1
-0.485933 0.843587 -0.226916 0.547398 0.352941 -0.0836478 0.16895 0.112331 0.266925 : 0
0.157548 0.586828 0.550462 -0.580291 0.0636577 0.37837 -0.018615 0.179455 0.244583 : 0
-0.369779 0.364642 -0.434063 -0.667418 0.0116273 -0.559539 0.239583 0.435796 0.448335 : 0
0.0972915 0.23015 0.158728 0.811892 -0.376472 0.0826354 0.565222 0.0370101 1 : 0
-0.28225 0.535932 0.115603 0.922943 1 0.140441 0.233971 0.274009 0.512555 : 0
0.296299 0.629542 -0.415051 0.616868 0.47841 -0.0165947 -0.332133 -0.0486338 -0.145548 : 0.2
-0.453536 0.311564 0.947045 0.800074 -0.64217 -0.0315669 0.635985 0.0901047 1 : 0.1
0.337023 -0.218582 1 -0.750547 -0.249969 0.0875705 0.227698 -0.104614 0.2165 : 0.3
-0.104296 0.419615 0.106427 1 0.261633 -0.22489 0.908922 -0.343347 0.360576 : 0.1
-0.244817 0.542209 0.0255325 0.630586 -0.811253 0.0566804 0.250789 0.0203108 0.198878 : 0
-0.0525398 0.56648 -1 0.24569 0.481766 0.144699 -0.24868 0.793761 0.628291 : 0
0.00753051 0.776108 0.463957 0.0930334 0.500291 0.527419 0.33964 0.152354 -0.220463 : 0.2
-0.245512 -0.909698 0.0392855 0.0876563 -0.151212 0.499153 0.0390734 0.0215331 0.141494 : 0.4
0.197827 -0.116861 0.0173613 1 0.98399 0.387202 -0.181581 -0.153895 0.134266 : 0
0.223403 0.567846 0.525772 -0.341923 0.134605 0.0191681 -0.143546 0.0295944 0.537922 : 0
-0.0129435 0.619652 0.351936 -0.246208 0.00583322 -0.0309567 -0.241641 0.367104 0.268943 : 0.4
0.0109558 0.685215 0.0458671 -0.827059 0.646089 0.528312 0.412778 0.241062 -0.29325 : 0
0.244047 -0.0352106 0.287759 0.124895 0.363989 0.668654 0.302892 -0.0574634 0.293908 : 0.4
0.219622 -0.845952 0.582804 -0.276426 0.401663 -0.0436875 -0.398458 -0.00639295 -0.181757 : 0.2
-0.124091 0.654609 0.144143 -0.60722 0.0984076 -0.438607 0.301738 -0.996802 0.131821 : 0.2
0.00533772 -0.191493 0.903522 -0.277455 -0.103265 0.54507 0.183167 0.149179 0.125775 : 0.4
-0.103153 0.463467 0.0600783 -0.227469 0.407143 0.140165 0.843763 -0.248654 0.369441 : 0
-0.0188209 0.334993 0.424021 -0.568802 0.755198 0.742776 0.132378 0.136233 0.122561 : 0.1
-0.538612 1 -0.0297713 -0.0907263 -0.372476 -0.830894 0.207308 -0.0744039 -0.00338647 : 0
-0.210961 0.271168 -0.143221 1 0.187189 0.104949 -0.0844437 0.778312 -0.180037 : 0.4
-0.0228032 0.625545 0.64245 0.162875 0.0598213 -0.519935 0.127584 -0.0958517 0.387141 : 0
0.380698 -0.888794 -0.0283203 -0.497675 -0.0208198 -0.0297529 -0.565724 -0.0488589 0.578589 : 0
1 0.257242 0.189018 -1 0.313281 0.349264 0.0645092 0.0980104 0.153019 : 0.3
-0.140167 -0.490026 0.32766 -0.300149 -0.440699 0.235551 -0.106932 -0.133401 0.191953 : 0
0.0621065 0.631501 0.0510171 -0.189579 -0.0491374 0.0927928 0.413117 0.0771529 0.538766 : 0.4
-0.848191 0.325031 0.903808 0.644516 -0.178935 -0.221488 -0.0965055 0.531911 0.173919 : 0.4
-0.0511134 0.293794 0.101005 0.597563 -0.712012 -0.359623 0.685771 0.0770385 0.386459 : 0.5
0.0161522 0.507157 0.0453916 1 0.124674 0.155903 -0.0564918 0.2575 0.427977 : 0
-0.168934 0.0889293 -0.131502 0.395273 -0.0837932 -0.266891 -0.159482 0.00330662 0.249288 : 0.3
0.258483 0.0824277 0.300834 0.0157129 -0.200881 0.142619 0.0249598 0.245838 0.496609 : 0
-0.0969757 0.556043 0.277684 -0.577853 -0.0412437 0.169612 -0.134236 0.112512 0.94685 : 0
-0.130725 0.250559 0.0470171 -0.120847 -0.158522 0.623213 0.110484 0.0957734 0.173349 : 0.1
0.439092 0.122146 0.185236 0.324855 0.0638243 0.23936 0.0205331 -0.0388316 -0.0093042 : 0
-0.304112 -0.146676 -0.125676 -0.314319 0.820119 0.229174 -0.396443 0.286594 0.179817 : 0.4
0.00421858 0.795412 -0.137586 -0.314907 0.114767 0.202283 -0.138337 0.196296 0.242755 : 0.1
0.134812 0.618382 -0.701058 1 -0.836321 0.535488 0.141772 0.217362 0.0976394 : 0.1
0.467576 0.497711 0.353542 -0.567554 0.405636 -0.0694972 -0.0836489 0.200102 -0.489308 : 0.1
-0.0545239 0.171278 1 0.509882 0.499579 -0.276732 -0.772537 0.0662218 -0.0551699 : 0
-0.0225293 0.430558 0.111752 0.0594203 -0.00805217 0.0471875 -0.0539412 0.275525 -0.0538034 : 0.1
0.582865 0.397041 -0.443722 -0.145009 0.110541 -0.0414455 0.0823381 0.355754 -0.282739 : 0
-0.303618 -0.0145145 -0.241241 -1 0.0487955 -0.72768 -0.700991 -0.0830213 0.223128 : 0
1 -0.0958151 -0.0713797 0.286969 0.152167 -0.109295 0.299098 0.345541 0.394231 : 0
-0.258436 0.194565 0.398992 0.243521 0.402385 0.180637 0.64537 -0.1746 -0.308651 : 0
-0.138841 0.783306 1 -0.409724 -0.333395 -0.869417 -0.116953 -0.159789 -0.131473 : 0.1
-0.465625 0.392856 0.293025 0.804393 0.340383 0.0418147 -0.0717965 0.0535483 -0.242825 : 0
-0.484412 0.453374 -0.50766 -0.484943 -0.00723902 -0.378869 -0.1323 -0.459395 0.309184 : 0.2
0.310947 0.29132 0.135648 -0.324456 -0.415624 0.376966 -0.209102 0.291654 0.0986626 : 0
0.193659 0.0769474 0.386112 0.219237 -0.064635 -0.177562 -0.435373 0.469396 0.449961 : 0.2
-0.0356436 -0.20687 0.0719525 0.368155 0.111345 -0.0264182 -0.512936 0.215767 0.363051 : 0.3
-0.00828078 0.319337 0.89688 0.380241 0.239492 0.0377918 0.168822 0.15805 0.629721 : 0.3
-0.271007 0.639636 0.167632 -0.0842947 -0.0239303 0.895755 0.333317 0.071266 0.335204 : 0.1
0.195288 0.633304 -0.000203609 -0.917668 0.983539 0.218841 -0.133882 1 -0.235626 : 0
-0.033918 0.211011 0.268124 -1 -0.3292 -0.347606 0.365072 0.438866 0.0320546 : 0
1 0.616605 0.118623 -0.45618 0.0360039 0.817223 0.162947 0.124724 0.105869 : 0
-0.505172 0.81268 0.0693813 -0.531432 -0.112606 0.148445 1 0.321714 -0.522146 : 0
-0.246805 0.794033 0.176505 -0.0279357 0.653665 0.160306 1 0.240332 -0.157855 : 0.1
-0.0950678 0.668975 0.27919 -0.436367 1 0.303561 -0.0352586 -0.0245168 0.582971 : 0.4
0.265428 0.584907 -0.00317358 0.2026 -1 0.255788 -0.0293839 0.0411189 -0.313593 : 0.1
0.027022 0.297245 0.0362886 0.59791 0.250666 0.923032 0.145394 -0.276666 0.290754 : 0.2
-0.0656513 0.0627621 -1 -0.452271 -0.0871204 -0.000589088 -0.016696 0.13109 -0.168048 : 0.1
-0.453919 0.809884 -0.0365233 0.178358 -0.704021 0.503502 0.137288 0.306188 -0.0864898 : 0
-0.408121 0.521352 0.347678 -0.459272 -0.0265667 0.709072 0.374078 0.182772 0.870808 : 0
-0.150325 0.448595 0.401138 0.00721973 0.189433 -0.401681 0.110832 0.0877624 0.133813 : 0.3
-0.453873 0.772816 0.0100221 -0.173401 0.116802 -0.0806951 0.0193409 -0.192777 -0.202476 : 0
0.0515936 0.453921 -0.0722661 -0.114954 -0.246823 -0.633106 0.34059 -0.268635 0.145446 : 0.2
-0.512824 0.571077 -0.0465378 0.956759 0.208195 -0.432045 0.432878 -0.906941 0.450805 : 0.3
0.0756584 0.92384 0.62487 0.157432 -0.209054 0.190133 -0.848506 0.138693 0.536503 : 0
-1 0.0880081 -0.0417047 -0.378275 -0.327453 -0.475429 -0.301939 -0.241021 1 : 0
-0.145596 0.158275 -0.385731 -0.2344 0.210554 0.329609 -0.182059 -0.0235643 0.287428 : 0
0.172256 0.85205 0.432919 -0.273969 -0.157 0.0525542 0.479007 -0.0743405 0.2822 : 0.3
-0.12913 0.459063 -0.537716 -0.341342 0.645482 0.385591 -0.0701135 -0.146787 0.112561 : 0.1
-0.556089 0.239711 -0.0166022 0.159147 -0.476128 1 0.0213209 -0.78183 0.155752 : 0.4
0.102203 -0.584561 -0.248845 0.209756 -0.376135 0.355072 0.150789 0.116612 0.972732 : 0
0.545442 0.579581 -0.00787157 -0.0011285 0.628688 -0.205837 0.00520429 -0.0744021 0.357885 : 0
-0.330231 1 0.0995996 0.00175537 0.385009 0.265058 0.112511 0.190423 0.394435 : 0
0.0515476 0.468282 -0.141933 0.540944 -0.141644 0.0166323 -0.22071 -0.339883 0.122322 : 0
-0.116063 0.258581 0.418256 -0.427686 -0.211145 -0.12855 -0.174888 0.0102549 0.242405 : 0
-0.305728 0.361742 0.146502 -0.425307 0.390889 -0.569238 0.388458 0.458797 1 : 0
0.155057 0.21129 0.303193 0.227192 0.91583 -0.871708 0.0824373 -0.0278632 0.808102 : 0.5
0.107632 0.517339 0.603791 0.0855231 -0.0400036 -0.245724 -0.310474 0.610725 0.646889 : 0.3
0.0338214 0.701611 -0.0161356 0.923616 0.141162 -0.33799 0.303032 0.309068 1 : 0.3
-0.0880446 0.299391 -0.880945 -0.841354 0.598085 -0.234652 0.227759 0.130174 0.174794 : 0.1
0.505931 -0.282687 0.0127125 -0.172309 0.154023 0.181428 0.297523 -0.0135175 0.0705877 : 0.3
0.0200207 0.462918 -1 -0.598915 -0.15299 0.0871771 -0.121582 -0.248972 0.0290322 : 0
0.203632 0.474335 0.112252 0.270644 0.204614 0.316246 0.174198 -0.211963 0.210458 : 0
-0.203613 0.854854 0.231781 0.00856644 0.463377 0.76198 0.449676 0.0345033 -0.0271752 : 0
-0.512652 0.595836 0.248142 -0.107429 0.107718 0.839408 0.0516833 0.239324 -0.265145 : 0
-0.690749 0.470522 -0.84685 -0.0357177 0.0335573 0.0969878 0.133015 -0.0353346 0.40566 : 0.1
0.0419521 1 1 -0.206756 0.191629 -0.474442 0.0827548 0.0568774 0.0872222 : 0
-0.784789 0.529894 0.145166 -0.262097 0.122485 -0.58876 0.0174132 0.0909524 0.147923 : 0.1
-0.21059 0.282643 -0.290179 -0.120898 -0.34261 0.120749 0.516994 -0.0950341 0.451149 : 0.4
-0.274159 0.592457 0.161628 1 0.272362 0.537382 -0.119076 0.261736 0.900264 : 0.1
-0.185472 0.312123 0.0935227 -0.0135978 0.370588 0.0256456 0.11341 -0.601781 0.925897 : 0
0.150756 0.141154 0.163161 -0.738823 -0.227365 0.409021 0.83103 0.0626072 -0.312059 : 0.3
-0.0472136 -0.212508 0.0818927 0.136509 -0.38588 0.184285 0.594425 0.192605 0.532994 : 0
-1 0.481595 0.177515 0.491649 0.0993965 -0.343598 0.207607 1 0.755446 : 0
-0.32197 0.624928 0.0696762 -0.56334 -4.88497e-05 0.389284 -0.66386 -0.0487591 -0.07375 : 0
-0.258304 0.672657 0.924091 -0.279238 0.891003 0.57674 0.17769 0.406869 0.293114 : 0
0.0710075 0.37609 0.269084 -0.0314239 0.167189 -0.390042 -0.177158 -0.184855 0.360903 : 0
-0.39943 0.34263 -0.143537 0.789085 0.238474 0.0937432 0.140476 0.203761 0.152482 : 0
0.535271 0.228417 0.506882 0.46399 0.681581 -0.100541 -0.544911 0.408622 0.304405 : 0.1
0.11631 0.678243 -0.142746 0.599141 -0.585578 -0.0842969 0.214345 0.11237 0.123606 : 0
-0.025684 0.859058 -0.093072 0.606307 -0.866455 0.30748 0.747613 0.705907 0.386672 : 0.5
0.023952 0.304591 0.267729 0.359909 0.0672449 0.0650194 -0.210153 -0.21965 0.177885 : 0
0.309768 0.622719 -0.13362 0.346056 -0.00429057 0.105873 -0.302437 0.213786 -0.761329 : 0
-0.0138854 0.358979 -0.296357 -0.174112 -0.9623 0.436737 -0.0246235 0.0417079 0.312762 : 0
-0.368666 1 -0.405656 -0.38933 0.291124 -0.0538593 0.154777 -0.0854404 0.261276 : 0.1
-0.180295 0.741276 0.0468407 -0.676926 0.597504 -0.682056 0.84645 0.286741 0.0327823 : 0
0.376994 0.556082 1 0.304216 -0.054398 0.299267 -0.0683261 0.277231 -0.414105 : 0
0.0601483 0.583278 0.441052 0.0854549 -0.440575 -0.113153 0.671143 -0.0268438 0.0907842 : 0
-0.0113137 0.704528 0.542684 -0.173968 0.58266 -0.500859 0.110549 -0.33263 0.229054 : 0.1
0.106748 0.274465 0.50762 0.298425 0.759508 0.608568 0.128598 0.104243 -0.151747 : 0
0.242831 0.819036 -0.136798 0.5232 -0.194732 -1 0.00557899 0.038641 0.0373277 : 0.4
0.0197422 0.240978 -0.179077 -0.15843 0.0902309 0.383768 0.0824089 0.0243671 0.335794 : 0.1
0.257042 -0.657872 0.464934 0.599022 -0.845556 -0.00751709 0.069973 -0.454879 -0.652105 : 0
0.0115394 0.775029 -0.169024 0.227928 -0.16946 0.0939668 0.476188 -0.100393 0.274649 : 0
-0.239683 0.765292 0.22018 -0.167113 0.309767 0.17008 -0.0417134 0.24662 0.225312 : 0.4
-0.558683 0.333266 -0.290933 1 0.124182 -0.19042 -0.209233 -0.129267 0.203469 : 0
-0.685267 -0.16381 0.356779 0.17179 0.27021 0.585278 0.372082 -0.0864621 0.236704 : 0.3
0.424496 1 0.126133 0.0587066 -0.0132052 -1 -0.237288 0.316816 0.305992 : 0
-0.27891 0.391203 1 -0.747367 0.707993 -0.973464 1 -0.556077 -0.230023 : 0
0.0145221 0.587345 0.508485 0.631086 0.257297 -0.0164035 -0.0142785 -0.0132343 0.626297 : 0
0.0254916 -0.110449 0.185056 0.839535 0.111398 0.0817207 -0.0769413 0.596335 1 : 0
-0.0357565 0.373034 0.196506 1 0.0445423 0.640979 0.110781 0.278834 1 : 0
-0.137331 0.297925 -0.163555 1 0.317336 0.099176 -0.160416 0.887539 0.134972 : 0.1
-0.0137782 0.366124 0.36053 0.318149 0.150998 0.558712 0.245169 -0.0204232 0.65521 : 0
-0.000439757 0.429916 0.2122 -0.0244712 0.337235 0.16303 0.71614 -0.545446 0.0384044 : 0
-0.232071 0.681395 0.310544 -0.662147 0.185218 -0.053767 0.381021 -0.034966 0.658386 : 0.1
0.263556 0.697091 0.580276 0.103071 -0.0265618 0.131057 0.302401 -0.00151743 0.114768 : 0
-0.250339 0.671918 0.546813 -0.816275 0.0897422 0.470277 0.0696244 0.14608 0.117037 : 0
0.780293 0.528582 -0.191302 -0.139798 0.0622931 0.296228 1 0.578366 0.121419 : 0
0.0424354 0.950409 0.082531 -0.282038 0.254767 0.235945 0.0807057 0.0316491 0.0891784 : 0.4
0.267657 0.12409 0.0286558 -0.00462554 -0.527185 -0.174618 -0.242509 0.19312 0.0613417 : 0.1
-0.0845025 0.0154811 0.424762 0.588741 -0.0323054 0.2731 -0.310308 0.139731 0.0354434 : 0
-0.118717 -0.136202 0.215656 0.0191289 -0.379599 0.304627 0.289309 0.0535983 1 : 0
-0.103 0.0700945 0.084769 -0.646257 -0.494576 0.298798 0.50523 0.361349 0.604755 : 0.1
0.081815 0.577778 0.674339 -1 0.613957 0.979481 -0.110153 0.0616808 0.115112 : 0
-0.332849 0.657966 0.111404 -0.973494 0.124984 0.257704 1 -0.0175938 -0.167985 : 0.1
1 0.252268 0.12822 0.152168 0.264166 -0.121221 0.121748 0.0713472 0.211223 : 0
-0.342036 0.374367 0.391523 0.516997 0.103787 -0.0862047 -0.0492442 -0.20002 1 : 0
-0.291209 0.95833 -0.432745 0.121032 0.1799 0.510203 0.237327 0.254648 -0.0514255 : 0
0.249367 0.526593 0.219828 -1 0.14852 0.00622767 -0.0847317 0.223227 -0.00350124 : 0
0.0300098 -0.546857 0.569769 0.0213453 0.0603412 0.145771 0.324672 0.218614 -0.409353 : 0.3
0.133964 0.68488 0.0173569 -0.329711 0.245622 0.186332 0.217366 0.166971 0.247034 : 0
-0.873912 -0.0623459 0.204322 0.218837 0.0747777 0.563711 -0.0431163 1 0.276831 : 0
-0.0273159 1 0.313283 -0.242011 0.52878 0.108688 0.00812346 0.0946391 -0.158053 : 0.3
0.223491 0.850843 0.146892 0.340776 0.187436 -0.272973 0.0731524 0.227666 0.394697 : 0
0.0568608 0.363774 0.451403 -0.0814134 0.205734 0.712288 0.0603535 -0.0993354 -0.51319 : 0
-0.0544115 0.339442 0.377776 0.179321 -0.286346 -0.410483 0.0604222 0.0606626 1 : 0
-0.0733902 0.542031 -0.323685 0.782094 -0.0981486 0.669324 0.136813 0.0683465 -0.304769 : 0.3
-0.0367743 0.402718 -0.109438 -0.809093 -0.0317651 0.0665896 -0.133299 0.0381745 0.666515 : 0.1
0.372338 0.706923 -0.0182846 1 0.498083 -0.0325597 -0.12484 1 0.602151 : 0
0.364061 0.679666 0.737338 -0.0610887 0.302325 -0.0265552 -0.305851 0.274776 0.982308 : 0
-0.159556 0.566306 0.195273 -0.0576223 0.193198 0.0606963 0.499564 0.193795 0.561061 : 0
0.367803 -0.406838 -0.297395 0.069804 -0.547766 0.173717 0.0651299 -0.0277823 0.129596 : 0.3
-0.401213 0.237389 0.900891 0.917307 0.541048 -0.163256 -0.74015 1 0.591428 : 0.1
-0.0235822 0.410475 -0.0365622 -0.167186 -0.177706 0.330725 0.193859 0.209452 -0.0566158 : 0
-0.154859 0.79716 0.694792 -0.131006 0.18008 0.315934 0.120679 0.372715 0.251397 : 0.1
-0.857638 -0.228012 0.127427 -0.804465 -0.0423447 -0.151225 0.0458009 0.1276 0.00199273 : 0.1
-0.353053 0.076385 -0.317438 0.100894 -0.243121 0.921688 -0.152526 0.357813 0.454729 : 0
0.159869 0.127429 0.2322 -0.421092 0.344507 0.317171 0.274508 -0.0185857 0.312075 : 0
0.21176 -0.464896 -0.413187 -0.566857 0.00613551 -0.17308 -0.222777 -0.44417 0.198923 : 0.4
-0.455132 0.463151 0.16107 -0.143226 0.189155 0.186933 0.131307 0.025214 -0.881898 : 0
-1 0.209008 -0.0383734 -0.129607 0.189841 1 -0.0519381 -0.206777 0.351319 : 0
0.207385 0.285281 -0.182653 -0.037474 0.0717599 -0.462414 0.49771 0.0549732 0.512004 : 0.5
0.258113 0.374074 0.180984 0.780094 0.0225408 -0.672855 0.467499 -0.138194 0.242929 : 0
0.221041 0.357738 0.17266 -0.229753 -0.200579 -1 -0.247827 0.00493598 0.313932 : 0
-0.193431 0.454182 0.231362 0.0716592 -0.248293 -0.341764 0.117062 -0.326018 -0.149125 : 0
-0.0232642 0.812565 0.426218 0.102257 0.0827513 0.620853 0.35927 -0.0423235 0.251886 : 0.4
0.0720292 0.858191 0.122017 0.186913 -0.473182 0.0376328 0.273081 -0.351219 0.188206 : 0
-0.0812533 0.0850794 0.31118 0.163799 0.14677 0.600704 0.0113467 -0.0447086 0.658548 : 0.2
0.12501 0.596831 0.304022 -0.0897994 1 0.284742 -0.0635559 0.23509 0.0995356 : 0.1
0.291506 0.480658 -0.223951 -0.550139 0.0419893 0.0638009 0.175656 0.317422 0.595749 : 0
0.127683 -0.244043 -0.0465346 0.295994 0.199477 -0.0739884 -0.339424 0.274941 0.15198 : 0
-1 0.202183 -0.351036 0.256234 0.718745 -0.556674 0.109511 0.0389023 -0.277707 : 0
-0.532655 0.731163 -0.279552 0.267637 -0.345024 -0.0491377 0.143071 0.00959165 0.148392 : 0
0.309293 0.256686 0.51313 0.189011 -0.132921 0.359355 -0.148351 0.00205962 0.377418 : 0
-0.227437 0.162333 0.515406 -0.280988 -0.18295 0.193427 0.32078 0.161437 0.440482 : 0
-0.087601 0.295401 0.215566 -1 0.0246664 -0.005144 -0.0270252 0.960271 0.0396642 : 0.1
0.0391456 0.443258 -0.217998 -0.139058 -0.131188 0.387743 -0.0637324 -0.21617 -0.0571311 : 0
-0.308313 0.198447 -0.187683 0.230879 0.119789 -0.1934 0.0998878 0.166568 0.994977 : 0
-0.616244 0.619807 -0.0375752 -0.153362 -0.346768 0.788965 -0.39337 0.479657 0.28765 : 0.1
-0.138467 0.51274 0.257492 -0.0301656 0.0493092 0.176721 -0.56811 0.210254 0.224292 : 0.6
0.00101437 0.670035 -0.192254 1 0.206029 -0.0468334 -0.208924 0.374377 0.224275 : 0
-0.432647 0.5416 0.979199 0.179941 -0.152458 0.402464 0.114782 -0.535953 -0.0906418 : 0
-0.0190756 -0.280399 0.417043 -0.328655 0.437126 -0.102394 -0.381982 0.616243 1 : 0
0.0319958 0.552193 -0.312692 0.736527 -0.265732 0.201409 -0.00325722 0.0430018 0.534538 : 0
-0.148419 0.875681 -0.33756 0.512044 0.164326 0.168591 -0.101554 -0.219006 0.515585 : 0
-0.880117 0.762347 0.135814 0.397682 0.348637 0.703802 0.0257476 -0.249335 0.648683 : 0.1
-0.138267 0.713219 0.846136 -0.320442 0.429818 0.601607 -0.119557 -0.0119967 0.303905 : 0.1
0.199568 0.412249 0.249384 0.944592 -0.265394 -0.148674 -0.583057 -0.366795 0.303116 : 0
-0.091621 -0.422186 0.495005 -0.12961 0.632887 -0.356984 -0.793407 0.14344 0.930351 : 0.4
-0.582745 0.945864 0.13851 0.170992 -1 0.0502146 0.0510695 -0.0641096 0.0603601 : 0.1
0.143442 0.160181 0.426983 0.283104 -0.511914 0.101114 -0.737887 0.130874 0.271042 : 0.3
-0.343284 -0.155017 0.0290008 0.142222 1 0.500361 -0.569822 -0.137167 0.327637 : 0.1
0.0115509 -0.261707 0.00931733 0.832862 0.106667 -0.00724017 -0.25636 1 -0.25984 : 0.6
0.391169 0.716723 0.212327 -0.522853 0.195082 0.0308214 -0.0361708 0.287744 0.287311 : 0
0.211665 0.503976 0.353418 0.236582 -0.550497 -0.0248138 0.050871 0.298673 0.0599583 : 0
0.176546 0.195477 0.347064 0.0644748 -0.246626 0.25517 -0.402101 0.0130795 0.29304 : 0.7
-0.312958 0.414549 -0.399746 0.332476 0.152343 -0.543792 -0.306866 0.611988 -0.0755602 : 0
-0.299071 -0.116097 0.247496 -0.289041 -0.255401 1 -0.0278768 -0.269963 -0.739391 : 0
-0.0904668 0.710647 -0.0558396 -0.300743 0.199976 -0.200746 0.0237073 0.203509 0.212621 : 0
1 0.653022 0.460001 0.292716 -0.0125034 0.122542 -0.121015 0.126729 0.44052 : 0
0.268249 0.182944 -0.0102088 -0.0820279 -0.200618 0.147025 0.257242 -0.146997 0.5726 : 0.3
-0.720295 0.312629 1 1 0.242595 0.338688 0.439977 0.105091 1 : 0
-0.0833523 0.29032 -0.369064 -0.127415 -0.853182 0.404607 0.126553 0.178363 0.0869273 : 0
0.0196691 0.652966 -0.186057 -0.839883 -0.0811851 -0.490801 0.408317 -0.0239422 0.161345 : 0
0.067996 0.353668 0.408829 -0.0919307 -0.200856 -0.335944 -0.133575 0.353336 1 : 0
-0.166962 0.0298572 -0.463188 -0.296891 0.191219 1 0.0610225 0.0478371 0.138197 : 0
-0.33821 0.573412 0.138779 0.752836 -0.150072 0.00565362 0.25916 0.259565 0.307917 : 0
-0.00250591 0.439407 0.783535 0.554986 0.12764 0.0207615 0.30883 0.528173 0.145918 : 0
0.191493 0.145248 0.0612932 0.652988 0.82962 0.214089 -0.272682 0.124374 -0.124397 : 0
-0.0148725 0.162758 -0.205238 -0.862859 0.296173 1 0.135148 0.249605 -1 : 0
-0.0887367 0.192748 0.0618001 0.182217 -0.348667 1 0.409845 0.0880494 0.482518 : 0.3
0.0202665 0.193036 1 0.39793 -0.0602567 0.870336 0.192479 0.0760668 -0.611665 : 0
1 0.500933 -0.282941 -0.392344 0.197308 -0.130255 -0.383464 0.507163 1 : 0
0.268649 0.494472 0.21287 -1 0.268068 -0.90139 -0.615111 0.0747214 0.249561 : 0.3
-0.877228 0.832031 -0.109392 0.495472 0.865236 0.586859 -0.731776 0.093129 0.197543 : 0
0.0446759 0.219829 0.861837 0.387638 0.513787 0.0978392 0.0418742 -0.294018 0.105132 : 0.6
0.0884243 0.344381 0.164521 0.593006 0.133923 -0.333956 0.178699 -0.363932 0.167335 : 0
-0.0706279 0.453518 -0.0892677 0.587182 0.258765 -0.367089 0.406912 0.881237 0.245922 : 0
-0.0292744 0.163528 -0.0466743 -0.737903 0.106939 0.183503 0.0306254 -0.208097 0.062033 : 0
0.0538119 0.562763 0.127306 0.813183 0.020557 -0.113463 0.13332 0.0905758 0.0553202 : 0
0.689218 0.653948 0.0620122 0.296872 0.185023 -1 -0.0524372 0.229774 0.820541 : 0.3
-0.133807 0.591213 0.194743 -0.798335 0.289736 1 0.282312 0.0420617 0.783493 : 0.4
-0.668308 0.497901 -0.242084 -0.00873902 0.0529118 -0.20394 -0.307082 0.0596127 0.166612 : 0
-0.73579 0.763558 0.0855797 -1 -0.14988 -0.489169 0.111528 -0.728283 0.197929 : 0
0.456641 0.146376 0.077962 0.770157 -0.197978 0.361014 0.190516 0.118759 -0.00877522 : 0
0.295951 0.2793 1 -1 -0.41605 -0.393601 -0.389851 0.222415 0.442857 : 0
-0.0922981 -0.191187 0.179491 0.496291 -0.447654 0.402204 0.47218 0.131123 -0.10835 : 0
0.0754246 -0.111753 -0.155488 1 0.0374978 -0.0878699 0.0990629 0.499915 -0.867818 : 0
0.388357 0.707446 0.0459254 -0.174164 -0.00996245 -0.148451 -0.10552 0.0361781 -0.0658839 : 0.1
-0.204137 0.587639 -0.993168 0.283781 0.0389397 -0.104096 0.107304 0.439789 0.517826 : 0
-0.631252 0.494573 0.329583 0.285253 1 1 -0.179045 0.038333 0.26218 : 0.2
0.297146 1 0.71487 -0.317049 0.406358 0.252419 0.11249 0.201173 0.0897163 : 0.1
0.205799 0.575719 0.459396 0.8389 -0.0216684 0.227889 0.0554745 0.477942 0.849113 : 0
-0.19865 0.417096 0.237152 -0.782865 0.149354 1 0.122196 0.0576711 -0.242771 : 0
0.358951 0.454526 0.231829 0.154831 0.169912 -0.0434625 -0.239912 0.154707 0.158157 : 0
-0.0721995 0.0577005 -0.247893 -0.117166 0.531898 0.519091 -0.566846 0.0939977 0.312479 : 0.1
-0.606806 0.0194359 0.418249 0.577506 0.384677 -0.0726728 -0.056019 0.00307709 0.366545 : 0
-0.0447506 0.509102 -0.117497 -0.124681 -0.108507 -0.248739 -0.189342 -0.0384815 0.0937546 : 0
-0.431995 -0.350601 -0.0429725 0.841816 -0.0147079 0.116752 -0.395014 -0.0725198 0.179456 : 0
-0.124025 0.373475 -0.131394 0.0116956 1 0.0180205 0.0847505 -0.453637 -0.174142 : 0.2
-0.394835 0.475636 -1 0.251764 0.308552 -0.0233392 -0.0936325 -0.108556 0.294377 : 0.1
-0.391256 0.00325604 0.348802 -0.613196 0.154931 -0.0944081 -0.00105563 -0.110821 0.75131 : 0.1
-0.582534 0.427703 0.143634 0.446875 0.567168 0.00442038 0.102671 -0.595979 -0.16809 : 0
-0.577606 0.673647 0.070144 -1 0.0524278 -0.0951934 -0.00105654 -0.236167 0.481169 : 0.5
0.910673 0.605593 0.33576 0.0367664 -0.12773 0.0120717 -0.525568 -0.0508186 -0.743451 : 0
-0.787766 0.263023 0.425118 0.263441 -0.0243653 -0.0564573 0.0749468 0.399915 0.64333 : 0.6
-0.648225 0.183034 0.276802 0.283278 0.000611492 -0.239173 -0.237592 -0.201687 0.0740859 : 0
0.131181 -0.0350495 0.335615 -0.343476 -0.0138186 -0.271235 -0.274032 -0.0308778 0.0950214 : 0.1
-0.0835221 0.60287 0.127184 0.8472 0.983853 0.0261348 -0.306502 -0.259905 0.221117 : 0
0.170145 0.358213 -0.120771 1 0.177501 0.00561523 0.777151 -1 0.300757 : 0
0.522164 0.141495 0.00201164 0.423054 0.229517 -0.0567566 -0.191757 0.444551 0.0556736 : 0
-0.101328 0.179168 -0.0616217 -0.4375 -0.0126503 0.449815 -0.131019 0.55948 0.501995 : 0.2
0.311499 0.675094 0.0396569 0.8044 -0.164483 0.472418 -0.0417773 0.0718324 0.170084 : 0
0.186918 0.541755 0.845617 0.365051 -0.0842562 -0.0359287 -0.0572041 0.120267 0.167763 : 0
0.263934 -0.367278 0.486244 0.0677114 -0.0346751 -0.265185 -0.791554 -0.0937475 -1 : 0
0.189023 0.592727 0.392553 -0.199377 0.116544 0.0905594 0.32192 0.153981 0.4688 : 0
0.831291 0.336967 0.0262335 -0.155794 0.167056 -0.108333 0.320692 -0.0661618 0.408732 : 0
-0.211837 0.17718 -0.10452 0.353218 0.0677551 0.144424 0.155906 0.123174 0.320847 : 0.4
0.150284 0.899156 0.302679 -0.2502 -0.756076 -0.00254017 0.328065 -0.125063 0.18968 : 0.1
0.0170486 0.302543 0.520771 -0.0180529 -0.0826195 0.600878 0.173934 -0.218384 0.941533 : 0.3
-0.514248 0.54482 -0.283043 -0.0123205 0.151418 -0.0326518 0.115316 0.0959125 0.0790251 : 0.3
-0.305692 0.303518 0.690565 -0.221887 0.143075 0.510569 0.198942 0.0798461 0.0918846 : 0
0.158889 -0.13332 -0.118364 0.681466 0.291646 0.0121371 0.309266 0.195359 -0.436276 : 0
0.276425 0.557079 0.0529175 -0.64834 0.00671209 0.411284 0.153969 -0.362683 -1 : 0
-0.322729 0.0282715 0.936969 0.656485 0.310541 0.0439227 -0.581391 -0.369748 0.447607 : 0.4
-0.48147 0.451652 0.185161 -0.153738 0.47012 -0.0606887 -0.773912 1 0.72498 : 0
0.275315 0.37588 0.212844 -0.0259928 -0.497759 0.209592 -0.0501808 0.141957 1 : 0.1
0.44519 0.0929606 -0.163413 0.768044 0.191994 0.18656 0.326624 0.605394 -0.227391 : 0.3
-0.111844 0.321702 0.177036 0.978615 0.619086 0.39087 0.574836 -0.284002 0.344224 : 0
0.210052 -0.497547 -0.329455 -0.198945 -0.441859 -0.0663053 -0.0976575 0.0475712 0.147938 : 0.6
0.0707283 0.312306 -0.43756 -0.539221 -0.152336 0.237025 -1 0.293542 0.547442 : 0
-0.697617 0.25783 0.295031 0.012179 0.349704 0.115935 0.158589 0.0172637 0.431094 : 0
-0.0853198 0.236123 0.359092 1 0.118417 -1 0.317613 -0.173326 0.0092546 : 0
0.249381 0.638355 -0.180645 0.102195 0.658758 0.196862 0.106616 0.0313141 0.310133 : 0.6
0.124144 -0.169304 0.0737494 -0.195308 -0.152533 0.212584 0.155917 -0.186284 0.248086 : 0
0.00106698 0.755214 0.291974 0.799745 0.0522167 0.665822 0.503493 -0.0322373 0.120267 : 0
0.405624 0.361518 -0.131786 -0.174912 0.708401 0.146349 -0.446282 0.706161 -0.88782 : 0
-0.252972 0.489663 0.0493837 -0.201644 0.0832765 0.721799 0.156626 0.0740781 0.636841 : 0
-0.311864 0.137841 0.0622598 -0.095843 0.170157 0.558716 0.478222 0.111094 0.946482 : 0
0.466694 0.374169 -0.192753 -0.207937 0.285373 -1 0.157059 0.339621 0.151158 : 0.5
0.161621 0.494288 0.774829 -0.434347 0.185694 -0.58238 0.530736 -0.526033 0.0694792 : 0.1
0.105268 0.732537 0.199106 -0.579709 0.0475352 0.610092 0.436423 -0.0608977 -0.701134 : 0
-0.00354145 0.237265 0.261292 1 0.0867819 -0.480247 -0.011664 0.0812137 1 : 0.4
0.303955 0.517862 0.441906 -0.293735 0.367551 -1 -0.005286 -0.00601104 0.132768 : 0.4
-0.531073 0.62559 -0.104289 0.0729671 0.774667 -0.134363 0.360986 0.196754 0.334465 : 0
0.0484393 0.289053 0.386442 0.145209 -0.470579 0.30922 -0.236588 0.102725 0.159597 : 0.1
0.245304 0.0038746 0.479329 0.299451 0.132977 0.00842902 0.27419 -0.129285 0.789525 : 0
-0.420037 0.418742 -0.545647 0.558044 0.162396 0.392636 1 -0.0785661 0.197849 : 0
0.284079 0.219839 0.858403 -0.00925124 -0.212165 0.461986 -0.220859 0.215162 0.161031 : 0
-0.111029 0.497413 -0.312105 -0.199451 0.196424 0.603015 0.0729544 -0.0933995 0.136072 : 0
-0.986722 0.277223 0.00310046 0.391171 0.0484579 0.113179 0.679561 0.081271 0.211554 : 0.1
0.0448488 -0.601094 0.0960164 -0.747942 0.144685 -0.18353 0.0394971 -0.400001 -0.429743 : 0.1
0.47782 -0.334015 0.268872 -0.23911 -0.505454 1 0.759943 -0.0324409 0.217848 : 0.1
-0.241746 0.672553 0.142941 -0.130227 0.951684 0.401777 0.646729 0.404009 0.208898 : 0.2
0.0560537 -0.0206108 0.450525 0.610301 -0.0611322 -0.110392 0.104338 -0.40647 0.195496 : 0.1
-0.0992168 0.665842 0.70115 0.084935 0.36037 0.635588 1 0.371203 0.314581 : 0
0.81344 0.276376 -0.21624 0.733077 0.257093 1 0.0852573 0.0812771 0.291599 : 0.4
1 -0.499242 0.925473 1 -0.0305819 0.162343 -0.147773 -0.103226 0.433129 : 0.2
0.0706741 0.662101 0.499043 1 0.7858 0.121676 0.131043 0.0268556 0.0800402 : 0.1
0.0454393 0.645269 0.0885086 0.228447 0.108843 -0.0480124 0.161555 1 0.16971 : 0
-0.182024 0.468186 -0.547101 -0.38672 0.921257 -0.0387042 0.0635169 0.243311 0.716439 : 0.1
0.0401584 0.20805 0.78676 -0.0239309 0.177393 0.239335 0.181898 0.678554 0.240124 : 0
0.16712 0.118941 0.675836 0.246737 0.109114 0.0144549 0.158849 0.784978 0.112969 : 0.4
0.0659745 0.0813722 0.216441 0.383287 -0.0728123 -0.188411 -0.0789491 0.164803 -0.197709 : 0.1
0.145703 -0.872389 0.0747132 -0.435136 0.324839 0.543104 0.190122 0.129255 0.269978 : 0.1
0.425832 1 -0.0244012 0.17679 0.39973 -0.147708 -0.0811603 0.183781 0.301798 : 0
-0.162489 0.641027 0.372599 -0.0186334 -0.214829 -0.123211 0.00197977 -0.161404 1 : 0
0.205161 0.933776 0.516427 -0.40274 -0.633172 0.319656 -0.461098 -0.163368 0.262755 : 0
-0.169975 1 0.169407 0.0385674 -0.144155 0.352699 0.544602 0.114715 0.0852805 : 0.2
-0.0816401 0.635397 0.0359953 0.10209 -0.231745 0.10333 0.286745 0.26955 0.77873 : 0.2
-0.24207 0.766193 0.122532 0.316099 -0.04544 -0.0132544 -0.00301826 0.106782 0.143915 : 0.5
0.0731082 0.739318 -0.427599 0.251844 -0.269533 0.177304 -1 0.075401 -0.153372 : 0.5
-0.107916 0.159081 -0.600367 0.0235627 -0.0660527 0.68097 -0.0462521 0.194312 0.306832 : 0
0.0764823 -0.547003 0.335605 0.497487 0.267169 -0.142465 0.0508565 -0.121911 0.749793 : 0
-0.0270154 -0.0167246 -1 -0.616677 -0.135807 -0.108937 -0.566226 -0.234422 0.154845 : 0
0.456 0.509693 -0.261733 0.653478 0.612688 -0.00814745 -0.203041 0.544003 -0.379609 : 0.5
-0.399432 0.223826 0.681741 -0.125164 -0.0480646 -0.216267 0.232892 -0.314844 0.572871 : 0
0.040566 0.594208 0.520057 -0.726325 0.228518 -0.0145644 -0.131319 -0.0475384 0.218284 : 0
-0.178513 0.758974 1 0.544257 -0.0233139 0.233321 0.491762 0.141544 0.206011 : 0
-0.255314 0.422971 0.182957 0.195455 0.301405 0.59282 0.356751 -0.381835 -0.0614982 : 0.1
-0.194572 0.567065 0.278681 0.238371 0.00372102 0.260709 0.138795 0.278063 0.531502 : 0
