0.124879 -0.713674 0.167229 -0.192506 0.170379 -0.254813 0.0113436 -0.236821 0.872568 : 0.1
-0.82077 0.139442 0.167571 0.201336 0.0570149 0.0514902 0.025894 0.276379 0.394902 : 0
0.115375 -0.689447 -0.21368 -0.0603591 0.188878 0.063078 -0.0882949 0.0417932 0.099356 : 0.3
-0.0461228 -0.172793 0.574159 0.109785 0.424539 -0.125595 0.231627 -0.100853 -0.205591 : 0
0.80341 0.0288395 0.23339 -0.00410041 0.139349 -0.197025 0.19063 -0.19589 0.0460868 : 0.1
0.247197 0.300432 -0.0559471 0.159731 0.502451 0.325279 0.224209 0.121889 0.910173 : 0
0.561346 0.080647 0.0564698 0.0902379 -0.260978 0.162029 0.263162 0.344656 -0.226263 : 0
0.099251 0.772194 -0.336862 -0.380623 -0.0452131 -0.116294 -0.0759193 0.468471 0.148912 : 0
-0.184779 -0.166224 0.139253 -0.227141 -0.146164 0.134814 0.624202 0.0628297 -0.352295 : 0.2
-0.00290234 0.348983 0.219185 -0.238687 -0.0422136 0.13747 0.0732424 0.0220723 0.27642 : 0.1
0.263138 0.167453 0.480677 0.307947 -0.403686 0.430357 0.144552 0.306983 -0.048655 : 0
0.549289 -0.0283185 1 -0.140154 -0.105499 0.293884 0.107664 0.206286 -0.0446796 : 0
0.0388614 -0.456024 -0.134513 0.00796697 0.20159 0.560515 -0.141106 0.558766 0.215041 : 0.3
0.0844651 -0.0743129 0.563472 0.0854378 -0.108827 -0.31552 0.387134 0.214281 -0.199453 : 0.5
0.173569 0.493068 0.224266 0.304991 0.091137 -0.0679081 0.268003 0.205303 0.0845245 : 0.1
-0.173789 0.550903 -0.111414 0.0950001 0.300019 0.350913 -0.0141838 0.118653 -0.28028 : 0
0.140041 -1 0.167621 -0.0405558 0.42703 0.3675 0.922618 -0.0831169 0.146482 : 0
0.0546388 1 1 0.198714 -0.42109 0.337722 0.242834 0.10759 0.122058 : 0.4
-0.140409 0.82907 -0.0688433 -0.193599 -0.197915 0.563641 0.136855 0.258397 0.262639 : 0
0.0889323 0.883398 0.105414 0.26423 -0.354076 0.251131 0.118674 -0.0539631 0.134841 : 0
0.412055 0.919038 -0.19887 -0.00414663 0.161065 -0.0556196 0.0460467 -0.0632978 0.106971 : 0.5
-0.571985 0.117532 -0.0805095 -0.494475 -0.0559483 -0.420257 -0.224948 -0.152687 -0.108278 : 0.1
0.0771799 0.927267 -0.111268 -0.719579 0.0558818 -0.121181 -0.185433 -0.0126918 0.0420661 : 0
-0.466684 -0.129439 -0.191128 0.328138 0.24129 0.0140042 -0.00704699 -0.127998 0.257833 : 0
0.0321155 0.15413 -0.0813982 0.0915803 0.22629 -0.106199 0.138734 0.654339 -0.0793091 : 0
-0.385516 1 0.255564 0.665685 -0.17199 -0.0495596 -0.116922 0.320545 0.647352 : 0
0.119494 0.833725 0.37007 0.302341 -0.0537916 0.00325163 0.0323607 0.0734403 -0.0427839 : 0
-0.0341525 0.0464612 -0.481805 -0.206697 0.171855 0.0492429 -0.00267922 -0.10311 0.0420244 : 0.2
0.0626342 0.166283 -0.268984 -0.124388 0.0883353 0.264676 0.187324 -0.184299 -0.0997312 : 0
-0.283304 -0.622584 -0.104405 -0.116997 0.567771 -0.548439 0.0315758 0.259048 -0.0266135 : 0
0.337909 -0.220188 0.413828 -0.0208332 0.161783 0.0894417 0.0280531 0.0141438 0.236924 : 0.4
0.318528 -0.169754 0.747776 0.256725 0.114209 -0.0555696 -0.0971885 0.572455 -0.0278074 : 0.1
0.285469 0.0962056 0.238855 0.178654 -0.0183823 -0.39442 0.114348 -0.0267749 0.197652 : 0
-0.29491 1 0.260904 0.194336 -0.0566009 0.376952 -0.426431 0.0360205 0.0464879 : 0
0.251158 0.337416 0.711225 -0.335818 0.269605 0.253809 -0.0729067 -0.129218 0.116932 : 0
0.0718715 -0.196041 0.865153 -0.0153161 0.00361184 -0.204488 0.186735 1 0.0512429 : 0.4
0.355602 0.301265 0.00554645 0.0486674 0.0542587 0.344324 0.195766 0.110729 0.0145947 : 0
0.630836 0.935284 0.8883 0.831014 -0.174364 -1 -0.00231048 0.0919602 0.0210243 : 0.1
0.725785 0.761548 -0.164488 0.0368643 0.223581 0.0951797 -0.0135303 0.0584861 0.0657649 : 0.1
-0.563559 0.0952352 0.304715 -0.174399 0.060182 -0.0267428 0.222732 -0.111206 0.0317775 : 0.1
-0.338379 0.624202 0.47945 0.0928487 -0.400106 -0.0848015 0.154001 -0.0753523 0.210613 : 0.1
0.35137 -0.531885 0.331737 -0.254911 -0.443716 -0.0452897 -0.230441 -0.190551 -0.30532 : 0.1
0.321428 0.417229 0.0296984 -0.144639 0.379977 0.653926 0.0375383 -0.465205 0.131 : 0
0.453935 0.669642 0.255259 0.198933 -0.0493817 0.0149283 -0.294247 -0.0713522 0.188061 : 0
-0.0394323 0.187433 -0.219935 -0.0588372 -0.41996 0.209095 0.167654 0.104556 0.215886 : 0
-0.0913584 0.547482 -0.0972973 -0.0509917 0.44469 0.0460051 0.177276 0.102896 0.141834 : 0
-0.0173867 0.798058 0.294973 0.700336 0.20753 -0.0165376 0.0950081 0.151095 0.191892 : 0.1
0.286719 0.17793 1 -0.227206 -0.123857 0.222546 0.546884 0.124145 0.345962 : 0
0.328551 0.167611 0.0190998 0.0683398 0.215124 0.00672485 0.0309672 -0.0315649 -0.0843984 : 0.1
-0.0976744 0.89603 0.491354 -1 0.0989688 -0.192382 -0.0495509 -0.0218326 0.30434 : 0
-0.288023 -0.0250066 0.242116 -0.144884 0.0954432 -0.0755507 0.0807819 0.0443616 0.811551 : 0
0.0263477 0.112798 -0.0879419 -0.143418 0.172467 0.615094 -0.251441 0.506069 -0.0860131 : 0
0.0602951 -0.439588 0.228591 -0.170086 -0.694945 -0.213993 -0.184121 -0.0653585 -0.391446 : 0.2
-0.161203 -0.0109899 -0.0602769 0.037424 0.0865702 -0.330369 -0.0352051 0.198507 0.273708 : 0
-0.0729722 0.525924 0.260696 -0.482657 -0.169556 0.253165 0.266731 0.139945 0.0591764 : 0
0.00818667 0.222033 0.674993 -0.143792 0.235914 0.0687396 0.0161978 -0.107884 -0.353723 : 0.1
0.354878 1 0.0920437 0.258963 0.185881 0.228744 0.246055 -0.0246377 0.227378 : 0.1
0.00723306 0.514539 0.00566509 1 -0.870515 -0.207363 -0.0500528 0.762795 -0.051617 : 0
0.887648 -0.155649 0.193636 0.587338 0.156601 -0.175636 -0.000737906 0.668054 0.151568 : 0
0.340003 0.229717 1 -0.235205 -0.162945 0.589907 0.285176 -0.0827896 -0.0109344 : 0.2
-0.077154 0.234267 0.141836 -0.17105 0.44626 0.210831 0.405668 0.133457 0.151826 : 0.2
0.0474964 0.355912 -0.113671 -0.172198 0.0155043 -0.00339644 -0.118698 -0.168179 -0.360781 : 0
-0.0591341 -0.0665972 -0.34863 -0.404782 -0.0478079 -0.0950741 0.789762 -0.0646436 0.0303015 : 0
-0.436515 -0.391148 -0.335671 -0.111302 0.11929 0.0596282 0.390479 -0.0901959 0.162361 : 0.2
-0.126689 0.205257 0.153097 -0.108257 -0.30969 -0.210639 0.232701 -0.0121678 -0.816013 : 0
-0.0954116 0.136939 0.476614 -0.392531 -0.0657112 0.0618597 -0.109357 -0.0969428 0.0200646 : 0.1
0.129534 -0.0545099 0.482241 0.356767 -0.0976369 -0.171225 0.879392 0.44735 -0.229249 : 0
0.338448 0.503573 0.40582 -0.172003 0.200073 0.524554 -0.103189 0.0987327 0.391605 : 0
-0.616275 0.242281 0.28261 -0.0638001 -0.401756 0.332159 0.106257 0.254209 -0.497525 : 0.2
-0.209446 0.362361 0.0691903 -0.164046 0.32563 -0.00715584 0.0844254 -0.0668602 -0.00816272 : 0
0.113509 0.764822 0.575156 -0.634434 -0.0200886 -0.681675 0.150946 0.0079627 0.161081 : 0
-0.166419 -0.269027 0.0821968 -0.200117 0.727758 -0.133849 0.0716035 -0.0719026 0.0464764 : 0
0.255276 0.390692 0.556934 0.218548 0.45969 0.0445187 0.0128106 -0.168043 -0.301401 : 0.1
0.422124 0.0279192 0.646244 0.225966 -0.0375427 0.154114 0.116908 -0.0166186 0.00519812 : 0
0.060581 0.143459 0.340339 -0.0254406 -0.159241 -0.0508473 0.131536 0.205143 -0.349403 : 0.5
0.011244 0.965483 0.216237 0.0454079 0.063392 -0.273331 0.128618 0.113398 0.262782 : 0
-0.258757 1 -0.0412321 0.547702 -0.296587 -0.494719 0.0387523 -0.135124 0.302406 : 0
-0.00982526 0.0219693 0.203782 0.504851 -0.00983876 0.336655 0.350052 0.365882 0.285055 : 0
0.321288 0.413314 -0.00785747 0.104576 0.065717 0.0532037 0.592597 0.0923348 -0.0704318 : 0
-0.105379 0.832051 0.269284 -0.275935 -0.0238206 -0.938134 -0.00746673 -0.0526412 0.401213 : 0
0.4771 0.502962 0.756172 0.0703303 0.20128 0.0232491 -0.178005 -0.09588 -0.221969 : 0.1
0.233836 0.176164 0.0813389 0.376248 0.113421 -0.61915 0.0630508 -0.0570125 0.553652 : 0
0.405721 0.434025 -0.663681 -0.352024 -0.141796 0.131916 0.311653 0.0911947 -0.13431 : 0.1
0.01053 0.225023 -0.0859811 0.361292 -0.160578 -0.019685 0.228218 0.332496 0.169164 : 0.3
-0.447005 0.156853 0.350151 0.599158 -0.150443 0.297796 -0.234395 -0.0245138 0.245555 : 0.1
0.0986731 0.142958 0.25374 1 0.401518 0.323391 -0.296695 -0.0697065 0.0129635 : 0
0.0776331 -0.234914 0.473364 -0.687627 0.394576 0.350932 -0.105902 -0.0342888 0.275537 : 0.1
-0.0850678 -0.0753232 0.24731 -0.0199733 -0.140296 -0.92312 0.0118596 0.191387 0.00400809 : 0.1
0.125147 0.174044 0.132056 0.299486 -0.152883 0.358288 -0.329364 -0.0826965 0.743237 : 0
-1 -0.137293 -0.0937027 0.128234 0.0623208 0.251322 0.986132 -0.0255843 -0.378228 : 0.3
0.290655 0.146328 0.452202 -0.215071 -0.0520613 0.500713 0.243612 1 0.1778 : 0
-0.489173 0.697584 0.0803725 -0.0759021 0.0318497 0.0719322 -0.144443 0.065084 0.258137 : 0.1
0.546959 0.22723 0.41888 0.444607 0.090656 0.562313 -0.0520319 0.116472 0.0763342 : 0.1
0.197689 0.00159037 0.194431 0.148488 -0.163308 0.142739 0.0819136 0.129969 -0.0959506 : 0
0.315703 -0.28107 0.317215 -0.29012 -0.197489 -0.176111 0.194813 0.563638 0.0601775 : 0
-0.28393 0.472242 -0.0147437 -0.151447 0.166027 -0.00261828 -0.0618929 -0.0516453 -0.116721 : 0
0.133409 -0.343411 -0.436223 -0.00982401 0.461275 1 0.299615 0.425952 0.192429 : 0.1
0.142377 0.985729 -0.389337 0.562442 0.264409 0.342153 -0.23826 -0.0659571 0.209703 : 0
0.0807623 0.0729617 0.163631 0.212657 -0.252649 0.0303407 -0.122322 -0.111739 0.0711204 : 0.1
0.422554 1 0.165036 0.138152 0.281778 -0.110106 -0.065019 -0.0287 -0.203331 : 0.1
0.12185 1 -0.0837522 0.566874 0.178611 0.238169 0.346367 0.126043 0.404465 : 0.1
0.204041 0.774888 0.167021 0.0958365 0.236747 0.954619 -0.0196788 -0.0251255 0.0903686 : 0
0.162651 0.0128623 -0.021404 -0.033575 0.0672898 0.169689 -1 -0.239302 -0.471324 : 0
-0.0259567 0.200802 -0.158049 0.961833 0.180557 0.338449 0.0685966 0.179535 0.109646 : 0
0.212736 0.170402 0.137692 1 0.161605 0.189747 -0.0202256 0.888489 0.0563782 : 0.2
0.0184396 0.426904 0.210209 -1 0.196446 0.0791233 -0.0499382 0.0184229 0.186094 : 0
0.19018 0.643596 0.433685 -0.0539371 0.147614 0.0292191 0.0591335 0.0520963 0.218362 : 0
0.16918 0.392378 0.24989 0.0360005 0.0362733 -0.0113732 0.153872 0.406029 -0.484694 : 0
0.354732 -1 0.208081 0.499307 0.633318 -0.186365 -0.149091 0.130858 0.132014 : 0
0.165088 -0.16031 0.0731816 0.603669 0.604033 -0.100719 -0.0452698 -0.0545696 0.116863 : 0.3
-0.0138535 -0.0827914 -0.385723 0.648693 -0.414448 -0.000636652 0.232699 0.010777 -0.171723 : 0.1
0.62002 0.179367 1 -0.116392 0.174625 0.137394 -0.0155338 0.221455 0.172956 : 0
0.0400462 0.250049 0.144127 0.41764 0.29817 -0.15219 0.342313 -0.0614741 0.133671 : 0
-0.5267 0.173807 0.0778201 0.309624 -0.103823 -0.456293 0.105486 0.105098 0.038481 : 0
-0.153764 -0.00437793 0.292031 -0.21229 0.123142 0.402053 -0.0873533 0.114 -0.125682 : 0
0.091002 0.569917 0.0860284 0.232934 -0.107385 0.268159 0.0505201 0.118593 -0.116337 : 0
-0.215546 0.625357 -0.134767 0.190924 0.0227266 0.44807 -0.142243 -0.315841 0.396818 : 0
-0.331567 -0.0189066 0.256961 -0.285411 -0.0123101 -0.392304 0.268562 0.0526905 0.322721 : 0
0.424389 0.155951 -0.0922593 0.0269221 -0.0551914 0.435933 0.0184674 0.173356 -0.0236691 : 0.3
0.0829735 0.255773 0.0418255 0.136799 0.105732 0.776652 -0.0487292 0.0967821 0.305106 : 0.4
-0.0865756 0.32713 -0.033634 0.243492 0.161888 0.147774 0.217229 0.398239 0.238794 : 0.1
-0.238857 0.0323866 -0.0672046 -0.0743161 0.173539 -0.24457 -0.209404 0.163414 -1 : 0
-0.988493 -0.0988091 -0.0648094 -0.0395602 -0.0886498 -0.0339694 0.31473 0.173278 0.34813 : 0
0.402296 0.00168431 -0.574693 -0.181324 -0.00294458 0.0633429 0.0210011 -0.0373384 0.276946 : 0.4
0.148812 0.437687 0.117062 0.0158204 0.700718 0.302175 -0.0401656 0.238244 0.749088 : 0
0.240125 0.626488 -0.0409644 0.0477089 0.125364 -0.588166 0.192327 -0.058632 0.441689 : 0
-0.031188 0.356715 0.523608 0.0454017 -0.323005 -0.0878227 0.226822 -0.0717295 -0.257293 : 0.1
-0.249879 0.188363 0.642573 -0.147399 0.0887332 0.0885399 0.424114 0.00355496 0.0565087 : 0
0.177069 0.302262 -0.209753 0.0900219 0.408513 0.574499 -0.412877 -0.0964332 0.150717 : 0
-0.119768 0.175318 0.248248 0.00831957 0.0354122 -0.266318 0.660565 0.325071 -0.0584315 : 0.3
-0.0737573 0.0430066 0.302126 -0.264675 -0.262575 0.271528 0.522277 -0.205736 -0.348772 : 0
0.174847 0.161949 0.137206 0.0962437 0.286985 -0.113514 -0.00779657 0.136128 0.492664 : 0
0.322396 0.181926 -0.0354107 -0.171043 0.665573 -0.176705 -0.150648 0.0994141 0.352816 : 0
0.0785909 0.164555 -0.00741317 0.257135 0.197317 0.0321418 0.134562 0.600084 -0.050927 : 0
0.111836 0.352939 0.515121 0.461515 0.0892353 0.0766025 -0.0240079 -0.0639257 0.223995 : 0.1
0.251082 0.571657 0.2868 0.129631 -0.819326 -0.0664323 0.0107218 0.109971 0.0925257 : 0.1
0.140151 -0.249385 0.834045 -0.487084 1 0.275988 0.469884 0.0943239 0.327089 : 0
0.086437 -0.930114 0.290008 -0.838458 0.14854 -0.0424108 -0.121953 -0.258334 0.0309798 : 0
-0.118504 0.198278 -0.117585 -0.277366 0.317353 -0.100668 -0.00804449 -0.0353197 -0.282302 : 0
-0.443102 0.829663 0.214616 0.297381 0.597409 -0.0383316 0.22826 0.615841 1 : 0.1
0.0443867 0.359294 0.0116914 0.330335 -0.210546 0.529729 0.0406718 -0.429018 0.392444 : 0.5
-0.150007 0.634677 -0.334489 0.114946 -0.0308209 -0.373617 0.00332829 -0.0901928 -0.0367222 : 0.5
0.0579911 0.220076 -0.0248793 -0.0168521 0.127224 -0.0333571 0.097 0.143917 0.178648 : 0.3
0.138036 0.000656746 -0.241577 -0.216407 0.0407474 0.15424 -0.183597 -0.500668 0.0536206 : 0.4
-0.0468497 0.70677 0.219661 0.838271 1 -0.0477121 0.150275 0.133335 0.129696 : 0.1
0.276106 0.462201 0.485142 0.0768634 0.243056 0.152988 -0.17055 0.260697 0.0730472 : 0
-0.178935 0.841573 0.17625 -0.218011 -0.12971 -0.183519 -0.347171 -0.15408 -0.0731536 : 0
0.103516 0.307625 0.265866 0.372187 0.0544072 0.160469 0.0190632 -0.0744903 -0.215596 : 0
-0.371527 0.73242 -0.185565 -0.074383 -0.311075 -0.399089 -0.0288611 0.16959 -0.0224149 : 0
0.466598 0.713147 0.590487 0.0617515 -0.0483074 0.280241 0.0556279 -0.105072 -0.253356 : 0.1
0.00736609 0.377746 -0.281897 0.00243506 -0.150952 0.0825268 -0.0977284 -0.0048416 -0.00840854 : 0
-0.0680183 0.147556 0.27378 1 0.0139585 -0.298405 -0.0115565 0.404705 0.0282078 : 0
-0.151638 0.873028 -0.718317 0.272864 -0.459642 0.0403683 0.234432 -0.168598 -0.165941 : 0
-0.31632 0.498788 -0.234868 0.0240326 0.56389 0.119167 0.0110177 -0.104758 0.212884 : 0.4
0.200125 0.202829 0.54522 0.735364 -0.0789678 0.160758 0.46585 1 0.0510784 : 0
0.125707 -0.0187167 -0.660847 0.640054 0.0838691 -0.124138 0.00970232 0.0618499 0.161411 : 0.4
0.229267 -0.598757 0.375017 -0.113467 0.165281 -0.155906 -0.0301814 0.0217991 0.529584 : 0.1
0.224377 -0.090161 -0.188026 0.025989 -0.028003 0.194033 0.469606 0.184571 0.0342815 : 0.1
0.11417 0.193062 0.41016 -0.227919 0.196007 -0.0450673 0.10464 -0.193107 0.0878751 : 0.3
0.120366 -0.285017 0.0618648 0.315768 0.481367 0.369756 -0.041902 0.267802 0.241262 : 0
-0.948976 0.659422 0.271257 0.0786294 0.900012 0.298896 0.224378 0.103923 -0.0594327 : 0.1
-0.0791559 0.105893 -0.249287 0.198017 0.134593 0.522325 0.490922 -0.323995 0.1532 : 0.1
1 0.70321 0.333509 -0.0148702 -0.513208 0.5664 -0.044928 -0.00140197 -0.475859 : 0
0.241242 0.245819 -0.305821 0.00560023 0.148376 -0.424224 0.081866 -0.308823 0.0225655 : 0
-0.0580652 0.121793 1 -0.0502876 -0.00594068 0.0806062 -0.327959 0.0850363 -0.204628 : 0.1
0.0971593 0.137059 -0.424998 0.5532 -0.0120007 0.313369 0.626075 0.0282039 0.162812 : 0.3
0.336335 0.159874 0.201522 -0.111812 0.0704181 -0.158952 0.115497 -0.210851 -0.203468 : 0.4
-0.153148 -0.421581 -0.262841 0.220161 0.365046 -0.112132 0.478838 -0.00192563 0.00985536 : 0.1
0.302157 -0.227841 -0.123034 0.0754829 0.0387657 0.0779137 0.0965037 -0.361147 0.0227983 : 0.6
0.400641 0.207921 -0.0631924 -0.404157 0.225389 -0.0234057 0.427648 -0.0455249 0.418922 : 0
-0.274267 0.381426 0.0267406 -0.74185 0.653243 -0.0844354 -0.0247482 -0.00022611 0.258333 : 0.2
-0.323356 0.821409 -0.163308 0.0181773 -0.17189 -0.146978 0.19117 0.312492 0.206548 : 0.1
0.263121 0.238942 0.380564 0.264417 -0.542264 0.0452464 0.00852481 0.446522 0.0458826 : 0.1
0.488928 0.248435 -0.110319 -0.0175107 -0.372702 0.12577 -0.0318966 0.226164 0.103613 : 0.2
0.343073 0.643661 -0.060205 0.148445 0.0833921 -0.031232 0.323271 0.924412 0.214887 : 0.2
0.0708834 0.0329521 0.728491 -0.620258 0.184614 -0.0453348 0.0683027 0.0238931 -0.111537 : 0.5
0.28592 -0.121945 -0.382823 -0.00758497 0.0714754 -0.00630813 -0.0135252 0.00871684 -0.341288 : 0.1
0.191233 0.292679 0.601717 -0.062075 -0.177306 -0.031124 0.0621121 -0.22428 0.362301 : 0
-0.627184 0.0960437 -0.0324133 -0.0391729 0.193131 0.219308 -0.0402545 0.530593 0.242175 : 0
0.062444 -0.415846 0.842429 -0.769807 -0.342895 -0.262501 -0.0149869 0.0723864 0.351831 : 0
0.00464678 0.158279 0.171804 -0.100624 -0.165904 0.0553724 -0.12295 0.0606763 -0.256001 : 0.8
0.0938302 0.347346 0.257873 0.150971 0.341354 0.514255 0.00309863 0.177501 0.159418 : 0.5
-0.10047 0.15552 -0.302952 -0.733641 -0.395293 0.211287 0.309115 0.0134525 0.0379117 : 0.4
-0.169577 0.162416 0.279506 0.0485137 0.453007 0.232798 0.208877 0.107965 0.111532 : 0
-0.0411412 0.0105667 0.680426 0.364013 0.388739 0.738829 0.380477 -0.229892 0.141027 : 0.1
0.0901569 0.490713 -0.266081 -1 0.14988 0.122861 0.344576 0.11359 0.535688 : 0.3
-0.257589 0.291145 -0.0424259 -0.124855 -0.546155 0.0826086 0.050016 0.155966 0.455614 : 0
-0.00497575 0.695149 0.774916 -0.083153 -0.130259 0.160899 0.283802 0.00164422 -0.245847 : 0
0.0406202 0.859081 0.153881 0.0206117 0.143546 -0.17885 0.0974681 0.122317 -0.0949884 : 0
0.399371 -0.173407 0.168355 -0.143218 0.0447016 0.240832 0.179047 0.354957 -0.0113535 : 0
0.330824 0.417737 -0.117111 -0.0182067 -0.714665 0.0513754 -0.256174 0.239623 0.405499 : 0.4
0.574418 0.0410934 -0.0592072 -0.1655 -0.623839 0.267572 0.199334 -0.0369325 -0.242608 : 0
0.103446 0.518151 0.143264 0.161704 0.42895 0.244114 0.409514 -0.00117971 0.048847 : 0.1
0.131825 0.102467 -0.0825826 -0.0724253 0.283399 0.309527 0.31445 -0.311566 0.00845997 : 0
-0.0236624 -0.0114664 -0.298601 0.435555 -0.0529975 -0.132453 0.0483167 0.347524 0.14023 : 0
0.135811 -0.276686 0.273181 -0.128521 0.186642 -0.0875114 0.159674 0.0823706 0.13907 : 0
-0.419873 -0.716477 -0.00999698 -0.724582 0.0884066 -0.20948 0.131179 0.36057 0.248757 : 0.1
-0.118285 -0.220686 0.194114 0.655631 0.106846 0.432614 0.134663 -0.478529 0.330256 : 0.1
0.237187 1 0.579019 -0.446318 -0.390538 -0.228311 0.0342365 -0.22999 0.144345 : 0
0.299637 0.222846 -0.0415835 -0.103024 0.0931426 -0.125122 -0.0560946 -0.176299 -0.37614 : 0
0.0384134 0.325913 -0.1727 0.231371 0.254154 0.0355353 0.108819 0.255445 0.146422 : 0
-0.0300567 0.492613 0.238765 -0.809093 -0.0535614 0.0510309 0.169313 -0.00706364 0.0892262 : 0.2
-0.221703 0.932345 0.0354626 0.72013 -0.379686 -0.174763 0.191823 -0.123104 0.833038 : 0
0.0998905 0.129687 -0.181562 0.191638 0.161732 0.500275 0.0776974 0.691726 0.124878 : 0
-0.481938 -0.584168 -0.00619313 0.398503 -0.00631906 -0.0241225 0.2862 -0.0145342 0.0924051 : 0.1
-0.0221921 0.693167 0.0440451 -0.293513 0.689925 0.714814 -0.104621 0.0153942 -0.327982 : 0
0.133106 0.284526 0.747465 -0.178144 0.112668 0.326346 0.440865 0.121847 0.300144 : 0.4
0.493338 0.136441 0.227077 -0.544588 0.363782 0.131359 0.102454 -0.267791 0.0809499 : 0.6
-0.0940124 0.051384 0.0391471 0.492166 0.0321883 -0.289219 0.355599 0.285054 0.0526972 : 0
0.0558636 0.124781 0.372147 0.0454893 -0.0557739 -0.00335702 0.417807 0.204332 0.105885 : 0
0.161085 0.661097 -0.315063 -0.368286 0.180015 0.169477 0.0221397 -0.0722551 0.361821 : 0
-0.304824 0.963667 0.00467995 0.565217 -0.156926 -0.380733 0.0473359 0.157126 -0.0584552 : 0
0.178053 0.218525 -0.217135 0.0890783 0.147657 1 0.239435 0.117597 0.0619654 : 0.2
-0.0771928 -0.314503 -0.35137 -0.102757 -0.280048 0.190666 0.345025 0.0910984 0.329754 : 0
-0.0787473 0.706556 0.0777483 -0.795558 -0.289598 0.26358 -0.0697537 0.109489 0.108799 : 0
0.287243 0.286003 0.020931 -0.494541 -0.328757 0.146483 0.206593 -0.129594 0.304073 : 0
0.501298 0.121448 0.161335 -0.140612 0.410403 0.0207075 -0.0052188 -0.11907 0.635726 : 0.1
0.0181272 0.227014 0.331878 0.115197 0.0197322 0.061023 0.0844021 0.0912994 0.105459 : 0.1
0.0940425 0.227072 0.0871063 0.21556 0.0398923 0.117509 0.475684 0.342076 -0.146514 : 0
0.0658804 0.162256 0.776691 0.368313 0.225565 0.131131 0.0720064 0.393714 -0.0812213 : 0
0.206487 0.0144188 0.212097 -0.020485 -0.465953 -0.15774 0.0765347 -0.115424 0.572462 : 0
0.338018 0.558736 0.297815 0.162627 0.128596 -0.244055 0.39284 -0.037518 0.866614 : 0
0.0621786 0.0672584 0.608587 0.147531 -0.34872 0.0205237 -0.121172 -0.197113 -0.302491 : 0.1
-0.196108 0.0689196 0.34738 0.383837 -0.0134366 -0.332539 0.189814 0.576507 0.274151 : 0.2
-0.0451061 -0.0787475 -0.0979336 0.379596 0.189059 -1 0.00647093 -0.137719 -0.143441 : 0.1
0.334541 0.00125174 0.164518 1 -0.357669 0.282477 0.731408 0.0104494 -0.58648 : 0
-0.0873437 0.535539 -0.0678028 0.28801 0.0937396 0.408389 0.0145469 -0.244089 0.111565 : 0
0.138487 -0.316761 0.360512 -0.0270383 -0.272992 0.176755 0.644114 0.0851639 -0.353531 : 0
-0.795631 0.409538 0.222414 -1 1 0.19642 -0.162111 -0.309846 0.0506272 : 0
0.553498 0.143713 -0.132975 -0.0240224 0.210468 -0.331056 -0.0181987 -0.0259453 0.481806 : 0
0.541623 -0.0294949 -0.360884 -0.169318 -0.103283 0.109572 0.0317814 0.108459 -0.0205425 : 0
-0.0123563 0.350318 -0.195803 -0.109651 0.321349 -0.0640234 -0.170564 -0.113402 0.0504344 : 0
-0.269279 0.185722 0.106657 0.183983 0.0643372 0.0233046 0.115544 0.0317058 0.159567 : 0.1
0.131494 0.0496022 0.285611 -0.639164 -0.049029 0.097635 -0.49085 0.300874 0.142486 : 0
0.0177445 -0.041851 0.490329 -0.168681 -0.16324 0.00535229 0.113311 0.0274315 0.159597 : 0.1
0.07895 0.550637 -0.164488 -0.11572 0.990476 -0.00112991 0.11352 -0.138976 -0.088263 : 0.1
0.284517 0.300909 0.159031 0.00964366 0.0422339 0.0215466 -0.0968533 -0.716563 -0.0120985 : 0
0.263507 0.226041 -0.402149 -0.426696 0.188824 -0.417431 0.143544 0.109998 0.316081 : 0.6
0.213495 0.826469 0.267317 -0.549795 0.0668489 0.0182996 -0.0179733 -0.158805 0.0174106 : 0.3
-0.00788489 0.184341 0.0797713 -0.292081 0.0444591 0.0650738 0.0618625 0.0911269 0.0832755 : 0.2
0.0118475 0.850881 0.416891 -0.332506 0.0196913 0.0215042 -0.188463 0.0821558 -0.422067 : 0.3
0.0605283 0.78756 0.30993 0.273931 0.437919 -0.134256 -0.131034 0.0274997 -0.293178 : 0.1
-0.328827 -0.308189 0.204548 0.0278929 0.0737098 -0.102158 0.380511 0.322659 0.0888313 : 0
0.130656 0.130516 0.171825 0.193253 0.264054 -0.556816 0.147052 0.0537763 0.00887293 : 0
-0.00759895 -0.553671 0.172118 -0.187823 0.0465676 0.294052 0.372384 0.125065 -0.626044 : 0
0.461322 0.149614 -0.16765 0.0113543 0.013262 -0.102036 -0.409364 0.144955 0.348431 : 0.1
0.178212 0.910168 0.0152542 0.0364687 0.36457 0.729745 -0.0242135 0.260077 -0.36114 : 0
0.122144 0.328702 0.377274 0.00933078 -0.0113829 -0.125924 0.0962538 0.0384765 0.0894176 : 0
-0.289568 0.635246 0.0254285 -0.214648 -0.289793 0.31592 0.321012 0.0320214 -0.0249617 : 0
0.187076 0.703457 0.11261 0.37346 -0.0123339 -0.444797 0.170594 -0.623499 0.0461133 : 0.1
0.563218 0.212445 0.154635 -0.269787 -0.112412 0.0928532 -0.0190331 -0.0964081 -0.0997969 : 0
-0.0740198 0.761069 -0.0474938 -0.216482 0.0411326 -0.237103 -0.144715 0.183638 -0.215796 : 0.1
-0.357427 0.925312 0.0588552 0.301845 -0.202987 0.220206 0.290202 -0.130684 -0.00750855 : 0.1
0.0747945 -0.368905 -1 0.0226094 0.768528 -0.049302 0.367781 -0.0128306 -0.086749 : 0
0.0252025 0.0705414 -0.821626 -0.0118166 -0.360004 -0.836888 0.110409 0.00870983 -0.0203265 : 0.1
-0.292161 0.173363 0.457342 -0.837792 0.0980909 0.497305 -0.667522 -0.103758 0.0552505 : 0
0.0155742 0.138677 0.659479 -0.0997167 0.162181 -0.141974 0.414334 0.119643 0.0247945 : 0
-0.0536646 0.796127 -0.237294 -0.236542 0.599675 -0.140737 -0.155098 0.0795962 -0.669443 : 0
0.107911 0.136637 0.201628 0.184607 0.450496 0.0944823 -0.132044 -0.22324 0.0150567 : 0
0.33312 0.0803451 0.721381 -0.674514 0.260358 0.0385593 0.70437 0.0992991 0.232892 : 0
-0.0822297 0.19838 0.258444 -0.465305 0.534042 -0.738564 -0.036821 -0.221035 -0.119288 : 0.1
0.598259 0.875136 0.311374 0.151088 -0.474199 0.308988 0.477061 -0.110024 -0.188231 : 0
-0.232901 0.202381 0.850823 -0.710965 0.115659 -0.1085 0.285679 0.114002 0.0619602 : 0.3
-0.0736047 0.739295 0.366045 0.0116692 0.33074 0.405318 0.0540602 0.115659 0.186626 : 0.6
0.0663398 -0.0533567 -0.146227 0.165371 -0.0610522 0.00940782 -0.386175 -0.0303981 0.01661 : 0
0.000796065 0.792506 -0.208882 0.174643 0.14731 0.00575626 -0.213731 0.0805547 0.292554 : 0.5
0.200872 -0.338091 0.512747 0.0404824 0.0152586 0.111877 0.376381 0.0840158 0.0152434 : 0
0.29612 0.111631 0.20783 -0.375216 0.11227 0.135367 0.0953619 -0.489376 -0.403846 : 0
-0.202147 0.613315 -0.0144853 -0.440962 0.0805836 -0.47029 0.00581205 0.127263 0.314467 : 0.4
-0.123177 0.471754 -0.230474 0.12889 -0.0131709 0.387336 0.0408814 -0.0537896 0.208394 : 0
-0.475425 0.573009 -0.0200605 -0.190075 0.151664 0.931954 0.289 -0.0252074 0.555105 : 0
-0.110949 -0.133029 0.174867 -0.565249 -0.25308 0.642456 0.32431 0.672944 -0.039116 : 0.5
0.640135 0.292872 0.630423 0.0881898 0.0607453 0.026736 0.109829 -0.14926 -0.000520825 : 0
0.112346 0.133869 0.457839 -0.0615971 0.538977 -0.0587491 0.495409 -0.213581 -0.121693 : 0
0.171027 -0.384343 0.0538293 0.0572694 0.211881 -0.526336 0.0305724 0.221414 0.250004 : 0.1
0.190157 0.487102 0.13711 -0.0232391 0.037071 0.0512058 0.289089 0.221497 0.0722588 : 0
0.0908414 0.273975 0.969257 0.29226 0.811016 -0.398577 0.104983 0.0141823 -0.120674 : 0
0.364788 1 0.302063 0.298573 -0.282324 0.370454 0.333228 -0.0109615 -0.28066 : 0
-0.717918 0.206384 0.257666 -0.0742177 0.353919 -0.00681126 0.200214 -0.0988558 -0.334856 : 0.1
0.128995 0.251583 0.0679218 0.229739 -0.814421 0.0667897 0.370317 0.0219798 -0.325146 : 0
-0.0138481 -0.36661 -0.144798 0.248503 -0.12123 -0.251495 0.252759 0.00127479 0.0911474 : 0
0.0380037 -0.104129 -0.477946 -0.0739826 -0.128765 -0.0928152 0.214662 -0.0888843 -0.405576 : 0.1
-0.26497 -0.545329 0.611283 -0.380911 0.192382 -0.234319 0.0417051 -0.0845132 0.065579 : 0.1
0.320668 0.0443845 0.153851 -0.0660787 0.693748 0.479795 -0.0818635 0.334104 0.276418 : 0
-0.0848342 -0.0927059 0.559067 0.111663 0.0837611 0.113858 0.0404569 -0.125095 -0.195862 : 0
-0.293382 -0.415687 -0.19471 0.57409 0.311455 0.0900572 0.130437 -0.038645 0.210555 : 0
0.177437 0.490559 0.972573 -0.652211 0.154273 0.129839 0.0542967 0.0488086 -0.00596388 : 0.2
-0.10849 0.501732 0.0414666 0.188125 0.243985 -0.36695 0.381372 0.29713 0.251769 : 0
0.282942 0.0738846 -0.397934 0.304814 -0.182895 -0.0201956 0.140142 0.416606 0.131754 : 0.1
0.121875 -0.252988 0.106926 -0.101243 -0.988071 0.638218 -1 -0.202691 0.39029 : 0.1
0.420145 0.716926 -0.12003 -0.302899 0.0575376 0.827071 0.200174 0.225187 0.0551812 : 0
0.138488 0.163981 -0.183679 -0.434002 -0.0132837 0.11661 -0.100411 -0.165913 -0.0332064 : 0
-0.110104 0.150912 0.518309 0.725702 0.0410412 0.00895421 0.735754 -0.0349054 0.0733882 : 0
-1 0.468919 0.244433 0.139063 0.432006 -0.546005 0.0499562 0.3842 0.494016 : 0.6
0.0648277 0.238617 0.101533 0.0928763 0.0323812 -0.0209244 -0.0361676 0.0660712 0.140506 : 0
-0.0376146 -0.427648 0.213001 -0.290933 0.388582 0.164114 1 0.104135 0.0361614 : 0
0.16303 0.122169 0.0786722 -0.204108 0.322503 -0.175318 -0.00707649 0.0566928 0.19666 : 0.3
-1 0.181464 0.321216 0.291245 1 0.010785 0.136467 -0.087903 0.13341 : 0
-0.963152 0.557438 0.293301 0.137333 0.0911138 0.156397 0.345779 -0.26495 -0.112414 : 0
0.177569 0.787291 0.695791 0.483499 -0.142281 0.302973 0.278563 -0.13775 0.115433 : 0
0.296172 0.191473 0.581537 0.0254168 0.0986306 -0.0208244 0.128636 -0.123522 0.0885215 : 0
-0.133291 0.169373 -0.0843548 -0.312987 0.00510476 0.056545 0.464004 -0.0111957 0.131534 : 0
-0.529601 0.245767 0.185098 -0.154588 -0.7192 0.17036 -0.149936 0.232157 0.253243 : 0
0.345005 0.109162 0.146296 0.202792 0.228117 -0.0389183 0.0900045 0.0287474 0.114108 : 0.4
-0.123257 0.268314 0.0762754 -0.441771 0.0349646 -0.220771 0.16609 0.262595 0.0835433 : 0
0.110231 -0.20978 -0.972396 -0.0799408 -0.262861 0.171886 0.197484 0.00633188 -0.106244 : 0
0.472904 0.0371905 -0.0109013 0.276911 -0.0426598 0.230592 0.0285171 0.188818 0.496466 : 0
-0.105142 -0.544498 0.0498603 -0.601643 -0.128187 0.068637 0.0394984 0.022601 0.00237546 : 0.1
0.201977 -0.084829 1 0.0839046 -0.104391 0.01661 0.377281 -0.00181046 0.110281 : 0
0.343124 0.438254 0.0286305 -0.0266745 0.0446148 -0.265207 -0.126399 0.0483159 -0.0666648 : 0.3
-0.188768 0.243668 0.340948 0.375583 0.643238 -0.40582 -0.101501 0.0180537 -0.070653 : 0.1
0.155637 0.648827 0.0492209 -0.0325396 -0.0423476 0.111642 0.179742 0.565485 0.0103784 : 0.3
0.1047 0.362716 -0.332035 -0.391536 -0.00380013 0.189793 0.0559899 0.212356 0.0520812 : 0.1
0.329338 0.198302 0.320884 0.195664 0.0798539 -0.141385 0.0532426 -0.159211 -0.226202 : 0
-0.418346 0.445876 0.48407 -0.0887458 -0.244351 0.238137 0.29124 0.0637854 0.28908 : 0
-0.0963497 0.38621 0.218005 -0.603612 0.826446 0.0165894 0.291728 0.111067 0.341564 : 0
-0.0313676 -0.0589074 0.325254 -0.298751 0.213756 0.132945 0.758203 -0.0702216 0.293707 : 0.1
0.475709 0.456098 0.0967852 0.796526 0.372023 -0.135542 -0.265413 0.00890413 0.305547 : 0
0.15611 0.238642 -0.498879 -0.212964 -0.0818621 -0.382432 0.156481 0.128702 0.297028 : 0
-0.00873309 0.463706 -0.58153 1 0.109931 -0.0898165 0.258577 0.219217 0.00870074 : 0.1
0.0624837 0.990265 0.455285 -0.528291 -0.0639799 0.914564 0.0691689 0.159374 0.0824375 : 0
0.333526 0.205991 0.40621 -0.121916 0.226016 -0.132626 0.172112 0.231874 0.0026197 : 0.1
0.0345053 0.478129 0.204827 0.0236476 -0.0283212 0.695551 -0.124436 0.137759 -0.162854 : 0
-0.262698 0.767328 -0.166485 -0.267117 -0.0652037 -0.200847 0.0223432 0.0756723 0.0370216 : 0.4
-0.359466 0.573282 0.311507 -0.477867 0.0166673 0.05463 0.714718 0.118782 0.113824 : 0.2
-0.355753 0.180855 0.856034 -0.101242 0.348716 0.260131 0.208091 0.00111654 0.152679 : 0
0.0118895 -0.224881 0.0414376 0.209224 0.0150003 -0.52551 0.154359 0.236003 -0.0341799 : 0
0.00508177 0.281206 -0.0611646 -0.0835569 0.2239 -0.408855 0.0928264 0.0542062 0.149895 : 0
0.237765 0.224561 -0.451373 0.0406881 0.227463 -0.0593074 -0.117183 -0.0199448 0.0312948 : 0
0.0416144 0.676142 0.126341 0.94517 0.127071 1 -0.200719 0.0971307 -0.11666 : 0.3
0.11795 0.317433 -0.672259 -0.0104336 -0.117689 1 -0.0622808 0.188644 0.218708 : 0
0.430216 -0.24659 -0.610284 -0.100247 0.0743849 -0.169966 -0.133667 0.290351 0.149788 : 0
-0.115487 -0.186468 -1 0.031845 0.540965 -0.0625348 0.441022 -0.0114054 0.598375 : 0.1
0.0919683 1 -0.064605 -0.250342 0.0238731 0.507491 0.0299353 0.309534 0.109227 : 0
-0.0304134 0.235089 0.393817 0.254248 0.00504174 0.139311 0.0502218 -0.0134142 0.0842916 : 0
-0.00237471 0.604161 0.251543 0.138386 -0.0607194 0.208235 0.396751 0.0227723 -0.111998 : 0.4
-0.19476 -0.312876 -0.405075 -0.125402 -0.000259125 0.0718721 -0.309969 0.0133023 -0.00707382 : 0
0.229228 0.195965 -0.275606 -0.189575 0.299168 -0.742449 0.352412 0.378699 -0.190802 : 0.2
0.105263 0.742312 -0.0823345 -0.259279 0.109958 1 -0.250937 0.0676323 0.190007 : 0.5
0.00882302 0.457891 0.131515 0.3856 0.141081 -0.220565 0.11105 -0.0897673 0.132538 : 0.2
-0.29108 -0.0537156 0.67196 0.0361418 0.0483396 -0.000909373 0.555259 -0.0770472 0.0721271 : 0
0.116505 0.200609 0.335475 0.488531 0.0227585 0.052588 -0.0578896 -0.117039 -0.262047 : 0
-0.166494 0.453928 0.354343 -0.148034 0.0142823 -0.00182547 -0.0435811 0.0995868 0.436091 : 0.1
0.144107 -0.430214 -0.475581 -0.440294 0.478718 -0.180579 -0.062298 0.0504613 0.386046 : 0
-0.365826 0.2114 -1 0.0092591 0.247161 -0.0407127 0.0984861 0.00728809 0.315112 : 0.3
-0.0346364 0.912819 0.0661365 -0.242296 0.0321086 0.692079 -0.133415 -0.17894 -0.259566 : 0.2
0.183533 0.343666 0.0374232 0.301256 -0.211397 0.27339 0.113294 -0.0985811 0.175249 : 0
-0.0980841 -0.0332175 0.118132 0.707937 -0.0258335 0.148845 0.467777 0.0215599 0.301558 : 0
-0.311659 1 0.225497 0.137415 0.316959 -0.27958 0.0639053 -0.0649157 0.22188 : 0
0.141313 0.116918 0.321734 0.30396 0.0464087 0.140617 0.618042 -0.127637 -0.105622 : 0
0.379586 0.290689 0.267681 0.00190833 0.246269 0.0738591 0.224881 0.251446 -0.050649 : 0
0.191825 0.461584 0.445526 -0.0328048 0.451439 0.327454 -0.0600664 -0.15652 0.439492 : 0.3
-0.149852 0.383178 0.106922 -0.10395 0.0462614 0.00521259 0.284598 0.0823899 0.148026 : 0
-0.0277251 -0.0878069 0.112036 0.241229 0.00494325 -1 0.126971 0.133627 -0.407107 : 0
-0.0409707 -0.380063 0.0362117 -0.21733 0.716431 -0.0991355 0.173698 0.0364004 -0.256533 : 0.3
-0.128853 0.214958 0.0532759 -0.143489 -0.546421 0.00473642 0.322436 0.159304 0.246245 : 0
-0.116746 0.332492 -0.316978 -0.435227 0.0133234 0.112191 0.122679 -0.102766 0.00218331 : 0
0.246617 0.640776 0.327757 -0.225312 0.0444629 0.310465 0.128934 -0.0231499 0.36341 : 0.3
0.309008 -0.136247 0.187639 -0.338658 0.112167 0.724973 0.136542 0.237157 0.412361 : 0.2
-0.0685922 -0.00603956 -0.140283 0.544027 -0.0549774 -0.0852765 0.181378 -0.110062 0.225079 : 0.2
0.0500691 0.770958 0.422452 -0.329335 -0.0161491 0.610019 0.0530209 0.16381 0.484568 : 0.2
0.286452 0.355661 0.220221 -0.633237 0.017139 -0.301693 -0.0137909 -0.0606148 0.00182945 : 0
0.188399 0.486008 0.328443 0.00902302 -0.083918 -0.228554 0.171161 0.0382543 0.0235794 : 0.2
-0.0390204 0.166491 0.163141 0.123093 0.0365201 -0.267862 -0.478516 0.150122 0.397896 : 0
0.242206 -0.792783 -0.176156 -0.0248723 0.0405841 0.29634 0.487305 -0.476642 -0.313082 : 0.2
-0.406855 0.2713 0.692375 -0.100366 0.139984 0.260602 0.272686 0.017322 -0.262486 : 0.3
-0.040902 0.29471 0.988038 -0.0801874 -0.0138791 0.367099 0.129522 0.132474 0.10552 : 0
0.113752 0.505566 0.161186 -0.0344747 0.112161 -0.214183 -0.151849 0.155818 0.166091 : 0.4
0.20122 0.365136 0.0695974 0.0128431 -0.577738 0.144427 -0.102751 0.487581 -0.126546 : 0
0.734851 0.614242 0.0730142 0.388336 0.249737 0.503073 -0.0298261 1 0.971141 : 0.1
0.184734 0.903301 -0.243575 -0.00688773 0.00869098 0.378194 -0.0115152 -0.193362 0.17629 : 0
0.327469 -0.300516 -0.102317 0.105192 0.21204 -0.100056 -0.0682172 -0.123491 0.0230705 : 0.1
0.236065 -0.57348 0.293563 -0.168337 0.567806 -0.114725 0.26407 -0.00993065 0.0746053 : 0
-0.257827 0.0719557 0.152885 -0.0168684 0.409418 -0.0338611 0.101022 0.128291 -0.0464155 : 0.1
0.0728928 0.41231 0.623277 0.0661399 0.107494 -0.158637 0.0643574 -0.0374745 -0.0574793 : 0
-0.0374804 0.149289 0.00619664 -0.237787 0.22506 0.189637 0.841826 0.896529 -0.204797 : 0.2
0.395309 0.37226 -0.0960681 -0.28462 -0.216172 0.176141 0.286048 0.547406 0.0155049 : 0
0.107898 0.139252 0.145675 0.0774692 0.627202 -0.0484609 -0.215788 -0.138445 0.245803 : 0
-0.669774 0.226559 0.113743 0.306104 0.0332748 -0.170837 -0.0437437 -0.176738 0.141599 : 0.1
0.322186 -0.0336801 -0.289785 -0.0267804 0.0699191 -0.506646 0.754933 0.45114 -0.674043 : 0.5
0.087085 0.0341015 0.364675 0.128598 0.120434 -0.025202 0.32372 0.187494 0.0545255 : 0
0.457474 0.398613 -0.132042 -0.183493 0.0190252 0.00137299 0.0119051 -0.0920555 -0.150654 : 0.1
0.0130567 0.266989 0.1069 -0.689766 0.308822 -0.0310096 0.069162 0.113983 0.0102845 : 0.2
0.00117745 0.514376 -0.37061 -0.0089843 -0.00749877 -0.0190414 -0.0607705 0.277124 0.116679 : 0
0.0030408 0.0794663 -0.244608 -0.164357 -0.0677425 1 -0.00393927 0.144394 0.222123 : 0
-0.29604 0.125496 0.443474 0.445751 0.0442905 -0.243453 0.258849 0.430745 -0.0789138 : 0
-0.0159786 0.719303 0.13198 0.0901497 -0.555709 -0.285382 -0.15664 -0.0460351 0.0364848 : 0
0.084255 -0.375978 0.326884 -0.325884 -0.030858 -0.190112 0.331626 -0.024858 0.208763 : 0
-0.267238 0.704771 0.112125 0.214065 0.765036 0.00591657 0.18684 -0.095719 -0.0676535 : 0.1
-0.08562 0.502362 0.0150708 -0.171639 -0.00699701 -0.137308 0.450547 -0.0760938 0.334462 : 0
-0.00280356 0.536879 -0.00965708 0.0726771 0.340101 0.203068 0.441082 -0.122425 -0.0325578 : 0.1
0.228873 0.337301 -0.0101265 -0.141444 0.438993 0.384134 -0.0209819 -0.183671 0.555915 : 0
-0.358441 0.0813031 0.302481 0.0473396 -0.227044 -0.039215 0.47555 0.108112 0.145496 : 0
0.173274 0.369302 0.228613 -0.172302 0.528916 -0.080582 0.240917 -0.53743 -0.190745 : 0.1
-0.105775 0.821254 -0.0566219 -0.185232 -0.336363 0.74824 0.129223 0.0230274 -0.283233 : 0
-0.0735321 -0.0905011 0.339096 -0.897166 -0.0515686 -0.0768445 0.112709 0.0787341 -0.0739243 : 0
0.262824 0.267506 0.224936 0.132855 0.00313997 0.0554658 -0.0224713 0.472397 0.102058 : 0.1
-0.130947 0.200295 0.548124 0.167104 0.221321 0.394684 0.24715 -0.466413 -0.0404666 : 0.4
0.0236503 0.163241 0.0177151 0.112647 -0.000623081 0.0357141 0.354994 0.0789097 0.40787 : 0
0.662359 0.242069 1 -0.0768678 -0.0186031 -0.124075 0.0573 0.108967 1 : 0
-0.273212 0.184977 1 0.395157 -0.0211157 -0.282763 -0.0832948 -0.101902 -0.0128161 : 0
0.386289 -0.0483609 0.0294445 0.432805 -0.108062 0.369979 -0.337583 -0.295986 0.148389 : 0.3
0.177245 0.391943 0.279823 0.210037 -0.012618 1 0.0920704 0.0683586 1 : 0
0.0841301 0.54152 0.290877 -0.635362 -0.0569713 0.0899741 -0.224106 0.263449 0.172386 : 0
0.094348 0.913366 -0.166524 0.594902 -0.088433 -0.434655 0.114417 0.0684742 0.0157533 : 0
-0.0873128 0.287873 0.0954749 -0.910052 0.129835 0.0427047 0.498524 0.314268 -0.0376986 : 0
-0.413341 0.162673 -0.488378 -0.240798 0.0800514 0.0232761 -0.0545754 0.432627 0.16663 : 0.1
0.262858 0.0856226 0.21299 0.2237 0.345128 0.225989 0.266833 -0.0876313 0.168795 : 0.4
0.160979 -0.260999 0.110739 -0.474573 -0.25085 -0.238214 -0.114825 0.473146 -0.513558 : 0
0.0571337 0.674035 -0.210475 -1 -0.0575617 0.0338525 0.0674665 0.297343 1 : 0.1
0.254576 0.596789 -0.0955825 -0.329929 -0.054756 0.110279 0.129246 -0.176347 0.299913 : 0.3
0.354155 0.597406 -0.157467 -0.0785928 -0.0391857 0.5509 -0.117817 0.175416 0.488199 : 0
0.0137344 0.0920615 -0.00539942 -0.197206 -0.0512898 -1 0.184567 0.106866 -0.0248433 : 0.1
0.0810782 0.0540902 0.126155 -0.0185875 -0.0159741 -0.0847329 0.444776 -0.0583673 -0.293497 : 0
-0.0354153 -0.0931692 0.0487244 -0.0740227 -0.103083 -0.0966311 0.331357 0.0738116 -0.223928 : 0.2
0.76397 0.227629 0.249638 -0.187523 0.0349349 -0.738524 -0.0980758 -0.140025 0.362496 : 0
-0.301266 0.105498 0.0489224 0.535448 -0.366279 -0.16515 -0.207823 0.273309 0.391389 : 0.1
0.429267 0.163205 0.432045 0.0731866 0.0850407 0.0154287 0.0510645 0.357185 -0.149358 : 0
0.489461 0.3218 0.484284 0.0280741 -0.0877976 -1 0.37052 -0.1138 -0.0438579 : 0.1
0.0340017 0.0341336 -0.191319 -0.0738923 0.696312 -0.199271 -0.0992948 -0.0106136 -0.247115 : 0
0.146847 0.0973401 -0.374962 -0.0545115 -0.089313 0.539777 -0.146246 0.0492588 -0.139872 : 0
0.0698427 0.300635 0.499663 -0.785237 -0.0515829 0.418709 0.176599 0.147362 -0.0559052 : 0
0.0503024 -0.220489 0.208507 -0.0400809 1 0.162265 -0.0719605 0.0937506 0.327559 : 0.1
-0.0527732 0.128696 0.322993 -0.239917 0.237951 0.186524 0.209859 0.185924 0.210667 : 0
0.225696 -0.0131623 0.551739 -0.0253017 0.19896 0.336138 0.427719 -0.220862 -0.0889903 : 0
0.317083 0.256724 1 0.344618 0.10377 -0.0958618 0.101592 0.121846 -0.0154545 : 0
0.20377 0.207832 0.0247223 -0.140556 -0.0577988 0.276773 0.18345 0.0327109 0.436798 : 0.5
0.312658 0.286796 0.565089 -0.124159 0.284556 -0.855532 -0.222722 0.356879 0.0105079 : 0.2
0.500247 -0.0469553 -0.436222 0.335738 -0.382364 0.131619 0.0744758 0.00793394 -0.0837581 : 0
0.242276 -0.411189 0.710674 -0.0429917 -0.185161 0.14746 0.438123 -0.184956 -0.361146 : 0.3
1 0.686502 0.555101 -0.101703 0.0958986 -0.213834 -0.0297137 -0.0291109 -0.0989022 : 0
0.280977 0.0444891 0.135033 -0.724332 0.194763 0.263771 0.245057 -0.233452 -0.0270265 : 0.4
-1 -1 0.137183 0.404425 0.119113 0.0802716 0.486085 1 0.31392 : 0
0.25334 0.185402 -0.193284 0.190386 0.0193275 -0.00920704 -0.00225864 0.338205 1 : 0
-0.3062 0.169582 0.358532 0.0945033 -0.263168 0.243139 -0.168166 0.0527236 -0.540131 : 0
0.0995925 0.611248 0.344127 -1 0.235955 -0.0555797 -0.0685841 0.174232 0.294839 : 0.1
-0.0410405 0.113186 0.44744 0.290242 -0.174864 -0.988403 0.540676 0.270526 0.0465879 : 0
0.468633 0.0444795 0.151508 -0.721014 -0.472609 -0.0154972 0.0492765 -0.0895073 -0.223098 : 0.1
-0.0680951 0.100078 0.321467 0.257468 0.110407 0.321488 0.365248 0.246258 0.397447 : 0
0.0472988 0.205622 0.0634921 0.180405 0.363838 -0.0378183 0.00442198 -0.172291 0.321336 : 0
-0.0399047 -0.81064 -0.810564 -0.14152 0.898085 0.0782846 0.26999 -0.143705 0.124575 : 0.1
-0.00820665 0.601389 0.0869462 0.104076 -0.00118827 -0.0415054 0.607537 0.0981789 1 : 0
0.353813 0.209973 0.539935 -0.242247 0.0243272 -0.148468 0.610563 -0.0182915 -0.00521857 : 0.1
0.207724 0.336694 0.213926 -0.0479249 -0.0514614 -0.282614 -0.00900325 0.0391669 -0.48368 : 0
0.147155 0.825331 0.143649 0.280273 -0.229693 0.535734 -0.176167 -0.2145 0.821465 : 0
0.115234 -0.256205 0.20804 0.0121969 -0.00543739 -0.0619714 -0.182345 -0.223066 -0.0468768 : 0
-0.0122142 0.856348 0.0193932 -0.182596 -0.105452 -0.17737 -0.441884 0.0317721 0.144494 : 0.8
-0.513526 -0.00722029 0.0916112 -0.069095 -0.268614 0.10558 0.438624 -0.430485 -0.00800902 : 0.1
-0.242888 0.201333 0.386282 -0.0155695 -0.0584537 0.204351 -0.208836 -0.309621 0.242954 : 0.1
0.26329 0.755291 -0.175493 -0.158146 0.249194 -0.0439032 0.0713701 0.0753419 0.124436 : 0
0.159823 0.414192 0.0158318 -0.00939178 0.493649 0.167722 -0.0174451 -0.00986037 0.326909 : 0
0.816967 -0.186022 0.146045 0.497014 -0.143536 0.605819 0.626164 0.279654 0.303327 : 0.1
-0.0880371 0.740268 -0.593488 -0.220307 -0.113909 -0.155574 0.156515 0.0877928 0.193705 : 0
0.35878 0.176576 0.395459 -0.558771 0.151961 -0.217628 1 0.197864 -0.331669 : 0
-0.0680849 1 0.380345 -0.718269 0.303396 -0.0488631 0.372212 -0.0606542 0.371259 : 0
0.32135 0.214828 0.037793 0.0392631 -0.281547 -0.240629 0.243442 0.393162 -0.105544 : 0
0.277078 0.563039 -0.725919 1 -0.674053 -0.322333 0.385941 0.181271 -0.198649 : 0.1
0.195765 -0.359068 0.67997 0.00537378 -0.863902 -0.0241893 0.206158 -0.0195376 0.211132 : 0.3
-0.0325437 0.639335 0.25445 0.325878 0.0588045 -0.0550007 0.498542 -0.104737 1 : 0.3
-0.462994 -0.547604 -0.0501831 0.675296 -0.0237279 0.133081 0.093714 -0.0131477 -0.292514 : 0
-0.0931606 -0.617242 -0.0379566 0.267853 -0.00706825 -0.0757358 0.16966 -0.00452665 0.0356332 : 0
-0.132529 -0.0651048 0.867616 -0.174212 0.0539717 0.203433 0.0421255 0.363356 0.00853831 : 0.5
0.00254482 0.012541 0.419087 -0.106478 0.179096 0.0270617 0.0101115 -0.0757454 0.111658 : 0.1
0.309825 -0.421229 0.0643204 0.13151 0.147402 0.029981 0.104069 -0.0816242 0.244016 : 0
0.517543 -0.527837 -0.615203 0.990578 0.202751 0.0958151 0.365663 0.115851 0.0719172 : 0
-0.183696 0.350497 0.216858 -0.0669951 0.0811954 -0.0177257 -0.270787 0.124305 0.0940847 : 0
-1 0.551196 0.209894 -0.014629 1 -0.139711 0.0656737 -0.331359 -0.321251 : 0
0.249435 -0.093152 0.502149 0.229721 0.405396 0.402045 -0.0115707 -0.230754 0.104188 : 0
0.827356 0.318014 0.106809 0.824713 0.346711 0.0087081 -0.0766003 1 0.189099 : 0.4
-0.209414 -0.0397137 -0.199345 -0.196717 0.0666964 -0.290465 0.095563 0.106905 0.244359 : 0.3
-0.323935 0.641712 0.27126 0.179927 0.0431135 0.0152134 0.121153 0.176603 0.454832 : 0
1 0.531456 -0.0765007 0.879751 0.205484 -0.141585 0.0844334 0.303508 -0.00451676 : 0.1
0.450888 0.460912 0.599437 0.143326 0.00629922 -0.0260256 0.0328095 0.360931 -0.450165 : 0
-0.124331 0.127524 0.221316 0.519608 -0.0970438 -0.00146127 0.0213934 0.0907009 -0.149875 : 0
0.0742575 0.206003 -0.0235367 0.080445 0.24558 -0.0443932 0.808769 0.105211 0.134238 : 0.1
0.331494 0.249625 1 1 -0.34545 -0.0375074 0.135367 0.066993 0.059793 : 0
0.10447 0.127783 0.22595 0.723704 0.0573117 0.0606835 -0.0601355 -0.0449498 0.0692942 : 0
0.0079034 0.628611 0.735732 -0.123269 0.150196 0.143644 0.00810438 -0.218993 -0.119846 : 0
-0.0218599 0.744922 0.0452677 0.142946 -0.514692 0.194019 0.620508 0.0206712 0.00694376 : 0
0.304492 0.106656 0.0421124 0.00842407 -0.0457089 -0.0136768 -0.0166103 -0.238394 -0.407347 : 0.1
-0.207957 0.135155 -0.314753 -0.128704 0.115547 -0.0279586 0.474865 0.149953 0.0636591 : 0
0.124592 0.245112 -0.199789 0.408838 0.105483 0.00391966 -0.0127513 0.21418 0.436226 : 0.1
0.0206125 0.813596 0.127231 0.198157 0.0823162 -0.127026 -0.144103 0.035301 -0.0254373 : 0
-0.353674 0.983983 -0.261052 -0.331314 0.154718 -0.124148 0.0760536 0.0115063 0.432697 : 0
0.396611 0.214159 0.23912 0.117498 -0.21517 -0.0192904 -0.231297 -0.0741801 1 : 0.1
-0.0118422 0.0519139 0.569918 0.144756 0.041467 0.54213 -0.32378 0.297877 -0.0375944 : 0.1
0.173753 0.0663964 -0.133727 0.0804258 -0.6993 -0.036647 0.114383 0.226386 0.474228 : 0
0.446187 0.632075 0.155386 -0.240314 0.416502 -0.239869 0.00731649 -0.0707032 -0.109957 : 0
0.121122 0.27986 -0.00650939 -0.641315 0.210127 0.267721 -0.00746625 -0.0772451 0.22397 : 0
-0.0486517 -0.132631 0.278368 -0.0950571 -0.269061 0.0994077 0.0128557 -0.146855 0.215488 : 0.1
-0.259526 0.495402 0.221369 -0.835631 -0.541925 0.150672 0.00659616 -0.14234 0.0860434 : 0
0.378311 0.761351 -0.448195 -0.474856 0.207971 0.404558 0.0918768 -0.135253 0.219497 : 0
-0.0585818 0.233876 0.154253 -1 0.276585 -0.106949 0.40806 0.141064 0.291267 : 0.1
-0.0999521 0.200313 0.139034 -0.179304 0.17511 -0.028309 0.64329 -0.144299 -0.0164265 : 0
0.00441778 0.765655 0.690265 -0.0272778 -0.473721 0.194086 -0.0141352 -0.10883 0.0094111 : 0
0.0316184 0.228387 1 0.414141 -0.0316061 -0.0244813 0.0042489 0.066657 -0.0174099 : 0
0.117304 0.0458347 0.281236 0.0863961 -0.0483118 0.550796 -0.0381411 0.054743 -0.00383963 : 0
-0.0972981 0.152569 -0.0339106 -0.0434899 0.233824 0.258072 0.603424 0.254809 0.192883 : 0
0.982026 0.376964 0.0942489 -0.109201 -0.352319 -0.0938071 -0.00684348 -0.00736022 0.172494 : 0.1
-0.266314 0.275677 0.164048 -0.172716 -0.594713 0.300797 -0.317359 -0.219269 -0.573404 : 0
0.124288 0.97576 0.337686 0.1841 -0.365253 0.0625908 0.220537 0.338743 0.121582 : 0
0.142893 0.35692 -0.133327 0.959216 0.450133 0.186318 -0.0519445 -0.0928722 -0.00030636 : 0.1
-0.141141 0.18124 0.339382 -0.0364434 -0.0901925 -0.399471 0.131825 -0.162849 -0.147622 : 0
-0.101027 0.678963 0.113883 0.671444 -0.647761 0.283838 0.132407 0.166427 0.232085 : 0.4
0.320015 0.0858702 1 -0.967575 0.227975 -0.148461 0.200935 0.228543 0.514146 : 0
-0.379288 0.218032 0.512447 -0.0641597 -0.0699645 0.205816 0.221619 -0.120011 -0.0986853 : 0.4
0.335329 0.47513 0.605385 0.034363 0.506326 -0.0701869 -0.177454 -0.00396706 -0.151842 : 0
0.324978 0.128653 0.868096 -0.652396 -0.0919475 0.118406 0.190481 0.0499353 -0.0646684 : 0
-0.31158 0.311462 -0.0383626 -0.0361094 0.183291 0.0553135 0.0288704 0.028889 0.075413 : 0.4
-0.0859127 0.2573 0.86021 -0.277422 0.103748 0.00261647 0.120147 0.372074 -0.0294343 : 0.4
0.424531 -0.274653 0.636876 0.1588 0.119191 -0.169137 0.829964 -0.0191694 -0.00798963 : 0.1
0.146819 0.273071 -0.141013 0.455733 -0.0543734 0.508189 0.0568636 -0.0522799 0.132653 : 0
0.220069 0.448951 0.24069 -0.208133 0.131626 -0.111251 0.0390147 0.873621 0.0422671 : 0.2
-0.257535 0.327781 0.325261 -0.350837 -0.247502 -0.316597 0.0370383 -0.13166 -0.144773 : 0.1
0.0205672 0.158473 0.713791 0.810155 0.319767 0.107887 0.144204 0.0161292 0.206119 : 0
-0.302773 0.168487 0.498375 0.179435 -0.164319 -0.656455 0.027097 0.102171 -0.0852613 : 0.2
0.181513 0.150813 0.168813 0.252845 0.573182 -0.541109 -0.0283484 0.0771456 0.032566 : 0
0.406709 0.0696297 -0.00113524 -0.292886 0.405926 0.215784 0.0177146 0.139598 0.553936 : 0
0.0503694 0.180456 0.0901374 -0.156196 0.282373 0.516716 -0.221571 0.59419 0.34733 : 0.1
0.10494 0.363544 1 -0.031144 0.0843413 0.141158 0.00357773 0.192741 0.0990332 : 0
-0.218496 0.395872 0.293652 0.0342813 -0.165695 -0.223758 0.0431387 -0.145118 0.220736 : 0.6
-0.626149 0.390504 -0.0905455 -0.138492 0.253208 0.226509 -0.0378361 -0.0253063 0.12713 : 0
-1 -0.768556 0.189887 -0.385295 0.733324 0.0813533 0.20561 -0.0405783 -0.036925 : 0
0.663489 0.977982 0.197719 -0.266984 0.0875006 -0.0191108 0.0115019 -0.0901014 0.141543 : 0.1
-1 0.369869 0.185185 -0.053558 0.65594 -0.286787 0.255144 -0.205408 0.177322 : 0
-0.0326186 0.389285 -0.0981267 -0.0888216 0.326406 0.144814 0.00844008 -0.123545 -0.101511 : 0
0.174514 -0.212637 -0.185325 0.0727013 0.172787 0.305893 -0.0361518 0.234697 0.964817 : 0
0.227318 -0.124064 0.189535 0.0486663 0.388956 -0.362211 -0.0690907 -0.195805 0.277314 : 0.2
-0.169026 0.63698 0.565301 -0.304171 -0.0327075 0.397969 0.157463 0.0448871 -0.185685 : 0.1
0.0908719 -0.29294 0.258552 0.0504177 0.113352 -0.0405491 0.0897087 -0.124184 0.143365 : 0.5
0.0928512 0.322566 -0.240425 -0.921787 0.0830846 0.334932 0.217159 -0.247375 0.378851 : 0.1
-0.0614516 0.177472 0.052017 0.13506 0.030732 -1 0.234765 0.0916004 0.0697058 : 0.3
-0.028948 -0.192841 0.0371097 0.700931 -0.0810155 0.0478984 0.598159 -0.0989496 0.225578 : 0
-0.263878 0.238437 0.119337 -0.233057 0.188108 -0.160879 0.708342 0.50987 0.322861 : 0
0.14065 -0.0871838 -0.441739 0.0949343 -0.0370832 -0.191086 -0.0564247 -0.0964671 0.0523055 : 0.3
0.176494 0.308171 -0.503511 -0.134644 0.00352688 0.217612 0.103728 0.0268035 0.18844 : 0
-0.0123463 1 0.268659 -0.00901859 -0.0795188 0.105425 0.109217 0.152338 -0.0263343 : 0.1
0.221628 0.426237 -0.209668 -0.143087 -1 -0.307527 0.240551 0.242143 -0.096924 : 0.1
0.434409 0.231669 0.0377042 0.128059 0.140291 -0.517772 0.025753 0.234504 0.363876 : 0
-0.282407 -0.138097 0.315552 0.00549278 0.160151 -0.535699 0.0235267 0.0976454 -0.0039145 : 0
0.26579 0.069096 0.72602 -0.274789 0.0771219 -0.125193 0.154506 0.980615 0.028266 : 0
0.632419 0.703486 0.113895 -0.249066 0.302909 0.126692 -0.152666 0.113195 0.18469 : 0.4
-0.348163 0.689404 -0.0426112 -0.119999 0.0700896 0.676997 0.159105 0.0501546 -0.2108 : 0
-0.0490271 0.680406 0.482329 0.261683 0.384492 0.150342 -0.00565594 -0.230519 0.119962 : 0
0.29384 0.104774 0.0223638 -0.194409 0.409918 -0.324193 -0.0921484 0.458913 0.496501 : 0
0.233033 -0.0545863 0.333963 0.425642 -0.169158 0.12295 -0.0151214 0.740783 0.0638993 : 0
-0.156719 0.169089 0.233314 0.349261 0.49689 0.309068 0.140725 -0.070677 0.119619 : 0
0.113045 0.465295 0.918795 -0.148585 -0.0336197 0.00736811 0.127359 0.0851569 0.0138053 : 0.2
0.530275 0.261515 0.0773718 0.263812 -0.179075 0.130115 -0.00306859 1 -0.115483 : 0
-0.274987 -0.177007 1 -0.128167 -0.00748241 -0.0161587 0.29899 -0.0908364 0.049771 : 0
-0.462662 -0.282685 0.284887 0.108151 -0.0325024 0.359194 0.261171 0.108885 -0.0487401 : 0.4
0.113019 0.593792 -0.00125749 1 0.664105 0.165457 0.155769 1 0.500079 : 0
0.405996 0.36897 0.838616 0.301942 0.137663 0.130463 -0.043446 0.0292675 0.172508 : 0.1
0.167612 0.466012 0.194268 -0.172992 0.250772 -0.176467 0.124049 0.0753546 0.00408772 : 0.2
0.170072 0.131442 0.22268 0.514449 0.384204 0.536075 -0.0524384 -0.0192065 0.179073 : 0
-0.0837862 0.120829 0.317968 -0.0704594 0.0742685 -0.47874 0.478204 -0.0166129 0.034049 : 0.4
-0.171916 0.20552 0.0365164 -0.191702 0.169326 -0.209869 -0.0242861 -0.181645 0.0112998 : 0.2
0.18533 0.152451 -0.129786 -0.412933 -0.294076 0.196795 -0.0342512 0.444642 -0.232808 : 0.3
-0.421375 -0.110819 0.462357 -0.0435223 0.027865 0.278996 0.0531531 -0.0982355 0.0669937 : 0.4
-0.238388 -0.0200961 -0.0973434 -0.332674 -0.338552 0.40274 -0.0489988 0.754429 -0.0765942 : 0
-0.442045 0.195034 0.139756 -0.26594 -0.029135 0.216801 0.30259 0.0702779 -0.269461 : 0.2
-0.858932 0.593211 0.126026 -0.34786 0.094497 -0.215705 0.115368 0.0489102 0.347402 : 0
0.151352 -0.555133 0.277078 1 0.0940302 0.28596 0.0545714 0.273314 0.286752 : 0.1
0.112022 0.0554104 0.0629747 -0.0391128 -0.565035 0.302739 -0.207828 0.118729 -0.0301697 : 0
0.180664 0.12762 -0.267807 0.117796 0.228889 -0.407947 0.107564 -0.215322 -0.00277197 : 0
0.00776505 -0.0655299 0.51541 -0.268096 0.124857 0.300474 0.133656 -0.031971 -0.303003 : 0.4
0.0426255 0.150598 0.200174 0.57157 0.0625895 0.0938072 0.0880283 1 0.0580168 : 0.1
0.115718 0.416395 -0.111057 -0.05385 -0.0522222 0.101511 0.189756 -0.112894 0.0591932 : 0
-0.127146 1 0.327644 0.0740407 0.332152 -0.0544449 -0.0024727 0.118719 0.012012 : 0.5
0.0342817 0.0462033 1 -0.52236 0.298709 -0.286564 0.0841384 -0.0698264 0.275234 : 0
-0.271915 0.0135557 -0.213902 0.186013 -0.0479983 -0.150086 0.171461 -0.109545 0.228295 : 0
-0.226454 0.202199 -0.146605 0.137847 0.0992884 0.523489 0.378747 0.355684 -0.170241 : 0
-0.0431719 -0.0529142 -0.148499 0.387971 0.0902127 -0.0860128 0.0279225 0.260387 0.176391 : 0.1
-0.0506838 0.749534 0.144396 0.359167 0.108801 0.135096 -0.570131 0.01101 0.342309 : 0.2
0.297178 -0.204682 0.452894 0.224352 0.0206235 0.324607 0.146526 0.328097 0.155279 : 0.1
-0.120636 0.108138 -0.0748307 0.072689 0.0410755 -0.00493127 -0.402941 0.319225 0.625703 : 0.1
0.131604 1 -0.103113 0.287097 -0.132326 -0.0708671 -0.0295883 0.104782 0.00439553 : 0
0.198401 0.141858 -0.00792262 0.165255 0.21287 -0.0156859 -1 -0.234656 -0.249112 : 0
0.773874 0.323933 -0.0187937 -0.0151572 -0.0644466 -0.0137225 -0.00861666 -0.0160799 -0.379202 : 0.1
-0.519233 0.208354 -0.327708 0.365787 -0.0783262 0.585624 -0.369549 0.020223 0.168776 : 0.1
-0.17257 0.882233 0.00808783 0.146976 0.490687 0.413636 -0.019025 -0.0126244 0.65687 : 0
0.105068 0.709321 0.388632 0.153864 0.515382 -0.00154833 -0.0367155 -0.033489 -0.07889 : 0
-0.206354 0.280444 0.274436 0.183502 -0.30545 0.363826 0.31802 0.0311673 0.151426 : 0.4
-0.0072107 0.627264 0.131465 0.0669045 0.291875 -0.306543 0.0706083 0.10235 0.177292 : 0
-0.326635 -0.105055 1 0.115019 0.0534428 -0.140036 -0.079463 -0.266534 0.232952 : 0
-0.617727 0.263336 0.00588997 0.218756 0.109594 -0.306731 -0.0784945 0.0620439 0.229561 : 0
0.0210532 0.527726 0.115486 -0.012592 -0.104357 0.193391 -0.322967 0.0874904 -0.228035 : 0.5
0.329963 -0.389752 0.638248 -0.323519 0.0174037 1 0.0988839 0.0899643 0.0190409 : 0.3
0.0105508 0.728311 0.564014 0.0365781 0.0553806 0.203539 -0.382632 0.152772 -0.40124 : 0
-0.042689 -0.293757 1 -0.68746 0.789589 -0.0262537 0.448402 0.0119755 0.160909 : 0
-0.349605 0.106131 -0.0288346 0.614903 -0.0561231 0.11793 0.189847 0.884194 0.0845793 : 0
0.0440048 0.282135 0.289019 -0.320807 0.0944803 0.069697 0.4533 0.119004 0.0180943 : 0.2
-0.0880695 0.169541 -0.157864 0.261109 -0.0271813 -0.233302 0.108316 -0.119364 0.383634 : 0.5
-0.265146 0.333209 0.696966 -0.00221238 -0.0908106 0.537826 -0.362052 0.0245759 -0.0337827 : 0.5
0.0739764 0.672874 0.242052 -0.179409 0.27206 -0.103541 -0.388401 0.143978 0.154507 : 0.3
0.088721 0.384021 0.0327898 -0.00222255 -0.277853 0.229618 -0.0869497 0.0748045 0.563373 : 0
-0.398578 0.418454 0.489968 0.0691118 0.013149 -0.0798481 0.132178 0.196329 -0.00218815 : 0
0.12322 0.473207 0.269672 -0.0813931 0.116242 -0.083797 -0.0217065 0.081025 0.0584695 : 0
0.116067 0.782874 0.175213 -0.266105 0.0309444 0.175959 0.0706843 -0.040412 -0.0643566 : 0
0.115121 -0.119614 0.34891 -0.559494 -0.096785 -0.314684 0.105428 -0.239479 0.143877 : 0
0.134956 0.14311 0.400115 0.251051 -0.455474 -0.0701467 0.0802534 -0.0608668 0.472596 : 0
-0.0470529 0.445481 0.0601988 0.157973 -0.217254 0.41624 0.0140801 0.00945492 0.237318 : 0.3
-0.213978 0.166803 -0.185628 0.145345 0.13137 0.502279 0.183671 0.403256 0.0856609 : 0.2
0.12235 -0.745489 -1 -0.0907905 -0.195968 0.016969 -0.137838 0.0956065 0.133559 : 0
0.130552 0.0287925 -0.130055 -0.78496 0.196968 -0.207122 0.489338 0.113829 0.217724 : 0
0.269835 0.218739 -0.101392 0.161478 -0.024746 -0.0557054 0.15494 0.400186 0.286607 : 0.1
0.244374 0.189735 -0.174615 0.123149 -0.0990385 0.108185 -0.0484039 -0.156872 -0.00601684 : 0.1
-0.212649 0.546952 -0.183055 -0.2908 0.147282 0.0443904 -0.00385785 -0.0803502 0.039784 : 0.4
0.330754 0.580677 -0.723177 -0.148334 -0.0339697 0.523908 0.0248294 0.225878 0.179299 : 0
-0.27532 0.0641728 0.404629 0.0157668 -0.0467486 0.213817 0.237784 -0.107738 0.245678 : 0
0.343215 -0.335422 -0.386202 -0.0362347 -0.47042 0.190072 0.768875 0.92134 0.00174698 : 0
0.151391 0.102626 0.160072 0.487968 0.0595131 0.369412 0.0739139 0.0307001 0.278381 : 0.3
-0.259766 0.401915 0.353396 0.178391 -0.574999 0.155929 0.793596 -0.247484 -0.000985496 : 0
0.0527646 0.316705 -0.0367458 -0.468085 0.0257528 -0.196347 0.126508 0.129795 0.0253811 : 0
0.191042 1 0.211737 1 0.17971 -0.116062 -0.266153 0.769603 0.0772598 : 0
0.330061 0.393577 0.566459 -0.315462 -0.292495 0.517407 0.10959 -0.0377294 0.352861 : 0
0.087437 0.231222 0.116663 0.26413 -0.107285 -0.417159 0.380509 -0.0412781 0.020945 : 0
-0.254928 0.240388 0.0504497 0.212106 0.179711 0.188796 0.0988086 0.129547 0.0448046 : 0
0.0282677 0.266819 -0.75245 0.325223 -0.0353775 0.0749183 0.324736 0.143908 -0.0842248 : 0.1
0.126498 0.426817 0.361474 -0.652304 0.398953 0.147803 -0.10977 0.0158021 -0.648902 : 0
0.0533546 1 0.156875 -0.118832 -0.278353 0.0789184 0.262221 0.148421 0.0298387 : 0.4
-0.130621 0.87464 0.103822 0.548896 0.126465 -0.132967 -0.35219 0.417471 0.100353 : 0
-0.133848 0.583264 0.142085 -0.228078 -0.382457 -0.496379 0.108747 0.297207 0.51283 : 0
0.263619 -0.136829 0.119616 0.23824 -0.183206 0.565018 0.296984 0.6024 0.260757 : 0
0.200763 0.300097 0.719915 -0.0286161 0.234192 -0.226683 0.0593901 -0.564056 -0.271828 : 0.3
0.336311 0.213479 0.155888 0.173736 0.0175407 0.1044 -0.0675795 0.0522318 -0.202621 : 0
-0.276888 0.310295 0.363403 -0.363285 0.158198 0.000877667 0.14239 -0.0325017 0.0664046 : 0
0.189787 0.278761 0.311529 -0.212519 0.0722073 -0.0289064 0.0819439 -0.101486 0.111787 : 0
0.17393 -0.0177454 -0.0170917 -0.16006 0.250455 0.281871 0.561045 0.273243 0.239383 : 0
-0.596902 0.81691 0.409105 -0.190566 0.0435234 0.0331458 0.783964 0.56447 -0.325747 : 0
0.0342007 0.379365 -0.0385351 0.397382 -0.144601 0.217007 0.0790559 -0.074845 -0.14024 : 0
0.383394 0.27089 0.192497 -0.138037 0.356531 -0.00598991 0.126162 0.186401 -0.201088 : 0
-0.0858271 -0.251393 0.310823 -0.217492 -0.00278169 -0.261554 0.232992 0.33891 -0.333657 : 0
0.0958454 1 -0.179373 -0.224479 0.0633866 0.587993 0.421119 0.0416689 0.0989128 : 0
0.0286013 -0.027157 0.112835 0.0978294 0.010991 0.856366 0.570131 0.162713 0.230997 : 0.4
0.367768 0.820899 0.924637 -0.875374 0.26989 0.513548 0.0893725 0.0810139 0.729031 : 0
0.0207728 0.304493 0.145408 -0.0715061 0.177425 0.0155637 0.0271115 0.103419 0.0621016 : 0
0.0467622 0.574519 0.10669 -0.0306102 -0.0385074 -0.108361 0.205405 0.320575 0.401794 : 0
-0.100846 0.00682163 -0.223493 0.118953 0.110026 -0.0579666 0.00810209 -0.0986104 1 : 0
0.731287 0.382344 0.00786116 0.439242 0.942286 0.216623 0.0638838 -0.706713 -0.308334 : 0
0.127251 0.0577117 0.542887 -0.80495 -0.184046 0.0748553 -0.281133 1 0.146732 : 0
0.115376 0.538266 -0.510118 0.0915937 -0.0199336 0.627413 0.381983 0.239407 0.138243 : 0
0.277734 0.617884 0.396835 0.299566 -0.0859819 0.0964073 -0.170731 0.312807 0.525899 : 0.2
0.110019 -0.061273 0.1731 0.0271098 -0.498694 0.0788079 0.210055 -0.152945 -0.0253139 : 0
0.0689825 0.387358 0.375042 0.222923 0.130815 0.392472 0.0612522 -0.0707052 0.0860259 : 0.4
0.462372 0.165349 0.192081 -0.280166 0.272491 -0.18952 -0.01897 -0.172255 -0.00943482 : 0
0.384012 -0.0919099 0.509988 0.0318339 -0.296721 0.0161697 0.0762674 -0.0955581 0.431428 : 0
-0.274441 0.120698 0.36545 0.781489 -0.0977752 -0.117139 0.146773 -0.0508656 -0.0520736 : 0.4
-0.163529 -0.351836 -0.0199596 0.708875 0.0749985 -0.0420874 -0.0799083 0.162972 0.195494 : 0
0.406996 -0.192452 0.231693 -0.0202408 -0.302617 -0.122166 0.0777877 -0.331291 0.0878093 : 0
-0.0834786 0.304191 0.17808 -0.206773 1 -0.0625544 0.445646 0.199369 0.317422 : 0.5
-0.209633 0.959844 0.188213 -0.701993 -0.222401 -0.0134812 -0.00712681 0.439941 -0.0460102 : 0
-0.168341 0.580133 -0.00765979 -0.292249 -0.0508825 -0.311548 -0.068854 0.0606512 -0.369109 : 0.1
0.131707 0.444864 -0.00932748 -0.640838 0.0743525 0.514323 -0.0500048 0.173368 -0.87111 : 0.5
0.0129837 0.930682 -0.0342026 0.529188 0.280184 0.458658 0.120125 -0.0172701 -0.118491 : 0.5
0.30479 -0.0854722 -0.450905 0.266183 -0.0467509 -0.0761105 -0.0923324 0.316976 0.301871 : 0.7
-0.093927 1 0.946121 -0.462999 0.0446191 -0.316109 0.557069 0.00515822 0.367536 : 0.5
0.172617 0.129236 -0.280344 -0.0999345 0.099064 1 0.00734812 0.109644 0.115873 : 0
-0.173344 0.444619 0.377487 0.00451867 0.439316 -0.118181 -0.260372 0.0265455 -0.0828405 : 0
-0.0839728 0.313 0.091716 -0.27714 0.0667864 0.217521 -0.121511 0.103247 0.0615505 : 0.1
-0.12199 0.624629 -0.201809 -0.233969 -0.0435013 -0.17334 0.54321 -0.00126141 -0.194208 : 0
-0.644415 0.498806 0.0888177 -0.0194581 -0.0530554 1 -0.0452667 -0.0793581 0.327461 : 0
-0.527203 0.134672 0.308319 0.976149 -0.0385175 0.239726 0.190025 -0.0457036 -0.527537 : 0
0.258641 0.528195 0.0866787 0.0487136 0.519494 0.282208 -0.129039 0.315299 0.13037 : 0
0.122641 0.0265643 0.546982 0.0878344 0.344059 -0.299075 -0.101142 -0.396515 -0.0604896 : 0.1
0.17361 0.363357 -0.663815 0.27973 -0.610473 0.00760378 0.322084 -0.0711255 0.102596 : 0
-0.0792872 0.661934 -0.139452 -0.0963901 -0.164116 -0.334744 -0.00756995 0.12713 -0.15039 : 0
-0.188519 0.843897 0.0608955 -0.212088 0.0862521 -0.0199241 -0.225937 0.445006 0.276614 : 0
0.405305 -0.314269 -0.124201 -0.349145 -0.0260805 -0.114752 0.11668 0.0709111 -0.10235 : 0.1
-0.0490284 0.316951 -0.434129 -0.0483965 0.453448 -0.00391239 -0.0659112 0.00278303 -0.295321 : 0
0.176811 1 -0.0146607 0.0730589 0.145857 0.766056 0.0345774 -0.00401223 0.326273 : 0.1
-0.124555 0.261696 0.559814 -0.545118 0.0677561 0.349265 0.106842 -0.108981 -0.0893462 : 0
0.818977 0.226782 -0.0431584 -0.310508 0.102795 0.210778 -0.139248 -0.0822512 0.0379017 : 0
0.0535022 -0.0677978 0.15818 -0.561244 0.161649 -0.0450182 0.122923 -0.0526864 -0.321943 : 0
-0.111869 0.458652 0.226513 -0.135695 0.0223152 0.0913081 -0.0290973 -0.0720179 0.0812163 : 0
-0.213 0.222205 0.239586 -0.270434 0.112932 -0.0960518 -0.0968178 -0.152101 0.0885545 : 0
-0.434302 0.235813 0.184162 0.146817 -0.324279 0.281315 0.20353 0.0303199 -0.67013 : 0.2
-0.0583654 0.0379285 -0.178283 -0.159325 -0.172849 0.379709 -0.162059 0.282246 0.119353 : 0.1
0.275137 0.990952 0.27205 0.0807352 0.074761 -0.18839 -0.0461908 -0.256742 0.306698 : 0.3
0.032964 -0.198899 -0.749866 0.0480026 -0.242366 0.197348 0.235142 -0.0178995 -0.117556 : 0.1
0.490796 0.723397 0.614537 -0.0125248 0.469681 -0.0444757 -0.159874 -0.105968 -0.227276 : 0
-0.443571 0.160629 0.205325 0.393536 -0.0253973 0.252374 0.0449874 -0.00785577 -0.00513428 : 0
0.534228 0.104908 0.116777 -0.208535 0.0231369 0.00728639 0.276634 0.313554 -0.00859454 : 0.2
-0.0904114 0.267647 0.287243 -0.0872962 0.0967159 -0.0336414 0.0969267 -0.153635 0.434191 : 0.4
0.0782514 0.309788 0.0671957 -0.396258 0.19819 -0.000915378 -0.269056 0.0109758 -0.0293841 : 0
-0.402604 0.947045 0.208719 0.101508 -0.802261 -0.126755 0.430117 0.111078 0.0679037 : 0
0.0131743 0.122923 0.00944437 0.432428 0.0799532 -0.13932 -0.018974 0.0607933 0.0756578 : 0.4
0.459667 0.0990934 0.00922328 0.0503808 -0.141904 -0.978397 0.0943057 0.126345 0.256304 : 0
0.0910716 1 -0.341731 0.653801 0.87779 0.21546 -0.0255337 0.0666151 0.284551 : 0.4
0.103755 0.897187 -0.215127 -0.0457431 0.464136 0.136097 0.086961 -0.154053 0.3503 : 0.2
0.332768 0.187918 0.523233 0.177761 0.107662 -0.25301 0.013064 -0.148432 -0.302166 : 0.2
-0.0317057 -0.439882 -0.590794 0.235941 -0.149679 0.0685523 0.455124 0.0894902 0.11671 : 0.4
-0.096459 0.364079 -0.313748 -0.555745 0.0174447 0.00145787 -0.0491571 -0.0673578 0.0369522 : 0
-0.157192 0.855918 0.447033 -0.570338 0.115052 0.391929 0.353185 0.281111 0.000228181 : 0.1
0.186959 0.175677 0.699208 -0.380341 0.351759 -0.212923 0.388922 0.104556 0.497075 : 0
-0.160934 0.561436 -0.134773 0.196772 0.041802 -0.258451 0.101304 0.383412 -0.102169 : 0.4
0.000328541 0.211521 0.799642 -0.0511673 0.122505 0.143619 0.0194931 -0.152236 -0.101445 : 0
-0.525823 -0.0871136 0.175602 0.0510516 0.0852247 0.163061 -0.0834419 0.242841 0.545504 : 0
0.226468 0.608051 0.139632 0.0351974 -0.647583 -0.469438 -0.0502962 0.180372 -0.252895 : 0.3
0.183078 0.085793 0.212934 0.28959 0.0684143 -0.294354 0.333724 1 0.0590209 : 0
0.0454075 -0.384895 0.541787 0.252587 0.241891 0.252325 -0.139572 0.631931 0.288407 : 0.4
-0.0759604 -0.0690449 0.475391 0.941136 -0.13221 -0.0272427 0.00480862 -0.105306 0.180515 : 0.4
0.0729439 0.240012 0.407447 -0.158282 0.0195158 0.180172 0.356262 -0.146287 0.131153 : 0.5
0.280559 0.171719 -0.0610056 -0.301187 -0.172219 -0.0161124 0.0345343 0.214273 0.468956 : 0
0.36184 0.958503 0.121321 0.136737 0.0425492 0.2127 0.214486 -0.0105143 -0.473187 : 0.3
-0.0298255 0.879757 0.17521 -0.0706097 -0.0948376 0.119803 0.0343258 -0.0808168 0.150733 : 0
0.118061 0.111719 0.576355 0.406733 -0.2492 0.686782 0.342622 0.0764406 0.110556 : 0
0.116572 0.279151 0.272248 -0.326074 0.0958185 1 1 0.131991 0.318188 : 0.1
0.134335 0.591257 -0.59065 0.173094 0.155567 0.25078 -0.0133054 0.134356 0.153258 : 0
-0.118899 0.882819 0.634061 -0.335621 -0.0114763 -0.104059 -0.0889895 0.0114917 0.0847351 : 0.4
0.0957565 0.527933 0.22807 -0.32532 0.210792 0.100635 -0.100461 0.0714009 -0.110035 : 0.1
0.169829 -0.51232 -0.758977 -0.0170485 0.0491912 0.0340703 1 -0.388988 -0.226932 : 0.1
0.28317 -0.952534 -0.296249 -0.102355 -0.00336164 -0.0988506 -0.351978 -0.0100124 0.0783908 : 0.1
0.0915273 0.0724893 0.425176 0.314767 0.0112581 -0.0632582 0.114197 -0.105864 0.164615 : 0
0.0433883 0.861452 0.199945 0.193469 -0.620467 0.323206 0.137098 -0.189878 0.720401 : 0.1
0.374976 0.288902 0.0270566 0.0808339 -0.116498 -0.823597 -0.0563417 0.193556 0.0218471 : 0
-0.218886 0.190868 0.275104 -0.161569 -0.172889 0.204751 0.0332988 0.0263476 -0.883634 : 0
0.541891 -0.0395721 -0.0349527 0.0555954 0.0557822 -0.00289903 0.328659 0.247078 -0.0978297 : 0
-0.00417566 0.509242 0.414996 0.036683 -0.0231713 0.427426 0.113672 -0.219205 0.153771 : 0
0.197421 0.335109 -0.11599 0.265005 0.145057 0.122514 0.226865 0.113831 0.0436727 : 0.1
-0.32072 0.262329 0.172068 -0.234528 -0.0477841 0.453987 0.175171 0.102709 -0.0899046 : 0
-0.0362007 0.543602 -0.2304 0.0269855 -0.0138387 -0.0452659 0.242203 -0.0570643 0.282372 : 0.2
-0.0137395 0.423773 -0.417554 -0.22516 0.0730095 0.066638 0.678175 0.298901 0.192336 : 0
-0.384426 0.103866 1 -0.373908 0.143389 -0.0776959 0.51561 0.575688 0.274621 : 0.2
-0.0180085 0.584973 0.275097 0.83832 0.0295849 0.259153 -0.0333582 -0.00372498 0.0667674 : 0.3
0.101927 0.0962387 -0.0150145 -0.645256 0.516517 0.664297 -0.518709 -0.334529 0.298275 : 0.3
-0.0426549 -0.00858139 0.0440558 0.0587813 0.135772 0.190124 0.19858 0.353911 0.0319403 : 0.1
-0.00802286 0.250647 -0.34071 0.364198 -0.166941 0.459035 0.246476 0.254193 0.107128 : 0
-0.689485 0.212431 0.225156 -0.101951 -0.0611068 0.110059 0.657727 0.144601 -0.111484 : 0
-0.293123 0.630721 0.503517 -0.0434391 -0.159436 0.148166 0.335834 -0.137836 -0.194797 : 0
0.103054 0.558586 -0.50745 -0.114949 -0.0779865 1 -0.150252 0.403805 0.278399 : 0
-0.103148 0.203036 0.0179319 0.0650231 0.0467949 -0.413779 0.0291718 0.131507 0.135014 : 0.1
0.206618 0.20157 0.173989 -0.861442 -0.204042 -0.106039 0.243536 -0.0201669 0.0256354 : 0.4
0.273002 0.417622 0.324082 0.0714044 -0.101779 0.0980264 0.208725 -0.0644654 -0.111551 : 0.1
0.494504 0.190814 0.195626 0.0402994 -0.0113223 -0.192163 0.00321981 0.153535 0.307476 : 0.2
0.175681 0.523194 0.312925 -0.54999 0.0198797 0.080425 -0.093538 0.221111 0.106979 : 0.1
0.444413 -0.17463 0.280751 0.0156347 0.162704 0.0344096 -0.0664446 0.277353 -0.0404926 : 0
0.115945 0.852154 0.059825 0.25947 0.472975 0.136564 -0.218634 -0.192303 0.410824 : 0
0.565396 0.156974 0.51284 0.0359959 0.00555513 0.0795249 -0.191542 0.277585 0.524651 : 0.3
0.155866 0.395221 0.811346 -0.865652 0.418124 -0.0265692 -0.276557 0.0395033 0.0324401 : 0
-0.115744 0.62972 0.0979239 1 0.106508 0.275561 0.477064 0.02417 0.259509 : 0.2
0.391109 0.602126 -0.176684 -0.257995 0.124613 0.0579203 0.626316 0.589976 0.14782 : 0.3
0.272097 0.226535 -0.379538 1 -0.212924 -0.36682 0.181678 0.200147 -0.0361417 : 0
-0.3499 0.0821239 0.00832461 0.0738258 -0.170571 0.0547623 -0.258245 0.197981 0.206426 : 0
0.0490454 0.0507188 -0.10383 0.0495066 0.113534 0.0258605 -0.232461 -0.0325681 0.0502969 : 0
0.460959 0.120824 -0.172945 -0.0383753 -0.13301 -1 0.0464985 0.0230574 -0.146003 : 0.3
0.192538 0.0893263 0.913999 0.280256 -0.00741027 -0.10997 0.084147 0.0175537 0.0692412 : 0.1
-0.145047 0.188826 0.577483 0.103487 -0.0349718 0.411821 0.1542 -0.0575614 1 : 0.4
0.0961035 0.965174 0.218269 -1 0.208478 0.270575 0.0587848 0.0104918 0.215981 : 0
0.914719 0.401846 0.0439635 0.374729 -0.404597 0.562227 -0.0602598 0.870146 -0.0128462 : 0
0.266895 0.430692 0.396112 -0.720815 0.0113178 -0.000253975 0.340223 0.130619 0.24844 : 0
-0.348449 0.427646 -0.226701 -0.100245 0.140051 0.420268 0.866927 0.320905 -0.353415 : 0
-0.306667 0.0966663 0.380135 -0.173038 0.841431 0.0829213 -0.0866294 -0.122499 -0.131771 : 0
0.0276811 0.294111 0.197851 -0.178716 -0.0970817 0.0290104 -0.0533312 0.280652 0.0137457 : 0
-0.218178 -0.116178 -0.0137862 -0.406765 0.155552 0.0368178 -0.0154253 0.0120142 0.42794 : 0.5
0.352078 -0.572005 0.238829 0.170048 0.0258497 -0.10202 -0.239413 0.373285 0.130767 : 0.3
0.113396 0.612114 0.0820501 0.428229 0.112948 -0.238404 0.929407 0.0526876 0.332259 : 0.3
-0.0572615 0.498209 0.305218 0.534113 0.301381 0.339714 -0.0554429 0.0628303 0.351582 : 0.1
0.182543 0.961888 -0.405084 -0.0408908 0.0634767 0.0181139 0.120644 -0.356346 0.249781 : 0.3
-0.0966354 -0.116316 0.13292 -0.0860649 -0.0708701 -0.320116 0.0728053 0.328603 -0.323302 : 0
0.973956 0.0730964 0.213647 0.275134 -0.0142499 0.285039 -0.0906001 0.0904762 0.160959 : 0
0.0788873 0.420899 0.176096 -0.170756 0.419248 0.0926324 -0.0679942 -0.163344 0.0799627 : 0
-0.0512694 0.246308 0.650719 0.0435333 0.492155 0.0689307 0.496018 0.0118821 0.0367631 : 0
0.429764 0.300233 -0.139173 -0.460695 0.101387 -0.460992 0.0127089 0.17062 -0.172572 : 0.1
0.0636873 0.143401 0.245614 0.166011 -0.206742 0.157916 0.0403932 0.512227 1 : 0
-0.225235 0.167946 -0.0245837 -0.0637717 0.071954 -1 0.877578 0.780906 0.332793 : 0.1
-0.255366 0.890985 0.0836768 -0.086483 0.413259 0.0852431 -0.0544961 -0.163363 0.0699725 : 0.4
0.395643 0.488543 0.253821 0.557252 0.0277178 0.112837 0.469697 0.259761 -0.0144948 : 0.1
-0.387315 0.361988 0.26533 -0.371633 0.361416 0.0837453 0.0324705 -0.197391 0.00501677 : 0
0.288726 0.0542073 0.228316 0.900844 0.0253679 -0.0265996 0.0761516 -0.0186883 0.696073 : 0.3
-0.215872 0.230322 -0.179994 0.539391 0.0470494 0.409219 0.320312 -0.585004 0.0403427 : 0
-0.0855264 1 0.13991 0.069966 0.479315 -0.045012 0.0695896 0.364794 0.0568493 : 0
0.0385182 1 0.268393 -0.0867006 0.404712 0.210628 0.0729841 0.113615 0.260096 : 0
-0.129269 0.365112 0.878261 -0.574663 0.275772 0.0107392 0.417675 0.0892785 -0.0996768 : 0
-0.0023118 0.177806 1 0.204186 -0.0321503 -0.483842 0.0559979 0.105813 0.467386 : 0
-0.15015 0.295472 0.0953161 0.291239 -0.0442928 -0.106947 -0.547617 0.105677 -0.17483 : 0
-0.121002 0.261235 0.253991 -0.526706 0.294797 0.16742 0.190693 0.277002 0.162625 : 0.1
-0.00828401 0.075203 -0.445559 0.16016 0.0425499 0.132813 -0.107945 0.112124 0.0381664 : 0
0.0316688 0.167319 -0.106278 0.0529551 -0.00579059 -0.172057 -0.438873 -0.128508 -0.672532 : 0.5
0.135052 -0.421719 0.21096 0.24542 0.378179 0.585413 1 0.086411 0.246166 : 0
0.18136 -0.738225 -0.0394863 -0.281192 0.344978 -0.0409498 0.108302 0.308559 0.129886 : 0
0.151184 0.672864 0.282208 -0.105004 0.343726 0.696641 -0.011361 0.00947236 0.694091 : 0
0.192565 0.385439 0.14062 -0.213191 0.210405 -0.582326 0.0866595 -0.189499 0.106544 : 0.1
0.323037 0.512393 -0.234473 -0.152576 0.0854558 0.177696 0.0125574 -0.144505 0.235869 : 0
-0.295834 0.436113 -0.143484 -0.241328 0.366693 0.0185924 -0.0926439 -0.0683743 -0.0127815 : 0
-0.0710424 0.120858 0.255705 0.375253 0.0918351 -0.44136 -0.045404 -0.161487 0.0564851 : 0
-0.0859034 0.49718 -0.448323 -0.647215 -0.0426912 0.276941 0.100626 -0.0361964 -0.52955 : 0.1
0.478851 0.261217 0.471658 -0.435565 0.0211611 -0.228256 0.237927 0.185026 0.545349 : 0
-0.131975 0.424548 0.226802 -0.47467 0.322697 -0.132665 0.330943 -0.0587927 0.267954 : 0.4
0.056402 0.110758 0.10072 -0.0593492 0.430522 -0.00728248 0.327597 1 0.0340475 : 0.1
0.153295 -0.0622368 -1 0.766619 -0.0282165 0.0183951 0.257474 0.369788 0.0686329 : 0
0.372151 -0.22597 0.265842 -0.189743 0.270603 -0.348048 -0.0162806 0.31771 -0.497681 : 0
0.00031656 0.134666 -0.0943566 0.134611 0.182577 -0.147266 0.424054 -0.221252 0.0892233 : 0.4
-0.138076 0.591922 0.0436764 -0.722978 -0.252821 -0.0773924 -0.262389 -0.0246524 0.524094 : 0
0.0110537 0.500329 -0.322415 0.09202 -0.0853007 -0.0737882 0.458102 -0.0454766 0.876236 : 0.3
-0.261849 0.134887 0.155275 -0.26207 0.0930763 0.222117 0.0982137 -0.121936 0.0330957 : 0
-0.341655 0.731787 0.0375554 0.125305 -0.032647 0.0888629 0.0489487 -0.0989591 0.272469 : 0
0.314573 -0.222336 0.067764 -0.108276 0.29048 0.343785 -0.0134269 0.234264 0.238699 : 0
-0.112018 0.138306 0.0747342 -0.460525 -0.316234 0.372345 -0.120948 0.104541 0.135043 : 0
0.0141144 0.537223 0.969111 -0.665536 -0.0259552 0.260241 0.509687 -0.0278317 -0.32373 : 0
0.31901 0.319057 0.865697 0.19214 -0.0237684 0.149526 0.184266 1 0.157339 : 0.1
0.118522 0.267859 0.24036 -0.049023 -0.0776286 0.1062 0.199083 -0.0834783 -0.217476 : 0
0.640371 0.657534 0.32149 0.22206 0.328337 0.0137063 0.176918 -0.133619 -0.00893044 : 0
-1 0.288851 0.575678 -0.136073 0.843485 -0.672431 0.172213 -0.0573257 0.09018 : 0.1
-0.285481 0.20247 0.19244 0.2289 -0.149358 0.0393182 -0.0299899 0.0224784 0.07025 : 0
0.39236 0.0466317 0.181315 0.430016 -0.0640289 0.507002 0.0455865 0.159658 -0.0374573 : 0
0.141419 0.062601 -0.686482 0.124967 -0.132016 0.232038 -0.063317 0.027059 0.922881 : 0
0.424114 0.147406 -0.209607 -0.529402 -0.283517 -0.221132 0.344373 0.00108565 -0.129508 : 0.4
0.156731 0.229538 0.108556 -0.137135 -0.0526273 0.260405 0.223595 -0.0202918 -0.253979 : 0.1
0.176147 -0.00385302 0.0801482 -0.288119 0.0367166 0.0509626 0.102619 -0.105632 0.177328 : 0
0.213422 0.134234 0.479927 -0.202761 0.054012 0.00403659 0.155597 0.0325491 0.170507 : 0
0.0268646 0.963837 0.0207431 0.596751 0.66527 0.112507 0.152356 0.261019 0.510281 : 0.1
0.51578 0.282933 0.0197677 0.0291966 0.105406 -0.0369097 0.0937389 0.260956 0.26549 : 0
0.0993732 0.167459 1 -0.0871408 0.693375 0.236773 0.0370639 0.0706452 -0.0566429 : 0.1
0.202963 0.738645 0.108839 0.16838 0.0129857 -0.0464343 -0.0565535 0.0614309 0.458723 : 0
-0.0413239 0.456708 0.177352 -0.113303 0.543008 0.148033 0.0429707 0.16285 -0.0250852 : 0
0.204746 0.263984 0.0195535 0.218209 -0.703165 0.0630039 0.204055 0.305611 0.141538 : 0
-0.072924 1 -0.0365419 0.544945 0.127156 -0.0746636 0.111767 -0.115126 1 : 0
-0.184048 0.627423 -0.621608 -0.383355 0.0109604 0.305567 0.0928291 -0.000533141 0.234013 : 0.3
0.535618 0.312598 0.408384 0.0967191 -0.361625 0.273179 0.394258 0.015622 -0.0065459 : 0
-0.188497 0.18979 0.403015 0.0556426 0.011348 -0.0871775 0.483397 0.0790963 0.367524 : 0
-0.128074 0.582202 0.361034 0.544533 -0.00758507 0.574709 -0.163505 0.551171 0.374327 : 0.3
0.0957 0.297761 0.0686708 0.110235 -0.0254256 0.226105 0.0873269 1 0.452802 : 0
-0.246919 0.37517 1 0.0697204 0.329214 -0.100878 -0.00301328 -0.100069 -0.0285962 : 0
0.141567 -0.0405019 -0.0878762 0.00297058 -0.47576 0.661133 0.091674 0.0151875 0.439708 : 0
-0.20313 0.497929 0.156052 -0.596183 -0.138363 -0.151538 0.159234 0.165747 0.0920847 : 0.3
-0.0997014 0.144946 0.142474 -0.0727478 0.516537 -0.0166257 -0.0456376 -0.0759281 0.0571138 : 0.1
0.0815074 0.231967 0.268921 -0.0813233 -0.000828188 1 -0.0447723 -0.092665 0.00253692 : 0
0.568322 0.130821 0.292783 -0.436728 0.100846 -0.269651 -0.161737 -0.151993 -0.360715 : 0
-0.0772204 0.501395 0.332196 0.335545 -0.0937338 -0.0209485 0.0830806 0.126448 -0.159053 : 0
-0.185946 0.237856 0.234426 -0.176897 0.0361099 1 0.112343 -0.142179 -0.228771 : 0.3
-0.0399596 0.119392 0.0495019 0.20211 -0.423818 0.667781 0.0380445 0.183516 -0.0112617 : 0.1
0.833753 -0.183172 0.136667 0.215407 0.773728 0.440646 -0.0873251 0.0911155 -0.497083 : 0
0.0708145 0.233542 0.0237945 -0.209936 0.327409 0.149065 0.153925 -0.101264 0.448701 : 0.1
0.213462 -0.269344 0.428678 -0.678814 0.0648423 0.552457 0.075233 0.0216145 0.201954 : 0.1
-0.0477518 0.930059 -0.369236 -0.12712 0.60992 0.125439 0.0976649 -0.396026 -0.174801 : 0
0.0140652 0.274333 -0.102162 -0.346684 -0.0243256 0.227217 -0.305293 -0.0940852 -0.0179864 : 0
0.778009 0.358526 0.0105251 -0.0182436 -0.00482138 0.663416 -0.0134335 0.0701439 0.128546 : 0.4
0.0813536 -0.149921 0.709149 -0.496926 0.0902216 -0.0157621 0.14579 0.0849913 -0.0262776 : 0
0.102782 0.362923 0.129149 -0.550293 0.493546 0.170206 0.0940933 0.119027 -0.104139 : 0
0.0113593 0.981642 0.190692 0.197982 -0.174271 0.0772983 0.151375 -0.0511031 -0.190619 : 0.5
0.0972247 0.895868 0.0674846 0.417082 -0.0698321 -0.188102 0.0678985 0.169206 0.293232 : 0
0.0356655 0.107486 0.554054 -0.962568 0.191709 -0.104314 0.413447 -0.0330232 0.0929747 : 0
0.17094 0.241876 0.142026 -0.444251 0.382996 -0.294592 0.0173174 0.196996 0.102274 : 0
0.40079 0.248538 -0.78876 0.218862 1 0.845236 -0.589968 3.69549e-05 0.116732 : 0.4
-0.00396551 0.154594 0.331216 0.699089 0.45039 0.358571 -0.0420674 0.0643648 0.39002 : 0
0.232568 0.0135117 0.114794 0.0853206 0.0378492 0.0227816 0.251942 0.315051 0.0360905 : 0.2
-0.340717 -0.146931 0.139935 -0.176225 0.112657 -0.24563 0.15606 -0.0463524 0.297669 : 0.1
0.0860283 0.089248 -0.180619 -0.194027 -0.0169464 0.0543721 0.29679 -0.07361 -0.00602222 : 0
-0.0964364 0.359301 0.512274 -0.49176 -0.0150214 -0.0833275 0.291406 0.342908 -0.266654 : 0
-0.116607 0.256951 -0.225065 0.541343 0.0358263 0.112964 0.763394 -0.017591 0.0992564 : 0
-0.144601 -0.408661 0.407885 0.0432239 0.0475796 0.10295 1 -0.0741933 0.109042 : 0
-0.160774 0.850308 -0.684645 -0.0834753 -0.508558 0.0683195 0.328877 0.128919 0.11964 : 0
-0.519347 0.0890641 0.0234754 0.154573 0.0942824 0.342869 0.597688 0.619031 0.245886 : 0
-1 0.292324 -0.248602 -0.060259 -0.486224 -0.197937 0.053912 0.0473383 -0.28737 : 0.1
-0.230883 0.451123 0.727135 -0.033099 0.148567 0.959004 0.0189552 0.0875098 0.0168896 : 0
0.0821221 0.516265 0.320754 -0.0921746 0.110816 -0.318136 0.726769 0.0932309 0.231032 : 0
0.129897 0.165322 1 -0.0876525 -0.263471 -0.0755885 0.122062 0.0401227 0.626318 : 0.1
0.138163 0.376555 0.12349 0.277247 0.766299 0.276648 -0.0679378 -0.153401 0.0772827 : 0.6
0.297985 0.256822 0.273922 0.130839 -0.430494 0.244783 -0.37935 0.11514 -0.130601 : 0
-0.217555 0.331263 0.060679 0.100899 0.121481 0.320419 0.132112 0.305582 0.172295 : 0
0.130773 0.000931337 0.488049 -0.255064 -0.037055 -0.0886959 0.582861 -0.0291403 0.114768 : 0
0.341751 0.122093 0.577558 0.273395 0.107579 0.0278802 0.295514 0.89934 0.228867 : 0
-0.267561 -0.161726 0.761239 -0.160724 0.188218 -0.435174 0.282065 -0.110508 -0.362876 : 0
0.139308 1 0.989634 0.279109 0.078457 -0.113975 -0.0626536 -0.0343075 0.0389302 : 0.1
0.0440942 -0.225282 0.351287 0.0521758 -0.0727722 -0.0693985 0.567132 -0.0277722 -0.35034 : 0.1
-0.272507 0.639611 0.259558 -0.0682266 -0.0366628 -0.159714 0.0457662 0.0252336 -0.0883463 : 0
0.073882 0.532719 0.0306272 0.181096 0.0673457 0.144437 0.396354 -0.302555 0.205973 : 0.4
0.100763 0.895248 0.101287 -0.388594 -0.345669 0.282949 0.469058 0.106637 0.256239 : 0.1
-0.163278 -0.282347 -0.468329 -0.797091 0.0366827 0.0419719 0.15812 -0.0551261 0.0364731 : 0.3
-0.105832 1 -0.212719 0.824541 -0.660558 0.284905 0.349493 0.0831186 -0.197953 : 0.1
0.118151 0.859195 0.0312415 0.89592 0.46644 0.0272647 0.162964 0.0768881 0.252067 : 0.6
0.127605 -0.246685 -0.281791 0.386861 -0.268292 1 -0.00288886 0.225377 -0.218474 : 0
0.00795117 0.479034 0.07556 -0.357546 -0.162448 0.0968118 0.703921 0.790187 0.236352 : 0
-0.0165511 0.134096 0.114603 0.024714 -0.260598 -0.309952 0.236264 -0.15638 -0.0348326 : 0.7
0.0945045 0.0777396 -0.167429 0.073821 0.917533 -0.00901628 0.0759366 0.0668813 0.0534832 : 0
0.160361 0.113659 0.0928145 0.379561 -0.258013 0.0617473 0.297424 0.325498 0.10025 : 0
0.172552 -0.023714 0.354842 -0.684666 -0.270256 -0.27445 0.338521 -0.492825 0.0980377 : 0
-0.60862 0.106305 0.292676 0.00252816 -0.0418244 0.0539752 0.113306 0.896072 0.155566 : 0
-0.0324869 0.852181 0.11356 0.352701 0.0786144 0.165978 0.0273825 -0.133124 0.0516246 : 0.3
-0.0415262 0.812105 0.145673 -0.109486 -0.0152037 0.0723382 0.0384735 0.303189 -0.123121 : 0
-0.125481 0.0866735 0.836774 -0.0694291 0.209008 -0.0346238 0.0302215 -0.116625 -0.151188 : 0
0.175513 0.172106 0.329194 0.391876 0.225596 0.217451 -0.130661 0.10614 0.23128 : 0
0.274159 0.280772 -0.0744203 -0.45733 0.265745 0.0934597 -0.0858385 0.074668 0.977709 : 0
0.217983 0.798615 0.221187 0.150894 0.218535 -0.24397 -0.0609101 -0.225047 0.732772 : 0
-0.08509 0.35622 -0.268177 -0.286132 -0.102718 -0.0242686 -0.110525 -0.0925054 -0.00768181 : 0
0.115025 0.387097 0.111658 1 0.0289918 0.290162 -0.734967 0.49608 0.792812 : 0
0.176568 -0.489921 0.206128 -0.324116 0.0713989 0.167533 0.121878 -0.276911 0.126702 : 0
0.00800103 0.300374 -0.185808 -0.261139 0.206599 0.132618 0.427783 0.104355 -0.389678 : 0
0.144545 -0.255159 1 1 1 0.285004 0.246527 0.119064 0.340404 : 0.3
0.130392 0.698384 -0.447578 -0.0413538 0.296436 -0.468706 0.82514 -0.748214 0.238609 : 0
0.116816 0.300461 -0.00664777 0.50807 0.102904 0.169127 -0.348481 -0.37473 0.432928 : 0
0.201415 0.186621 -0.0401903 -0.0874594 0.420611 -0.0880019 0.513387 0.217068 0.106973 : 0.3
0.272425 0.545532 0.107491 1 -0.0602948 0.334086 -0.601659 0.558211 0.0164411 : 0
0.426862 0.150183 -0.121652 0.00164609 0.0153026 0.274252 -0.183413 0.289467 -0.0390667 : 0.6
-0.238901 1 -0.0951088 -0.0279119 -0.0805077 0.469902 0.160765 0.0261551 -0.0126775 : 0
-0.0745926 0.181699 0.54824 0.310485 -0.0615523 -0.0764003 0.279989 0.345459 0.362214 : 0
-0.0967801 0.690786 0.498726 0.100721 0.304048 0.0658302 0.157975 0.409949 0.183032 : 0
0.172427 -0.420635 0.195739 0.132654 -0.0013525 -0.266127 0.0104297 -0.143983 0.170783 : 0
0.14393 0.240908 0.189937 0.256269 0.0935723 0.0628314 -0.0233677 0.0750433 1 : 0.3
0.459078 0.0531046 -1 0.436372 -0.189922 -0.00525194 -0.0196386 0.660139 0.0852789 : 0.4
0.244402 0.450264 0.167954 -0.162449 -0.475119 -0.00128054 0.392708 -0.152203 0.201313 : 0
-0.379403 0.566137 0.123832 -0.199568 0.0423557 -0.0580937 0.113865 0.104799 0.270009 : 0
0.133979 0.231114 0.047725 0.0527902 0.0877898 -0.760452 -0.0373574 0.0835484 -0.154762 : 0
-0.370865 0.838952 -0.341019 0.536167 0.0124487 0.467693 0.109335 0.350461 0.351233 : 0
-0.36313 0.0790246 0.207135 0.00369287 -0.105985 0.0369915 -0.255022 -0.211846 -0.074453 : 0
0.245986 0.302725 1 -0.0795062 -0.438526 0.0564023 0.628549 0.189249 -0.218052 : 0
0.181253 0.837911 0.301331 0.0888304 0.134222 0.072231 0.774459 0.0252722 0.638036 : 0.1
0.0524803 0.174113 0.391536 0.131203 0.139753 0.34609 -0.0117479 0.07814 0.100711 : 0
-0.0546468 0.631022 -0.0854207 0.500008 0.0463351 0.755699 0.116466 0.0597351 0.0905867 : 0.2
0.498148 0.440582 0.247175 -0.252824 0.141943 0.104477 -0.0764906 0.647595 0.201198 : 0.1
-0.0478667 0.0517043 0.912953 -0.130182 0.00208788 0.292489 0.22425 -0.176335 -0.223857 : 0
0.430636 0.466851 0.125212 -0.00719233 -0.256401 -0.0430199 0.0427088 0.0978359 0.538265 : 0
0.0767704 0.555313 -0.29837 1 0.0800681 0.224381 0.431201 -0.121789 0.181899 : 0
0.295346 0.131497 0.114528 -0.27091 0.0587723 0.129453 0.480967 0.268564 0.100773 : 0.1
0.286548 0.480514 0.0935219 -0.0676224 0.167424 -0.235173 -0.130061 0.143648 -0.110158 : 0
0.0194799 0.23934 0.135506 -0.684318 -0.131872 -0.29578 0.049543 1 0.0256279 : 0
0.0254446 0.435978 0.10136 -0.253934 -0.0206169 0.0913896 0.467395 0.0397651 -0.0187736 : 0
-0.0617698 0.262986 0.195397 0.0802802 -0.0832361 0.750674 0.0533389 0.259603 -0.247383 : 0.2
0.195424 0.18971 -0.652764 0.162419 -0.277654 -0.314634 0.0328693 0.192315 0.0338704 : 0.1
0.128312 0.341829 -0.470761 -0.125024 -0.0999284 0.0171367 0.328381 -0.124615 0.115171 : 0.1
-0.110567 0.24759 -0.59801 -0.152154 -0.121423 -1 0.616968 0.113594 0.153026 : 0
0.433287 0.176626 0.168485 -0.0879551 0.109872 0.176707 -0.0729389 0.768536 0.186183 : 0.5
-0.204953 0.406002 -0.152411 0.259187 0.275477 -0.0750486 0.330037 -0.0809872 0.0931166 : 0
0.310419 0.120341 0.0895872 0.251936 0.30938 -0.405556 -0.184885 -0.0646894 0.34157 : 0.6
0.392613 0.188598 0.946717 -1 0.0865482 0.28272 0.0540673 -0.0250105 0.233292 : 0
0.54784 0.0438256 0.818057 -0.225124 0.0798537 0.399575 -0.246401 0.42549 -0.0517204 : 0.1
0.081956 0.482174 0.00139525 -0.0651883 0.489714 -0.92659 0.0590103 0.104499 0.0369764 : 0
0.10958 0.109348 -0.0210471 0.0004538 0.145331 0.130942 0.108262 0.0851235 0.0941335 : 0
0.339999 1 0.0402969 0.0257505 -0.779278 -0.121108 0.451869 0.0992627 0.127745 : 0
-0.254506 0.596527 0.0804284 -0.0403725 0.55488 0.146466 -0.270442 0.154028 -0.0221343 : 0.2
0.468262 0.0577165 0.984047 -0.751863 -0.0774211 0.0745618 0.166588 0.255659 -0.293419 : 0
0.32045 0.246188 0.392269 -0.144849 0.604027 0.388045 0.16513 -0.0491532 0.161398 : 0
0.00281364 0.472019 -0.390006 0.114232 0.309261 0.108706 0.343288 -0.0240896 0.0976255 : 0
-0.0177482 0.109701 0.0940091 1 0.0307575 -0.0758101 -0.0334148 0.525679 0.64795 : 0
0.340881 0.435264 0.448115 -0.0849003 0.329927 -0.117069 -0.606767 0.646985 0.179447 : 0
-0.0934569 0.686998 0.222072 0.168538 -0.321135 -0.915364 0.170631 0.117188 -0.0514751 : 0.4
-0.128584 0.335538 0.00841554 -0.045315 0.239095 0.334672 0.209268 0.140441 0.0127234 : 0.1
0.178874 0.0377407 1 0.603753 0.391414 -0.152799 0.37765 -0.343224 0.292103 : 0.3
-0.0327446 0.396359 0.149082 0.46399 0.0126144 0.123038 0.910013 -0.143023 1 : 0.3
0.298766 0.133292 0.11913 -0.116807 0.112555 0.0187132 0.113085 0.110521 0.213588 : 0
0.289878 0.907981 -0.241152 -0.105114 0.0713421 0.360357 0.291738 0.415239 0.0937406 : 0
0.218197 0.148816 -0.0601711 -0.328435 0.239912 0.874123 0.0293535 0.339587 0.116959 : 0
-0.241402 0.444009 0.119059 -0.12687 0.0859976 -1 0.126493 0.0364942 0.0932037 : 0.4
0.69013 -0.329906 0.483632 0.805511 0.141208 0.180239 -0.21548 -0.115683 0.18355 : 0
0.081336 0.797096 -0.0924897 0.720581 0.147678 0.21645 0.695081 0.128008 0.245094 : 0.1
1 0.275446 0.264464 -0.488425 -0.0257064 0.262681 0.0162869 0.901071 -0.0175082 : 0.3
-0.0456386 -0.318069 -0.319988 -0.0139371 0.0308081 -0.00732523 0.940571 0.0157282 -0.300395 : 0
0.058596 0.682988 0.040148 -0.173986 0.221982 -0.0903644 0.440866 0.00445509 -0.0767157 : 0.6
-0.0717689 0.0605859 0.0981622 -0.217097 0.0436907 -0.021665 0.291588 0.128539 0.342805 : 0
0.18027 0.256868 0.0902505 -0.0788093 0.111581 -0.0944154 0.177484 0.198969 -0.0172935 : 0
0.102035 1 -0.0369333 0.16378 -0.564523 0.053825 0.214245 1 0.0350194 : 0
-0.517375 0.0124114 0.0178628 0.0475592 0.0367725 0.485806 0.202145 -0.0162891 0.500477 : 0.6
-0.516227 -0.236679 0.213452 -0.0834601 -0.722777 -0.148837 0.265462 0.353146 -0.553297 : 0
-0.100098 0.731761 0.178183 0.0121719 0.227267 -0.822086 0.908419 0.356565 0.128357 : 0
-0.173373 0.175725 0.179401 -0.133126 0.168442 -0.124504 0.0576526 0.0875021 0.0632273 : 0
0.494885 -0.0612701 -0.0818417 -0.0311938 0.160187 -0.326722 0.112979 -0.0132694 0.190522 : 0
-0.314344 0.00719883 0.114376 0.234873 -0.756247 -0.0709141 0.233689 0.0978408 -0.13645 : 0
0.210505 0.0804099 0.286214 0.284101 0.546651 0.0965937 -0.00788115 0.00327724 0.0636698 : 0.5
0.0648769 0.499675 -0.133364 1 0.369059 0.280457 -0.0260729 -0.228096 -0.163548 : 0.1
-0.0535982 0.471423 -0.202048 -0.0183085 0.269311 0.0651843 0.0845705 0.0564122 0.079228 : 0
0.0524001 0.20783 0.00871823 0.0832296 0.259907 0.122245 -0.0106404 0.0693908 0.023875 : 0.4
-0.710543 0.461039 -0.0700901 0.61116 -0.0215297 0.432066 -0.0559877 -0.0362634 0.319688 : 0.4
0.187898 0.45491 0.0169259 0.121165 0.820475 -0.264543 0.326033 -0.0332677 -0.221873 : 0
-0.229621 0.197366 0.2442 0.126558 0.000599355 0.182708 0.101956 0.196018 0.286151 : 0.1
-0.633572 -0.118805 -0.130201 -0.0621309 0.0544363 0.297162 1 1 -0.620756 : 0
0.567867 0.138882 0.0776347 0.317577 -0.395056 0.0653687 -0.123066 -0.143477 -0.0934543 : 0
0.349941 0.435185 0.475633 -0.0323936 0.0424749 0.0577626 0.808646 -0.0145343 0.352011 : 0
0.119255 -0.0802583 0.164205 -0.493683 -0.222549 -0.495777 0.0590674 -0.141718 0.277725 : 0
0.331927 0.114879 -0.180869 0.818733 -0.0575583 0.308927 0.288893 -0.295739 0.328725 : 0.1
0.441255 0.215826 0.323613 -0.0421382 -0.0896478 0.390361 -0.181895 -0.109725 -0.525248 : 0.1
-0.383235 0.478481 0.268862 0.255954 -0.180698 -0.101504 0.36772 -0.188584 0.266794 : 0.1
0.619688 0.380492 0.132732 -0.361436 0.0083854 0.0949313 0.0673259 -0.00339244 -0.424793 : 0.2
-0.0538189 0.260679 0.528491 -0.0888489 0.0946571 0.150319 0.0135042 0.221222 0.490727 : 0.1
-0.260569 -0.759847 0.0706158 -0.276244 0.297669 0.400558 0.0199083 -0.052912 0.299083 : 0
-0.367078 -0.0230962 0.195034 -0.223215 -0.576465 -0.35561 0.123254 -0.0457221 0.539357 : 0.4
0.17818 0.882457 0.0959463 0.328512 0.385535 0.510983 0.508763 0.247558 -1 : 0.2
0.374526 -0.766516 0.396582 -0.228097 -0.0888717 -0.14357 0.179762 1 -0.380647 : 0.1
0.164503 0.944129 0.482689 0.00955945 0.212679 0.268022 0.0804908 -0.0497223 0.244215 : 0
0.107132 0.301629 0.01879 0.0469856 -0.152383 0.0871707 0.0449215 -0.145257 0.0907484 : 0.1
-0.660981 0.0788272 0.213096 -0.738965 -0.196737 0.00414376 -0.183856 -0.049228 -0.0601733 : 0
0.136574 0.277349 0.0401113 0.186702 1 0.476628 0.118113 0.0394508 0.0500883 : 0.4
0.273712 -0.0475841 0.363183 -0.243466 0.0534158 0.137207 -0.00502875 0.307408 0.128088 : 0.1
-0.254246 -0.0250609 -0.00760195 -0.0133459 -0.0402656 0.310784 -0.280685 0.174152 0.29818 : 0.1
0.0645179 -0.154071 -1 -0.0162766 -0.228414 -0.119264 0.275139 0.433783 0.130146 : 0
-0.028481 0.139271 0.727174 0.310387 0.483662 0.33206 0.433939 -0.0356079 0.171386 : 0
-0.0457354 0.0259631 0.353793 -0.0338281 -0.013603 -0.0676594 -0.0466841 0.15975 0.00924239 : 0
0.38735 -0.25472 0.359386 -1 -0.0778472 0.16238 0.0575584 0.444521 -0.183325 : 0.2
0.120081 0.30239 0.250983 0.144663 -0.0823956 0.716115 0.0431404 -0.379055 0.478792 : 0.2
0.304777 0.162235 0.0424141 -0.34719 0.0881594 -0.142473 0.00849552 -0.419052 0.0647003 : 0.5
-0.0992231 0.709474 0.14535 -0.128027 0.270622 -0.172447 -0.18902 0.087317 -0.0731018 : 0.5
-0.055824 0.117032 0.0500124 0.237486 0.199423 -0.261962 0.0446798 0.818764 0.0152377 : 0
0.494084 1 0.477677 0.00775471 -0.0167624 0.0854918 0.0378666 0.037188 0.122813 : 0
0.0376312 0.633424 0.0620184 -0.00233233 0.64923 0.399752 -0.0193331 0.202614 0.205327 : 0
0.0121127 0.340151 0.867579 -0.160927 0.255523 0.151214 -0.212533 0.151887 0.23992 : 0.5
0.244439 0.916689 0.105285 0.0681201 0.0934883 0.0664995 -0.0447602 0.0330932 0.413738 : 0
0.137877 0.354556 -0.0623422 -0.413652 0.361869 0.837861 -0.0740151 0.0127187 0.154278 : 0
-0.121802 0.638068 -0.0525914 0.988783 0.0849348 -0.670168 0.0943076 0.219327 0.00150536 : 0
0.0655384 0.572193 -0.139601 -0.659359 0.510065 0.585033 0.233219 0.156995 -0.0732291 : 0.1
-1 0.276566 0.234141 -0.120871 0.504656 -0.0698747 -0.0690922 0.132199 -0.16431 : 0
