0.131439 -0.399754 0.769259 -0.103163 0.663498 0.213118 0.659764 0.490508 0.351396 : 0.1
0.45181 0.292929 -0.631231 0.106991 0.433591 0.837985 0.923962 0.523299 0.49604 : 0
0.0873158 -0.404323 0.90073 0.386346 0.111444 -0.340321 0.859863 0.326474 0.270204 : 0
0.262659 0.182128 1 0.416461 0.292903 0.410566 0.32292 0.0439969 0.13612 : 0.1
4.81009e-05 0.0278612 0.164587 0.299025 0.871868 0.33118 0.485142 0.977684 -0.174143 : 0
0.37683 0.510515 0.160597 0.0258164 0.627175 1 0.507045 0.233993 0.24853 : 0.1
-0.040151 -0.0583504 0.610135 0.405936 0.175088 1 0.643496 -0.746312 0.77926 : 0.5
0.645898 -0.356178 0.605772 -0.143459 0.41492 0.278593 0.952433 0.31495 0.581663 : 0.2
0.133255 0.079231 1 0.628603 0.561791 0.180042 0.516605 0.91587 -0.36422 : 0.4
0.662252 0.0692809 0.848495 0.37076 0.618003 0.261633 0.635025 0.172223 0.157816 : 0
0.792279 0.25559 -0.00965619 0.604605 0.180026 0.445641 1 0.879754 0.389652 : 0
0.706944 -0.483196 0.383949 -0.0596983 0.697839 -0.331309 0.344866 0.836641 0.0781372 : 0
0.237674 0.299103 0.648755 0.183138 0.724043 1 0.734582 0.155205 -0.149851 : 0.1
0.275585 0.391816 0.759296 0.611086 0.427029 0.85987 0.361408 0.212247 0.224161 : 0.1
0.0324286 0.127169 1 0.70406 0.331232 -0.0227645 0.0378264 0.177884 0.446021 : 0
0.787771 0.568325 -0.289536 0.447009 0.467316 0.843011 0.287275 0.896316 0.219267 : 0.2
-0.160935 0.687701 0.182412 0.886162 0.379143 0.394605 0.706611 -0.0201058 -0.786542 : 0
0.388217 0.948685 -0.348205 0.590166 0.411029 0.880734 1 0.451598 0.693307 : 0
0.486412 0.211448 -0.995431 0.78812 0.333802 -0.730251 0.088319 1 0.954248 : 0.1
0.39569 0.0189381 0.222504 0.17726 0.94877 0.275653 -0.0441122 1 0.297365 : 0.2
0.571536 0.261043 0.487436 0.568992 0.423847 0.533383 0.196633 0.66875 0.731055 : 0.1
0.603941 -0.319592 0.362488 0.0401614 0.502943 0.250218 0.131134 0.673033 0.570605 : 0
1 -0.0876046 0.774731 0.243809 0.250683 0.485742 0.546242 0.100243 -0.759474 : 0
-1 0.515983 0.458772 -0.0262213 0.244803 0.27233 0.180246 -0.16486 0.23765 : 0.4
0.766402 -0.535171 0.338477 0.259619 0.399259 0.570819 0.525279 0.412525 -0.844733 : 0
0.574919 -0.0583352 -0.00860587 -0.113931 0.447601 0.663586 0.615649 0.609878 0.271076 : 0
0.514056 -0.261338 0.794074 0.432317 0.983386 0.915347 0.593763 0.456535 0.831087 : 0
0.880218 0.373068 -0.0998457 -0.695634 0.0877666 0.180215 0.44644 -0.0560149 -0.208063 : 0
0.258849 0.567912 0.819143 0.122339 0.683097 0.509868 0.0463657 -0.202245 -0.242667 : 0.3
0.387105 0.127987 0.568957 0.770385 0.306559 0.564576 -0.220681 0.751238 -0.290457 : 0
0.480362 0.00917529 0.382574 0.285116 0.17384 0.582714 0.560505 0.44199 -0.14687 : 0
0.90143 1 1 0.91631 0.612967 0.108753 0.478267 0.590737 0.389372 : 0
0.283565 1 -0.0558639 0.411374 1 0.597835 -0.0122115 0.917295 0.431687 : 0.3
0.895311 -0.592837 0.65041 0.417316 0.584226 -0.772701 0.172865 0.284431 0.780463 : 0
0.36269 0.0457369 0.135745 0.18772 0.249153 0.479368 0.581031 0.970399 0.460031 : 0
0.240943 -0.0929573 0.650084 0.0701451 0.302217 0.368389 0.394779 0.646558 0.719293 : 0.1
0.782174 0.179156 0.23249 0.556129 0.305988 0.767052 0.230502 0.363991 0.157933 : 0
0.333021 0.268922 0.44322 -0.114136 0.537364 0.414627 0.611863 0.628115 -0.108075 : 0.5
0.273046 0.218621 -0.769728 -1 0.755874 0.881079 0.174906 0.231852 0.679542 : 0
-0.0984299 0.042457 0.341206 0.353473 0.508934 0.62017 0.58975 0.113685 0.0444067 : 0
0.774474 -0.077459 -0.197479 0.248309 0.393192 0.863965 0.716875 0.78879 0.00632588 : 0
0.00289416 0.136471 0.133942 0.447036 -0.223953 0.381992 0.162319 0.522058 -0.391755 : 0
0.180418 0.810691 0.455048 0.103502 0.0761403 -0.842856 0.458987 -0.359699 0.0800552 : 0
-1 0.180153 1 0.756461 0.534971 0.581025 0.293712 0.488238 0.69157 : 0.1
0.422713 0.00453041 0.349383 0.23586 0.205188 0.711397 0.610408 0.946942 -0.113307 : 0
-0.375955 0.27192 0.332545 0.38935 0.265047 0.868687 0.256687 0.434808 0.370218 : 0.3
0.519318 -0.147572 -0.500451 0.432614 0.989458 0.941585 0.564364 0.321629 0.101268 : 0.2
0.298215 0.0267175 0.539559 0.168162 0.569519 0.123911 0.797281 -0.326837 0.328926 : 0.2
0.441551 0.273758 0.432035 -0.0985438 0.551524 0.871307 -0.0383281 0.457888 0.141226 : 0
-0.233328 -0.537494 0.0905368 0.367158 0.820118 0.527681 -0.220338 0.619839 -0.136474 : 0.1
0.998445 0.58855 0.686897 0.915812 0.564517 0.510067 0.536199 1 -0.668019 : 0
-0.352759 -0.376603 0.0566854 0.540367 0.349409 0.029033 0.902949 0.475499 0.150691 : 0
0.861264 0.000898693 0.278937 0.217535 0.193381 -1 0.365111 0.226705 0.467506 : 0
0.69127 0.624924 0.757657 -1 1 0.65095 0.316704 0.51218 0.404259 : 0.3
0.136896 0.325774 0.937905 0.347905 0.380435 0.107445 0.526187 0.397126 -0.845296 : 0
0.554099 0.303777 1 0.267408 0.561094 0.661399 0.286567 0.69508 -0.683334 : 0.3
0.64358 1 0.638448 0.145388 0.347809 0.841518 0.0457409 0.553736 -0.240894 : 0
0.299144 0.0640472 0.365006 0.541151 -0.0625317 -0.920019 0.471188 0.368604 0.390317 : 0
0.612329 0.0800936 0.121946 0.402768 0.41825 0.495321 0.673548 0.477421 -0.0284783 : 0.3
0.483675 0.0486375 0.752547 0.417585 0.806053 1 0.243944 0.384854 0.0574488 : 0.2
0.19323 0.674359 0.367202 0.662781 -0.0273127 0.519481 0.34567 0.445414 0.47913 : 0
0.692621 -0.0115604 -0.142862 0.0653629 0.47221 0.514602 0.40832 0.899962 -0.321654 : 0
-0.65636 0.650095 0.628708 0.286067 -0.317486 0.443451 0.666095 -0.16976 -0.329671 : 0.3
0.676746 -0.0939732 0.749646 0.3969 0.613202 0.92859 0.581592 0.320004 0.208069 : 0
-0.00256413 -0.0763434 0.128381 0.157125 0.277447 0.58607 0.251105 0.747466 0.529408 : 0
0.639772 0.586568 0.281492 0.54531 0.181018 0.631995 0.413558 0.124446 0.494606 : 0
0.482386 0.877418 0.451358 0.928475 0.735532 0.610333 0.424455 0.351669 0.39206 : 0
-0.987474 0.632608 0.0043382 -0.917427 0.504406 1 -0.561901 0.498225 -0.0276954 : 0.1
1 0.606918 1 0.51643 0.340863 0.168706 -0.546686 0.207475 -0.0707994 : 0.1
0.223844 0.204531 -0.0547349 0.0582594 0.52796 1 0.299624 0.768015 -0.0886301 : 0
0.277584 -0.027691 0.435019 0.208477 0.674227 0.185093 -0.811949 0.84374 0.409334 : 0
0.242267 -0.35398 0.257699 -0.21461 1 -0.937139 1 0.905313 0.546706 : 0
-0.433649 0.556448 0.62407 0.275423 0.445644 0.661935 0.649767 0.801187 -0.12901 : 0
0.927733 0.44162 0.937787 0.393483 0.00455427 0.779664 0.935593 -0.0742471 0.417882 : 0
0.16218 0.0479174 -0.498298 0.156657 0.467719 0.0701644 0.666854 0.315633 0.430822 : 0
0.800267 0.0539365 -0.126191 0.419956 0.274122 0.321087 0.140949 -0.223254 0.149907 : 0
0.373064 0.220339 0.0354784 0.192018 0.85531 1 0.725815 0.495411 0.408353 : 0.4
0.772593 -1 0.492509 0.0440313 0.314402 -0.650084 -0.113233 0.349187 -0.00808987 : 0
-0.304566 1 -0.0115894 0.0784345 0.306924 -0.347365 -0.270786 0.371668 0.660247 : 0
0.160161 0.243756 0.651242 0.044061 0.833159 -0.814949 0.377617 0.753325 -0.0846609 : 0
0.172843 0.252581 -0.0611925 1 0.561721 -0.800854 0.541433 0.892931 1 : 0.2
0.13092 -0.344279 0.668377 0.079165 0.807302 0.476236 0.0878925 0.430884 0.297556 : 0.1
0.356409 0.657621 0.397666 0.345927 0.036439 0.437272 0.245438 -0.0238012 -0.408328 : 0
0.42868 0.187596 -0.121957 0.420689 0.343581 -0.0206909 0.65599 -0.193203 0.385433 : 0
-0.579696 0.00777973 0.684471 0.330987 0.989662 0.50021 0.138439 0.954247 0.409616 : 0
-0.132274 -0.706703 0.46893 0.785971 0.36317 0.45893 0.153705 1 0.047147 : 0
0.252145 0.192377 0.46159 -0.0891874 0.436912 0.15458 0.892494 -0.385681 -0.366429 : 0.4
0.783878 0.0562521 0.263275 0.691695 0.371161 -0.023463 -0.14487 0.382141 0.570365 : 0
0.320435 0.194646 0.090038 0.38854 0.522965 0.550829 1 0.879738 0.0660177 : 0.1
0.656444 -0.101022 0.245781 0.269429 0.286656 0.992463 0.335775 0.685929 -0.0226904 : 0
0.169947 -0.113338 0.349384 0.30225 0.268212 -0.651957 1 0.757325 0.651065 : 0
0.486573 0.515146 0.651991 0.292399 0.619401 0.448449 0.903899 0.826045 0.627088 : 0.1
0.679501 0.40602 0.511065 0.16562 0.507559 0.608494 0.178701 0.939312 0.136187 : 0
0.269042 0.18748 0.930569 0.498467 0.683082 0.876834 0.263273 0.354351 0.966885 : 0
0.563097 0.531407 0.411684 0.465266 0.39051 0.18002 0.13914 -0.722962 1 : 0.1
-0.247374 0.404243 0.525313 0.429245 0.193369 1 0.849705 0.985177 0.46377 : 0.1
-0.118108 0.0438594 0.442552 0.298104 0.339865 0.598737 0.243636 0.510498 0.402584 : 0
0.101578 0.147743 0.64347 -0.0458831 0.569656 0.0904648 0.437759 0.877423 -0.0306426 : 0
0.264203 0.0967321 0.284825 0.409081 0.702299 0.416211 0.305634 0.599939 0.813676 : 0.4
0.614133 -0.0310342 0.37936 1 0.360499 0.137567 0.594959 0.957309 1 : 0.1
0.407708 -0.152238 0.532163 1 0.563725 -0.361428 0.544864 -0.95154 -0.0153034 : 0
0.343691 0.433843 -0.84105 0.124438 0.506224 0.118388 -0.506741 0.335907 -0.0943776 : 0.3
1 0.643274 0.406606 0.379688 0.39147 0.690953 0.406183 0.378379 0.422688 : 0.1
0.28563 0.368088 0.629273 0.50456 0.188918 0.874846 -0.417939 0.748593 0.685785 : 0.1
0.397493 -0.3012 0.350996 0.522444 1 0.258724 -0.0384681 0.878809 0.493711 : 0.1
0.377299 0.445793 1 0.0141384 0.577836 1 0.713673 0.559705 -0.085297 : 0
0.532265 0.479124 -0.504491 0.168801 0.571011 -0.426386 -0.189541 0.435829 -0.101646 : 0
0.467832 0.313617 0.880447 0.354211 0.383247 0.0981226 0.577432 0.346187 0.257049 : 0
-0.477913 0.468589 0.772022 0.600259 0.624599 0.226671 0.186264 0.218235 0.570813 : 0
0.213852 0.45676 -0.309255 0.524818 0.481112 0.345224 0.31371 0.682739 0.281716 : 0
-0.146841 0.666312 0.276732 0.336323 0.177577 -0.60506 0.0989762 0.677669 1 : 0.1
0.903531 0.0254914 0.644174 -0.82623 0.210125 -0.131477 0.154967 0.278746 1 : 0.1
-0.139585 0.173495 0.533595 1 0.391139 0.327541 0.73891 0.534222 0.31761 : 0.4
-0.42854 -0.12758 0.243055 0.444773 0.798367 0.454835 -0.304375 1 0.0746232 : 0.2
0.0124702 0.153676 0.25345 0.187566 0.374024 0.674912 0.888319 1 0.0382501 : 0.4
0.466499 -0.19812 -0.526166 0.225332 0.958237 -0.533016 0.130787 0.491209 0.500233 : 0.1
0.675149 -0.353404 0.643587 0.571408 1 0.507921 0.152409 0.399965 0.769025 : 0
0.391019 0.326931 -0.796174 1 0.361156 0.445741 0.633685 0.477987 0.254838 : 0
0.226027 0.91016 0.490101 0.534801 0.748613 -0.277437 1 0.800115 0.265246 : 0.1
0.0290718 0.498653 0.467293 0.261433 0.669456 -0.522617 0.413713 0.193788 -0.992964 : 0
1 0.347903 0.794995 0.69808 0.948359 0.764161 0.323249 0.669625 -0.669258 : 0.1
-0.261611 0.692737 0.665633 0.466793 0.62366 -0.150103 1 0.222744 -0.912412 : 0.4
0.942011 0.120572 1 0.687182 0.414343 0.827868 -1 0.315308 0.287371 : 0
0.218344 -0.0702555 1 0.402674 0.7007 0.550791 0.638785 0.783483 0.189301 : 0
0.286347 0.0241209 0.0391471 0.655698 0.26939 1 0.194462 0.0907429 0.373186 : 0.5
0.574768 0.202706 0.861708 -0.117083 0.47102 0.828373 0.550119 0.345095 1 : 0
-0.431542 0.522546 0.0956485 0.217698 0.344884 0.770319 0.43297 -0.206828 0.24016 : 0
0.18949 -0.01206 0.170336 0.201159 0.555939 0.155499 0.99769 -0.279444 0.0958346 : 0.3
-0.497284 1 0.0845064 0.553131 0.474428 0.882545 -0.264947 -0.168856 0.803481 : 0
1 -0.0109163 -0.488877 0.509591 0.348832 0.178087 -0.257842 0.156942 -0.061274 : 0
0.250471 -0.406602 0.194712 0.476194 0.724638 0.202615 0.780009 0.656695 1 : 0
0.0216305 0.579167 0.798283 0.933147 0.565093 -1 -0.0102756 0.465506 0.156238 : 0
0.765478 -0.637593 0.485528 0.244441 0.701281 -0.711663 -0.099213 0.33839 0.464225 : 0.3
0.552638 -0.243457 0.301046 0.878983 0.570706 0.392684 0.287875 0.869219 0.761279 : 0.3
0.303379 0.328638 0.234526 0.934781 0.341689 0.960064 0.818503 0.396552 0.650717 : 0.3
1 0.252335 0.329841 0.499956 0.348681 0.776553 0.338123 0.115172 0.0113335 : 0.1
0.514575 0.0743413 -0.800132 0.240073 0.381637 0.704671 0.666446 -0.066074 0.110348 : 0.1
0.491483 -0.190798 0.668963 0.218671 0.549755 0.501793 0.662882 0.229292 -0.511962 : 0
0.53566 0.0302225 0.962276 0.176141 0.14002 0.542177 0.218473 0.0958289 0.653649 : 0.1
0.464758 -0.302104 -0.0203589 0.602141 0.785313 -0.631857 -0.165926 0.309954 1 : 0
0.424644 -0.0946189 1 0.58878 0.444296 0.645577 1 0.344647 -0.522186 : 0.6
-0.364374 0.110049 0.593657 -0.18376 0.263833 0.707097 0.885013 0.188274 1 : 0
1 0.674716 0.171174 0.421078 0.137452 -0.888096 -0.0741026 0.0334973 0.701965 : 0
-0.159514 0.622019 0.0980499 0.438841 0.335258 -0.587265 0.138535 0.70582 0.0549633 : 0.1
0.497236 0.304604 0.54529 0.0743831 0.311772 0.460266 0.944392 0.261686 0.238973 : 0.5
-1 0.79927 0.628039 0.432976 0.676779 0.591727 0.342972 0.630238 0.399301 : 0.1
-0.294337 0.423223 1 0.17221 0.759788 -0.312986 0.141047 1 0.579735 : 0.1
0.428857 0.115056 0.385698 0.281264 0.139224 0.517337 0.552187 0.101776 0.0543897 : 0.4
0.510351 0.177009 0.568481 0.500954 0.721303 0.693486 0.592087 0.34927 0.97704 : 0.1
0.125018 0.774978 0.211672 0.213935 0.352656 -0.392441 0.407526 0.0308238 -0.131853 : 0.6
1 0.414118 0.736427 1 0.509865 0.79915 1 0.543648 1 : 0.4
-0.481287 0.265201 -0.164806 0.869294 0.535123 -0.0461946 0.692946 -0.577904 0.113999 : 0
0.571486 0.172447 0.00533053 0.705565 0.327028 -0.639561 0.479056 0.276089 0.326889 : 0.1
0.478871 0.596154 0.250489 0.743195 0.390971 0.503522 1 0.514521 0.448919 : 0.4
1 0.352613 0.811327 0.164827 -0.127065 0.372717 0.595445 1 0.623882 : 0.3
0.316637 0.257837 0.542019 0.791364 0.144153 0.226589 1 0.368539 0.0282656 : 0.1
0.582312 0.2685 0.467151 0.146038 0.301821 0.0579083 0.721431 0.667169 1 : 0
-0.640714 0.222888 0.907626 0.569399 0.300296 -0.320493 -0.22172 0.330615 0.605157 : 0
-0.174055 0.888892 0.442567 0.451461 0.733733 0.207396 0.443463 -0.0390786 0.986724 : 0.3
0.399503 0.318862 -0.347285 0.341383 0.441788 0.251656 0.496757 -0.0253836 0.805614 : 0
0.320736 0.0829365 0.502484 0.251546 0.373947 1 0.873005 0.7158 -0.0885926 : 0.2
-0.072814 0.624924 0.480561 0.353411 0.72745 -0.242747 -0.15328 0.344104 -0.975415 : 0
-0.0151416 -0.323552 0.677779 0.0686833 0.631745 0.381965 0.831797 0.699101 0.0477387 : 0.1
0.177873 0.895932 0.471666 0.528704 0.5769 0.0139638 -0.501407 0.827528 -0.637286 : 0
0.135846 0.755971 -0.113339 -1 0.394043 0.139785 -0.0680875 1 -0.788019 : 0
0.0405197 0.650964 0.561413 0.384776 0.364556 0.257929 0.578044 0.249239 0.766685 : 0
-0.556957 0.572605 0.296307 0.207688 0.564182 0.167258 -0.655124 0.244523 0.590085 : 0
0.183878 -0.126533 0.140885 -0.0738455 0.34541 1 0.286803 0.946603 -0.0496494 : 0.4
0.59173 0.406488 -0.811888 0.292358 0.40839 0.126727 0.964657 0.545591 0.804434 : 0.1
0.895468 0.72541 0.0780151 0.364881 0.601038 -0.0818958 0.683782 0.831738 0.704097 : 0.3
0.283911 0.147769 1 0.00305863 0.521594 -0.0185502 0.608764 0.100234 0.445274 : 0
-0.26127 -0.0166798 0.402726 0.234324 0.634132 -0.108872 -0.113796 0.763385 0.654863 : 0.1
0.0990086 0.047182 -0.199675 0.228648 0.69198 0.193483 0.886102 1 0.324383 : 0
-0.00430948 -0.0509907 -0.198014 0.592289 0.677664 0.390711 0.521788 -0.634039 0.0843726 : 0
0.163443 0.000218764 0.713905 0.35119 0.67292 -0.440585 -0.154943 0.517569 0.272477 : 0
0.629162 -0.341526 0.0696236 0.404302 0.725204 0.119841 -0.190416 0.488284 0.135286 : 0.1
0.319964 0.244758 0.357431 0.521923 0.462182 1 0.837386 0.303295 0.293468 : 0.3
0.74018 0.399066 0.225446 0.312179 0.4556 0.888003 0.450661 0.462875 0.0451896 : 0.2
0.829915 0.177157 -0.327522 -0.0392797 0.384603 0.819522 0.405116 0.553149 0.981025 : 0.1
0.172769 0.159917 -0.0394425 0.684052 0.125847 0.528818 0.753655 1 0.482205 : 0
0.243371 0.568882 0.332538 0.212041 0.593803 -0.872172 0.0633467 0.340912 0.213006 : 0.5
0.0165314 -0.121069 0.0466629 0.787394 0.534397 -0.302331 -0.157755 0.153695 -0.335277 : 0.2
0.32797 0.634718 0.687468 0.507731 0.385977 1 0.918073 0.629039 0.957979 : 0.1
0.65731 0.668883 0.998868 0.980384 0.803667 0.431111 0.157437 0.834419 0.357663 : 0.1
-0.31893 -0.159021 0.887698 0.511698 0.648708 0.881192 -0.0757156 0.148956 0.180478 : 0
0.330687 0.0177718 -0.360514 0.638669 0.674039 0.287068 -0.0331959 1 0.464029 : 0
0.495605 0.345859 0.624948 0.666189 0.0154581 0.865105 0.666585 0.317722 0.23804 : 0.1
0.267498 -0.452807 0.693859 0.304526 0.566286 -0.161053 0.207713 0.503271 0.587315 : 0.3
0.847198 0.523504 -0.651809 0.155962 0.438456 0.265231 0.698111 0.567504 0.827692 : 0
0.0958386 0.158183 0.668664 0.257886 -0.158869 0.591227 0.683531 0.383072 0.0488931 : 0
0.329151 0.321095 -0.975745 -0.439101 0.389533 0.162385 0.525343 0.884694 0.265217 : 0
0.831263 0.382416 0.427032 1 -0.0140803 0.407381 -0.156559 -0.92911 1 : 0.4
0.108193 0.509876 0.655486 0.384416 0.629703 -0.881179 -0.329836 0.643558 0.571409 : 0
-0.159421 -0.114114 0.278223 -0.370802 0.547965 1 0.210983 0.671653 0.467686 : 0
0.330799 -0.0895744 0.104089 -0.386284 0.782964 0.488426 0.446824 0.375877 0.150694 : 0.1
0.558539 0.291091 0.363308 0.378789 0.63739 0.222247 0.50363 0.441439 -0.0695599 : 0
1 0.478176 0.240673 0.0691849 0.395687 -1 0.11255 -0.18085 0.310054 : 0
-0.0902289 0.117472 0.756054 -1 0.848114 -0.683816 0.879423 0.608571 0.700097 : 0
0.689385 0.487903 0.177021 1 0.625923 0.712918 0.811974 0.291692 0.565946 : 0
1 -0.409016 0.651211 0.435918 0.46351 0.556161 0.718815 0.304813 0.147898 : 0.4
0.233661 0.0463836 0.678412 0.422854 0.348538 0.542501 1 0.0953454 -0.048256 : 0
0.283619 0.352565 1 0.403564 0.423282 0.470434 -0.376214 0.856952 -0.582534 : 0
0.450075 0.33596 0.602085 0.651023 0.479984 0.777978 0.280583 -0.765477 0.108217 : 0.1
0.538016 0.551529 -0.780046 0.497919 0.776786 1 -0.694089 1 0.640989 : 0.3
0.370329 0.725047 -0.105738 0.891145 0.0690114 0.745683 1 0.378371 0.428073 : 0
0.0624693 -0.156353 1 0.447116 0.4533 0.574532 0.460593 0.166493 -0.402404 : 0.3
0.295235 -0.00119002 1 0.378548 0.723702 0.465179 -0.156547 0.0940915 0.243535 : 0.3
0.907067 0.366276 0.195635 0.182948 0.429585 1 1 0.434154 0.644782 : 0.4
-1 0.205286 0.248581 0.503282 0.265004 1 -0.100698 0.282727 0.624417 : 0.3
0.928923 0.0717938 1 0.424508 0.25085 -0.345427 0.590437 0.66788 0.42569 : 0
0.464789 0.27875 0.0972098 0.795336 1 -0.660691 0.0720633 0.792316 0.999099 : 0.4
0.00686568 0.529006 0.282441 0.382299 0.226035 0.170839 0.0145366 0.380887 0.17891 : 0
0.405264 0.650344 0.685646 -0.0911019 1 0.126497 0.378685 -0.259323 0.555518 : 0.5
0.49307 0.620274 0.50819 0.537978 0.440666 0.738607 0.244323 0.707699 0.0626736 : 0
1 0.186038 0.199042 0.411694 0.22902 0.49407 0.862809 0.495428 0.794334 : 0
0.476781 0.461 0.502329 0.525633 1 1 -1 0.842491 0.269956 : 0
0.58077 -0.258727 0.236716 0.328342 0.0601206 0.603754 0.540373 0.424245 0.743763 : 0.4
-1 0.187866 -0.188342 0.259582 0.341125 0.656128 0.340044 0.418176 1 : 0
0.375333 1 -0.370267 0.569422 0.612623 0.866331 -0.274396 0.13561 0.909486 : 0
0.488448 0.0747187 1 0.21089 0.214109 -0.640835 0.808445 0.222392 0.33905 : 0
-0.0167682 0.00435425 0.505345 0.266349 0.765804 1 0.987199 0.0710792 0.314793 : 0
0.697499 0.112509 0.168498 0.346283 -0.0681612 0.457212 -0.1267 0.458721 -0.240141 : 0
1 0.117603 0.587849 0.366634 0.402003 -0.364469 0.229266 0.405991 0.502611 : 0.3
0.33897 0.125798 0.712457 0.199187 0.493443 0.659981 0.204185 0.367437 0.568655 : 0
1 0.440216 0.680101 0.212744 0.37196 0.930329 0.312353 -0.0350603 -0.00888741 : 0.3
0.755503 0.00487828 0.429321 0.348952 0.472588 0.964492 0.148229 0.180547 0.712069 : 0
1 0.0770183 0.769974 0.43837 0.935077 0.83549 0.814765 1 -0.0573512 : 0
0.548172 0.0074974 0.550942 0.0703346 0.752507 0.727155 0.511724 1 0.413744 : 0
0.795351 -0.78983 0.529415 0.293891 0.225384 -1 0.787496 0.23285 -0.268928 : 0.3
-0.252755 0.563322 0.469469 0.288035 0.479539 0.734559 0.504519 0.55117 -0.334025 : 0.7
0.828349 -0.0339874 -0.17651 0.465361 0.179993 0.191679 -0.0649906 0.0446951 -0.338283 : 0
0.740983 0.235644 -0.406852 0.329373 0.760649 0.251424 0.579585 1 0.107465 : 0.5
0.606353 0.339971 0.648974 0.32141 0.809555 0.523153 0.438249 0.925571 0.758639 : 0.4
0.797031 0.0873856 0.695766 0.391682 0.0667731 0.353614 0.277561 0.960367 0.315534 : 0
0.291128 0.241869 -0.0732571 0.169587 0.579861 -0.286366 0.770307 0.333305 0.161072 : 0
0.839554 0.0951403 -0.451655 0.332076 0.0525609 0.418556 0.164215 0.0745225 0.960724 : 0
-0.388982 0.855149 0.49548 0.546723 0.347028 -0.0981581 -0.190777 0.0528081 -0.689368 : 0
0.653772 -0.078741 0.697899 0.334802 0.101335 0.562125 0.738675 0.945449 0.407778 : 0
0.701069 -0.0607183 1 -0.0163336 0.0497417 0.120635 0.906305 0.170917 0.331358 : 0
0.0984978 0.145437 0.576675 -0.1274 0.163029 0.482521 -0.00396121 -0.0487028 -0.251798 : 0.3
0.547839 0.624899 0.436653 0.457878 0.472796 -0.595749 0.368591 0.226421 -0.941486 : 0.1
0.775219 0.117229 0.291226 0.485501 0.301253 0.586675 0.49054 0.463001 0.325807 : 0
-0.264766 0.20833 1 0.439613 0.675615 0.469194 -0.619991 0.268146 -0.110238 : 0
1 0.318766 0.777702 0.348038 0.381492 -0.863778 0.392181 0.0390465 -0.316468 : 0.1
-1 0.347301 0.194527 1 0.821154 -0.197147 0.596719 0.206689 -0.909738 : 0
0.583482 0.677646 0.309865 0.403197 0.590303 1 -0.739191 0.957219 1 : 0.1
0.367255 0.213906 0.453144 0.766857 0.280097 1 0.229213 0.0927428 -0.244893 : 0
0.674026 0.106288 0.331909 0.102908 0.799013 1 1 -0.14525 0.325783 : 0.4
0.673675 0.147939 0.131363 0.677356 0.192366 0.156403 0.704772 -0.332761 0.306659 : 0.3
1 -0.473032 0.223598 0.562286 0.76179 -0.530479 0.308485 1 0.512798 : 0
0.382305 0.719009 0.679261 -1 0.864319 0.395883 0.399146 0.320064 0.734116 : 0.4
0.387875 -0.380683 -0.407643 0.623777 0.17381 -0.0860406 0.955081 0.488054 0.264286 : 0.1
0.443508 -0.256301 0.248693 0.313987 1 0.236582 0.530333 0.807486 0.0788873 : 0
-0.374711 0.375984 0.41298 0.627441 0.31379 0.353389 0.664378 0.918868 -0.0961939 : 0.1
0.662454 0.143565 0.879265 1 0.629718 0.208946 0.329046 -0.0858252 0.683789 : 0
0.244854 0.504781 0.634537 -0.0304268 0.706018 1 0.13342 -0.269647 0.357348 : 0.1
0.145855 0.53649 0.556778 0.422756 0.814767 0.886818 0.449103 0.214116 -0.0698996 : 0
0.223533 0.350492 0.178202 -0.161287 0.512609 1 0.83387 0.678468 0.0982588 : 0
0.55394 0.154082 0.504713 0.505612 0.734902 0.0679411 0.150558 0.81183 -1 : 0
0.733235 -0.00275522 0.639454 -0.0989187 0.647303 0.402805 0.175612 1 0.321705 : 0
0.110885 0.326702 0.333825 0.419417 0.636123 -0.395981 0.0914969 0.674631 0.369661 : 0
0.183858 0.551417 0.623641 1 0.941352 0.733711 0.452774 0.377783 1 : 0
0.546656 -0.0570297 0.690463 -0.707202 0.861155 1 -0.58993 0.746308 -0.227994 : 0.3
0.468366 0.731584 0.85811 0.213265 0.683029 -0.310971 0.902494 0.402005 0.400929 : 0
0.658711 -0.0566255 -0.439277 0.253818 0.54765 1 0.0291884 0.120742 0.548033 : 0
0.678161 0.26104 0.695722 0.64151 0.690737 0.202673 1 0.0528696 1 : 0
0.603368 0.174186 0.406325 -0.288522 -0.278182 0.085206 0.367589 0.120666 0.0833384 : 0
-1 0.108561 0.411554 0.237641 0.591516 0.501573 0.79355 0.289908 0.0977079 : 0
-0.568581 0.333536 1 0.318954 0.772788 -0.801637 -0.118762 0.235753 0.0689453 : 0
0.229068 0.10252 0.0441571 -0.00448494 0.552785 0.802658 0.740877 1 0.0693974 : 0.1
-0.208444 -0.690264 0.337032 -0.109487 0.429628 0.139577 0.270699 0.497375 0.699632 : 0
0.74227 0.538003 0.36684 0.347723 0.377964 0.593405 -0.23457 0.234102 0.10723 : 0.4
0.266872 0.647707 0.459218 0.0698948 0.506095 0.274165 0.590416 0.842353 0.00529221 : 0.4
-0.0157079 0.0990344 0.407086 0.174874 0.665168 -0.528872 0.559655 0.405292 0.531874 : 0
0.441016 0.0704039 0.70239 -1 0.962683 0.258294 0.115134 -0.00176334 0.953711 : 0
0.255152 0.362979 0.0831253 0.0777775 0.968327 0.539337 0.108623 0.524695 -0.0154307 : 0
0.181228 0.17204 0.566044 0.276738 0.377775 0.292637 0.473252 0.0457728 1 : 0.6
1 -0.221991 0.0595994 -0.276891 0.992798 -0.0387972 0.236764 1 0.0515518 : 0
0.455502 0.397557 0.439279 0.534208 0.375776 1 0.0239439 0.502256 0.135545 : 0
-0.770584 0.71264 1 0.153542 0.375837 0.832986 -0.549134 0.263574 0.47248 : 0.3
0.132732 -0.055677 0.567223 0.436297 0.479525 -0.452319 -0.11697 0.343171 0.309698 : 0
0.243359 0.813976 -0.884317 0.813588 0.777897 0.817369 0.77874 0.186689 0.61009 : 0
-1 0.261278 0.538459 0.130326 0.040245 0.332249 0.977895 0.202727 0.301941 : 0.1
-0.50607 0.449667 0.635368 0.30815 0.620144 0.629291 0.764991 0.0583158 0.390388 : 0.1
0.241696 0.686728 0.998173 0.0992589 0.234542 0.863958 -0.957856 0.859372 -0.604321 : 0.1
0.125739 0.300064 0.317964 0.129091 0.758007 -0.322933 -0.585259 0.559394 0.52001 : 0.2
0.629369 0.539286 0.629451 0.346578 0.606218 0.381583 0.332069 0.914629 -0.145949 : 0
0.377082 0.325054 0.268933 0.696772 1 0.857034 -0.818845 1 -0.371533 : 0
0.356131 0.610398 0.476575 0.272354 0.336265 0.836421 -0.152939 0.670955 -0.00421894 : 0
0.216494 0.281547 0.497989 0.640552 0.763811 0.48819 1 0.395719 0.851279 : 0
0.226211 0.128253 0.48544 0.164031 0.568152 -0.818426 -0.239898 0.0532097 0.217275 : 0
0.155112 -0.10352 0.447346 0.397184 0.395433 0.24807 0.576465 0.219766 1 : 0
1 0.103624 1 0.775004 0.392469 0.0177215 0.242701 0.111157 -0.409821 : 0.1
0.430016 0.265998 -0.0312168 0.391131 0.569949 -1 0.426052 0.446577 0.172743 : 0.7
0.576945 0.949792 0.915018 -0.0513311 0.243928 -0.77574 0.421474 -0.0825133 -0.355403 : 0
0.341303 0.167452 -0.157724 1 1 0.483103 0.281848 0.434538 0.0752572 : 0
0.371647 0.147332 -0.613229 0.238424 0.564403 0.0165567 0.00579002 0.465832 0.207602 : 0.1
0.45057 -0.106132 -0.0557116 0.723351 0.381315 0.274209 0.874298 -0.131159 0.445266 : 0.3
-0.195008 0.104352 0.834791 0.779686 -0.0697304 0.347206 1 0.549396 0.461091 : 0.3
1 0.0740378 0.350272 1 0.609374 0.0596056 -0.237564 -0.233877 0.00947073 : 0
0.151868 0.461308 0.505602 -0.248349 0.624503 -0.572408 0.382082 1 -0.996376 : 0.1
0.213298 0.106949 -0.267759 0.41941 0.616294 0.405171 0.230231 0.49027 0.216239 : 0
0.413534 -0.159042 -0.444605 0.401399 0.463885 0.545635 0.400348 0.21927 -0.190667 : 0.4
-0.115649 0.36093 1 0.312813 1 0.616459 0.139221 0.96387 1 : 0
0.613846 -0.116796 0.695867 0.522758 0.83394 -0.101415 0.127825 0.704386 1 : 0
-0.197062 0.0261339 0.700378 -0.124876 0.451952 0.477154 0.335835 0.658825 -1 : 0.1
0.0371669 -0.455972 0.527295 0.464326 0.13009 0.990375 0.443119 0.969699 0.203694 : 0
0.233032 0.400204 0.264024 0.0654943 0.52518 0.506863 0.677536 0.482817 0.151764 : 0.1
0.783383 0.0369381 0.744695 1 0.938757 1 0.117852 0.687835 0.0466722 : 0.6
0.882294 -0.40882 0.431277 0.268429 0.408674 0.314455 0.0281165 -0.238128 0.487017 : 0
-0.303397 0.339296 0.536213 0.165631 0.613082 0.218307 0.138089 0.531647 0.275199 : 0.2
0.430787 0.505865 0.593748 0.250071 0.546296 0.460024 0.322703 0.437947 -0.0100515 : 0
0.254638 -0.527642 0.311068 0.3362 0.948631 0.806691 0.320385 0.445966 0.508835 : 0
0.194922 0.195625 0.443234 -0.755567 0.612194 0.44423 0.51103 0.70734 -0.402391 : 0.1
0.538485 -0.351527 -0.0211517 -0.0950103 0.459997 0.593797 0.347065 0.743144 -0.0524745 : 0
0.463759 -0.159125 0.14192 0.13188 0.318185 0.932462 0.382057 1 0.660721 : 0
-0.530321 0.390206 0.0596118 -0.212493 0.32884 -0.922267 0.29663 0.884142 0.847586 : 0.3
-0.010294 0.388449 -0.208973 0.15554 0.400326 0.621524 0.474205 0.679527 -0.0873765 : 0.4
0.55237 0.197605 0.918557 0.136487 0.563959 0.87745 0.0224012 0.17176 -0.608386 : 0
-1 0.547045 1 0.072553 0.39507 0.80704 0.485014 0.246757 0.437746 : 0.1
-0.0175877 0.147062 0.434309 0.733699 0.372896 0.276981 -0.480431 0.448595 0.578175 : 0
0.392429 0.126605 0.90866 0.355982 0.400308 0.690006 0.868403 0.309977 -0.95321 : 0.1
0.620224 -0.230501 0.784493 0.609406 0.53645 -0.0803638 0.562072 1 -0.858976 : 0
0.547852 -0.632085 0.45814 0.911135 0.220606 0.935508 0.231967 0.624699 0.471431 : 0
0.113042 -0.0612805 0.902632 -0.0138971 0.321884 0.735323 0.653192 0.330682 -0.329651 : 0.1
0.212869 0.292073 0.397586 0.0966753 0.837777 -1 0.261879 0.145116 0.485435 : 0.3
0.937282 0.699219 0.51193 -0.402573 0.467939 0.550134 0.29941 0.318624 -0.572962 : 0.4
0.385786 0.112671 0.87101 0.413611 0.564511 0.38274 0.706247 1 0.45201 : 0
-0.0956516 0.172692 1 0.220176 1 1 0.376803 -0.0414811 -0.141804 : 0.3
-0.461427 -0.0676142 0.624139 0.667044 0.590408 0.802541 0.114787 0.648507 0.190709 : 0.3
0.660318 0.13891 0.917132 0.442043 0.555357 0.678187 0.518064 0.348986 -1 : 0.1
1 0.0469059 0.377661 0.0844 0.612069 0.0459772 0.457755 0.820259 -0.549324 : 0
0.66462 -0.134533 0.709475 0.366596 0.300879 0.505687 0.528485 1 1 : 0
0.438874 0.754356 -0.109634 0.684704 0.39597 0.28083 0.570094 0.292191 0.309102 : 0
0.875974 -0.100627 0.287189 0.134337 0.974763 -0.0772752 0.840505 0.614767 0.574171 : 0.2
0.167619 0.325235 0.207561 1 0.876007 0.679448 -0.219208 0.788755 0.515622 : 0
0.193076 0.0168091 0.388906 0.0968123 0.523753 0.665082 0.644419 0.711191 -0.112004 : 0
0.220754 0.2543 0.685745 -0.0748129 0.22534 0.147839 0.0668003 0.812808 -0.614535 : 0.2
0.441648 -0.165421 0.565817 0.657352 0.443613 0.476947 0.437845 0.181271 0.68378 : 0.4
0.205197 0.14516 0.978417 0.113991 0.526421 0.617442 -0.14503 0.337078 -0.567958 : 0
0.37407 0.120217 0.523768 0.617263 0.150815 0.387655 1 -0.781256 0.730612 : 0
0.571576 -0.076735 0.807481 -0.197213 0.40341 0.0880649 0.907549 0.305707 0.10488 : 0
0.747835 1 -0.456314 0.493051 1 0.418865 0.417879 0.813506 0.361278 : 0
0.802129 -0.0736201 1 0.407699 0.492319 0.960012 -0.300843 0.294938 0.719457 : 0
0.355851 0.241385 0.690796 0.436529 0.593524 0.775662 0.281641 0.272233 0.625195 : 0
0.135478 0.426651 0.467486 0.865832 0.431832 0.336424 0.718263 0.818484 -0.151899 : 0.7
0.264124 0.685273 0.441773 0.8338 0.346866 -0.895881 0.249684 0.331714 -0.5958 : 0.2
0.19038 0.574052 1 -0.0141491 -0.340627 0.647176 0.91762 0.0518141 0.214617 : 0
0.447119 -0.012689 0.567947 0.399193 0.826661 1 0.746552 0.308641 0.308531 : 0.1
-0.0846659 0.376273 0.28645 0.382418 0.604624 1 0.307155 0.198914 -0.381121 : 0
0.349131 0.322352 0.458036 0.142206 0.524284 0.262864 0.190383 0.289702 0.0812727 : 0.5
-0.110357 0.712955 0.578342 0.307007 0.827588 -0.340377 0.460969 0.423998 0.583872 : 0.3
0.464437 -0.0798361 0.712454 0.533165 0.419324 0.601592 0.546021 0.340852 0.368895 : 0
0.970484 -0.0855843 0.576844 0.340988 0.493832 0.89706 0.325989 0.510622 -0.494376 : 0.1
0.328246 0.17128 1 0.346001 0.398515 0.65209 0.735273 0.354193 -0.313851 : 0.1
0.945606 -0.128474 0.402534 0.332814 0.82834 0.955094 0.417564 0.0843611 -0.203101 : 0.2
0.138673 -0.0248149 -0.381911 0.32982 0.335999 1 0.480198 0.157848 0.672818 : 0.1
0.0541359 0.276919 0.250172 0.398295 0.508273 -0.42837 0.378743 0.674807 -1 : 0.1
0.463622 0.279636 0.610941 0.0525297 0.533157 0.877071 0.840207 0.589909 -0.0749899 : 0.1
0.314949 -0.0284471 0.734904 0.398456 0.520241 0.333888 -0.130786 0.54188 0.839282 : 0
0.944676 -0.784197 0.77739 0.241288 0.34569 1 0.312811 0.0525736 0.705897 : 0.4
0.718947 -0.0568429 0.338697 0.435198 0.959348 0.413257 0.408999 0.204658 0.429602 : 0
-0.310326 0.186753 -0.145506 -1 0.295991 -0.805149 0.0356047 0.438469 0.368601 : 0.4
0.544744 -0.0322207 0.648511 0.401065 0.189104 0.567092 1 0.507931 0.125973 : 0.1
0.618658 0.273145 0.447794 0.88779 0.11486 1 -0.105334 -0.0842792 0.256674 : 0
0.761033 0.0366588 0.200425 0.80063 0.492924 0.384916 0.168679 0.509982 0.355495 : 0
0.573675 0.0500219 -0.14335 0.938195 0.585504 0.396421 0.399855 0.662896 0.690684 : 0
0.382519 0.207012 0.670695 0.534556 0.366923 1 -0.294353 0.493953 1 : 0.1
0.54192 0.622125 0.767808 0.602843 0.627107 -0.092566 -0.657159 0.427051 0.43726 : 0
0.926679 0.00134035 0.740006 -0.531874 0.392352 0.0384378 0.409452 0.14045 -0.0407325 : 0.4
0.176762 0.0564454 0.980877 0.597196 0.103636 -0.636805 1 0.731848 0.46868 : 0.5
0.358807 0.29944 0.587389 0.518958 0.135363 0.143508 0.6222 0.23599 0.791264 : 0
0.722259 0.351878 0.611928 0.976894 0.571928 1 0.488278 -0.43134 0.663258 : 0
0.466701 -0.0950972 1 0.448074 0.376069 0.57935 0.865459 0.207589 -1 : 0
0.247376 0.527682 0.249332 -0.0545523 0.335645 -0.713884 0.250053 0.606168 0.108194 : 0.2
0.493625 -0.663423 -0.720578 0.330381 0.533921 0.118826 0.784029 0.480975 0.127976 : 0.1
-0.131156 0.319345 0.491971 0.159314 0.592706 0.610984 0.191529 0.201309 -0.0222117 : 0
0.240426 0.944762 1 0.513785 0.413486 0.662978 -0.37933 0.18393 -0.149418 : 0.1
-0.533579 0.10275 0.0375902 -0.0766886 0.202453 0.631467 0.608422 0.880444 0.792755 : 0.2
0.869887 0.321193 0.191968 0.829755 0.865454 0.100489 0.287284 0.563714 -0.946086 : 0
0.22406 0.0600834 0.51246 0.354242 1 0.423797 0.318931 0.554522 0.919751 : 0
-0.00916371 0.20742 0.753415 0.294493 0.859372 0.672646 -1 0.678855 0.456438 : 0
0.298858 -0.125862 1 0.405569 0.370489 0.540241 0.386708 0.0478052 -0.668649 : 0.3
0.22193 0.544515 0.52037 0.421017 0.851132 0.809958 -0.0507671 0.332374 0.34876 : 0.6
0.719567 0.0191984 0.543911 0.390219 0.380944 0.460206 0.586927 -0.521108 0.924573 : 0.1
0.739913 -0.13547 1 0.461989 0.890562 -0.0260764 0.43514 0.515857 0.996104 : 0
0.427872 0.0961543 0.426292 0.121079 0.0676624 0.635625 1 0.609597 -0.623366 : 0
-0.421957 0.0506754 -0.0916544 0.0263986 0.462967 -0.632911 -0.392073 0.352605 0.239889 : 0
-0.707508 0.535486 0.46606 0.372047 0.623527 0.451654 0.131577 -0.202556 0.319872 : 0.3
0.533328 0.547703 -0.0494112 0.490287 0.518127 -0.709912 1 0.900307 0.503222 : 0.3
0.0530991 0.728792 1 0.159438 0.569593 0.662304 -0.592157 0.282186 -0.637282 : 0.1
-0.254245 0.273958 -0.058161 0.789102 0.306182 0.290562 0.57965 -0.138906 -0.105833 : 0.1
0.604904 0.23969 0.803016 0.5715 0.260144 0.159424 1 0.992997 0.91124 : 0
0.243477 -0.254165 -0.0875652 0.735039 0.590498 0.260189 0.95794 0.68125 0.432485 : 0.1
0.429803 0.304665 0.756945 0.673474 0.378728 0.302651 0.73104 0.1858 -0.171666 : 0
0.0531426 0.454289 0.723662 0.942856 1 -0.0758942 0.215789 0.501399 -0.677206 : 0.1
1 0.323253 0.341883 -0.584493 0.490771 1 0.144241 0.337459 0.406025 : 0.1
0.374217 -0.0843903 0.376443 0.429463 0.516208 0.724961 -0.148407 0.477701 0.438869 : 0
1 0.1754 1 0.500507 1 -1 -0.637138 0.675478 0.3072 : 0.1
0.487673 0.113486 0.111357 -0.0476013 0.361621 0.688521 0.125092 0.227551 -0.909519 : 0.1
0.312916 0.441328 0.265125 0.594992 0.448346 -0.804971 0.649531 0.725926 -0.254267 : 0.4
0.254287 0.826599 0.758629 -0.0441269 0.682828 0.183179 0.843747 0.198632 -0.326727 : 0.5
-0.0651652 0.0221481 0.355408 0.271996 0.70796 -0.23717 0.792099 0.738739 0.0734329 : 0.2
0.0275468 0.100387 0.130952 0.739627 0.336668 0.982166 0.35143 0.403672 -0.507362 : 0.4
0.132143 0.167439 -0.259825 -0.00853892 0.281823 0.682131 0.405071 0.703412 0.332323 : 0
-0.182594 0.0782325 0.54664 0.550968 0.308396 0.381026 0.885223 0.198226 0.570736 : 0
0.24957 -0.0370686 1 -0.188781 0.402785 0.534395 0.969667 0.635493 0.903104 : 0.3
0.0287261 0.233629 0.512841 -0.467865 0.566337 0.205568 0.36447 0.496563 0.0736572 : 0.1
0.29667 -0.559018 0.120491 0.022267 0.733729 0.944525 -0.124461 0.384909 0.27844 : 0
-0.447816 0.618674 0.538868 0.410382 0.566622 0.585285 0.811235 0.110032 0.204717 : 0
0.510405 0.218606 0.693865 0.506179 0.369323 1 0.0825256 -0.239455 0.619471 : 0.1
0.136065 -0.209638 0.170697 -0.150864 0.533596 0.812767 0.579512 0.469356 0.493743 : 0.2
1 -0.307809 0.776649 0.423265 0.24597 -0.240994 0.236466 1 -0.385885 : 0
0.853311 -1 0.21179 0.407715 0.828281 0.130997 0.633115 0.504565 0.247489 : 0.1
0.219 0.626387 1 1 0.416948 0.303293 0.782749 0.178607 0.294144 : 0
0.752523 -0.337088 0.688961 0.0639812 1 -0.00589816 0.670098 0.920989 0.746092 : 0
-0.7303 0.111697 0.512648 -0.0792083 1 0.865945 0.321156 0.970537 0.0784557 : 0.5
0.597299 0.178642 -0.0511841 0.431292 0.18892 0.815141 0.561954 0.616963 -1 : 0.4
0.45132 0.188054 0.451069 0.94541 0.42662 0.327663 0.644706 0.90411 -0.0496225 : 0.1
0.493579 0.172183 0.232266 -0.195158 0.390617 -0.245342 0.956011 0.654758 0.890316 : 0.1
0.306686 0.396581 0.199046 0.266188 0.502484 0.338874 0.554108 0.431523 0.636673 : 0
-0.0092446 -0.296108 1 -0.0340597 -0.0883715 -0.878787 0.48752 0.249468 -1 : 0.1
0.272497 0.263196 0.462204 0.451624 0.303269 0.598816 0.760433 0.510682 0.396533 : 0
-0.737891 0.268091 0.279967 0.849515 0.336527 0.304381 0.648671 1 0.400264 : 0
0.74358 0.244682 0.499938 0.0988848 0.508582 0.500649 1 0.254962 0.83477 : 0.5
-1 0.550301 0.232888 0.785736 0.328768 -0.608544 0.48368 0.600142 0.780089 : 0
0.382597 0.402053 0.541372 0.0787717 1 -1 0.196777 0.759791 0.757844 : 0.2
-1 0.00285339 0.470438 0.195213 0.500469 0.783271 0.346161 0.112151 -0.669425 : 0
0.407353 -0.87883 0.22958 0.914563 0.649544 0.0652914 0.580397 -0.308553 0.41216 : 0
0.536367 -0.0950306 -0.136636 0.179362 0.415579 0.287847 1 0.440784 0.351136 : 0.5
0.085729 0.67478 0.741666 -1 0.271412 0.373612 0.485415 0.179601 0.0289598 : 0.3
0.289812 -0.862974 -0.719525 -0.396952 0.648142 0.279378 0.0407427 0.854472 0.363825 : 0.1
-1 0.0951763 0.0309665 0.514217 0.382468 -1 -1 0.703463 0.34627 : 0
0.611024 -0.328821 0.425042 0.216958 0.574638 -1 -1 0.37248 0.482328 : 0.1
0.448893 0.988722 0.846315 0.467263 -0.00647578 0.336147 0.391566 0.268553 0.705145 : 0
0.173179 0.0469722 -0.00610778 0.467291 0.512593 0.825751 0.993419 0.955826 0.112275 : 0
0.295205 0.088271 0.989598 -0.336392 0.619204 0.501531 0.861478 0.484967 -0.112802 : 0.3
0.193088 -0.0580519 1 0.949117 0.0795969 0.645802 1 0.165079 -0.0861614 : 0.1
0.407479 0.213619 0.956085 0.226476 0.732953 0.221297 0.00790966 0.0639545 0.487705 : 0.6
0.947268 0.27532 0.324998 0.351214 0.188221 0.585666 0.59644 0.0352568 -0.534513 : 0
-0.426332 0.412056 0.817324 1 0.464798 0.468265 0.992127 0.567254 1 : 0
-0.0647781 0.0630311 0.982943 0.53395 0.877939 0.0145018 -0.269408 -0.164577 0.293619 : 0.3
-0.771724 0.167966 1 -0.00558829 0.387721 0.8209 0.38553 0.151553 1 : 0.3
0.368274 0.348203 0.388451 0.285807 0.561748 0.0150394 0.586917 1 1 : 0
0.216199 0.128853 0.418718 1 0.56448 0.244314 0.254827 1 0.42927 : 0.1
0.768692 -0.0527623 0.745331 -0.90469 0.831974 -0.16634 -0.0398014 0.764623 -0.733827 : 0
0.655821 0.605861 0.35181 0.857789 0.470283 -0.176159 0.335308 0.122256 -0.0809531 : 0.1
0.170666 0.063646 -0.10542 0.087074 0.723787 0.96389 0.699347 -0.00823633 0.580302 : 0
0.423962 0.247406 0.851566 0.712748 0.85911 1 0.277801 0.269072 -0.124305 : 0
0.350111 -0.120281 0.307805 -0.0616434 0.49014 1 0.8112 -0.073997 -0.208355 : 0
0.974227 -0.124542 1 0.383745 0.427612 0.436874 -0.489219 0.133512 0.655173 : 0
0.228051 0.680437 0.653946 0.837012 0.276205 0.593641 0.32352 0.753147 0.241059 : 0.5
0.592541 0.975274 0.473162 0.137728 0.386304 0.0312959 0.539591 0.276404 0.203234 : 0.3
-0.90024 0.79421 0.574071 0.900691 0.78825 0.167912 0.723227 1 0.0409769 : 0.4
-1 0.122452 -0.203068 0.422685 0.828581 1 0.995079 0.488296 1 : 0
-0.00633277 0.413262 0.823951 0.559454 0.199437 0.708042 0.546601 0.905281 1 : 0
1 -0.106824 0.473708 0.372156 1 0.163441 -0.0372569 0.365436 1 : 0.1
0.382466 -0.361249 0.690808 0.706718 0.787997 -0.711067 0.61075 0.359441 0.650242 : 0
0.814573 0.489295 0.406023 0.321563 0.873319 0.627011 0.396378 0.550061 -0.43373 : 0.3
0.58521 0.0134962 0.348218 0.4849 0.366174 0.616704 0.517391 0.881439 -0.414094 : 0.2
0.34385 0.624491 1 0.48479 0.443403 0.953966 0.121728 0.924607 0.895353 : 0.1
0.253455 0.285189 1 0.329734 -0.00222486 1 0.499864 0.83595 0.951585 : 0
0.661392 0.159159 0.887917 0.37938 0.611722 -0.790177 0.275226 0.582876 -0.932629 : 0.4
0.435759 0.176682 0.476289 -0.498844 0.571947 0.802946 -0.29556 0.21055 0.162024 : 0.6
-0.380838 0.45888 0.200374 1 0.323673 0.324436 0.705825 0.50626 0.591363 : 0
0.993045 -0.264544 0.27266 0.0691979 0.796781 0.697804 0.202753 0.93772 0.388295 : 0
0.138383 0.524546 0.72281 0.204689 0.479584 0.0924776 0.244946 0.492445 0.0136845 : 0
0.151305 -0.283776 0.2444 0.330182 0.697629 0.773977 -0.397578 0.00121049 0.363094 : 0
-0.510736 0.0896538 0.309001 0.21402 0.47221 0.827299 0.64672 0.953701 0.511531 : 0
0.704917 0.327785 0.669999 0.143288 0.417455 0.595348 0.570794 -0.166684 -0.0804809 : 0
0.919894 0.210536 0.762695 0.183041 0.507006 0.255526 0.475371 -0.00332696 0.82486 : 0.6
1 0.215981 -0.179791 0.47318 0.591307 0.368452 0.753204 -0.115659 0.623609 : 0.5
0.715822 0.0721324 0.799833 1 0.17712 -0.0104679 0.852843 0.602894 0.705771 : 0
0.60444 0.166401 0.713579 0.214515 0.849359 0.419106 0.170467 0.575284 -0.130968 : 0
0.196914 0.28295 0.0649768 0.0235605 0.490016 0.810445 0.461902 0.822431 0.234375 : 0.8
0.123205 0.107677 1 0.204796 0.670766 0.474805 0.77707 1 0.0526234 : 0
0.370665 1 0.242978 0.950539 0.689262 0.20446 1 0.665831 0.283407 : 0.4
-0.368837 0.513443 -0.264079 0.783689 0.349626 0.434815 0.320707 0.711371 0.293775 : 0
0.378234 0.149857 0.822206 0.414306 0.639634 0.242601 -0.197087 0.708225 0.279388 : 0.2
0.645314 0.220956 -0.288137 0.146748 0.406868 1 0.510931 0.259925 0.329415 : 0
-0.016351 0.456304 0.371132 0.42536 0.426851 0.655343 0.563513 0.490074 0.757074 : 0
0.790745 0.19695 0.2228 0.145483 0.383556 -1 0.0792088 0.811494 0.944418 : 0
-0.270087 0.00048678 -0.54234 0.694464 0.281681 -0.0110784 0.131771 0.924886 0.915899 : 0.1
0.634839 0.22038 0.829169 0.205678 0.592334 -0.66601 0.421194 0.479564 0.742479 : 0
-0.437053 0.0133938 0.800167 0.210893 0.758896 0.867209 -0.101881 1 0.599656 : 0.3
0.238552 -0.226012 0.586833 0.741969 0.405777 0.437584 0.479876 0.999286 -0.152287 : 0.4
0.131907 0.448946 1 0.676587 0.519483 0.364121 0.86309 0.793961 -0.205483 : 0
0.411674 0.161599 0.35877 0.670882 0.657902 0.565089 0.597563 0.870729 -0.254776 : 0
0.504658 0.213305 0.328157 0.379039 0.584633 -0.585085 0.256163 0.689992 -0.118237 : 0
0.871889 0.71091 0.674225 0.902807 -0.125895 0.336352 0.801054 -0.173082 -0.263202 : 0.2
0.751146 0.321798 0.463092 0.827379 0.217002 0.101435 0.972884 0.211075 0.406091 : 0
-0.35706 0.594909 -0.463591 1 0.485226 1 0.60734 0.145619 -1 : 0.4
-0.121523 -0.39312 0.658285 0.360088 0.24175 0.984549 0.323151 0.523246 0.0445201 : 0.1
0.519345 -0.433444 0.306293 0.282144 0.445052 0.126467 0.437419 0.341703 0.558907 : 0
0.542697 0.576713 0.502278 0.798381 0.461389 -1 0.325678 0.50315 -0.137774 : 0
0.578857 0.0852542 0.434352 0.642445 0.432745 0.178575 0.216703 -0.581407 0.974589 : 0.4
1 -0.158888 0.554508 0.690704 0.416899 0.481126 0.273705 0.478105 0.860377 : 0.4
-0.0154691 0.235826 0.911192 0.463096 -0.340466 0.445496 0.519025 0.395872 -1 : 0
-0.602745 0.100615 -0.538418 0.00528928 0.921113 -0.640208 0.720529 0.453251 -0.0146306 : 0.1
-0.21146 0.0363787 0.801981 -0.198398 0.310403 0.884403 0.351 0.481669 -1 : 0.9
