0.136713 0.232005 -0.00381068 -0.114354 -0.504488 -0.0709275 0.0621277 0.119357 -0.0183939 : 0
0.191421 0.443805 0.0273936 0.0565681 0.0341333 -0.0871343 0.555173 0.331315 -0.0128869 : 0
0.00512332 1 0.00159115 0.0976032 -0.465255 0.40385 0.295634 -0.0281745 -0.29335 : 0.1
0.00646999 0.33354 0.172896 -0.0181253 0.339155 -1 -0.0858615 -0.0324889 -0.017822 : 0
0.144169 -0.132743 -0.312067 0.0130431 0.0715844 0.119804 0.016725 0.151178 -0.0435343 : 0
0.026204 -0.242276 -0.0683753 -0.061503 -0.00730206 0.156383 0.549278 -0.0153569 0.08149 : 0
0.367077 0.0384882 -0.146617 0.0818759 0.55578 0.644302 0.229608 0.0992855 -0.66233 : 0
-0.0166735 0.00293799 0.109385 0.183688 -0.00395019 -0.362577 0.179837 -0.419479 -0.027154 : 0
-0.0760477 0.568292 0.409635 0.117859 -0.0171074 -0.0917316 0.205642 -0.0115721 -0.0202975 : 0
0.635737 0.305192 0.450511 -0.251991 0.294028 -0.0939646 0.0710123 0.0124712 0.0263091 : 0
-0.236593 0.215686 0.223643 -0.0479063 0.77117 1 0.0419436 0.0597148 -0.0604372 : 0
-0.0294075 0.382292 0.343101 1 0.872496 1 -0.0344712 0.0399866 -0.0578622 : 0
-0.0827516 0.23887 0.260157 0.667489 0.128795 1 -0.0546508 0.770442 -0.00544168 : 0
0.564651 -0.210306 0.656263 -0.129441 0.0456997 0.0218347 0.330434 0.0651751 -0.104735 : 0
-0.54753 -0.139156 0.401618 0.319613 0.265939 -0.227725 -0.0618145 0.117835 0.0776942 : 0
0.293179 0.504706 0.0304522 -0.000655681 -0.0253001 0.602912 0.0892866 -0.0951383 0.000329546 : 0
0.167815 -0.0215043 0.278516 0.0534634 0.0201419 -0.288181 0.017219 0.0194494 -0.064543 : 0
0.0799466 -0.0770638 0.393856 0.0709349 0.618256 -0.0711535 -0.105335 0.198927 -0.0473598 : 0
-0.00939117 0.228149 0.0977495 0.133177 0.0635013 0.415006 0.387844 0.371623 0.0401852 : 0
-0.0367835 -0.0371771 0.0919255 0.0697601 0.257244 1 -0.000790911 -0.12969 0.0019941 : 0
0.184772 0.295552 0.763571 -0.0182579 0.0196403 0.167893 -0.0541039 0.043812 0.118503 : 0
0.13663 0.0106462 -0.03687 -0.265003 -0.0722908 -0.255847 -0.00191341 0.0355012 0.239322 : 0.3
-0.603416 -0.04418 -0.394717 0.287716 0.0227648 -0.0602397 0.0307751 0.0244063 0.148905 : 0.1
-0.343891 -0.396373 0.196039 0.112768 0.0561604 0.111665 -0.00974914 0.0995801 -0.0589426 : 0
0.0136738 0.0346739 -0.216606 0.309213 0.114742 0.677638 0.347806 -0.0420619 0.0633632 : 0
0.225921 0.489397 -0.0555296 -0.0410717 0.146849 -0.919144 0.048103 0.723915 0.0352232 : 0.4
-0.0473495 0.145302 -0.116544 -0.972901 0.526608 -0.0517358 0.549392 0.510551 -0.21129 : 0
1 -0.109406 0.62005 0.0731337 0.178562 0.100465 -0.0982626 -0.168475 0.180548 : 0
0.0261183 0.0533031 0.444196 -0.172761 -0.0204148 0.190144 0.254006 -0.0186407 0.0827393 : 0.1
0.771728 0.0732402 -0.0866913 -0.168787 0.0296476 0.0446536 -0.204918 -0.0469097 0.115257 : 0
-0.203849 -0.0807591 0.0528405 0.00627406 -0.0846681 0.15381 -0.0536204 0.16281 0.355927 : 0
-0.0577922 0.080436 0.090576 0.256939 0.0116457 0.631661 0.010346 -0.0335847 0.0702555 : 0
-0.00695543 -0.0817319 0.751968 0.58065 0.322406 -0.347326 0.246972 -0.0525649 0.146332 : 0
0.672744 -0.0753218 -0.0130441 0.184918 -0.101432 0.135759 0.0974517 0.0452993 0.275524 : 0
-0.0495312 -0.169779 -0.0479782 -0.0981714 0.131423 0.104347 0.419813 0.61103 0.234789 : 0
0.18928 0.555239 0.0854025 -0.272788 0.61711 0.245677 0.146442 0.0660622 0.122215 : 0
0.432765 -0.176639 0.312824 0.012262 0.43908 -0.00982532 -0.0284255 -0.0274432 -0.0681927 : 0
0.0651914 -0.0503059 -0.0562742 0.215966 -0.0253052 -0.013753 0.18281 0.083816 -0.0091618 : 0
0.254026 0.750139 1 -0.184468 0.111011 0.127945 0.0824442 -0.246843 -0.272188 : 0
-0.167633 -0.0291401 -0.0157416 -0.0239034 0.00258032 0.0492295 -0.0697742 -0.0632827 -0.0169864 : 0
-0.149425 0.309127 0.267881 0.263197 0.0707693 0.0387895 0.147586 0.00120204 0.424676 : 0
-0.0329056 0.0515812 0.232009 0.130513 -0.198249 0.297391 0.292931 -0.307676 0.518349 : 0
-0.223918 -0.0969144 -0.13522 5.67287e-05 0.0530877 -0.119944 -0.0922186 0.115599 0.0485017 : 0
-0.0043806 -0.615362 0.513487 -0.198384 0.00797258 -1 0.127331 0.0988792 0.38042 : 0
0.0385756 0.212419 0.184257 -0.204714 -0.0509443 -0.299984 0.00396477 -0.0670664 0.711737 : 0
0.214678 0.0418084 -0.137368 0.0145703 -0.00645352 0.477164 0.00331297 -0.0865357 -0.0917869 : 0
-0.159449 -0.0104414 0.454825 0.0556502 0.0931265 -0.236844 0.0112389 -0.0294809 0.00453585 : 0
0.227293 0.0542585 0.0254895 0.103246 0.108776 0.00299216 -0.0478099 0.730756 -0.0286717 : 0
-0.542251 -0.102451 -0.497456 0.116546 0.0702815 0.0352479 -0.044557 0.393449 -0.291945 : 0
0.206226 0.0440103 -0.149703 0.0832047 0.127103 0.200654 0.134312 -0.00179954 0.535417 : 0.1
-0.0366726 0.480452 0.193415 -0.0999657 0.109608 -0.488583 0.0115645 0.00029555 0.695637 : 0
-0.106645 0.271945 -0.0885729 -0.00448143 -0.0654053 0.60322 0.186142 0.237166 0.386234 : 0
-0.10617 -0.332564 -0.210276 -0.540695 0.0520906 0.0178707 0.0242265 0.00257522 0.0528198 : 0
-0.189302 -0.0138418 -0.030756 -0.0316635 0.103337 -0.0125892 0.0272609 -0.0218072 0.780971 : 0
-0.058164 -0.0492833 -0.179579 0.203968 0.551997 0.997213 0.0213195 -0.0713583 -0.270506 : 0
0.0459384 -0.0271563 0.0252013 0.19131 0.0554512 -0.41524 0.0230571 -0.0288822 0.543518 : 0.1
0.0201118 -0.0227537 0.0208701 -0.00888089 0.0627759 0.0806204 -0.0263158 -0.00237513 -0.00744545 : 0
-0.645735 -0.121858 0.38475 0.236258 -0.248729 -0.483502 -0.00271675 0.0204234 0.0253772 : 0
0.00916865 0.0745969 0.041724 0.0407827 0.167115 -0.437899 0.00952335 0.486364 -0.0144487 : 0.1
0.0416436 -0.0595317 -0.0131248 0.0819036 0.195976 1 0.0929504 0.0395649 -0.544588 : 0
-0.967048 -0.145257 0.342167 0.399495 -0.395924 0.0577133 -0.0502533 0.182951 0.0334974 : 0
0.0603188 -0.0177905 0.364561 -0.0426109 -0.15183 -0.835428 0.126215 0.0306139 -0.96312 : 0
-0.0105406 -0.0557662 0.0338641 -0.239487 -0.158195 0.218144 0.491574 0.0140237 -0.012876 : 0
-0.113452 0.251204 -0.230337 -0.704879 -0.0788533 0.16902 -0.270548 0.0719687 -0.470244 : 0
0.966808 0.0442403 0.188365 -0.0974677 0.0418456 0.160425 -0.252874 0.124432 0.269585 : 0.1
-0.0601539 0.0198794 -0.0966311 -0.052224 -0.105487 -0.0559317 0.070095 -0.0229149 0.321156 : 0
0.001311 -0.0323975 0.0193179 -0.103581 0.0277571 0.331225 0.0372775 -0.0725554 0.109591 : 0
0.503672 -0.118662 -0.543279 0.28479 -0.76231 -0.117314 -0.174162 0.412133 0.00667893 : 0
-0.194199 0.179614 -0.00504856 -0.183823 0.0537299 0.101794 -0.0294145 0.0938705 0.124597 : 0
0.0313554 0.438997 0.192536 -0.0348591 0.590872 0.10101 0.0869141 0.0455005 0.770349 : 0.4
-0.480807 0.481932 0.649382 -0.856988 -0.0613739 0.159692 0.220516 0.0923485 -0.0171291 : 0
-0.403866 -0.0661771 -0.168902 0.410782 0.0472124 0.129257 0.00889507 -0.0634262 0.152987 : 0
0.0392693 0.367176 0.434607 -0.214289 -0.489269 0.336589 -0.363504 0.883001 0.266369 : 0
-0.247914 0.725891 -0.213588 -0.687111 0.159873 -0.0557503 0.319163 -0.316735 -1 : 0
-0.0605625 -0.0889722 -0.199346 0.0944674 0.66649 -0.00273307 0.0877613 0.518416 0.0932203 : 0
-0.0311891 -0.0383066 0.0190232 -0.0672771 -0.0310244 0.379471 -0.301265 0.492346 0.254243 : 0.1
-0.611984 0.267234 0.65241 0.667042 -0.00550845 -0.114726 -0.211543 0.382887 -0.066165 : 0
0.217191 -0.131824 0.0271201 -0.0413465 0.132836 0.278045 0.185933 -0.0964037 -0.39288 : 0
-0.0245643 -0.0934174 -0.0243571 0.00367039 0.0867798 0.139722 0.0300496 0.293361 -0.0183652 : 0
-0.122716 -0.141535 0.259603 0.00528138 -0.00437165 0.334442 0.0571305 0.0275156 0.501474 : 0
-0.155873 -0.0651102 0.0174064 0.343252 0.317837 0.0996894 0.0680533 0.126806 0.204601 : 0.6
-0.127703 0.096735 -0.0905059 0.772914 -0.306753 0.012341 0.0589909 0.115585 0.18673 : 0
-0.010045 0.688668 -0.402084 0.67793 0.16041 1 0.0112948 0.42 0.0729004 : 0
0.0344052 -0.133077 -0.011204 0.194768 0.698582 -0.0516935 0.107249 0.00144399 0.574418 : 0
0.0568073 0.0598796 -0.0603973 -0.0107443 0.771883 -0.196912 0.0973116 0.160105 -0.0191858 : 0.1
0.00422996 0.0034025 1 -0.0515376 0.222057 -0.756732 0.0741668 -0.0725375 -0.989305 : 0
0.106455 -0.0701227 0.397627 0.290219 -0.543788 -0.256021 0.0216704 -0.141547 0.0668934 : 0.2
-0.304404 0.0858066 -0.188599 -0.661733 -0.133419 -0.088846 0.277038 -0.200753 -1 : 0.1
-0.0776826 0.0167724 -0.0681485 -0.14948 0.457057 0.17058 -0.0367572 0.324169 0.0570471 : 0
0.108934 0.111995 0.0156069 0.02498 -0.351342 -0.0719221 0.254452 -0.0206705 -0.336899 : 0
-0.0776809 -0.0223363 0.0185593 0.0114553 0.167696 -0.226427 -0.00317031 0.137905 0.176079 : 0
0.0340304 0.0942788 0.318656 -0.08356 0.00587941 0.561144 0.0245523 0.157167 0.0749826 : 0.1
-0.25931 0.000302754 -0.637658 0.330272 0.924752 -0.0140469 -0.111597 -0.113798 -0.0115344 : 0
1 -0.0194062 0.111076 -0.0116408 -0.00727803 -0.479588 -0.0934503 -0.122266 -0.0364314 : 0
0.0451557 0.136681 0.00366466 0.126845 0.113353 0.365515 -0.139742 -0.00570947 1 : 0
0.0103015 0.0145436 0.284009 0.465476 -0.0033082 -0.017649 0.172808 0.097797 0.0483734 : 0
0.0351737 -0.0846816 -0.045436 0.0505276 0.246808 1 0.103886 0.126554 -0.0187349 : 0
0.0919072 0.0375388 -0.00739545 0.751796 -0.0573933 -0.118787 -0.113432 -0.155169 0.00416879 : 0.1
0.0136794 -0.00704101 0.0342884 -0.00151035 0.119483 0.910222 0.0735664 -0.00785165 -0.503575 : 0
0.23155 0.381957 0.0667138 0.106082 0.0365701 0.342784 0.0482392 0.0203092 0.0251014 : 0
0.284485 -0.0103018 0.304681 -0.190545 0.333667 -0.643408 0.0263815 -0.161606 -0.018046 : 0.5
-0.0767021 0.141035 1 -0.0105656 0.574956 0.036288 0.326176 0.100294 0.00561184 : 0
0.602814 -0.140054 0.208891 -0.126328 0.250745 0.0486531 0.1206 -0.14094 0.0359815 : 0
0.152903 -0.000164595 -0.0306242 -0.0217369 0.00533389 -0.0140722 -0.0134494 0.136956 -0.0725468 : 0
-0.048132 -0.0488677 0.0459639 -0.068991 -0.0166007 -0.533574 -0.179601 0.00357767 0.060625 : 0
-0.25085 0.697678 -0.370799 -0.285355 -0.224686 -0.148253 -0.0709868 0.602867 0.188663 : 0
-0.0650885 0.127113 -0.0196383 -0.00819165 -0.0376715 -0.128459 0.258098 0.334718 0.497799 : 0
0.198119 0.213442 -0.132136 -0.208848 -0.0177982 -0.00435016 0.346288 -0.0659224 -0.555491 : 0.1
0.387208 0.553444 0.246415 0.922412 -0.14393 1 -0.0643371 0.475904 0.0150692 : 0
-0.0479286 0.0502636 0.338523 0.444479 0.205789 0.443375 -0.137648 0.0146755 0.0887526 : 0
-0.0972667 -0.0271074 0.0465239 -0.02916 0.00606638 1 -0.0616075 -0.0486483 0.0775971 : 0
-0.775522 0.275735 -0.0621956 0.146552 -0.20794 0.0209147 0.311763 -0.22581 -0.154072 : 0
-0.428416 -0.0377803 0.111898 -0.316201 -0.0300819 0.169485 -0.163592 0.196514 0.177874 : 0.7
-0.050527 0.299035 0.0181704 -0.15672 0.183176 0.0301909 -0.0480238 0.394101 -0.0227331 : 0
-0.171251 0.754666 0.347002 -0.155246 0.0645543 0.550206 0.0902352 -0.014934 -0.268081 : 0.1
0.415705 -0.0458092 0.086899 0.0341152 0.119566 -0.243589 0.374443 0.133673 0.19401 : 0
0.113727 0.760579 0.00737745 -0.0589637 -0.194772 1 0.727375 -0.289138 -0.140264 : 0.1
-0.903575 -0.076034 -0.097898 -0.0166222 -0.385104 0.152169 -0.210093 0.320614 -0.00843779 : 0
-0.0123599 -0.365742 -0.172771 0.169345 0.00679148 0.0343536 -0.37131 -0.0236671 -0.017331 : 0
0.0158077 -0.00424603 -0.0143413 0.192169 -0.055804 0.0162227 0.348019 -0.238028 0.055235 : 0
-0.262516 0.823003 0.522723 -0.0992675 0.323768 -0.291082 0.0763897 0.0619648 0.216594 : 0.2
0.0971818 0.855535 0.429427 -0.256784 -0.000812821 0.400769 -0.334539 0.341279 0.209871 : 0
-0.679393 -0.257239 -0.249199 -0.198271 0.269747 -0.252273 0.222036 0.0374606 0.181143 : 0.2
-0.0278838 0.150172 0.0575052 -0.074109 0.279251 -0.395658 0.347566 -0.115868 0.207529 : 0
-0.45817 0.00344539 0.814919 -0.437456 -0.0272399 0.438973 0.200977 -0.342179 0.0827649 : 0
0.209284 0.306882 0.0649597 0.184263 0.610798 0.979903 0.303116 -0.00575322 0.75836 : 0
-0.0798585 0.0684464 0.103467 0.842606 -0.0801263 -0.46849 -0.0410394 -0.0716615 -0.126456 : 0
0.143483 0.0428664 0.309737 0.197871 0.377733 0.148509 -0.654114 0.0756205 0.396976 : 0
0.199025 0.474641 0.923051 0.168523 0.222049 -0.262724 0.373561 0.552573 -0.224038 : 0
0.0289475 -0.0105688 0.0246359 0.0346808 0.0626847 0.331631 -0.0288718 -0.0267009 -0.130206 : 0
0.692092 -0.00041823 -0.0280023 -0.267068 0.156475 -0.0203864 -0.453052 -0.295371 0.0163484 : 0
-0.338824 -0.0686183 1 -0.233196 -0.0648887 -0.0630336 -0.00365984 -0.0227777 0.0242428 : 0
-0.586038 -0.0330941 0.0775106 0.14636 0.418529 0.0854535 0.195271 0.124452 0.181506 : 0
-0.0202726 0.0464909 0.00119121 0.560992 -0.00714304 -0.00877339 -0.00651023 0.563172 0.00135979 : 0
0.0956078 1 -0.371223 -0.0658084 0.270661 -0.216648 -0.089625 -0.307764 0.0851957 : 0
0.0254457 -0.0278302 -0.0154645 -0.190078 0.0296662 -0.0692995 -0.0232229 0.0188791 0.639057 : 0
0.143837 0.154917 0.406278 -0.143736 0.584093 -0.702635 0.323323 0.0237031 -1 : 0
0.484449 0.0772429 -0.400973 0.647026 0.781156 -0.0177323 0.580803 -0.203449 -0.193476 : 0
0.703584 -0.00967631 -0.0523526 0.0605909 0.15096 0.167307 -0.000146584 0.402239 -0.0729404 : 0
-0.185693 -0.00210689 -0.269154 0.166395 0.294177 0.00380369 0.0322786 -0.0177125 -0.0688381 : 0
-0.384066 0.0919714 -0.0106871 0.0241492 0.129219 -0.182337 -0.000193812 0.245428 0.0328707 : 0.2
0.0755061 0.408453 0.486094 0.416168 0.0135275 -0.202159 0.289781 0.467718 0.488079 : 0
0.0897065 0.161389 0.110741 0.0353641 0.308192 -0.215358 -0.00148967 0.703673 0.00234842 : 0
-0.11168 -0.0927258 -0.0504463 -0.56246 -0.074121 0.657963 -0.020285 0.318248 0.192697 : 0
-0.352045 -0.0509073 -0.00984216 0.132229 0.964469 0.297022 -0.111217 0.0862031 0.508675 : 0
0.0916092 -0.0720842 -0.148772 0.0833055 0.0801497 0.043905 0.711898 0.198257 -0.260555 : 0
0.0124855 -0.0290419 0.0237041 -0.196074 0.117821 -0.0133523 0.172698 0.0244944 -0.0624292 : 0
-0.112544 0.390505 -0.0907349 -0.0169726 0.0214747 0.169488 -0.0458729 0.272161 -0.0198917 : 0
-0.0198321 0.098538 0.787908 0.0439262 -0.0278245 -0.0384219 0.371385 -0.518354 0.348085 : 0
0.116669 0.0241738 0.486397 -0.0598775 0.247873 0.26326 0.0521543 -0.130485 -0.230249 : 0
-0.13449 0.0897065 -0.468221 -0.198793 -0.0740128 1 -0.06645 -0.0524542 0.0540118 : 0
-0.051289 -0.00879138 0.218938 0.126841 -0.0315291 0.233905 0.0151825 -0.190289 0.0763632 : 0
-0.039352 -0.179604 -0.0140989 0.0423672 0.251274 0.0110019 0.390455 -0.0520778 -0.136674 : 0
-0.174207 0.699579 0.0193113 0.0495106 0.107911 1 0.193912 -0.0194883 -0.0098278 : 0.2
-0.0231736 0.113691 0.122228 -0.0411085 0.164359 -0.148281 0.166024 0.0970131 0.0900201 : 0
-0.253936 0.425563 -0.0130752 -0.138311 -0.000673324 0.420015 0.0296314 0.089998 -0.0927594 : 0
0.0941327 -0.337377 -0.0167971 -0.0461723 0.511609 -0.58515 -0.139208 0.479681 -0.174626 : 0
0.29452 0.330423 0.0481151 0.265483 -0.00177226 -0.133586 0.397546 0.375033 0.0980878 : 0
0.286162 -0.141209 0.19394 0.0841281 0.0589106 -0.912115 -0.205021 -0.0398456 -0.100516 : 0
0.421194 0.0244779 0.0522258 -0.797185 0.0129812 0.273528 0.0213124 -0.127199 -0.0250437 : 0
0.0429413 0.484245 0.460556 -0.183455 -0.0511258 -0.418868 0.0701563 -0.007017 0.250281 : 0
-0.252246 -0.150793 -0.1061 -0.179146 0.292027 0.0360584 -0.112243 0.0197312 0.469207 : 0
0.0211386 0.153778 0.359021 -0.00823575 -0.0159874 0.043667 0.240675 0.207038 0.0508531 : 0.1
-0.0572647 -0.0163016 -0.155898 -0.497919 0.0850102 -0.192537 0.0494337 0.294956 0.288334 : 0
0.0255608 0.413357 0.135552 -0.0290741 0.334821 -0.667798 0.0824919 0.231824 0.233903 : 0
-0.238057 0.251691 0.129654 0.0492521 -0.29275 0.00798336 0.155149 0.835186 -0.202271 : 0
-0.00275128 -0.00600165 -0.104493 0.103122 -0.0803914 -0.00823489 0.0472854 -0.0804483 -0.055293 : 0
-0.733414 -0.156132 0.0425334 0.0242815 -0.0598657 0.13948 0.0406068 -0.0028708 0.603595 : 0.1
-0.139518 -0.0870722 -0.206803 -0.954952 0.659285 0.0417569 0.0893961 0.0997799 -0.0245057 : 0
-0.0104385 0.692549 0.0876825 -0.836535 0.343571 0.155682 0.10499 -0.0477599 0.0249474 : 0
-0.0321931 -0.195635 0.0770851 -0.237066 -0.363575 -0.0533663 -0.125751 0.0197034 -0.128289 : 0
-0.114453 0.0720394 -0.0225053 0.0968015 0.204853 0.424191 0.690483 0.328549 0.387333 : 0
-0.0692703 -0.0919955 -0.0202792 -0.0104875 -0.287545 0.12033 -0.213646 0.269032 0.893809 : 0
0.45325 -0.0353273 0.201902 -0.225112 0.265589 -0.00869572 0.00102562 0.436624 -0.0141008 : 0
0.204649 -0.0487671 0.124212 -0.0586916 0.2699 -0.276844 -0.0585417 -0.204855 -0.1852 : 0
-0.437831 -0.267127 0.209449 -0.207335 0.182968 0.00365737 0.0700936 0.00563601 -0.03387 : 0
-0.273981 -0.167238 0.00953403 -0.118255 0.00109911 0.0231169 -0.00515171 0.360743 -0.150407 : 0
0.693139 0.170415 0.330232 -0.252519 0.0897835 -0.122762 0.207681 0.0870394 -0.0597817 : 0
-0.336561 -0.00731395 0.371628 0.225377 0.30235 0.335368 0.144517 0.12623 0.009951 : 0.1
-0.0254672 -0.113499 0.0768428 -0.51249 0.0269564 -0.00931641 0.0381961 0.0124254 -0.0184989 : 0
0.248086 -0.0666899 0.0873231 -0.659436 -0.0859824 -0.0120651 0.0426453 0.0844688 0.185017 : 0
0.0552452 0.0480555 0.0158306 0.0365815 0.0339847 0.150484 -0.00490806 0.230399 0.168422 : 0
0.0698877 -0.0163958 0.31721 -0.441781 0.390383 0.435779 0.0343753 0.435275 -0.0112931 : 0
-0.00842989 0.200942 -0.0623495 -0.00923777 -0.279809 0.041021 -0.0163386 -0.211747 0.287933 : 0.4
-0.0109786 0.0612233 -0.729609 0.0529583 -0.00337228 0.0143913 -0.0267441 0.0323365 -0.0235267 : 0.1
0.182814 0.526042 0.216189 -0.0105255 0.172351 0.907508 -0.0933776 -0.0569068 -0.203752 : 0
0.0428559 0.0388881 0.00188708 0.111894 0.0695718 0.189021 0.0196935 0.198131 0.086155 : 0
-0.257577 0.31924 0.572821 -0.865582 -0.240274 -0.0820291 0.0406959 0.507618 0.0343342 : 0
0.363699 -0.0375623 -0.0050761 0.173422 0.279726 -0.413175 -0.0231999 -0.00767881 0.0204137 : 0
0.250645 -0.270337 0.932718 0.322417 -0.0344999 -0.433534 0.342646 -0.0904213 0.261539 : 0
0.0204696 -0.206562 0.456971 -0.209247 -0.23724 -0.329369 -0.31879 0.462311 0.00559036 : 0
-0.00166811 0.145371 -0.135405 -0.0822688 0.140417 -0.163339 0.0667357 0.517645 0.435821 : 0
0.0756429 0.367059 0.219365 0.40323 -0.0861431 -0.0923014 0.0738631 -0.0704095 -0.040621 : 0
-0.26407 -0.0126599 0.295217 0.0893158 0.14105 0.218297 0.231558 -0.0839312 0.0769379 : 0
0.785097 0.141778 -0.152027 -0.0950939 0.191973 -0.11931 -0.0831885 0.00624612 0.163666 : 0.1
-0.109466 0.241606 -0.252253 0.0415797 0.115829 -0.580791 -0.0938557 0.392647 0.16911 : 0
-0.149963 0.00587527 0.0477463 0.3028 -0.171256 -0.349021 0.0906681 -0.0989663 0.0244379 : 0
-0.591985 0.00222542 0.00440259 0.203232 -0.225765 0.000540286 0.226093 -0.13805 0.060455 : 0.1
0.626813 -0.367679 -0.00142889 0.00688425 0.36081 0.197403 -0.0250431 -0.0384178 -0.0391813 : 0
-0.0670469 0.415317 0.0274495 -0.258595 0.144433 -0.039905 0.104404 -0.199439 0.0930575 : 0
-0.189765 0.0158035 -0.0608401 0.063043 1 -0.0910568 0.102754 -0.121982 0.00553096 : 0.7
0.650117 -0.118336 -0.275188 -0.165049 0.059895 0.0346619 0.146486 0.0300472 0.253867 : 0
-0.10243 -0.154266 0.0186234 0.09939 0.564378 -0.0253438 0.223335 -0.00527092 -0.140265 : 0
-0.0886773 0.0615071 -0.0862047 -0.078292 0.26243 0.0946357 0.0935649 -0.00613469 0.18729 : 0
0.222337 0.74888 0.321491 -0.143139 0.153771 0.0160587 0.0862234 -0.156831 0.242051 : 0
-0.279977 1 0.928897 -0.0692564 0.131126 0.0730563 -0.178214 0.0537952 0.114397 : 0
-0.432044 0.198456 0.340894 0.371126 0.110852 -0.386846 0.0178446 -0.2342 0.109419 : 0
0.0525206 -0.0335867 -0.31532 0.103954 -0.0843726 -0.148734 0.0235118 -0.107875 0.118467 : 0
0.0960952 0.40116 0.0158459 -0.00125843 0.073708 0.166864 -0.0734653 0.0268222 0.0319633 : 0.1
-0.340061 0.490927 -0.165023 -0.0794306 0.275322 -0.608376 0.469846 -0.0563508 0.160906 : 0
-0.0484604 0.468088 0.040967 0.151061 -0.154796 0.0334129 0.00875746 -0.0458212 -0.0461097 : 0
-0.345602 -0.0539206 0.397699 -0.422591 0.417194 -0.0283831 -0.0721498 -0.0919323 -0.0561318 : 0
-0.326032 -0.0237073 -0.362346 -0.388759 0.920053 -0.0534658 0.0310423 0.0878384 -0.0369149 : 0.1
-0.0077739 -0.0143837 -0.0922888 0.111272 -0.039174 0.1588 0.645841 0.0112766 0.263848 : 0
-0.0454817 0.284955 0.220342 0.303944 0.216819 0.0155757 -0.00651019 -0.239763 0.0843627 : 0.1
0.0401763 -0.0180868 0.041362 0.0247329 0.581321 0.121214 0.313663 -0.0837599 0.0446364 : 0
0.133061 -0.270597 0.0100464 -1 -0.138241 -0.0724005 0.173783 -0.183045 0.0344658 : 0
-0.0558916 -0.100649 -0.128649 0.117721 0.244186 0.0856452 0.79713 0.0745552 0.96975 : 0
-0.0390975 0.110822 0.117739 0.0504513 0.279962 -0.053153 0.0288638 0.0184281 0.409744 : 0
0.183908 0.370998 -0.121146 0.121417 0.0186101 0.370188 0.280191 -0.150529 -0.00556294 : 0
0.457707 -0.337825 -0.162301 0.0117002 0.155848 -0.0108432 0.0656458 0.0915042 0.214395 : 0
0.420876 -0.0417216 0.000564703 -0.549758 -0.0183187 0.370335 0.199413 0.17664 0.320153 : 0
0.248888 0.805127 0.287889 -0.000985431 0.501514 0.0427184 0.0109589 0.328013 -0.0694375 : 0
-0.129278 0.0746426 -0.4053 -0.00525264 0.916307 0.308513 0.247212 -0.00948672 -0.164201 : 0
-0.360752 0.22888 -0.0214402 -0.0100264 1 -0.266378 -0.262845 -0.00872487 0.162025 : 0
-0.218714 0.0771917 0.158298 -0.941455 0.139631 0.0281635 -0.0332269 0.0480791 0.0796353 : 0
0.588399 -0.0942199 -0.0337875 0.165596 -0.30606 -0.137734 0.1911 0.147573 -0.0219161 : 0
0.244785 -0.00309348 -0.179311 -0.0189524 -0.112145 0.0212544 0.222778 0.0116601 0.107846 : 0
0.301845 0.191661 -0.0365922 0.0148891 -0.0584228 -0.28944 -0.0348978 0.0365306 0.0869274 : 0
-0.256704 -0.161888 0.379062 -0.379648 0.0687134 0.150084 0.092544 -0.083731 -0.0228265 : 0
-0.194853 -0.144621 -0.060519 -0.171042 0.536108 0.000629738 0.089396 -0.184027 -0.0462411 : 0
0.0916127 -0.219654 0.0389349 0.0099223 0.60716 0.134178 -0.00441796 -0.143998 -0.151088 : 0
0.390848 0.55754 0.134172 0.364945 0.0323833 -0.027597 0.31672 -0.0643318 -0.249476 : 0
0.0494136 0.00868371 0.0384104 0.0195203 -0.0886938 0.368603 0.0441702 0.106213 0.55023 : 0
-0.00863987 0.0489139 -0.00177785 -0.286384 0.438267 0.346341 0.305147 0.189101 0.0391713 : 0.1
0.187121 0.14045 1 -0.66872 0.104831 -0.0545754 0.0363636 -0.0278689 0.00708061 : 0
0.108332 0.175016 0.172943 0.0943558 0.153161 -0.0880246 0.00664097 0.170729 0.106326 : 0
-0.0317079 -0.0215206 -0.0249047 0.00164086 0.897005 0.459845 0.341724 0.701927 0.267049 : 0
0.227481 0.0511783 0.962591 0.988623 0.601781 -0.0127998 -0.00133361 0.0600488 -0.0617901 : 0.1
-0.303295 0.0080016 -0.0489329 -0.312327 0.0157291 0.456953 -0.0340894 0.9673 -0.267974 : 0
-0.0435213 -0.175711 -0.0176106 -0.227851 -0.0892002 -0.187688 0.386278 -0.159021 0.0224794 : 0
0.0757551 0.035201 -0.147278 0.0125705 0.396879 0.182074 0.223358 0.0416144 0.148757 : 0.1
0.198457 0.0046524 0.0548279 -0.381591 -0.00693895 0.481639 -0.181421 0.0236266 0.0234314 : 0
-0.126672 -0.0220474 -0.161147 0.296607 -0.0356947 0.044156 -0.00262705 0.136706 -0.0474626 : 0
0.560873 0.00230256 0.263396 0.20594 -0.024613 -0.183994 0.0459353 -0.220637 -0.126439 : 0
0.225636 0.157202 0.730478 0.113435 0.381044 0.318644 -0.143129 0.0142819 0.0997015 : 0
0.0447602 0.0360569 0.339423 0.175533 0.217384 1 0.00850195 -0.206427 -0.249368 : 0
0.023276 0.00614497 0.0297575 -0.631559 -0.0437652 0.304497 0.0893403 0.0388163 -0.578364 : 0
0.0149238 -0.341012 0.00267726 0.0444679 -0.128511 -0.937687 0.000790328 0.0637489 -0.0615002 : 0
0.192103 -0.0264366 -0.0268505 -0.0765949 0.000491418 -0.722055 0.0786891 0.209502 -0.129456 : 0
-0.0674743 0.0296949 0.196716 -0.0778072 -0.207246 0.191413 -0.195762 0.742028 0.278483 : 0
0.384524 -0.0540887 0.0384595 -0.315613 0.056007 0.841855 0.0909481 0.317474 0.0747848 : 0
0.0302119 -0.0231821 -0.175319 0.281782 0.14188 0.00150957 0.0813724 -0.0428451 0.0858094 : 0
-0.0340994 -0.0134275 0.234289 0.0572988 -0.284462 0.779185 0.120823 0.00302055 -0.00781183 : 0.2
0.865882 0.955449 1 0.160588 -0.379602 -0.342896 0.0191045 -0.139024 0.00837873 : 0
-0.137845 -0.0538803 -0.0956213 0.206924 -0.0868033 0.531064 0.0101615 0.296548 0.122389 : 0
-0.282731 -0.174626 1 -0.278031 0.133779 -0.0690565 0.0358068 -0.0171255 -0.281815 : 0
0.0334275 0.578852 0.199848 -0.11643 -0.0621212 0.993578 -0.0762317 0.00215397 0.0040229 : 0
-0.15998 -0.00384756 0.192943 -0.310749 -0.0888074 0.298975 -0.128964 0.0184759 0.0126262 : 0
-0.0432539 -0.00552176 0.274663 -0.129185 -0.00735851 0.166664 0.0194983 -0.0337897 0.0255829 : 0
0.447335 0.193494 1 -0.147967 0.152676 -0.198487 0.0258767 0.0445976 0.295817 : 0
0.0145206 0.605678 -0.109509 0.0042872 0.00453756 0.0296061 -0.172047 0.0246197 -0.0519108 : 0
0.209145 0.398773 0.280648 -0.104149 -0.0172951 0.881623 0.238681 0.0724909 -0.0141636 : 0
-0.0999541 -0.165272 0.554301 -0.229495 -0.124828 -0.00614432 0.232417 -0.0281932 0.165697 : 0
-0.304617 -0.0618811 0.275786 -0.16441 0.116375 -0.136139 0.0403815 0.0564539 -0.210609 : 0
0.130391 0.00517927 -0.0117818 0.140741 -0.0816464 0.0184352 0.0704399 -0.0842028 0.0918631 : 0
-0.00951324 0.317062 -0.0920298 -0.136298 -0.160415 0.2011 0.388654 0.172636 -0.136671 : 0
0.00822046 0.0230979 0.213437 0.37036 1 -0.361788 0.202754 0.00534065 0.323091 : 0
-0.246817 0.00784202 -0.113651 -0.0329663 0.00362457 -0.227097 0.0366148 -0.609065 0.0650566 : 0
0.236617 0.344726 -0.323882 0.0550703 0.0474887 0.125748 -0.236949 0.0618638 0.129939 : 0
-0.202413 -0.119255 0.0274825 -0.371938 0.00499678 -0.645718 -0.0636085 0.309864 0.0465995 : 0
-0.167151 -0.114971 -0.00675263 -0.0802715 0.000262916 -0.137215 -0.0474857 -0.0207693 0.464976 : 0
0.178722 0.099466 -0.651876 0.240251 -0.188873 -0.372118 0.229986 -0.141663 0.12916 : 0
-0.180541 0.0699712 -0.117124 -0.0792387 0.249513 -0.484251 -0.0452424 0.0485068 -0.0296474 : 0
-0.212843 0.156664 -0.0785653 0.228179 0.0499205 0.045063 0.0651524 0.0905891 0.141676 : 0
-0.146638 -0.0210888 -0.0393718 -0.076028 -0.0250434 -0.145094 -0.078157 -0.0708441 0.0163337 : 0.1
-0.00214399 0.122174 -0.0655928 0.0649187 0.136016 0.448113 0.0128622 -0.010983 0.0107478 : 0
0.129616 0.326118 0.259976 1 0.504492 0.0491278 1 1 -0.0681393 : 0
-0.125313 -0.16689 0.0649646 0.128367 0.0345967 0.068552 0.257716 -0.371698 0.00684888 : 0
0.0314731 -0.176247 -0.0680321 0.701579 1 0.105683 -0.0137528 0.395841 -0.236066 : 0
-1 -0.116793 0.0506862 -0.400552 0.0232357 0.0638267 -0.220044 -0.124124 0.0729796 : 0
-0.241486 -0.0889826 0.154643 -0.155856 0.416287 0.220188 0.103323 -0.026758 -0.0676874 : 0
-0.133056 0.448254 0.790908 -0.0909565 0.519007 -0.0707695 -0.154672 0.0681305 -0.013329 : 0
-0.0585467 0.320082 -0.206228 -0.0149371 0.227077 -0.39643 -0.042587 -0.0125528 -1 : 0
0.00957842 0.514665 0.229192 0.71726 0.122542 -0.547874 0.0180241 0.147658 -0.551371 : 0
0.0755001 0.00119711 -0.119837 -0.0121853 0.394905 0.373989 -0.00885651 0.0376101 -0.165709 : 0.1
0.126128 -0.0129475 0.614035 -0.0125388 0.10306 0.123725 -0.033284 0.0147763 0.76519 : 0
0.033836 -0.112968 0.0110104 -0.0378523 0.266014 0.113102 0.512426 0.00294387 0.157331 : 0
-0.1807 -0.29836 0.204556 0.0534808 -0.119424 -1 0.162388 0.221165 -0.240904 : 0.1
-0.269538 0.918131 0.0844537 -0.572533 0.317949 0.123525 0.292812 -0.200642 0.0492014 : 0.1
0.169757 0.466535 -0.121106 -0.0643149 0.264436 0.799899 0.278764 -0.108781 0.000500119 : 0
-0.0383096 0.516877 0.293907 0.0174391 0.121329 0.747519 -0.0249424 0.519957 -0.0274176 : 0
0.165156 0.0178425 0.618142 -0.295563 0.366783 -0.0766203 0.94438 0.222711 -0.00251231 : 0
0.352017 0.0224984 0.0223956 -0.188878 0.328486 0.608999 0.352114 0.178402 0.105838 : 0
0.0266745 0.24617 -0.106791 0.0228447 -0.103425 0.0169856 -0.0439615 0.243944 0.00891674 : 0
0.0889064 -0.322573 -0.0445449 0.135413 0.840447 -0.0777282 0.111749 0.328879 0.0545949 : 0
-0.0119352 0.146501 -0.401976 -0.170418 0.327483 0.248958 0.147403 0.020376 -0.069233 : 0
-0.075401 0.0839971 0.542382 0.0689397 0.219306 -0.0488966 0.0316372 -0.0289826 -0.179819 : 0
0.00346874 -0.0316295 -0.111251 0.105664 -0.0185671 -0.556922 -0.181351 -0.0548565 -0.0608207 : 0
0.107508 0.15014 0.0109491 0.387166 -0.0784864 -0.353712 -0.194295 -0.310825 0.0193007 : 0.1
0.983773 -0.149808 -0.0870541 -0.0613932 0.141803 0.348142 0.00478585 -0.100019 0.112867 : 0
0.129557 -0.01218 0.598185 -0.151981 -0.147743 -0.636723 0.0995152 0.026403 0.0927805 : 0
0.398404 -0.0371936 -0.122841 0.0157466 -0.074239 -0.0305737 0.00414239 0.120998 0.0760475 : 0.1
1 0.0359754 -0.0409452 0.00888037 0.0480376 0.222157 0.0395869 0.336739 0.538115 : 0
-0.0890431 0.322336 -0.33457 -0.0357004 1 -0.0298578 -0.297826 0.205608 -0.0310259 : 0
0.0827484 0.172046 0.0826637 -0.0764529 0.564181 -0.0249752 0.174809 -0.0606619 0.147386 : 0
0.204393 0.234372 -0.00725043 0.124085 0.772975 0.208196 0.0815132 -0.0882388 -0.0820583 : 0
-0.100618 0.00120297 0.237266 -0.0853486 0.273849 0.0902447 0.314815 -0.212392 0.028359 : 0.1
0.0603701 -0.0700693 -0.160653 -0.904387 1 -0.0243493 -0.0967312 0.0815656 0.241742 : 0
0.43916 -0.127246 -0.0246924 0.0279171 -0.288535 -0.0154804 0.332127 0.566023 0.127409 : 0.1
0.203179 0.352955 0.0530176 -0.0462939 -0.315029 -0.373683 -0.255473 0.134542 -0.0211363 : 0
0.25135 0.0952402 0.0976048 -0.0286286 0.0553397 1 0.00651725 -0.0471714 0.419182 : 0
-0.00225354 0.0626667 0.00699668 0.382493 0.120224 -0.037939 -0.0157645 0.469799 -0.0459734 : 0
-0.0992775 0.528621 -0.145382 -0.306574 -0.0472516 -0.258355 0.110786 -0.156493 -0.118668 : 0
-0.0522129 -0.114431 -0.200602 -0.154667 0.203999 -0.106499 0.013154 0.0913185 0.643204 : 0
0.124986 0.0992264 0.126952 -0.150367 -0.0937763 -0.0156098 -0.136635 -0.0669669 0.0639608 : 0
-0.596304 0.187094 0.524888 -0.673833 0.017446 0.154383 0.0368436 -0.148733 0.0681065 : 0
0.11031 0.0712637 0.282861 0.281533 0.701568 0.982617 0.229643 -0.129175 -0.130439 : 0
0.00748543 1 -0.30886 0.00922978 0.182274 0.790705 -0.0915058 -0.195496 0.0390126 : 0
1 0.157989 0.0197114 0.659396 -0.0114554 0.0679343 -0.0613238 -0.153012 -0.0346048 : 0
0.0191728 -0.0145837 -0.0448005 0.0385049 0.317953 0.0527767 0.469238 0.218335 0.448477 : 0
-0.192555 -0.0798432 0.279412 0.0814144 0.738969 -0.0281121 0.482572 -0.0534176 0.222098 : 0
0.0276267 -0.030222 -0.354782 -0.147177 -0.0142104 0.070541 0.0786032 -0.0370975 -0.0468579 : 0
0.0184794 -0.05348 0.00303574 -0.0493516 -0.0319421 0.0691252 -0.0313765 0.0317096 -0.18303 : 0.6
0.269516 0.146695 0.0785654 0.128826 0.0406239 0.262158 0.206123 0.11071 0.032895 : 0.3
-0.0213115 0.238247 1 -0.137103 0.484879 -0.130043 -0.0481818 -0.134095 0.0183729 : 0
0.274258 -0.050105 0.000443429 -0.817523 1 -0.0511943 0.101064 0.0210101 -0.0134999 : 0
0.0213401 0.114329 -0.0127935 -0.0358803 -0.0859424 -0.159917 -0.13119 -0.00442454 0.0715322 : 0
-0.0128881 0.170299 0.324007 0.00748318 0.132778 -0.0699135 0.0697938 -0.109649 -0.0142159 : 0
0.00834177 0.792962 0.168653 0.0466532 0.167354 -0.458489 -0.491835 0.0122293 -0.282298 : 0
0.182645 0.36077 0.0387068 0.0124409 -0.219519 0.0180242 0.00704393 0.179688 0.14008 : 0
0.557514 0.00866335 -0.0723396 0.228954 0.0758725 0.0110633 0.0509383 0.209342 0.144532 : 0
-0.063827 -0.157256 -0.0092547 0.378067 -0.0300756 0.0865502 0.436687 0.158997 -0.121259 : 0
-0.00943196 0.131739 -0.0228163 0.198932 0.0149264 0.684335 0.00684631 -0.0125649 0.0186974 : 0
-0.093839 -0.0297375 -0.138515 -0.266254 -0.0735666 0.270013 0.0802257 0.336901 0.0818365 : 0
-0.0483154 -0.00936523 0.4334 0.0607233 0.0730883 0.350294 0.0154079 -0.207034 0.000457115 : 0
0.164688 0.145982 -0.0941227 0.328167 -0.285293 0.149748 0.356294 -0.134688 0.355548 : 0
-0.543075 0.548691 -1 0.0670177 0.180078 0.919736 -0.0594713 -0.132569 -0.726113 : 0
-0.00494321 -0.286981 0.834776 -0.194248 -0.64575 -0.0391853 0.168517 -0.214915 0.146513 : 0.2
0.0771499 -0.144377 0.293188 -0.239155 0.305944 -0.0297409 0.410475 0.720262 0.592269 : 0
0.304749 0.878146 0.0667729 0.0839467 -0.196307 -0.278393 0.0102264 0.0982798 0.173535 : 0.1
0.00588033 -0.277707 -0.0583739 1 0.0211086 1 -0.0209813 0.788215 0.111215 : 0
0.0517632 -0.0860745 0.125849 -0.0938571 0.144382 0.592776 0.0580862 -0.181914 -0.0533794 : 0
0.149336 -0.472559 -0.252071 0.107084 0.338363 0.307035 0.456429 0.519288 0.0527145 : 0
0.687992 0.0530833 -0.0385756 0.164686 0.0284692 -0.0513694 0.026252 -0.135059 0.256184 : 0.2
-0.315273 -0.00886141 0.0633103 0.530326 0.0686466 0.0571782 0.559469 0.0482902 -0.998416 : 0.1
-0.132695 0.581908 0.554375 0.302939 0.118391 -0.0789763 0.0148351 -0.207684 -0.651804 : 0
0.206923 0.0343673 0.494633 0.00741539 0.113792 -0.11744 0.0349958 0.248175 0.563461 : 0
0.0235868 -0.175107 0.0349357 0.443343 -0.0124145 0.314025 0.117949 0.352373 -0.0174224 : 0
0.0740876 -0.0373281 0.278404 -0.159531 0.204991 -0.0830641 0.0344348 0.0134696 -0.663371 : 0
-0.0844416 0.474064 -0.0215496 1 0.0969706 0.053498 -0.00773474 -0.0770379 0.0474565 : 0
0.17156 0.0590542 0.00156789 1 0.194421 -0.00708564 -0.0800956 -0.166636 0.0705195 : 0
0.152793 0.0910725 0.00495237 0.11911 0.26507 0.472786 -0.0507344 0.28817 -0.0166284 : 0
0.0925754 0.0199509 -0.0040969 -0.0218784 0.700926 0.875585 0.222929 0.146785 -0.161615 : 0
-0.284922 -0.0843763 -0.246186 0.59612 -0.0737459 0.00479035 -0.0183453 -0.063435 0.195887 : 0
0.23435 0.0065387 -0.154157 0.03064 -0.0830686 -0.608534 -0.0126566 -0.109422 -0.360687 : 0
-0.0215854 0.0531967 -0.310885 0.411051 1 0.0586792 0.166397 0.123468 0.55358 : 0
0.313088 0.0464301 -0.0714617 -0.113076 -0.138971 -0.478849 -0.0675623 -0.0685037 -0.140307 : 0
0.0789972 0.211757 -0.0720582 -0.0632832 0.137969 0.493088 -0.361948 0.0726058 -0.00631199 : 0
-0.0443859 0.401524 0.117955 0.338967 0.00718785 -0.0434282 -0.220093 0.0725317 -0.0291852 : 0
0.0913232 0.678991 0.0188717 0.00459313 -0.00168955 0.0359383 -0.184425 -0.0630702 0.277382 : 0
-0.0175402 0.0200864 -0.107508 -0.0544301 -0.014496 -0.0130689 -0.151039 -0.0990817 0.0276326 : 0.7
-0.0543869 0.315826 -0.0751319 -0.0152957 0.0615706 0.104973 0.498639 0.0156082 0.00948584 : 0
0.548726 -0.0545181 -0.0721282 0.03125 0.411716 -0.243767 0.324339 0.0256278 -0.133426 : 0
0.0637131 0.00747079 -0.012618 -0.120002 0.811458 -0.187152 0.154717 0.148841 -0.0472867 : 0
0.0759886 0.0592179 0.125599 0.0342655 -0.0610909 0.0692295 0.055585 -0.0211665 -1 : 0
-0.493682 0.13774 0.260294 0.116855 -0.0229867 -0.0738131 0.20314 0.322243 0.241936 : 0
-0.150731 0.125473 0.289759 -0.0753136 0.314304 0.161369 0.0869602 0.89579 0.458884 : 0
0.00277805 0.613738 0.0867722 0.113807 0.0676994 0.420069 0.27055 0.181449 0.0883394 : 0.1
0.259783 -0.204206 0.370617 0.235167 0.153831 -0.160524 -0.109563 0.203158 0.00630964 : 0.1
0.119957 1 0.012459 0.00572157 0.347135 0.0326601 0.24952 -0.0229846 0.328093 : 0
-0.109949 0.00602722 -0.140098 0.225708 0.213432 0.393151 0.293056 0.481005 0.00324112 : 0
0.456562 -0.0128468 0.668908 0.115057 -0.128721 -0.261899 0.273719 0.706335 -0.469306 : 0
-0.125825 0.205671 0.279439 0.46968 -0.645675 -0.744249 0.0804186 -0.487062 -0.0262718 : 0
0.0631702 -0.104438 0.0376858 0.220998 0.28911 0.125419 0.656943 0.381296 0.118701 : 0
-0.436141 0.087696 -0.0609486 0.288702 0.179899 -0.142276 0.191342 -0.0417469 0.0946457 : 0
0.036414 0.20612 -0.0942633 -0.0128181 0.848624 0.453479 0.702946 0.0464993 -0.0690773 : 0.2
0.01443 -0.193617 -0.227975 0.107358 0.216464 0.36938 -0.0124668 0.479983 1 : 0
-0.0199583 -0.156411 -0.0194447 -0.138764 0.380466 -0.106225 0.0706415 -0.206408 0.632003 : 0
0.0139699 -0.294736 0.0462188 0.278077 -0.0147273 0.0521782 -0.157219 0.0936714 0.0651064 : 0
-0.0583472 0.796163 -0.156778 -0.885743 0.0864577 0.225608 0.432984 -0.158012 -0.0269907 : 0.3
0.702444 0.0787103 0.447194 0.591103 0.601694 0.102078 -0.0343318 -0.140585 0.0328843 : 0
-0.144044 0.132195 -0.00228295 -0.0148147 1 0.351009 0.123728 -0.000825495 0.245625 : 0
0.255008 0.0385601 -0.0176526 1 0.504148 0.195649 -0.000428873 0.00265455 -0.0660586 : 0
-0.111888 0.0931519 0.539043 -0.15446 0.675296 -0.661398 -0.165924 -0.0376501 -0.0408071 : 0.1
-0.0532634 -0.0797171 -0.0531344 -0.117461 -0.0177743 -0.00476734 0.19435 0.141053 0.0738553 : 0.1
0.0233561 -0.0341268 -0.362334 -0.259362 -0.0746863 0.0847302 0.342329 0.215116 0.0884315 : 0
0.0171047 0.0264854 -0.0267652 -0.0939636 0.316111 0.695247 0.0102636 0.242719 0.1042 : 0
0.204966 0.172787 0.0521064 -0.010309 -0.255733 -0.0525554 -0.0138672 0.137192 -0.0481897 : 0
-0.261436 0.252446 0.018448 -0.0216352 -0.309357 -0.00543128 0.0400808 0.223905 -0.100566 : 0.1
-0.0370726 -0.00827564 0.0833177 -0.1443 -0.386317 -0.00060457 -0.0131405 -0.0912733 0.00157182 : 0.1
-0.0373773 -0.0268583 0.11693 -0.276359 0.257223 0.252448 0.127559 0.155641 0.00842384 : 0
-0.394507 0.19016 0.0351528 -0.481903 -0.229031 -0.0982128 0.677724 0.344649 0.132302 : 0
0.0836706 0.0455152 0.499118 -0.0653156 -0.0199609 -0.235493 -0.110365 0.259132 -0.0789912 : 0
0.0962769 -0.0740919 -0.0376479 0.228586 0.137544 0.0969688 0.220305 -0.152546 0.153255 : 0
-0.179022 0.33038 0.116965 0.0973549 0.409645 -0.179723 0.2707 0.0512868 -0.0272303 : 0
-0.189658 0.444604 0.314226 0.493115 0.306156 1 0.187128 0.0375344 0.124837 : 0
0.226536 0.0561864 0.00878754 0.020636 -0.0407146 -0.241972 0.0204271 0.385281 0.0859757 : 0.1
-0.087963 -0.424244 -0.205693 0.733499 0.0687027 -0.315374 0.0194036 0.857052 0.12745 : 0
-0.0783344 0.518433 0.0535262 -0.743426 0.0210524 0.0339464 -0.223067 0.636722 -0.0256887 : 0
-0.0632739 0.305671 -0.463671 -0.0856027 0.133538 -0.33776 0.0178272 0.433864 -0.16031 : 0
-0.0893402 0.0894482 0.00582983 -0.0838617 0.820059 0.747517 -0.911505 0.0567626 0.47941 : 0
-0.216395 0.105459 0.0570988 -0.0632364 0.332916 -0.517476 0.829855 0.122347 0.00997781 : 0
0.258747 -0.122546 -0.213333 0.123626 0.14188 0.12217 0.109798 -0.0533317 -0.0268624 : 0
0.0706059 0.11115 1 -0.77794 0.0367369 0.539825 0.0810566 -0.372313 0.0771144 : 0
-0.060947 1 0.163622 -1 -0.02114 0.0496922 0.227426 0.0435252 0.0299267 : 0
-0.0587656 -0.0947487 0.468612 0.0521087 0.0350879 -0.261436 0.0329018 0.0197572 0.014122 : 0
0.159156 -0.600938 0.831992 -0.0596817 0.235439 -0.508831 0.042363 0.0986979 -0.93603 : 0
0.0108836 -0.308909 -0.10799 0.0122561 -0.0265053 -0.782018 0.775163 0.696134 -0.199715 : 0
-0.190527 0.372496 -0.0804584 -0.154473 0.297062 0.220636 0.281414 0.0362696 0.301081 : 0
-0.0513453 -0.00670195 -0.357969 0.652537 0.0693244 -0.130356 0.153772 -0.232776 0.235344 : 0
-0.0345829 -0.00777083 0.329676 0.0358941 1 0.0277505 -0.0381783 0.295343 0.222916 : 0
-0.927232 -0.0759489 0.0333669 0.04298 0.242092 -0.300909 0.143157 -0.000403687 -0.0466774 : 0.1
0.274595 -0.215938 -0.0149156 0.0567094 0.233127 0.0906325 -0.00291726 0.53654 -0.0673701 : 0.2
-0.00878598 -0.120655 0.374571 -0.246249 0.598973 -0.125196 0.658602 0.638276 0.162663 : 0
0.0395625 -0.0779236 -0.200587 -0.173221 0.00929576 -0.226217 0.0107778 -0.117132 0.100653 : 0
0.0420122 0.0782379 0.927004 0.0102415 0.49116 -1 -0.184084 0.506214 0.299171 : 0
-0.0390534 -0.0632884 0.203907 -0.518802 -0.0316374 0.0509978 -0.0714392 -0.0151554 -0.312266 : 0
0.0863802 0.336292 0.0794291 0.0763242 0.0868179 0.222418 0.309609 0.393873 -0.0491114 : 0
-0.142508 -0.164298 0.249302 0.120785 -0.0982951 -0.00939126 0.166339 0.015317 -0.0126883 : 0
0.522488 -0.00986131 0.345066 0.425311 -0.148345 -0.121617 -0.131118 -0.108937 0.175184 : 0.1
0.547515 -0.0410672 0.225079 -0.0549137 0.924213 0.026784 -0.0327806 0.130489 0.0149503 : 0
-0.393519 0.154665 0.0687524 0.0830014 0.173761 -0.542542 -0.00295282 0.269684 0.00452902 : 0
-0.296795 -0.00969252 -0.0809753 -0.433916 -0.00503515 0.22252 0.176625 0.0973904 0.00670178 : 0.3
-0.106871 -0.0193057 0.0123071 0.182388 -0.0558256 0.147238 -0.0584304 0.627457 0.472626 : 0.5
-0.0345825 0.811679 0.0415926 -0.343033 0.293494 0.247073 -0.121343 -0.0147684 0.0353855 : 0
-0.185804 0.0606398 -0.265536 -0.604349 0.0165744 -0.0685677 0.0879322 -0.121881 -0.0245706 : 0
0.209779 -0.291976 0.1077 0.0409834 0.0805831 -0.142829 0.0460677 -0.155565 -0.116826 : 0
0.165887 0.348309 -0.0155893 0.00732015 -0.0554179 0.0631528 -0.0843226 0.163622 0.249518 : 0
-0.0156633 0.142461 0.810814 0.00260846 0.0475124 0.0552904 0.152938 0.0266636 -0.179451 : 0
0.330668 0.187584 0.153001 0.0685471 0.72101 0.022101 -0.0121224 0.567943 0.108669 : 0
0.177465 0.42866 0.253607 0.345812 0.0953386 0.473904 -0.180666 0.439641 0.236028 : 0
0.0342742 0.0878915 -0.126271 0.214245 0.356536 -0.0580817 0.391252 -0.118765 0.40994 : 0
-0.231862 0.162892 0.127762 0.112271 0.29388 -0.403645 0.223293 0.0157186 0.732085 : 0
-0.00844021 0.101463 -0.0293965 0.11271 0.794168 0.570622 0.325363 -0.107129 0.141116 : 0
0.289657 0.490521 -0.0270261 0.0751485 0.597147 -0.0662584 -0.00570169 0.291657 -0.0233535 : 0
1 0.540999 0.109324 0.0211271 0.0340857 0.141448 -0.00953665 -0.11825 0.103471 : 0
-0.334325 0.267348 -0.301522 -0.132578 1 -0.276293 0.188498 0.177588 0.325983 : 0
-0.0224319 -0.200535 0.0088191 0.266501 -0.0555864 0.180846 0.675204 -0.0435291 0.539644 : 0
-0.232057 -0.045691 0.179496 0.00849605 0.565368 0.0524044 -0.128964 0.0217944 -0.61317 : 0
-0.128445 -0.0196372 0.802408 0.200475 0.209538 -0.00580435 0.0317282 -0.000974335 0.292748 : 0
0.0165652 -0.00468276 0.0710473 -0.138064 0.0278564 0.402101 0.033863 -0.0446846 -0.215361 : 0
-0.179007 -0.155476 0.00315175 -0.416204 -0.0507508 -0.187997 0.444862 0.637112 0.499153 : 0
-1 0.103102 -0.0229377 0.00428591 0.0349291 -0.0912039 -0.00274287 0.0406468 0.0194327 : 0
0.085728 0.0606193 0.285842 -0.060836 -0.0701105 0.187086 0.298881 0.0367723 0.101247 : 0
-0.47027 -0.131157 -0.0959955 0.00448695 0.254763 -0.107841 0.11154 -0.0234751 -0.0462397 : 0
0.0320784 0.0653701 0.552597 0.294364 -0.0477617 -0.233102 0.132985 -0.0269056 -0.0577266 : 0
-0.121363 0.219365 0.273049 -0.103142 0.567376 -0.253489 -0.0201844 0.395685 -0.0516798 : 0
-0.828583 -0.107269 -0.100109 0.281191 0.318404 -0.348969 0.407774 0.557517 0.268417 : 0
0.143328 0.0116246 -0.0704804 0.0111608 0.613874 0.0693822 -0.0481059 -0.0125801 0.0296304 : 0
-0.250862 0.664188 0.665672 -0.0593918 0.126513 0.15156 0.36967 -0.217656 0.0982741 : 0
0.0631907 -0.0064806 0.0533864 -0.100823 0.924957 -0.176193 0.0225258 -0.068628 -0.0362535 : 0
-0.483475 -0.0670293 0.0669007 -0.414904 0.0145022 0.277359 0.0936877 0.00432133 0.0781282 : 0
-1 0.288222 0.042884 -0.0242969 0.267606 0.58346 0.193208 0.0184933 0.135032 : 0
-0.0781001 0.229951 -0.490232 -0.0367966 0.263083 0.00673783 0.0232499 0.0136889 0.117956 : 0
-0.273484 -0.0444319 0.0768883 -0.386646 0.122254 -0.0701724 -0.60074 0.046233 0.222141 : 0
-0.790327 0.0352472 0.0843609 0.202391 -0.400613 -0.241019 -0.117983 0.538698 0.0247742 : 0
0.512973 -0.205266 0.355753 0.0405313 0.0667248 -0.369059 -0.0011699 0.0389063 0.0133084 : 0
0.0733525 -0.0110255 0.154471 -0.0847339 0.0159368 0.036956 0.190571 0.135189 0.0820751 : 0.1
-0.0288847 0.0974287 0.343646 0.334259 0.37815 -0.209141 -0.0438825 0.31678 -0.014519 : 0.4
0.0971048 -0.0181775 0.00104548 -0.905304 1 0.493189 0.0555966 -0.0405197 -0.0873116 : 0.4
-0.00744809 0.0159883 0.0449992 -0.105537 -0.0575229 0.0732865 -0.0825962 -0.049105 0.0206456 : 0
0.00210413 0.725168 -0.0663132 -0.0159705 -0.0573916 0.214994 0.364859 0.621024 0.00682744 : 0
0.0747699 0.0279066 0.296334 0.142878 0.433734 -0.0964618 0.14078 0.0796972 0.133263 : 0
-0.20267 0.00592224 -0.0792258 -1 -0.419172 0.0901827 0.143794 -0.0475408 0.0413213 : 0
-0.728788 -0.0459532 0.11947 0.0335085 0.271457 0.270471 0.135385 0.0510278 -0.00724379 : 0.2
0.15347 0.552255 0.124093 -0.0416322 0.201573 -0.18834 0.240188 -0.062865 -0.0183121 : 0
-0.135364 -0.132559 0.16215 -0.425286 0.338189 -0.205572 0.0393589 0.719559 0.605505 : 0
0.0647834 -0.0310348 0.0380621 0.505297 0.528606 -0.0275717 0.00300275 0.00472969 -0.0842544 : 0
0.335642 0.312028 0.0601814 -0.100593 0.0218516 -0.249343 0.081271 0.0174322 -0.00914549 : 0
0.247221 1 -0.0613181 0.260516 0.0343078 1 0.0645017 -0.0542543 0.120979 : 0
-0.118188 -0.244123 -0.086543 0.167256 -0.00444219 -0.535903 0.295145 0.447095 -0.106938 : 0
-0.0130144 0.0263836 0.545238 0.0913785 0.778563 0.362328 0.274412 0.117832 0.541612 : 0
0.389383 -0.0158744 0.0305658 0.0885297 0.170092 0.0950675 0.0221367 0.607224 0.154544 : 0
-0.517774 0.770572 -0.0606372 -0.316001 0.194254 0.0294882 0.483717 -0.142372 -0.313778 : 0.1
-0.195692 0.0533249 -0.0140276 -0.370544 0.213724 0.0456189 0.609632 0.102004 0.39937 : 0
-0.0305476 0.0241032 -0.578925 -0.699575 0.341116 -0.195892 0.177636 0.077527 0.154395 : 0.2
0.013964 0.219145 -0.146695 0.287223 0.0424491 0.651299 -0.0652164 0.280495 0.0510873 : 0
-0.00659934 0.397798 0.323471 0.117046 0.320141 -0.166488 0.236498 -0.13618 -0.0315518 : 0
-1 -0.0116639 -0.00968316 0.0614786 -0.0132531 0.372638 -0.24713 0.159581 0.0609945 : 0
-0.0130037 0.0523428 -0.0577413 0.0911336 0.548779 0.0695626 -0.00686216 0.245008 0.0274441 : 0
-0.0490345 0.0152188 0.306992 0.157405 -0.146957 0.0351481 0.242962 0.055978 -0.0297369 : 0.4
0.461303 0.0734887 -0.0714173 -0.0151785 -0.224052 -0.0873693 -0.025456 -0.169023 0.260058 : 0
0.00879769 0.0809075 0.952031 0.0626058 0.600443 -0.135142 0.183873 0.0165614 0.0418662 : 0
-0.282148 -0.0994981 0.498764 0.230957 0.744395 -0.0713949 -0.0251845 0.322604 0.848054 : 0
-0.145925 0.393011 -0.104209 -0.493603 1 -0.370046 0.308644 -0.011606 -0.211405 : 0
-0.0547749 -0.12339 -0.262293 -0.0176338 0.15261 -1 0.783751 0.169994 -0.0656243 : 0
-0.0431947 -0.016886 0.0230613 0.118778 0.0652725 -0.0371307 0.439571 0.00744427 0.445769 : 0
0.190831 0.0749766 0.0782051 0.413303 0.0364135 0.0731799 0.0594169 0.0444572 0.0872999 : 0
-0.113518 -0.157869 0.198473 -0.00908263 0.0924838 -1 0.061515 0.120888 0.304603 : 0
-0.146243 0.138968 0.877563 -0.238354 -0.210607 0.0772067 0.448307 1 -0.235779 : 0
0.0665197 0.605375 0.474572 0.244715 0.0408286 0.103423 0.0267574 -0.252741 0.0897785 : 0
0.32209 -0.0522132 0.510105 -0.215909 0.522863 0.181181 0.0365869 -0.117192 0.207824 : 0
0.242574 -0.194964 0.000652756 0.414675 -0.713182 0.153694 0.0852969 -0.133958 0.0528521 : 0
0.105079 0.0423823 -0.00116774 0.152167 0.695118 0.0617832 0.20443 -0.0534283 0.303826 : 0
-0.00828948 -0.00120696 -0.046961 -0.0954524 -0.0253547 0.278812 -0.00254375 0.0807698 0.0072162 : 0.3
-0.0856967 0.67494 -0.0798823 0.294402 0.0610258 -0.280578 0.382511 -0.107006 0.0474727 : 0
-0.222112 0.0848047 -0.0712095 -0.318368 -0.153237 -0.260593 0.147735 0.601752 0.217193 : 0
0.0295084 0.0244384 0.778054 0.0829013 0.187921 0.172819 0.397917 -0.186301 0.0306242 : 0
-0.145738 -0.111555 -0.0495242 0.0940713 -0.146758 -0.1825 0.178593 1 -0.0647441 : 0.1
0.0467177 0.241575 0.702109 -0.13023 -0.00370394 0.173387 -0.174099 -0.0419742 0.102347 : 0
0.0122295 -0.0540881 0.679783 0.340408 0.791721 0.0288942 0.0689628 0.0621821 -0.103181 : 0.1
-0.223945 0.0757162 -0.000765405 -0.0556479 0.427997 0.347721 -0.243885 -0.197578 0.488876 : 0
0.000263911 -0.0954565 0.0151771 0.295654 0.0137482 -0.0558021 0.342848 0.0266017 0.418581 : 0.4
0.289641 0.222467 -0.167663 -0.0248421 -0.0219839 0.913176 0.239058 -0.100558 0.00356905 : 0
0.116028 0.180586 0.00986886 1 0.0248018 0.036608 -0.0612551 0.719562 0.1294 : 0.4
-0.0265354 0.0833212 -0.0464595 -0.0758224 0.704995 -0.155185 0.0883278 -0.0646533 -0.102538 : 0
-0.00125741 -0.0681517 0.554529 0.0438812 -0.00683025 0.150385 -0.0630591 -0.222687 0.202251 : 0
-0.0238831 -0.0717425 -0.55195 0.0705182 0.169079 0.932812 -0.116485 0.325223 -0.559532 : 0.4
-0.153788 -0.00686722 0.0979773 0.571252 0.222236 0.823094 0.0421655 -0.153424 -0.0271157 : 0.4
-0.0251797 -0.0133124 0.0294777 -0.128195 0.0645494 0.00687115 0.23007 -0.0239624 0.0753596 : 0.1
0.91793 0.306668 -0.0176636 0.0284881 0.0592738 0.107515 -0.059828 -0.164934 0.85445 : 0
-0.0546089 0.595418 -0.0222431 -0.14923 0.032148 -0.203291 0.225808 1 0.214408 : 0.2
0.341492 0.624895 -0.120993 -0.118794 0.187495 -0.540205 0.204258 0.690524 0.456772 : 0.1
-0.0972601 0.0718934 -0.0775127 -0.0793613 0.257875 0.104172 0.180099 -0.218188 0.025901 : 0
-0.129777 0.0258643 -0.101727 -0.857127 -0.0161023 -0.0978672 0.0682616 0.808405 -0.0158391 : 0.2
0.701087 -0.149702 0.084934 -0.314429 0.0334877 -0.0642651 0.00847948 -0.00867948 0.168735 : 0
0.409518 0.318915 -0.120429 0.334647 0.10877 -0.0789991 -0.0432156 0.512795 -0.0293451 : 0
-0.0834679 0.0174504 -0.0891482 -0.0111225 0.666551 -0.148073 0.0664931 -0.276465 0.0188637 : 0.1
-0.0903464 0.154538 0.472757 -0.889281 0.381551 0.299127 0.901983 -0.0368123 -0.0124722 : 0
0.0164097 -0.118382 0.199111 0.0508195 0.756725 0.119707 0.13038 0.0696078 -0.0370791 : 0.6
-0.0276399 0.180755 0.670255 -0.595591 1 -0.143956 1 0.0647126 -0.0260104 : 0
-0.219422 0.207569 0.232583 -0.257989 0.229384 -0.060523 0.152911 0.0187264 -0.0162192 : 0
0.257385 -0.0125383 0.0125957 -0.0167835 0.420077 0.0603255 -0.00471877 -0.0894452 -0.0558629 : 0.1
-0.0197099 -0.00188179 0.203134 0.379937 -0.0147304 0.00224048 -0.00713644 -0.274561 0.203469 : 0
-0.309947 0.0445091 0.137355 -0.212403 0.0532323 0.109397 0.0926865 0.0524647 0.0614794 : 0
0.0282319 0.0325453 -0.368765 -0.409224 -0.0525044 -1 0.150347 0.231602 0.00846075 : 0
0.13529 0.282696 -0.0738262 0.0108513 -0.0371038 -0.0228755 -0.127114 0.0384859 -0.0720934 : 0.2
-0.0382294 0.0644916 0.196213 0.254272 0.266653 -0.071943 -0.392379 0.24843 0.174484 : 0.1
-0.774615 -0.00769033 -0.128194 -0.160033 0.0747334 0.140334 0.0569662 -0.0604032 0.00579982 : 0.5
0.274703 -0.0566044 0.0973319 -0.118525 0.262474 0.0200888 -0.0593539 0.0367435 -0.225615 : 0.1
0.670746 -0.339668 0.100469 -1 0.542361 -0.263368 0.113838 0.528433 0.960944 : 0.3
-0.0330925 0.117121 -0.0591068 -0.0183336 -0.285185 -0.202303 0.0891732 -0.154073 0.402351 : 0
-0.0953427 -0.154977 1 0.114632 0.270017 -0.280913 0.0441662 0.0274979 0.0134453 : 0
-0.163579 0.623409 0.209703 -0.300114 0.317037 0.095863 0.302382 1 0.0385733 : 0.3
0.280307 -0.078618 0.0769848 -0.00513498 0.341958 0.145769 0.0424995 0.13979 0.290899 : 0
-0.31119 0.0616309 -0.206548 0.255153 -0.255305 -0.496184 -0.0423319 0.0133385 -0.079738 : 0.1
-0.0983983 0.0603924 1 -0.203975 -0.0476792 0.105003 0.383533 0.496336 0.257778 : 0.1
0.15415 -0.0727407 -0.0872379 -0.904305 -0.315523 0.107584 -0.125877 0.273233 -0.126224 : 0
-0.23912 0.0114722 0.312723 0.354618 0.109581 -0.156532 -0.0545217 0.304367 0.35114 : 0
-0.0290855 -0.19492 -0.000233239 0.0759302 0.0119081 1 0.0641091 -0.140958 0.0152494 : 0
0.942635 -0.237502 -0.0738463 0.011368 -0.00812692 0.127333 -0.0392109 -0.12589 0.0287798 : 0.4
0.0318248 -0.170384 -0.117514 -0.0238449 0.332492 0.0234146 -0.0932398 -0.0144776 0.0158009 : 0
-0.342519 0.637266 0.375417 -0.771905 0.201555 0.349337 0.0787379 0.293294 -0.0180957 : 0
-1 0.241677 -0.0612957 -0.0252497 0.314465 0.240026 0.12126 0.336003 0.0391758 : 0
-0.0207396 0.144053 -0.0517501 -0.280639 0.484181 0.618024 0.00341894 0.493306 0.00130864 : 0
-0.543427 -0.112437 0.150567 -0.0122284 -0.0831432 0.0127954 0.143045 -0.0177032 0.0162551 : 0
0.0724138 -0.174855 0.0104744 0.100899 0.289011 0.137598 -0.0760799 0.0254897 -0.000694044 : 0.2
0.343705 0.66411 -0.0510312 0.42722 0.838861 0.100621 -0.0902109 -0.0706192 -0.0735876 : 0
-0.202821 -0.0731275 0.0682165 0.172542 0.135339 0.0676661 -0.356528 -0.0554093 0.014358 : 0
-0.0642106 0.0185944 0.756302 -0.167484 0.0170347 0.0731152 0.0860331 -0.0291255 0.0781617 : 0.4
-0.0635462 -0.0753102 0.045735 -0.184303 0.0554784 -0.181053 -0.109895 -0.0132671 0.0797135 : 0
-0.424171 0.00901151 0.134712 0.0766027 0.0152345 -0.0145426 -0.0449075 0.239519 0.314398 : 0.1
-0.320817 0.0989323 0.0519024 -0.316889 0.0420285 0.923107 -0.0488506 -0.000979722 0.115217 : 0.2
-0.172564 0.194239 0.537342 -0.427512 0.11947 0.0211807 0.671076 0.492482 0.0936752 : 0
0.0179564 0.214257 -0.111098 0.0761458 0.16102 -0.15946 -0.0268904 0.285041 0.00259037 : 0.4
0.0476228 0.0366051 -0.00832866 0.00864142 1 0.279492 0.201927 -0.0410621 0.608902 : 0.2
-0.00688003 -0.185087 0.797938 -0.489245 0.595958 -0.00605806 0.481937 -0.05834 0.11056 : 0.3
0.231108 0.143451 -0.729437 -0.0362734 -0.101467 0.177265 0.312119 -0.0222063 0.00694618 : 0.4
-0.117635 -0.145305 -0.424321 0.868273 0.0364305 -0.103217 -0.0371311 0.754554 -0.0862069 : 0
0.103347 -0.210576 -0.0171051 -0.155529 0.456717 0.619 -0.0849339 0.048172 -0.0576794 : 0.2
0.125265 0.141153 0.0470257 0.0558718 0.804521 -0.188646 -0.0504623 0.00236027 -0.00511882 : 0
0.0698925 0.0314418 0.31572 1 -0.0460013 1 -0.209399 0.0161893 0.0162525 : 0.1
0.558635 -0.0570422 0.0849088 0.0713862 -0.0838466 -0.243792 0.185299 0.215232 0.168115 : 0
-0.0324734 0.396843 -0.0048086 -1 -0.0534772 0.0353907 -0.257697 0.00836872 0.0125003 : 0
-0.0277588 0.190143 0.0180062 -0.0470639 0.100673 0.0103006 0.414653 -0.412398 0.862055 : 0.4
-0.389958 1 0.460836 -0.0565733 0.0187475 -0.0503512 -0.0627839 -0.108928 0.00838971 : 0.1
0.0391971 0.113346 0.127792 -0.0181416 0.00273154 1 0.916607 0.545862 0.0266847 : 0
-0.0379618 0.0162985 0.313112 0.0901172 -0.161763 0.0361972 0.12312 0.286538 -0.127196 : 0.5
0.135337 -0.0227634 -0.0613034 -0.0302183 -0.00499985 -0.0377876 -0.0529662 -0.0121569 0.298442 : 0
-0.136401 0.53732 -0.0401175 0.0123245 0.998643 -0.0706137 0.0947919 0.255012 -0.0871506 : 0
-0.121627 -0.0919018 -0.0179294 0.110111 0.115024 -0.379776 0.0238148 0.1626 -1 : 0
0.93688 -0.0258973 -0.0127536 -0.0888635 0.15386 -0.0322668 -1 -0.143806 0.235282 : 0.1
-0.288737 0.057972 0.0429957 -0.216423 0.0640576 -0.133146 -0.0180885 -0.0280135 0.0587411 : 0.2
-0.0162441 0.144637 0.0455401 0.208401 0.0892427 -0.307163 0.00218163 -0.0215764 0.314433 : 0.1
0.00176025 -0.0736727 -0.102811 0.193122 0.0237704 -0.259535 0.55588 0.15896 -0.249738 : 0.1
0.00939152 -0.0847293 0.0322794 0.138642 -0.0430216 0.704172 0.101584 -0.110163 -0.163589 : 0
-0.103057 -0.069169 -0.540426 -0.215857 0.613446 0.309932 0.242893 -0.0719556 -0.0138956 : 0
-0.00242229 0.0251363 0.493008 -0.0433753 0.136077 -0.0751503 0.491299 0.327594 0.105529 : 0.1
0.0259148 0.111018 0.122283 0.800809 -0.00486933 -0.0787818 0.185943 -0.0377226 -0.0216524 : 0.1
0.039426 0.166193 0.744884 0.0513256 0.250974 -0.866835 -0.0389672 -0.0775743 0.68451 : 0
-0.0868654 0.395346 0.896924 -0.0314802 0.00386835 -0.00758652 0.0109185 -0.126901 -0.200632 : 0
0.0794564 0.185801 -0.413715 0.0764738 0.470238 -0.69173 -0.18754 0.025012 0.282067 : 0.4
0.0323065 -0.248425 0.105189 0.100665 0.09565 0.693317 -0.0155331 -0.0168056 -1 : 0
0.821482 0.192299 -0.126591 -0.807081 -0.29778 -0.138485 0.0621438 0.346607 -0.0639509 : 0
-0.00751468 -0.263301 -0.23379 0.247176 -0.025827 0.214395 0.499598 -0.155709 0.0119026 : 0
-0.0574409 -0.0628646 0.0222893 -0.523744 0.0135988 -0.285166 0.132652 0.0219122 0.192316 : 0.5
0.0597786 0.437316 -0.227914 -0.52936 0.496542 0.390422 -0.441264 0.106994 0.388069 : 0.3
0.167456 0.00821762 -0.0704376 0.0331921 0.232434 0.0969981 0.274872 -0.020718 0.154409 : 0
-0.404188 0.266924 0.622087 0.0809853 0.427201 -1 0.141905 -0.125267 0.183837 : 0
0.160055 0.0519439 -0.117623 -0.159309 0.340816 -0.0822702 0.104825 0.625375 0.0530713 : 0
-0.0425633 -0.0508464 -0.428561 0.188446 0.252773 -0.399636 0.00111724 0.222622 0.0125557 : 0.2
0.446881 -0.247233 -0.0366308 0.493993 -0.208443 0.0584304 0.0157638 0.0409578 0.132413 : 0.5
-0.199246 -0.19357 0.030374 -0.227066 0.0484729 0.408062 0.113984 0.136097 -0.367703 : 0.5
0.0925953 -0.0255579 0.322898 -0.0066895 0.819977 0.186103 -0.0551751 0.41017 0.0156217 : 0.3
0.244827 0.763295 0.00357109 -0.0831842 0.524024 1 0.00229467 0.040497 -0.0139081 : 0
-0.0489013 -0.460631 0.325749 -0.5738 0.420965 0.0502644 0.25686 0.0462478 -0.000649221 : 0
0.12721 -0.0384745 0.0453302 -0.0813258 -0.0448632 0.160378 -0.000955665 -0.0573236 0.0134922 : 0
-0.906397 0.352219 0.35651 0.0201888 0.109407 -0.0587527 0.265593 0.26263 0.371275 : 0
0.122723 0.454502 0.0413423 -0.0151776 0.152311 0.0294886 0.279687 0.542022 0.0571174 : 0
0.243646 0.152269 -0.0691454 0.0404339 0.130262 -0.20524 0.499981 0.353342 -0.0600114 : 0
-0.195727 -0.0897211 -0.155332 -0.104048 0.00430075 -0.163885 0.242839 0.192028 -0.176105 : 0.3
0.020106 0.0412757 0.204139 -0.311318 0.149489 -0.189179 -0.0182579 -0.112766 0.33595 : 0.2
-0.234821 0.0430696 -0.208892 -0.279347 0.294569 0.278637 0.284602 0.0782131 0.245631 : 0
-0.00283894 1 -0.707867 0.0994878 0.138921 -0.157678 -0.0431647 0.364862 0.0886628 : 0
-0.191748 -0.057288 0.444879 0.145775 -0.278446 0.0964301 0.0591455 0.0995846 0.00988287 : 0.1
0.0502624 0.57288 0.0318381 0.917417 -0.000552906 0.989965 -0.325253 -0.0844587 0.146927 : 0.1
-0.0547482 0.117202 0.881171 0.0707691 0.0445623 -0.406487 0.00773955 -0.0429544 -0.304952 : 0.4
0.155015 0.0312172 -0.111769 -0.487753 -0.277294 1 -0.328279 -0.0443954 0.031686 : 0
0.478678 -0.481093 0.246904 0.0195769 -0.0515431 -0.402101 0.28099 0.00336963 0.565502 : 0
1 0.0629611 0.148416 0.00458088 0.692742 0.191992 -0.0070152 -0.153627 0.246794 : 0
-0.740114 -0.00267633 0.0151098 -0.170774 0.108215 -0.335867 -0.0324007 -0.028182 0.366862 : 0.3
-0.00726964 -0.000366151 0.00573801 0.0118348 0.172797 0.0218946 0.0353 0.0669776 -0.0315991 : 0
0.525178 -0.156493 0.326945 0.168925 0.123489 -0.301277 0.00086584 0.10797 0.572075 : 0
-0.32284 0.00935537 -0.297024 -0.869383 -0.12352 -0.129507 0.0767961 0.0498412 0.282066 : 0
1 -0.0077704 -0.0247142 -0.000163773 0.105115 -0.0858305 0.0569012 0.0439822 -0.0219374 : 0
-0.734756 -0.299777 0.462104 0.224422 0.579875 0.300153 0.142125 -0.0462303 0.479468 : 0
-0.157372 0.0243972 0.063175 -0.923996 -0.0169542 0.0325682 0.375346 0.0452251 -0.265901 : 0
0.300344 -0.236295 -0.0356733 0.423561 -0.0859238 0.0132784 0.112002 -0.267971 0.257554 : 0.1
-1 -0.00906819 0.213715 -0.0919647 0.331251 0.234703 0.187631 0.0253528 0.00718647 : 0
0.482386 0.325576 0.366832 0.186141 -0.119626 0.0173857 0.0322062 0.250411 0.11849 : 0.4
0.379803 0.10759 -0.0418553 -0.0289287 -0.033168 -0.346136 0.121684 0.0638249 -0.317562 : 0
0.172907 0.278124 0.0500356 0.0817103 0.044146 -0.23053 -1 0.0127394 0.339012 : 0
0.0101071 -0.0565818 -0.189592 0.23241 0.133335 -0.0721955 -0.0192868 0.651477 0.531199 : 0
0.531634 0.0125655 -0.0433553 0.243143 -0.183875 0.0369318 -0.0126256 0.182409 0.0313034 : 0.3
0.134963 -0.166301 0.0131547 0.235125 0.212203 0.187538 0.458188 -0.0426144 0.0397909 : 0
0.01884 -0.210853 -0.0140347 -0.136519 0.0855024 -0.157516 -0.0307748 -0.0963761 0.0102379 : 0
0.219456 0.169605 0.0137484 -0.0158924 0.708787 -0.0677365 -0.0757428 0.0616908 0.00883836 : 0
-0.192358 -0.000325635 0.261371 0.0767314 0.204705 -0.47367 0.0845772 0.577254 0.0498616 : 0
-0.0192637 0.0214159 0.341846 -0.076082 -0.0561429 0.0645521 -0.0747734 0.0655519 0.17634 : 0
-0.042006 0.486491 -0.156484 -0.768313 0.0037317 -0.0161527 0.172025 0.0556072 0.277111 : 0
-0.171833 0.00929277 0.0345501 -0.949429 -0.0769627 -0.0381717 0.13796 -0.117032 -0.371593 : 0
-0.0763962 0.0280914 0.00159694 -0.657788 0.287253 -0.0418845 0.0505218 -0.14208 -0.0397998 : 0
0.422651 0.28094 0.0279875 -0.265656 0.224799 -0.0621831 -0.00748274 -0.0436476 0.202395 : 0
0.0226902 -0.0439466 0.109522 -0.0910206 0.194818 0.0558721 0.101557 0.038778 0.0605936 : 0.4
-0.0500879 0.230337 0.0357977 0.0533052 0.187277 1 -0.0509486 0.303341 -0.00489891 : 0
-0.391127 0.00121389 0.420539 -0.813022 0.0100244 0.221809 0.0622683 -0.171987 1 : 0
0.345917 0.254349 0.28808 -0.060278 -0.312462 -0.321466 0.096136 -0.186593 0.290305 : 0
-0.0333234 0.00269365 -0.0829706 0.0481217 -0.0468545 0.19015 0.275556 0.274938 0.573926 : 0
-0.0350867 0.223237 -0.0797091 0.881144 0.0518307 -0.0751412 0.215576 0.432286 -0.0266205 : 0
-0.166452 0.0669487 0.268535 -0.0722372 -0.0285657 -0.17623 0.413532 -0.000296336 -0.136757 : 0
-0.148599 0.193112 -0.0873458 -0.159167 0.432808 0.642596 0.0759154 0.321086 0.173198 : 0
0.0172964 0.218353 0.847624 0.272872 -0.103805 -0.034545 0.98595 1 0.597742 : 0.2
0.776358 0.0169636 0.304596 -0.349953 1 -0.00754805 0.181584 0.00376796 -0.338004 : 0
0.267617 0.815591 -0.0938121 -0.657952 0.159407 0.708844 0.161955 -0.102389 -0.983376 : 0.4
0.513878 0.488448 0.0929703 -0.0410313 0.147557 0.354527 -0.971161 1 -0.0172637 : 0
-0.11712 -0.0344224 0.247671 -0.465174 -0.0318923 0.0467997 0.670567 -0.0492226 0.266743 : 0
0.51111 0.0415585 0.281996 0.197566 -0.497236 -0.144625 -0.969873 -0.0118852 0.025255 : 0.4
-0.09002 0.234631 0.283186 -0.0102536 0.136679 1 -0.0149212 0.323204 0.146791 : 0
-0.0691736 -0.159081 -0.311255 0.0608454 0.0114601 -0.265014 0.00114966 -0.0836936 0.0525664 : 0
0.0841553 0.123448 -0.112919 -0.874782 -0.0547033 0.691399 -0.148031 1 0.267127 : 0.5
0.0786269 -0.0495195 0.0166956 -0.09097 0.13222 1 -0.106284 -0.00990234 -0.0339718 : 0
-0.0418708 0.852943 -0.199165 -0.552268 -0.0375527 0.171663 0.35089 -0.082724 -0.295393 : 0.1
1 0.318214 0.100048 0.246922 0.11663 -0.288028 0.156928 -0.0259269 0.0624327 : 0.5
0.0975263 -0.0220413 -0.0035201 -0.00160413 -0.0950915 0.0810665 0.0365611 0.729933 0.0679503 : 0.5
-0.0226565 0.515942 0.0532047 -0.0492822 0.123393 -0.0287277 -0.0685148 -0.186143 0.0351413 : 0.7
-0.326412 -0.247426 0.262857 0.513704 0.211861 -0.0220807 0.296138 0.649656 -0.0502632 : 0.5
0.47582 0.801273 0.0483825 -0.951832 0.19145 -0.0337174 0.203724 -0.0344958 0.133789 : 0
-0.686025 0.324063 -0.411552 -0.134319 -0.0302283 -0.616717 0.316799 0.135472 0.0501066 : 0
1 0.331481 -0.513851 0.275363 -0.449573 -0.539758 -0.187296 0.0139665 0.215632 : 0.1
-0.0451552 -0.0633302 0.623485 0.078386 -0.295405 -0.246596 0.0906052 -0.179441 0.0146291 : 0
0.605499 -0.467613 0.207397 0.0217914 -0.089075 -0.196333 0.0704249 0.0135912 -0.132903 : 0
-0.203829 0.200738 0.116563 0.032028 0.721861 1 0.216838 0.0243376 0.344634 : 0
0.198856 0.0594182 -0.00960418 0.0106985 -0.0258463 0.0186358 -0.124041 0.214837 0.266735 : 0
0.0691524 -0.126955 -0.225525 -0.0271587 0.698071 -0.0180993 0.626594 0.779478 0.761827 : 0.1
-0.410703 0.269816 -0.173246 -0.415991 0.201333 -0.0740151 0.0396361 -0.0731079 0.372044 : 0
0.819545 -0.365523 -0.131144 -0.170458 0.200367 -0.193531 -0.141 0.0485192 -0.0679901 : 0
-0.306254 0.000180862 0.0316948 -0.0570114 0.0182486 -0.00485599 0.0909717 -0.237509 -0.0475212 : 0
0.222075 0.0978874 0.013656 -0.0242387 -0.00822761 -1 0.351944 0.241221 -0.291232 : 0.1
-0.0394684 0.245317 0.976992 -0.468747 0.376457 -0.542301 0.358764 0.489226 0.71931 : 0
0.099858 0.0644652 0.153339 0.111181 0.0226528 -0.131549 0.0171717 -0.00821933 -0.369986 : 0.1
0.00646746 0.213298 1 0.047128 -0.00867162 0.0541865 0.110661 -0.319188 -0.0189548 : 0
0.351216 1 0.436276 0.00726533 -0.0518611 0.029209 0.264906 -0.0599276 0.037214 : 0
-0.436385 0.0328893 0.085171 0.191486 0.0535525 0.997586 -0.0792354 -0.102015 0.0271534 : 0
-0.189032 0.326556 0.121816 0.199148 0.165189 0.122425 -0.0687402 0.404379 0.158969 : 0
-0.10325 0.061732 0.206369 0.155268 -0.169668 -0.321284 -0.209318 -0.00472485 -1 : 0
-0.181714 0.0901806 0.0606923 -0.0281094 0.074674 -0.579145 0.0976021 0.0375773 -0.139873 : 0.2
0.161323 0.168313 -0.0743314 -0.00914423 -0.0995244 0.0176243 0.192469 0.500355 -0.180237 : 0.1
-0.0174064 0.435279 0.197436 -0.22339 0.309632 0.138419 -0.00259373 -0.0530949 -0.0370711 : 0.3
-0.243991 0.217366 -0.00875136 -0.207789 1 0.246609 0.0477393 0.115828 0.277529 : 0.1
-0.142237 -0.22388 -0.0212872 -0.293418 0.559099 0.0754371 -0.147641 0.313454 0.525758 : 0
0.0171005 0.781804 0.056927 0.0985018 0.225511 -0.248968 0.0209741 0.0130703 0.00823344 : 0
-0.0801239 0.0912334 0.320039 -0.0937637 0.140357 1 0.188866 0.0978398 0.302533 : 0.2
-0.62738 0.132977 0.510417 -0.956488 -0.0057117 -0.34926 -0.10546 -0.0217436 -0.712205 : 0.4
-0.0483388 -0.0174417 0.30225 -0.00940831 0.12667 0.111123 -0.0244194 -0.0394614 0.118114 : 0
0.00719452 0.042041 1 -0.105421 0.426883 -0.167121 0.26647 -0.014181 -0.00712858 : 0
0.0805959 -0.0289997 0.286377 -0.935539 0.0165746 0.217864 0.709706 0.559175 0.0553715 : 0.4
0.058491 -0.0581094 -0.439939 -0.0141112 0.754851 0.820449 0.0456961 -0.0685654 0.103854 : 0
0.631078 0.148654 0.0156646 -1 -0.135207 0.00769734 0.00723053 0.0955474 0.32075 : 0.4
0.317112 -0.0213411 0.151054 -0.0591308 1 0.026799 -0.0351076 -0.0996904 -0.0316287 : 0.2
0.903854 0.0933718 0.0264704 0.18547 0.416494 0.0277137 -0.0204131 -0.0130781 -0.0675763 : 0.2
0.145271 0.29448 0.00276407 0.0100792 -0.266783 0.0174534 0.00475415 -0.0951368 0.269437 : 0.4
-0.174225 0.143545 -0.0878789 -0.109381 0.374985 0.392145 -0.0601108 0.201948 -0.0288056 : 0
-0.128449 0.172066 -0.0777568 0.154519 0.318033 -0.0486355 0.0313248 -0.301592 0.00978 : 0.1
-0.0479049 -0.0736167 -0.171095 0.0652552 0.165871 0.0902611 0.162524 0.0500496 1 : 0
0.0142804 -0.101756 0.00505877 -0.453247 0.321141 -0.435576 0.00437239 0.512298 1 : 0.4
-0.031097 0.781253 -0.0461354 -0.00237328 0.224475 0.165585 0.0672155 0.113379 0.0500642 : 0
0.198125 -0.13458 0.648642 -0.82002 0.126467 -0.0555239 -0.305469 0.188967 0.116517 : 0
0.0901761 0.101897 0.000914756 0.0600119 0.591745 0.764836 0.0413815 0.164604 0.143209 : 0.3
-0.02521 0.0724574 0.00882871 0.0824567 0.40037 -0.179841 0.0545135 0.117014 -0.0532451 : 0
0.33527 1 -0.258939 -0.091053 0.0642426 0.329517 -0.0459318 -0.0938404 -0.0290804 : 0.4
-0.350057 0.0901118 -0.153161 0.0882998 0.00832828 -0.206864 0.255879 0.51686 -0.0921689 : 0.4
-0.420341 -0.0682119 0.19323 0.17781 -0.00134659 -0.262231 0.0849655 -0.0128524 0.0106937 : 0.5
0.574593 0.0241204 0.216042 0.0179233 0.652749 0.0976181 0.0566608 0.0276241 0.0375873 : 0
0.185783 0.116171 0.181595 0.41061 -0.0196099 1 0.287513 0.0971545 0.0900808 : 0.3
0.0299771 -0.012945 0.0932274 0.882382 -0.0822159 0.0527629 0.168177 0.0137183 -0.0302132 : 0
0.0607209 -0.0146934 0.646468 0.0507802 0.341154 0.519774 0.0647554 -0.00454479 0.0810846 : 0
-0.0186382 0.00477432 0.0594728 -0.0100237 -0.10306 0.108437 -0.0844404 0.203644 0.843647 : 0.1
-0.869253 -0.0800583 0.063578 -0.271953 0.11526 0.197963 -0.00974143 0.156375 -0.183224 : 0
-0.433704 0.311374 0.167929 0.000656903 0.10177 0.257494 0.121298 0.178967 -0.00990269 : 0.4
-0.0267768 0.225092 0.941706 -0.94733 0.0816041 -0.0378378 1 1 0.0460462 : 0.1
-0.0238357 0.152262 0.05813 -0.644995 -0.191917 -0.0530068 0.518578 -0.293971 0.312574 : 0.1
0.0704057 0.213832 1 -0.0778016 0.263815 -0.0258692 0.0371583 -0.13485 0.0540688 : 0.1
-0.0217188 -0.0359281 0.148117 0.207299 0.115146 -0.187518 0.0639178 1 0.0936671 : 0
-1 -0.146172 -0.0441618 0.0415664 0.409825 0.349204 0.116618 1 -0.00679719 : 0.1
-0.191225 -0.0817392 0.501664 -0.00595631 -0.360059 0.121691 0.0724977 -0.0747793 0.000832159 : 0
-0.22563 0.0823093 0.162389 0.214588 0.583012 -0.0914272 0.274317 -0.00160919 0.283773 : 0
-0.0759616 0.0451957 0.153488 -0.0301076 0.00255135 0.0290582 0.0618557 -0.102147 0.196595 : 0
0.0591369 0.369054 0.414129 -0.286896 0.220694 0.19018 0.0710602 -0.0349527 0.0498624 : 0
-0.112241 0.200164 -0.0886308 0.159702 0.0472792 -0.0661918 0.123304 0.0174028 0.290544 : 0.1
0.0869332 -0.038117 -0.0743724 0.0731488 0.552017 0.201939 0.631634 0.320438 0.527406 : 0
-0.00573888 -0.0674684 -0.292918 -0.234866 0.0610895 0.893813 0.176462 0.131908 0.0960284 : 0.2
0.0322104 0.0500345 1 -0.172658 0.21329 -0.354754 0.114064 -0.0371856 -0.0643484 : 0
0.0390466 0.683755 0.0284928 0.0729782 0.0673439 0.0583503 -0.19867 -0.0267577 0.0228851 : 0.2
0.137807 0.00283839 -0.0442533 0.0630155 -0.345393 1 -0.143305 0.983272 -0.19577 : 0.3
0.125772 0.631306 0.515354 -0.179627 0.168591 -0.65039 0.133573 -0.115153 -0.802269 : 0.3
0.096424 0.0678203 -0.189024 0.123852 0.0856474 0.393054 0.12629 -0.125752 0.142028 : 0.1
-0.0355546 0.0897973 0.444639 -0.0840782 -0.113815 0.077622 0.120846 0.134632 0.0425026 : 0
0.0195021 0.0303937 -0.117146 -0.0166161 0.125356 -0.0486875 -0.159162 -0.0166152 -0.192295 : 0
-0.275567 0.030623 0.400625 -0.0817417 0.543994 -0.104549 0.0925673 0.0884643 0.112323 : 0
0.512999 -0.167585 0.0614465 -0.429852 0.177407 0.315856 -0.326889 -0.0106688 0.0307285 : 0
0.493279 -0.131717 0.538323 0.20603 0.0405567 -0.128576 0.0244789 -0.0665576 0.309969 : 0.1
0.0221362 0.151739 0.0517986 0.0306753 0.377197 -0.486651 -0.179277 -0.162757 0.0187718 : 0.4
-0.183474 -0.0279058 -0.0380456 0.368536 0.070239 0.0421774 -0.0955141 -0.00973689 -0.785887 : 0.1
-0.335126 -0.203681 -0.162236 0.147186 -0.0826402 0.181768 0.00706349 0.729722 0.0803861 : 0.2
0.0498617 0.0539522 0.016097 0.141895 0.487394 0.0362267 0.164184 0.203495 0.832374 : 0.1
-0.0745144 -0.181489 0.313087 -0.37854 0.775816 0.441361 0.0130526 -0.0069922 0.0632586 : 0
-0.0204988 0.759899 0.0453215 0.0813751 0.22918 0.149244 -0.0128875 -0.0100403 0.0575812 : 0
0.0140976 0.0405386 -0.177625 0.420989 -0.61574 0.0689293 -0.115159 -0.0192974 0.545173 : 0.3
0.120885 0.0265834 0.039271 0.0737487 0.238893 0.199281 0.098101 0.00860938 0.079713 : 0
-0.021805 0.537008 0.0129629 -0.613501 0.0481187 0.559631 0.0793839 0.00837425 0.00568153 : 0.2
-0.0485064 -0.0468796 -0.188951 -0.722278 0.0738433 -0.483629 0.171197 0.662307 0.0919023 : 0.3
0.0934549 -0.0697376 -0.250057 -1 0.0469695 0.1363 0.93436 0.14112 0.105716 : 0
0.13402 0.0410886 0.384254 -0.149642 0.0125921 0.650093 -0.195064 0.706779 0.188766 : 0
0.0123628 0.0352529 0.836905 0.145689 0.00391699 -0.0470564 0.00306222 -0.0238859 -0.0795989 : 0
-0.201748 -0.10416 -0.020041 -0.560145 0.131194 1 0.0682425 -0.062576 0.00366472 : 0.3
0.102908 -0.065142 -0.00640707 -0.053821 0.862882 0.104759 0.0017701 0.0302325 -0.0371241 : 0.1
0.162786 0.427708 0.03649 0.152583 0.0428772 -0.295991 -0.00854146 0.420808 -0.0296334 : 0.4
-0.0142704 0.0689092 -0.0108873 0.0451551 0.064506 -0.0230391 -0.00484622 -0.00702742 0.0747864 : 0
0.132334 0.257246 -0.546516 -1 0.883639 0.353019 -0.0634234 0.0103593 0.0263647 : 0
0.14446 0.0318628 -0.132473 -0.28656 0.000198525 0.0318165 0.0521917 0.07093 -0.0358799 : 0
-0.104902 -0.193207 0.303701 -0.14722 0.0944671 -0.137743 -0.0843098 0.899818 0.0512984 : 0
0.0467866 0.370801 0.0870524 -0.130512 0.163973 -0.188201 0.226956 -0.0388101 0.143031 : 0
0.285614 1 0.00023973 0.304483 0.579479 0.112261 -0.080909 -0.113432 -0.0650972 : 0
0.0273645 -0.144872 -0.000671744 0.00529075 -0.0494715 -0.0398388 0.424937 0.0357971 0.0524558 : 0.5
-0.347693 -0.0713031 0.303795 0.524058 0.0393157 -0.157188 -0.0420539 -0.35315 0.039502 : 0.3
0.0320937 -0.445041 -0.0794112 -0.0214765 0.669826 -0.115335 -0.0669036 0.458199 -0.0792873 : 0.3
-0.0916506 0.287461 -0.141886 0.116677 0.243705 0.498916 0.108712 0.0839859 -0.429542 : 0.1
0.158991 0.0501493 0.00568331 1 0.565294 0.101175 0.00623762 -0.00424622 -0.0485359 : 0.3
-0.427262 -0.0946455 0.224376 -0.781187 -0.0193945 0.221765 0.041152 -0.162654 0.308924 : 0
-0.455398 -0.270911 0.159588 0.533199 -0.119149 0.131879 0.0319223 0.377885 -0.0825013 : 0
0.0377241 0.0807359 -0.16158 0.418248 -0.0392017 -0.314417 0.33703 0.427501 -0.710208 : 0
-0.224485 0.575465 0.25399 0.0162849 0.400936 -0.748707 0.154561 -0.180199 -0.0447221 : 0
0.532292 -0.189116 0.700943 -0.243948 0.114709 -0.377485 0.0265094 -0.108694 1 : 0.1
0.085276 0.0493018 -0.0790035 0.0144357 0.113665 -0.0314032 -0.0447058 0.874059 0.263885 : 0
0.080116 0.0555607 -0.197513 0.0778509 0.178115 0.367656 -0.375183 0.120477 0.704358 : 0.1
0.125317 -0.0233144 0.371547 -0.0225844 -0.267101 -0.250894 -0.0462048 -0.0183682 0.0924425 : 0.4
0.247231 0.693705 0.0929371 0.0814996 -0.134658 -0.0724284 0.0902088 -0.0156802 0.0153002 : 0.1
0.135287 0.046692 0.0376572 0.0310519 -0.172282 0.140699 -0.127922 -0.0108882 0.084822 : 0
0.0513815 -0.0038337 0.299823 0.0221036 -0.0771575 -0.0308687 0.0766589 0.0974671 0.639839 : 0.3
0.702272 0.300598 -0.0948199 -0.79111 -0.255341 -0.010934 0.215169 0.00221939 -0.472537 : 0
-0.231933 0.0562868 -0.205103 -0.0144326 0.0669326 -0.394824 0.452454 0.0255867 0.0659517 : 0
-0.118238 -0.0067056 -0.0127255 0.0989337 0.0969049 -0.00227022 0.551726 0.0793239 0.228272 : 0
-0.920168 -0.0889885 -0.0195577 0.182146 -0.167684 -0.696664 0.18342 0.178112 0.220599 : 0
-0.429524 0.0815467 -0.0751417 -0.0996127 -0.231682 0.607323 0.0124216 0.116015 0.224962 : 0
-0.0957337 0.0575532 -0.0472983 0.109787 -0.138359 -0.224372 0.00380845 0.0844152 0.0935932 : 0
0.143873 0.358553 -0.0609504 -0.0128331 -0.472935 0.0649382 0.120347 0.0358735 -0.0338694 : 0.1
-0.253205 -0.064405 0.315699 0.328301 0.126974 0.0680079 0.00269778 0.0852366 0.194915 : 0
0.0584203 -0.235464 0.0269707 0.186584 -0.20813 0.311762 0.404483 0.054161 0.216185 : 0.5
0.0592822 0.0565268 0.284325 0.122931 0.171009 -0.301701 -0.0922144 0.399004 -0.0104274 : 0
0.0182858 -0.706471 0.0511468 -0.442 0.0341314 -0.036591 0.00502815 0.105071 0.169684 : 0
0.0318933 0.210443 -0.054942 0.0857461 0.28649 -0.452239 -0.0505493 0.00157578 -0.010527 : 0
-0.247317 0.310432 0.0808999 0.372018 0.0286741 0.226745 0.175024 0.31937 -0.0227587 : 0.1
-0.00914032 0.0110323 0.175574 0.300818 0.0408027 0.603502 0.258857 0.189547 -0.197372 : 0
0.0845223 -0.00346208 0.0144213 -0.357333 0.0564236 -0.0591024 -0.0667268 0.00838885 0.122092 : 0
-0.871282 -0.0940049 0.272347 0.162057 0.628184 0.304995 0.215094 0.141578 0.330021 : 0
0.231549 0.645118 0.0878013 -0.113807 0.384035 -0.734447 -0.0134429 -0.291281 -0.0204193 : 0.1
0.0529195 0.00906657 -0.335248 -0.00160315 -0.0711861 -0.01396 -0.00130889 -0.115641 0.575148 : 0
1 -0.0536844 0.398902 -0.196914 -0.010871 0.334356 -1 0.242538 0.182988 : 0.4
0.16898 -0.0942651 -0.102343 -0.0276484 0.0521864 -0.0242867 -0.0181436 0.306257 -0.268292 : 0.1
-0.162513 -0.0195359 -0.00641685 -0.377206 0.474843 0.124657 0.635847 0.565647 0.361017 : 0
-0.00668801 0.345003 -0.416502 -0.301466 0.231304 0.55281 -0.153597 0.00251379 0.0571191 : 0
0.164118 0.0662792 0.153172 0.161053 0.210128 0.358595 -0.0397978 -0.0382907 -0.00996257 : 0.4
0.0210046 0.214206 -0.094706 -0.101661 0.392079 1 0.0997958 -0.0807 -0.0144876 : 0
-0.0427201 0.0541569 0.0151833 -0.434251 0.00689797 0.111903 0.0853199 0.0416592 0.0385197 : 0.3
-0.15383 0.0183749 -0.256502 -0.685229 0.254865 0.0898386 0.100058 0.057304 -0.0632621 : 0
-0.0459206 -0.20628 -0.203628 -0.417305 0.178314 1 -0.0751767 -0.0199714 0.0637623 : 0
0.0448989 0.0528667 0.1799 0.158441 -0.00114263 -0.0134924 0.00566764 0.0582525 0.21281 : 0
0.0966621 -0.0216823 -0.112401 0.0996364 0.574631 0.357392 0.28379 0.0541874 0.0179895 : 0
0.0392058 -0.107556 -0.0255029 1 -0.208084 1 -0.0779891 -0.00540645 0.216179 : 0
-0.17519 0.0664851 0.134171 0.271461 -0.0790922 0.118858 0.00569214 -0.375807 0.178474 : 0.1
0.404944 -0.0677647 0.128746 0.0338612 0.228545 0.635993 0.0151416 -0.125733 -0.456153 : 0
-0.317745 0.0265202 -0.045381 -0.435296 0.211591 -0.118122 -0.551928 0.360872 0.0419667 : 0
0.108193 -0.0956274 0.209941 0.409435 0.26774 0.178671 -0.0804278 0.102773 0.0139578 : 0.1
-0.293833 0.179068 -0.309925 0.0572802 0.135169 -0.0429374 0.0525845 0.161118 -0.107118 : 0
-0.00180317 0.177639 -0.138259 -0.251184 -0.029542 -0.189571 -0.00801873 0.692566 -0.0759729 : 0
0.0573906 0.206856 -0.39778 -0.407865 -0.168212 -0.704364 -0.0820282 0.0646627 0.103616 : 0
0.0399954 0.353296 0.198037 -0.00561723 0.198871 -0.405162 0.29906 -0.147248 0.0909503 : 0.4
0.142754 0.145957 -0.0814498 0.110641 -0.030725 0.1935 -0.0192706 0.0335767 0.00173055 : 0.1
-0.16721 0.00196482 -0.0421496 -0.104436 0.496831 0.0503729 -0.0465847 -0.00931223 0.0286399 : 0
0.141714 1 -0.178824 -0.900961 0.0139018 0.00928712 0.332239 -0.113422 0.217382 : 0
-0.24233 0.147615 0.0297288 0.508225 -0.0510977 0.461993 -0.0405043 0.0142641 -0.160419 : 0.1
0.0482163 0.269841 -0.690906 0.424851 0.660404 -0.455577 0.148528 -0.0808653 -0.0304333 : 0
-4.31687e-05 0.025902 0.259338 0.91027 0.0156175 0.939221 -0.0353803 0.483602 -0.143518 : 0.1
-0.452312 0.000533132 0.140755 0.560804 0.306815 -0.146384 -0.358112 0.0296805 0.00162956 : 0
0.158586 1 0.0721819 0.0523254 0.155345 0.142633 -0.0342067 -0.00768708 0.0895422 : 0
0.458632 -0.163947 0.527507 0.285583 -0.0111171 -0.0545578 0.626051 0.191259 0.0608552 : 0
-0.146678 0.0280897 0.126206 -0.0237006 -0.0654579 0.00221364 0.0214879 0.385089 -0.0266907 : 0
-0.0628426 0.0464983 0.0669982 0.0511994 0.0407414 -0.18367 0.0663356 -0.0237657 -0.161838 : 0.3
0.0613394 0.0468625 0.0410413 -0.137178 0.388835 0.0766441 0.0816447 0.221826 -0.0175392 : 0
-0.653397 1 0.0375928 -0.205368 0.218374 0.247902 0.431131 -0.0657125 0.311638 : 0
0.790152 -0.104067 0.0881616 -0.674432 0.105509 0.313712 0.0387276 0.109188 0.027143 : 0.3
0.123455 1 -0.179096 -0.372306 0.178951 1 0.0204212 -0.181099 -0.0145551 : 0
0.236317 0.0439283 0.00186201 -0.424375 0.444193 0.230933 0.920916 0.0186692 0.013984 : 0
-0.237358 -0.0375722 0.124529 0.0112627 0.499489 -0.0810078 0.121804 0.138072 0.013502 : 0
0.218858 -0.0592005 0.134962 0.415128 0.592839 -0.705481 0.032477 0.0977763 0.183282 : 0.3
-0.0386041 0.204165 0.166363 0.0674354 -0.0612148 0.284694 0.0734547 0.0540411 -0.539349 : 0.1
0.0475963 -0.061882 -0.12356 -0.813795 0.220493 0.155711 0.562325 -0.0726184 0.49848 : 0
0.0121892 -0.110311 -0.120862 -0.555692 0.0666665 -0.190208 -0.0207905 0.0886457 0.113952 : 0
-0.153183 -0.0197649 -0.155095 -0.0341506 0.395148 -0.0420782 -0.314133 0.0656696 0.13187 : 0
-0.0291572 0.40832 -0.162019 0.345333 0.119592 0.292221 -0.159278 -0.216775 -0.0800813 : 0.3
-0.112 0.511516 1 1 0.0435731 -0.0898256 0.00372334 -0.103561 -0.24101 : 0.1
0.170916 -0.581271 0.0272764 -0.996429 0.00380438 0.397816 -0.0912574 0.0598463 0.369967 : 0
-0.0617516 -0.0129015 0.00315198 -0.352377 0.274935 0.0338891 0.304649 -0.182264 0.00788715 : 0.1
-9.59777e-05 -0.222677 -0.00303377 -0.00893455 0.0190797 0.810338 -0.000114165 -0.121305 0.0101893 : 0.1
-0.141107 -0.0326924 0.103205 -0.0330231 0.574369 0.0722358 -0.0533044 -0.00574104 0.286074 : 0
0.0469944 0.0210633 0.646891 0.0404262 0.200131 -0.0960614 0.265825 0.167257 -0.0714845 : 0
-0.100185 0.654222 0.34712 -0.399554 -0.0330686 0.00315525 0.231596 -0.0201549 -0.282859 : 0.4
-0.188201 -0.0124081 -0.208659 0.143697 -0.449747 0.437909 0.363839 0.00247271 -0.0552855 : 0
0.289169 -0.0723163 -0.0842583 0.198341 0.0812227 -0.0254799 0.122344 0.0336353 0.00578521 : 0
0.0720166 0.0440853 0.377001 -0.076601 0.187254 0.215459 0.301243 -0.315129 0.0432006 : 0.5
0.268465 0.00718264 0.116138 0.11041 0.322667 0.523893 -0.16139 -0.161905 -0.176427 : 0
0.203414 0.0853663 0.1531 0.177906 0.273719 -1 -0.247717 -0.0545124 0.0350868 : 0
-0.221616 0.0559717 -0.18193 -0.325124 0.239299 -0.380307 0.0511232 0.468127 0.0629261 : 0
-0.04301 0.14238 0.186139 -0.0305053 0.362209 -0.0281013 0.0136169 0.18995 -0.0470416 : 0.4
-0.105383 0.0990741 1 -0.225481 -0.0495839 0.0939634 0.230255 0.186389 0.256474 : 0
-0.330406 0.0434228 0.584128 -0.586029 0.163503 0.298319 0.055621 -0.0217823 0.176084 : 0.2
0.134944 -0.0941338 0.563421 0.156454 0.917588 -0.168322 -0.369417 0.0745039 0.0681503 : 0.1
0.69358 0.00290432 0.311321 -0.117893 -0.49684 0.0888939 0.0938067 -0.144623 -0.000156589 : 0
0.205229 0.0235016 -0.0347189 -0.178692 0.175338 -0.0887627 0.33729 0.748345 0.421457 : 0
-0.264718 0.14074 -0.0585421 0.103884 -0.0588544 0.0370361 -0.0257514 -0.296984 -0.553379 : 0
0.321433 -0.0583942 -0.545879 0.172227 -0.128924 -0.0187977 -0.0647576 0.147765 0.0158555 : 0
-0.651467 -0.273444 -0.0248523 0.42197 -0.0122217 0.301563 0.130971 0.108176 -0.979763 : 0
-0.0274799 -0.169503 0.0078835 0.137866 -0.0880369 0.0127034 0.0464606 -0.00148656 0.134959 : 0
0.0446861 0.0259373 0.114164 0.00452136 -0.254691 -0.0225904 -0.0313749 0.0120873 0.729958 : 0.1
-0.0741282 1 -0.181688 0.030325 0.181999 -0.237687 0.0349763 -0.0969955 0.0496585 : 0
0.311464 0.0167927 -0.257395 0.811744 0.552917 0.0631123 0.132587 -0.0802482 0.169319 : 0
0.548515 -0.0256704 0.0870227 0.105699 -0.0433675 0.0703359 0.718161 0.39208 -0.295653 : 0.1
-0.0228754 0.118407 -0.101656 -0.087525 -0.0126109 0.411671 0.135357 -0.115346 8.58974e-05 : 0.6
-0.178042 0.0877795 -0.0860013 0.0572808 0.218276 -0.017829 0.0294774 0.106268 0.311252 : 0
0.345269 0.443573 0.551995 -0.734088 0.0382206 0.0268472 1 0.333808 0.057051 : 0
0.840242 -0.207132 0.0134305 0.0774395 -0.11748 -0.260444 -0.271309 -0.0386112 -0.0153194 : 0
0.0424567 0.0613061 -0.0312791 -0.0149527 0.265377 0.0462616 0.148077 -0.187924 -0.0751704 : 0
0.192852 0.048271 0.000884663 0.939154 0.294492 0.0132638 -0.0667695 -0.00765602 -0.0420324 : 0
0.0192576 0.243861 0.223184 0.872434 -0.0653832 0.253398 0.18298 -0.398697 -0.0301136 : 0.1
-0.155813 1 0.551116 0.0844381 0.171469 -0.917024 0.035221 0.30266 0.49674 : 0.1
0.901624 -0.302906 0.0380216 -0.155541 0.272685 0.268559 -0.203265 -0.0194735 -0.0800095 : 0
0.00345806 0.0861017 0.307282 0.156843 0.240282 -1 0.00872749 0.482732 -0.122866 : 0.4
0.148712 -0.219485 -0.00242282 0.00739034 -0.00250873 -1 0.283361 -0.336953 -0.285751 : 0.1
0.00822047 0.11578 -0.136982 -0.174972 0.143146 -0.261823 -0.0275141 -0.0652025 0.202474 : 0.3
0.182245 -0.239444 0.0673902 -0.0356568 -0.000806853 -0.190678 0.358698 -0.129072 0.619487 : 0.1
-0.0902262 0.0274751 0.393613 0.206948 0.412749 -0.00688058 -0.130399 -0.0201304 0.0064217 : 0.6
0.00786059 0.0980444 0.0744195 0.149615 0.735854 0.522808 -0.013273 -0.335566 0.259836 : 0
0.0210216 0.22614 -0.0021369 0.0547077 0.542851 0.469969 0.0036341 -0.0190963 0.162571 : 0
0.208257 -0.168056 -0.0671372 0.112213 0.374743 1 0.0181764 0.0674925 -0.0443053 : 0.7
-0.058686 -0.142557 0.34319 1 0.179017 1 -0.0423522 0.986181 -0.0617085 : 0
-0.452707 0.610729 -0.1397 -0.263811 0.157444 -0.214287 0.280218 -0.0362363 0.340236 : 0
0.0891803 -0.0682564 0.201296 0.165625 -0.137826 0.959399 -0.15156 0.51533 0.0299039 : 0
-0.00853264 0.0353618 0.168889 0.0977857 0.341215 1 -0.0854109 -0.0250219 0.00636363 : 0
-0.00441954 -0.104289 -0.0494024 -0.830301 -0.0545615 0.0857748 0.0640941 -0.101115 -0.13391 : 0.3
0.0426072 -0.000315515 0.0311284 0.00422594 -0.0153872 -0.0313465 -0.00313821 -0.104424 0.646606 : 0
-0.29455 0.56666 0.865571 -0.768428 0.0438862 0.0252979 0.361622 0.336848 -0.0433778 : 0
0.0156373 0.0850397 0.244484 0.10921 -0.388347 0.179124 -0.0328931 0.00374899 0.323034 : 0
0.0603656 0.0867516 -0.104217 -0.00734176 0.258392 -0.980714 -0.00523181 0.517808 0.103682 : 0
0.334008 0.079218 -0.238175 0.303484 0.256436 -0.00271505 0.377718 0.0887419 0.0411201 : 0
0.253801 0.0345301 0.288577 0.103918 0.392213 0.0382013 -0.0561216 -0.323609 -0.0813328 : 0
0.344313 -0.0122898 -0.0197684 0.208441 -0.10415 -0.45214 0.104776 0.596639 0.263061 : 0
0.438065 -0.0727802 0.229037 -0.250332 -0.0162813 -0.274891 -0.0275207 -0.0112915 0.0365446 : 0
-0.00879526 0.0899131 0.0648967 0.178755 0.169534 0.69723 -0.214764 -0.0136233 -1 : 0
-0.831351 -0.109013 -0.150311 0.413414 0.190848 0.21 -0.0224317 -0.060824 0.0934878 : 0.3
-0.238194 0.403695 0.108754 -0.152853 0.311917 -0.231294 0.0642142 -0.0708556 -0.00315785 : 0
-0.0337512 -0.0166778 -0.215376 0.582589 0.0208285 0.216851 0.139045 0.34533 0.0805423 : 0
0.0315149 0.559874 0.00578472 -0.0125123 0.212831 1 0.00755575 -0.074501 -0.316064 : 0.3
0.0339241 0.168928 -0.12021 -0.0608116 0.0156439 -0.131895 0.0708878 0.240658 0.132343 : 0
-0.121654 -0.273087 -0.215879 0.0804268 0.0428251 -1 0.171617 1 0.073382 : 0.6
0.203789 0.120041 0.288212 -0.125619 -0.0187303 0.28497 0.284417 -0.167183 -0.00210611 : 0
-0.00986525 0.133731 0.300269 -0.115122 0.645787 0.130691 -0.00722088 0.0901375 0.0450274 : 0
-0.0681017 0.330743 -0.298751 -0.356122 0.0163834 0.0463431 -0.0697759 -0.0268054 0.145399 : 0
-0.556129 0.689216 0.643475 0.0552723 0.0940321 0.118715 0.0665874 -0.010428 0.157407 : 0
-0.137821 0.414743 0.0821568 -0.00700004 0.804635 0.206152 -0.126085 0.463714 -0.0534053 : 0.3
-0.10229 0.232393 -0.299988 0.137418 0.110246 -0.42589 -0.0625343 0.0236727 0.317408 : 0.4
-0.0719719 -0.333645 -0.677943 0.0917344 0.199958 0.791593 0.200731 -0.00465641 0.118381 : 0
0.042512 -0.0029934 0.148047 0.192835 0.896291 -0.187569 0.624118 0.000300623 0.0318606 : 0
0.0517441 -0.158532 -0.013995 0.0772966 0.327287 -0.71408 -0.18009 0.582622 0.257391 : 0
0.00342476 -0.0660636 -0.0674137 -0.0395634 0.472406 -0.0813979 -0.0668591 0.0173308 0.612887 : 0
-0.157821 0.0179894 -0.0754136 0.047104 -0.196829 0.0169287 0.00453885 -0.0389208 -0.0247645 : 0
0.09365 0.0601761 0.120854 0.0411756 0.203417 -0.0236501 -0.137983 0.20701 0.165411 : 0
0.175788 -0.00691791 -0.109501 -0.10629 0.172245 -0.0374324 0.348906 -0.127599 0.00319985 : 0.1
0.0185252 0.0347325 0.109468 1 0.0109791 -0.259365 0.270692 -0.0465739 0.139407 : 0
0.17196 0.00293551 -0.159733 0.12713 0.125495 -0.323783 0.0162038 0.491149 -0.102063 : 0.2
0.0055308 0.139335 -0.0037776 0.0394213 -0.0522307 -0.101095 -0.0452547 0.0298952 0.263955 : 0.1
-0.977347 0.0126823 0.162221 0.0267951 0.272551 0.289527 0.0223563 -0.0240681 -0.00402093 : 0
-0.382182 0.894441 0.240016 -0.104057 0.252627 0.0664287 0.117996 0.120285 -0.0895398 : 0
-0.0998266 -0.0494905 -0.129817 -0.0432353 0.00047964 -0.10177 0.0139436 -0.0592992 0.0530696 : 0
0.101962 0.130613 -0.0553661 0.565125 0.086321 0.142594 0.328234 0.606471 0.0771104 : 0.1
-0.301059 -0.0896973 -0.199996 0.115211 0.120893 0.207647 0.664337 -0.0358113 -0.0125527 : 0
-0.0540176 0.667349 -0.378332 -0.144644 0.191536 0.0226797 0.0558304 0.185151 0.25741 : 0
0.123422 -0.0135677 -0.0944001 -0.103881 0.20393 0.0992395 0.0640128 -0.210206 0.291341 : 0
0.000761695 0.183921 0.736725 0.114507 0.225492 0.280499 0.451039 0.077085 0.0157227 : 0.2
-0.0782625 0.385715 -0.102632 0.0617432 0.368086 0.517974 -0.33909 -0.0491714 0.175227 : 0.1
0.0299619 -0.433129 -0.286218 -0.0282082 0.32475 0.110274 -0.00555129 -0.324958 -0.00282694 : 0.1
0.211564 -0.18425 0.0110829 0.0877645 -0.0130233 -0.732076 0.0304531 0.0725904 0.347761 : 0
-0.0980146 0.0557135 0.328134 0.379674 0.0180457 0.152818 0.157135 0.0526769 0.0804675 : 0.5
0.0392829 0.0418777 -0.104787 0.0904068 0.209534 0.343098 0.347177 0.0117603 0.0397736 : 0
-0.0723418 0.318134 0.054514 0.600051 0.124899 0.298415 0.0296959 0.0112052 0.324989 : 0.6
0.0235588 0.673634 0.144904 0.0931216 -0.0556232 0.498875 -0.0544903 -0.130331 0.0670648 : 0
-0.00645403 -0.0194377 0.325358 0.1843 -0.0252638 0.461378 0.128837 0.319184 -0.0042711 : 0.1
0.0544645 -0.00606959 0.244783 0.0238681 -0.0695236 -0.0437241 -0.246908 -0.565348 -0.0638614 : 0
-0.109159 0.237876 0.0335866 -0.572212 -0.02123 -0.0164837 0.0803753 0.0202651 0.00847763 : 0
-0.0242196 0.00102829 -0.0863754 0.0151369 -0.330521 1 0.00945799 0.0422031 -0.00587661 : 0
0.269455 -0.499625 -0.699893 -0.720742 0.0376739 -0.150251 -0.00909053 0.222693 0.129099 : 0.2
0.0104013 0.301663 0.488352 0.0324028 0.33386 -0.0518369 0.130504 0.0486452 0.261223 : 0
-0.103678 0.487753 -0.0765637 -0.734445 0.176787 -0.0357303 0.221279 -0.146719 -0.125539 : 0
-0.0466115 0.0438846 -0.00296616 -0.488425 0.074586 0.586314 0.0358246 0.0837967 0.107862 : 0
-0.063477 0.0244554 -0.220291 -0.111522 0.699728 -0.962863 0.503845 -0.0834374 0.103292 : 0
-0.182683 0.72275 0.022842 0.477725 0.717346 -0.0457805 0.182108 0.096345 0.0414261 : 0
-0.0495554 0.628366 -0.766763 0.0975479 0.154101 0.973671 -0.194292 0.166425 -0.736138 : 0.4
-0.0370675 -0.129959 0.549287 0.215416 0.276739 0.00122045 -0.165351 0.288782 1 : 0.1
0.266895 1 0.0256554 -1 -0.00345831 -0.873391 0.26551 0.789191 0.198484 : 0.3
0.0391414 -0.255856 0.00788684 0.161358 0.00155112 0.189219 -0.11957 0.00651655 0.157112 : 0.3
1 0.21315 -0.232885 -0.00528198 0.0337291 -0.853787 -1 0.114356 0.0581123 : 0
0.0811449 -0.00877438 0.372778 0.439617 -0.0086621 -0.320075 0.01211 0.226468 -0.0478231 : 0
0.183329 -0.0274582 0.325045 -0.170216 0.00640057 0.016522 0.00867585 0.066171 0.0266158 : 0
-0.0222566 0.335059 1 0.062839 0.257413 0.14714 0.0222596 -0.0609944 -0.264318 : 0.4
0.12905 0.211895 0.0453735 -0.230734 -0.267183 0.182113 -0.0149401 -0.0874498 -0.15523 : 0
0.140945 0.00825153 -0.0520443 0.374405 0.171689 0.0136179 0.0162774 0.0249515 0.0558524 : 0.1
-0.116873 0.089393 -0.115761 -0.134445 0.202939 0.168158 -0.0364704 0.359153 0.0507352 : 0.3
0.0211277 0.430628 0.665153 -0.0732197 0.407222 -0.437419 0.253257 -0.0159452 -0.0123589 : 0
-0.220811 -0.14332 -0.134596 -0.213847 -0.250374 0.360131 -0.438731 0.409037 0.353749 : 0.6
0.00079073 0.145102 0.193614 -0.0145857 -0.0398142 -0.187518 0.0809474 -0.00937389 0.236765 : 0
0.0331022 -0.0468968 0.174174 0.904503 -0.0915247 0.505538 0.213324 -0.0187561 0.0317331 : 0
0.0339476 0.0179915 0.0347516 0.171476 0.411941 -0.954053 -0.050275 -0.0254539 0.502136 : 0
-0.566307 -0.0337825 -0.345469 -0.248807 0.00829069 -0.310101 0.0860407 1 -0.0434381 : 0.6
0.0539627 -0.388616 0.0277877 -0.22105 0.311576 0.136605 0.189126 0.00986328 0.150077 : 0
0.221447 0.078252 -0.471491 -0.154887 0.242271 1 0.477506 -0.119925 -0.0067091 : 0
-0.00116843 0.0478498 -0.0261407 0.338686 -0.0426411 0.228436 -0.291954 -0.0103257 -0.0294167 : 0
-0.577091 1 -0.159709 -0.556454 -0.0351007 0.231296 -0.154774 -0.0801292 0.203025 : 0
0.0966011 0.0687562 0.510457 -0.0221305 0.0993986 -0.0574878 0.42196 0.115391 -0.10131 : 0
0.0379656 0.156457 0.211689 -0.190377 -0.00645382 -0.151487 0.0191416 -0.196033 -0.322426 : 0.5
-0.186794 0.0884597 1 0.697954 0.817494 0.322097 -0.0051521 -0.022388 0.278303 : 0.1
0.471512 -0.262754 0.259662 0.210322 -0.412746 -0.260507 0.111473 -0.027533 -0.0348542 : 0
0.229903 -0.138129 0.00678133 -0.147855 0.0261786 0.00595821 -0.0166028 -0.0513235 -0.292957 : 0.4
-0.00713791 0.115134 -0.428917 0.198651 0.374659 0.145745 0.523292 0.111738 0.0248445 : 0.4
-0.0255843 0.494388 0.780735 -0.250623 -0.148155 -0.00280564 0.160406 -0.0580996 0.116384 : 0
0.0671089 0.134011 0.212655 -0.17337 0.439409 -0.850362 0.847371 0.0162261 0.719161 : 0.1
0.0924009 -0.0813848 -0.0300086 0.120113 0.159062 -0.129802 0.0881884 0.0208739 -0.296054 : 0
-0.373289 -0.325627 0.054926 0.0814654 0.364311 -0.0817968 -0.146299 0.606715 1 : 0
0.299768 -0.0717309 0.0331071 -0.535348 0.0233144 0.113523 0.170523 -0.0516417 -0.385437 : 0
1 -0.175408 0.124968 0.0162872 0.648081 -0.118922 0.0993919 0.410145 0.296928 : 0
-0.00408882 0.494526 0.0462825 0.297552 -0.330775 -0.187965 -0.0198121 -0.0208359 -0.0800464 : 0.1
-0.0710423 -0.00760153 -0.139283 0.40912 0.0500796 -0.292986 0.125472 0.494841 -0.0678523 : 0.1
-0.15016 0.231435 0.327927 0.0101915 0.192322 0.0198256 0.000987295 0.0261891 -0.078639 : 0.1
-0.681385 0.0899891 0.315627 -0.294681 0.0282444 -0.0951253 -0.169294 0.294933 0.0524478 : 0.2
0.0781963 0.0578697 -0.175497 0.028699 0.0534407 -0.15516 0.0578841 0.028761 -0.461041 : 0.1
0.660577 0.245737 0.307811 -0.270439 -0.0988005 -0.4895 0.0750447 0.237331 0.505403 : 0
0.193623 1 0.0901483 0.0699676 0.101355 0.117992 0.517092 0.0109043 0.616539 : 0.4
-0.0612681 -0.105389 0.0306533 0.423328 0.0488218 -0.461155 -0.0357585 -0.0409652 0.398056 : 0.2
-0.214701 -0.191032 0.0573206 0.000649758 0.44967 -0.474088 0.244433 0.359515 -0.178825 : 0.1
-0.0595642 0.136287 0.852812 -0.62927 0.0753726 0.0976888 -0.0290422 -0.404166 0.0677009 : 0
0.0551725 0.0600989 0.0140262 -0.194123 0.57227 -0.034985 0.164678 -0.110933 0.616999 : 0.1
0.310003 -0.0623942 -0.0801486 -0.672393 -0.0450895 0.304669 0.889776 0.288168 0.411086 : 0
-0.0401699 0.127207 0.0466405 0.0169143 0.427323 -0.15294 0.0918646 0.568517 0.0733586 : 0.4
-0.331368 -0.412003 0.240512 -0.416014 0.561898 0.136759 0.0681695 -0.0235256 0.0320455 : 0.1
-0.0832968 -0.199457 0.190967 -0.0459818 0.0203356 -0.199798 -0.0501453 -0.0768887 0.202065 : 0.1
-0.106333 -0.100897 0.652542 -0.295069 0.0915677 -0.312619 0.0676965 0.0108321 0.0267713 : 0
0.0895529 0.0168362 -0.00821363 0.0649165 -0.0317162 0.143358 -0.0358296 0.0441237 -1 : 0
-0.287021 0.392736 -0.118946 -0.556231 0.115008 -0.0854269 0.386273 0.0106898 -0.248155 : 0
0.0956249 0.0433932 -0.00723562 0.0750381 0.129027 0.280196 0.050708 0.244361 0.28069 : 0.2
0.0394113 -0.00532416 -0.0905903 0.176414 0.638676 0.0857279 -0.152363 0.0834176 0.122949 : 0.2
-0.102547 -0.0124099 -0.139915 -0.00130024 0.205548 0.116811 0.49912 0.103598 -0.0366015 : 0.5
-0.334261 0.0303544 -0.0453897 0.266056 0.185124 0.155988 0.0636709 0.0496944 0.0417254 : 0.5
0.0113949 0.1453 0.0110912 0.0814078 -0.0213531 -0.139353 -0.0257282 0.0160008 0.0800212 : 0
0.00851634 0.383401 0.336996 0.377318 0.707859 -0.0645396 -0.00439432 0.00287977 -0.0590712 : 0
-0.00594439 0.0591345 1 0.00163783 0.264777 0.0483935 0.381992 0.122194 0.0228298 : 0
-0.325084 0.919254 0.117683 0.0648957 0.137854 0.113899 0.382324 -0.0136236 0.27399 : 0.5
-0.550839 0.0895997 0.452646 -0.391019 0.0101139 0.177303 0.00297518 -0.0983047 0.0525504 : 0
0.0607459 -0.0540545 0.0389165 -0.0447812 0.193092 -0.124069 0.15217 0.00734209 0.500533 : 0
0.109833 -0.0989363 0.297005 0.110652 0.51378 0.500698 0.327266 -0.416934 -0.0807628 : 0
0.116237 -0.0814397 -0.0137537 -0.924649 0.042637 0.015413 0.197752 -0.193046 -0.924365 : 0.1
-0.183907 0.251999 -0.347382 0.0649414 0.469637 0.342049 -0.0307318 -0.269497 -0.00135268 : 0
