0.356325 -0.0446936 0.729248 0.432721 0.885379 0.889695 1 0.289638 0.192123 : 0.1
1 0.124744 0.830041 0.334281 0.571835 0.20057 1 0.495646 0.204599 : 0.3
0.51722 0.579246 0.594021 0.0526472 0.585344 0.728883 0.568074 0.736785 0.0570014 : 0.2
-0.407405 0.14444 -0.00577956 0.624509 0.0450644 0.48035 0.474274 0.762611 0.306034 : 0.2
0.563266 0.597388 0.0605111 0.260067 0.581041 0.689513 0.410195 0.232114 0.331719 : 0.6
0.763333 0.340651 1 0.493112 -0.787483 1 1 0.430861 0.148322 : 0.5
0.524568 0.122534 0.25173 0.460343 0.442694 0.892624 0.937505 0.601453 -0.0408011 : 0
0.471612 0.56337 -0.188526 0.434852 0.430321 0.790563 0.176561 0.450837 0.852064 : 0
0.121476 0.242936 0.297945 1 0.595135 0.712543 0.84162 0.542108 0.291155 : 0.1
0.835857 0.41307 0.316174 0.086144 0.153438 0.581877 0.250378 0.465827 0.809348 : 0.3
0.727199 0.305693 0.308046 0.498713 0.459464 0.843259 0.583309 0.32102 0.464097 : 0.9
0.728958 0.562862 0.4889 0.39623 0.554141 0.835489 -0.0111561 1 0.0831658 : 0
0.608995 0.200402 0.698771 0.778078 0.176636 -0.15358 0.0630059 0.193915 0.589583 : 0.3
0.32856 0.66681 0.56518 0.0891656 0.464898 0.357174 0.31715 0.289544 0.162644 : 0.1
0.55348 0.676898 0.749352 0.943239 0.802345 0.955888 0.167577 0.15905 0.413029 : 0.1
0.259881 0.657036 0.59261 0.197289 0.363938 0.485132 0.0750384 0.2483 0.380263 : 0.4
0.629267 0.510576 0.138652 1 0.277673 0.104762 0.883179 0.357145 0.793776 : 0
0.763521 0.560163 0.492227 0.195768 0.200989 0.725836 0.910604 0.165027 0.872945 : 0.4
0.496665 0.536115 0.582491 0.0533111 0.47525 0.572578 0.371909 0.217295 0.596173 : 0.1
0.184212 0.448447 0.286778 0.488943 0.588675 0.41251 0.700284 0.446384 0.519886 : 0
0.88813 0.504593 0.46134 0.149005 0.0904679 0.286782 0.0996256 1 -0.00788569 : 0.1
0.0297483 0.471567 0.558708 0.247466 0.192125 0.0471587 0.624092 0.162041 0.295425 : 0
0.0106303 0.0471077 0.351028 0.372817 0.842422 0.0272874 0.178129 0.291827 0.136046 : 0.2
1 0.502699 0.439167 0.150103 0.367716 1 -0.220651 0.817216 -0.00272065 : 0
0.2227 0.532062 0.238486 0.163341 0.0685832 -0.0738324 0.296698 0.159745 0.502269 : 0.1
0.967314 0.151483 0.158924 0.132182 0.654992 -0.304605 1 0.182637 0.636974 : 0.2
-0.062356 0.388549 0.291805 0.104556 0.117556 1 0.0756448 0.422047 0.283645 : 0.4
0.647672 0.87375 0.307147 0.942227 -0.139132 0.579585 1 0.484332 0.597329 : 0
-0.0891766 0.123813 0.43001 0.738978 0.238767 0.821385 0.400494 0.959936 0.27497 : 0.1
-0.129824 0.65226 0.189042 0.292764 0.279265 0.598319 0.446112 0.718491 0.535018 : 0.1
0.284841 0.89631 0.472271 0.484624 0.701048 0.75114 0.342237 0.317406 0.0358328 : 0
0.514029 0.489356 0.242527 0.793121 0.914272 0.543895 0.167088 0.867933 0.213504 : 0.3
-0.0292241 0.139507 1 0.514417 -0.371843 1 0.570981 0.604652 0.657509 : 0
0.700409 1 0.896983 0.772055 0.790658 0.350702 0.372244 0.592416 0.371038 : 0
0.80785 0.247834 0.316612 0.348868 0.511422 0.14445 1 0.554962 0.477018 : 0
-0.105924 0.597871 0.0917876 0.251814 0.807234 0.608945 0.125734 0.463435 0.826065 : 0.2
0.382402 0.226052 -0.0621802 0.787501 1 0.449628 0.12064 0.479049 0.935463 : 0.1
0.340344 0.338435 0.564917 1 0.818483 0.412253 0.703888 0.6451 -0.110626 : 0
0.478469 0.233891 0.630484 0.466616 0.592903 0.734924 0.829834 0.448246 0.444007 : 0
0.591511 0.607234 -0.0519098 0.162688 0.848736 0.43683 0.753226 0.809759 0.924987 : 0.2
1 0.308812 -0.000997871 0.792956 0.327599 0.718811 0.493958 0.652826 1 : 0
0.719437 0.725746 0.649005 0.952429 0.288637 0.873782 0.429597 0.462339 0.269288 : 0
0.161034 0.770804 0.320774 0.088283 1 1 0.319429 0.561572 0.0320286 : 0.3
0.527655 0.527728 0.953065 0.301381 0.216743 0.519021 1 0.768971 1 : 0
0.591395 1 0.0496047 0.280073 0.222662 0.0293813 0.649925 0.00386041 0.0602731 : 0
0.255632 0.749095 0.974743 0.0545283 0.311615 0.571512 0.347382 0.939727 0.357502 : 0.3
0.321966 0.61347 0.782926 0.770318 0.163274 0.223019 0.0666803 0.804282 0.193982 : 0.2
0.529128 0.24365 0.841981 0.147266 0.812594 0.293976 0.299802 0.611752 0.120644 : 0
-0.154315 0.725464 0.8569 0.55708 0.947975 0.65085 0.23956 0.010141 -0.0308182 : 0
0.719218 0.651813 0.297058 0.895523 0.628127 0.179756 -0.0732414 0.360214 0.440137 : 0
-0.0606741 0.24941 0.724931 0.523434 0.825084 0.0774673 0.487258 0.765566 0.662139 : 0.3
-0.129732 0.0866104 0.631489 0.0430575 -0.0772093 0.9429 0.7112 0.609991 0.274277 : 0.1
0.432734 0.107609 -0.366258 0.61004 1 0.112537 -0.0820708 0.937973 0.574391 : 0.4
0.172633 0.729718 0.772722 0.676494 1 0.384803 0.718181 0.289794 0.470265 : 0
0.89779 0.419919 0.967147 0.230849 0.611478 0.270776 -0.237863 0.15874 -0.0181866 : 0.1
0.321483 0.479829 0.1217 0.561899 0.207305 0.0823308 0.722489 0.752179 0.750764 : 0.3
0.421907 0.097395 -0.00860802 -0.174704 -0.197736 0.787106 0.333088 0.438199 0.813346 : 0
0.223735 0.240067 0.829989 0.647821 0.555786 0.295183 0.644081 0.295188 0.576266 : 0
0.172097 -0.0703031 0.847333 0.447804 0.232537 0.654244 1 0.101995 -0.157909 : 0
0.530668 0.0549744 0.363743 0.604317 0.742312 1 0.066621 0.557818 0.306798 : 0.1
0.224588 0.262842 0.218371 0.439854 0.140041 0.743403 0.253871 0.392062 0.348879 : 0
0.412993 0.576627 0.249622 0.451994 0.406754 0.576606 0.508224 0.813671 0.525742 : 0
0.782151 0.341678 0.190371 0.00839024 0.670486 0.695403 0.293258 1 0.365218 : 0
0.551269 0.165483 0.679858 0.758323 0.727749 -0.334565 0.999089 0.220553 0.090006 : 0.1
1 0.573431 0.584018 0.277259 0.829403 0.412717 0.835435 1 0.886865 : 0.2
0.240926 0.884855 0.662914 0.458061 0.720889 0.394529 0.532213 0.306827 1 : 0
0.406517 0.882442 0.216512 -0.0978999 0.362311 0.222552 0.588272 1 0.264239 : 0.1
0.716404 0.686148 0.377567 0.864609 0.302111 0.685614 0.607693 0.339832 0.46586 : 0
0.423338 1 0.384578 0.220621 0.725568 0.00744922 0.387895 1 0.66318 : 0.2
0.366116 0.701477 0.206396 0.303435 0.128858 0.333268 -0.0938518 0.221886 -0.603657 : 0.4
0.383948 0.564407 0.8302 0.482052 -0.435907 0.669728 0.110917 0.159298 0.469426 : 0
0.45821 0.217497 0.977716 0.103685 0.61892 -0.146887 0.152506 0.26851 0.454719 : 0.4
0.689839 0.261861 -0.252149 0.613691 0.0454884 0.453959 0.324157 0.756964 0.0639793 : 0.1
0.729137 0.589417 0.671277 0.319435 0.168135 0.666946 0.313067 0.784201 0.871705 : 0
0.47873 0.953549 0.375172 0.646877 0.227027 0.086223 0.625641 0.745303 0.824979 : 0
0.251602 0.618109 0.183408 0.599566 0.86269 0.0240549 0.321004 0.0705354 0.187818 : 0.2
0.0792622 0.399785 0.467399 0.350383 0.644703 0.558365 0.628146 0.631608 0.0978447 : 0
0.914682 0.777424 0.341515 0.190258 -0.328198 0.419697 0.767986 0.651234 0.581654 : 0.1
0.125676 0.28804 0.62789 0.189456 0.209634 0.228399 0.00999181 0.530679 0.199622 : 0.1
0.0208983 0.248959 0.717849 0.552587 0.799812 0.981834 0.443048 0.665361 0.0504903 : 0
0.481687 0.605906 0.475949 -0.33016 0.535456 0.384084 0.606989 0.500617 0.491617 : 0
0.527379 0.169198 0.686759 0.45895 -0.310839 0.981029 0.486933 0.706367 0.615856 : 0.3
0.726959 -0.0612227 0.461427 0.446979 0.33399 0.293373 0.964994 0.48979 0.677381 : 0
0.715117 0.0964582 -0.223422 0.929127 0.258209 0.728333 0.704112 0.257888 1 : 0
0.0236225 0.447444 -0.185762 0.36875 0.448646 1 0.998629 0.1911 0.442553 : 0.1
0.62763 0.523613 0.211482 0.518118 0.684438 0.163251 1 0.78084 0.861816 : 0.5
0.70737 1 0.915656 0.599868 -0.11563 0.747751 0.352316 0.755218 0.0450482 : 0
0.491924 0.25348 0.117448 0.0599874 0.661991 0.732239 0.383944 0.908967 0.211643 : 0.1
0.205553 1 0.817418 0.422122 0.245546 0.336629 0.141838 0.821177 1 : 0.3
0.363222 0.698944 0.523975 0.15696 -0.112596 0.0902064 1 0.680474 0.272537 : 0.1
0.972105 0.210012 0.17329 0.616682 0.607374 0.245392 0.130834 0.672624 0.368387 : 0
0.736997 0.305351 0.423599 0.534289 0.711889 0.715987 0.0481831 0.853966 0.064345 : 0.1
-0.331019 0.314688 0.54467 0.379075 0.632112 0.724085 0.564143 0.360352 -0.183531 : 0.1
0.542254 0.398009 0.973022 0.110594 0.549299 0.0716579 0.037382 0.521695 0.0337559 : 0.4
0.158264 0.274692 0.888136 -0.0983613 0.511917 0.741429 0.0597974 0.52745 0.971321 : 0
0.975956 0.66225 0.254847 0.993435 0.61815 0.232405 0.405644 0.872616 0.309282 : 0.6
-0.467531 1 1 0.135945 0.400608 0.939792 0.326214 0.675595 0.401302 : 0.1
0.504817 0.335731 0.698695 0.520266 0.748382 0.175498 1 0.856089 0.719935 : 0
0.580912 0.0888705 0.23599 0.296469 0.876757 0.502511 1 0.726482 0.0241234 : 0
0.2022 0.566289 0.302896 0.532842 0.645203 0.329102 -0.0974331 0.307572 0.190476 : 0.5
0.170843 -0.0297987 0.748789 0.0972522 0.807431 0.458357 0.309608 0.532484 0.265022 : 0
0.370008 0.106314 -0.456553 0.297133 0.288589 0.620739 0.124477 0.538158 0.701746 : 0.3
1 0.111789 -0.113338 0.609735 0.518641 0.458951 0.512853 0.849365 -0.285406 : 0.2
1 0.575884 0.175 0.386877 0.562294 0.0775669 0.814935 0.391419 0.963848 : 0.4
0.41854 0.404922 0.331333 -0.0216882 0.865968 0.175188 0.781232 0.0604815 0.193472 : 0
0.107766 0.872762 0.283794 0.342263 0.529181 0.359111 0.331436 0.434323 0.435815 : 0.3
0.222079 0.17573 0.190349 0.343583 0.451361 0.41117 0.195426 0.862472 0.457282 : 0.4
-0.101185 0.267101 0.0537323 0.141587 0.620158 0.878625 0.854978 0.879203 0.286625 : 0.1
0.66208 0.151924 -0.0309192 1 0.682446 -0.173654 1 0.388699 0.344956 : 0.1
0.34998 0.857523 0.667308 0.168614 0.784203 1 0.427445 0.35218 -0.0419921 : 0
0.457454 0.640941 0.733704 0.792482 0.838071 0.605345 0.615386 0.741406 0.994227 : 0.4
1 0.215315 0.361475 0.28251 0.495931 0.978092 0.35262 0.996862 0.234996 : 0
0.795053 -0.0150185 0.395211 0.5732 -0.147468 0.579022 0.307286 0.542226 0.60296 : 0
0.554807 0.121624 0.798217 0.28802 0.579989 0.803923 -0.13017 1 0.538274 : 0.5
1 0.423217 0.788931 1 0.350519 0.27898 0.416492 0.683786 0.651802 : 0
0.0845103 0.0593306 -0.0368995 0.753998 1 0.204974 0.0722942 0.304075 1 : 0.3
0.214203 0.286958 0.130553 0.565601 0.0892296 0.237426 0.526323 0.0846078 0.677536 : 0.2
0.00293345 -0.236059 0.143738 0.90862 0.42161 0.560266 0.670896 0.400747 0.271344 : 0.1
0.301263 0.854761 0.189517 1 -0.042872 1 0.65412 0.390148 0.107245 : 0.3
-0.0133549 0.596483 0.522461 0.40018 -0.144884 0.836677 0.664357 -0.0354547 0.399682 : 0
0.288851 0.0343992 0.374488 0.598174 1 0.906346 0.505967 0.423885 0.803624 : 0.2
0.335528 0.293178 0.317664 0.548632 0.743631 1 0.558443 0.502626 0.48055 : 0
0.260099 0.185877 1 0.0671519 0.624474 0.51677 0.896207 0.268664 -0.128125 : 0.3
0.437556 0.704055 1 0.0697801 0.722037 0.67543 1 -0.0855246 -0.101251 : 0.5
0.180069 0.0670123 0.385823 0.618292 0.141572 0.228599 0.723316 0.861954 0.105628 : 0
0.379809 1 0.791815 0.276757 0.263661 -0.394477 0.438751 0.640458 0.212971 : 0
0.157324 1 0.860996 0.334856 0.362221 0.597594 1 0.499143 1 : 0.4
0.60426 0.340074 0.879848 0.325325 0.0837799 -0.433811 0.36779 0.351952 0.90564 : 0.3
-0.0101497 0.358519 0.548431 0.317277 0.00606456 0.81469 0.501334 0.241911 1 : 0.5
0.178236 1 0.985314 0.451623 0.677788 0.556809 0.77725 0.580304 0.865045 : 0
0.892631 0.0827723 0.0621029 0.602093 0.286152 0.727258 0.304286 0.394609 0.778201 : 0.4
0.874869 0.35958 -0.106403 0.337271 -0.142151 0.547143 0.338 0.13997 0.729905 : 0.4
0.18468 0.709293 0.601211 -0.171698 0.331596 0.859688 0.641035 0.862392 0.128778 : 0
0.00587991 0.259899 0.597402 0.279896 0.210449 0.0186343 1 0.219703 0.839845 : 0
0.301191 0.966708 0.625705 0.515517 0.941218 0.261986 -0.21208 0.13914 0.570455 : 0.5
0.027012 0.642107 0.664451 0.454524 0.21145 0.247782 0.285167 0.47968 0.538443 : 0.1
0.0224765 0.56936 0.791671 -0.0268527 0.137322 0.547864 0.118412 0.840316 0.746755 : 0
0.498292 0.690845 0.562918 -0.220817 0.766888 0.754633 1 0.569149 0.114287 : 0
0.16499 0.10712 0.742715 0.389481 0.388171 0.348395 0.988886 0.536227 0.121798 : 0
0.12871 0.495095 0.843848 0.673866 0.127755 1 0.459944 0.396117 0.180329 : 0.3
0.135537 0.0915751 0.749182 0.14588 -0.0364166 0.569197 0.538662 0.895311 0.0745113 : 0
0.380104 0.830045 0.554219 0.28453 0.691621 0.581477 0.528334 0.5146 0.148655 : 0.3
0.951792 0.175093 -0.18256 -0.0115059 -0.237525 0.547701 0.420199 0.26931 0.416792 : 0.3
1 0.435204 0.624366 0.244993 0.468888 0.472623 -0.0126547 0.381403 0.326369 : 0.2
0.547068 0.562982 0.404478 0.289497 0.201351 -0.159566 0.233677 0.303859 0.449822 : 0
0.499865 0.563308 0.593753 -0.0512863 0.953042 0.817249 0.464553 0.725716 0.578698 : 0.5
0.0852793 0.746089 0.447272 0.271477 0.167511 0.350308 0.276096 0.0350278 0.619834 : 0.1
1 0.140998 0.646558 0.18944 0.716505 0.440019 0.0167246 0.614123 1 : 0
0.427016 0.791258 0.407951 0.0812568 0.606524 0.22139 0.376512 0.108594 0.191092 : 0.4
0.289576 1 0.543824 0.0266706 0.206917 0.749484 1 0.590737 0.350184 : 0.6
0.719042 0.57442 0.230808 1 0.256058 0.361811 0.286822 0.988158 0.305007 : 0
0.434389 0.466365 0.73569 0.865167 0.754216 0.856518 0.969028 1 0.174848 : 0
0.972577 0.721965 0.735847 0.150732 0.297949 1 0.516689 0.576739 -0.11947 : 0.3
0.721678 0.298915 0.460723 0.487518 0.0794716 0.354365 0.412377 0.635418 0.111757 : 0
0.0163831 0.957203 0.182127 0.179635 0.381511 0.337707 1 1 0.0919468 : 0
-0.248395 0.0534048 0.792378 0.690775 0.198261 0.500578 -0.0189962 0.598289 -0.00315801 : 0.1
0.4843 0.304574 0.23 -0.0810249 0.19224 0.557943 -0.00174154 0.307578 0.523689 : 0.1
0.653148 0.286502 1 0.346627 0.798886 0.185257 0.949787 0.785229 0.962812 : 0.3
0.215146 0.484926 0.854669 0.357715 0.934342 0.196988 -0.0975446 0.0529534 0.663518 : 0
0.284569 0.742759 -0.0974702 0.304643 0.298316 0.125438 0.150367 0.348932 0.107707 : 0.1
0.226942 -0.206196 0.476288 0.214358 0.229889 0.943796 0.457022 0.305622 -0.14957 : 0.4
-0.131622 0.123362 0.351586 0.583798 1 0.627764 0.273701 0.499107 0.496831 : 0
0.749346 0.234566 0.578026 0.0427478 0.678902 -0.0622021 0.0614142 0.87906 0.220877 : 0.5
0.478921 -0.11031 0.681946 0.111445 0.306486 0.937427 1 0.213216 0.198769 : 0
0.600365 0.0795998 0.12986 0.441392 0.941252 1 -0.0754267 0.646603 0.060605 : 0.3
0.613002 0.917019 0.940818 0.447983 0.585647 0.508312 1 1 0.247132 : 0.4
0.304551 0.124758 -0.0450655 0.47792 0.538664 0.33869 0.388538 0.80888 0.668439 : 0.6
0.569778 0.350838 0.0246355 0.4989 0.551826 0.422953 0.993742 0.704968 0.269977 : 0.2
0.175252 0.111072 0.420871 0.253286 0.42847 1 0.239948 0.355724 0.921934 : 0
0.680401 0.424971 0.939213 0.432299 0.323796 0.841812 0.992883 0.126847 0.123862 : 0.1
0.379627 0.376759 0.316438 0.475161 0.557096 0.620942 0.328986 0.80452 0.33036 : 0
0.611217 0.125335 0.124732 0.189699 1 -0.067734 0.372112 0.62713 0.522528 : 0
0.713993 0.44422 0.310927 0.759091 0.744096 0.716168 -0.162478 0.467274 0.552627 : 0.3
1 0.442775 0.438167 0.801473 0.593763 -0.0553852 0.111733 -0.809993 0.000469342 : 0.4
0.433788 0.166948 0.692562 0.805569 0.786229 0.74801 -0.234519 0.117081 0.602696 : 0.2
0.396666 0.576715 0.334614 0.95185 0.407358 0.238239 0.728343 0.0863292 1 : 0.2
0.585303 -0.0075129 0.779099 0.546451 0.549977 0.0816433 0.372892 0.97841 0.909046 : 0.1
0.193164 0.121213 0.910325 -0.175983 0.333727 0.67561 1 0.611724 0.511611 : 0.1
0.047258 0.238968 0.712221 0.302755 0.425222 0.786477 0.84909 0.0049389 0.770191 : 0.4
0.210715 0.183618 0.612279 0.0754502 0.415187 -0.531671 -0.0748491 0.867956 0.118658 : 0
0.620633 0.436097 0.446606 0.48203 1 0.72776 0.889345 -0.264047 1 : 0.2
0.982974 0.186552 0.0872144 0.433664 0.622521 0.665763 1 0.262605 0.822574 : 0.5
0.796485 0.500025 0.551483 0.210585 0.791527 0.273397 0.71894 0.753914 0.78855 : 0
0.549153 0.261675 0.491443 0.29957 0.287914 0.692745 1 0.58091 0.344492 : 0.2
0.134068 0.555545 1 0.380866 0.783217 0.51082 0.199697 0.268973 0.892892 : 0.5
0.00161012 0.181087 1 0.386621 0.69988 0.985706 -0.00692466 1 0.329629 : 0
0.618737 0.397261 0.803829 0.17675 0.394472 0.649249 0.575202 0.0145329 0.203182 : 0.4
0.396438 0.700378 -0.276894 -0.0407374 0.25804 0.159688 0.618861 0.264424 0.200432 : 0.1
-0.00335548 0.18869 0.0205516 0.366045 0.729384 0.630338 0.285853 0.405622 0.467317 : 0.3
0.448342 0.204078 0.413085 0.443032 0.461295 0.377345 0.375496 0.643748 0.212379 : 0.3
0.514839 0.0936889 0.0806794 0.12173 0.144638 0.00317081 0.0942585 0.184183 0.261698 : 0.5
0.803554 0.914286 0.872331 0.457357 0.388229 0.0814806 1 0.494516 1 : 0.3
1 -0.13742 0.347274 0.156949 0.509308 0.235261 0.2056 0.586438 0.58915 : 0.1
0.11771 0.625533 0.334137 0.509663 0.792109 0.501422 0.845564 -0.179837 0.478783 : 0
0.593662 0.303393 -0.0703707 0.837239 -0.082334 0.475703 0.328744 0.503438 0.414141 : 0
0.513901 0.157141 0.679439 0.218305 0.153087 0.179903 0.0932709 0.202466 0.48257 : 0.4
0.182964 0.719374 0.883191 0.701325 0.309747 1 0.336365 0.602251 0.0386272 : 0
0.664697 0.618769 0.747698 0.61082 0.839122 0.512764 0.256209 0.933841 0.150167 : 0
0.694605 0.115821 1 -0.127851 0.154802 0.13963 0.351337 0.987952 0.159494 : 0.1
0.604756 0.240931 0.302331 0.220067 0.44194 0.566259 1 0.939809 0.107262 : 0.7
0.505172 0.0548691 0.188981 -0.0762939 0.473956 0.62119 0.548252 -0.121148 0.0355726 : 0.4
0.995229 0.744483 0.22222 0.722987 0.290775 0.990723 0.458661 -0.0777614 0.149729 : 0
0.0496262 0.596806 0.288038 0.918653 0.345795 0.941285 0.375713 0.180851 0.554607 : 0
0.633317 0.58479 0.576952 -0.020247 0.275394 0.189527 -0.00664654 0.792777 0.301269 : 0
0.458634 0.119026 0.787381 0.804185 0.394679 0.0110961 0.398188 0.709523 -0.705529 : 0.2
0.0609847 0.662221 0.395897 0.104126 0.369324 1 0.629951 0.312165 0.501864 : 0.4
0.45004 0.231739 0.60494 0.0895403 0.461308 0.630128 0.708222 -0.183005 0.122539 : 0.1
0.225226 0.352541 0.0711601 -0.12956 0.622466 0.572373 0.428981 0.570123 0.0494654 : 0.1
1 0.540055 0.407876 0.999558 0.415042 0.671863 0.241333 0.305667 1 : 0.7
0.153659 0.263713 0.3397 0.458694 0.61515 1 0.296066 1 0.217789 : 0.4
0.154155 0.441211 0.0497338 0.448604 0.625332 0.609004 0.574381 0.708948 0.533897 : 0.1
0.740272 0.510171 0.0147637 0.757645 0.00486469 0.362715 0.498336 0.182283 0.749247 : 0.3
0.429092 0.518635 0.359501 0.134132 0.91049 0.712765 0.799999 0.727831 0.594604 : 0.1
0.571211 0.540927 0.932161 0.930258 0.481225 0.211471 0.246999 0.0706126 0.541747 : 0
0.340959 0.761702 0.725041 0.441791 0.272805 0.167987 0.461249 0.785773 0.248611 : 0.1
0.13021 0.160649 0.184033 0.920194 0.251856 0.886985 0.475276 0.548984 0.483204 : 0.1
0.433266 0.42029 0.684007 0.454569 -0.156177 0.453237 0.55305 0.840427 0.225564 : 0
0.284488 0.123454 1 0.587892 0.564253 0.708214 0.546237 0.650386 0.50554 : 0.4
0.36469 0.427405 0.438036 0.429369 0.643041 0.163061 0.355643 0.430115 0.586263 : 0.1
0.185423 0.603012 0.913065 0.457453 0.772496 0.755187 0.772083 0.999068 1 : 0.1
1 0.61806 0.360347 0.420581 0.0732517 0.475413 0.565904 0.271549 0.266355 : 0.1
0.181086 0.513078 0.870504 0.370392 0.665566 0.85405 0.406561 0.85606 0.248233 : 0.4
0.566129 0.291516 0.183103 0.466261 0.915717 0.925481 0.367992 0.409735 0.388565 : 0
0.314144 0.817309 0.733415 0.813801 0.306557 1 0.848945 0.635772 0.947061 : 0
0.490524 0.704064 0.107586 0.0364813 0.0959129 0.65621 0.372295 0.65182 0.938179 : 0.5
0.163573 0.63126 0.193149 0.085023 0.155103 0.227483 0.480453 0.126313 0.931999 : 0.1
0.453122 0.182292 1 0.401585 0.664112 -0.51844 0.333377 0.404164 0.591456 : 0.4
0.16624 0.0367069 0.37478 0.184495 0.453025 0.618813 0.658701 0.15639 0.966592 : 0.4
0.608816 0.133328 1 -0.0152344 0.263321 0.156817 0.314944 0.773241 -0.389269 : 0.2
0.111422 0.714638 0.711943 0.231501 0.319864 0.0767127 0.542571 1 0.702991 : 0.2
0.0647754 0.0148827 0.996757 0.215101 0.178893 0.303146 0.130785 0.814629 0.351249 : 0.1
0.302672 0.798289 0.505493 0.653047 0.398711 0.888483 0.775506 0.604884 1 : 0.3
0.50506 0.803629 0.0878931 0.0993633 0.785253 0.590072 0.806114 0.0666023 0.442758 : 0.4
0.752445 0.137128 0.066566 0.65562 0.752836 0.4058 -0.0230107 0.282803 0.773948 : 0
0.812711 0.602733 0.215932 0.792836 0.353242 0.668621 0.602494 0.839669 0.838168 : 0.6
-0.0321677 0.30385 1 0.429539 -0.00431766 0.34814 0.361071 0.0489745 -0.190256 : 0.1
0.451566 0.0645795 0.739656 0.717201 0.227436 -0.366791 0.0967848 0.53719 0.608052 : 0.2
0.644003 0.109797 0.310547 0.265162 0.174951 0.741618 1 0.263586 0.328213 : 0.5
0.582607 0.609893 0.340825 0.906084 0.234323 0.20913 0.0975591 0.489379 0.733768 : 0.1
0.490507 0.431922 0.122945 0.157586 0.39537 0.488645 0.308363 0.502871 0.32183 : 0.1
0.520347 0.361815 0.523929 0.544013 0.303174 0.925892 0.137362 0.201176 0.150648 : 0
0.483307 0.489989 0.253153 0.541026 0.960256 0.552918 0.273205 1 0.321746 : 0.1
0.591341 0.85161 -0.0581986 0.317518 0.495986 0.603574 0.0658524 0.365861 0.936058 : 0
0.119421 0.222148 0.628423 0.113469 0.410363 0.787837 0.450577 0.737677 0.438092 : 0
-0.160033 0.642063 0.19709 0.379831 0.445988 0.91841 0.813601 0.209856 0.863039 : 0
0.545418 0.65006 0.0177032 -0.0184915 0.713568 0.357218 1 -0.11867 0.675739 : 0
-0.243587 0.0721758 0.296753 0.714245 0.459114 0.552122 -0.0382178 0.32824 0.323983 : 0
0.301672 0.991831 0.0529208 0.216651 0.416211 0.98988 -0.266662 0.571889 0.863365 : 0
0.434681 0.633321 0.282377 0.866291 0.495679 0.891445 0.0551328 0.777389 0.965172 : 0.2
0.915612 1 0.758817 0.243986 0.405409 -0.0897294 0.519696 0.144782 0.504986 : 0
0.520485 0.0268883 1 0.642295 0.407132 0.533179 1 0.634762 0.366601 : 0.2
0.311386 0.0665499 0.654991 0.383641 0.0823674 0.517143 -0.274815 1 0.0947053 : 0.2
0.370115 1 0.647894 0.978117 0.235707 0.344798 0.512327 0.499828 0.57404 : 0
0.669756 0.240629 0.0252745 0.57621 0.196722 -0.0831716 0.496141 0.807934 0.19749 : 0.1
0.868371 -0.0689071 0.187063 0.332472 0.25207 0.71546 0.729274 0.221539 0.475888 : 0.2
0.625361 0.115644 -0.0337655 0.157957 0.1694 0.138651 0.45579 0.0788053 0.921873 : 0
0.501542 0.0804539 1 0.290107 0.370245 -0.0597254 0.381864 0.712258 0.558815 : 0.5
0.524691 0.530259 0.668706 0.0347561 0.800709 0.0916867 0.0331721 0.723429 0.424617 : 0.1
0.264206 0.538654 0.376923 0.694082 0.407727 -0.0163293 0.281726 0.589055 0.55573 : 0
0.39331 0.294218 0.183065 0.643585 0.53179 -0.118724 0.802927 0.579869 0.125916 : 0.2
0.624519 0.350149 0.211803 0.492463 0.262036 0.353506 -0.17314 0.796178 0.482051 : 0
0.0428757 0.167548 0.920343 0.0340347 0.337124 -0.0848421 -0.229018 0.370619 0.496433 : 0.1
0.567219 0.402965 0.426625 0.390941 0.776492 0.253466 0.383034 0.737294 0.351098 : 0.1
1 0.565948 0.697 0.188801 1 0.516084 0.764913 0.64351 0.123177 : 0.1
0.979208 0.718855 0.134015 0.379558 0.18372 0.512388 1 0.886289 0.606063 : 0
-0.160856 0.436392 0.248136 0.436762 0.645799 0.607007 -0.182035 0.272341 0.939209 : 0.3
0.331151 0.734758 0.379379 0.869489 0.30237 0.732285 0.469146 0.761755 0.45677 : 0.1
0.49396 0.686871 0.545477 0.455463 -0.00948789 0.18328 0.257017 0.690691 0.336771 : 0.1
0.555334 0.0120553 0.633706 0.728404 0.118455 -0.00881577 0.909582 0.689859 0.355813 : 0
0.431843 0.439692 0.467636 0.600325 0.593945 1 0.517906 0.811105 0.32285 : 0.3
1 0.160299 1 0.125386 -0.143692 0.515176 0.725138 0.758302 1 : 0.5
0.148208 0.510025 0.298616 0.70635 0.707122 0.293781 1 0.141078 0.50305 : 0
0.0671474 -0.0308184 0.0296948 0.375505 0.253478 0.334615 0.393177 0.339259 -0.0447549 : 0.7
0.2942 0.829021 0.272159 0.626041 0.280574 0.370437 0.813963 0.654196 0.911889 : 0.5
0.252695 -0.187036 1 0.223316 -0.132753 0.269529 0.510562 0.968224 0.143177 : 0.3
0.981896 0.294789 0.616548 0.220129 -0.184377 0.289717 0.0488228 0.893436 0.276924 : 0.3
0.320154 0.0690952 0.227596 0.249461 0.595077 0.0774895 0.72379 0.527021 0.239593 : 0
-0.0516065 0.521342 0.680116 0.406141 0.900359 0.593441 0.177007 0.639291 1 : 0
0.100637 0.470643 -0.288236 0.193221 0.608609 0.591336 0.555721 0.862303 0.0751893 : 0.4
0.407591 0.557748 0.699838 0.976177 1 0.777597 0.321554 0.662166 0.851374 : 0.1
0.0541747 0.677894 0.933289 0.772878 0.652946 0.647264 0.386489 0.396174 0.388779 : 0.1
0.333922 0.589463 1 0.490811 0.830601 0.470036 0.751311 0.858959 0.0333365 : 0.2
0.189903 0.111995 0.597865 0.480343 0.168141 -0.159401 0.426243 0.870178 0.295026 : 0.6
0.0708841 -0.0183807 0.292198 0.872511 0.388822 0.185565 0.34515 0.786288 1 : 0.4
0.717862 0.311987 0.308198 0.890031 0.0363986 0.948113 0.977342 0.584664 0.315982 : 0.2
0.762297 0.149596 0.601632 0.00921347 0.175142 -0.576389 -0.0983867 0.525283 0.103622 : 0.4
0.381658 0.146553 0.132396 0.574716 0.870916 0.450249 0.499141 0.389104 0.681343 : 0
-0.0844238 0.181391 0.764118 -0.0119914 0.18705 0.711208 1 0.199337 0.696916 : 0.2
0.343635 0.450661 0.379589 0.477346 0.475784 0.192049 0.312051 0.687576 0.305545 : 0.1
0.064919 0.501247 0.880516 0.497255 0.129488 1 0.260495 0.26263 0.826867 : 0.3
0.282686 0.0400165 0.854478 0.493521 0.597141 0.74034 1 0.701903 0.565906 : 0
0.515827 0.263568 0.413684 0.801702 0.0913085 0.790536 0.717431 0.737679 -0.257957 : 0
0.263512 0.687591 0.890906 0.605621 0.920068 0.900666 0.733667 0.538219 0.634509 : 0
0.433255 0.420192 0.670276 0.388108 0.508668 0.69412 0.634811 0.25076 0.185459 : 0.1
0.0465857 0.61631 1 0.239203 0.0841408 0.897872 0.883276 0.519375 0.0843628 : 0.2
0.613707 0.376739 0.372603 0.0744906 0.599591 0.036163 1 0.557017 0.0578942 : 0
-0.193795 0.242246 -0.0938414 0.476087 0.859248 0.2999 0.307528 0.486765 0.855824 : 0.5
0.265543 0.674397 0.899261 0.376281 0.0651913 0.214397 0.676207 0.604198 0.561122 : 0
0.659062 0.54815 0.829971 0.553703 -0.202105 0.383456 0.307264 0.351178 0.861812 : 0.2
0.233843 0.455056 0.207928 0.733656 0.414738 0.819669 0.747782 0.83912 0.198524 : 0.1
-0.0453958 0.516013 0.294266 0.285151 0.693328 0.430002 0.591382 0.428283 0.833237 : 0.1
0.519877 0.438069 0.372861 0.753784 0.206439 0.330666 0.100586 0.645979 0.617631 : 0.1
0.57675 0.773882 0.656946 0.413969 0.654079 0.45959 0.533531 0.0572583 0.390256 : 0.2
0.080643 0.71585 0.860573 -0.21036 0.484033 0.0327589 0.99295 0.499018 -0.0784925 : 0
0.327279 0.717586 0.274297 0.727668 0.310532 0.231266 0.0772601 0.751648 0.980259 : 0.3
-0.0529356 0.752748 0.618269 0.489098 0.14654 0.45819 0.413582 0.208223 0.345746 : 0
0.352415 0.211723 0.0486669 0.486587 0.434203 0.0540624 0.71851 0.693431 0.211064 : 0.5
0.61592 0.924346 0.812198 0.191451 0.686096 0.522286 0.0497221 0.311791 0.376145 : 0
0.284138 0.453208 0.257308 0.0685865 0.59737 0.919677 0.291787 0.358213 0.2866 : 0.3
0.171191 0.223606 0.837746 0.28788 0.532451 0.674005 0.221537 0.364735 0.616614 : 0.6
0.919255 0.386599 0.345465 0.528086 0.661865 0.210013 0.429846 0.630959 0.51397 : 0.1
0.294277 -0.0153471 0.571588 0.315798 0.546881 0.421965 0.611804 -0.211112 0.775664 : 0.1
0.348552 0.277975 1 0.150188 0.623855 0.109881 1 0.874289 0.116649 : 0.1
0.38343 0.255721 0.879894 0.498491 0.363427 0.202482 0.463217 0.631349 0.402154 : 0.3
0.433074 1 0.45412 0.397296 0.092898 0.123174 0.393918 0.858075 0.105354 : 0.2
0.273475 0.883325 0.471763 0.0753667 0.499931 0.0872671 0.10801 0.86686 1 : 0.3
0.0557854 0.100068 0.192281 0.54964 0.553553 0.202576 0.237499 0.735758 0.700009 : 0
0.232848 1 0.766375 0.730039 0.393932 0.710023 -0.362348 1 -0.0427128 : 0.1
0.239687 0.201903 0.569947 0.249744 -0.0505164 1 0.652402 0.591763 0.340792 : 0.5
0.377397 0.682929 0.58123 0.00307855 0.814737 -0.281161 0.189219 0.237414 0.224867 : 0.8
1 1.41263e-05 0.708878 0.371867 0.095528 0.547579 1 1 0.216648 : 0
0.151583 0.11377 0.27543 0.0477385 0.793198 0.371159 0.837263 0.721658 0.119509 : 0.8
0.588646 0.384765 0.828668 0.356484 0.53505 0.407989 0.50241 1 0.109187 : 0.5
0.41697 0.381887 0.672152 -0.149827 0.962788 0.228432 1 0.461907 0.167064 : 0
0.0996725 0.274755 0.303512 0.341947 -0.024241 -0.0652417 0.124817 0.190983 0.730617 : 0.6
0.616029 0.268751 0.626028 0.0319677 0.503653 0.732055 0.728991 0.981129 -0.116697 : 0.2
0.538464 0.537224 0.478024 0.557318 0.487055 0.765902 0.752349 0.206283 0.105719 : 0
0.19961 0.731119 0.252625 -0.0177294 0.0871319 1 0.78796 0.896631 -0.252366 : 0.3
-0.225134 0.380988 0.676346 0.619896 0.532188 0.528174 0.702742 0.432216 0.136312 : 0.5
0.0833383 0.162286 0.516602 0.504654 0.00126444 0.24914 0.266843 0.510679 0.587606 : 0.3
0.232785 0.00858876 0.842335 0.257579 0.363044 0.608751 0.32713 -0.00818524 0.229193 : 0.6
0.222603 0.256702 1 0.1832 0.813503 0.867035 0.115939 1 0.161853 : 0.1
0.0895834 0.417408 0.7675 1 -0.0532952 0.363943 0.355142 0.480218 0.584587 : 0.3
0.899192 0.477028 0.154141 0.313899 1 0.398658 0.61468 -0.435206 0.315058 : 0
0.478024 0.320493 0.0852801 0.594896 0.602142 0.576577 0.384768 0.170785 0.173423 : 0.5
-0.0844275 1 0.828001 0.749576 0.76101 0.306788 1 0.732489 0.606502 : 0
0.335395 0.266107 1 0.387363 0.53963 0.862386 0.483843 -0.0665154 0.331046 : 0
0.340962 0.5891 0.825982 0.259827 0.216786 0.681563 0.679202 0.649467 0.499752 : 0
0.0804259 0.384286 0.756718 1 -0.077237 -0.184708 0.403382 0.127765 0.483223 : 0
0.647176 0.528171 0.410073 0.18544 0.238636 0.0247399 0.154245 0.594301 0.809017 : 0.1
0.0463208 0.272139 0.399675 0.759836 0.449315 0.827275 0.133149 0.95088 0.694805 : 0
0.313558 0.375054 0.0694641 -0.166965 0.425547 0.900702 0.716712 1 -0.0586157 : 0.2
0.711532 0.461883 0.420175 0.385458 0.878851 0.175687 0.957062 0.742615 0.0837336 : 0.1
0.309614 0.346542 0.112299 0.816285 0.359013 0.675676 0.370727 0.681014 0.473082 : 0.2
0.350205 0.264097 0.150461 0.714746 0.792216 1 0.181926 0.505574 1 : 0.3
0.381794 0.529537 0.355046 0.483859 0.335157 0.780424 1 0.179331 0.454424 : 0.4
0.127669 0.457913 0.181693 0.197304 0.627938 1 0.528911 0.50628 0.0775811 : 0.2
0.22428 0.564655 0.805109 0.182095 0.370382 0.621045 0.359572 0.307508 0.321988 : 0
0.686918 0.935893 0.143985 0.692321 0.293551 -0.172417 0.37633 0.347473 0.0517459 : 0.3
0.56471 0.761934 0.576398 0.53212 0.50464 0.804632 0.616704 0.497555 0.236552 : 0
0.457544 0.258661 -0.389489 0.127179 0.399608 0.172875 0.15067 0.479028 0.336742 : 0.4
0.298487 0.152499 0.782602 0.89806 0.437686 -0.227957 0.267551 0.858124 1 : 0.5
0.392658 0.765476 0.62352 1 0.616005 0.753458 0.14829 0.197587 1 : 0
0.860619 0.363721 0.340276 0.978055 0.368215 0.436516 0.610291 0.910462 -0.398612 : 0.2
1 0.267027 0.256079 0.454484 0.87832 0.481073 0.677172 0.510796 0.744614 : 0.1
0.337345 0.713806 -0.0118671 0.52535 0.466065 0.631138 0.671127 0.864949 -0.459958 : 0
0.404785 0.437199 0.118318 0.79028 0.052312 -0.17768 0.403019 -0.190027 0.361402 : 0.5
0.495856 0.785701 0.234811 0.235627 0.374013 0.576705 0.237051 0.242692 1 : 0.4
0.012455 -0.154156 -0.0378734 0.645429 0.651876 0.300187 0.40941 0.519787 0.0601528 : 0.2
0.321897 -0.139016 0.801647 0.123412 0.284694 0.235381 0.338677 0.828038 0.322068 : 0.3
0.643711 0.219252 0.0564842 0.502136 0.668096 0.483293 0.176407 1 0.136055 : 0.4
0.742283 0.249568 0.119926 0.519988 0.439568 0.741902 -0.0192994 -0.718473 0.901914 : 0.2
0.479245 0.547588 0.547005 0.20107 0.772527 0.201114 0.297209 0.845802 1 : 0.1
0.551499 0.638255 0.480052 -0.0650104 0.401944 0.150208 0.87255 0.232186 0.412627 : 0.3
0.459241 0.263739 0.679666 0.178129 0.193684 0.739476 0.697162 0.406994 0.556542 : 0.1
0.554782 0.210959 0.190713 0.516705 0.293901 0.852128 -0.0264651 0.365238 0.997918 : 0
0.407024 0.710135 0.464572 0.612678 0.0316678 0.523226 0.755582 1 0.446785 : 0.1
0.887706 0.252403 0.566018 0.111682 0.560397 0.50543 0.390594 0.0671731 0.0834153 : 0
0.609769 1 0.933259 0.626285 -0.0037626 0.426607 1 0.811327 0.795205 : 0.1
0.84239 0.368856 0.257847 0.392178 1 1 0.401212 0.479266 0.171591 : 0.3
0.630468 0.205906 0.59935 0.589538 0.584405 0.573342 0.442343 0.673435 0.514627 : 0.1
-0.267821 0.497708 0.728286 0.429346 0.317003 0.873504 0.398029 0.776678 1 : 0.4
0.0091645 0.21162 0.18861 0.541306 0.66088 0.650653 0.616779 0.323327 0.55334 : 0
0.423766 0.499391 -0.257329 0.571967 -0.121916 0.496887 0.40234 0.253526 0.272382 : 0
0.0387566 0.519848 0.799193 0.00499712 0.201724 -0.132155 0.150232 0.112242 0.579048 : 0
0.0380412 0.310568 0.197082 0.177543 0.194304 0.599426 0.128329 0.317486 0.374165 : 0.4
0.279046 0.478963 1 0.625701 0.703857 0.32487 0.316182 0.802927 0.290305 : 0.2
0.367053 0.676553 0.0221849 0.707046 0.221287 -0.0892074 0.123856 0.818736 0.697669 : 0.3
0.61266 0.464414 0.679048 0.22777 0.157124 0.321153 0.772913 0.359228 0.439546 : 0
0.209899 0.186923 0.301578 0.0746 0.294496 0.618026 0.648345 0.336792 0.16415 : 0.6
0.138563 0.970686 0.16427 0.295357 0.912159 0.610903 0.742123 0.548483 0.16607 : 0
-0.337085 -0.202077 0.338322 1 0.581564 0.337194 0.443175 0.86484 0.141454 : 0.3
0.0621243 0.667595 0.4542 0.25044 0.0316674 0.246779 0.524989 0.279353 0.652947 : 0.2
0.182268 0.472648 0.310686 0.6093 0.616733 0.258901 0.428721 0.191732 0.276004 : 0
0.771375 0.798618 -0.0207477 0.0564755 0.523032 0.955631 0.339124 0.459624 1 : 0
1 0.362238 0.110048 0.578551 -0.435176 0.126758 0.842158 0.713111 0.813862 : 0.5
0.634084 0.490101 0.316931 0.723059 0.144791 0.1799 0.528404 1 0.454234 : 0.4
0.513499 0.920057 0.264253 0.932669 0.652508 0.652658 1 0.423418 0.349289 : 0
0.386701 0.449679 0.274252 1 0.86895 0.953384 0.171739 0.592711 0.156267 : 0.3
-0.205576 0.498588 0.249394 0.158852 0.221011 0.268526 0.633327 0.500493 0.233536 : 0.3
0.0637642 0.155413 1 0.504614 0.574254 0.73605 0.95829 0.560174 0.558525 : 0.3
0.662019 0.642205 0.16031 0.959518 0.311504 0.171237 0.0187918 0.0635868 0.383479 : 0.1
0.726424 0.253553 0.0454354 0.160145 0.196378 0.462568 0.374262 1 1 : 0
0.524168 0.0522175 0.701546 0.405011 0.157676 0.120052 0.139332 0.182829 0.421127 : 0.6
0.404542 0.208392 0.475681 0.492047 0.715446 0.221005 0.0980249 0.492557 0.771995 : 0.4
0.62923 0.614106 0.314854 0.0842004 -0.206837 0.356654 0.352698 0.95465 -0.0155543 : 0.4
0.830983 0.0960459 0.56971 0.398247 0.0912034 0.440657 1 -0.173805 0.609749 : 0.4
0.539221 0.679965 0.737069 0.582951 1 0.57917 -0.390929 0.342987 0.58054 : 0
0.467106 0.345624 0.12699 0.672661 0.534975 1 0.614625 0.546761 0.369036 : 0.3
0.147584 1 1 -0.122514 0.291464 0.9106 0.566901 0.324238 0.436995 : 0.2
0.153469 0.604704 0.0631242 0.58287 0.505608 0.84773 0.138912 0.998476 1 : 0.1
0.0559308 0.650175 0.204101 0.181933 0.843096 0.567357 0.381759 0.314231 1 : 0.3
0.312403 0.819894 1 1 0.1843 0.889775 0.551143 0.377459 0.0165667 : 0.3
0.194186 0.307506 0.399328 0.832446 0.749144 -0.129708 0.611921 0.799667 0.359682 : 0
0.417117 0.245064 0.523071 0.578588 0.550334 -0.0978137 1 0.956122 0.708481 : 0
0.775037 0.199848 -0.0363126 0.274157 -0.364515 0.585283 0.147741 0.575421 1 : 0.2
0.636452 0.494047 0.856273 0.139849 0.842771 0.842133 1 1 0.0593571 : 0
0.627213 1 0.309639 -0.192816 0.633046 0.524086 0.518044 1 0.786321 : 0.3
0.850689 0.714379 0.279092 0.923946 0.304849 -0.174203 0.490506 0.748007 0.850166 : 0.4
0.254332 0.601617 0.396916 -0.078905 0.320006 0.588113 0.261345 1 -0.0378873 : 0
0.680515 0.266048 0.696499 0.765744 0.670192 0.624364 0.802863 0.209022 0.0406126 : 0
0.646672 0.932324 0.376306 -0.00725663 0.348075 0.38899 0.352246 0.232682 0.473597 : 0
0.015959 0.691027 0.389502 0.780077 0.624746 0.52306 -0.0056668 0.236143 0.442002 : 0
-0.372672 0.816568 0.269678 0.790864 0.526784 0.34272 -0.174674 0.677165 0.380353 : 0
0.617538 0.19976 0.480035 0.800242 0.561693 0.287658 0.277936 0.800492 0.717928 : 0
0.168774 0.638304 0.186752 0.400421 0.56931 0.831904 0.425207 0.810036 0.460615 : 0
-0.0601675 0.0842561 0.245614 0.623221 1 1 0.257837 0.435932 0.329018 : 0.2
0.458301 0.127173 0.187562 0.398931 0.818507 0.366766 0.608876 0.981 0.27575 : 0.4
-0.00208743 0.521493 0.0217588 0.0242156 0.574159 0.826894 0.330146 1 0.484084 : 0.4
0.582541 0.29028 1 -0.28333 0.443649 0.834653 0.208709 0.630092 0.222703 : 0.2
0.619407 0.612854 0.451496 0.569194 0.0269272 0.379661 0.34165 0.570803 0.280323 : 0
0.606456 0.916168 0.13721 0.940289 0.327656 0.592007 0.916723 0.750463 0.409136 : 0
0.0392678 -0.0654807 0.222918 0.0469813 0.533635 0.174868 0.00929448 0.808794 0.535067 : 0.5
0.0844037 0.287498 0.677835 0.551725 0.478396 0.720017 0.574353 0.296959 0.678812 : 0
0.728155 0.667542 0.304658 0.503502 0.603523 1 0.880815 0.497399 0.00896435 : 0.4
0.719798 0.151987 0.62913 0.167504 0.926395 0.281815 0.37146 0.541756 0.158884 : 0
0.372232 0.504648 0.280585 0.980058 0.785803 0.168495 0.0207064 0.288771 0.145788 : 0
0.495125 0.397507 1 0.25989 0.508127 0.201475 1 0.10565 1 : 0.5
0.165911 0.678659 1 -0.0095945 0.574409 0.601673 0.121171 0.342847 -0.330473 : 0.5
0.0389107 1 0.285826 0.648421 -0.101333 0.897335 0.583764 0.452255 0.0365943 : 0.2
1 0.0587999 0.764605 0.265716 0.497577 0.52144 0.539573 0.525922 0.241013 : 0
1 1 0.327091 0.646233 0.509768 0.441644 0.22156 0.573876 0.50562 : 0.4
0.553841 0.379529 0.0719469 0.235965 0.663077 1 0.452241 0.507112 0.826881 : 0.3
0.721038 0.685708 0.673465 0.663095 0.324302 0.515388 0.745074 0.231577 0.14805 : 0
0.689659 0.852715 0.24789 0.357557 0.453904 0.652214 0.547327 0.446587 0.465498 : 0.1
0.817496 0.577485 0.420877 0.397323 1 0.980403 0.153719 0.641183 0.950737 : 0.2
0.79845 0.304661 0.467667 0.425618 0.478866 0.446112 0.581649 -0.0114366 0.393171 : 0.4
0.528468 1 0.177515 0.320771 0.540592 0.555066 0.141522 0.371514 0.663097 : 0.1
0.0579924 0.675135 0.413384 0.921195 -0.0611435 0.944379 0.20033 0.70702 0.616172 : 0
1 0.395896 0.715699 0.75042 0.236786 0.294447 0.9834 0.879325 0.107716 : 0.4
0.352983 0.364281 -0.0192859 0.531349 0.517674 0.613423 0.567362 0.846227 -0.272488 : 0.1
0.897665 0.312281 0.134899 0.54408 0.79061 0.303835 0.629378 0.725744 0.24788 : 0.3
0.0405137 0.565311 0.797968 0.331184 0.252365 0.841662 0.359185 0.480558 -0.097146 : 0.1
0.775384 0.322505 0.833001 0.341017 1 0.688031 0.470918 0.331167 0.127467 : 0.4
0.0158574 0.562428 0.261638 0.402684 0.73315 0.719324 0.302818 0.199015 0.347145 : 0.5
0.356469 0.215634 0.850672 0.691545 1 0.505177 0.391205 0.636273 0.101236 : 0.4
0.661551 0.582932 0.702212 -0.382705 0.14251 0.609283 1 0.157909 -0.0497536 : 0
0.476162 0.45231 0.513937 0.211389 0.341232 0.166976 0.307775 0.438506 1 : 0.1
-0.067918 0.132272 1 0.50607 0.0889899 0.566504 0.788082 0.183316 0.30112 : 0.1
0.973216 0.590663 0.881451 0.198872 0.0505041 0.534661 0.0421297 0.234648 0.78881 : 0.5
-0.146657 0.61025 0.36841 0.131825 0.406144 0.436002 0.653211 0.0196469 1 : 0
0.936588 0.144984 0.264833 0.733387 0.772498 0.374396 0.52605 1 0.407621 : 0
0.819977 0.623033 0.733001 0.519025 0.4668 0.645248 0.662372 0.537433 -0.058889 : 0
0.178683 0.466687 1 -0.11606 0.240601 -0.0216892 -0.0238919 0.338112 0.458386 : 0.3
0.379588 0.24174 0.345123 0.511561 0.952751 0.199331 0.212551 0.552104 1 : 0.2
0.514867 0.53895 0.363105 0.054183 0.275504 0.625208 0.536837 0.467196 1 : 0
0.668919 0.00414482 0.19167 0.41323 0.439147 0.971637 0.52023 0.932115 0.389017 : 0.3
0.400391 0.960159 0.458074 0.043489 0.362019 0.655819 -0.0184583 0.402375 0.859904 : 0.1
0.375498 0.23311 0.607169 0.640647 0.518199 0.700827 0.211134 0.0474511 0.438842 : 0.3
0.167287 0.637321 1 0.120845 0.399066 0.123482 0.458682 0.527922 0.331404 : 0
1 0.161246 0.165607 0.395619 0.802973 0.287011 0.272233 0.764158 0.0909294 : 0.3
0.162727 0.776676 0.643373 0.534408 0.810501 0.302394 1 0.2677 0.37895 : 0
0.386351 0.385161 1 0.113085 0.862673 0.333716 0.0659852 0.215294 -0.270383 : 0.1
0.0354444 0.244565 0.632773 0.112327 0.171024 -0.00360933 0.340487 0.3006 0.873583 : 0.2
0.740942 0.552392 0.911726 0.777699 0.837779 0.812189 0.644424 0.149427 0.491425 : 0.2
0.760384 0.724637 0.331135 0.872313 0.701925 0.200156 0.0446745 0.179228 0.393547 : 0.5
0.758785 0.533963 0.138035 0.226757 0.920807 0.514492 0.758042 0.707803 0.597406 : 0
0.517723 -0.159504 0.00792781 0.198594 0.0196543 0.040799 0.95615 0.479615 0.610306 : 0.3
0.624203 0.575953 0.940183 0.785749 0.678972 0.475347 0.634901 0.650222 -0.0482668 : 0
0.765845 0.0812907 0.894807 0.270372 0.510666 -0.0663299 1 0.19237 0.267365 : 0
0.994464 -0.166231 1 0.0794581 0.251969 0.515858 0.616829 -0.117864 0.201372 : 0.2
0.223228 -0.110703 0.590312 0.242598 0.476075 0.24618 0.281725 0.244489 -0.064996 : 0.1
0.702388 0.376092 0.30631 0.220698 0.596269 0.188158 0.347195 0.312557 0.79735 : 0.4
0.732831 0.231135 0.176574 0.227479 0.0669837 0.373849 0.444589 0.711053 0.923695 : 0.4
0.2336 0.41478 0.315648 0.379447 0.624536 0.899426 0.497192 1 0.463408 : 0
0.516807 0.545398 0.191587 0.419432 0.762743 0.803447 1 0.481836 0.536247 : 0
0.548693 0.709764 0.616498 1 0.389641 0.940257 0.0839883 0.248467 0.725562 : 0.1
0.158093 1 0.185726 0.347001 -0.0374874 0.933498 0.704938 0.451726 0.261612 : 0
-0.227544 0.27568 0.143285 0.963432 0.430966 0.233323 0.676423 0.343017 0.806752 : 0.1
0.18576 -0.248092 0.584223 0.0255762 0.78672 0.181685 0.455516 0.333889 0.182615 : 0.2
0.67325 0.186183 1 0.332235 0.468801 0.776758 0.237907 0.484618 0.936443 : 0.3
0.0870878 0.140372 -0.131648 0.734056 0.608741 0.787982 0.118119 0.621727 0.550216 : 0
1 0.457052 0.0133564 0.194165 1 0.520888 0.802439 0.421352 0.473862 : 0
0.66564 0.336644 -0.234143 0.786544 0.214142 0.170659 0.55377 0.399008 0.670233 : 0
0.674487 0.719035 0.195194 0.0690171 1 0.214981 0.738651 0.798386 0.731877 : 0.5
0.788885 -0.209111 0.686853 0.483296 0.0605669 0.665103 0.661316 1 0.475452 : 0
0.407312 0.774752 0.32108 0.0827508 0.608324 0.685448 0.289459 -0.148488 0.568795 : 0
0.255396 -0.000142437 0.211724 0.1369 -0.12499 0.0957548 0.000680417 0.886076 0.253226 : 0
0.123339 0.591165 0.0106683 -0.0651461 0.249134 0.366354 0.0400792 0.887127 0.260352 : 0.1
0.760592 0.0833987 0.779155 -0.173181 0.618595 0.0491011 0.658428 0.395936 0.332493 : 0
0.0771922 0.974955 0.357157 0.265852 1 -0.235055 0.865957 0.721842 0.108317 : 0.2
0.0343833 0.974513 -0.0298201 -0.150818 0.433036 -0.153057 0.0541217 1 0.0826759 : 0.1
0.30704 0.185536 0.69161 0.658216 0.346679 0.625962 0.564981 0.331554 1 : 0.1
0.775406 0.285725 0.051318 0.650824 0.367028 -0.236656 0.302671 -0.751047 0.0527297 : 0.3
-0.0221556 0.642355 -0.133405 0.170407 0.33008 0.141327 -0.03547 0.430401 0.466284 : 0.1
0.32533 1 0.328589 0.418284 0.0876835 1 0.15138 0.817634 1 : 0
0.64544 1 0.979431 0.738332 0.605981 0.0560955 0.332622 0.412177 0.313153 : 0.3
-0.295885 0.326996 -0.0608373 0.220664 0.737433 0.210993 0.638094 0.548685 -0.209357 : 0.4
0.25301 0.0319424 0.791758 0.64453 0.108972 0.753357 0.376425 0.497361 0.21665 : 0.2
0.341818 0.486523 0.528197 0.126433 0.714397 1 0.134194 0.555692 0.84187 : 0.3
