-0.17568 -0.237978 0.578562 -0.16768 -0.001932 0.349045 0.0478927 -0.0186107 0.142307 : 0.1
0.02425 0.121446 -0.0509187 -0.00400965 -0.214574 0.0411243 0.111552 -0.0292813 -0.183009 : 0
-0.272901 0.624328 -0.00159103 0.247867 0.16594 0.450103 0.140774 0.0733654 0.0440853 : 0.1
0.0397568 0.872529 0.201217 0.0454663 0.273978 0.0941784 0.0479096 -0.314872 0.0628125 : 0
-0.111131 0.626888 0.00818746 -0.177362 0.0176369 -0.181271 0.198587 -0.307818 0.0051668 : 0
0.0352546 0.134617 0.786229 -0.265444 0.120744 0.291377 0.0195006 -0.0445275 0.486896 : 0
0.116674 0.153147 0.23285 -0.0019815 0.0328481 0.0186103 -0.00390613 0.227333 0.111549 : 0
0.047807 0.100818 0.534552 -0.130185 0.144055 1 0.209364 0.801067 0.249561 : 0
-0.164052 0.53655 0.110527 0.568055 0.149071 0.00483171 0.422746 -0.291624 0.244786 : 0.1
0.116359 -0.0733573 0.0334069 -0.0272249 0.227734 0.173694 0.292319 -0.216625 -0.0728077 : 0.3
-0.433857 -0.217872 -0.174847 -0.629136 0.129056 -0.142188 -0.358313 0.205467 0.80377 : 0
-0.0855977 0.0382194 -0.0376679 0.0637846 0.152469 -0.0992734 -0.000984911 0.140932 0.178415 : 0.3
0.00922358 -0.534841 -0.739838 0.39929 -0.0214026 -0.024753 -0.0353188 0.0799532 -0.041597 : 0
-0.204721 1 0.411541 -1 0.142891 1 -0.0142065 -0.088574 0.203764 : 0
0.0385121 0.639492 0.146962 -0.466316 0.440463 -0.388707 0.0597821 0.348033 0.353483 : 0
0.161587 0.00137301 0.28391 -0.0718384 -0.161612 -0.0762713 -0.519922 0.589539 0.345589 : 0.4
-0.0121863 0.923706 -0.142218 0.205983 0.524593 0.617835 0.486338 -0.254031 0.45476 : 0
-0.10367 0.00753227 1 0.0134965 0.383336 0.0808735 0.0912194 -0.325164 0.11771 : 0.1
0.0856882 0.0661482 0.0408942 0.038125 0.144959 0.190345 -0.0153847 0.291316 0.277834 : 0.2
-0.291213 0.0274721 0.0283625 -0.136806 0.652484 0.00644709 -0.244207 0.0928465 -0.0367188 : 0
-0.291454 0.0716144 -0.581254 0.133596 0.674366 0.000942215 -0.0785244 -0.0484753 0.00345077 : 0.1
-0.137846 -0.236974 -0.0322899 -0.0262187 0.133701 0.112546 0.0172303 0.257126 0.229832 : 0
0.134494 -0.0710139 1 -0.659736 -0.0439445 0.631223 0.475272 -0.146425 0.0328645 : 0
-0.248064 0.0193541 0.174581 0.185025 -0.0610821 -0.0960527 -0.0563055 0.148996 -0.0650394 : 0
-0.128067 0.0290142 0.0736318 -0.464541 0.3217 0.0346423 0.073489 0.448139 0.662125 : 0
-0.0425541 0.386389 -0.138591 -0.180439 0.307481 0.271906 0.403908 0.0154963 0.380417 : 0
-1 0.0144791 0.140196 -0.0837345 -0.21702 0.197318 0.0261663 -0.0282221 0.0114613 : 0
0.105247 0.0843725 0.0573768 0.015949 -0.145616 0.45061 0.130238 -0.227297 0.0347413 : 0
-0.162964 0.812356 0.075673 0.0257775 -0.151714 0.0302507 -0.0161338 0.249459 -0.237763 : 0.2
-0.181609 -0.0752247 0.221487 -0.218965 0.362333 -0.217431 -0.0278934 -0.0184608 0.0900947 : 0
-0.333943 0.00129619 0.031313 -0.0511803 -0.0403479 -0.917058 0.31059 0.012029 -0.492414 : 0
0.149838 0.256485 0.226965 0.283092 0.223446 0.0982768 -0.189231 0.23465 0.20133 : 0
-1 -0.166275 0.7066 0.287643 0.477077 0.0871109 -0.0675582 0.11088 0.255408 : 0
0.340924 -0.225679 -0.0679339 -0.00397593 0.169948 0.143832 0.232491 -0.445109 -0.0951299 : 0
-0.542289 -0.176069 0.044878 -0.188659 0.22894 -0.149347 -0.145427 -0.0319567 -0.0231047 : 0
0.249896 0.142071 0.122915 -0.0517511 0.074985 0.280478 0.285412 -0.232939 0.372721 : 0.1
0.222338 -0.0475784 0.0214748 0.00574803 1 0.325353 1 0.016964 0.618728 : 0
0.0934142 0.175773 0.281968 0.0751927 0.162129 -0.0935169 0.0727851 0.0888404 0.204644 : 0
0.520713 0.0614416 -0.128435 0.075044 0.209326 0.0993031 -0.0469909 0.00137168 -0.11414 : 0.1
0.874341 -0.192028 -0.0313604 -0.0491698 0.0982347 0.0337238 -0.00835192 0.122784 0.119891 : 0
0.26689 0.524283 -0.115576 -0.286159 0.0805541 -0.0526313 0.260415 -0.0952471 0.268908 : 0.1
0.166086 -0.022747 -0.0501515 0.177715 0.181618 0.395687 0.012406 -0.203428 0.151775 : 0
-0.317564 0.0241639 -0.0194901 0.105962 0.437181 0.0378362 0.0829936 -0.264217 -0.623739 : 0
-0.0743231 1 -0.00262547 -0.353352 0.0244791 -0.0502291 -0.0219677 -0.110264 -0.13531 : 0
-0.0519692 -0.0313598 -0.0440426 -1 0.509007 0.205287 -0.0228457 -0.00367132 0.000800714 : 0.1
-0.118822 0.0708749 0.23409 -0.0247621 0.0799956 1 0.590624 0.440154 0.468092 : 0
-0.062631 -0.255007 -0.037549 0.25761 -0.867733 0.157396 0.432346 -0.0594898 -0.407703 : 0
-0.0712282 0.847941 -0.418216 0.0126662 0.734844 0.0589699 -0.188173 -0.0238539 0.00282662 : 0
0.405416 0.0839733 -0.326144 0.156696 0.139745 0.131928 0.506134 0.235554 0.198522 : 0
-0.510715 0.378287 -0.140146 0.166132 0.565107 0.479705 -0.0783647 0.0610824 0.117439 : 0.3
0.131906 0.757296 -0.268746 -0.110322 0.135648 1 0.196665 0.559306 0.4497 : 0
-0.383591 0.0896339 0.270705 -0.225909 0.0115633 -0.214769 0.494848 0.244065 -0.190851 : 0.4
-0.196802 0.132326 0.21123 -0.215551 0.237225 -0.096275 -0.0222775 0.201526 0.163591 : 0
-0.138672 -0.0310379 0.000339836 0.0739526 0.119475 0.217231 -0.0237896 -0.101364 0.286031 : 0
0.185267 0.66835 -0.40675 -0.200852 0.346319 0.238036 0.131149 -0.000538118 -0.22742 : 0
0.430755 0.139976 0.124046 0.140734 0.0237719 0.49342 0.0168721 -0.132654 0.16964 : 0
-0.0959074 -0.0230409 0.578461 0.0520443 0.699997 0.257192 0.0840204 -0.472627 0.297152 : 0
-0.756839 1 0.112039 0.0470709 0.169492 0.269917 0.161857 -0.104367 0.247033 : 0
-0.786157 0.803383 -0.052959 0.0414841 0.0109687 0.0193231 0.0807772 0.215047 -0.142738 : 0
0.078402 0.137423 -0.0536793 -0.226926 -0.0988868 0.252174 0.153987 -0.0500763 0.102201 : 0
-0.0412636 0.258967 0.0957203 0.546748 0.44413 -0.10107 0.371657 0.0243751 -0.0463883 : 0
-0.0425574 1 0.190803 0.767032 0.143862 -0.0859433 -0.318485 0.0751705 0.188749 : 0
-0.0308963 0.0550897 -0.270467 0.516241 0.0127667 0.00366015 0.0488355 0.194032 0.136536 : 0
-0.604439 -0.0715373 0.205427 0.153165 0.260066 0.0798059 0.0289243 0.0343829 -0.0315324 : 0
-0.0415444 0.251603 0.178529 -0.0614213 0.0714528 -0.28875 0.069883 -0.141055 0.0325972 : 0
-0.00562696 0.184518 0.254904 0.177252 0.0249176 -0.0634356 0.264797 0.0703267 0.221229 : 0
-0.0521337 -0.0633905 -0.0622232 -0.0678897 1 -0.114185 -0.0232242 0.0612134 0.162796 : 0
0.0332785 0.148812 0.942395 0.698958 0.378154 0.116668 0.0754086 0.0459226 0.0727918 : 0
0.017244 -0.105536 -0.0595049 0.0950564 0.10934 0.0678835 0.0189019 0.0275124 0.224341 : 0
0.445308 0.0208462 0.060636 -0.260785 0.128982 0.352311 1 -0.067078 0.299397 : 0.3
-0.438419 -0.019865 -0.106944 0.471758 -0.164108 0.129515 0.0468823 0.117067 -1 : 0.1
-0.0386712 0.0444055 -0.456006 0.00285368 0.225462 -0.309171 0.153722 0.0146821 0.580268 : 0
-0.515692 0.419234 0.445138 0.110259 0.0902443 0.51666 0.0722622 -0.151358 0.13998 : 0
-0.0183247 0.146358 0.2245 0.151367 0.622883 -0.410716 -0.00157068 0.0554151 0.195738 : 0.1
-0.028684 -0.0183188 -0.0525485 0.348893 0.0681505 1 0.582558 0.0164219 0.23944 : 0
-0.321898 0.612472 0.1991 -0.208934 0.0452216 -0.128354 0.00737911 -0.277878 -0.0532498 : 0
-0.00901937 0.0973053 0.0821894 1 0.472588 -0.0205531 0.424248 -0.0239304 0.397998 : 0
-0.0501056 0.0157435 -0.131861 -0.128619 0.0883412 -0.283848 0.212827 0.170449 0.145441 : 0
-0.132396 -0.00924958 -0.383722 -0.591764 0.752247 0.197604 0.121464 0.519705 0.132666 : 0
0.479828 -0.300244 -0.0345517 0.128968 0.122549 0.303851 -0.288018 -0.0846448 0.167359 : 0
-0.344018 0.0914072 -0.117825 -0.0191209 0.183883 -0.125685 0.35234 0.360143 0.419476 : 0
-0.180431 0.108978 -0.0655782 -0.0447239 0.858835 0.0023645 0.496543 0.21176 0.448246 : 0
-0.335497 -0.0097724 0.130765 -0.260232 0.902628 -0.194973 0.309306 -0.0143913 0.0635709 : 0
-0.320067 -0.0474064 -0.210029 -0.394005 0.148699 0.0426473 0.506728 -0.108983 -0.039649 : 0
-0.150537 0.210527 0.200596 -0.107832 0.72727 -0.274901 -0.00224375 -0.477007 -0.0943832 : 0.2
0.0940254 0.0590664 -0.128887 -0.0165069 -0.0350327 1 -0.160724 -0.0459858 -0.00103316 : 0
0.0978367 0.861644 0.0901938 0.158709 0.132664 0.0811349 0.0474499 -0.113314 0.283847 : 0
-0.0428982 0.047885 0.313081 0.152995 0.226925 0.0808758 0.551166 0.328353 0.358793 : 0
-0.12523 0.305345 -0.138797 -0.00776231 0.194202 0.0725434 -0.104266 -0.364357 -0.0128753 : 0
0.0406012 -0.452444 -0.00368293 0.2188 0.219376 0.105493 -0.00692506 -0.192273 0.057271 : 0.5
-0.162528 -0.0583881 -0.112197 0.111703 0.0205805 -0.0382062 0.0919563 0.0490761 0.283816 : 0
0.160996 0.23223 0.135077 -0.102184 1 -0.218143 -0.125459 0.193767 0.199028 : 0.1
0.0428093 0.182941 0.705994 0.00602829 -0.0140162 0.0665297 0.0796366 0.0231973 -0.0266516 : 0
0.288046 -0.0811371 0.218663 -0.205054 0.373861 -0.0692362 -0.0342522 -0.124448 -0.0525112 : 0
0.179194 0.316978 0.291065 0.266147 0.218935 0.427674 -0.292976 0.320806 0.161111 : 0
-0.0637653 0.0718733 0.526824 -0.235297 0.0807095 0.0651139 -0.0416981 -0.132765 0.122507 : 0
0.0987386 0.34652 1 0.162294 0.277029 0.00416693 0.080024 -0.160872 -0.428418 : 0
0.0344731 0.275727 0.0940655 -0.353312 -0.00782394 -0.281533 0.016285 -0.0828996 -0.0930592 : 0
-0.173807 -0.0651718 0.13237 -0.175 0.093512 0.159262 -0.262218 0.0546436 -0.0752835 : 0
0.105931 -0.0718762 -0.036884 0.18222 0.129824 -0.365428 0.161352 -0.00496729 0.305055 : 0.2
0.20235 0.0210323 0.287968 0.0179776 0.242297 0.126487 -0.0346036 0.435124 -0.0819013 : 0
-0.0770288 -0.228152 -0.576355 -0.0402554 0.167549 -1 0.174548 0.0570897 0.210069 : 0
-0.193489 0.266856 0.0599803 0.425372 0.0593926 -0.695172 0.163784 0.0738297 0.120307 : 0
0.0667221 -0.208702 0.334322 1 0.42683 1 -0.0637249 0.667323 -0.0582879 : 0
-0.0253236 0.438579 -0.157482 -1 -0.0443099 0.263939 -0.161781 0.180205 0.0135269 : 0
0.158138 0.4592 0.321503 -0.239122 -0.838154 -0.0566799 0.0346275 -0.101901 -0.0660141 : 0
0.597682 0.0835221 0.244295 -0.0772722 0.104452 -0.223768 -0.0644643 -0.00234621 0.012862 : 0
-0.108834 0.0550652 0.315322 -0.383067 -0.0845957 0.0534236 0.668556 0.306716 0.30648 : 0.1
0.23407 0.17282 -0.0348365 -0.0890991 0.340857 0.216588 -0.170497 -0.0424701 0.286604 : 0.2
0.3494 -0.0452158 0.307252 0.0483386 0.533805 -0.0245712 -0.153012 -0.09303 -0.0339163 : 0
-0.0761633 0.755523 -0.20533 0.0127105 0.272238 -0.133175 0.0824584 -0.0887494 0.0263156 : 0
-0.212155 0.225042 0.5319 -0.0658965 0.297198 0.306944 -0.0798193 -0.14716 -0.141015 : 0.1
0.0736804 0.00603044 0.245102 -0.442306 0.376599 0.651978 -0.267603 0.215047 -0.00697641 : 0
0.327264 0.00377044 0.208052 0.101798 0.206885 -1 -0.177005 0.0766105 -0.0868991 : 0
0.0704057 0.213832 1 -0.0778016 0.263815 -0.0258692 0.0371583 -0.13485 0.0540688 : 0.1
0.415315 0.0944525 1 -0.50239 -0.18803 0.0913366 0.0732286 -0.00351143 0.164939 : 0
0.0106665 0.192596 -0.107302 -0.0547708 -0.0911941 -0.396161 0.224246 0.1855 -0.117711 : 0
-0.205905 0.436651 -0.393348 0.0611541 0.119839 -0.074903 0.409286 0.0389253 -0.161427 : 0
0.0308701 0.00170213 0.795553 0.260827 0.0193449 0.0422778 0.292817 0.869595 0.531126 : 0
-0.0312491 0.166678 0.656117 0.233824 0.569619 0.358943 0.187518 0.103582 0.0467392 : 0
0.363913 0.573855 0.0765142 0.720046 -0.103952 1 0.303128 0.768438 0.336765 : 0
0.12247 0.268156 0.0172683 0.102313 0.673361 -0.0414502 0.00203926 -0.0327059 0.102438 : 0.1
0.0781563 0.276773 -0.116638 -0.0130925 0.345574 -0.489313 -0.0598606 0.430003 0.191248 : 0
-0.00261416 0.230394 0.156744 0.137111 -0.0963027 0.580613 0.357899 0.432152 -0.0517493 : 0
0.0572683 -0.144481 0.0691824 0.0130688 0.239448 0.0464334 0.157655 0.0134712 0.507143 : 0
-0.188862 0.0857399 -0.0336125 0.136461 0.105056 0.043338 0.247726 0.106349 -0.678093 : 0
0.318339 -0.13273 0.472398 0.305707 0.153085 -0.231193 0.0412215 0.916514 0.590853 : 0
0.00831058 0.161764 -0.0944698 -0.00930402 0.0733572 0.0175927 0.201507 0.414651 -0.180176 : 0
0.0768451 0.0226397 0.17616 0.307802 0.89678 -0.206652 0.153574 0.185569 0.120907 : 0
0.315611 -0.148599 0.139178 0.338554 -0.0823576 -0.0273236 -0.084779 -0.0359329 -0.0295343 : 0
-0.00166622 -0.00777714 0.0867682 0.0744414 0.367965 1 -0.035175 -0.0135659 0.0510399 : 0
-0.0578157 0.129283 -0.470948 0.245127 0.0656652 0.0615726 0.0532461 -0.0180277 0.157956 : 0
-0.415182 0.00915645 1 0.0290565 0.0533259 0.107772 0.368231 0.482408 0.212603 : 0
0.0977087 -0.353243 0.07288 0.0124361 0.528188 0.0484036 0.658685 0.294747 0.401368 : 0
-9.9048e-05 -0.00452449 -0.0475027 -0.0633412 -0.245755 -0.00489272 -0.219556 -0.0105762 -0.0180918 : 0
-0.104129 -0.10574 0.150556 0.3083 -0.135066 0.104008 0.015866 0.194942 0.060207 : 0
-0.0294457 0.548316 0.255462 -1 -0.0765399 0.054191 0.166042 -0.349208 -0.594172 : 0.4
0.184021 -0.101742 -0.104723 -0.135852 0.279653 1 -0.0305431 -0.0537357 0.369466 : 0
0.150106 0.243901 -0.914908 0.297178 -0.135526 0.0772769 0.0111323 -0.0690246 0.248827 : 0
-0.457453 0.230669 0.654984 0.311881 -0.108188 -0.214915 -0.413749 0.167564 0.0662655 : 0
0.419226 0.125187 0.00744615 0.11216 0.328066 1 0.0156966 -0.325332 0.466905 : 0
0.336656 -0.193161 0.104416 -0.69413 -0.0146369 0.0267649 0.216835 -0.0576403 0.230749 : 0
0.393236 0.00957769 -0.674116 0.186135 0.581175 0.0412533 0.174606 0.0277136 0.220291 : 0
-0.00329202 0.0430954 0.198397 -0.846589 0.200473 0.366341 -0.0292232 -0.025734 0.210878 : 0
0.22905 0.22166 0.00784281 0.0812631 0.68262 0.325729 0.0729885 -0.00323549 0.169136 : 0
0.0826602 0.0471041 -0.0358693 -0.00296663 0.0702168 0.0392713 0.164939 0.275633 0.293403 : 0
-0.202231 -0.216186 -0.138279 0.125937 -0.0958652 -0.0754425 0.0144507 0.512559 0.0415855 : 0
0.0863208 -0.193423 0.330197 -0.0924875 -0.0970813 0.676834 -0.16048 0.03837 -0.0515561 : 0
0.832613 -0.0648455 -0.018886 -0.0149354 0.109866 0.0804891 0.486364 -0.107841 0.18655 : 0.1
0.0294937 0.440038 0.0387426 -0.0102319 0.0506695 -0.0772723 -0.315437 -0.214903 0.0802164 : 0.1
0.259806 -0.0374062 -0.0290446 0.587371 0.401034 0.242506 -0.0244976 -0.0377154 -0.111026 : 0
-0.856584 0.219018 -0.183587 -0.215111 0.133945 -0.234438 -0.0407146 -0.0160258 -0.165035 : 0
0.29048 -0.0103228 -0.0763147 -0.0919624 0.405224 -0.0162525 0.000604084 0.338264 -0.0466781 : 0
-0.0113624 0.215579 -0.00722872 -0.0291335 0.21506 0.616014 0.0669077 0.38594 0.392315 : 0
-0.201703 0.0339947 0.345711 0.0894433 0.218268 0.207411 0.389969 -0.0615144 -0.00706783 : 0
-0.0613956 0.389106 -0.0245399 0.151061 -0.133335 -0.0570163 0.0718258 0.535087 -0.0769225 : 0.4
0.276668 0.0614401 0.0842807 -0.240356 0.317937 0.0742349 0.413002 -0.182034 -0.015461 : 0
0.087432 0.00314915 -0.194593 0.0593635 -0.117004 0.50793 0.0102337 0.444834 -0.000124088 : 0
-0.0880528 0.142118 -0.100064 0.0897083 0.192025 -0.234314 -0.0293192 0.217019 0.146642 : 0
0.077784 0.0818729 -0.290842 0.0511922 0.698757 0.0279245 0.354069 -0.394641 0.835677 : 0.1
-0.0256094 0.207525 0.827231 0.237204 -0.16562 -0.0295218 0.189432 0.0811902 -0.0641767 : 0
0.0844066 -0.182268 -0.780508 0.244603 0.428343 0.329082 -0.227936 -0.133132 0.0504855 : 0
-0.179317 0.196483 0.373895 -0.400153 -0.0906525 -0.118127 0.198931 -0.201785 0.0579432 : 0
0.150201 -0.296496 -0.0135469 -0.36344 0.326491 -0.0451416 0.0492865 -0.0289121 0.0744549 : 0
0.303518 -0.211718 0.13093 0.0532796 0.569426 -0.156623 0.0484377 0.390636 0.295441 : 0
-0.20601 0.0241312 -0.609399 -0.511686 0.351336 -0.0935659 -0.0956708 0.0210655 -0.11176 : 0
-0.0690683 0.804707 0.294568 0.021744 -0.23585 -0.140642 0.000722721 -0.127707 -0.000101753 : 0
1 0.769405 0.671115 0.519603 -0.0150393 0.222548 -0.0549012 -0.0654304 0.359896 : 0
-0.0227093 0.0311422 -0.08276 -0.591616 0.341074 0.694065 0.0164819 -0.0082955 -0.0554903 : 0
0.225062 -0.0191323 0.0336581 0.0867869 0.80036 -0.320659 -0.0639433 0.102035 -0.00927028 : 0
0.0845319 0.523556 0.0276551 -0.0373259 0.01379 0.281068 -0.137825 -0.0360976 0.366526 : 0
0.0612347 -0.0270115 0.101471 0.180444 0.231045 0.0358246 0.0583252 0.147115 -0.036323 : 0.1
-0.0348725 -0.0775493 0.191878 0.170894 0.0784407 0.170954 0.267704 0.304072 0.0587159 : 0
-0.672234 0.0557562 -0.0333709 0.0582417 0.272812 -0.0884938 0.124399 -0.195519 -0.0759331 : 0.1
0.0561066 0.210923 0.465169 0.434122 -0.0985046 0.173093 1 0.742075 -0.193499 : 0
0.0909219 0.207785 0.109602 0.108664 -0.0390065 -0.166874 -0.00963911 -0.0601367 -0.0823732 : 0
0.270114 0.562061 0.701146 -0.057393 0.0559548 0.0909258 0.487196 -0.204896 -0.290741 : 0
0.540188 -0.0032573 0.0934862 -0.0302677 -0.615101 0.15787 0.0864509 -0.16023 0.0448686 : 0.6
-0.168858 0.322708 -0.0425 -0.0896355 0.0806834 -0.0980258 0.0446016 0.0618045 0.212793 : 0
0.218413 0.0392247 0.190657 -0.127133 0.298872 -1 0.0114867 0.0351954 0.505691 : 0
0.0508257 0.0606982 0.188552 0.0787703 0.203839 0.579678 -0.12319 -0.00864643 0.237625 : 0
-0.063155 -0.0555708 -0.0472485 0.00736519 -0.0959774 -0.640916 -0.177147 -0.0165401 0.517077 : 0.1
-0.152674 0.0959292 1 -0.186645 0.0403713 0.053256 0.114271 0.0484564 0.277501 : 0.1
-0.0709381 0.114215 -0.00420115 0.466321 0.0500057 -0.0735012 0.0589713 0.38606 0.0701001 : 0
-0.447982 0.684072 -0.0396482 -0.320511 0.16328 -0.263024 0.530169 -0.137006 -0.0689034 : 0.1
0.448622 -0.240467 0.181893 0.0943003 0.320348 0.0942619 -0.00420681 0.560203 0.557935 : 0
0.212214 0.137395 0.3431 -0.00968201 0.065588 0.374366 0.385153 0.0275455 -0.143295 : 0.3
-0.2054 0.217208 -0.123304 -0.170755 0.326102 -0.235778 0.289131 0.486557 0.224177 : 0
-0.124471 0.0177501 0.769051 -0.332824 0.008094 -0.0827107 1 -0.0170524 0.0431572 : 0
0.258038 0.138076 0.186558 0.0676967 0.370099 -0.0324098 0.0742135 0.387091 0.280082 : 0
-0.110902 -0.150584 0.246128 -0.107408 -0.0272644 0.217641 0.130174 0.791315 0.299625 : 0
0.0361403 -0.0211268 -0.540605 -0.0243741 0.58078 -0.158815 0.634964 1 0.473849 : 0
-0.0616774 0.697767 -0.203817 -0.123681 0.123562 0.656995 0.160782 -0.0359242 0.164372 : 0
0.0115341 0.063532 0.942211 -0.0246854 0.627431 -0.0628531 0.135507 0.100253 -0.0106936 : 0
1 0.460978 0.143693 0.0170711 -0.155641 -0.581129 0.0188787 0.00906218 0.0143241 : 0.1
-0.0250438 0.518735 -0.223144 -0.6559 0.569074 -0.0655108 0.2889 0.174302 -0.197804 : 0
-0.059968 -0.0131769 -0.17932 -0.00559938 0.434357 0.240407 0.271163 0.208441 -0.113593 : 0
0.11671 -0.136965 0.0653349 0.104105 0.304498 0.129049 -0.127149 0.115619 0.0603631 : 0
0.126531 -0.133168 -0.0765211 0.109266 0.309609 -0.891596 -0.117831 0.611337 0.109385 : 0
0.426819 0.130955 -9.28044e-05 -0.135439 0.476848 -0.343517 0.0957926 -0.0339484 -0.0852439 : 0
0.488561 0.434033 -0.115135 -0.086409 -0.363866 -0.116792 0.0878064 0.0121423 0.526933 : 0
-0.0271678 0.0129591 0.129463 -0.072303 -0.0188647 -0.270703 -0.0264708 -0.0045011 0.0240835 : 0
-0.0284527 0.628456 0.559936 0.403307 0.0959666 0.121415 0.00306636 -0.390108 0.0994281 : 0
-0.0275758 0.0583257 0.718253 0.189629 -0.33875 -0.0580033 0.199844 -0.0686093 -0.0191831 : 0.1
-0.280193 0.221812 -0.150924 -0.353932 0.204464 0.344827 -0.0276715 0.373619 0.0681612 : 0.1
-0.256864 -0.135508 -0.0491226 0.126965 -0.0966624 0.073779 0.367908 -0.0140308 0.126957 : 0
-0.00536443 0.0808788 0.331844 -0.17326 0.310633 0.156667 0.119271 0.0932365 0.100578 : 0
0.637639 -0.0883567 0.704639 0.138998 0.0805402 -0.0908956 -0.032408 -0.154111 0.286759 : 0
0.415489 -0.201486 0.658797 0.0100746 0.0419616 -0.137764 0.275913 0.432933 0.0766717 : 0.2
0.025839 0.0011185 0.266486 0.195922 0.700323 0.112264 0.206606 0.00499728 0.155081 : 0
-0.0293865 0.472297 -4.86337e-05 0.328475 0.00896594 -1 -0.0694239 0.259248 -0.417665 : 0
-0.266999 -0.114482 0.0556134 -0.505718 0.166355 -0.0626302 -0.627312 0.178379 0.0855521 : 0
0.328343 -0.00333072 -0.386511 0.0242281 -0.00177294 -0.230778 0.181316 -0.124876 0.0122671 : 0
-0.0313831 -0.0142591 0.449073 -0.316034 0.0219043 -0.30407 0.0136358 0.144926 0.0821631 : 0
0.0154179 0.0583909 0.0737666 -0.00243233 0.307482 0.0540451 0.49491 0.166189 -0.0941009 : 0.1
-1 -0.168702 -0.0283207 -0.114494 -0.389907 0.301802 0.126082 -0.526035 -0.000821706 : 0
-0.0240548 0.100407 -0.0228371 0.0579056 0.255898 -0.00828034 0.0290055 -0.00292532 0.434859 : 0
0.0354236 0.175092 0.00239347 -0.147364 -0.165511 -0.0540853 0.130833 -0.0820855 0.00663904 : 0
0.202247 0.0658313 -0.0801179 0.016975 -0.0445906 0.408762 -1 -0.197444 0.351607 : 0.2
-0.0269192 0.282988 0.892209 -0.686857 0.00803109 -0.0389513 -1 -0.175436 0.442187 : 0.2
0.0395548 0.324913 0.00262333 0.298629 -0.418772 0.0362228 0.135583 0.190011 0.0143595 : 0
-0.530582 0.474667 0.14196 -0.93803 0.0308094 0.0822614 0.467717 0.403433 0.104128 : 0.3
0.0859255 0.598401 0.667503 0.0951928 0.0978351 -0.0694747 0.0887466 -0.0867005 0.110652 : 0.2
-0.492562 0.0854321 -0.0348448 -0.0370323 0.255328 -0.200629 0.713644 -0.0256223 0.423066 : 0
-0.109167 0.708594 0.334122 0.262834 0.0967965 -0.078954 0.0956526 -0.040827 -0.0763558 : 0.1
0.0312258 0.522785 -0.0293855 0.0565832 0.183249 -0.23525 0.297324 0.059445 0.203138 : 0
0.121512 -0.0391609 -0.0088441 -0.169012 0.154118 -0.151282 -0.200458 1 0.227411 : 0
0.300521 0.00166381 0.0513541 -0.540007 -0.337862 -0.223027 0.074623 -0.0505716 0.123129 : 0
-0.223343 -0.133915 -0.00127618 0.265451 0.165697 0.197682 0.430667 0.738632 0.105227 : 0.2
0.107454 0.0220784 -0.021849 0.117809 0.318768 0.229906 -0.332466 0.0867454 -0.00614138 : 0
0.00881257 -0.0278479 -0.410758 0.100214 0.293797 0.205591 0.445432 0.261794 0.0286986 : 0
0.770637 -0.480203 -0.00245415 0.0319508 0.239517 0.383251 -0.259912 0.0241648 -0.0510595 : 0
1 0.127512 0.425446 0.108362 0.0975668 0.103623 -0.295174 0.0208649 -0.148626 : 0.4
-0.0323142 0.100638 0.476195 -0.000463819 0.00799458 0.0524582 0.153155 -0.0667269 -0.0980667 : 0
-0.0655908 0.0362264 0.139642 0.0984501 -0.0211348 0.334695 0.0105355 -0.179774 -0.0745634 : 0
0.787658 0.294491 -0.037628 -0.712671 -0.196814 -0.128961 -0.457815 0.0146672 -0.190651 : 0.4
-0.56532 -0.146275 -0.0866555 -0.068239 -0.334377 -0.496364 -0.102248 0.597262 -0.0170294 : 0.1
-1 0.395058 0.211426 0.156101 0.202626 -0.379738 0.024711 -0.123958 -0.158777 : 0
-0.0941677 0.0728543 -0.580699 -0.171925 0.202816 -0.293239 0.20171 -0.0490793 0.161906 : 0
0.00770152 0.19337 0.019935 0.307663 0.0229041 0.49305 0.0359875 0.248326 0.0229009 : 0
-0.132688 0.213616 -0.0715297 0.15783 0.761235 -0.185567 0.0261478 -0.0183628 0.207323 : 0
0.0177568 0.0323903 0.0230301 0.349777 -0.0732525 0.200138 -0.0209427 -0.284713 -0.213058 : 0
0.206876 0.121933 -0.116029 0.230078 0.0985777 -0.196649 0.216124 -0.100924 -0.0893047 : 0
0.255902 0.739953 0.573506 -0.247237 0.0124423 0.341087 0.0337317 -0.0624827 0.0460052 : 0
0.106609 -0.134589 0.0744597 0.0454697 -0.0655908 0.0735889 0.101505 0.15253 0.0995337 : 0
-0.120518 0.0766378 0.172859 -0.244378 -0.045479 -0.169153 0.288419 0.405491 0.164623 : 0.1
0.616185 0.817759 0.472858 0.151153 0.1022 -0.104362 -0.0618095 -0.0668366 0.35619 : 0
-0.117337 -0.215818 0.0268365 -0.148895 0.269332 0.38046 -0.222855 0.290037 0.168841 : 0
-0.423301 0.273964 0.104128 0.352543 0.0183358 -0.0533209 0.0340551 0.162275 -0.0877471 : 0
-0.0696389 0.211763 0.0289692 -0.593281 0.00664516 0.535937 0.0680565 0.461883 -0.137646 : 0
0.228385 -0.202808 -0.0149935 0.0522627 0.200473 -0.84472 -0.134917 0.538881 0.140572 : 0.1
0.0029237 -0.388985 0.508388 0.385244 0.0837673 -0.248726 0.00670803 0.0544805 -0.29154 : 0
0.00797251 0.419048 -0.277063 0.335742 0.550066 0.0649167 0.0631987 0.128983 0.0471532 : 0
-0.0127468 0.896784 0.00207499 0.183925 0.483661 -0.269493 0.656684 0.13071 -0.0695834 : 0
0.163966 -0.153827 -0.00692935 -0.00578894 -0.112978 -0.104677 -0.259626 0.0112674 0.548932 : 0.4
-0.215243 0.0287448 0.00921708 -0.673743 0.459995 -0.168718 0.184533 0.075151 0.121044 : 0
0.154182 -0.119364 -0.099568 0.493493 -0.0320407 -0.0886147 0.0908408 0.0494387 -0.335918 : 0
-0.0923188 -0.406441 0.0250592 0.418745 0.0945481 0.561692 -0.152063 0.0297799 -0.984892 : 0
-0.153407 -0.235045 0.39695 0.0330281 -0.0101569 0.119908 0.00676642 0.011386 -0.202128 : 0
-0.0190213 0.561754 0.138013 0.0876567 0.195601 0.201192 -0.116721 0.477074 -0.0451836 : 0
-0.0448287 0.17933 0.0426165 -0.23642 -0.14983 -0.410143 0.0434915 0.799365 0.353527 : 0.4
0.333699 -0.33545 -0.00878149 -0.170154 -0.0534798 0.499213 1 0.779403 0.124124 : 0
-0.0835537 0.335388 0.0308716 0.159779 -0.289651 -0.266749 0.176461 -0.0259226 0.0732298 : 0.3
0.254856 0.239471 0.0622426 -0.0736793 0.200462 0.600985 0.417746 0.0935537 -0.195286 : 0
-0.0389004 -0.0561928 -0.331086 0.414558 -0.092087 0.243521 0.139878 0.237103 -0.123475 : 0
0.0348251 -0.22303 0.0286588 0.179975 0.201672 0.157369 -0.0741379 -0.0175058 0.00872473 : 0.1
0.138152 -0.42346 -0.104407 0.127943 -0.600996 -0.0407248 0.111085 -0.428183 -0.0345094 : 0.1
0.0931985 -0.00919107 -0.0907792 0.118699 0.104671 0.288976 0.111396 0.0936228 0.169937 : 0
-0.00613337 0.164383 -0.360466 -0.0500365 -0.0129574 0.0276554 -0.0269208 0.523 -0.0148654 : 0
0.200229 0.28899 -0.0594428 -0.460067 0.112536 -0.381487 -0.0495876 0.180958 -0.00620573 : 0.2
-0.00856806 0.133488 0.966717 -0.0112332 0.493078 -0.179064 0.157474 0.0140272 -0.15189 : 0
-1 -0.128405 -0.135567 0.0195409 0.211834 -0.0118262 0.0203096 -0.157809 0.00508065 : 0
0.239103 0.130451 0.0168035 -0.639228 -0.170608 -0.230904 -0.0701085 0.434329 0.332503 : 0.1
0.148241 0.550178 0.0767712 -0.0174126 0.0362635 0.653397 -0.231705 -0.0540607 0.403783 : 0
0.0145903 -0.194907 0.0988699 0.17681 -0.0857645 0.588819 -0.149103 -0.0911294 0.0714826 : 0.1
-0.0622427 0.180416 -0.00425579 0.721303 0.121816 -0.0361841 0.339772 -0.214896 -0.153545 : 0
0.175624 0.217471 0.182998 -0.0365367 0.744745 -0.196048 0.364645 -0.0804727 -0.0634092 : 0
-0.106389 -0.0488832 0.0502115 -0.0541302 0.28306 -0.157166 -0.0112005 -0.0646464 0.0621942 : 0
0.0348622 0.0700109 -0.0361759 -0.00712637 0.131003 0.579163 0.406728 0.203213 0.531 : 0
-0.138612 -0.198908 -0.0116839 -0.0321967 0.373421 -0.0699717 -0.346356 0.372355 -0.0374592 : 0
-0.0491935 0.332884 -0.414995 -0.106978 0.27945 -0.0174964 -0.373806 0.323974 0.149687 : 0
-0.205914 0.101164 0.333915 -0.013147 0.0376127 -0.0713585 -0.040361 -0.116997 -1 : 0
-1 -0.0279441 0.131372 0.0263947 0.0733083 -0.661261 0.0606802 0.171554 -0.288177 : 0
0.0954549 0.0695699 0.229631 0.0420788 0.138249 -0.0129458 0.581252 0.153391 0.0708211 : 0
-0.374404 0.0671131 -0.0218201 -0.318206 0.289452 -0.142435 -0.10525 -0.0953844 0.195216 : 0
-0.841144 0.0410186 0.306427 0.0321519 0.220176 0.122119 -0.346302 0.0521411 0.0313338 : 0
-0.0120098 0.131428 -0.592805 -0.264606 0.516376 0.577177 0.030234 0.132192 -0.0355447 : 0
-0.0283641 0.200219 0.773545 0.0992686 0.218796 0.1386 -0.117818 0.117882 0.0726169 : 0
0.106382 0.0682275 0.725495 -0.0783053 0.554777 0.335323 0.430879 -0.416262 0.397557 : 0
0.406663 0.110235 0.0535637 -0.240223 1 0.294322 0.156446 -0.086516 -0.457375 : 0.1
-0.353857 1 0.708846 0.192984 0.0138404 0.332339 -0.115558 -0.0538247 -0.00454875 : 0
-0.192825 0.222732 -0.00470838 0.412705 -0.201559 -0.260155 0.168876 -0.119683 0.170169 : 0
-1 -0.0385334 -0.04703 0.0870002 0.000943579 -0.422435 0.0185834 0.159099 -0.37491 : 0.2
0.276281 0.0631857 0.17152 0.272701 0.181095 0.623755 -0.354526 0.260641 0.222834 : 0.4
0.0350979 0.067249 -0.102815 0.706866 0.0786178 -0.209029 -0.147672 0.20887 -0.16397 : 0.1
-0.358662 -0.448955 -0.218655 0.145882 0.232901 -0.0665288 -0.0225623 0.162999 0.233712 : 0
0.188944 -0.170817 -0.210191 -0.0397702 0.00779979 0.430643 0.209296 1 0.0372377 : 0.1
0.280241 0.172502 0.578396 -0.241638 0.0797822 -0.149383 0.00745514 -0.18011 0.0839892 : 0
0.195243 -0.00539677 -0.0388987 0.0086309 0.647015 0.071585 -0.0376845 0.00708598 -0.0347851 : 0
-0.511614 0.862244 -0.0935631 -0.105847 0.158631 0.0026187 0.515039 -0.248783 -0.263604 : 0.1
0.0684327 -0.533325 0.280738 -0.172547 0.24778 0.207493 -0.089209 0.774259 -0.107849 : 0
-0.549001 -0.0413411 0.128584 0.0316122 0.43449 0.0808991 0.107809 0.0566598 -0.0290158 : 0
0.0740363 0.0802997 0.175363 0.0287307 0.0212708 0.0512495 0.177013 -0.443352 -0.825727 : 0
0.137483 0.00336197 0.23927 -0.0256307 0.924974 0.038412 -0.139601 0.0568971 -0.0963177 : 0
0.319534 0.0135381 -0.0540485 -1 -0.276724 0.634007 0.236726 -0.016998 0.0367836 : 0.2
0.00994866 -0.256505 -0.00977066 0.34232 0.10907 -0.0791089 0.0507459 0.0828072 -0.167314 : 0
-0.19551 0.0498095 -0.259033 -1 -0.391909 0.0263699 0.0683312 -0.083421 -0.0846915 : 0
-0.184194 0.247772 0.582353 0.0856774 0.138561 -0.0791077 0.0417431 0.449745 0.067382 : 0.1
-0.880161 -0.158529 0.285384 0.263284 -0.0873205 0.850782 0.0506412 1 -1 : 0
-0.197076 0.0992588 -0.0485491 -0.302969 -0.197936 0.1077 -0.232106 0.0146357 0.277622 : 0
-0.613312 0.048307 0.358584 -0.331408 0.639858 0.0774949 0.0490247 -0.142647 -0.0405192 : 0.3
-0.278175 1 0.603896 -0.249739 0.354769 0.0814181 0.149735 0.25013 -0.0613057 : 0.1
-0.0355099 -0.171849 0.343287 0.995967 0.226325 -0.313626 -0.0421556 0.559979 -0.0524965 : 0.1
0.560993 -0.211451 0.2433 -0.109565 0.0614563 -0.274312 -0.00177288 0.31296 0.0762745 : 0.1
-0.119132 0.6553 0.685132 0.318309 0.0928906 0.064063 -0.00181425 0.034201 -0.881759 : 0
0.499828 0.294036 0.808788 -0.261637 0.284209 0.283184 0.183253 -0.056272 0.0164751 : 0.2
0.306677 0.0274971 -0.0370788 0.0730487 0.0314081 -0.134513 0.0740453 0.094281 0.102668 : 0.2
-0.216937 -0.0330622 0.0405581 -0.328722 0.245499 0.15048 0.0555968 0.400187 0.238777 : 0
-0.360413 0.104002 1 -0.214527 -0.135044 0.308906 0.255152 0.133922 0.145668 : 0
-0.206739 0.0635511 -0.103588 0.120088 0.210369 -0.0867465 0.53158 0.0843075 0.0559584 : 0
-0.0431593 -0.132978 0.111754 0.980863 -0.129778 0.0112463 -0.125168 0.0400558 -0.0505378 : 0.1
0.155991 0.468526 0.394628 -0.360407 0.388686 -0.157804 0.444896 0.101721 -0.0293056 : 0
-0.0575781 -0.0773373 -0.758542 0.078535 0.14617 0.917256 -0.08399 -0.399815 -0.0381842 : 0
0.0907667 0.106997 0.237364 -0.0149325 0.205699 -0.0227319 -0.0349065 0.245461 0.112815 : 0
-0.161107 -0.00211247 0.816914 -0.861081 0.0470562 0.0543289 0.263502 0.0562223 -0.138062 : 0.4
-0.392622 0.23457 0.589397 -0.181588 0.262297 0.0280305 0.0289419 -0.00360641 -0.151172 : 0.3
-0.301834 0.133459 -0.0574136 0.171681 -0.1449 0.178135 0.00694208 -0.0644703 0.011342 : 0.3
-0.0723723 -0.0615302 0.030069 0.15296 0.1241 1 0.984518 0.380424 -0.00732109 : 0
-0.0385301 0.0913384 -0.039028 -0.0940432 -0.442364 0.186914 -0.227196 1 -0.233371 : 0.1
0.0734727 -0.0889851 0.792004 0.340769 -0.122505 -0.229867 0.401791 -0.0285544 0.00600029 : 0
-0.209769 0.30669 0.574993 0.116278 -0.0259401 0.177678 -0.0582445 -0.0894056 0.211319 : 0.2
-0.0177947 0.39656 -0.0721603 -0.592839 0.0731439 -0.192842 0.510162 0.229135 -0.0838165 : 0
-0.412512 0.0218533 0.00213748 -0.442623 -0.0622604 0.0234733 0.141573 0.0131182 -0.0516861 : 0
-0.321997 -0.201784 0.388143 0.0368749 0.0213449 -0.258026 0.0125192 0.0632521 -0.107024 : 0
-0.424962 0.150482 0.646914 0.0424587 0.141911 0.129813 -0.034132 0.348826 -0.143905 : 0
-0.513538 -0.242177 -0.143918 0.353533 -0.0831601 0.00645225 0.0158273 0.948203 0.163406 : 0
0.399996 -0.0574341 -0.00883512 0.1102 -0.372467 0.0999749 -0.117403 0.127729 -0.333547 : 0.3
1 0.213804 -0.582666 0.754739 -0.398983 -0.43651 -0.22558 0.0590982 0.211617 : 0
-0.183478 0.170379 -0.0888463 -0.068293 0.945685 -0.0256612 0.0578067 -0.000516757 0.117184 : 0
-0.303124 0.101924 0.439164 -0.186288 -0.0474208 0.157551 0.0463126 -0.215127 -0.151191 : 0
0.084599 0.0696377 -0.0953252 0.0231721 -0.110895 0.017083 0.0447099 0.0578792 0.172996 : 0
0.146081 0.0687366 -0.288743 -0.974969 -0.113879 0.660621 0.0774153 -0.434632 0.070525 : 0
0.142635 0.0100659 0.0851168 -0.18135 -0.159026 -0.00994109 -0.0601077 0.0377176 -0.265578 : 0
-0.327154 -0.134264 0.555526 0.172213 0.739882 0.00485435 0.258425 0.09695 0.913196 : 0
0.271452 -0.198975 0.0177723 -0.132716 -0.0315938 0.0101904 -0.0795742 0.0428029 -0.399256 : 0.3
-0.0622576 0.0537843 -0.0818394 -0.0650638 0.462766 0.189318 0.357454 -0.0498617 0.0753518 : 0
-0.283458 -0.117337 -0.16536 -0.430503 -0.165685 -0.34991 0.113039 0.139202 -0.00150532 : 0.1
0.131952 0.00702813 0.0459531 0.110902 0.0273943 0.102628 -0.0520828 0.301753 -0.039283 : 0.5
-0.0235837 0.612302 0.0757974 -0.678003 -0.0308304 0.00340863 0.500764 -0.264375 -0.735008 : 0
-0.0522066 0.0801217 0.102637 0.286487 0.189592 -0.57498 -0.0335997 -0.0889947 0.155824 : 0
-0.0411519 0.0212995 0.360862 -0.245615 0.262119 -0.0117853 0.0171236 -0.0419869 0.0693823 : 0
0.01629 0.210089 -0.026271 -0.000353917 0.146308 -0.19817 -0.0386412 0.220428 0.406639 : 0.3
0.343889 0.0692068 -0.319784 0.0549381 -0.112371 0.0994383 -0.0262401 -0.395621 -0.118173 : 0
-1 -0.241035 -0.0401063 0.0860503 0.395576 0.39128 0.134265 -0.204648 0.0178905 : 0
-0.144572 0.137596 -0.00589585 -0.561608 -0.172521 -0.378483 0.209615 0.535994 0.216762 : 0
-0.0382414 0.122838 0.0211939 -0.174559 -0.153982 -0.580036 0.233128 -0.368066 -0.0363813 : 0
-1 -0.0116639 -0.00968316 0.0614786 -0.0132531 0.372638 -0.24713 0.159581 0.0609945 : 0
-0.0746428 0.254096 -0.172602 0.0588178 0.155962 -0.125751 -0.310307 -0.0549404 0.239244 : 0
-0.00705732 0.24233 -0.364702 0.233634 0.473685 -0.312755 0.367162 0.101836 -0.139638 : 0
0.308437 1 -0.0749076 0.0432176 0.109832 0.16479 0.0665171 -0.0286414 0.314611 : 0.1
0.136432 0.678655 -0.035391 0.16926 0.0262846 0.0336975 0.0415399 -0.0818315 0.0431067 : 0.2
-0.446049 -0.230828 -0.0130809 0.325943 -0.369087 -0.481861 -0.0541149 0.0227675 0.0335209 : 0
0.0169739 0.126727 -0.487873 0.0631065 0.107408 -0.195689 0.114235 -0.230246 0.12081 : 0
-0.078949 0.577284 0.0221717 0.160787 0.0140416 0.741943 0.0485486 -0.102692 0.130095 : 0
0.0335952 0.279463 0.884343 0.184371 -0.166718 -0.0636701 1 1 0.793826 : 0
-0.540318 -0.11846 0.0851924 0.090683 -0.454476 -0.0284602 0.439232 1 0.0624661 : 0.5
0.360483 0.796144 -0.0821465 -0.179577 0.22532 -0.229638 0.2296 0.562615 0.484773 : 0
0.242363 -0.213273 -0.00514886 1 0.29061 0.0422697 -0.0777083 -0.155692 -0.0787228 : 0
-0.383735 -0.0540521 -0.0959855 0.14148 -0.081311 -0.050341 0.0186152 0.0918242 0.0815386 : 0
0.104044 0.0434249 -0.00759292 0.0936302 0.22751 0.305242 0.260171 0.108762 0.299517 : 0
-0.0815067 0.277057 0.0756272 0.174667 0.753095 0.466236 0.281536 -0.487258 0.272925 : 0.1
-0.245863 0.00761948 -0.0472895 0.0789543 0.200101 -0.058348 0.0698736 -0.447747 -0.612166 : 0
-0.0146332 -0.260497 -0.676794 0.0541453 0.280262 0.500868 0.0514853 0.00287871 0.0270948 : 0.3
-0.0291275 0.14021 1 0.0904448 -0.0921253 -0.261493 0.872886 -0.0377042 0.131005 : 0
-0.102383 0.0687868 0.20729 -0.0841627 0.277634 0.0884081 0.287871 -0.203941 0.157574 : 0
0.659737 0.137706 -0.60599 -0.191457 -0.338524 -0.212758 0.246094 1 -0.338977 : 0
0.0390142 0.567194 0.219959 0.138129 0.366623 -0.35627 -0.160117 0.40396 0.179839 : 0.1
0.335202 0.617348 -0.114695 0.266935 -0.00713065 -0.244561 -0.133984 0.0560963 0.424111 : 0
-0.00063476 0.751126 -0.0473192 0.0767142 0.0651817 0.295389 0.00387999 -0.161982 -0.12789 : 0
0.183695 -0.0215233 0.0968032 0.025456 -0.117297 -0.0582177 -0.511299 0.0430334 -0.0135674 : 0
-0.0883904 0.208963 0.0296574 -0.403768 0.995574 0.116189 0.010382 -0.0651729 -0.385508 : 0
-0.20012 -0.380175 1 0.0337652 0.252221 0.167127 0.0296614 -0.436581 0.0638534 : 0.1
-0.212828 0.746253 0.200272 -0.0557636 0.117041 0.26399 0.446358 -0.220696 0.533382 : 0
-0.00823493 0.0322187 0.0831118 1 0.0175763 0.250342 -0.191151 0.0061501 0.0482817 : 0.1
0.148965 0.308993 0.159505 0.203309 0.177517 -0.580422 -0.332196 -0.0528098 0.0609062 : 0
-0.547684 -0.268147 0.0238677 0.0758784 0.034578 0.113767 -0.764807 0.0545394 0.177126 : 0
-0.0397935 0.299698 0.220967 -0.037837 0.608881 -0.197221 -0.0359295 0.128308 0.182516 : 0
-0.00153158 -0.0996177 0.528454 0.0284268 -0.0333659 0.14991 -0.0397423 -0.313128 -0.161919 : 0
-0.361194 0.212132 0.382396 -0.179163 -0.109946 -0.0781217 -0.121192 0.55886 0.0212735 : 0.2
-0.000238428 0.00468795 -0.21022 -0.0242513 0.233044 -0.112783 0.172467 -0.0510835 0.926792 : 0
0.0341071 0.0427983 0.0332703 0.452368 -0.00545324 0.00354151 0.105078 -0.126943 0.653775 : 0
0.0605581 0.0297233 0.857927 -0.129412 -0.000113349 0.129893 -0.0604187 0.0380055 -0.0210584 : 0
0.134098 0.658231 0.129934 -0.151882 0.254726 0.21458 0.114413 -0.0612454 -0.0979131 : 0
0.0237889 -0.088823 0.0287379 0.398083 0.20969 -0.514634 0.00187837 0.0110072 0.627995 : 0.4
0.0121042 0.175028 0.495156 0.678933 -0.0814583 0.311072 0.00448304 0.177704 0.00658955 : 0
-0.167487 -0.0846713 -0.0173271 0.0642004 -0.153288 -0.106829 0.0918899 1 -0.078306 : 0.2
0.369354 0.141943 0.035755 -0.0675382 0.0480024 -0.0758582 -0.024581 0.452069 0.35727 : 0
0.137751 1 0.238869 -0.00446153 0.0178085 0.852385 0.0582862 0.0273951 0.128389 : 0.3
0.0255156 0.170105 -0.15539 0.0798086 -0.00455538 0.0291213 0.028716 0.0483049 0.50801 : 0
-0.164454 0.0554559 -0.010833 0.00291323 1 -0.159651 -0.457615 -0.0556891 0.477943 : 0
-0.601701 0.0746135 0.0128407 0.225789 0.0566053 -0.433179 -0.23941 -0.153583 0.187851 : 0
0.0153075 0.129043 0.137222 0.391616 -0.186478 -0.643303 0.61919 -0.0997913 -0.0669451 : 0
-0.00513701 0.23881 -0.0168528 0.412815 0.0351946 0.459381 -0.344432 0.0185416 -0.0584654 : 0.3
0.333553 0.199202 0.387106 -0.719365 -0.112857 -0.0257613 0.472964 0.261458 0.274892 : 0
0.0168572 -0.126399 1 0.00589967 0.228988 0.0919918 0.492697 0.0171241 0.0441534 : 0.1
0.0721404 0.0327668 0.213504 -0.0655898 -0.134021 0.434444 0.0262464 0.00271133 -0.426926 : 0.2
0.180502 -0.0840932 -0.11545 -0.324379 -0.0412139 -0.0914213 0.0164084 0.523551 -0.0790038 : 0
-1 0.157643 0.178727 0.388903 0.401265 0.614164 -0.11032 0.187182 -0.0170602 : 0
0.628358 0.606763 0.234919 -0.000516996 0.00726071 -0.0744051 -0.0313383 -0.235826 0.258195 : 0
-0.610654 0.460227 -0.00848786 0.0272806 0.00467923 0.173891 -0.0929904 0.163368 0.238974 : 0.2
0.0859075 -0.0784323 0.0100763 0.17103 0.123502 -0.131398 0.0805724 0.205803 -0.0828887 : 0
0.270184 -0.219347 -0.00922965 0.159985 0.294602 0.0806454 0.107364 0.736188 -0.0856109 : 0
0.1209 0.413823 0.226355 -0.0030774 0.728385 -0.166247 0.135404 -0.178837 0.249275 : 0
-0.398268 0.351416 -0.28109 0.00818982 -0.416774 -0.136537 -0.329765 0.0331409 0.180936 : 0
0.338711 0.0394587 -0.13268 -0.443799 -0.0991528 -0.142275 0.532508 -0.0667636 -0.0340172 : 0
0.479749 0.0132257 0.244952 0.774607 0.54037 -0.268693 0.0633903 0.306209 0.230414 : 0
-0.296947 0.078339 0.0422511 -0.253183 0.186942 0.547192 0.136105 0.014496 -0.0421169 : 0
0.321677 -0.772959 -0.234557 -0.336593 0.0347086 -0.128087 -0.0143992 -0.0655228 -0.223484 : 0
-0.439299 0.0279546 -0.000267413 -0.0333983 -0.0071334 0.0150381 -0.030807 0.0190913 -1 : 0
-0.488474 -0.0351185 0.158223 -0.368393 0.179482 0.0152846 -0.445327 0.422226 0.323074 : 0
-0.031626 -0.0391088 0.136171 0.120582 -0.0641702 -0.0295889 0.0601235 0.00276438 0.00217932 : 0
-0.409489 0.663631 0.794463 -0.00552382 0.176911 0.121281 0.319024 -0.0973875 0.103749 : 0
0.0836698 -0.0641156 0.236468 -0.113587 0.344034 -0.183473 0.201298 -0.0397217 0.0495944 : 0
0.086934 0.582068 0.309159 0.0982661 0.122479 1 -0.184738 -0.335996 -0.0107286 : 0
0.127159 0.292513 0.0293527 -0.233946 0.345808 -0.0903566 0.108661 -0.0430958 0.108284 : 0
-0.328882 0.408913 -0.0425283 -0.194518 -0.0971515 -0.191022 0.276274 -0.139257 -0.045791 : 0
0.231206 -0.0201227 1 -0.905607 0.638574 0.328194 0.147196 -0.210032 0.163189 : 0
-0.0949496 0.112329 -0.0237673 -0.0889147 0.0560135 0.0437609 0.567388 0.0682401 0.0997761 : 0
-0.175886 0.217911 -0.275917 -0.0128694 0.367333 0.00736097 -0.0554058 0.0227236 -0.0953718 : 0.2
-0.343357 0.20843 0.0992505 -0.360716 0.0731165 -0.148523 -0.316281 0.355789 0.15468 : 0.1
0.163033 0.0128078 0.206039 0.191215 0.626921 -0.242676 -0.551991 0.439012 -0.0653041 : 0.5
-0.159749 -0.151975 0.475675 0.111916 -0.0944414 0.91273 -0.0774127 -0.0133874 0.00646964 : 0.1
-0.47426 0.154415 0.0771463 0.0956732 -0.397785 -0.130619 -0.321257 0.69582 0.537393 : 0.1
-0.0531287 0.0017527 0.0930007 -0.0316214 -0.00356676 0.133501 0.101232 0.168261 -0.255109 : 0
-0.0177081 0.28278 -0.114421 -0.139926 0.0536775 -0.271212 0.172017 0.246934 -0.0509502 : 0
0.0950842 0.0398353 0.101389 0.091521 0.055214 -0.496077 -0.141343 -0.0570934 0.357413 : 0
0.000782102 -0.0864676 -0.237429 0.1581 0.442291 -0.0532172 0.0327543 0.195537 0.0121415 : 0.7
-0.605313 0.0710926 0.525698 -0.23981 0.116922 -0.433661 0.0364417 0.00186627 0.0684311 : 0
0.168965 0.0720135 0.343616 0.0266048 0.236717 -0.222638 0.113355 -0.115824 0.0517334 : 0
-0.17388 0.108067 0.182146 0.00230625 1 0.018303 0.0370159 -0.10983 -0.0390788 : 0
-0.0347684 0.481852 -0.118888 0.0939166 0.19538 0.0751184 0.0011586 0.0258523 -0.233195 : 0
-0.00927062 -0.210459 0.674421 0.853675 0.212666 1 0.0724979 0.544089 0.00717315 : 0
0.0720641 0.227412 -0.0909479 0.0532722 0.152194 -0.0527415 0.0220375 0.214314 0.107965 : 0
-0.221517 0.0958352 -0.100805 -0.316354 -0.228535 -0.32068 0.0753254 0.611961 0.170902 : 0
0.145322 0.0578236 0.173983 1 0.395832 -0.057404 -0.19458 0.00201755 -0.0342557 : 0.2
-0.24298 0.150011 -0.0453943 -0.319624 1 0.300829 -0.00641261 -0.0691484 -0.101637 : 0
-0.437152 0.246174 -1 0.109533 0.228534 0.297914 0.387939 -0.206676 0.136063 : 0
-0.107962 0.120076 -0.0207461 -0.0865881 0.143258 0.351567 0.830612 -0.0521938 -0.0537885 : 0
-0.78407 -0.0926632 0.350114 0.317563 -0.313329 0.390406 0.162996 0.103299 -1 : 0
0.315851 0.970551 -0.152269 2.72095e-05 0.42033 0.0530365 0.210395 0.719082 0.279015 : 0
-0.925718 -0.0466766 0.118259 0.0453377 0.379985 0.357583 0.132189 0.129353 -0.00698365 : 0.1
0.358616 0.0314157 0.232132 -0.0126574 -0.0720498 0.0332198 0.0810429 0.00168699 -0.140492 : 0
0.0662925 -0.181415 0.018872 0.0387425 0.186741 -0.191065 -0.0277892 0.0326516 0.12337 : 0
0.203976 0.252904 -0.362028 -0.015781 0.374597 0.00519154 0.0324782 0.0375328 0.0120505 : 0
0.0991731 0.262647 0.424702 -0.978469 -0.0252992 0.0243778 0.0590439 -0.156379 0.0719907 : 0
0.0773156 0.030677 0.0406296 -0.00944467 0.837926 0.0380064 0.0398573 -0.0957394 0.610525 : 0
0.223397 0.137878 -0.0755484 0.0115821 0.040039 0.0169889 -0.126863 -0.0773643 -0.0258139 : 0
0.588927 -0.0824178 -0.177903 0.0521532 -0.0323467 -0.509618 0.0667627 -0.163872 -0.0313765 : 0
-0.12031 -0.0266527 -0.378284 -0.694698 -0.0654691 -0.150547 -0.0685363 0.0894232 0.173491 : 0.1
0.195539 0.466787 0.248813 -0.0718157 0.0483271 -0.0448569 -0.0903706 -0.102386 -0.0289765 : 0
0.317005 0.0312386 0.497666 -0.0685465 1 0.0283402 -0.436631 0.28427 -0.00274402 : 0
-0.188377 0.149862 0.0260603 0.255207 0.00687458 0.232232 0.0227875 -0.130588 0.0555293 : 0.1
0.0636139 0.234244 -0.327102 -0.333209 -0.47387 0.183341 0.157292 -0.0388182 -0.0625672 : 0.4
0.14375 0.181146 0.0450273 0.262788 -0.456027 -0.166083 0.090425 -0.0182452 0.154408 : 0.3
-0.203139 0.181133 0.418769 0.143823 0.245418 0.367173 -0.0124073 0.477273 -0.0020433 : 0
-0.302493 0.17173 0.658496 -0.248948 0.0789412 -0.00793643 0.445137 0.153982 0.038769 : 0
1 0.00271079 0.201626 0.182751 -0.156981 -0.216391 -0.0549217 0.31799 -0.0155628 : 0.1
-0.044962 0.148309 0.148173 0.278649 -0.169147 -0.2743 -0.0960328 0.704987 -0.103218 : 0
-0.328711 -0.182294 0.0334323 -0.0860334 0.697053 -0.197121 -0.0484547 -0.399 -0.122065 : 0
-0.109945 0.162044 0.329524 0.172657 0.117218 -0.063907 -0.537506 -0.0291136 0.207532 : 0.5
0.0739313 0.0849203 0.0243165 0.353586 0.389445 -0.224029 -0.257266 0.10135 0.482339 : 0
-0.125563 0.0962264 -0.107826 0.537765 -0.00263536 0.0274397 0.312771 0.44505 -0.031354 : 0
0.0828503 -0.00591033 0.124056 -0.0782656 1 -0.340897 0.0142764 0.0422187 -0.0243808 : 0
-0.130173 0.1484 -0.0105507 0.077175 -0.0938286 -0.0609764 0.0656316 0.0450826 0.356748 : 0.1
-0.0839257 0.0318737 0.15585 0.00846939 0.289499 -0.106633 0.0682612 0.0737572 0.141654 : 0.1
-0.450506 0.0653705 0.0208118 -0.232086 0.0411852 -0.03944 -0.0292905 0.153002 0.431085 : 0
-0.190062 0.139108 -0.090281 0.0385984 0.48395 -0.142659 -0.00612152 0.0474845 -0.166768 : 0
-0.193968 0.0450803 0.316265 0.141782 0.0289941 -0.467718 0.309985 0.169832 -0.14701 : 0
0.0227805 -0.0712332 0.495934 0.105734 0.777179 -0.070899 0.54103 0.0883031 -0.458477 : 0
0.107459 0.227725 -0.139783 -0.0710416 0.0327905 -0.0313746 -0.0519879 -0.0596141 -0.107466 : 0
-0.399348 0.134864 0.108808 -0.151078 0.286737 0.246033 0.119786 0.0368786 -0.0796976 : 0
-0.182734 0.0485084 0.141501 0.142398 0.244421 0.722833 0.223814 0.0821367 0.0992215 : 0
0.243106 0.24009 -0.121119 0.043006 -0.0972502 0.786038 0.356469 0.123515 0.00558991 : 0.1
-0.179494 0.249873 -0.918829 -0.521783 0.749723 -0.311888 0.297307 -0.0141026 -0.106225 : 0.1
-0.146345 0.383114 -0.0640616 -0.013642 0.0491105 0.31516 -0.190325 -0.393204 0.351086 : 0
0.00696296 0.356511 0.0943801 0.173561 0.00424451 0.60908 0.403026 0.433056 -0.309316 : 0
-0.106193 -0.315978 0.0254426 0.0540383 0.31087 0.0175262 0.0440329 0.613742 0.258848 : 0
-0.0574023 0.073597 0.56815 0.677696 0.18448 1 0.25529 1 0.187344 : 0
0.0468548 0.246666 0.21086 -0.207269 0.196088 -0.148598 -0.0401932 0.229669 0.120301 : 0.4
-0.350207 0.0202293 -0.0142519 -0.65549 0.161501 -0.553799 0.110598 0.0163267 0.0759894 : 0
-0.125609 0.985601 -0.0391914 -0.138523 -0.00326662 0.105757 0.072604 -0.0385401 -0.0130511 : 0
0.282198 -0.00100161 0.171504 0.76245 0.823775 0.120943 0.633757 -0.251487 0.0223572 : 0
0.0889194 -0.00682253 -0.105611 0.206255 -0.29162 0.322357 -0.0758301 0.0103118 0.118564 : 0
0.195364 -0.151081 0.0285653 0.0551017 0.185072 -0.133119 0.133291 0.027128 -0.213046 : 0
-0.196381 -0.0873471 0.191849 0.312861 0.162824 -0.108714 0.0142834 0.0849265 -0.357674 : 0
-0.224906 0.0780917 -0.364866 -0.876468 0.207122 -0.0630364 0.0444999 0.0791605 0.15598 : 0
0.348776 -0.133816 0.107902 0.511662 -0.0384378 0.0148591 -0.0448734 -0.299164 -0.104329 : 0
-0.0305596 -0.0138322 0.235641 -0.174941 -0.25391 -0.259862 -0.0196312 0.153987 -0.0248829 : 0
-0.21221 -0.0413938 -0.506494 0.799503 0.16062 0.204016 0.0224682 0.344711 0.0730887 : 0
0.0846291 0.0367277 -0.430595 0.00405145 0.319938 -0.609398 0.871191 0.252201 -0.0703904 : 0
0.500732 -0.109168 0.178682 0.224984 -0.0181409 0.0614754 -0.0394769 0.113968 -0.0218083 : 0
0.753768 0.240067 0.0992716 -0.109538 -0.0317898 -0.132025 0.10234 0.189536 0.521844 : 0.1
0.152374 0.0544774 -0.269757 0.0426006 0.555476 0.128914 0.330404 -0.00663128 0.196251 : 0
-0.0781139 0.0911618 1 -0.173438 0.0224722 0.644396 0.19809 0.181853 0.239902 : 0.4
-0.0181302 0.034533 0.596996 -0.00552128 0.00432795 0.00507343 0.431831 0.278726 0.208035 : 0
-0.0754946 0.220765 -0.059185 -0.0350712 -0.0858716 0.371163 0.159197 0.254099 0.0339029 : 0.4
-0.375596 0.284962 -0.0692714 0.38263 0.159722 0.145038 -0.27696 0.00072968 0.169887 : 0
-0.100338 -0.0964924 -0.173862 -0.192558 0.241305 0.0536241 0.199498 -0.16181 0.342774 : 0
0.707023 -0.27006 -0.28534 -0.00279802 -0.0832088 -0.0813514 0.00678221 0.542733 0.0708861 : 0.4
-0.0613197 1 0.238001 -0.0221565 0.215775 0.586359 0.0549356 1 0.054054 : 0.4
-0.0777366 0.14132 -0.0277504 -0.323169 0.512474 -0.0160988 0.223609 0.0878571 0.15536 : 0.1
-0.221633 -0.042605 -0.224377 -0.675658 0.249588 -0.381214 0.782921 -0.110991 0.0345766 : 0
-0.251479 0.345764 0.81436 -0.0370405 0.102699 0.125313 -0.469946 -0.31606 0.0853446 : 0.2
-0.419043 -0.106254 0.653524 -0.294676 0.10114 -0.143503 0.100211 0.377418 0.0598948 : 0.1
-0.111362 0.228955 0.0247603 0.298582 0.738302 0.166265 0.164265 0.357318 0.214479 : 0
-0.277139 0.165798 0.301301 -0.00870739 0.476315 -0.128284 0.474666 -0.133951 0.42737 : 0.2
0.0037418 -0.304573 1 -0.145485 0.608432 -0.0639918 0.200417 -0.254265 -0.0492683 : 0
-0.33758 0.139058 -0.597721 -0.92824 -0.248806 -0.0721272 0.0399598 0.140384 0.168337 : 0
0.253294 -0.393265 0.368188 1 0.218946 0.711439 0.00365603 0.731109 0.125496 : 0.1
0.0142176 -0.0155154 0.00480102 0.183172 0.517925 -0.452328 -0.0767247 0.263735 0.0536288 : 0
0.0494511 0.835622 1 -0.270147 -0.0440474 0.274759 0.14797 0.1619 0.192973 : 0.6
0.0828729 0.066572 -0.131197 0.0279852 0.0361804 0.0779153 0.189168 0.773386 0.661199 : 0
-0.067183 0.653153 -0.0875882 0.214972 0.185125 -0.0199281 0.300012 -0.414085 0.169703 : 0
0.150363 0.481836 0.124901 -0.150862 -0.292017 -0.139032 -0.0707509 -0.0697226 -0.0318707 : 0.1
-0.0773281 0.144473 -0.464864 -0.757556 0.0759133 0.0598882 -0.0401421 -0.0487581 0.17886 : 0
-0.308342 0.230163 -0.0705444 -0.217007 -0.0546321 1 -0.048221 -0.00275123 0.0751879 : 0
0.0500739 0.393827 0.311074 0.118118 0.535774 0.0559953 0.165488 -0.311781 -0.0772923 : 0
0.096856 0.329321 0.0707446 0.0600117 0.582215 -0.0763757 -0.0414347 -0.0911373 0.390434 : 0.2
-0.813971 0.262336 0.609149 0.825858 0.16341 0.242855 -0.0140513 -0.0892668 0.0732251 : 0.1
-0.094311 -0.26193 1 -0.341449 -0.0407604 0.0138146 -0.0481125 0.0832968 0.173861 : 0.5
0.169167 0.261118 -0.461312 0.0370153 0.183501 -0.0822048 0.0954575 0.126106 0.0032342 : 0.1
-0.391369 0.568945 0.119002 0.285413 0.152476 -0.0866491 -0.179318 0.720537 0.557811 : 0.3
0.0856001 0.0444277 -0.00674322 0.141272 -0.14288 0.123303 0.1328 -0.0893491 0.0924028 : 0
0.00407793 0.522458 -0.0494926 -0.135583 -0.0213099 -0.143355 0.432375 0.734055 -0.0509287 : 0
0.0497156 0.0915906 0.205489 -0.0406474 0.354667 0.365832 0.104691 0.427374 0.231394 : 0.3
0.178019 0.407766 0.302411 -0.086868 0.270916 0.805563 0.181275 0.0205191 0.136424 : 0
-0.0285503 0.977089 -0.565944 -0.314946 -0.0512482 0.0910416 0.0806158 -0.0893456 -0.328602 : 0.1
-0.0741244 -0.0123868 0.107239 -1 -0.0386108 0.435706 0.0618977 -0.237975 -0.0715585 : 0.1
0.18186 0.729161 0.333437 0.032152 0.111959 0.0812131 0.412755 -0.206704 -0.372466 : 0
-0.0254803 0.0461907 0.23079 0.185707 0.40337 0.0389795 0.0960187 0.259106 0.104559 : 0
-0.176241 0.73878 0.0240948 0.460678 0.0860613 -0.479363 0.0147603 0.274822 -0.576321 : 0
-0.42491 0.0457725 0.0769629 0.586606 -0.249675 -0.0803613 0.415382 -0.132785 0.121818 : 0.4
0.332252 0.0470632 -0.145684 0.0571334 -0.199689 -0.201665 -0.155289 0.248143 0.0872051 : 0
-0.115047 -0.0565715 0.139024 0.105241 0.134148 -0.431752 0.109222 0.270233 0.0740819 : 0
0.414058 -0.0241738 0.0498309 0.174833 0.244123 -0.916727 -0.224927 0.616223 0.144419 : 0
-0.0394839 -0.0747259 0.48361 0.0935813 -0.0247216 0.0869669 0.75848 0.310051 0.37778 : 0
0.336745 -0.0149391 0.109785 -0.0446723 0.263793 1 -0.0877793 -0.0230058 0.00222909 : 0
0.075684 -0.192683 1 -0.424361 0.0397744 -0.00257228 -0.37838 0.0582163 0.0727098 : 0.2
-0.0723013 0.0930044 -0.0546651 0.475526 0.57094 -0.185519 0.213475 -0.222215 -0.0378072 : 0
0.310398 0.0382558 0.0307404 0.420992 -0.839461 -0.025553 -0.0403399 -0.139014 -0.029453 : 0
-0.106958 0.668654 -0.0511174 -0.0730442 0.219013 0.0805661 0.211825 0.0812383 -0.0908158 : 0.4
0.385869 0.184125 -0.385037 -0.0418382 -0.247564 -0.0151901 0.0156665 0.234346 0.128704 : 0
0.0738488 0.0109303 0.472288 0.342159 0.522972 -0.105234 0.294712 0.185901 0.667125 : 0.1
-0.149942 -0.0117213 0.319206 0.00410345 -0.808649 0.120753 0.00871281 -0.0165221 -0.017287 : 0.2
-0.354759 0.0429955 0.157793 -0.506258 0.139319 0.168693 -0.819724 -0.159897 0.10955 : 0
-0.0210426 0.595603 0.207675 0.402513 0.0508512 -0.633103 -0.058698 0.0163332 0.489104 : 0.4
0.0384768 0.0766954 0.0613868 0.0953331 0.28602 -0.272745 -0.036201 0.428151 0.00781167 : 0.2
0.0283938 0.0562108 1 -0.136247 0.0415421 0.183965 0.314565 -0.0674906 0.0901835 : 0.3
-0.0502567 0.348247 0.167616 -0.0631337 0.944773 -0.0336885 -0.223258 0.145506 -0.0355437 : 0.4
1 -0.184693 0.158977 0.0219449 0.543246 -0.0939771 0.346783 -0.324723 0.31365 : 0
0.0172919 0.291771 0.456179 0.476433 0.0808397 0.524051 0.349385 0.49438 -0.0552654 : 0.2
0.512935 0.194235 -0.00745958 0.0104881 0.628767 0.509228 0.161444 0.708938 0.290296 : 0
-0.00308961 0.134046 -0.00769842 0.354393 0.0302559 0.223797 0.000450552 0.283321 0.0147039 : 0.1
-0.086063 -0.0882913 -0.111143 0.214469 0.674595 0.369077 0.137904 0.844714 0.00711681 : 0
-0.768296 -0.162583 -0.0931329 0.128056 0.307432 0.193634 0.291501 -0.156468 0.362233 : 0
-0.0585222 0.143221 0.0734691 -0.700919 0.0817421 0.752003 0.0352635 -0.329072 0.126728 : 0.4
0.0778499 0.086543 -0.43083 0.044788 0.297284 0.0186885 -0.0561604 0.0412932 -0.100005 : 0.1
0.0308868 -0.285724 0.102051 0.146678 0.0684979 0.139588 0.0312107 0.0421172 -0.0444019 : 0
-0.091974 0.0648008 0.412356 0.14055 0.0121012 -0.0849191 0.662096 0.389737 0.0577113 : 0.5
-0.154258 0.026221 -0.132025 0.129722 0.621716 -0.400417 0.0527145 0.34868 0.044691 : 0
0.368254 -0.0895948 0.487432 0.249903 0.481329 -0.0742173 0.0360649 -0.373108 0.0516793 : 0
-0.062545 0.298283 0.117585 -0.593494 -0.103228 0.0301672 0.240072 0.0452112 0.00901883 : 0
-0.0740835 -0.139056 0.178776 0.152687 0.400834 -0.128232 -0.381867 0.265643 0.0363319 : 0.1
-0.00943041 0.258043 0.150417 -0.128279 -0.000574887 0.194494 0.336165 0.0879836 0.0356755 : 0.2
-0.173437 0.196026 1 -0.4491 -0.114667 -0.184133 0.686675 -0.0897728 0.0727836 : 0.1
0.531712 0.0865424 0.26422 0.517074 0.560387 0.120545 0.191607 -0.148309 -0.108251 : 0.1
0.384975 0.0353866 0.275327 0.0464205 -0.0236146 1 0.0696709 -0.0319319 0.0222658 : 0
0.256824 0.0373734 0.123646 -0.0895765 0.440881 -0.0304953 -0.0127423 -0.161835 0.196523 : 0
0.0586318 -0.0692863 0.155178 0.923833 0.240656 -0.242642 -0.231417 1 -0.0703009 : 0.1
0.0662601 0.371774 0.0422792 0.0426539 -0.219582 -0.18567 0.0419328 0.0110858 -0.405617 : 0.1
-0.241658 -0.0503001 0.576473 0.249011 -0.46889 -0.0720613 -0.402686 0.101505 0.259546 : 0
0.793843 -0.235164 0.52226 0.0371377 0.0989853 -0.522621 0.404128 -0.000626951 -0.05967 : 0
-0.138132 -0.0952104 -0.137012 -0.125931 0.362878 -0.158635 0.0495938 0.55972 0.25583 : 0.4
0.111835 0.629743 0.0394561 0.102143 0.0870326 0.109357 -0.197348 -0.191133 0.0975943 : 0
-0.155322 0.259337 -0.121326 0.142096 0.202751 -0.01839 -0.193676 0.176756 0.106874 : 0
-0.0567047 0.222547 -0.0157816 -0.0280788 -0.0501782 -0.0588003 0.132715 -0.137508 0.177295 : 0
0.0655697 0.242356 -0.131744 -0.0743958 0.330254 -0.207858 0.0514122 0.280629 -0.121929 : 0.5
0.0487541 0.143257 -0.0485022 0.0713321 0.440948 -0.237999 -0.249165 0.0479122 -0.0799446 : 0.3
-0.131399 0.0558826 0.0129005 -0.0169731 0.0150272 -0.409697 0.0972878 -0.00232138 0.22866 : 0
-0.0492677 0.00469649 0.261186 -0.0409832 0.0295382 0.331531 0.15711 0.0490251 -0.00292962 : 0
0.0238446 0.0953406 0.495037 -0.261506 -0.121845 -0.140749 -0.230587 -0.115413 -0.0112941 : 0
0.00252714 0.111101 0.244365 -0.123774 -0.0455664 -0.511687 0.223874 -0.0893852 -0.017125 : 0.2
-0.0732916 -0.105295 -0.0244278 0.00692984 0.547583 0.537797 0.0925148 0.0636638 0.467021 : 0.5
0.0833262 0.0246835 -0.0275039 0.083713 0.651423 0.411853 0.517875 0.143088 0.491524 : 0.5
-0.0576952 0.549306 -0.215626 0.956871 0.224279 1 -0.0874676 1 -0.0625096 : 0.3
-0.095221 -0.176274 0.0680999 -0.0281898 0.312782 0.352399 0.111376 1 0.146167 : 0
0.115847 0.0301732 0.0722513 -0.170818 0.108627 -0.281156 -0.0153022 0.370005 -0.145665 : 0
0.102351 0.0864557 0.299912 -0.00825749 0.150423 -0.101607 0.401922 -0.0893958 -0.106472 : 0
0.0907152 -0.0362926 0.71413 -0.323474 0.0745334 0.254955 0.0556547 -0.0282119 0.0413405 : 0
0.00156902 -0.235385 -0.782871 0.078373 0.538471 0.623094 -0.190185 0.00440267 -0.106506 : 0
0.756115 -0.230342 -0.682435 -0.212605 0.00428605 -0.842354 0.209262 0.0283618 0.341645 : 0
0.0119854 0.0821533 0.560199 0.107058 -0.398515 0.0936239 0.0370097 0.193278 0.0621516 : 0.3
-0.00162423 0.0921583 0.262879 -0.150901 0.381566 -0.23822 -0.0379217 0.575027 0.0278041 : 0.2
0.0117829 0.101028 -0.767799 0.0442555 -0.00568378 0.031266 0.0918221 0.0894255 -0.0171654 : 0
0.0414434 0.0394733 0.122471 -0.00965729 0.177447 0.0368748 -0.107468 0.204947 0.406976 : 0
0.245242 0.109674 0.21569 -0.0283314 -0.12334 0.144399 -0.234535 -0.00632207 0.139905 : 0.1
0.147249 -0.0157571 -0.222955 -0.192311 0.215878 0.63999 0.036713 0.489566 -0.0908258 : 0.1
0.356528 -0.0317936 0.000701357 -0.142957 0.204287 0.28946 -0.0018839 0.705681 -0.110555 : 0.4
0.0212459 0.385054 0.00331129 -0.117923 0.652128 -0.0711158 -0.0703101 0.225529 -0.123559 : 0
0.0693036 0.0661121 -0.257219 0.00439994 0.282982 -0.0833184 0.138381 -0.122622 -0.0206803 : 0
-0.108718 0.313426 0.221756 0.374217 1 0.0157026 -0.250666 -0.132406 -0.0327355 : 0
0.036343 -0.0677132 -0.301611 0.79632 0.432368 0.217366 -0.0049112 -0.127582 0.0543165 : 0.3
-0.0979822 0.0323261 -0.139704 0.0739665 -0.0821296 -0.0186968 -0.165902 0.272042 -0.0162448 : 0
0.70634 0.0353827 0.0868454 0.519652 0.0669498 0.641977 -0.0165355 0.503702 -0.111185 : 0
-0.0431465 -0.211176 0.723098 -0.731494 0.113175 -0.926282 0.0557923 0.112117 0.283515 : 0
-0.629373 0.127788 -0.00463018 0.0232671 0.156769 0.39308 0.45373 0.249828 0.433879 : 0
-0.327969 0.282618 -0.0253568 -0.0876138 0.658464 0.353349 -0.316031 -0.154757 -0.117893 : 0
-0.139069 -0.0610786 -0.188089 0.0231124 0.0249636 0.111468 0.743396 -0.184794 0.362369 : 0
0.237445 0.199403 0.277554 0.0524738 0.0559702 0.291182 -0.098758 0.0852884 0.197578 : 0.1
-0.496743 0.104788 0.0547864 -0.151092 0.00476264 0.338154 0.165563 -0.0564401 -0.0253598 : 0
-0.375589 -0.00775988 -0.0153682 -0.0892215 0.0317264 0.361041 -0.911767 0.0960365 0.341087 : 0.4
-0.16493 0.881036 -0.148696 -0.08254 0.184145 -0.113615 0.704499 -0.101284 -0.448868 : 0
1 -0.0978617 0.151297 0.0152117 0.260101 -0.101415 0.0786465 0.628839 -0.1399 : 0
-0.0912698 1 -0.227636 -0.318029 0.214204 -0.0562364 0.2795 -0.423737 0.116287 : 0
0.0129128 -0.0166085 0.0180817 -0.0221492 -0.0438682 -0.127426 0.0372443 -0.0175712 0.216122 : 0.3
-0.9686 -0.242086 -0.0557166 -0.178095 0.427236 0.586868 -0.137449 0.178846 -0.0263608 : 0
0.128783 -0.0875636 0.882245 0.0923931 0.550004 -0.137469 0.0521728 0.0158678 0.0334664 : 0
0.275816 0.0281812 -0.00656282 0.0428659 -0.0717105 -1 0.360927 0.351912 -0.0156588 : 0
-0.00817781 -0.0191721 0.199293 -0.0571757 0.0764765 0.240878 0.0159469 -0.0768587 0.00670803 : 0
0.349866 0.411005 -0.0718018 -0.155907 -0.010218 0.20494 0.351849 -0.156225 -0.017639 : 0
0.039755 0.656184 0.0617821 0.655807 0.00146487 0.235579 0.811268 -0.351655 0.18722 : 0
-0.0820937 0.741973 -0.122232 -0.293823 -0.0374852 0.226328 0.168066 0.0863731 -0.11995 : 0
0.0568855 0.217919 0.145745 -0.088266 0.686602 0.238532 1 0.522685 -0.0771453 : 0
0.314221 -0.220634 -0.112939 0.00251006 0.442547 0.106627 0.118453 1 -0.0299988 : 0
-0.0760592 0.990483 -0.199626 0.14713 0.0183452 0.0105501 0.305166 -0.101906 0.129748 : 0.4
0.176652 0.0501959 -0.751073 -0.338907 -0.107826 -0.048517 0.261021 0.0358948 0.13788 : 0
0.123605 -0.131894 -0.128076 0.16793 -0.211571 -0.148342 0.439612 -0.209381 0.0205029 : 0
0.244961 -0.0956809 -0.0572189 0.141067 0.559024 0.0376599 0.281736 -0.18595 0.412588 : 0
-0.0581277 -0.053625 0.17669 0.169231 0.345813 0.142451 0.555077 0.0469214 0.0227532 : 0
-0.0102601 0.124869 0.0980507 0.262236 0.121235 -0.206452 -0.107633 0.0924105 -0.122365 : 0
-0.15522 0.205244 0.0911387 0.0603447 0.379977 0.0578156 0.244668 0.00351927 0.045493 : 0
-0.479285 -0.00613453 0.0438447 0.110774 0.401657 0.0728031 -0.247631 -0.307354 0.350657 : 0
-0.0827389 0.261529 0.00444539 -1 1 0.465899 0.0536527 -0.109036 0.355487 : 0.2
-0.150631 -0.287215 -0.0686793 -0.17257 0.315414 0.178321 0.0643676 0.0267388 0.157651 : 0
-0.0179643 0.162719 0.10119 0.0072906 -0.209249 -0.0501594 0.480294 0.443297 0.384136 : 0.4
-0.210447 -0.0243471 -0.198653 0.998524 0.00773683 -0.136226 0.622779 -0.0375513 -0.0166118 : 0
0.602131 0.205825 0.316964 -0.0639312 -0.0401963 -0.563278 0.115853 -0.306627 0.00357041 : 0
-0.0143425 0.413633 -0.0877761 -0.782183 0.0608692 -0.206061 -0.120111 -0.141951 -0.0249663 : 0.4
-0.122782 0.293847 -0.161266 -0.588157 0.902224 -0.151354 0.432042 1 0.0849817 : 0
0.119192 0.366755 0.239437 -0.175346 0.580121 -0.0963604 -0.10248 0.177526 0.0484321 : 0
0.0557514 -0.0709599 0.595626 -0.00780952 0.163506 -0.0928429 0.149481 0.00388071 0.199297 : 0.5
-0.0368838 0.234202 0.342206 0.255768 0.406308 -0.212709 -0.0422695 -0.270844 -0.00806313 : 0
0.183214 0.247858 -0.143459 -0.438848 0.150977 -0.330967 0.00117219 -0.148498 -0.10634 : 0.1
0.592661 0.147674 -0.201009 0.0182217 0.304783 -0.509993 0.294875 0.018429 0.219943 : 0.5
-0.00474593 -0.046749 0.00559919 -0.150248 0.00455499 -0.023753 0.27689 -0.00534066 0.0759273 : 0.5
-0.00222267 -0.0772957 -0.154106 -0.0208576 0.21878 0.438378 0.0145789 -0.0725299 0.205471 : 0.7
0.0181675 0.240808 -0.100133 -0.334386 0.345812 0.24332 0.132728 0.377899 0.119193 : 0.5
-0.163589 0.580987 -0.117644 -0.158011 1 -0.431077 0.252937 -0.0813647 -0.487051 : 0
0.149165 0.0183392 0.479316 -0.30251 0.140644 -0.0299722 0.48757 0.113857 -1 : 0
0.17154 0.182178 -0.72405 0.0697264 0.238756 0.386839 0.823771 -0.0696164 0.0188306 : 0.1
0.198331 0.00300762 -0.09088 -0.333798 0.0378995 -0.374938 0.0330116 -0.167097 -0.157694 : 0
-0.0655305 -0.0555359 0.238585 -0.140788 0.80386 0.0302527 -0.0718676 0.0289788 -0.125774 : 0
-0.556129 0.689216 0.643475 0.0552723 0.0940321 0.118715 0.0665874 -0.010428 0.157407 : 0
-0.165904 0.329307 -0.0116248 -0.0585504 0.718963 0.253846 0.337326 -0.0604569 0.0210173 : 0
-0.064216 0.0645432 0.082638 -0.0540968 0.607214 -0.0572065 0.0461018 0.10226 0.533787 : 0.1
-0.148636 -0.0900102 0.871144 0.0122026 0.208648 0.268967 0.161064 0.297753 -0.203984 : 0
-0.227628 -0.112076 -0.0662167 -0.414171 0.730734 -0.323787 -0.087564 0.508891 0.278714 : 0
0.0754723 0.234548 0.14997 1 -0.169135 0.95124 0.23164 0.0191122 0.0279351 : 0
0.0998207 0.0811154 0.0404461 0.228957 0.257889 0.504624 0.93988 -0.166912 -0.0214142 : 0.1
-0.00831923 0.146241 -0.0104411 -0.0857095 0.308431 -0.102742 0.00716767 -0.0405233 -0.156354 : 0
-0.393064 0.00845513 0.104507 0.0295914 -0.00662141 0.288101 0.0094739 0.0967721 0.00484563 : 0.1
0.659139 -0.100758 0.0449091 -0.0793998 0.184067 -0.0365806 0.241518 -0.0185429 -0.128267 : 0
0.223801 0.0794786 -0.339883 -0.269959 -0.118501 -0.00460738 0.289128 0.145209 -0.180992 : 0
-0.247833 0.148624 0.0231622 -0.307369 -0.355431 0.0875178 -0.047179 0.15247 0.277557 : 0
0.156675 -0.372205 0.46189 -0.393193 -0.272082 0.318537 0.119542 -0.02907 0.203414 : 0
0.0451873 0.764153 0.33935 0.941729 -0.0384025 0.998992 -0.320606 -0.0405206 0.186071 : 0
0.0226655 0.0591753 -0.186248 0.564938 -0.00301404 -0.0771212 0.00664864 -0.0286457 -0.242852 : 0.2
0.538528 0.0453444 0.389552 0.715543 0.672114 0.145271 0.120292 -0.109718 0.0189021 : 0.1
-0.342526 0.571075 0.580582 -0.567885 -0.0215909 0.109861 0.0659645 0.354724 0.689385 : 0.3
-0.0837006 -0.0228937 -0.237125 0.536799 0.0195139 0.307211 0.176601 0.504286 0.129642 : 0.1
0.0774162 0.575663 -0.238119 0.0378656 0.0820892 -0.0580453 0.0352316 -0.147219 -0.105916 : 0
0.325528 -0.060201 0.382631 -0.142487 -0.164894 0.104693 -0.0199179 -0.129545 -0.0830353 : 0
0.00930323 0.299654 0.319315 0.27028 0.604899 0.012841 -0.00660521 -0.339921 0.00528736 : 0.2
0.13057 0.112696 -0.851748 0.126001 0.0360899 -0.461082 0.0412056 -0.161177 0.0553018 : 0.4
-0.31889 0.263446 0.0977152 -0.036883 0.392446 -0.0498985 0.163963 0.153126 -0.0207354 : 0
-0.048324 0.354449 0.108215 0.427787 0.0419894 -0.200634 0.178445 1 0.18049 : 0
0.0184551 0.00100753 -0.0207463 0.0459214 -0.469628 -0.187729 -0.0551046 0.601489 -0.0609312 : 0.4
-0.0102668 -0.183591 -0.0773727 0.0810689 -0.109121 -0.200867 -0.284748 -0.304081 -0.175051 : 0
-0.00216526 0.0946835 0.022342 -0.499593 0.343685 -0.112999 -0.0406059 0.0125821 0.0488529 : 0.4
0.228585 0.477238 0.29609 0.342421 0.248767 0.407021 -0.0768626 0.288241 -0.053175 : 0.2
0.0736821 0.637876 0.306615 -0.0680477 0.068133 0.013647 0.0551504 -0.106688 0.275667 : 0.2
-0.0050654 -0.0103834 0.175724 0.355272 0.660231 -0.182424 0.0213605 0.202755 0.13119 : 0.4
0.220553 -0.180151 0.3874 0.209023 -0.0699788 0.0772925 -0.0233783 -0.139039 -0.82529 : 0
0.581251 -0.0297439 0.0284533 0.0554288 0.192011 -0.16655 -0.298056 0.167435 0.0736511 : 0.1
-0.167681 0.829193 -0.206709 0.293874 0.0761848 0.0200265 0.00159835 -0.223431 0.0403123 : 0
-0.0307011 -0.183058 -0.086566 -0.121616 -0.130813 -0.000657082 0.364803 0.243572 0.214628 : 0.4
-0.283247 0.107492 0.0427044 0.269279 0.658196 -0.45766 -0.129881 -0.0113324 0.792578 : 0
-0.0463727 0.433637 -0.111187 0.00579433 0.0542466 -0.0910968 0.000512034 -0.0736706 0.0181795 : 0
-0.109282 0.0643989 0.0204935 0.113959 0.265372 0.543821 0.97761 0.28164 0.158444 : 0.3
0.0320186 -0.520461 0.0117633 -0.191465 0.128334 0.125523 0.11721 -0.00681112 0.000164092 : 0
0.160242 0.0656447 -0.689876 -0.303008 -0.120622 -0.824289 -0.00468371 -0.126975 -0.0569318 : 0.4
0.0447695 0.0167082 -0.0920062 -0.060322 0.12732 -0.0782297 0.692073 0.502678 0.0448034 : 0.4
-0.740496 0.368619 -0.189165 -0.284204 -0.270643 0.0234463 0.422478 -0.0568252 -0.0419191 : 0.5
-0.116389 0.301141 0.592726 -0.100682 0.0643239 0.388063 0.0752854 -0.262617 0.38309 : 0
0.203424 0.0477573 0.633004 0.164305 0.15219 0.132613 0.297522 0.0436168 0.116498 : 0.3
0.0373855 -0.231881 -0.085811 0.518517 -0.250827 -0.766458 0.326257 0.166767 -0.114363 : 0
0.0461576 -0.591058 0.0537743 0.203753 0.270029 0.155149 0.133925 -0.0189491 0.118009 : 0
0.739625 0.189657 0.092487 -0.0677841 0.0348525 0.273636 -0.0709955 0.00851333 0.121058 : 0.1
-0.0331524 0.61878 0.200972 -0.10385 -0.0364981 0.181144 -0.149022 0.114471 0.194295 : 0
0.311773 0.0217482 -0.10853 0.0653304 0.0328842 -0.0664925 0.131857 0.203725 0.167164 : 0.4
-0.184933 0.559309 -0.108335 -0.171505 0.349766 -0.747685 0.277975 0.936945 0.421913 : 0.1
0.402763 0.00799257 -0.661062 -0.884427 0.0770751 -0.0833179 0.14432 0.159337 0.134015 : 0.1
-0.139216 -0.390056 -0.702098 0.0901847 -0.0426363 0.619634 0.128638 -0.00852454 0.117949 : 0.1
0.370666 -0.0983125 0.403647 0.152637 1 -0.49926 0.0846977 -0.152151 0.00522842 : 0
-0.220442 0.736362 -0.104246 0.474323 0.276957 -1 0.263128 -0.0942313 -0.0354696 : 0.1
0.0694146 0.438765 0.057889 -0.121984 0.0336699 0.129011 0.24709 -0.362396 1 : 0
0.0248185 -0.0190782 0.521079 0.254218 0.0102581 -0.237104 0.525805 0.0536878 -0.157601 : 0
-0.0171589 0.196466 0.433383 0.125335 0.0980726 -0.0642748 0.700295 -0.248905 0.0272475 : 0
0.00105591 0.181801 -0.0443375 -0.088575 0.688528 -0.0390896 -0.0273263 -0.0122644 0.030548 : 0
0.0350313 0.0814173 0.0206085 -0.119716 0.0355094 1 -0.0369392 0.0212561 0.0664831 : 0.1
-0.0792527 0.451076 -0.155793 -0.464185 0.429547 0.0313764 0.0109471 0.0206434 0.0154983 : 0
-0.347335 0.0953359 0.139076 0.0723361 -0.368412 -0.0889872 -0.0417936 0.0774043 0.324494 : 0.2
-0.411457 -0.277061 0.0498685 -0.161563 0.355235 -0.0640799 -0.102842 0.639403 0.688885 : 0
-0.0962926 0.0332553 -0.119492 -0.0382698 0.268644 -0.18719 0.362406 0.00404975 0.115898 : 0.2
0.24839 0.0380992 0.207373 -0.483385 -0.466785 -0.0425249 0.79897 0.231704 -0.0353491 : 0.3
-0.141384 0.0317094 0.655491 -0.319065 -0.261597 0.371113 0.315101 0.0276606 0.178807 : 0.3
-0.00554955 -0.108586 -0.184387 1 0.128312 -0.764998 0.354604 0.905379 0.206894 : 0.1
0.0268822 0.150647 -0.0387253 -0.428633 0.300675 -0.0657747 -0.256298 -0.0796954 -0.268012 : 0
0.128763 -0.0447665 -0.027246 0.188308 0.0422966 -0.411331 0.676335 0.406771 0.0450505 : 0
-0.0376921 0.1883 0.0402395 -0.146842 -0.034946 0.258745 -0.244777 -0.027243 -0.149368 : 0
0.000379682 -0.0366346 0.0580927 -0.00355135 -0.34243 0.343254 -0.00549429 0.214826 0.939209 : 0
0.0260364 0.0478761 0.0931067 0.132224 -0.370204 0.254967 -0.0276156 0.234528 0.150647 : 0.1
0.0306061 -0.0860153 0.62358 0.645263 0.528992 1 -0.0465931 0.0526367 -0.0237269 : 0.4
0.326076 0.0140233 0.00322522 0.0451862 -0.30651 0.0441615 0.273772 0.792369 0.532655 : 0.1
0.0233612 0.12872 0.459311 -0.0289372 0.00501952 -0.182407 0.305294 0.0511438 0.124948 : 0.2
-0.118481 0.0233453 0.127532 0.308813 0.434393 -0.0540735 0.0029041 0.447074 -0.0781532 : 0.1
-0.0784361 0.488508 -0.0263412 -0.204389 0.189092 0.00974292 0.420241 0.985145 0.209005 : 0
-0.194744 -0.186011 0.154766 0.112346 0.0279604 -0.304526 0.0207343 0.14712 -0.382946 : 0
-0.0494878 0.0538362 0.28779 0.117774 0.226656 0.00668481 0.265658 -0.0899247 -0.0120352 : 0.3
-1 0.670399 0.228412 0.00396862 0.567042 0.527772 0.234564 -0.0507228 0.18968 : 0
0.738909 -0.122894 0.53725 0.228426 -0.062537 -0.0489123 0.0124408 -0.019924 0.552556 : 0.2
0.185108 0.177827 0.0235951 -0.00827578 -0.340974 -0.0636508 -0.139036 0.15353 -0.047106 : 0.3
0.0762054 0.0564072 -0.0197289 0.373869 0.3707 0.497615 0.00646186 -0.034122 -0.0720819 : 0
-0.318999 -0.0709727 0.174993 -0.494872 -0.0557983 -0.0480769 0.191303 0.0188503 0.0398686 : 0
-0.1906 0.0710721 -0.0151398 -0.476879 0.22833 -0.373257 0.00428112 0.122854 0.332971 : 0
-0.0409662 0.052276 0.00220374 -0.0194255 0.00995579 -0.0799764 -0.518306 0.0713127 0.231802 : 0.3
0.10169 0.23261 0.239238 0.203923 0.219312 0.0185607 0.0158527 0.203949 0.0856946 : 0.1
-0.0377688 -0.116773 -0.432145 0.0592974 -0.0357802 -0.549242 -0.15286 0.32869 0.215138 : 0.4
-0.93699 -0.2121 0.0712703 -0.247642 0.502485 0.413015 0.152023 -0.0931288 -0.00283507 : 0
0.332249 0.17081 -0.0764152 -0.0362879 -0.289278 -0.0349127 -0.0256767 -0.220222 0.251506 : 0
-0.0130667 0.12232 -0.235317 -0.109988 -0.424611 0.214408 0.426801 0.115849 -0.352025 : 0
0.255149 -0.0780094 -0.0343431 0.140262 0.158575 -0.0930668 0.22079 1 0.43349 : 0
0.108735 -0.0773391 -0.0230138 0.093026 0.456202 -0.149274 0.118782 0.0211645 0.0638523 : 0
0.63704 0.0685956 0.294074 0.118503 0.241336 -0.0750702 -0.237618 0.11101 0.14442 : 0
0.0770719 0.191565 1 -0.169747 -0.00587681 0.0465642 0.3528 -0.700507 -0.283922 : 0.5
-0.31388 0.410785 -0.171329 -0.203261 0.0170683 0.205253 0.127117 0.214135 0.116181 : 0.3
-0.00114018 0.121876 0.0783939 0.218976 0.0515983 -0.017894 0.141962 0.0182991 0.31022 : 0.3
0.0700945 0.513868 -0.083827 -0.282723 0.0427122 0.0197777 0.0800333 -0.205516 -0.0804846 : 0.1
0.181643 0.189738 0.211238 0.178027 0.0207559 0.43704 -0.114387 0.0446677 0.13438 : 0.3
-0.00527237 0.0760678 0.219328 0.361171 -0.138097 -0.162415 0.0941871 0.0765869 -0.0641156 : 0
0.0765922 -0.114672 0.859283 0.362352 0.029347 -0.0687748 0.412112 -0.180961 0.148402 : 0
0.0606335 0.0682783 -1 0.0371369 0.66407 0.0776429 0.226283 -0.0607138 -0.0965708 : 0
0.0455889 1 -0.0296305 0.15345 0.12804 0.679088 -0.275834 0.00552654 -1 : 0
-0.167846 0.198132 -0.694988 -0.0101829 0.332244 0.0253088 0.173066 0.00320426 0.128809 : 0.1
0.084794 0.0791816 -0.580383 -0.0139665 -0.130265 0.0719104 0.0609671 -0.125454 0.109065 : 0
-0.510478 0.0822291 0.989316 -0.155235 0.0546515 -0.365016 -0.0701638 0.00655661 0.16063 : 0.1
0.325245 0.530089 -0.0820394 -0.25924 0.720506 -0.0345191 0.186347 -0.205049 0.219871 : 0.4
-0.14132 0.0508534 -0.0907243 0.313655 -0.462129 0.07318 -0.325409 0.144451 0.355841 : 0.1
0.0425674 0.0567656 -0.09248 -1 -0.0028092 0.0522206 0.298921 -0.200711 0.0345639 : 0
-0.185025 -0.198225 -0.395471 0.0247079 -0.235468 0.10129 0.0187086 0.0250934 0.0485794 : 0.3
0.317024 -0.0708136 0.0965261 -0.342221 0.941683 0.0849108 0.218213 -0.0980679 -0.405796 : 0
-0.0286938 0.0627078 0.23585 0.332562 1 -0.378185 -0.00946032 0.0327858 0.0503068 : 0
1 0.376777 -0.173469 0.23326 0.427208 -0.671183 -0.0712433 -0.00246429 -0.0355276 : 0
0.240713 0.0157663 -0.178459 -0.025588 -0.0242071 1 0.0134817 0.0287514 0.347797 : 0
-0.312803 0.164689 0.289831 -0.0377392 0.721362 -0.167841 0.113405 0.143157 0.0256545 : 0
0.198289 0.38281 0.0367265 0.313968 -0.0326671 0.387562 0.0516134 0.238295 0.0904458 : 0
0.158826 -0.00838792 -0.000745937 -0.106297 0.0588821 -0.10187 1 0.306485 0.225221 : 0.1
0.0269874 0.0242453 0.570021 -0.995171 -0.278087 0.270474 0.496975 -0.330483 0.259307 : 0
0.0865593 0.372295 0.175808 -0.367062 0.219004 -0.217769 0.0480903 0.941714 0.174518 : 0.5
-0.234353 -0.0143114 -0.0136704 0.59278 0.257048 0.50862 -0.0486611 0.389693 0.143772 : 0
0.00886813 -0.0518058 0.590662 0.189912 0.0373922 0.0482421 0.480538 0.0398206 -0.0194821 : 0
0.210506 0.157054 0.0228551 -0.176834 0.00155368 0.235564 0.132442 0.341593 0.788399 : 0
-0.866413 -0.0801792 -0.424287 0.107555 -0.0918915 0.123151 -0.163552 0.148243 0.064267 : 0.1
-0.22266 0.0243612 -0.0861083 -0.314644 0.2698 0.107418 0.139145 0.00362306 0.206343 : 0
-0.323052 0.787628 0.392299 -0.0605493 0.108202 0.182126 0.145896 -0.229049 0.0519776 : 0
0.0622916 -0.0368629 0.0104952 0.0893415 -0.221199 -0.136522 -0.0968859 -0.190899 -0.0792685 : 0
0.300734 1 0.246649 -0.00456984 0.0517896 -0.0329783 0.0816834 0.039669 -0.115504 : 0.1
0.274711 0.0841621 -0.255886 0.25517 0.0704231 -0.0987755 0.0650992 0.205261 0.41107 : 0
0.188397 0.359395 0.725701 -0.255081 0.127636 -0.0164047 0.261385 0.299349 -0.298741 : 0.4
0.0525403 -0.0279504 -0.00172955 0.0572433 0.748574 0.629116 0.186435 -0.00529364 0.145097 : 0.1
0.115613 0.231853 0.025524 -0.0306858 0.247948 -0.110084 -0.000507174 0.559825 -0.106251 : 0
-0.135983 0.0824306 1 0.317946 0.0590449 0.159462 0.412839 -0.258695 0.48315 : 0
0.0779875 0.197915 0.406037 0.266342 0.776775 -0.0571488 -0.0291248 0.194544 -0.0316996 : 0.4
-0.31062 1 -0.0504395 -0.461167 -0.126981 -0.079725 0.450208 -0.170608 0.0599595 : 0
-0.296224 0.860378 0.148653 -0.63551 0.267377 0.147838 0.416134 -0.119138 -0.343977 : 0.3
-0.833161 -0.0584974 0.140141 -0.0856734 0.0258965 0.183437 -0.107631 0.589971 0.312696 : 0
0.0396969 0.791253 0.345109 1 0.102996 0.991091 -0.337669 -0.107802 0.162935 : 0
0.105317 0.374604 0.200518 -0.0523168 0.904281 0.202685 0.30128 0.0284187 -0.224595 : 0
-0.0900123 0.498648 -0.00864267 0.334897 -0.102977 -0.374383 0.0627996 0.27169 -0.248277 : 0
-0.343875 0.015615 -0.0994209 -0.0236229 0.363053 0.021282 0.0843948 -0.251534 -0.00795251 : 0
0.536015 -0.0257082 -0.0350896 0.116386 0.576622 -0.257125 -0.0519823 -0.134507 0.306796 : 0.1
0.0328321 -0.0428109 -0.248755 0.0937871 0.492915 0.672714 0.414375 0.0888807 0.980364 : 0
0.0133218 0.0269297 0.186896 0.443315 0.0123522 1 -0.217466 0.0361844 0.0326647 : 0
-0.156523 0.465949 0.0973459 -0.211878 0.0233412 0.100174 0.0948216 0.145087 0.0516501 : 0.1
0.353767 0.052347 0.0468833 -0.0313895 0.255657 -0.0841675 -0.0791549 0.348118 -0.0180173 : 0
-0.000278004 0.163831 0.527916 0.408353 0.0592544 0.0320397 -0.0294456 -0.713496 0.0307803 : 0
0.435838 -0.0118437 0.0512657 -0.247504 -0.0960213 -0.0540519 -0.358927 0.0108096 0.343778 : 0
-0.0163626 -0.0855217 0.0267125 -0.252939 -0.208816 0.0972132 -0.152147 0.6128 -0.289377 : 0.4
-0.0654204 0.239445 0.0950783 -0.141815 -0.0602798 0.19892 0.0438144 -0.0756134 -0.0513813 : 0.1
-0.543376 0.0156545 -0.00373115 0.196207 -0.0896801 0.360221 -0.365166 0.0933166 -0.300707 : 0
-0.177867 0.0258975 0.592062 -0.534643 -0.129541 -0.212772 0.175671 0.467692 -0.175034 : 0
0.345491 0.0929505 0.277643 0.0778714 -0.0989631 0.175033 -0.00215231 0.23666 0.451998 : 0.1
-0.178678 0.00983611 -0.254475 -0.0899537 0.450922 -0.15407 -0.0375741 -0.0136353 0.113203 : 0
0.000221252 0.014092 -0.09464 -0.0988361 -0.00823341 0.628651 0.180908 0.0252631 0.234088 : 0.1
-0.35261 0.077005 -0.0806276 -0.10826 0.0663688 0.0763352 -0.608655 0.0706077 0.212317 : 0
0.0970635 -0.0945515 -0.00264925 0.0848015 0.775398 -0.676609 0.0380693 0.136075 0.317602 : 0
0.00246727 0.494094 0.0707209 0.102249 0.103848 -0.219696 0.427612 0.0416605 0.472438 : 0
0.0998249 -0.067598 0.0336063 -0.145392 0.0266808 0.0776657 -0.115191 -0.0496527 -0.381504 : 0
0.134915 -0.102619 -0.00473319 1 -0.448336 0.75418 -0.0640801 0.547551 0.36249 : 0.3
-0.251401 0.189728 0.0306397 0.0522278 0.183495 -0.185181 0.330433 0.0173215 -0.0241435 : 0
0.111135 -0.0206394 0.139071 0.0954019 -0.272914 0.202072 0.0680227 -0.0143758 0.376691 : 0
0.418868 0.0648252 -0.0560742 0.0244994 -0.185104 0.0395342 -0.0239051 -0.168949 0.0484679 : 0.3
0.130153 -0.316685 0.0182763 0.0962196 0.425323 -0.840784 -0.12442 -0.0810888 0.23131 : 0
-0.0142291 0.0184868 0.055507 -0.0162426 0.0462488 0.482596 -0.0414622 -0.00454048 0.435071 : 0
-0.048537 -0.0658951 -0.10898 0.0618322 0.669534 -0.0392601 1 0.197433 -0.0954163 : 0
-0.297781 0.605993 0.154106 0.0779466 0.096222 0.34005 0.0444004 0.111687 0.157981 : 0.3
-0.190828 0.0320838 0.032111 -0.411254 0.227029 0.013561 0.258758 0.400861 0.0174694 : 0.1
-0.0463684 0.702462 0.138726 0.350792 -0.273096 0.518405 -0.317492 -0.0854733 -0.0857588 : 0
0.257357 0.0591062 0.176403 -0.10833 0.0049535 0.144265 0.376405 -0.118621 0.048061 : 0
0.0430662 0.900493 -0.132303 -0.467279 -0.182978 -0.0610318 0.163145 0.556653 -0.0139261 : 0
-0.0121402 0.176549 -0.0117521 0.0985292 0.399048 -0.00347269 -0.00288647 0.158814 -0.00811085 : 0.3
0.0265352 0.169124 -0.135702 -0.0870117 0.0123687 0.827852 -0.105468 0.155008 0.132242 : 0.1
0.519044 -0.162526 -0.0648988 0.142932 -0.151602 0.170625 0.0704941 0.0948048 -0.96176 : 0
0.0259633 -0.0155293 -0.0393522 0.50278 -0.09757 0.101084 -0.013415 0.0730927 -0.0486227 : 0.1
-0.0170442 0.0970073 -0.0368631 0.140433 0.406668 0.354841 0.747952 0.321515 0.237664 : 0.1
-0.0364719 0.0916472 0.903882 -0.527501 0.315127 -0.0316869 0.264674 1 0.209673 : 0
0.23363 1 -0.0626054 0.242945 0.0732906 1 0.243889 0.0487128 0.0147365 : 0
-0.0156144 0.00716955 0.634413 0.113234 1 0.330266 -0.0189332 0.104001 0.583301 : 0.4
1 -0.0146184 0.0337592 -0.0108151 0.18568 -0.0315166 -0.473654 0.075287 0.135832 : 0
0.00870688 0.153451 0.0397479 -0.469287 -0.134167 -0.00632259 0.647843 -0.281869 -0.0299174 : 0
0.0335093 1 0.240122 -0.0718839 0.157081 0.0538654 -0.193089 -0.103454 0.036931 : 0.5
0.000609085 -0.22059 0.000688624 -0.044238 0.12715 -0.688134 0.0777041 -0.159962 0.136724 : 0
-0.280433 0.441481 0.676763 -0.224567 0.312962 -0.180947 0.185538 -0.0275512 -0.189821 : 0
0.00230187 0.194834 0.46743 0.0425121 0.183546 0.050327 0.0548065 -0.215723 0.27929 : 0
-0.00800179 0.0486926 0.920902 -0.0195756 0.266043 0.0283693 0.521805 0.126371 0.00368142 : 0.4
0.194389 0.1444 0.0265953 -0.0574349 0.0989797 0.0108639 -0.0995683 -0.0311937 0.0857342 : 0
0.0573458 0.144033 -0.182881 -0.255161 0.12311 -0.0323886 0.00786733 -0.0515482 0.0636224 : 0.2
0.0143299 0.459776 0.19319 0.141033 0.164183 -0.125115 0.239109 -0.0425905 -0.14139 : 0.1
0.245071 0.0582926 -0.0853792 0.348919 -0.180205 0.0979688 0.545458 -0.00994927 -0.0263674 : 0
0.225311 0.119557 0.0829954 -0.190866 0.298884 -0.0372729 -0.0077542 0.00351769 -0.210675 : 0
0.482623 -0.36571 -0.0741311 -0.586183 0.163101 0.0557846 0.962061 0.706821 1 : 0
-0.128896 0.0723369 0.62119 0.0917284 0.338034 0.433898 0.348167 0.22339 0.398099 : 0
0.425591 0.0844059 -0.126512 0.706172 0.72239 -0.11451 0.0611401 0.0472758 0.0300256 : 0
0.208909 -0.0196015 -0.0771512 0.279183 0.05325 -0.421241 0.491749 0.251569 -0.0146117 : 0
0.0798293 0.040863 0.130045 -0.0496786 -0.25754 0.111584 -0.0781367 -0.14697 0.773026 : 0.1
-0.216744 0.108181 0.405091 -0.245529 0.0319439 -0.0963981 0.0730617 0.0413935 0.20644 : 0
1 -0.00745094 -0.0228492 -0.0901429 0.179925 -0.186895 0.386719 -0.0130474 0.0630545 : 0
0.185716 0.066556 -0.15455 1 0.234238 0.342166 -0.00765795 -0.138414 -0.0290076 : 0.1
0.0264715 0.26067 0.200033 0.695333 -0.126975 0.040804 0.295071 -0.0193915 0.0237106 : 0.6
0.084804 0.0996757 -0.387683 0.0690214 -0.0445798 1 0.165223 0.00471982 0.111446 : 0
-0.0692451 0.00403285 -0.0618436 -0.0296114 0.540775 -0.0913709 0.0101565 0.208059 0.423638 : 0
0.353351 -0.0888758 0.0612439 0.018996 0.00831385 -0.169848 -0.167038 -0.078451 -0.0158095 : 0
0.0602524 0.0324489 0.0394502 0.00187619 1 0.125938 0.11299 0.168271 0.731884 : 0
-0.237715 -0.306778 -0.131393 0.262366 -0.00215298 0.195455 -0.0480267 0.10535 -0.555599 : 0
0.0170269 0.0456019 0.00989766 0.121259 0.123257 -0.0321314 0.0510343 -0.126005 0.0666756 : 0.1
0.0128208 0.270537 0.483763 0.0826117 0.387653 0.633358 0.318264 -0.35716 0.146934 : 0.1
-0.0728994 0.322449 0.335222 -0.125181 0.239497 0.250899 -0.112434 0.205302 0.243486 : 0
-0.155136 -0.0792108 0.35222 -0.104426 0.508167 0.137126 0.0285138 -0.107963 0.164558 : 0.4
-0.00719214 0.118876 0.986064 0.111571 0.0151211 0.113277 0.233764 -0.458293 0.0105195 : 0.1
0.105886 0.18699 0.110058 0.309695 0.488787 -0.253888 0.00778895 -0.284959 0.0382818 : 0.3
0.359349 0.0758619 0.52137 0.235842 0.146991 -0.0873429 0.984736 0.213508 0.395907 : 0.1
-0.00013157 0.174295 0.0642382 -0.0773224 0.021783 0.139736 -0.00653293 0.247433 0.0618248 : 0.6
-0.136388 0.322555 0.382095 0.0902852 0.313742 -0.161881 0.0487094 0.583261 0.995184 : 0
0.141391 0.106148 0.611555 -0.023981 0.0619777 -1 0.260099 0.317764 -0.239854 : 0
0.0970398 0.0675115 0.0320836 -0.0232795 0.330749 0.0689939 0.508667 -0.126677 -0.0668039 : 0.7
-0.000715956 -0.00461534 0.625689 -0.0418377 0.167123 0.433756 -0.165005 -0.0304091 0.0776605 : 0
-0.740308 -0.112441 0.223484 0.00351325 0.169643 0.509292 0.156301 0.144459 0.256575 : 0
0.270943 -0.347196 0.111601 0.207957 -0.00930101 -0.260483 0.173461 0.108485 -0.334031 : 0
0.104756 0.1351 0.0439195 0.180123 0.0247146 0.150809 0.276364 -0.0553842 -0.187937 : 0
-0.0621315 0.0469286 0.0892422 -0.136286 0.105894 -1 0.0958701 -0.0299108 0.321917 : 0.3
-0.0127655 0.227633 -0.0183223 0.132199 0.552996 0.476631 0.493766 0.479268 0.21211 : 0
-0.244043 0.0306797 -0.083004 -0.220593 -0.322472 -0.240254 0.0830061 0.369089 -0.0262743 : 0
0.0503382 0.0433123 -0.00214073 0.724662 0.18776 0.0366866 -0.0463437 -0.0167325 0.0647338 : 0
-0.608457 0.0425142 0.0510467 0.0423764 0.017708 0.0687211 -0.0214226 0.240719 0.305825 : 0
-0.0961694 0.37328 0.120534 0.265752 0.208579 -0.0179775 -0.0296876 0.154236 0.0452778 : 0
0.0593758 -0.0912988 0.380601 0.130001 -0.111014 0.473207 -0.114745 0.00888649 0.156977 : 0
-0.0394188 0.294326 0.281612 -0.0344096 0.10966 -1 0.288686 0.0652723 0.176745 : 0
0.240987 0.556958 0.664585 0.266079 0.0743228 0.248868 1 0.977011 0.689401 : 0
-0.00716136 -0.0317216 -0.684271 -0.0563667 0.258518 -0.110334 0.0209242 0.111473 -0.0443415 : 0
0.659919 -0.0943813 0.137074 0.01652 0.749158 -0.169601 -0.109421 0.481992 0.314231 : 0.3
0.0157968 -0.114365 -0.00466412 0.0616927 -0.295295 0.134041 0.0956262 -0.154072 0.169632 : 0
0.0149608 0.124672 -0.106359 0.185383 0.0522102 -0.378141 0.0464982 -0.0440666 0.128824 : 0
-0.0565456 0.0394892 0.0723194 -0.182804 0.820285 -0.052401 0.49157 -0.00121067 0.388942 : 0.3
-0.49311 -0.115812 0.175582 0.158819 0.146837 -0.12604 0.488485 -0.0478141 0.191645 : 0
-0.234689 0.541915 0.16814 0.814153 -0.104708 -0.268131 -0.0642485 0.573595 0.0417247 : 0.6
-0.222054 0.292034 -0.195434 0.198024 0.163004 -0.0332292 0.0254048 -0.0481896 0.25045 : 0
-0.204301 0.112223 0.219093 -0.0659012 0.170813 0.104684 -0.133909 -0.265449 0.0483421 : 0
0.63535 -0.517519 0.0168543 -0.011377 0.00289547 0.0872198 -0.28054 -0.0430978 0.115872 : 0
-0.154434 0.210943 -0.0116227 -0.253732 0.328891 -0.251695 0.0660653 0.0113959 0.107595 : 0
0.0353799 0.45246 0.221942 0.453788 0.673327 0.0758174 -0.167352 1 0.10232 : 0.3
-0.115574 0.150039 -0.282488 -0.64343 0.0892414 0.0891912 0.347375 0.119199 0.0551505 : 0.4
-0.0763161 0.128651 -0.0107512 0.0296528 0.0182636 -0.030065 -0.0576752 -0.102655 0.602538 : 0
0.0325552 -0.0983466 -0.141997 0.451757 0.00634801 -0.215802 0.0603249 0.0550582 0.474237 : 0
-0.389532 -0.123917 -0.117165 0.174314 0.441071 0.228548 0.0685497 0.808959 0.113054 : 0
0.0910616 0.130881 0.877823 0.232988 0.364261 0.544388 0.557194 0.147245 -0.00328849 : 0
0.112019 0.0373123 -0.00410086 0.165313 0.0842937 0.0169387 0.17102 -0.0189392 0.166928 : 0
0.0856925 0.100665 0.1142 -0.0271439 0.123364 0.00506952 0.134397 -0.0988737 0.0550407 : 0
-0.0192833 0.0654665 -0.0256751 0.0071725 0.139175 -0.19892 0.110727 0.760596 -0.11373 : 0.1
0.124742 -0.0132111 -0.101642 -0.236454 0.291269 0.01307 0.0239772 0.73759 0.303678 : 0
0.071516 0.631809 -0.176446 -0.0991748 0.0461811 -0.044482 -0.241006 -0.246447 0.11141 : 0.2
0.247221 1 -0.0613181 0.260516 0.0343078 1 0.0645017 -0.0542543 0.120979 : 0.1
-0.12065 0.143169 -0.0938419 -0.0644026 0.262643 -0.221165 -0.500497 -0.206654 0.0516285 : 0
0.0696138 -0.177419 0.456182 -0.2348 -0.291214 -0.0408531 0.0580518 -0.330758 -0.165687 : 0
-0.207383 0.114333 0.148138 0.0211889 0.272437 0.00940433 0.0611544 0.173834 0.0764373 : 0
0.11715 -0.0836873 0.130147 0.22253 0.238108 -0.181361 0.237086 -0.114531 -0.16249 : 0.1
0.241628 0.63578 0.127887 0.510012 0.681288 0.0556713 0.112334 0.411949 -0.070003 : 0
0.0830078 0.254591 0.215508 0.0677868 -0.0210446 -0.324035 -0.0196735 0.0560894 -0.0558137 : 0
0.0428031 0.112738 0.412179 0.997208 -0.0974156 0.459797 -0.277688 0.175604 -0.171773 : 0
0.303108 -0.0553924 -0.164293 0.0717524 -0.0236622 -0.221394 0.0919916 0.0243932 -0.934687 : 0.2
0.0297455 0.0462498 -0.0520416 -0.0785599 0.311855 -0.140154 0.063961 0.145066 -0.0515636 : 0.1
0.321071 -0.0237537 -0.738246 -0.483394 0.363658 -0.00306213 0.0990972 0.152442 0.127454 : 0.1
0.111748 0.0526147 -0.0224452 0.256067 -0.153331 -0.162481 -0.0411937 0.78421 0.0788397 : 0
0.997448 0.0458133 -0.258059 0.0949653 0.325743 -0.267566 -0.43261 -0.0923147 0.032693 : 0.5
-1 0.0991518 0.239501 -0.297434 0.034684 -0.0113539 0.495039 0.287605 0.0241024 : 0
0.37646 0.0327047 0.00448046 0.391041 0.209872 0.00784954 -0.0184435 -0.0171055 -0.0518818 : 0.6
0.112918 0.0626029 0.940587 1 0.265624 0.0229154 0.0745195 -0.120361 0.0743452 : 0
0.129335 0.864806 0.000763714 0.432486 0.229168 -0.357053 -0.298967 -0.396622 0.0288532 : 0.1
0.0410006 0.538333 0.150398 0.173658 0.0220269 -0.194733 0.113784 -0.00207922 -0.626298 : 0
-0.023485 0.0798871 0.113847 0.138484 0.306045 0.140408 -0.165978 0.416915 0.390805 : 0
-0.115976 0.738035 -0.0222768 -0.561501 -0.10837 0.203568 -0.16979 0.0513602 0.189633 : 0
-0.216615 -0.168201 -0.215237 0.113786 -0.0276926 0.139257 -0.0966876 -0.0988531 0.0695122 : 0.2
-0.0419858 0.168903 0.117097 0.237168 0.41647 -0.13782 0.190491 0.00366636 -0.0285859 : 0
0.480405 0.0408116 0.783382 0.154059 -0.0328683 0.344138 0.131728 -0.086896 0.276828 : 0
0.0551814 0.0135937 -0.0281162 -0.16636 -0.0323272 0.168934 0.0837108 0.0182293 0.533702 : 0
0.961055 -0.166879 0.0503461 -0.0401688 -0.118694 0.300198 -0.257628 0.0231239 -0.085311 : 0
0.0733357 0.54197 1 -0.106589 0.273401 -0.0233878 -0.0462599 -0.147779 -0.153853 : 0
-0.0525802 -0.223107 0.189606 -0.0122087 0.0691632 -1 0.082243 -0.100941 0.399074 : 0.4
0.0591986 -0.0410565 0.262659 0.355761 0.466642 -0.0106668 -0.151284 -0.354662 0.0727921 : 0.1
0.240388 0.193473 0.88864 0.504146 0.153245 -0.156798 -0.0158044 1 -0.0384596 : 0.3
0.0585667 0.0912843 0.240215 0.245572 0.0417078 0.84732 0.0438501 -0.456347 0.103685 : 0.3
0.0515225 0.0762113 0.169462 0.0928301 0.132239 -0.311676 -0.0428151 0.168456 -0.0175524 : 0
0.035457 0.501455 0.0359273 -0.299713 0.0481713 0.104961 0.125514 0.048449 0.212817 : 0
0.106541 0.239221 -0.0713011 -0.0941618 -0.0167489 -0.0378987 0.105673 0.235022 0.00943808 : 0
-0.0176084 0.0671873 -0.0369747 0.209137 0.699485 -0.676417 0.394502 0.677794 -0.108975 : 0.4
0.105788 0.0165183 -0.122625 0.0435681 0.604449 0.0329466 -0.0447225 0.169956 0.10501 : 0
-0.0312608 0.102049 0.0853494 -0.243296 0.0429906 0.374525 0.0396493 0.0264629 0.497935 : 0.1
0.362752 1 0.436655 0.00315429 0.151547 0.10748 0.0716432 -0.183071 -0.0460677 : 0.3
0.324992 -0.0772685 0.261876 0.10725 0.168952 -0.368729 0.0646135 0.0503105 -0.00879662 : 0
-0.0495619 0.0761599 0.0551442 0.100966 -0.00673266 0.107718 -0.375714 0.0264325 0.44653 : 0.6
-0.133147 0.536774 1 -1 0.0894568 -0.268894 0.281251 0.318211 -0.0305027 : 0
0.169579 0.304363 -0.00612496 1 0.0363394 0.0288056 -0.163349 0.386186 0.089807 : 0
-0.754768 0.337735 0.0779443 -0.276856 -0.138699 -0.19658 0.0752503 0.0696645 -0.01831 : 0
-1 -0.242509 -0.00486358 0.240153 0.141175 0.536111 0.0603855 1 -0.00224973 : 0.6
0.135843 -0.252653 0.137647 0.568804 0.331861 -0.0343356 0.272188 0.654409 -0.00613243 : 0
0.0630813 0.212054 1 -1 -0.0739703 0.0391992 0.037829 0.35489 -0.0677182 : 0
0.108609 0.809235 0.102706 0.129904 -0.075846 0.00536494 0.420262 0.0352647 0.321655 : 0
0.378846 0.198447 0.178453 -0.163175 0.0609884 0.199885 0.0725474 -0.159501 0.0120304 : 0
0.76542 0.27187 -0.0218778 -0.00758052 -0.224679 -0.270127 0.0943028 0.0490659 0.220351 : 0
-0.0423946 -0.0629185 0.443467 -0.0431112 -0.0247405 -0.103903 0.0360385 -0.110487 0.711783 : 0.5
-0.865907 -0.0613147 -0.0329496 0.0829714 0.243261 0.00462678 0.206909 0.104507 -0.181021 : 0.1
0.0523632 0.283209 -0.205425 -0.0699835 0.26088 0.224002 0.0187455 0.0606831 0.0455861 : 0
-0.109462 0.25709 -0.258356 -0.0401675 0.00373285 -0.973439 0.161445 -0.00598677 0.246449 : 0.4
0.0301846 -0.0362684 -0.910245 0.226917 0.483364 -0.309575 0.395093 -0.00608769 0.0848605 : 0.4
-0.00447743 0.0694628 0.987973 0.348998 0.948796 0.0867464 0.220186 -0.00151125 -0.22341 : 0
-0.372019 0.285497 0.644076 0.0673088 0.128239 0.0377399 0.245104 0.444553 -0.0318258 : 0.1
-0.0748611 -0.179322 0.239492 0.331613 0.180733 -0.684098 -0.0573004 0.0464129 0.200409 : 0
0.00681844 -0.0255816 0.457292 0.00180802 0.949945 -0.1324 0.188172 -0.0311415 0.186236 : 0
0.363504 0.0343387 0.145226 0.12726 0.510036 0.246686 0.479256 -0.0198777 -0.040633 : 0
0.093734 0.015992 -0.00837838 0.068797 -0.103258 0.252907 -0.0307048 0.137783 -0.774461 : 0
0.119636 -0.155467 -0.121425 -0.219121 -0.030543 -0.00866714 0.0769169 0.202239 0.0192541 : 0.1
0.0495254 0.37005 0.174319 -0.231997 -0.00770549 0.183645 0.185902 -0.00202936 0.106435 : 0.1
0.27306 0.0323433 0.140048 -0.0239836 0.128285 0.0688433 -0.278517 -0.0763098 -0.0140471 : 0.1
-0.00819379 0.300668 -0.299592 0.0943727 -0.322999 0.0603721 -0.33573 0.26509 0.0736798 : 0.2
-0.0209581 0.0189821 0.043836 -0.0579612 -0.173232 0.0355029 -0.109066 0.0459309 0.00818582 : 0.1
0.182052 -0.00222912 0.350043 0.627293 0.327664 -0.101343 0.0523002 0.00917765 -0.0672273 : 0
0.462023 -0.0264624 -0.0269983 -0.0230805 -0.338206 -0.352219 0.109824 0.0875725 -0.00938519 : 0.4
0.239987 -0.173016 -0.177674 0.482497 -0.00307667 -0.278956 0.139379 -0.0443066 0.222012 : 0.2
0.096267 0.0651352 0.000439595 0.142015 0.171789 0.103763 0.0850514 -0.0834763 0.0963947 : 0.1
0.19781 0.0944195 -0.0212846 0.217202 -0.103492 -0.401557 -0.0510555 0.164158 0.252066 : 0
0.196547 0.177839 -0.213323 0.137444 0.382695 0.0956799 -0.0716898 0.437174 0.278623 : 0.1
-0.0596951 0.354341 0.126885 0.159232 -0.332933 0.00218099 0.403117 0.0925051 0.0312736 : 0
0.221063 0.426619 0.608768 0.147903 0.1382 0.0715345 0.0882494 0.0349978 -0.00479837 : 0.4
-0.539287 0.466706 0.131616 -0.0930904 0.935394 0.0143375 0.144346 -0.1274 -0.114098 : 0.1
0.256832 0.290193 1 -0.109073 0.273339 0.276869 0.169121 -0.0826697 0.00625202 : 0.1
0.220541 -0.154986 0.128982 0.148506 0.593203 -0.0813916 0.39035 -0.23543 1 : 0
-0.138791 0.0838856 -0.273618 -0.244172 0.2249 -0.509637 -0.0546224 0.473928 -0.071201 : 0
0.00476588 0.414639 -0.0103639 0.0375064 -0.118856 0.127984 0.00398631 0.101823 0.0501448 : 0
0.106195 0.100612 0.0274368 0.178068 0.214034 0.0226287 0.21838 -0.0268267 0.337749 : 0.2
-0.121316 0.134563 0.50237 -0.590201 0.094851 -0.0453075 0.115973 -0.452235 -0.0349039 : 0.2
-0.195245 0.100587 -0.13824 -0.41719 0.288717 -0.443666 0.0423146 0.326796 0.0854313 : 0.5
0.00525016 -0.119798 -0.402782 -0.618593 -0.125353 -0.234704 0.300695 0.0632284 -0.305726 : 0.5
0.0605364 0.0141894 0.337425 -0.0972945 0.739561 -0.221705 0.0285679 -0.115392 0.0263474 : 0
0.0380726 0.0743452 -0.341274 0.0748117 0.24119 -0.460883 0.213606 0.15402 -0.0784406 : 0
-0.0689948 0.0751875 0.402169 0.156148 1 -0.0517889 0.0642106 -0.166309 0.363388 : 0
-0.588203 0.861222 0.141328 0.073268 0.413736 0.121173 0.0939264 0.0312845 0.0102768 : 0.5
-0.388986 -0.00990045 0.23621 0.272187 -0.0722994 -0.022113 -0.114216 0.492264 0.841335 : 0
0.0595827 0.146742 0.180364 -0.217917 0.398121 0.0377329 0.111158 0.350426 0.0123275 : 0
-0.0714101 0.0684339 0.375556 0.0069524 1 -0.18076 -0.0696222 -0.205052 0.0341403 : 0
0.0537295 0.0668001 -0.0418122 -0.0992348 0.663221 0.0411804 -0.00624029 0.637175 0.00100006 : 0.1
0.0980942 0.0117576 0.000996808 0.142228 0.710455 -0.346296 0.132371 -0.0220084 0.316608 : 0
