0.0780952 -0.0918946 1 0.24685 0.475207 -0.149795 0.339193 0.225741 -0.00330633 : 0
-0.148442 -0.0557806 0.221918 0.141577 0.20645 0.243772 0.123508 0.674653 -0.00824624 : 0
0.0915152 0.0812605 0.154619 0.189772 -0.0379654 -0.093514 0.0872421 0.0871734 0.211102 : 0
-0.229292 0.185883 0.320472 0.144233 0.179601 0.128065 0.197534 0.41941 -0.0720129 : 0.1
0.0654583 1 -0.0147565 0.0986721 -0.0452634 -0.926052 0.51848 -0.16182 0.0430228 : 0
0.0282633 0.805093 0.32312 -0.00762552 0.00715275 1 0.0150723 0.130331 -0.228081 : 0
0.101179 -0.138775 0.0585783 0.44524 0.0340335 -0.220624 0.12137 -0.319846 0.159502 : 0.5
0.00843889 -0.195843 -0.734378 -0.144794 0.382907 0.0336995 0.041087 0.0262936 0.0297292 : 0
-0.189533 -0.0804185 0.163547 0.168406 0.280451 -0.35291 0.00994735 0.134597 0.299313 : 0
0.0764471 0.106052 0.00542554 0.0633558 0.743786 -0.0773272 0.936435 0.338232 0.183507 : 0
0.191556 0.269478 -0.371753 -0.415998 -0.138209 0.249646 0.156605 -0.0339102 -0.117035 : 0
-0.297588 0.340624 0.661612 -0.0369729 0.11115 -0.0174928 0.194328 0.413387 -0.0271194 : 0
0.0258379 0.00831287 -0.0451521 -0.0255741 -0.0190208 0.105742 0.165394 0.0484522 0.213885 : 0
0.505341 -0.117136 0.214057 0.0221082 0.193875 0.314464 -0.0337427 -0.0507792 -0.619507 : 0
-0.318385 0.133103 -0.646754 -0.46879 0.112494 -0.413888 0.0219292 -0.510015 -0.00150992 : 0
-0.283458 -0.117337 -0.16536 -0.430503 -0.165685 -0.34991 0.113039 0.139202 -0.00150532 : 0.2
0.0850064 -0.0156742 0.585589 0.426013 -0.297608 0.166108 0.44512 -0.367702 0.46999 : 0
-0.0884831 0.180105 -0.0239358 0.941513 0.388759 -0.038286 -0.00814067 -0.226247 0.0719403 : 0
0.093706 0.0749122 -0.181498 0.116241 0.363572 0.0750868 0.129906 0.28538 0.105902 : 0
0.435788 0.231364 0.255415 0.242458 0.229003 0.340195 0.148853 -0.22145 -0.0575179 : 0
-0.0228423 0.591819 -0.0939606 0.235884 0.441256 -0.50312 -0.00491087 -0.0529606 0.0271827 : 0
0.34698 -0.199882 -0.0972867 0.683815 -0.0740375 -0.146242 -0.0997182 0.0707443 -0.154208 : 0
-0.607007 0.273125 0.03937 0.420973 -0.0595434 0.0450085 0.176506 0.0671376 0.56623 : 0
0.231046 0.621069 0.0799105 0.505661 -0.247301 -0.375583 -0.0281974 0.0330349 0.112287 : 0
0.0871456 0.171301 0.228983 0.0320129 0.134907 -0.0431581 0.120346 0.27137 -0.0157826 : 0.1
-0.0183115 0.180959 0.296272 0.220148 0.636766 -0.0599209 0.296758 0.0569034 0.0314615 : 0
0.193074 0.0924572 0.225133 0.134748 -0.106391 -0.411754 -0.0880782 0.995453 0.0442781 : 0
0.201736 0.155238 0.284077 0.0786877 0.262906 0.102989 0.0253109 0.107248 0.409283 : 0.3
-0.546154 -0.0436485 -0.339495 -0.199044 -0.582102 -0.0508814 -0.0850492 0.291248 -0.0736156 : 0
0.0365961 0.460572 -0.0966513 0.242246 0.171741 -0.195172 -0.102276 0.0601532 0.201467 : 0
0.125215 0.0478178 0.118076 0.133885 0.382401 -0.13913 0.195931 -0.00501165 -0.29495 : 0
0.231004 0.574001 0.96275 -0.0655042 0.224404 0.147414 0.152531 -0.240497 -0.0515091 : 0.3
0.666843 0.409333 0.169905 0.11556 0.383344 0.0206737 0.0177369 -0.17535 -0.0814248 : 0
0.174008 -0.546382 0.661555 -0.142138 -0.0902481 -0.0109303 -0.0399284 0.0551421 -0.431202 : 0
0.0173794 1 -0.0989728 -0.105392 0.196932 -0.0789971 0.549148 -0.053774 0.120225 : 0
-1 0.0943189 0.285072 -0.464424 0.086449 -0.0358105 0.662547 0.270007 0.518565 : 0.2
-0.502982 0.0421582 0.439964 -1 0.0876172 -0.362156 -0.166538 0.119264 0.0418127 : 0
-0.351307 0.531249 -0.0107087 0.0596445 0.167691 0.143119 -0.302013 0.112967 0.0154516 : 0.1
0.0594033 0.0443182 0.0297897 0.46399 1 -0.0474297 0.305737 0.17675 0.142224 : 0
-0.514677 -0.125639 -0.0756343 0.203056 -0.0906414 -0.135452 -0.359649 1 -0.05841 : 0
-0.156953 0.287574 0.0384203 0.105716 0.403346 0.417784 0.0694551 0.560423 -0.143919 : 0.1
1 -0.0552957 -0.0265627 0.0857415 -0.20195 -0.0915319 -0.503308 0.149991 0.300531 : 0
0.0491794 -0.158022 0.0454912 0.544533 -0.582498 -0.560332 0.475165 0.120166 -0.185185 : 0
0.120276 -0.0313201 -0.110768 -0.128882 0.0398249 -0.109192 1 0.409288 0.0932665 : 0.1
-0.20659 0.599587 0.713939 -0.192643 0.317249 -0.238055 0.263011 -0.0646701 0.0796014 : 0.1
0.295909 0.376607 0.0449179 0.0595051 0.0784871 -0.0226584 0.222001 -0.00742899 0.23208 : 0
-0.543107 0.433819 0.0195154 0.0777859 0.910043 0.525202 0.190573 -0.134076 0.145773 : 0
0.0414519 0.139877 -0.0484727 -0.860409 -0.283199 0.0919012 -0.189375 0.0418275 0.0333407 : 0
0.25533 0.0235869 0.701033 0.107583 0.104227 0.0932213 0.804786 0.128311 0.0679246 : 0.4
-0.755175 0.0186687 -0.00491637 0.120698 -0.222487 0.334411 0.262909 0.101651 0.480343 : 0
0.0609647 0.477796 0.113475 -0.27797 0.183123 -0.283056 0.262648 0.458333 -0.176569 : 0.3
0.0774112 -0.16008 0.308408 -0.499569 0.0254249 0.29018 0.370259 -0.050589 0.133419 : 0
0.223556 0.309555 -0.295186 0.184955 0.0369277 -0.0162776 -0.185363 -0.0800621 0.191043 : 0
-0.0143751 -0.206974 -0.0933102 -0.0119755 0.21994 0.13834 0.23003 -0.0207158 -0.209554 : 0
0.583426 0.028721 -0.2721 0.166907 -0.00444138 0.147295 -0.2715 -0.226271 -0.0999927 : 0.2
0.0829771 -0.462411 0.0907495 -0.185988 0.165857 0.0252337 0.717332 0.384968 0.145733 : 0
-0.129276 0.16713 0.80078 -0.0651935 0.934599 0.099728 0.0697323 0.0297118 -0.0759977 : 0
-0.981798 -0.228047 0.492924 0.0144931 0.285297 0.331007 0.00689806 0.0611912 -0.118374 : 0.1
0.184261 -0.196464 0.0209785 -0.0913471 -0.00135123 0.146831 -0.0683784 -0.254748 -0.0765511 : 0.1
-0.148028 0.956285 -0.225234 0.287188 -0.0508266 0.223615 0.0398344 0.188944 0.119027 : 0.2
-0.586436 0.255356 0.562154 0.0373452 0.211072 0.182388 -0.0945152 0.0217939 -0.0853528 : 0
0.419073 0.423229 0.19623 0.0176748 0.622008 0.0213755 0.121667 0.18066 -0.0471995 : 0
0.0522364 0.116464 -0.10012 -0.578518 -0.201171 0.434673 0.148039 0.0397581 0.232249 : 0
0.0632366 0.0320975 -0.0934733 0.411121 -0.0873995 0.0436914 -0.104286 0.108863 0.0132973 : 0
-0.0611384 -0.162495 -0.0378387 0.0606965 0.0335694 0.0738603 0.327112 -0.754879 0.245146 : 0
-0.177366 0.0659926 0.133079 -0.154378 0.472317 -0.166177 0.0151853 0.0368301 0.514397 : 0
-0.0694861 -0.0421363 -0.0778066 0.140865 0.484824 -0.00297419 -0.726714 0.426673 0.088539 : 0
-0.0154459 0.212769 0.122981 -0.109536 0.33336 -0.214906 0.0618349 0.526218 0.045797 : 0.4
-0.146642 0.271919 0.15461 0.132668 1 0.327652 0.384395 0.155501 0.200603 : 0
0.172362 0.5551 0.0650976 -0.0459635 -0.0361458 -0.29982 0.4176 -0.0349535 0.524885 : 0.3
-0.0168804 0.405282 0.0470247 0.282992 -0.0830093 0.0100496 -0.025532 -0.0147437 -0.0941793 : 0
-0.463947 -0.251643 -0.146154 -0.0126398 0.725526 -0.0597643 -0.454814 0.202072 0.0509696 : 0
-0.0921724 0.0386145 -0.51416 0.0403513 1 0.00416061 0.057195 0.368707 -0.135953 : 0.1
0.0514047 0.315955 0.341873 0.0699214 0.0548242 0.301466 -0.0770345 -0.0966047 0.244737 : 0
-0.438761 0.316304 0.707939 0.345581 0.401499 -0.0196553 0.243791 0.471006 0.282737 : 0
-0.128715 -0.225946 0.0149693 0.668442 0.14211 0.575592 -0.193091 0.101225 -0.470196 : 0
0.104174 -0.0764047 -0.229185 0.0901987 -0.184362 -0.032418 0.0665525 0.498648 -0.0102317 : 0
0.461551 -0.516915 0.525077 -0.273715 0.19368 -0.287897 0.0455163 -0.00682463 -0.146338 : 0.3
0.169365 0.205708 0.329144 -0.154903 0.0175879 0.825827 -0.124786 0.291234 -0.115548 : 0
0.101762 0.0895859 0.155951 0.213513 0.907932 -0.275316 0.0183255 -0.0912203 0.0140131 : 0
0.220811 -0.208858 0.309065 0.232098 -0.0850955 0.133835 -0.225626 0.00972326 -0.222599 : 0
-0.0222968 0.0958593 0.0927921 -0.175274 -0.135407 0.346671 -0.106726 0.294857 0.289393 : 0.1
0.0625983 0.30829 0.323368 0.145819 -0.183036 -0.229234 -0.164267 0.0679271 0.0516417 : 0
0.0591797 1 0.710413 -0.124605 -0.0344765 -0.126587 0.323909 0.380426 0.244011 : 0
0.113478 0.285347 0.597522 0.0862884 0.342661 0.617275 0.283052 -0.000536978 0.152853 : 0
-0.0457409 -0.0435447 0.0832716 -0.112888 -0.158401 -0.507327 0.0207216 0.219609 0.274733 : 0
0.218785 0.0684826 0.00923114 -0.197957 0.0964067 0.0978712 -0.944287 0.079982 0.202572 : 0.1
-0.0156661 0.693676 0.162442 0.46036 -0.135823 1 0.00132118 0.8962 0.463361 : 0
0.136221 -0.226547 -0.0721675 -0.270038 0.0311147 -0.0497477 1 0.167378 -0.0112038 : 0
0.348289 -0.00287634 0.435524 -0.141632 -0.219615 0.0943683 0.265254 -0.229959 0.000599682 : 0
0.00969346 -0.112538 0.265456 -0.0375774 0.982743 -0.396515 -0.0236629 -0.0387116 -0.275227 : 0
0.0762325 0.799473 -0.172787 0.0442963 0.152594 0.0162937 -0.0813419 0.371532 0.0996829 : 0.1
0.0760276 0.0562094 0.166502 0.353265 0.423428 0.381588 0.158584 -0.100447 0.860132 : 0.1
0.103573 -0.22952 -0.00185637 0.18026 0.384112 -0.147791 0.141117 0.0240694 -0.00959589 : 0
0.00850196 0.309244 0.0336235 0.0663403 -0.0484615 0.130452 0.323955 0.298975 0.0622639 : 0
-0.0369271 0.518936 0.105345 -0.1953 0.429471 -0.175916 0.37964 -0.372472 -0.0785121 : 0
0.038703 0.140304 0.286746 -0.0657311 -0.0799232 0.268031 0.118736 0.112291 0.194903 : 0
-0.0727874 0.270172 -0.112438 0.549504 0.270075 0.0195828 0.450647 0.276231 -0.0297401 : 0.3
-0.454915 -0.180225 0.934332 0.230393 0.684973 0.0714352 0.235769 0.0659893 0.613212 : 0
0.147224 -0.0572966 0.263156 0.197316 0.0331556 -0.0291741 0.149641 0.147895 1 : 0
-0.0175689 0.117982 0.412311 -0.088467 -0.270138 -0.0847051 0.160243 -0.135988 0.149144 : 0
0.215291 0.198563 0.357017 0.191418 0.29272 -0.111793 0.0450447 0.000957463 0.279837 : 0
-0.226906 -0.122227 -0.271902 0.0364063 0.0835752 0.101333 -0.0539855 0.252002 0.263481 : 0
-1 0.224631 0.227583 -0.166974 -0.157957 0.0426958 -0.0806876 0.187483 0.246495 : 0
0.0431549 -0.24676 0.0419159 0.916558 -0.202018 0.694113 -0.25707 0.191518 -0.200887 : 0
-0.0794549 0.56581 -0.325589 0.463315 0.065816 -0.165291 0.266603 0.213946 -0.0283077 : 0.4
-0.43332 0.180183 0.217689 -0.064863 -0.000648476 -0.188555 0.244939 0.191259 -0.1233 : 0.1
-0.006552 0.277933 0.436553 0.140666 0.142268 0.0608576 -0.260046 -0.265821 0.0390484 : 0
0.0643498 0.068406 -0.313664 0.0210683 -0.0270621 0.587371 0.0682026 -0.408273 -0.122321 : 0.2
-0.166182 0.0376089 -0.983024 -0.370158 0.422123 -0.279585 0.202292 0.0062703 0.218787 : 0
-0.041046 -0.116979 0.0765786 0.413632 -0.0239626 -0.609014 0.771182 0.220243 0.0947879 : 0
0.0691822 0.569434 0.0678728 -0.178992 0.17957 0.0856397 0.446966 0.223766 0.0799316 : 0
0.215581 0.124553 -0.112032 0.110235 -0.119208 -0.00177154 0.464704 0.0903388 0.495059 : 0
-0.0401837 0.210109 0.504726 -0.343814 0.812665 0.115627 0.11085 -0.113119 -0.0344953 : 0
0.102139 0.331952 -0.0638996 0.0124185 -0.185069 -0.56805 -0.0608456 0.440294 0.216386 : 0.1
-1 0.0836168 -0.144748 0.0176906 -0.000147663 0.213597 -0.120326 0.0438004 -0.0669819 : 0.3
-0.286939 -0.0878639 -0.173398 -0.637417 -0.029669 0.0939588 -0.0430824 -0.192213 0.117541 : 0
0.0911862 0.721141 0.113132 0.210957 -0.158153 -0.0758474 0.502278 0.128501 -0.0699273 : 0.1
0.18874 -0.432466 0.377923 -0.454312 -0.306752 0.445315 0.0180641 0.00424069 0.237226 : 0
-0.336671 -0.179122 0.56785 0.136654 0.177498 0.12418 -0.159482 0.356243 0.115711 : 0.2
-0.196733 0.100259 0.00356562 -0.376312 -0.49248 0.209676 0.118605 0.106335 0.308031 : 0.1
0.151662 0.454944 0.042634 0.0491012 0.0838784 0.0897968 -0.0449776 0.259496 -0.180221 : 0
-0.17869 0.14576 -0.323768 -0.0404541 0.759725 0.0102537 0.161995 -0.0152045 0.161293 : 0.1
-0.0679598 -0.183131 0.0994842 -0.278611 -0.0112608 1 0.316624 0.809088 0.415731 : 0
-0.329911 0.0818525 0.471354 -0.0726881 0.0438681 0.0196051 0.0592517 -0.29406 -0.0968889 : 0
-0.132588 0.30553 -0.496809 0.425851 0.0552935 0.122073 -0.280484 -0.00916252 -0.181129 : 0
0.468678 0.199508 0.100656 -0.672525 0.105134 0.0374433 0.0656068 -0.353692 0.849965 : 0
-0.377118 0.035737 0.00853226 0.0862626 0.291372 -0.884492 0.0570726 -0.437083 -0.257009 : 0
0.126522 0.458218 0.0421074 -0.0100461 -0.100897 -0.174405 -0.294674 0.0152484 -0.347096 : 0.3
-0.0527383 0.0536758 -0.0340798 -0.0961837 -0.00114181 -0.0563343 0.145602 0.195105 0.235512 : 0
-0.310466 0.38651 0.017952 -0.299038 -0.0994095 -0.158094 0.0612866 -0.000506032 -0.0536371 : 0
0.21006 0.654041 0.661197 0.0644501 0.148632 -0.180837 -0.302527 0.201479 0.534014 : 0
-0.103748 0.111117 0.0167411 0.171409 0.0492341 -0.51596 0.120448 -0.0688455 -0.00329469 : 0
0.322076 0.113231 0.272835 0.00642742 0.312903 -0.0775672 0.03105 -0.18546 0.196812 : 0
-0.302584 0.683672 -0.0208484 0.721403 -0.138778 0.0739946 0.019772 0.0526845 0.0722063 : 0
0.0153598 0.549734 -0.261369 0.142722 -0.181176 0.747222 0.106017 0.0664795 -0.481721 : 0
0.0870083 -0.0684779 -0.215451 0.0428066 0.0466607 0.121608 0.0607291 0.226234 0.0113207 : 0
0.00181293 -0.311231 0.0655509 0.0485094 0.365541 -0.163221 -0.129244 0.703246 0.361606 : 0
0.00877145 0.306258 -0.0611871 0.221005 0.242623 -0.0895997 0.386928 -0.183483 0.155423 : 0.1
-0.226788 -0.0906404 0.755007 -0.118193 0.00599143 -0.241043 -0.197086 0.282817 0.0417902 : 0
0.163147 0.179582 0.0876595 0.346683 0.397681 -0.0573342 0.214677 0.628883 -0.0162643 : 0
-0.485149 0.625772 -0.111038 -0.299965 1 0.0136209 0.179944 -0.0349769 -0.317088 : 0
-0.00696482 0.799886 -0.122919 0.0849773 -0.0963394 -0.212514 0.11763 -0.0974137 -0.388414 : 0
-0.040825 0.184833 -0.0353776 -0.080892 -0.292783 0.0935969 -0.320033 0.437686 0.0564113 : 0
0.235495 0.361079 -0.369342 0.101479 -0.0825744 0.257112 0.091291 0.202337 0.040083 : 0
0.00642517 -0.0212153 0.0975946 0.50415 0.584132 -0.0521511 0.108498 0.12185 0.00857463 : 0.1
-0.206812 0.0478381 -0.11099 0.0552362 0.233975 0.492839 -0.113605 0.28894 0.170822 : 0
-0.0730779 -0.24221 0.209878 0.00610143 -0.0546388 0.0773859 -0.0511444 0.145027 -0.769985 : 0
0.351172 0.324938 0.0674628 0.0947905 0.749898 0.136943 -0.0463079 -0.265508 -0.303917 : 0
0.0473885 -0.178474 -0.111995 0.132046 0.28743 -0.194695 -0.0574168 -0.31228 -0.129047 : 0
0.115341 0.326068 0.0413726 0.0277637 0.0415394 -0.0230154 0.00553122 -0.0789227 -0.232146 : 0
0.0739641 -0.321148 0.00761297 -0.221246 0.37009 -0.0656687 -0.299082 0.689516 -0.448355 : 0
-0.155349 0.0696687 -0.0394585 -0.790688 0.105786 -0.377726 0.0280256 0.0351485 0.333185 : 0
0.456731 0.0929548 0.218819 -0.0931006 -0.164589 -0.221044 -0.0384427 -0.00270155 0.0221924 : 0
0.335254 -0.317443 0.0233818 -0.00884491 -0.0778146 -0.180216 -0.0720595 0.341111 -0.00569791 : 0.1
-0.0489698 0.14655 0.101443 0.495289 -0.0262982 -0.334832 0.0554224 -0.097885 0.180951 : 0.1
0.215964 0.903128 0.0895012 0.099717 0.161197 -0.385237 0.0602713 -0.224202 -0.299503 : 0.1
0.0643517 0.143864 -0.0306428 -0.193088 0.278941 -0.0416683 0.037855 -0.0476421 0.0304759 : 0.1
0.082623 0.194138 -0.111891 0.68333 0.318195 -0.112928 0.446553 0.253838 -0.152929 : 0
0.062788 0.225274 -0.0714814 -0.0197609 0.399162 0.210038 -0.0591294 0.428503 0.238106 : 0
-0.0693069 1 -0.12726 0.0298517 1 -0.0357802 1 0.481421 -0.0295504 : 0
0.125298 0.0409932 0.0942726 0.187752 0.258544 0.106173 -0.648189 -0.0629499 0.0893725 : 0
0.15616 0.114494 0.181183 -0.0152966 0.368236 0.673142 0.125619 0.155656 0.01132 : 0
-0.85173 0.0721973 0.0935481 0.26465 0.244859 -0.53127 0.032373 -0.142449 0.158104 : 0
0.0661129 0.105366 0.119034 0.850716 -0.0552136 0.200849 -0.205137 0.451421 0.138907 : 0
0.16385 0.0184117 -0.00190712 0.280923 -0.156998 -0.0235949 -0.366819 0.0613562 -0.375817 : 0
0.0462536 0.192194 0.332876 -0.653388 0.0738524 -0.125838 -0.137704 0.150268 -0.140805 : 0.2
-0.0450221 0.115345 -0.065665 -0.11165 -0.151834 -0.055515 1 0.233747 -0.523321 : 0.6
0.0135429 0.0959154 0.559504 -0.141377 0.343182 -0.18494 0.441221 -0.275611 0.0263891 : 0
0.186965 -0.333937 -0.142025 -0.14963 0.0124231 0.103722 0.034572 0.0215227 -0.261233 : 0
0.067802 -0.158058 0.133234 -0.15037 0.217024 -0.0112568 -0.144768 0.41781 -0.0414815 : 0
0.51605 0.375055 0.106357 0.335741 -0.024235 0.233306 -0.077872 0.175172 0.0143496 : 0
0.118173 0.0706111 0.0501401 0.0309667 0.218785 0.001412 0.179751 -0.217793 0.120533 : 0
-0.336548 1 0.174575 -0.0964193 0.113089 0.72005 0.199805 -0.0604375 -1 : 0
0.18828 0.184956 0.952864 0.82025 0.0289037 0.0171369 0.0787137 -0.0867431 0.0732188 : 0.1
-0.0544579 0.428858 -0.176821 -0.122643 0.0687849 -0.0388571 0.36514 -0.201808 -0.110097 : 0
0.0590908 0.0473599 -0.236161 0.0678447 0.0868306 -0.0481067 0.0264998 0.0893798 0.340694 : 0.2
0.0564823 0.243557 -0.0557929 -0.0612018 0.0808503 -0.0356817 0.147623 0.00792037 -0.060904 : 0
0.203769 0.00987602 0.194226 0.0672538 0.0436472 0.099366 -0.0508915 0.321068 -0.106649 : 0.1
0.00272741 -0.335797 0.634325 -0.0360062 0.284686 -0.544324 0.133532 0.0228072 -0.260683 : 0
-0.761149 0.442994 0.00372896 -0.0853018 0.0831613 0.749344 -0.34084 0.103695 -0.152992 : 0
-0.00152027 0.199178 0.605445 0.432749 -0.211516 -0.0859931 0.269705 -0.039686 -0.203705 : 0
0.117326 0.782508 0.208582 0.053869 0.115624 0.0812522 0.115749 -0.223809 0.216445 : 0.1
0.279537 -0.0735853 0.285265 0.445858 -0.116885 0.103947 -0.0161006 0.00030154 -0.0637023 : 0
-0.0834542 0.274052 -0.128248 0.0747206 0.259522 -0.305914 0.185964 -0.244986 -0.0818775 : 0
-0.439242 0.000651348 0.424917 0.484781 0.428022 0.006374 0.29154 -0.317976 -0.326045 : 0
-0.0848111 0.373142 -0.0169172 -0.149519 0.379834 -0.0461536 -0.0102961 -0.194221 0.0372273 : 0.4
0.297009 0.539641 0.328482 -0.209429 0.377507 -0.0127258 -0.016755 -0.0216554 0.54986 : 0
0.0391691 0.274623 -0.00384207 1 0.851593 0.464185 0.0526523 -0.178835 0.108355 : 0
-0.207323 0.47937 0.19805 -0.269995 0.198862 0.105368 0.106895 0.127484 0.0412341 : 0.4
0.0421452 -0.100185 -0.105141 -0.0878765 -0.135192 0.359785 -0.00813975 0.136393 0.0596017 : 0
-0.0150201 0.0618063 -0.079672 -1 0.132391 0.386699 0.159964 -0.202036 0.101435 : 0
0.181759 -0.112389 0.464482 -0.247175 -0.352499 0.109512 -0.191119 -0.110133 -0.225427 : 0
-0.0623925 -0.146026 0.172462 0.230322 0.00153948 -0.0370491 0.0613461 0.203796 0.0125018 : 0
0.214963 0.957421 0.150242 0.461858 0.919617 0.637626 -0.169533 0.132945 0.186749 : 0.3
0.294664 -0.162659 0.496703 -0.0693987 0.721395 0.00576025 -0.216215 -0.100299 0.00162091 : 0
-0.0416643 0.0658144 0.256703 -0.083508 0.271314 0.00302358 0.26098 -0.197943 0.146049 : 0
0.176056 0.327539 -0.00940597 -0.0709487 -0.0181141 0.638699 0.00702085 -0.072416 0.182005 : 0
0.0942157 0.166531 -0.0573268 0.23757 0.504294 -0.567276 0.201515 0.00470361 0.0150981 : 0
0.552098 0.226808 -0.175624 0.0914739 0.246625 0.0524514 -0.069968 0.00840833 -0.2493 : 0
-0.20878 0.106608 0.0171758 0.238429 0.171488 -0.547687 0.395523 -0.12925 -0.0723364 : 0
-0.0227525 -0.0233529 -0.171824 0.109635 -0.875794 0.738562 0.46261 0.0574037 -0.453241 : 0
0.130983 -0.359089 0.310141 -0.626406 -0.287546 0.440979 0.118572 -0.547666 0.248197 : 0
0.150798 0.0570029 0.290613 -0.0523778 0.321924 0.167371 0.383515 -0.140398 0.0883075 : 0
-0.10635 0.448989 -0.158688 0.204554 0.0294428 0.00653739 0.156808 -0.202045 0.0466022 : 0
0.0769353 0.0760116 0.213672 0.619148 0.219878 -0.457696 0.0194397 0.0998676 -0.152699 : 0
-0.100329 -0.0772672 -0.110576 0.0429857 0.875219 0.170086 0.979864 0.171807 -0.038725 : 0
0.0101283 0.105706 -0.0683889 0.259633 0.0211042 -0.234455 0.0876437 -0.0218602 0.58024 : 0
0.0378925 -0.315968 0.904344 -0.0650374 0.27213 0.132951 0.179868 -0.105518 -0.0487465 : 0
0.0578371 0.201265 0.122313 0.211671 0.0100338 0.15981 0.0900894 0.187987 0.281744 : 0
0.547406 -0.0219724 0.202888 0.210298 0.0105488 0.0457113 0.601787 0.296265 0.0257062 : 0
-0.184358 -0.0336202 0.0655264 -0.25065 0.0569796 -0.0471421 0.0796309 -0.119894 0.287167 : 0
0.74141 0.508141 0.195896 0.247509 -0.0445238 -0.00877433 0.142063 0.0837026 -0.0323863 : 0
-0.0667309 0.392761 0.129876 -0.338811 0.120729 0.176048 0.0727814 0.148734 0.537644 : 0
0.12777 0.209519 0.548737 -0.321925 -0.620583 0.261356 0.17236 0.67445 -0.00920983 : 0
-0.235886 -0.013569 0.318341 0.173405 0.0351932 -0.0168399 0.0367749 0.0819801 -0.292111 : 0
0.198073 0.0788458 0.0137183 -0.0751329 0.258874 0.0282445 -0.124161 0.156506 -0.0482394 : 0
-0.0295296 0.0285921 0.656372 0.0737279 0.370185 0.14562 0.175667 -0.511014 0.158229 : 0
0.554628 0.0436692 0.0652281 -0.371578 0.334449 -0.0187472 -0.134495 0.326502 0.979321 : 0
-0.323722 0.210649 -0.0194376 0.123261 -0.215743 -0.155048 0.421658 0.44067 0.0957909 : 0
-0.370228 -0.0225841 0.0371659 0.389797 0.187133 -0.141568 -0.0426435 0.113252 0.162417 : 0
-0.0598908 0.222464 -0.00150383 0.0532825 0.334952 -0.322685 0.735611 0.172037 0.0215256 : 0
0.0675499 0.316153 -0.0611541 -0.0302202 0.372957 0.0576221 0.0353981 -0.479426 -0.12407 : 0
-0.0644371 -0.158438 0.0949398 -0.655161 0.144445 0.240081 0.0462545 0.0570551 -0.160163 : 0
0.0673573 -0.196473 0.00220771 0.156064 1 -0.381894 0.902903 0.0612721 0.134461 : 0
-0.00987456 -0.137675 0.0438665 0.0566472 0.167691 0.00675211 0.49464 0.420192 0.154695 : 0.1
-0.0540238 0.181317 0.115066 0.0100578 0.424684 -0.0738825 0.195779 0.144311 -0.0276768 : 0
-0.0638661 0.096154 0.380665 -0.128844 0.631101 0.0602448 0.0600921 -0.18921 0.0564976 : 0
-0.0735807 -0.0604057 0.00437964 0.0937277 -0.349576 -0.111978 -0.119394 -0.323064 -0.295487 : 0
0.0915134 0.39766 0.101235 0.154599 0.15487 0.00988996 0.0538523 -0.114952 0.27308 : 0.3
0.268031 1 0.277226 -0.0635642 0.276024 0.0231029 -0.0188141 0.395414 -0.0263884 : 0
-0.0956262 0.674431 0.0450709 0.00525239 0.47437 -0.126061 -0.251602 0.0563744 -0.0683087 : 0
0.12429 -0.00594601 -0.0968285 -0.162605 0.345035 0.75478 0.0733538 0.429983 -0.448458 : 0.3
0.203308 -0.120259 0.0512913 -0.2576 0.445542 -0.049271 -0.0826195 0.397947 0.707859 : 0
0.134915 -0.0522426 0.0206546 -0.128558 -0.0351007 0.230877 0.123515 0.188783 0.150883 : 0
0.156675 -0.372205 0.46189 -0.393193 -0.272082 0.318537 0.119542 -0.02907 0.203414 : 0.1
0.287206 0.0651222 0.0847233 -0.0829 1 -0.0720585 -0.0889679 0.140901 -0.0227377 : 0
-0.0415828 0.292714 0.205382 0.114943 0.29341 0.00441611 0.246975 -0.130019 -0.211004 : 0
0.309208 0.694573 0.96758 -0.110196 0.207208 0.120617 -0.00016883 -0.0918273 -0.070264 : 0
0.0271268 0.0131299 0.601941 -0.612791 -0.11122 0.0512144 -0.303288 -0.360768 0.264394 : 0.1
0.0325551 -0.00892124 0.161514 0.705061 0.411843 -0.048794 0.0454135 0.283849 0.537209 : 0
0.235942 0.417418 0.700981 -0.171738 0.0735135 -0.375748 0.0162938 0.259257 -0.0528147 : 0
0.40414 0.032712 0.0433938 0.134426 -0.0576411 0.148208 0.0172373 0.144488 0.0274247 : 0
0.0172154 -0.0648073 0.454767 -0.370955 0.109813 -0.0340656 0.200168 -0.257038 -0.236925 : 0.1
-0.295226 0.1822 0.739069 -0.056951 -0.304486 -0.0182039 0.0561215 0.00616931 -0.0320223 : 0
0.392001 0.0807114 0.421239 -0.526857 0.408702 0.0724869 0.095649 -0.14148 0.07546 : 0
0.334802 -0.194277 0.157287 0.129888 -0.0914725 -0.133871 0.140242 -0.33284 -1 : 0.4
-0.0117506 0.208146 -0.119976 0.118395 0.765793 0.150891 -0.0590077 0.377511 0.460323 : 0
0.227707 0.241067 0.102643 -0.0112209 -0.46215 0.244753 -0.388654 -0.330477 0.133671 : 0.2
-0.0542168 -0.0356412 0.145758 -1 0.437414 0.135596 0.562525 0.356809 0.0344096 : 0
-0.0898732 0.3699 -0.0447148 0.0998862 0.213492 0.248554 -0.0737753 -0.201102 -0.070654 : 0
0.202618 -0.0258725 0.198923 -0.0167895 0.352668 -0.150585 -0.168244 -0.216716 0.199658 : 0
-0.0624275 0.359014 0.089033 0.12272 -0.0517265 0.0421592 0.0153876 0.12782 0.0835224 : 0.3
0.216687 0.421893 0.503079 -0.0046109 0.143192 0.0654794 -0.0262637 0.0292645 -0.0331968 : 0.1
-0.0445655 0.108889 0.309833 -0.0375177 -0.0470102 0.143695 -0.470579 -0.106125 0.315691 : 0
0.635408 0.0516158 -0.0626629 0.119106 0.499261 0.129764 0.18445 0.115823 0.135121 : 0
-0.0419394 0.0349543 0.00318363 0.262482 0.576069 -0.304226 0.799968 0.522338 0.142207 : 0
0.0392553 -0.0309535 -0.0928793 0.551248 0.0366457 0.0985102 0.203196 0.0945525 0.0447209 : 0
-0.482896 0.734003 0.380048 -0.030593 -0.101698 0.0938755 0.102597 -0.181857 -0.0622582 : 0
-0.0636182 -0.228397 -0.00123866 -0.0641404 0.354232 -0.157289 0.406691 0.0289199 -0.163868 : 0
0.106792 -0.191293 0.541577 0.0265264 0.724986 0.374597 0.0201653 0.0243152 -0.0444227 : 0
0.0869368 -0.0776628 -0.43423 0.0700488 0.123214 0.298842 0.207869 0.549938 -0.242859 : 0
0.377938 0.46284 -0.0958181 0.047964 -0.303037 0.198357 0.0059847 -0.377784 -0.0462954 : 0.3
-0.219338 0.0182059 0.750676 -0.212002 0.275527 0.417317 0.388995 0.246293 0.153865 : 0.3
0.04323 0.0862501 -0.156933 0.128203 0.101956 0.303783 0.501944 -0.38308 0.0397127 : 0
-0.184104 0.805572 0.271129 0.793116 0.678482 0.0279896 0.385057 0.100903 0.328672 : 0
-0.367561 0.0179221 0.802841 -0.21426 -0.0446602 0.963043 0.195973 -0.172742 -0.0833431 : 0
0.0812098 -0.0115738 0.0261836 0.0974749 0.392077 0.229327 -0.155001 -0.0798614 0.225506 : 0
0.424643 1 -0.0340163 -0.518553 -0.20891 -0.143355 0.511548 -0.0665202 -0.0366726 : 0
-1 1 0.00103793 0.0231068 0.00406143 0.518622 1 0.484754 0.1334 : 0
-0.0541931 -0.0542571 0.326236 0.0606087 0.816185 -0.0929289 0.0348547 -0.127268 0.241057 : 0
0.0690757 0.366219 0.083935 -0.112173 -0.135389 0.189266 0.352977 0.0234551 0.271616 : 0
0.279478 0.283243 0.457417 0.00964302 -0.0211034 0.337533 -0.0575453 0.238333 0.166028 : 0.4
-0.726679 -0.230394 0.00220187 -0.288124 -0.0431135 0.485979 -0.214904 -0.0537791 0.0446838 : 0
0.0768377 0.164274 0.287545 0.0222964 0.0554013 0.261121 0.0964153 0.0658433 0.169309 : 0
-0.205643 -0.205677 0.0598568 -0.129596 0.0564673 -0.236152 0.541668 0.0285226 0.369771 : 0
-0.0389379 -0.0563722 0.418196 0.139364 1 -0.212411 -0.0534686 0.0136327 0.337814 : 0.4
1 0.0418829 0.0870663 0.0345932 0.232523 -0.525111 -0.580989 0.174563 0.0304548 : 0
0.124157 0.287179 0.293094 0.193147 0.1677 0.363748 0.0724548 -0.343986 0.0455643 : 0.3
-0.183327 0.985989 -1 -0.654952 0.924185 -0.325272 0.458191 -0.000197113 0.83874 : 0
0.369043 0.0218981 0.147915 0.0274532 -0.105764 -0.250553 -0.221292 0.0865734 0.0496062 : 0
-0.218863 0.650677 0.123207 -0.0322701 0.126744 -0.0575572 0.523245 0.0994546 0.0902419 : 0
0.00455759 0.27023 0.176598 0.41285 0.0780462 0.556027 -0.196345 -0.887967 -1 : 0
-0.0136267 0.087296 -0.052294 -0.612003 -0.0484986 -0.262687 -0.424887 0.0355505 -0.0665456 : 0.3
0.462084 0.0346833 0.0152994 0.546654 0.075718 -0.746882 0.649649 0.177949 0.0945677 : 0
-0.0109645 0.497645 -0.137857 -0.324179 0.200302 -0.290742 0.122083 0.0742705 -0.0979876 : 0
-0.0780272 1 0.0482192 0.263891 0.0837502 0.140879 -0.337688 -0.0593902 0.269586 : 0
-0.00335551 0.0405937 0.559797 0.0901312 0.0466507 0.0547718 -0.0945884 -0.385508 0.0433332 : 0
-0.186444 0.28425 0.436922 -0.00601795 0.43077 0.0986206 0.0927063 0.0515586 -0.0265963 : 0.3
0.297171 0.569783 -0.16413 -0.342077 0.421673 0.00985952 0.145658 -0.211071 -0.16603 : 0.1
-0.105451 0.0688231 0.00154325 -0.14201 0.44891 0.208217 1 0.226668 -0.0814258 : 0
0.142301 0.0210201 0.597236 0.244251 0.031642 -0.0173498 -0.0932825 -0.088255 0.339986 : 0
0.0122008 0.515497 0.030691 -0.178095 -0.0295661 0.219704 -0.286575 -0.0734103 -0.0772105 : 0
0.0492968 0.0858729 0.618594 -0.368393 -0.117864 -0.0985398 0.206614 -0.132733 -0.145629 : 0
0.690656 -0.127938 0.0532739 0.0072953 0.159309 -0.422659 0.0314581 0.0357038 -1 : 0
0.237234 0.0540861 0.875979 -0.684431 -0.159936 -0.16502 0.107605 -0.130757 -0.0945778 : 0
0.410624 -0.0987558 0.889896 0.338113 1 -0.412733 0.250202 -0.194026 0.00591133 : 0
0.0246261 -0.110226 0.819861 -0.143354 0.208457 -0.839256 -0.0114453 -0.135625 0.0403437 : 0.2
-0.689922 -0.082354 0.613697 0.337547 -0.0804871 0.0409649 -0.0834085 1 0.568547 : 0
-0.00274817 -0.252329 -0.110962 0.103981 0.321066 -0.563771 0.103313 -0.0775252 -0.0290467 : 0
0.293144 0.0844382 0.0563983 0.10005 0.83726 0.385387 0.127943 0.330899 0.179542 : 0
0.320132 -0.245937 -0.00071672 0.0295128 0.174071 0.605788 0.714324 0.330877 0.441071 : 0
0.24216 -0.0499242 -0.158281 -0.0619544 0.616068 -0.535038 -0.339392 -0.162294 0.127321 : 0.4
-0.00179594 -0.01784 0.149163 0.543751 -0.206642 0.197725 0.073534 0.0686495 0.118643 : 0
0.0285134 0.100282 -0.524861 0.0268783 0.174003 -0.00511438 0.0685074 -0.17878 -0.149537 : 0
0.457916 -0.294913 0.0100524 0.126688 0.584426 0.433688 0.172629 -0.125011 0.0144764 : 0
0.0739612 0.172885 -0.651353 0.0824979 0.435955 -0.0394022 0.271955 -0.0565989 -0.0681967 : 0
-0.346956 0.45558 0.575714 -0.362763 0.27239 -0.16082 0.601694 -0.0798413 -0.137417 : 0
0.213987 1 -0.0463859 0.287047 -0.0699238 0.992535 0.131974 0.059857 0.0158387 : 0
-0.028973 0.191645 -0.478475 0.0915675 -0.0197794 -0.227174 -0.023665 0.474859 -0.0573776 : 0
0.0192016 0.083916 0.0731234 0.237007 0.0781383 -0.000544608 0.324676 0.0619708 0.454452 : 0
0.0340895 0.188663 -0.0911729 -0.00360645 -0.398453 0.0604608 -0.0347836 0.0464423 -0.334162 : 0
0.748742 -0.261973 -0.23899 0.0662723 0.693697 -0.0899912 -0.356081 -0.0524507 0.35212 : 0
-0.676775 -0.443397 -0.0611667 0.0343859 -0.0998019 0.0015554 -0.00849384 1 -0.0164948 : 0
0.260195 1 -0.120861 -0.0470355 0.177315 -0.108507 0.111855 0.0292336 0.109161 : 0
-0.0170625 0.129815 0.573788 0.145448 -0.0124885 0.268266 0.708062 0.540677 0.304959 : 0.5
0.183654 0.10493 0.0187319 0.106555 0.919903 -0.3743 0.0364263 0.50673 0.292559 : 0
-0.171314 0.0168595 0.62825 -0.30977 -0.183963 -0.813608 0.036879 0.0707313 0.133323 : 0
-0.207799 0.0431735 0.0442691 -0.218256 -0.495446 0.0884549 -0.0477275 0.0559251 0.258506 : 0
-0.326027 -0.266002 -0.0639514 0.381658 -0.121128 -0.274197 0.0222017 0.0711723 -0.0782527 : 0.1
0.421481 0.252901 0.00734653 0.333333 0.00606157 0.158441 -0.0236197 0.0108477 0.208635 : 0
0.118699 0.298918 0.197587 -0.316822 0.0959476 0.17654 0.435082 -0.233159 0.392158 : 0
-0.109852 -0.0131401 -0.380201 -0.509647 0.593308 -0.514655 0.2642 0.189123 -0.0744336 : 0
-0.488616 0.0919315 1 0.0572929 0.766036 -0.185461 0.267117 0.508778 1 : 0.2
-0.142785 -0.0173417 -0.0380293 -0.65101 0.251397 -0.055523 -0.0613385 -0.0585258 -0.317262 : 0
0.233177 0.129496 0.0863654 -0.372925 0.557154 0.100045 0.0017128 -0.124293 0.457368 : 0.1
-0.0282607 0.263259 0.407715 0.0259676 1 -0.169222 0.29708 0.00570658 -0.0364029 : 0
-0.245792 0.193145 -0.144549 -0.371671 -0.440585 0.309362 0.0487922 0.129029 -0.175 : 0
0.0561317 0.0176893 0.376728 0.144186 -0.0464303 0.0640451 0.494686 0.0235345 -0.0680524 : 0
0.0232672 0.395153 -0.619633 -0.15857 -0.00898588 0.0248586 0.0683647 0.33174 0.0182908 : 0
-0.0241673 -0.162385 -0.0490944 0.239144 -0.13697 -0.0463865 0.0772786 0.14964 0.182168 : 0.1
0.00598274 0.19322 0.0896592 0.295971 0.0799204 0.116313 0.0165296 -0.219942 0.820515 : 0
-0.046268 0.08764 0.053574 0.12214 0.381399 0.648724 -0.0401462 -0.0747017 0.013813 : 0
-0.191197 0.367553 0.0820244 -0.113205 0.164457 0.470146 0.172138 0.0346113 0.359661 : 0
0.171837 -0.335577 0.456556 0.274032 0.00446235 0.0466878 -0.0213778 0.05678 -0.918756 : 0
0.100507 0.164519 1 0.076518 -0.0373542 0.433586 0.298351 -0.0557381 0.253818 : 0
0.134705 -0.16725 0.0770185 -0.320872 0.834612 0.208176 0.21093 -0.0703767 -0.566684 : 0
-0.206091 0.0669589 -0.00270875 -0.434576 0.230434 -0.393867 0.00315969 0.0052654 0.29242 : 0.1
-0.281069 0.365641 0.766656 -0.442583 0.616068 -0.23868 -0.226734 -0.00659272 -0.293901 : 0
0.301734 -0.00269141 0.176151 -0.147406 -0.226767 0.221714 -0.0367817 -0.0896715 0.476298 : 0.1
0.0904046 0.0265562 0.206318 0.159738 -0.030559 -0.290822 0.0253529 0.647442 -0.440922 : 0.1
0.0104216 0.497429 0.036908 0.0593709 0.15341 -0.112132 0.201589 -0.514366 0.112031 : 0
0.190146 0.416775 0.0513505 0.247225 0.0965098 0.412066 -0.00671408 0.0394214 0.074142 : 0.4
0.0200464 -0.0403282 0.380332 -0.025812 0.281398 -0.714976 -0.130597 -0.160794 0.174541 : 0
-0.387433 0.202979 0.210558 -0.0767809 0.358234 -0.0737163 -0.172877 0.103 0.0626942 : 0
0.000377167 0.0107949 0.279636 0.0896505 -0.16199 -0.331586 0.0611252 -0.0692115 0.0419511 : 0
-0.227208 0.296339 0.380091 0.117666 0.30361 0.251969 0.345537 -0.472455 -0.36022 : 0
0.20868 -0.00826579 -0.250921 0.160814 0.183688 0.0222794 -0.18914 0.613893 -0.3742 : 0
0.0461768 0.126076 0.139195 -0.561296 -0.233116 0.156917 0.0302177 0.569765 -0.0568881 : 0.1
-0.0323755 0.249203 0.0636294 0.239997 0.247793 -0.28297 -0.2247 -0.0792692 0.0248605 : 0
0.116697 -0.218783 0.00698945 0.412231 0.0704189 0.105373 -0.221157 0.0238508 0.00791315 : 0
0.316325 0.411952 0.137731 0.153948 0.0323208 0.305736 0.322146 0.0485997 -0.0053518 : 0
-0.0691774 -0.274942 -0.0307699 0.742086 -0.297267 -0.0302049 -0.0765996 -0.194887 0.0609294 : 0.1
0.0684646 -0.178019 -0.128085 0.0576477 -0.0712569 -0.121549 -0.0364811 0.197333 0.254006 : 0
0.107354 -0.125063 -0.0739151 0.652111 -0.164783 -0.886168 0.0152195 0.0596265 -0.0551076 : 0.1
0.320218 0.222247 0.721178 0.0258356 -0.124832 -0.281747 0.327536 0.032327 -0.0341186 : 0
0.140846 -0.0612253 -0.06592 0.250247 -0.10447 -0.368537 0.0116194 0.54094 -0.0250196 : 0
0.208042 0.0545976 -0.328911 0.294824 0.139633 0.0626294 -0.162227 0.0818091 0.556445 : 0
0.14232 0.383328 0.478712 1 -0.0411074 0.146895 -0.294859 0.0530661 0.122642 : 0
0.0445087 -0.762883 0.0333952 0.286887 0.320841 -0.307164 0.13724 0.057115 0.207226 : 0.1
0.14584 0.163367 -0.146315 -0.0884882 0.712417 0.295493 0.155998 -0.0223485 0.178564 : 0
0.0789417 0.0729192 -0.154194 0.072863 0.269825 0.413973 0.411993 0.0256911 0.0292779 : 0
-0.420349 -0.097333 -0.122774 0.522785 0.572875 0.750247 0.0829472 -0.355288 0.0643752 : 0
0.0481832 0.942905 0.387467 0.135687 0.00342643 0.654267 0.764573 0.116174 -0.151488 : 0
-0.0262927 0.187382 -0.190506 -0.0595813 0.35285 0.252797 0.0675333 1 -0.0501558 : 0.2
-0.334413 0.321259 0.459404 -0.0117019 0.369667 0.197701 0.213084 -0.462695 -0.0813293 : 0
0.0580236 -0.00265905 0.00876934 0.000754654 -0.0734017 0.0065926 -0.167258 0.538167 0.165274 : 0
0.224016 0.108911 -0.0665662 -0.106153 0.131986 0.124568 0.808676 -0.131915 -0.026291 : 0
0.0562054 1 -0.00694561 0.161353 0.197794 0.914778 -0.19665 -0.00612736 -1 : 0
0.404123 0.200804 0.0931181 -0.130859 -0.151565 -0.0798004 0.235077 0.0334048 -0.132031 : 0
-0.833324 -0.174241 -0.0320529 -0.188153 0.0777625 0.273176 0.128007 -0.0880099 -1 : 0
-1 0.00945815 0.244191 -0.260304 -0.00379845 0.606032 0.355449 -0.0159468 0.010184 : 0
0.211077 0.216855 0.141052 -0.192508 -0.298715 0.440249 0.317989 -0.0854622 0.101401 : 0
-0.0646847 0.0493756 -0.218259 0.249998 0.436804 -0.00610527 0.282776 -0.15684 -0.0318344 : 0
-0.597427 0.0835842 -0.0913773 0.0874801 0.950139 -0.147753 0.144424 0.351441 0.128439 : 0.1
-0.260192 -0.0385991 0.1219 -0.109176 0.475021 -0.379716 -0.135484 0.489111 0.144502 : 0
-0.0338713 0.642328 -0.164172 -0.123489 -0.643634 0.0846765 0.557681 -0.0175312 -0.37767 : 0.1
-0.109203 0.156653 0.116874 -0.0408944 0.656061 -0.0281263 0.219198 0.348233 0.257738 : 0
0.0522083 0.120025 0.123396 0.480537 0.285131 -0.0876462 0.164244 0.748724 -0.0141771 : 0
-0.399059 0.0838916 0.599338 -0.110845 0.0381927 -0.0931225 0.519955 -0.0597425 0.178899 : 0
0.0614393 0.12247 -0.0203964 0.268824 -0.00462622 0.07175 0.00735573 -0.749758 0.0712448 : 0
0.353275 0.0482723 -0.0185875 0.165863 -0.462862 -0.0233133 -0.356725 -0.293438 -0.14753 : 0
-0.115187 0.255038 -0.200686 0.153732 -0.132248 -0.0803176 0.0106083 0.00966101 -0.106513 : 0.1
-0.323477 0.753427 0.291218 0.124984 0.124727 -0.0303195 0.285312 -0.247558 0.0609855 : 0
-0.0302436 0.0324267 -0.0974029 0.179108 0.402854 -0.190255 -0.0129128 0.066947 0.113273 : 0.3
0.149434 0.123892 -0.228459 -0.196922 -0.161166 -0.270494 0.0713682 0.976374 0.245183 : 0
-0.135661 0.0325057 0.0438346 0.169116 0.0352949 0.505842 0.271004 -0.011816 0.161473 : 0
0.253523 -0.400755 0.0338278 -0.186077 0.081569 -0.0123517 0.0335503 0.0782689 -0.0935779 : 0
-0.0889015 0.131842 0.768859 -0.175917 0.133436 -0.0850811 0.317906 0.320739 0.0123262 : 0
0.0990425 0.0396469 0.0673333 -0.220681 0.279796 0.0879605 0.0725942 0.0918696 0.126326 : 0
-0.423666 -0.0869685 -0.123238 -0.0779155 0.843419 -0.434082 0.155232 0.186414 0.0303068 : 0
0.00501847 0.461894 -0.0146948 -0.154351 0.213478 0.805918 0.213556 0.269837 0.108779 : 0.4
0.140883 -0.356443 0.138333 0.301514 -0.800292 0.0390948 0.049276 0.0969631 0.213007 : 0
-0.0830478 0.323627 -0.0399327 -0.76577 -0.241899 0.0912513 -0.267283 0.0824921 -0.22888 : 0
-0.287886 0.820386 0.551147 0.00124294 0.164314 0.249063 0.56799 -0.15415 0.0626604 : 0.4
0.0870534 0.0101446 0.135822 -0.203341 0.0369997 -0.216851 0.0789758 0.0141913 0.750032 : 0
-0.12969 1 -0.0195016 -1 0.0768713 0.173801 -0.0802085 -0.170902 0.194447 : 0.3
0.0736557 0.0247932 0.231135 -0.465888 0.160887 0.0489278 0.184809 0.402988 0.018726 : 0
0.05412 0.0061027 -0.00419835 0.196762 0.642245 -0.444254 -0.0858095 -0.0105004 0.8453 : 0.1
-0.12408 -0.00396101 0.317182 -0.275371 -0.246115 0.406645 -0.344323 0.247187 0.441008 : 0
-0.46283 0.137681 -0.335658 -0.171536 0.800278 0.0186072 0.29635 0.215543 0.397125 : 0.1
0.0172392 0.931044 -0.0280864 0.688428 -0.136269 0.701173 0.52968 -0.0477622 0.31074 : 0
-0.192196 0.142511 -0.354117 0.0502661 -0.227422 -0.0265481 0.24667 0.736364 0.360832 : 0
-0.251786 0.341666 -0.154079 -0.00121146 0.256285 -0.437848 0.152438 -0.107245 0.0330865 : 0.2
0.139564 0.132518 0.001155 0.0474824 -0.41262 -0.243665 0.0286787 -0.178912 -0.52293 : 0
-0.0536504 0.0653189 -0.0349601 -0.120441 -0.313679 0.247774 0.285733 -0.0962192 -0.36459 : 0.3
0.0442133 0.885819 -0.0296696 0.024332 0.170119 -0.129137 0.249775 0.0978228 0.121293 : 0
0.19573 -0.520492 0.18665 0.589164 -0.0613126 0.294389 0.151661 0.244101 0.100066 : 0
0.166032 0.556687 0.117125 0.0347024 -0.119195 0.0761334 0.139063 0.0802454 0.0722128 : 0.1
-0.0766826 0.312541 -0.087531 -0.466257 -0.319603 -0.123977 0.413058 0.134381 -0.0202237 : 0.1
0.0556746 0.279946 0.284115 -0.191804 0.266638 -0.0491352 0.0781615 -0.0199696 0.0354694 : 0
0.0650986 0.924902 0.0247327 0.187016 0.129669 -0.259944 0.0352582 -0.193842 -1 : 0
0.0395605 0.486563 0.0828617 0.136461 0.0301561 0.830415 -0.128193 -0.00229438 0.217628 : 0
0.119858 -0.0640762 0.0418143 -0.0963188 0.0453921 -0.0781608 -0.0425028 -0.036168 0.174787 : 0
-0.211087 -0.0489083 -0.0450024 0.443287 -0.14124 -0.0909124 0.0751978 -0.416209 -0.274766 : 0
0.148694 0.478945 0.518371 -0.180062 0.177458 0.00302669 0.62311 -0.276588 -0.0245929 : 0.4
0.177769 0.222543 0.0728141 -0.0275262 0.0701637 0.141081 0.435048 -0.204118 0.544813 : 0
-0.0399766 0.647247 0.0995358 0.117976 0.180599 -0.0714443 0.0805367 -0.0210472 -0.0855392 : 0
0.00793004 -0.146757 0.00194579 -0.183523 -0.145371 0.0825014 0.163786 -0.188146 0.0295932 : 0
-0.0466641 0.151792 -0.0108943 0.160647 0.0491452 0.0662006 0.197129 0.646284 0.513904 : 0
0.0824251 0.0168121 0.0282497 -0.459068 0.446983 0.461278 0.168776 0.072241 0.340054 : 0
-0.213498 0.25616 0.128749 -0.184335 0.195546 0.0231248 0.0274235 -0.214858 -0.109734 : 0.1
0.0513684 0.0797151 0.0733593 0.0186513 0.113536 -0.0352169 -0.0442281 -0.154993 -0.0189604 : 0
0.383009 -0.109805 -0.0913922 -0.0350957 0.0246032 -0.0340114 0.207027 0.0130941 -0.0455737 : 0
-0.120915 -0.0148939 0.0478083 -0.342048 0.267968 0.565352 -0.0740685 0.435353 0.110949 : 0.2
0.202031 0.115726 0.152533 -0.0267365 -0.018961 0.0883234 0.184458 -0.00449096 -0.264464 : 0
0.507873 -3.14713e-05 -0.125257 0.0236217 0.095382 -0.336595 0.0314012 -0.160181 0.187856 : 0
-0.0294481 -0.502462 0.572801 0.261507 -0.526107 -0.294575 0.263781 -0.485618 -0.0795976 : 0.1
0.349436 -0.146002 -0.0815578 0.0983955 0.0253325 -0.303113 0.0647999 0.0409403 0.0839041 : 0
0.507223 -0.0723742 0.19788 0.24853 -0.0775456 -0.0354653 -0.173632 -0.0307242 -0.0261459 : 0
-0.137297 0.138975 0.257021 0.0267805 0.16837 -0.213391 -0.128255 -0.02881 -0.0622747 : 0.3
-0.154978 -0.103643 -0.178553 -0.0596702 -0.206098 -0.0342971 1 0.118709 -0.0149025 : 0
-0.202627 0.0578716 0.55079 -0.636367 0.744645 -0.226756 0.168667 0.448927 -0.0921227 : 0
-1 -0.0634458 0.138916 -0.0314524 0.274742 -0.0919433 0.0330125 -0.157062 -0.0219388 : 0
0.0691116 0.640966 0.221874 0.0798942 0.396114 -0.00837892 0.362755 -0.169862 -0.153022 : 0
-0.52162 0.255121 0.744953 -0.0595898 0.20633 0.60677 -0.0735636 0.173895 0.04864 : 0
0.00115007 0.265156 0.609849 -0.164122 0.278656 0.0279929 -0.00935321 -0.0691048 -0.0232788 : 0
0.0794579 -0.0792477 0.107795 0.107512 0.0921917 -0.449681 -0.0397074 -0.0167661 0.169638 : 0
-0.122215 0.732196 -0.174869 -0.445825 -0.119871 -0.128017 0.0820616 0.24427 0.0315041 : 0
0.00408692 0.210694 0.0889314 -0.375426 0.0398193 -0.349205 0.540821 0.0304834 0.478209 : 0
0.407502 0.214524 0.216698 0.243219 0.0718654 -0.332458 0.127947 1 -0.372049 : 0.1
0.0548249 0.102631 0.283548 -0.0889332 0.0389795 0.0812531 0.355747 1 0.178368 : 0
0.0203969 0.0922726 0.539013 0.0926456 0.0941586 -0.0816686 -0.167002 -0.133164 -0.126403 : 0
0.222037 -0.111683 0.0574525 0.132944 0.209839 -0.210764 0.129032 0.974024 0.399675 : 0
0.0398891 0.412248 0.150712 -0.179948 0.616714 -0.0554253 0.00826639 0.0442031 0.0803632 : 0.3
0.0799176 0.638449 0.219543 0.0200193 -0.355305 -0.342337 -0.00654592 0.125364 -0.219064 : 0
1 -0.0255996 0.527101 -0.0722201 0.0546813 0.205221 -0.49729 -0.1057 0.0295222 : 0
0.0342419 0.409405 -0.00276261 0.0970569 0.206302 -0.253025 0.519765 0.0574495 -0.0277142 : 0.1
0.713126 -0.0904799 -0.100026 0.267553 0.425698 -0.889497 -0.121261 0.0329896 -0.117675 : 0
-0.598483 0.266135 -0.111641 -0.343136 -0.263039 -0.255714 0.0333588 0.052739 -0.186118 : 0
-0.184754 0.182616 0.121055 0.0243437 0.0144042 -0.168238 0.345151 -0.008557 -0.0159591 : 0
-0.124799 0.0784344 -0.026303 0.272176 0.0773392 -0.114568 0.0398872 0.140212 0.316111 : 0
-0.0809254 0.425648 -0.161874 0.0937773 0.223164 0.161056 0.00656934 0.0243961 -0.173684 : 0
0.427488 0.142989 0.0905391 0.782724 0.125655 0.068601 0.0773144 0.119213 -0.0947072 : 0.6
-0.507292 -0.224848 0.26779 -0.0062114 -0.0251097 -0.0518356 0.0419297 0.147056 0.0638367 : 0
-0.23218 1 -0.0100014 0.366328 -0.118042 -0.0880877 -0.00570424 -0.185792 0.0683222 : 0
0.63644 0.21762 0.278644 0.653769 0.648979 0.0891946 0.0658395 -0.276653 -0.0622966 : 0.2
-0.351405 0.170515 -0.426204 0.079685 -0.00503248 0.00160444 0.0202069 -0.428154 0.0572394 : 0
0.229376 0.237097 1 -0.442596 0.442182 0.297226 0.096713 -0.0185789 0.219128 : 0
0.0966385 1 0.32448 -0.526899 -0.274845 0.0384093 0.130572 -0.0480667 -0.199319 : 0.1
0.0328313 0.607079 -0.130453 -0.0567295 -0.297611 -0.0459486 0.670995 -0.0794484 -0.247344 : 0
-0.00918123 0.00957389 0.12312 0.0155228 -0.347132 0.073086 -0.144929 0.937501 0.044047 : 0
0.140248 -0.808876 0.0542316 -0.107722 0.126661 0.0603895 -0.32636 -0.0505757 0.210007 : 0.1
-0.25202 0.0931805 0.0164951 -0.51348 -0.27558 0.267272 0.000555903 0.272224 0.0568604 : 0.6
0.698218 0.0107605 -0.588419 -0.22223 0.248835 -0.270822 0.171132 -0.282816 -0.402112 : 0
-0.131191 0.112761 0.338157 1 -0.320395 0.335015 -0.216047 0.17247 -0.254171 : 0.1
0.0952683 1 -0.0419414 0.192505 -0.0518709 -0.233628 -0.0166393 1 0.137241 : 0.3
0.0360831 0.08032 0.333314 0.371745 -0.00584614 -0.0193285 -0.243724 -0.181165 0.07281 : 0
-0.537711 0.572708 0.189333 0.0383466 0.902887 0.139528 -0.181128 -0.0723908 0.293816 : 0
0.217935 0.136433 -0.0343991 -0.821439 -0.167456 -0.394624 -0.257786 0.524193 0.62203 : 0
-0.000368118 -0.116424 0.294194 -0.114589 -0.0742039 0.0959568 0.0425347 -0.302465 -0.158243 : 0.3
-0.180421 -0.466803 0.0593373 -0.179294 0.320195 -0.622776 0.0356939 -0.0838926 0.289193 : 0
0.196573 -0.156284 0.165098 0.147696 1 0.12712 0.0308458 0.0398844 -0.187745 : 0.1
0.199248 0.40439 0.091206 0.850761 -0.100872 0.632953 -0.0800113 1 0.268444 : 0
0.368783 0.09853 0.0542547 -0.252591 -0.0170827 -0.386097 -0.081961 -0.0212349 -0.143822 : 0
0.0660915 -0.04627 -0.494636 0.287468 -0.166869 -0.0189319 -0.0985121 -0.463798 0.214238 : 0
-0.150163 0.115674 -0.0168802 -0.574513 0.227513 -0.0988172 0.0380318 0.0173116 0.0373774 : 0
0.527648 0.436615 0.0097471 -0.0271993 -0.141498 -0.29347 0.366169 0.913604 0.202831 : 0
0.105846 -0.0904277 -0.0304876 0.085771 0.768691 -0.932713 0.147537 0.0298002 0.16995 : 0
-0.110191 -0.343653 0.2993 -0.318449 -0.0476773 0.00175238 0.199924 0.111472 0.800346 : 0.2
-0.127092 0.458378 0.346391 0.00976533 0.063866 0.400355 0.074092 -0.180081 0.378356 : 0.1
-0.164527 -0.0748495 0.0931549 -0.214062 -0.478119 0.12543 0.0911402 0.2247 0.506346 : 0
-0.13624 0.397337 0.217551 -0.133365 0.166401 0.513228 1 -0.0361025 -0.0105816 : 0
-0.356491 0.0708613 0.200298 0.265747 -0.0520922 -0.0201601 -0.0322646 1 0.118592 : 0.1
-0.318394 0.42751 0.0882129 -0.110705 0.107919 0.374275 0.267425 -0.332449 -0.201074 : 0
0.176771 -0.00196923 -0.0905887 0.04194 0.456227 -0.0457084 0.230346 -0.047797 0.0691223 : 0
0.0403962 0.601063 0.264504 0.037839 0.303932 -0.10174 0.0402395 0.221306 0.0848207 : 0
0.0970623 0.213895 -0.783121 -0.113674 -0.133011 0.0745321 0.0298082 0.595732 -0.0837481 : 0
-0.0118493 0.0781123 -0.0518418 -0.052914 1 -0.0119448 0.0122456 -0.0405609 0.454074 : 0
0.229678 0.262385 0.749258 0.114543 0.248421 -0.0773868 0.808762 0.650333 0.521565 : 0
0.109993 -0.192318 -0.0814281 0.0245754 -0.0181174 -0.0575778 -0.0299314 -0.374226 -0.0402257 : 0.2
0.0128955 0.0635827 0.116684 0.0232615 -0.0285519 0.149956 -0.0277252 -0.000146858 -0.025904 : 0
0.538967 0.823075 -0.2102 -0.134838 0.0412143 -0.266239 -0.00985274 0.259368 0.354871 : 0
-0.286234 0.552761 0.49474 -0.115606 0.887712 -0.187341 0.110334 -0.0475726 -0.227804 : 0
-0.00943513 0.259679 0.330846 0.0547589 0.793585 0.622614 0.0498912 -0.00771791 0.141577 : 0
-0.0457833 -0.0866185 -0.236705 -0.0183564 -0.0980049 0.0850469 -0.130806 0.115641 0.145683 : 0
0.0672959 0.364802 0.175216 -0.403603 0.241436 -0.283406 -0.0977885 0.0721684 -0.0334454 : 0
0.157185 -0.125794 0.111141 -0.252774 0.189911 0.47565 0.378618 -0.0619971 0.188574 : 0
0.0661323 0.0504527 0.440632 -0.010805 0.477631 -0.309207 0.11179 0.0654108 0.0486813 : 0
0.0895 0.205434 0.160256 0.214585 0.414048 0.00564935 0.197137 0.743805 0.0574132 : 0.1
-0.202454 0.290248 -0.0139748 -0.24142 0.515034 0.00452536 0.115918 -0.00284427 0.131774 : 0
0.347296 0.0588714 0.38117 0.128971 -0.104245 -0.262478 -0.0138972 0.184051 0.410207 : 0.1
-0.394016 0.0714568 0.0442832 0.0770417 0.34247 -0.106933 -0.186728 0.230406 1 : 0
-0.0771998 0.357482 0.0843008 -0.202383 -0.0165993 -0.281549 0.214244 0.0893027 0.442632 : 0.4
-0.321312 -0.115036 0.0364332 0.258516 -0.0975366 -0.177596 -0.263093 0.430771 -0.0985956 : 0
-0.122411 -0.000268552 -0.181794 -0.255114 0.0401701 0.0414016 0.205036 0.371641 -0.246024 : 0.4
0.148009 -0.0546833 -0.0996191 0.621693 -0.0385434 -0.111504 0.0856342 -0.367364 0.0562757 : 0
-0.178182 -0.18908 -0.0351081 0.365496 0.0102282 0.0592912 0.728744 0.0260045 0.902511 : 0
0.0961208 0.0658733 -0.0310744 0.216998 -0.0649397 -0.273631 0.118569 0.0385591 0.0865248 : 0.4
0.0143752 0.0715055 0.590196 0.116771 0.037975 -0.504471 0.228418 0.341814 -0.0739379 : 0.4
-0.283445 0.194944 -0.0261059 0.330658 0.411118 0.29423 -0.128999 -0.0158151 0.0689833 : 0.1
0.0748027 1 -0.060502 -0.890343 -0.116083 -0.0033105 0.0647219 0.0920214 0.124674 : 0
0.100669 0.0805742 -0.000978529 0.174233 -0.0962007 0.945032 -0.18235 0.00388745 -0.0737854 : 0.2
0.34286 -0.128624 0.377983 -0.204086 0.134503 0.13732 0.100668 0.0497889 0.153973 : 0.1
0.256881 0.274724 -0.568067 -0.392831 -0.153955 0.13122 0.315791 -0.113481 -0.117625 : 0
-0.753168 0.357999 0.0142722 0.246491 -0.0299068 -0.224412 -0.0791509 0.104163 -0.0934427 : 0.2
-0.0691912 -0.266168 0.110758 0.0537822 1 -0.272495 0.358694 -0.0580608 0.127274 : 0
0.0755887 0.158296 1 -1 0.102329 0.16111 0.590203 -0.372488 0.0585817 : 0
-0.784281 0.408542 -0.104237 -0.345565 0.93925 0.00251523 0.20536 0.107737 0.14744 : 0.1
-0.305262 0.163684 0.187998 0.0632197 0.676586 -0.0863293 0.544056 -0.165271 0.467857 : 0
-0.0569813 0.651947 0.112414 0.131045 0.671648 -0.166154 -0.0241091 -0.413757 0.464028 : 0.6
0.178009 0.60384 0.0537217 -0.475585 0.328434 0.075867 0.0503733 -0.0062144 -0.0515605 : 0
0.0701845 0.097516 -0.0339633 0.511509 -0.0353714 -0.232279 -0.137708 0.181026 -0.0877542 : 0
-0.0691414 0.43405 -0.0155454 -0.105714 0.0629269 0.01331 0.161008 0.501295 0.13437 : 0.1
-0.276932 0.088176 0.543342 -0.413575 -0.236459 -0.181433 0.0194108 0.556131 -0.291158 : 0
-0.139658 0.318909 0.0976281 -0.119932 0.335284 -0.0234697 0.164701 0.144523 -0.00711741 : 0
-0.618803 -0.183868 0.512919 -0.105963 1 0.0103279 0.248417 0.140104 0.937526 : 0
0.248306 0.159513 -0.0252057 -0.228469 -0.376309 -0.116224 -0.364307 0.00053703 -0.138133 : 0.2
-0.0453424 -0.167701 0.0196583 0.2406 0.357886 -0.0596732 0.341352 0.151955 -0.0103533 : 0.1
0.209805 0.362054 0.0564657 0.373052 -0.0978932 -0.166174 -0.03474 -0.112656 0.189044 : 0.5
-0.299697 0.442374 0.242932 0.185256 0.226027 -0.13539 0.173129 -0.0361132 -0.143968 : 0.1
0.0910613 -0.52252 1 -0.189293 0.315192 0.00385447 0.0331253 -0.0754407 -0.0104141 : 0.3
0.00403282 0.0152135 -0.0348473 0.301869 0.193058 -0.001858 0.0560543 -0.154879 0.0514279 : 0
0.00195771 0.108896 0.381214 -0.0421986 0.377364 0.0892651 0.515065 0.177789 -0.37901 : 0
-0.755901 0.0379823 0.114512 -0.00649878 0.188694 0.542694 0.184561 0.0446346 0.168537 : 0.3
-0.0486843 -0.19083 0.220962 0.1977 0.975151 0.0198511 0.325636 0.0953054 -0.0506107 : 0
-1 0.0210954 -0.066289 0.0123616 0.496781 -0.139758 0.199535 -0.210277 0.173417 : 0.1
0.111419 -0.022031 -0.0939763 0.135661 -0.199365 -0.0275572 0.333983 1 0.159726 : 0.1
0.117143 0.0808098 0.133837 0.0749052 -0.222817 -0.063551 -0.11304 0.308002 0.121722 : 0
1 -0.149179 -0.0588743 1 -0.185232 0.312228 -0.0808821 -0.205162 -0.0577865 : 0
-1 0.987626 -0.0897323 -0.27129 -0.0214302 0.622689 0.211214 -0.0769197 0.00648105 : 0
0.117731 0.0979599 1 0.115012 0.228853 0.11998 0.402675 -0.233219 0.153544 : 0.4
-0.336852 0.0559053 0.0670826 0.377523 0.200877 -0.318761 -0.00255646 -0.26282 -0.251492 : 0
-0.0138813 -0.0823116 -0.0769002 0.0485659 -0.11257 0.292734 -0.353319 -0.232937 -0.434567 : 0
-0.0496763 -0.0989515 0.552906 0.0967409 0.246397 -0.791287 0.0431167 -0.0551573 0.964677 : 0
-0.207462 0.275872 0.22975 0.012937 0.0360798 -0.0169087 0.111369 0.0538426 -0.0286239 : 0
0.165523 -0.00341874 -0.0287288 -0.0502309 -0.0821843 0.224878 -0.0963932 0.408393 0.31402 : 0
0.0538122 -0.0873083 -0.272601 -0.0743998 0.524081 -0.347004 0.0614936 0.366118 -0.138326 : 0.2
-0.206994 0.510176 -0.676559 0.0787538 -0.0104313 -0.0911412 0.328355 -0.623291 0.0735191 : 0
0.00150561 0.144488 0.178654 0.130468 0.3761 0.432275 0.236857 0.218897 -0.123776 : 0
-0.261058 1 -0.0596643 0.225987 0.0339226 -0.311607 0.161927 0.0101162 0.0314227 : 0.4
0.109305 -0.0918621 -0.0396183 0.340564 -0.155676 0.0932247 -0.114878 0.104849 -0.298195 : 0
0.449387 0.0372105 0.0166927 0.146125 0.43465 -0.18443 0.547921 0.346513 -0.0594006 : 0.1
0.157165 1 0.259843 0.113207 0.443528 -0.10774 0.0266948 -0.337234 0.0486495 : 0.2
-0.235744 0.0716552 0.297502 0.0419102 0.0428988 -0.165797 0.096727 0.113372 -0.0742893 : 0
0.278133 0.11015 -0.187844 -0.0939915 0.150505 0.224489 -0.157708 0.133301 -0.609159 : 0.4
0.870038 0.176375 -0.616967 -0.163832 0.319154 -0.145676 0.0541469 0.608528 0.188674 : 0.2
1 -0.0516759 0.518141 0.0439446 -0.465165 0.118249 -0.000534773 0.00995608 -0.0882018 : 0.3
0.266164 -0.0514477 0.13764 0.0616511 -0.0222343 -0.169136 0.121138 0.0123613 -0.209676 : 0.4
0.144566 -0.296029 -0.0106869 -0.401865 0.20603 -0.125802 0.165807 0.260047 -0.0108183 : 0
0.317967 0.210859 -0.442564 0.659619 0.45697 0.0872586 0.250535 0.111359 0.166759 : 0.2
-0.0456631 -0.326633 0.0497187 0.0780289 0.125025 -0.477937 -0.0626137 -0.0605428 0.111914 : 0
-0.438765 -0.364821 0.248535 0.157998 -0.0297417 0.257547 0.109108 0.173922 -0.165714 : 0.1
0.267727 -0.0950543 0.330666 0.133153 0.975196 -0.207219 0.0608791 -0.0502609 0.476174 : 0
-0.203094 0.299143 0.12649 -0.272533 0.298392 0.0574189 0.093978 0.620649 0.286201 : 0
0.0688117 -0.0553609 -0.0954668 -0.19833 -0.310427 -0.434929 -0.135514 0.0236975 0.265786 : 0.4
-0.873507 -0.230949 -0.175524 0.23306 -0.0234078 0.186258 -0.280162 0.239979 0.0268658 : 0.1
-0.0595192 -0.0666143 -0.0498231 0.117292 0.922098 0.0352998 -0.0829093 -0.16935 -0.393007 : 0
-0.0539913 0.00408421 1 -0.0766509 0.363238 -0.167204 0.0496993 -0.0802738 0.152456 : 0.5
0.0903763 0.102218 -0.229626 0.136104 -0.203099 0.320209 0.0601659 0.24748 0.0317464 : 0
0.324863 0.0350401 0.067249 -0.0494747 0.146965 0.00397854 0.146151 0.340295 0.0691257 : 0
0.0665114 -0.357949 0.749947 -0.307244 0.0275967 0.179494 0.174712 -0.437333 1 : 0
-1 0.121445 -0.0256327 -0.0168366 0.31297 -0.0166124 0.344398 0.242585 0.147342 : 0.1
0.0798372 -0.144902 0.221747 -0.00704239 0.289966 -0.0434187 -0.426086 0.352676 0.0842189 : 0.2
0.141332 -0.183691 -0.846592 0.109644 0.538415 0.112037 0.0745048 -0.02114 0.265171 : 0.1
0.0311715 -0.157821 0.026969 -0.157628 -0.0515643 0.180995 0.148542 -0.0500936 0.161459 : 0.1
-0.120905 0.228643 0.083658 0.0485847 0.141972 0.158421 0.0608361 -0.200139 0.0339691 : 0
-0.114053 0.279719 -0.0385396 0.0755065 0.513896 0.135501 0.131888 0.0612466 0.0404381 : 0
0.0734954 0.0039368 0.0340942 0.0785139 -0.14112 -0.297816 -0.0500812 -0.0524 0.863094 : 0.1
0.0759144 -0.0551549 -0.006665 -0.283484 -0.0878253 0.195598 0.266623 0.107543 0.778623 : 0.1
-0.0729998 0.159567 0.768594 -0.22465 0.0995392 0.340564 0.268931 0.312401 0.469519 : 0
-0.00520335 0.429045 0.305943 -0.730468 0.0381864 0.0638898 0.57812 0.150647 -0.00355805 : 0
0.0814386 -0.0205054 0.121287 -0.0770826 0.0834007 0.355163 -0.111211 0.104436 0.213389 : 0.4
0.394576 1 0.0889011 0.389881 -0.24355 0.0842957 0.246009 -0.111934 0.139329 : 0
-0.445182 -0.0421542 0.810834 0.0594584 0.444638 -0.0265257 -0.149779 0.42276 0.0889675 : 0
0.141579 0.125393 0.324784 0.508001 0.485513 0.0428917 0.108721 0.157388 0.0475498 : 0
-0.441985 1 0.384984 0.000879884 0.154732 0.0184537 0.177257 -0.0779529 0.169987 : 0.5
0.027172 0.187572 0.157785 -0.0131565 0.0405134 0.23011 0.195092 0.343528 0.176203 : 0.3
-0.0109151 1 0.0375381 0.208853 0.12735 0.0260658 -0.00586081 0.224782 0.225517 : 0
0.156671 0.488001 -0.162696 -0.812731 0.239132 -0.341056 -0.00761843 -0.0432876 -0.0428817 : 0
0.186281 0.343961 -0.15358 0.0407939 1 0.425837 -0.227983 0.177811 -0.0200076 : 0
0.100505 -0.0783094 0.389389 0.0203934 0.138277 0.0317701 0.0903851 -0.223125 0.4484 : 0.2
-0.201498 0.165345 0.0456706 -0.0581936 0.867673 -0.0241992 0.0252766 0.268607 0.0644458 : 0.5
-0.290508 0.0629113 0.0322604 -0.51483 0.238852 0.0705591 -0.293583 0.0830597 -0.452216 : 0.5
-0.0113687 0.271988 0.183122 0.466242 0.0444922 -0.597523 0.0862173 0.0145568 0.161583 : 0.3
-0.165276 0.0126296 0.0535506 -0.737156 -0.131403 -0.229424 0.0580306 0.2325 -0.0730336 : 0
0.451442 -0.0831967 0.0355946 -0.00669873 -0.132557 0.248677 -0.0804637 -0.45071 -0.231902 : 0
0.155679 0.180139 -0.0828109 0.121218 -0.0667781 0.245292 -0.124891 0.13673 0.0478151 : 0
0.490853 -0.232349 0.11004 0.167813 0.578631 0.112863 0.0955353 -0.151171 0.971031 : 0
-0.195401 0.1498 0.317811 -0.212943 0.306252 0.112278 -0.032526 0.302681 0.102776 : 0
-0.296576 0.0601159 -0.0913926 -0.868103 0.118242 -0.132913 0.549924 -0.335078 0.0492133 : 0
0.119636 -0.155467 -0.121425 -0.219121 -0.030543 -0.00866714 0.0769169 0.202239 0.0192541 : 0.3
0.154791 0.549473 0.147225 0.32903 0.0953473 -0.0548937 0.267459 0.0169375 -0.167558 : 0.2
-0.379421 0.388803 0.21981 -0.208088 0.087444 0.0582342 0.683806 0.201607 0.219509 : 0
-0.207431 0.197575 0.0212587 -0.371957 -0.441569 0.698778 -0.415771 0.392026 0.212664 : 0
0.123485 0.215553 -0.224167 0.00784863 -0.173359 0.00483166 0.000767753 0.0741059 0.19471 : 0.1
-0.203292 0.0899728 -0.195231 0.149432 0.271502 0.0688848 0.0220721 0.0775837 0.353537 : 0.1
-0.116037 0.643969 0.0925124 0.0726223 0.22922 -0.321131 0.406803 -0.122504 -0.352738 : 0.4
0.0603728 0.0962078 -0.118522 0.107919 0.436651 -0.0210392 0.1065 0.29387 -0.0926366 : 0
0.0792158 0.0899671 0.745971 -0.296396 0.0220755 0.220309 0.0403626 0.023221 0.697652 : 0
0.342138 -0.0535005 0.475196 -0.000153005 -0.138616 -0.0574297 -0.134767 -0.187351 -0.0278831 : 0
-0.15232 -0.266189 -0.134122 0.0304415 0.307698 0.276567 -0.00865734 0.951576 -0.121746 : 0.3
-0.0788723 -0.240108 0.123906 0.192504 0.336324 -0.178533 -0.494375 1 0.123136 : 0
0.126288 0.0164339 -0.0011408 0.536179 0.289867 -0.0369713 0.0883809 0.1835 -0.138833 : 0
0.440609 -0.0260712 -0.0313018 -0.652126 -0.288357 -0.32394 -0.121744 0.141961 -0.105811 : 0
0.198149 -0.274604 -0.117277 -0.492286 -0.0256813 -0.106547 0.0429861 -0.0718547 0.268061 : 0
0.195507 -0.0418745 -0.175113 -0.00242311 0.627602 -0.010577 0.265803 0.166782 0.50284 : 0
0.545183 0.384528 0.0334759 -0.14137 -0.103458 -0.293556 -0.0594312 0.418281 0.322366 : 0
-0.0613471 0.411755 0.939916 -0.375677 0.411897 0.128685 0.311922 -0.189284 0.393443 : 0.1
0.0218082 0.211533 1 0.158561 -0.635932 0.196234 0.15009 0.547837 -0.0779059 : 0
0.115005 -0.107737 -0.0917401 -0.0217338 0.0595899 0.168093 0.0193528 0.130949 0.265777 : 0.4
-0.311409 0.458433 0.719114 0.202505 0.169998 0.099144 0.42995 0.176444 0.124049 : 0
0.35731 0.311167 0.782054 -0.147604 0.488076 -0.308294 0.461719 0.00185359 -0.104552 : 0
-0.0186816 0.313211 -0.356156 0.147048 0.246598 -0.112979 0.402146 0.0815257 -0.155414 : 0
-0.34451 -0.102506 0.415388 -0.221223 0.284893 0.187668 0.0224716 -0.0442392 0.0339579 : 0.3
-0.109065 0.467121 0.079189 -0.00758186 0.0485364 -0.333835 -0.0758033 -0.0553536 -0.0323231 : 0
-0.0895321 0.723846 0.0176683 0.327139 -0.0471279 -0.163211 0.685518 -0.0335364 -0.0414567 : 0
0.00329284 0.263477 -0.0562105 0.383345 -0.0624591 0.218017 0.1797 0.89815 0.204905 : 0
0.0320249 -0.136821 0.0227563 0.269834 0.171845 0.0126588 -0.0155203 0.114052 0.00184698 : 0
0.172049 -0.057232 0.181718 0.150576 -0.353662 -0.0288346 0.0908778 0.165655 -0.0137284 : 0
0.0349556 0.147587 -0.0185736 0.000956401 0.305589 -0.407809 -0.039414 0.659393 0.250182 : 0
-0.267612 -0.0625982 -0.184474 -0.0473924 1 -0.0445024 0.00896418 0.229637 -0.280571 : 0
-0.0797188 0.409354 0.615536 0.1891 0.189407 0.224634 0.411003 -0.211423 0.619229 : 0
-0.131017 -0.456166 0.986408 -1 -0.0445202 0.294043 0.0113276 0.217245 -0.198752 : 0
-0.0861551 0.0851087 0.0985679 0.199369 0.362059 -0.105688 -0.236485 -0.0993253 -0.076086 : 0.4
0.219303 0.878095 0.141874 -0.10545 0.000811871 0.0988167 0.0926131 0.525548 0.677541 : 0
-0.0228685 0.237454 0.0123828 0.195203 0.680396 0.573469 0.197819 0.00249888 0.100971 : 0
0.0961198 0.0684559 0.470317 0.160093 1 0.31221 -0.0219761 0.0731139 0.306843 : 0
0.0563696 -0.02363 -0.0750133 0.50492 0.117564 0.163321 0.277359 0.0894662 -0.0251781 : 0
-0.29291 -0.103729 0.03019 -0.301779 -0.202714 0.143099 -0.126975 0.151428 0.0884679 : 0
0.0140475 0.138573 0.450749 0.0824218 0.419582 0.689038 0.145416 0.164789 0.379407 : 0
0.332769 0.0538454 -0.000841379 -0.0678509 -0.351386 -0.080524 -0.0196551 -0.0849485 0.172437 : 0
0.128532 0.234343 0.397018 -0.0649656 -0.321799 0.0259422 0.00893372 0.0290947 0.0270533 : 0.2
0.101868 -0.063687 -0.25855 0.0441022 0.427494 -0.759094 -0.101274 -0.0355163 -0.135249 : 0
-0.0783394 -0.227065 0.58673 0.117882 -0.100864 0.174877 -0.113161 -0.0244173 -0.320976 : 0.4
0.556798 0.0521871 0.246941 -0.340161 0.00836734 0.219615 0.523893 -0.0215433 0.0195665 : 0
0.0931283 0.178959 0.107351 -0.121996 0.210393 -0.0483275 0.0948162 0.104031 0.133353 : 0
-0.111291 0.101808 -0.128035 -0.484204 -0.185536 -0.538367 0.12588 -0.0225145 0.0929393 : 0.4
-0.238154 -0.29601 0.276168 0.0982362 0.475411 -0.159325 0.12781 0.147503 -0.0345812 : 0
0.0813822 0.0938134 0.105887 0.129156 0.46117 0.0413741 -0.146913 0.340038 0.177219 : 0
-0.0995674 -0.43029 0.00604005 0.328836 -0.747621 -0.45773 0.199696 -0.245774 -0.251119 : 0.5
-0.338343 -0.0128159 1 0.311772 0.0219825 0.4 0.684325 1 0.502933 : 0
0.126919 -0.372605 0.350467 -0.0412916 -0.18413 0.0172453 -0.0556844 0.381742 0.141191 : 0.1
0.171748 -0.0354315 -0.172833 -0.0420067 0.566907 -0.116291 1 0.614852 -0.0906318 : 0.5
-0.00258867 -0.00100814 -0.00561414 0.085361 0.136435 -0.0398103 -0.220834 0.0117146 -0.0130602 : 0.5
0.0591105 -0.00646131 -0.0802295 -0.139183 -0.0838324 0.771363 0.0768628 0.0428452 0.0935204 : 0.7
0.399411 0.580152 -0.000578582 0.136619 -0.08062 -0.138559 -0.00256009 0.0416415 0.224239 : 0.5
-0.30033 -0.0600742 0.205851 0.0453715 -0.0382071 -0.106749 0.0918035 -0.528096 -0.621758 : 0
-0.0144126 -0.00923994 0.473019 -0.139331 0.00723996 -0.190334 0.0582388 0.219964 -0.208633 : 0
0.00502014 0.294227 -0.276722 0.260569 0.282985 1 -0.364233 0.209147 0.107806 : 0.1
-0.4164 0.292696 0.215871 -0.60352 -0.0865326 -0.0824621 -0.0693911 -0.232255 -0.0412047 : 0
0.298806 0.874232 0.281026 -0.0359834 0.431692 0.0951916 0.0544687 -0.165011 -0.404959 : 0
0.341075 0.12991 0.493101 0.118582 0.711555 0.396737 -0.119944 -0.130849 0.306503 : 0
0.702847 -0.157126 0.0723095 -0.00710194 -0.132249 0.163383 0.116247 0.0405153 -0.051326 : 0
0.25957 0.0639152 1 0.365155 -0.00345552 0.0245922 0.0623418 0.23171 0.545705 : 0.1
-0.187188 1 0.0787674 -0.221143 0.36508 0.063435 0.0549393 -0.0594 0.378079 : 0
0.0967152 0.104984 -0.380328 0.0481831 1 0.0811377 0.394264 0.0941861 -0.147134 : 0
0.222376 0.145297 -0.0336878 -0.117746 0.239731 -0.778853 0.0723336 0.224083 0.0104508 : 0
0.0393403 -0.0593367 0.0111852 0.0616652 -0.0473139 0.224456 0.0056725 0.312202 -0.238528 : 0.1
0.0564517 0.102427 -0.0928037 -0.0910771 -0.187663 0.122408 0.0358701 -0.0943394 0.0137468 : 0
0.141499 -0.272088 0.168373 -0.063117 -0.183699 -0.247846 -0.0676414 0.410541 0.390904 : 0.1
-0.129765 0.112342 0.0683153 -0.392279 0.225854 -0.175512 0.163465 0.0891673 0.00856027 : 0
0.0233855 0.0642201 0.811703 0.44697 -0.0894796 0.357837 -0.118581 -0.368275 0.0801734 : 0
0.115613 0.231853 0.025524 -0.0306858 0.247948 -0.110084 -0.000507174 0.559825 -0.106251 : 0
-1 0.68257 -0.0161507 0.0120796 0.464455 0.50727 0.0597057 -0.0513528 -0.0733721 : 0
-0.0340611 0.197301 -0.0722877 0.11512 0.12307 -0.274376 -0.20752 -0.595445 -0.255466 : 0
-0.174842 0.656454 0.173679 0.108793 -0.125454 -0.200339 0.383693 -0.0134516 -0.147125 : 0.2
-0.292807 0.10523 0.207809 -0.0451577 -0.0477463 0.150554 -0.127496 -0.288101 -0.204027 : 0.1
0.0222507 0.460877 0.312491 -0.0534401 0.239244 0.0655768 -0.158749 -0.189671 -0.054457 : 0.3
0.507167 -0.146596 0.263841 0.389619 0.24546 -0.560627 0.223401 -0.0173639 -0.0589032 : 0.1
0.0325169 0.599241 -0.0619778 -0.114885 0.441727 0.047595 0.143781 0.0715363 0.416754 : 0
-0.0559858 0.15139 -0.0161727 -0.269461 0.219451 0.0501557 0.00991352 -0.0868111 -0.0571584 : 0
-0.106567 1 -0.0562476 0.251164 0.403233 -0.432445 -0.130369 -0.0358138 -0.0355405 : 0.2
0.055205 0.376122 0.0669117 -0.349675 -0.103054 0.101499 0.0914405 0.180155 0.00989857 : 0.4
0.225151 0.215254 -0.922226 0.107933 -0.135501 -0.0245576 -0.0124264 0.0323225 0.24447 : 0
0.226873 0.106855 1 0.298257 0.0381296 0.186374 -0.324586 -0.15611 0.0717091 : 0
0.691544 0.0307165 0.374398 -0.115933 0.028191 0.00502324 -0.0301323 -0.30741 -0.0603709 : 0.4
-0.0580432 0.221194 -0.014221 0.267503 0.280165 -0.133908 0.209263 0.112446 -0.0220142 : 0
0.0565328 0.305794 -0.0203001 0.511612 0.00273517 -0.0184578 0.128028 1 0.165598 : 0.4
-0.0261385 0.394244 -0.0170934 -0.168432 -0.146025 0.162609 0.0338338 -0.0126434 0.0889885 : 0.2
-0.117712 0.391276 0.665955 -0.504446 0.332541 0.784056 0.238326 -0.219179 0.212276 : 0.2
0.0979184 0.282034 0.877078 -0.271279 -0.049978 -0.0155754 0.7615 -0.256446 -0.139803 : 0.4
0.33471 0.0615991 0.365942 0.962715 -0.126144 0.0844869 1 0.166477 0.215201 : 0
-0.0215828 0.0712611 -0.0127973 -0.147381 -0.0493942 0.194699 0.062741 -0.0177088 -0.0281241 : 0.1
-0.105571 -0.0175041 0.158934 -0.00249907 0.0136021 -0.0328957 0.0741625 -0.136719 0.144132 : 0
0.0067271 0.0637338 0.333518 0.525579 -0.495926 -0.554515 0.635436 0.0908395 0.070563 : 0.4
-0.0415721 0.0830743 0.971521 -0.744058 0.228648 -0.0387374 0.208142 1 0.292221 : 0
-0.114171 0.179287 0.258145 -0.0837846 0.00196158 0.578014 -0.150952 -0.00706741 0.439737 : 0
0.222375 -0.144827 -0.121871 0.504522 0.121651 -0.0874622 0.290074 -0.0449801 0.0858294 : 0.3
0.0804954 0.00738537 0.389563 0.326758 0.476471 -0.0591231 0.0503323 0.0412035 -0.129761 : 0
0.00763085 0.571314 0.484833 0.339242 0.00206724 -0.0763172 0.179714 0.161059 -0.0147259 : 0.4
0.00494802 0.531772 0.440958 0.330813 0.0231987 -0.0405089 0.20265 -1 -0.20114 : 0.4
-0.68903 -0.242027 0.101457 -0.413339 -0.0733092 -0.0897208 -0.124082 0.230961 0.320505 : 0.5
-0.0658147 1 -0.780973 -0.172126 -0.320166 0.172744 0.11763 -0.6333 -0.409844 : 0
-0.0197899 -0.122819 0.167127 0.240793 0.677027 -0.60276 -0.20471 -0.00268997 -0.252837 : 0.3
0.0474454 0.717253 0.17004 -0.0861664 0.103663 -0.800478 0.0428581 -0.264965 0.148172 : 0
0.224913 -0.0665571 -0.0801927 0.0536558 0.71904 0.20147 0.415963 0.162553 -1 : 0
-0.535002 0.16131 0.263683 0.416898 0.0155788 0.355111 -0.0543787 0.2019 0.0890446 : 0.1
-0.0722766 -0.173415 -0.0567694 0.274282 0.0296835 0.203114 0.206932 0.0918989 0.178475 : 0
-0.338556 0.178247 -0.292314 0.0121951 0.146551 -0.24517 -0.0364759 0.175681 -0.34199 : 0.4
0.253671 -0.0404875 -0.194683 -0.42249 0.781876 -0.533192 0.261506 0.0427115 -0.0929484 : 0.1
0.155071 0.0455731 0.0150655 0.109861 -0.0056868 0.0420299 0.0178951 0.280833 -0.0541499 : 0.1
-0.062394 -0.0566713 0.568538 0.423426 -0.113115 0.174136 0.5206 0.142273 -0.087687 : 0.1
0.035855 0.443166 0.615898 0.0830276 0.189066 0.600262 0.312901 0.128527 0.206078 : 0
0.59843 -0.0771884 0.359189 -0.234936 0.210594 -0.359103 0.0558031 0.145245 -0.00814363 : 0.1
-0.137012 -0.410237 0.381219 -0.0358929 -0.250639 0.0741444 0.100239 0.0174525 0.240661 : 0
-0.109585 0.0386064 1 0.130734 0.0701484 -0.105813 0.362425 -0.144318 0.384067 : 0
0.055895 0.0108633 -0.0412787 -0.0747147 -0.279315 0.0259846 0.119281 0.537732 -0.222302 : 0
0.265614 0.870811 -0.0579046 0.0398642 -0.0359901 -0.0612715 0.15053 0.0880128 -0.017802 : 0
-0.175065 0.569844 0.316196 0.629929 0.0112422 -0.196069 -0.0417878 0.244855 0.403565 : 0.1
0.452597 -0.0372223 0.372586 -0.0797779 0.107087 -0.078865 0.141702 0.173865 0.365921 : 0
0.0449476 -0.0066104 0.271959 0.113303 -0.0895798 -0.331133 0.171124 -0.00573519 0.0532022 : 0.2
0.0987206 0.0113428 -0.20119 -0.222766 -0.0605929 0.113238 0.0957523 0.0113848 0.0988637 : 0
0.422616 0.448346 0.046777 0.15154 0.0850242 0.0133326 -0.282226 -0.0546683 0.415921 : 0.2
0.0293674 0.172833 0.0388368 -0.278979 -0.156116 -0.52194 -0.038796 0.94665 -0.212465 : 0.3
0.0318782 0.3107 0.542014 -0.018447 0.413042 0.190654 0.420739 -0.35145 0.00732916 : 0.3
0.0798314 0.461707 -0.0461879 0.122992 0.132093 0.272922 0.222383 0.101742 0.301097 : 0.1
0.00999891 -0.277366 -0.307865 -0.192302 0.151959 -0.0491872 0.124682 0.314197 0.0404274 : 0
-0.0691436 1 -0.13055 -0.125117 0.233801 0.0844416 0.051335 -0.160171 0.305693 : 0
0.168887 1 -0.143807 -0.00728733 0.0230563 -0.308084 -0.37778 -0.00229819 -1 : 0
-0.569778 -0.291569 0.00877753 -0.199479 0.362598 0.584134 0.13306 0.87859 -0.148133 : 0
-0.105267 -0.328238 -0.0228615 0.65215 0.312963 0.106944 0.018075 0.0385485 0.0755873 : 0.1
-0.00966145 0.066329 -0.166628 0.49091 0.935784 -0.195902 0.123284 0.216439 -0.0658753 : 0.4
0.0141265 0.285471 -0.00993328 -0.313453 -0.0443847 0.112619 -0.295694 -0.0233652 -0.256802 : 0.1
0.000221252 0.014092 -0.09464 -0.0988361 -0.00823341 0.628651 0.180908 0.0252631 0.234088 : 0.2
0.0536168 0.155188 0.092508 0.258555 0.127564 -0.688925 -0.119758 0.162868 0.12922 : 0.1
-0.324019 0.582531 0.790536 0.0774376 -0.0547501 0.0217053 0.246582 0.0116964 0.846238 : 0
-0.0852269 0.00680529 0.481809 0.375217 0.555094 -0.130309 0.111838 -0.311092 0.481098 : 0
-0.0038965 0.0515966 0.610775 -0.143078 -0.0454017 -0.368365 0.446681 -0.00500582 -0.0569175 : 0.3
0.235156 0.130918 -0.0132651 -0.460293 0.0485054 0.00450283 -0.0422126 0.0580938 -0.00797034 : 0
0.303279 0.054564 0.291316 0.325594 1 -0.413227 -0.00802122 0.201179 -0.126487 : 0.2
-0.253274 -0.0470014 0.00598937 0.892169 -0.0911005 0.158219 0.16243 -0.0836133 0.0741673 : 0.3
0.099684 1 -0.0829204 -0.231427 -0.0483748 0.651607 0.323117 0.0949932 0.0346997 : 0
0.0488939 0.655734 0.37459 -0.0888593 0.290684 0.250729 0.401205 -0.315826 0.270375 : 0
0.0654439 -0.0364769 0.66822 0.166354 0.768292 0.0470945 0.601577 0.472884 -0.0486973 : 0
-0.154417 -0.282677 0.237687 -0.182554 0.0247752 0.031465 -0.000372492 -0.0568571 0.104561 : 0.3
-0.0159494 -0.12064 0.413194 0.0954733 0.0756817 1 0.012436 0.0361639 0.0836557 : 0.1
0.0793393 0.330907 0.147465 0.35232 0.777046 -0.215299 -0.243229 -0.167975 -0.12736 : 0.4
0.335219 0.282767 0.161726 -0.0318088 -0.23048 -0.169944 0.058583 -0.312539 0.0947023 : 0
1 -0.215437 0.0503299 -0.0521741 0.0258333 0.461414 -0.249056 0.590267 0.591812 : 0
-0.0607458 -0.0464391 0.380781 0.174483 0.267484 0.170976 0.119546 -0.440529 0.0808243 : 0
-0.384791 1 0.0878406 0.0103952 1 -0.0261878 0.159767 -0.125368 -0.115543 : 0
0.029 0.0805338 -0.206084 -0.0652188 0.03104 -0.0115692 -0.0569982 -0.100046 0.178901 : 0
0.0989137 -0.397446 0.166527 0.268695 0.0845436 0.706445 0.447548 -0.203541 0.33842 : 0
-0.0191952 -0.146305 0.218718 0.41225 0.407042 -0.09658 0.255786 0.403616 0.152513 : 0.5
-0.0464403 0.438947 0.128188 -0.216032 0.0650998 0.0936485 0.255293 0.0557128 0.297229 : 0.3
0.740282 0.184151 -0.582244 0.0367871 -0.134296 0.0437445 0.0274976 -0.238 0.35304 : 0.3
0.163535 0.143118 0.264138 0.197087 -0.106542 -0.00784522 -0.157872 -0.476473 0.0388147 : 0.1
0.17192 0.273371 0.0406943 -0.326833 0.0100965 0.355742 0.00940156 -0.121277 0.0744795 : 0.3
0.115929 0.274164 0.122113 0.47285 -0.102176 -0.127203 -0.121302 -0.151104 0.393461 : 0
0.164883 0.829716 0.131414 0.0866444 0.408381 -0.483447 -0.353896 -0.0450145 0.0278356 : 0
0.0318798 0.167886 0.00742665 0.0951719 0.13804 -0.996793 -0.0374718 0.0280788 0.195534 : 0
-0.0156464 0.514849 -0.256167 -0.672229 0.014895 -0.379912 0.537779 0.136152 0.0352922 : 0
0.011816 0.635676 0.0552922 0.153791 0.240155 -0.141742 -0.186481 -0.0375506 -0.150698 : 0.1
-0.15748 0.0506947 0.0309538 0.245584 -0.412803 0.0750884 0.973479 0.214035 0.463929 : 0
-0.400012 0.13572 0.101245 -0.100286 -0.0981169 0.139305 0.401836 -0.136391 0.0792139 : 0.1
0.279647 -0.0760047 0.738476 -0.375856 -0.109714 0.256371 0.575142 -0.0776289 -0.0264992 : 0.4
0.0903542 0.0428603 0.0392137 -0.096365 1 -0.306936 -0.00169671 0.829668 0.00886481 : 0.1
-0.25277 0.698805 0.243002 -0.023787 0.0264947 -0.364408 0.532496 0.0449436 0.166186 : 0
-0.542168 0.277559 0.023304 -0.0570027 -0.0775859 0.290453 0.0320465 0.154919 -0.0562152 : 0.3
0.483844 0.0993546 0.307226 0.173876 -0.0284935 0.146394 -0.184787 0.643516 -0.168 : 0
-0.172501 -0.0154989 0.390274 -0.56699 -0.165761 -0.184486 0.0616516 0.270506 -0.0908165 : 0
-0.19284 0.091781 0.164017 0.0588675 0.0529838 0.0600031 0.454232 -0.289298 0.460752 : 0
-0.736943 0.0321746 0.0334747 0.177602 0.430598 -0.146428 0.00906843 -0.353444 0.188279 : 0
-0.0137328 -0.292494 0.0420814 0.419407 -0.0218528 0.262496 0.258061 0.0478761 0.574905 : 0
0.0241655 0.583349 -0.0315561 -0.335738 0.709199 -0.086266 0.250659 0.416431 -0.0922428 : 0
0.0753459 0.263197 0.00070738 0.0710661 -0.0363408 -0.150911 -0.0259447 0.00275246 0.0256563 : 0.1
0.169502 0.138319 0.222372 0.0716537 0.437866 -0.526167 -0.0577882 0.533128 0.111844 : 0
0.169884 0.494337 0.0980819 0.0332553 0.0175717 0.69769 -0.115134 -0.00975393 -0.198119 : 0.5
-0.391817 -0.516917 -0.0951399 0.358219 -0.589272 -0.00347668 0.112367 -0.588622 -0.02853 : 0
0.145509 0.150574 -0.244632 0.158734 -0.00344521 -0.0391241 -0.185055 0.521192 -0.0233906 : 0
-0.131486 0.83799 0.050403 0.00210595 0.176279 -0.0662823 -0.00149117 -0.0156276 0.0692115 : 0
-0.252549 0.273001 0.127742 -0.256869 0.528751 -0.0246273 0.331396 0.195041 -0.0248138 : 0.1
0.0891939 0.0204822 0.0162515 0.167292 -0.0439146 -0.0308858 0.0791309 0.279159 0.0318692 : 0
0.144179 0.326479 -0.582085 -1 -0.138203 0.326454 0.0217614 -0.448105 0.261231 : 0
0.0732475 -0.115129 -0.767385 0.756061 -0.171292 -0.911516 0.140994 0.0919574 0.205273 : 0
0.0147933 0.381794 0.254764 0.138265 0.340085 -0.19668 -0.164981 0.406841 0.460659 : 0.1
0.0360645 0.0749269 -0.118951 -0.430256 0.368216 -0.113177 -0.395362 0.0480376 -0.26329 : 0
-0.212281 0.0616571 0.117047 -0.129821 0.299782 -0.0279062 -0.115431 0.0930385 0.131679 : 0.4
0.299782 0.0640367 0.26574 -0.12712 -0.0100993 -0.0595952 0.195713 0.241896 0.0738036 : 0.1
-0.489103 0.0906918 -0.254585 -0.0108802 0.18711 -0.712412 0.0133978 0.028612 0.113133 : 0
-0.0797468 0.000985212 -0.0723815 -0.0345086 0.700665 0.726206 0.203303 -0.0841732 0.279081 : 0
-0.0125036 0.021914 -0.13717 0.0560403 0.235628 -0.443763 0.710265 0.20478 -0.0966273 : 0.4
0.262474 0.0830021 0.0676249 -0.386403 1 0.244518 0.153123 0.248896 1 : 0
0.0570413 -0.193355 0.160362 -0.358842 0.349913 -0.00555331 0.241266 0.823231 0.0868546 : 0.3
0.0733992 0.127587 0.097259 -1 -0.0339353 0.138459 -0.41219 0.0158685 0.108691 : 0
-0.0506408 -0.00644332 1 0.109039 0.632778 -0.165609 1 -0.0732407 0.852329 : 0
-0.0638028 -0.0398454 0.575481 0.151173 0.238583 -0.176877 -0.287144 -0.040515 0.0209557 : 0
-0.0979549 0.0644196 0.169447 -0.110535 0.225882 -0.504846 0.450442 -0.468566 -0.0521231 : 0
0.0242984 0.112361 1 0.32164 0.0802713 0.13745 -0.0260505 -0.254809 0.559406 : 0
-0.408842 0.78006 0.0802264 -0.200788 0.188064 0.0860804 0.0533775 -0.170137 0.0293323 : 0.1
0.118738 -0.386087 0.196312 0.0961125 -0.0532913 -0.304938 0.0721779 -0.0117056 0.345311 : 0
-0.158511 -0.0515182 0.282306 -0.370241 0.918539 0.180693 0.285989 -0.155599 -0.251469 : 0
0.31936 -0.119494 0.237049 -0.33682 0.484933 0.258457 0.140761 -0.113978 -0.519608 : 0.1
-0.278165 0.240075 -0.627098 0.095008 -0.0248329 0.174865 -0.0607448 -0.381479 0.110742 : 0
-0.269073 -0.00198795 -0.177153 -0.452335 0.177371 0.362412 0.321676 0.0531897 0.0223185 : 0
0.0112483 -0.0852171 0.0784152 0.194304 -0.541192 -0.693107 -0.293846 -0.0872424 0.412947 : 0
-0.153044 0.355953 0.139516 -0.70837 0.323461 -0.415812 -0.13567 0.475288 -0.00555702 : 0.4
-0.000795692 0.0287718 0.0641702 0.0512372 0.388104 -0.0318931 0.0364164 0.10833 0.0821946 : 0.1
0.132846 -0.0117677 -0.0841752 -0.45591 -0.381749 0.0495636 0.760683 -0.317564 0.275297 : 0
0.946387 0.0957714 -0.0727926 0.141788 0.641105 0.202178 -0.102082 0.188615 -0.0494571 : 0
-0.00654924 0.202865 0.319218 0.143202 0.168647 -0.155104 0.336492 0.116492 0.213609 : 0.1
-0.217811 0.079469 0.217711 -0.125664 0.0262411 -0.311966 -0.000201866 -0.0329298 0.0363399 : 0
0.006549 0.151954 0.0606667 -0.302185 0.00238048 -0.0910635 0.254682 -0.0839678 -0.0743498 : 0.1
0.115357 0.047668 -0.0760993 -0.0669966 0.999408 0.0677698 0.359203 -0.0659748 -0.549163 : 0
-0.151626 0.135995 -0.261712 -0.214959 -0.0111105 0.0947936 0.159394 0.00831532 0.649872 : 0
-0.582281 0.222466 0.594128 0.159635 0.0466414 0.0339073 0.0562931 -0.368755 0.0318881 : 0
-0.0234141 0.0138247 0.154854 -0.0947202 0.608619 0.0136927 -0.0443948 -0.0291132 0.0334296 : 0
0.243058 -0.139689 -0.104488 0.165804 -0.194619 0.210265 0.0284035 0.00641661 -1 : 0.3
0.423953 -0.697219 0.162576 0.222119 0.0467378 0.304612 0.0886382 0.24151 0.255767 : 0
0.213623 0.472815 0.252297 -0.189916 0.213774 -0.0210275 0.220175 -0.0915957 -0.153445 : 0
-0.00563879 0.528224 0.0254178 0.146387 0.12136 0.480093 -0.0119829 -0.043524 -1 : 0.3
0.0587116 0.462758 -0.0319877 -0.0308366 0.811132 0.0493079 0.188225 0.589004 -0.00138712 : 0
-0.0334833 0.202531 -0.701792 0.153486 0.175187 0.41758 0.0889764 -0.0519658 0.084127 : 0
0.107284 0.116861 0.0282714 0.0166034 0.25243 -0.250297 -0.148188 -0.00848866 0.251322 : 0
0.486718 -0.0797797 0.167549 -0.0770349 0.305336 0.0946736 0.276811 -0.06761 0.207344 : 0.3
-0.882662 1 0.0570307 0.0065215 -0.0172686 0.268638 0.0213363 0.153672 0.334104 : 0.1
0.176618 -0.329192 -0.0630041 -0.200741 -0.1711 0.180308 0.0782998 0.13041 0.0786018 : 0
0.144579 -0.0563205 -0.155049 0.180703 0.0526792 0.709554 -0.819132 -0.12479 0.27976 : 0
-0.471103 0.0177131 -0.0221938 -0.389853 -0.0816131 -0.0986774 0.137933 0.682479 -0.03471 : 0
-0.415591 -0.200959 -0.271171 0.0734092 -0.105823 0.150274 -0.0229844 0.462832 -0.138963 : 0.3
-0.000726745 0.152022 0.549223 -0.0968272 0.00018416 -0.159443 0.0579565 0.0942877 0.525119 : 0.1
-0.837032 -0.337771 -0.0859577 0.0338334 0.411296 0.288148 0.180872 -0.175169 0.0199396 : 0
0.0921294 0.331388 -0.698984 0.0481056 0.120303 0.638988 0.0382547 -0.140089 -0.0422969 : 0.1
-0.288558 0.367946 -0.00552141 -0.0437632 -0.0855411 -0.0678625 0.707192 0.885679 -0.444527 : 0.1
0.138134 -0.159647 0.423555 -0.251981 0.207658 -0.1652 0.118994 0.0321773 0.0645444 : 0
-0.112258 0.165882 0.141507 0.16362 0.177251 -0.0460388 0.0734483 0.21723 -0.0054933 : 0
0.0459366 0.416856 0.850255 -0.644519 -0.0462926 0.191883 0.0268035 -0.01921 0.0189924 : 0.4
-0.226567 0.141599 -0.281613 0.106946 -0.0887797 0.0781092 0.289338 0.113235 0.221512 : 0
-0.0181164 -0.0645835 0.0841861 0.167957 -0.377759 0.684884 0.450419 0.230917 1 : 0
0.0615862 0.0634774 0.22678 -0.00634214 1 -0.383906 0.00484712 0.0296423 0.0852664 : 0.5
0.0507895 0.369582 0.257779 0.361621 0.649958 -0.438202 0.020387 0.136681 0.0881199 : 0
0.0633157 0.267252 -0.341232 -0.00433868 -0.36318 -0.209105 -0.147521 -0.237681 -0.0646827 : 0
-0.0127179 0.0535326 -0.0578725 0.134766 0.836704 0.0836168 0.436398 0.104123 0.447654 : 0
0.113997 -0.100967 0.0529045 0.21808 -0.215924 -0.164749 -0.142722 0.442733 -0.572451 : 0.4
-0.444487 0.123308 0.121304 0.214062 0.460416 -0.0439782 -0.302235 0.110722 0.236377 : 0
0.0842906 0.0409778 0.831385 0.0293407 0.231781 -0.275342 -0.0458169 0.600237 -0.063269 : 0.2
0.158998 0.520547 -0.214181 -0.441996 0.941705 -0.146955 0.0297114 0.0930403 0.275927 : 0.1
0.0711247 -0.362885 -0.00105072 0.211271 0.209423 0.603779 -0.184825 0.0534615 -1 : 0
-1 0.00417519 0.030661 0.0433893 0.288046 -0.00605908 0.22604 0.224367 -0.000505719 : 0
-0.112392 0.0144225 0.0185884 0.174021 0.567804 0.372479 -0.185067 -0.639788 0.309608 : 0
0.00561625 0.0825104 0.368699 -0.188253 -0.0262023 -0.363029 0.0716393 -0.275398 -0.0689062 : 0
-0.550382 0.429491 0.195415 0.574058 0.00632563 0.719004 0.270842 0.337628 0.144854 : 0
0.108125 0.0601912 0.802055 0.162197 0.452848 0.024376 0.278094 -0.110938 -0.175073 : 0
-0.167578 -0.00889377 -0.121882 0.546084 -0.0950612 0.0255427 0.259795 0.152195 7.92444e-05 : 0.1
-0.474401 -0.130604 0.587383 0.190086 0.745721 -0.00613149 0.123015 0.806486 0.691808 : 0
0.0348267 0.105798 0.6182 0.152761 0.125532 -0.0492137 0.249038 0.0485327 0.443045 : 0
0.00826021 -0.10799 -0.0128155 0.152569 0.371945 -0.0450951 -0.146899 -0.220058 0.371468 : 0.1
0.0923978 -0.196041 -0.0187584 0.232262 0.793525 0.080171 0.0736593 0.0577885 0.00701231 : 0.6
0.0444683 -0.113587 -0.0517955 0.732853 0.445055 -0.114976 0.173193 -0.10272 -0.0829637 : 0
0.025286 0.343332 0.427456 -0.839691 0.451802 -0.113772 0.198812 -0.470213 -0.473159 : 0
0.242128 -0.126742 -0.217654 0.100508 -0.635823 0.140463 0.0636747 0.233835 0.0714641 : 0
0.398245 0.0286625 -0.0553394 -0.0538155 -0.212241 0.160881 -0.00114182 0.633552 0.621507 : 0
0.0379579 0.221681 0.209652 0.657936 0.0434023 0.47744 0.187832 0.13117 -0.252324 : 0
-0.928535 0.036781 0.0708061 -0.200462 0.517036 0.152639 0.0538082 0.0493367 0.380886 : 0.1
0.0361567 0.0719273 -0.0475642 0.369404 -0.503556 -0.107484 -0.0281179 1 0.0447472 : 0.1
-0.15205 0.0579816 0.133502 0.173146 -0.0760676 -0.159821 -0.111461 0.574256 0.0242705 : 0
-0.319485 0.688514 0.122352 0.000124991 -0.0557657 0.036527 0.123894 0.0268055 0.0576781 : 0.4
-0.0500578 -0.197293 0.578275 -0.243147 0.430635 -0.0103921 0.0844896 -0.205066 -0.061103 : 0.1
-0.454964 0.910331 0.0478523 -0.27375 -0.10873 -0.389132 -0.180391 0.0751934 -0.00958727 : 0.3
0.156471 -0.527716 -0.202165 -0.0226487 0.119218 -0.442045 0.130169 0.48649 -0.00716738 : 0.1
-0.136315 0.111037 -0.0747593 -0.054393 -0.355458 0.0413762 0.190393 0.233793 0.127155 : 0.6
-0.161607 0.0465235 0.0355706 0.0523016 0.250278 0.651569 0.152467 0.0125382 -0.00225184 : 0
-0.406938 -0.0836208 0.103289 0.141443 0.0935344 0.557315 -0.0924348 0.0528948 -0.972166 : 0
0.0449481 0.186296 0.114791 -0.277743 0.766513 0.00135379 0.189891 -0.00345755 -0.426834 : 0.7
0.597955 0.0278688 -0.0145169 -0.323814 0.242416 0.35708 -0.706914 0.0436798 0.236532 : 0
0.751593 0.657291 0.361921 0.0157459 0.11975 -0.290173 -0.145236 0.290426 0.226544 : 0
0.314967 -0.182359 0.106066 -0.162504 0.424177 -0.136957 0.0352787 -0.0976465 0.0927207 : 0
0.160404 0.156128 0.324879 0.596828 0.0154766 -0.0519458 -0.0126748 0.650888 1 : 0
-0.140384 0.0341646 0.206634 0.35589 0.12147 -0.213037 -0.085529 0.499347 0.165703 : 0.3
0.360937 2.31862e-05 -0.00385541 0.149413 0.0144653 0.0975458 -0.123528 0.0547681 -0.304972 : 0
-0.234266 0.0980838 0.386306 0.0789225 1 -0.0591794 0.0680388 -0.486204 -0.610484 : 0
-0.105711 0.0758277 0.0418449 -0.159611 0.114001 -0.0152294 0.0106053 0.031335 -0.00928491 : 0
-0.0177297 0.0481035 0.126997 0.138819 0.226806 -0.0172846 0.815919 0.741331 0.540763 : 0
-0.15419 -0.153705 -0.100716 -0.195285 -0.0325136 -0.0244417 0.0993325 0.19853 -0.0480365 : 0
-0.0298024 0.0779096 0.0113163 0.150245 0.0767502 0.216293 0.275951 -0.0616845 -0.0821434 : 0
0.32999 -0.192751 -0.162793 -0.89989 -0.34611 0.215446 0.492191 -0.448928 0.230326 : 0
0.0645915 0.172495 -0.0871459 -0.23114 0.511063 0.0611251 0.533692 -0.434425 0.0561208 : 0
-0.000265062 -0.0452367 0.0379559 -0.242172 -0.153196 0.121297 -0.5674 -0.452768 -0.114298 : 0
0.0482176 0.766966 -0.0416729 0.255743 0.0917549 0.0535343 0.278758 0.133652 0.0118139 : 0.3
0.160487 0.255421 -0.693471 0.0424689 0.795938 0.044475 0.230252 0.0125537 -0.143984 : 0
0.330056 -0.165347 -0.131538 -0.40847 -0.0616241 -0.327051 0.120746 -0.0560178 -0.127846 : 0
-0.335299 -0.00345804 -0.107015 0.13637 0.10278 -0.349501 0.232059 -0.0106307 0.167635 : 0.3
-0.0830698 0.0952222 0.0322097 -0.0847075 0.144672 -0.315949 -0.00180018 -0.0875513 0.0618128 : 0
-0.0975343 0.0761246 0.390689 0.138698 -0.127861 -0.0332017 0.116665 0.286186 0.467595 : 0.6
-0.149006 -0.222958 -0.10327 0.0376343 0.257062 -1 0.0167014 -0.0456124 0.290141 : 0
0.190673 -0.0703952 0.0438473 -0.0366575 0.349892 0.179573 0.0396456 -0.0429584 -0.0859782 : 0
0.0918176 0.0485974 -0.28863 0.147158 -0.00386971 0.188982 -0.112966 0.0580941 -0.505689 : 0
0.155729 -0.0055069 -0.00274189 0.0454073 -0.103941 -0.112948 -0.548462 0.103247 -0.0624448 : 0
0.367842 0.0616118 0.0542622 0.0499266 1 -0.02692 0.123575 -0.104128 -0.167735 : 0.3
0.0372884 -0.0492816 -0.377179 0.0921426 0.332337 -0.0344623 0.0940821 0.0237993 0.0434802 : 0.4
0.161182 0.25016 -0.00656556 0.094252 0.13457 -0.171952 -0.0416216 0.0253709 -0.21156 : 0
0.197587 0.371078 -0.000129513 1 0.00198147 0.468423 -0.177004 0.168827 0.0907379 : 0
0.243164 0.379682 0.311431 -0.00191191 -0.144316 0.024613 0.0190151 0.0374177 0.392615 : 0
-0.0687379 0.0593465 1 -0.397654 -0.140177 -0.0805344 0.956636 -0.0994524 -0.382052 : 0
0.0491853 0.0310118 0.175083 -0.188205 -0.0655838 0.0769611 -0.133096 -0.288453 0.0291664 : 0
-0.0468265 -0.016139 0.0896906 0.117688 0.175264 -0.324484 -0.0555895 0.127917 -0.0932917 : 0
-0.173302 0.159397 -0.303571 -0.313769 0.164766 -0.448688 0.0733148 0.431309 -0.0268178 : 0.1
0.0386059 0.0909172 0.0204877 0.00798498 0.249518 0.534472 0.0186884 0.460017 -0.412283 : 0
0.251587 0.235079 -0.0784298 -0.831558 0.128701 -0.0589819 -0.594518 0.0712233 0.0814243 : 0.2
0.103088 0.375467 -0.0016782 0.0946742 -0.0543034 -0.25319 0.0441626 -0.0423363 -0.535612 : 0.1
-0.282767 0.055715 -0.0868743 0.603125 0.381956 -0.168548 -0.0093612 0.46516 0.127749 : 0
0.0402926 0.243557 0.13036 -0.107388 1 0.144537 -0.0320031 -0.140105 -0.384064 : 0
-0.0448294 0.144381 -0.301658 -0.132265 0.908578 0.267252 0.214449 -0.0742621 0.0822048 : 0
0.339512 0.0024898 0.239103 -0.690245 0.0818875 0.165618 0.375958 0.0413007 -0.104646 : 0.1
0.254037 -0.110226 0.108375 0.154736 0.792014 0.0414442 -0.21424 0.510999 0.966237 : 0
-0.0573358 -0.444434 -0.219381 0.0981831 0.0688189 -0.0688862 -0.0159303 -0.050714 0.110903 : 0
0.00891064 -0.230022 0.692135 -0.235479 -0.152244 -0.0134484 0.409139 0.0582528 0.0399824 : 0
-0.080474 0.0504589 -0.0932361 -0.0911973 0.392266 0.399491 -0.135971 0.160708 0.117102 : 0.2
0.153553 0.735717 0.17422 0.0484956 -0.0482358 0.195276 -0.0796611 -0.176826 -0.022666 : 0.1
0.0360616 0.0581656 -0.375121 -0.171205 0.233101 -0.237572 -0.15911 -0.195186 -0.0874693 : 0.1
-0.0104252 -0.263403 0.294007 -0.158713 0.0672801 -0.0624779 -0.0357926 0.141978 -0.522126 : 0
0.0225082 0.319502 -0.0185576 -0.302016 -0.250674 -0.0864799 -0.0715604 0.0255611 0.0828227 : 0.5
-0.0607121 -0.178759 0.422016 -0.235828 0.249817 -1 0.0188809 -0.084445 0.0624122 : 0
0.241315 -0.028721 0.439324 0.05978 0.728513 -0.585713 -0.0319903 -0.197842 0.00505693 : 0.6
-0.0551584 0.129915 0.544385 0.230552 0.384152 0.160618 0.133593 0.162276 0.00967352 : 0
-0.181765 -0.0147156 -0.392183 -0.0502059 0.468839 -0.15752 -0.0430968 -0.0294872 0.120161 : 0.1
-0.153397 0.322189 -0.162056 -0.400397 0.530401 0.0331317 -0.0124279 -0.0346555 0.112953 : 0
-0.0161332 0.24423 0.248716 -0.481678 -0.113483 0.532731 0.300634 -0.275301 -0.030138 : 0
-0.00760384 -0.0709924 0.356828 -0.0601121 0.264565 -0.00749313 0.00227531 -0.0258636 0.071244 : 0
0.107625 0.250525 0.127992 0.0577977 0.173714 -0.0574618 0.238758 0.0673722 0.203662 : 0.2
-0.0168533 -0.234961 0.110393 0.143419 0.301067 0.605658 0.14408 -0.25797 0.017312 : 0
0.00567052 0.374337 -0.0230002 -0.375869 -0.110314 0.0931913 -0.103697 0.0821835 0.226292 : 0
-0.243545 -0.0208562 -0.0902784 0.0229363 0.0917403 -0.0869128 0.385407 -0.438406 -0.934177 : 0
0.123736 -0.11779 0.464852 0.198634 0.287233 -0.108401 0.911604 0.200366 0.0551858 : 0
0.24493 0.510689 0.965589 0.261604 0.383515 0.174175 0.396194 -0.112668 1 : 0
0.131102 -0.180321 -0.109135 0.388978 0.0501516 0.112949 -0.092432 0.0599282 0.224094 : 0.4
0.643338 -0.389185 0.129353 -0.14164 0.0647514 -0.229184 0.00365211 0.33385 -0.0574916 : 0.1
0.0938545 0.416233 0.993259 -0.1915 0.533306 0.713865 0.169922 -0.0115809 -0.0509922 : 0.3
0.0546429 0.819213 -0.192373 -0.053314 0.0115108 0.0652953 0.0524483 -0.00619271 0.16797 : 0.3
-0.809699 -0.154824 -0.000808492 -0.0312972 -0.46856 0.0377718 0.107573 -0.508462 -0.00561608 : 0
0.260161 -0.0622818 0.0218352 -0.130856 -0.022598 0.108578 -0.0359474 -0.0664155 -0.935671 : 0
-0.223599 -0.332441 0.321649 -0.403053 0.429489 -0.242373 -0.0856557 0.0184518 0.231623 : 0
0.0850983 0.0697172 0.0273802 0.204389 0.193827 0.0137515 -0.00165017 -0.258324 0.0918068 : 0.4
0.072879 0.0549377 -0.0145656 -0.203449 0.113111 0.0769509 -0.0943255 -0.0611971 -0.438998 : 0
0.0967005 0.457741 0.170871 -0.0561285 0.090197 0.142564 0.0272902 -0.480412 0.242325 : 0.1
0.0081355 1 0.383061 -0.229277 -0.170323 0.0401173 0.124808 -0.145605 -0.167127 : 0.3
-0.201236 0.0299724 0.0858579 0.0312454 0.0487161 -0.119518 -0.09456 0.109885 -0.0513499 : 0
-0.0360472 0.470795 0.209905 -0.0195545 0.0362757 -0.0442941 -0.261878 -0.0136567 -0.124198 : 0.6
0.0946394 0.145114 -0.883876 -0.389794 0.532312 -0.0813966 0.127099 0.0179867 -0.126164 : 0
0.0200396 0.0151711 0.333134 -0.0749231 0.48317 -0.174818 0.11831 0.117429 0.0643437 : 0
0.0646281 -0.346111 0.0472961 0.32045 -0.479082 -0.783203 0.508848 -0.0437784 0.366169 : 0
-0.516882 0.279562 0.105539 -0.00969798 -0.0179229 -0.0828622 -0.0933982 0.232629 -0.550207 : 0.6
-0.0148793 0.104273 0.937755 0.0587296 -0.0661411 -0.260577 0.183416 -0.0508303 -0.251081 : 0
0.0947731 0.0332258 0.302182 0.107866 0.172622 0.725457 -0.00551567 0.0224845 -0.0924646 : 0
0.105924 0.0278255 0.047682 -0.0614443 1 -0.0382895 0.0594635 -0.139574 0.359692 : 0
0.265358 0.251779 -0.0263548 -0.242248 0.0388218 0.0942746 0.196264 -0.0657242 0.366799 : 0
0.242454 0.0214638 0.121624 -0.118312 -0.126353 0.204328 -0.0326527 -0.188055 0.00958827 : 0
0.503564 0.127545 0.227309 -0.0281392 -0.0410364 0.128207 -0.0441383 -0.00764457 0.067127 : 0.5
0.127448 0.119701 0.0309683 -0.337931 0.214184 -0.118399 0.033422 -0.150375 0.0522553 : 0.1
0.39516 0.80235 0.290885 0.136737 0.235419 0.277862 -0.196252 0.196391 0.778595 : 0
-0.0558041 0.357129 0.692418 -0.216159 -0.277067 -0.0310771 0.581562 -0.286509 0.258039 : 0.4
-0.408041 0.148459 0.133686 -0.0790529 0.71789 -0.0832146 0.239319 0.527251 -0.00846571 : 0.4
0.297081 -0.0724607 -0.134607 0.108089 0.189597 -0.313508 0.0334812 0.0448491 -0.115522 : 0
-0.439661 -0.162336 0.0834186 -0.321407 0.0510048 0.234858 0.107289 0.0445498 -0.00497332 : 0.1
-0.355925 0.0557718 0.651165 -0.183438 0.0282936 0.443927 0.0436207 0.0199031 -0.0821534 : 0
0.0214968 0.1822 -0.0753705 0.00814725 0.162703 -0.236195 0.356973 -0.0197618 -0.0513303 : 0
-0.00442444 -0.0432581 0.0215212 -0.0711259 -0.0888527 0.545058 0.21405 0.245581 1 : 0
-0.145312 0.628554 0.152396 0.0907929 0.119008 0.174466 -0.0462349 0.349202 0.15345 : 0
0.155374 -0.0566273 0.118444 -0.149859 0.275023 -0.0681593 0.0657091 -0.0645656 -0.0344975 : 0.1
0.1112 0.0425165 0.405839 0.292207 0.575612 0.371117 -0.0237642 -0.00709522 0.199218 : 0.1
-0.0150347 0.395431 0.259978 -0.062884 0.26873 -0.0908812 -0.112487 0.157347 0.0861324 : 0.1
-0.293834 -0.0244798 0.146507 -0.040862 0.109861 0.177301 -0.0834038 0.530801 -0.0934415 : 0.2
0.271432 0.118948 0.0408455 0.192587 0.0366735 0.326813 1 0.360026 0.300087 : 0.1
0.139267 0.0163684 -0.0611962 0.165563 0.0321127 0.602508 0.282855 0.143957 0.0330373 : 0
-0.0262183 0.274413 0.551723 0.109097 0.0416858 -0.0150798 0.600215 -0.253518 0.0382507 : 0.4
-0.0628399 0.394756 -0.0147135 0.149526 0.0243917 0.305591 0.472098 -0.117879 -0.139242 : 0.2
0.0109905 0.0635431 -0.0216112 0.204697 0.625758 0.103048 0.285006 0.99706 0.307848 : 0.1
0.277491 -0.0470334 0.275918 0.0959881 0.161482 -0.592505 0.134503 0.0965455 0.236752 : 0
0.426328 0.172077 0.0427412 -0.23245 0.28623 0.0328794 -0.0805206 0.284582 -0.0222721 : 0.1
-0.506815 0.288903 0.133151 -0.107417 -0.0510206 0.13668 -0.438202 -0.055061 -0.115423 : 0
-0.0526008 0.184257 -0.0211197 0.717661 0.24356 -0.15427 0.355642 -0.245709 0.0176019 : 0.4
0.144617 0.562799 -0.0306781 0.229413 0.0309234 -0.214373 -0.0892831 0.0699061 0.0523263 : 0.1
0.0238568 -0.129868 -0.0521899 0.0872503 0.0290833 0.142476 -0.136617 -0.370632 1 : 0.1
0.233673 0.209883 -0.325206 -0.0498778 -0.00886257 -0.46106 0.218499 0.0263285 0.07135 : 0
0.386218 0.615257 0.278644 0.112971 0.023557 -0.0785011 0.0143824 -0.242978 0.64569 : 0
-0.206385 0.33611 -0.075036 -0.605964 0.0739737 -0.085338 0.99172 0.0132119 0.0512814 : 0
-0.0985691 0.22431 -0.0620617 -0.108981 1 0.461133 0.170321 -0.786686 0.0219264 : 0.2
-0.094485 -0.593398 0.169118 0.257492 -0.0578725 -0.742552 0.0840593 -0.359962 0.213199 : 0.2
0.0927542 -0.182555 -0.0979748 0.185495 -0.108254 0.0707194 -0.11627 1 -0.335665 : 0.5
-0.00598139 0.184514 -0.293873 -0.10776 -0.514236 0.0567309 0.504657 1 0.617978 : 0.5
-0.206854 -0.0523079 -0.0517377 -0.288235 0.353601 0.155149 0.11233 0.613712 0.496768 : 0
-0.0337831 0.0514637 0.0554236 -0.0614274 0.0875495 -0.0841774 0.00667942 0.212375 0.497972 : 0
-0.0321218 0.199104 -0.363805 0.171425 0.657295 0.448038 0.265728 -0.276264 -0.0455504 : 0
1 0.281086 0.256476 -0.869288 -0.197325 0.102196 -0.750581 -0.00655356 -0.0556761 : 0.5
-0.169072 0.0947293 0.312881 0.492082 -0.275882 -0.134224 0.0854013 -0.165946 -0.499862 : 0
-0.154505 -0.00908566 0.753467 0.157264 -0.0297798 0.138067 -0.0116759 -0.213105 -0.10365 : 0
0.258142 -0.273047 0.174142 0.249237 -0.51944 -0.0954835 0.143288 -0.47853 -0.643843 : 0
0.597018 0.0877259 -0.540009 0.823354 0.334192 -0.39735 0.0285525 0.445092 -0.105044 : 0.1
0.133449 -0.0672447 -0.0487889 -0.202926 0.0365315 -0.145512 0.4871 0.371495 0.618606 : 0
