-0.188131 0.335944 0.180831 0.143891 0.599837 0.676767 -0.00705399 -0.0702193 -0.102377 : 0
1 0.175054 0.62374 0.228678 -0.0602963 0.373464 -0.29436 0.685164 0.955732 : 0.3
-0.24143 0.0613231 0.295344 0.83597 0.623612 0.759059 0.24967 0.97583 0.325094 : 0
0.994531 0.374041 0.750869 0.802355 0.612541 1 0.374791 0.605858 1 : 0
0.128691 -0.036366 0.845028 -0.235207 0.147442 0.893212 0.393516 -0.255027 0.299453 : 0.3
0.477585 0.377438 0.412217 -0.0760548 0.867943 0.186006 0.0568615 0.437067 -0.623784 : 0
0.664818 -0.56047 1 0.521488 0.246354 0.106257 0.16199 0.268475 0.638939 : 0.4
0.593061 0.467965 0.534555 0.391869 0.420704 0.405397 0.392471 0.442223 1 : 0.1
0.623401 -0.0535958 0.353958 0.770863 0.527893 0.772291 0.919331 0.587555 0.545531 : 0
0.392098 0.147789 0.411861 0.468593 0.0893929 0.950407 0.640957 0.29166 0.60184 : 0
0.497717 0.31813 0.429868 0.381574 0.720121 0.544144 0.254007 0.19651 0.247428 : 0.4
-1 0.818314 0.522674 -0.0484853 0.181479 0.993688 1 0.524491 0.26275 : 0.1
0.838025 0.132226 0.919849 0.625725 0.327534 0.869181 0.162229 0.290693 1 : 0
0.76743 0.671498 0.649683 0.882299 0.662804 -0.0644706 0.43678 0.809026 0.0296516 : 0.1
0.834362 0.101741 0.331617 0.931387 0.515552 0.411974 0.268198 0.31947 0.424066 : 0.5
-0.398148 1 0.296532 -0.0881724 0.182587 -0.194514 0.968598 0.553206 0.651586 : 0
0.564643 0.244067 0.883829 0.359304 0.421418 0.435677 0.274762 0.0662737 1 : 0.1
0.705137 0.286218 0.283675 0.32768 0.35019 0.332765 1 0.938797 0.675976 : 0.1
0.491979 0.181968 0.595455 0.166931 0.191886 0.637925 0.768693 0.953887 0.52025 : 0.5
0.517223 -0.0288498 0.901208 0.488357 0.00394921 0.674005 0.145355 0.628892 0.232857 : 0.5
0.234865 0.0321893 -0.177129 0.294011 0.742483 0.162205 0.424228 0.450521 0.653219 : 0.3
0.310465 0.386636 0.227099 0.837701 0.49786 1 0.875628 0.234667 -0.054661 : 0
0.883362 0.887746 0.274859 0.548775 0.0343895 0.0764261 0.406225 -0.0952882 0.793926 : 0.1
0.482249 -0.564294 0.105757 0.629879 0.257984 0.380991 0.781308 0.717709 0.120064 : 0
0.476353 0.195239 0.211679 0.571892 0.490448 0.649205 0.362978 0.450453 1 : 0.5
0.880988 -0.199811 0.822868 0.503133 0.110231 0.756865 -1 -0.0254893 1 : 0.1
0.301001 0.244582 0.608078 0.260635 0.126906 0.30062 0.826175 0.291936 0.86418 : 0.4
1 0.184199 0.152903 0.35562 0.805022 0.190397 -0.233517 0.740412 -0.464451 : 0
0.208218 0.664903 0.498059 0.336633 0.258094 0.393532 0.973422 0.560007 0.0623087 : 0.4
1 0.362851 0.422333 0.662737 0.596133 0.418821 0.804915 1 -1 : 0.5
-0.245774 0.53595 0.223242 0.590079 1 0.932871 0.465748 0.676025 0.437426 : 0
0.773062 -0.209396 0.749046 0.579828 0.794211 0.834162 0.159929 0.562374 0.625777 : 0
0.203401 0.80786 -0.0526596 0.774525 1 0.786074 0.255858 0.883613 0.456508 : 0.7
0.455325 0.253675 -0.049854 0.462876 0.708052 -0.452817 -0.290532 0.6069 0.435932 : 0
-0.122458 1 1 0.122314 0.123729 0.692698 0.875442 0.74499 -0.228411 : 0.1
0.267008 0.142264 0.32308 0.568124 0.640901 0.81576 0.0520686 0.642429 0.50444 : 0
0.196981 0.150569 -0.191668 0.400171 0.5728 0.531347 1 1 -0.341103 : 0
-0.184199 1 0.189152 0.660811 0.379499 1 0.310255 1 0.440385 : 0.3
0.34717 0.350077 0.120331 0.551983 0.536669 0.610489 0.856663 0.784233 0.804642 : 0.1
0.044781 0.713639 0.586924 -0.23661 1 0.935764 0.978716 0.734493 0.131785 : 0.2
1 0.477007 0.599376 0.443098 0.767116 0.467396 0.939753 0.555959 1 : 0
-0.217513 -0.101585 0.633203 0.792782 0.256933 0.151658 1 0.452261 1 : 0.1
0.145618 -0.346706 0.846435 -0.30008 0.28991 0.313206 -1 0.40136 0.477637 : 0
0.93389 0.280737 0.847939 0.495169 0.0718622 0.941293 0.354356 1 0.480432 : 0.2
-0.73907 0.481679 0.729463 0.881464 0.431875 0.614772 -0.57479 0.257832 0.621168 : 0
0.730767 0.300403 0.791763 0.0230007 0.517061 0.290694 0.662778 0.70024 1 : 0
0.162658 0.417105 -0.194917 -0.117573 0.626206 0.522158 -1 0.0367003 0.347751 : 0
0.498369 0.233897 1 0.378173 0.211309 0.48875 0.643124 -0.209685 -0.759406 : 0.3
0.316345 0.206595 0.995808 0.510696 0.66563 0.855433 0.995812 -0.194424 0.257548 : 0.3
0.504903 0.441397 0.489373 0.270502 0.590983 -0.565001 0.549158 0.511202 0.0639496 : 0.3
0.362664 0.0560319 0.689653 0.593828 0.0530875 0.54446 0.545617 0.801102 0.119519 : 0.1
0.098713 0.574731 0.846552 0.502491 0.733885 0.702067 0.0862591 0.0637776 0.329201 : 0.2
0.47935 0.724431 0.0657924 0.80414 0.27528 0.40445 0.697261 1 0.115551 : 0
0.186716 0.114726 -0.00779462 0.769075 0.308423 -0.0492889 0.865477 0.779799 1 : 0.2
0.130591 -0.0132081 0.0691299 0.232075 0.317244 -0.289059 0.191717 -0.351076 -0.0479718 : 0.3
0.34251 0.100593 0.066053 0.518702 0.446274 1 1 0.410312 -0.500688 : 0.2
0.726388 0.155672 0.507383 -0.0119626 0.819421 0.483319 0.541754 0.81985 0.734762 : 0.1
0.788681 0.183576 0.380445 0.274969 0.542325 0.444303 0.420146 0.197403 1 : 0
-0.285433 0.448358 0.316453 0.469216 0.305357 0.613097 1 0.362225 0.405464 : 0
-0.14788 0.407367 0.285478 -0.191334 0.224549 -0.0748195 1 0.122515 0.575029 : 0.4
0.551102 -0.35254 1 0.61737 0.541208 0.184857 0.419881 0.631375 0.915917 : 0.6
0.0907117 0.978203 0.564448 0.191964 0.659164 0.0819207 -0.698361 0.651506 -0.27596 : 0
0.333158 -0.0232717 0.586799 0.419997 0.0536142 0.181297 0.122324 0.0619568 0.00504207 : 0.4
0.479468 1 0.745216 0.260142 -0.371162 0.734539 0.143977 0.31336 -0.331924 : 0
0.65591 0.124265 0.22564 0.435232 1 0.285812 0.553228 0.434703 0.524345 : 0.1
0.571164 0.344631 0.185215 0.138731 0.349001 0.135753 0.123659 0.992141 0.106955 : 0
1 0.224313 0.483874 0.13869 0.519399 0.311021 0.190573 0.0676603 -0.256236 : 0.1
0.348556 0.11714 1 0.0969215 -0.0697776 0.248158 0.586272 0.490671 0.176188 : 0
0.076249 0.26476 0.259002 0.771995 -0.297314 0.489966 0.498119 0.761674 0.767154 : 0.4
-0.058331 0.598232 0.0293658 0.6525 0.422693 0.138122 0.302867 0.496098 0.614957 : 0.5
0.510457 1 0.324037 -0.0982982 0.323435 0.656412 0.474727 0.202162 0.53018 : 0
0.524383 -0.144563 0.875498 0.114133 1 0.712374 0.768675 0.678997 0.67882 : 0.5
0.704719 0.0226834 0.0095742 0.442107 0.713991 0.175541 0.319539 0.118224 0.370624 : 0
0.830063 0.0402752 0.85753 -0.808728 0.222614 0.765331 -0.59461 0.726495 0.467981 : 0.4
-0.0890661 -0.194821 0.467221 0.759765 0.0567827 0.902986 0.642506 0.406654 0.619087 : 0.1
0.325208 0.0286171 0.535381 0.634457 0.230536 -0.792443 0.559164 0.675434 0.0180987 : 0
0.534688 0.222985 -0.388949 0.191681 0.664027 0.212683 0.609242 0.317869 -0.027284 : 0
0.233618 0.633374 0.455244 0.655151 0.175866 0.913816 0.848193 0.526228 0.580786 : 0.3
0.554779 0.991817 0.334764 0.289705 0.702854 0.788939 0.540174 0.682575 0.490404 : 0.3
0.42374 0.273196 0.844935 0.713518 0.383418 1 0.0594094 0.321412 0.275904 : 0
-0.0737939 0.293953 0.249629 0.873187 0.186786 0.934758 0.725807 0.623183 0.699587 : 0.2
0.764868 -0.121226 0.27755 1 1 0.650995 1 0.293784 0.71232 : 0
0.521943 0.67293 0.487178 0.907557 0.354092 0.518226 0.245147 0.45046 0.402401 : 0.1
0.753748 0.0264921 -0.275615 0.201996 0.514283 0.655508 0.349867 0.394928 0.224946 : 0.2
0.965551 0.467671 -0.0828669 0.34633 0.552645 0.493442 0.667758 0.619104 -1 : 0.4
0.524386 -0.209521 0.926897 0.625045 0.0876091 0.65306 0.296178 0.790505 0.711583 : 0.1
0.560917 0.230616 0.835123 0.356792 0.470382 0.861799 0.213584 0.24957 1 : 0.3
1 0.45171 0.995481 0.230716 0.711955 0.241745 1 0.332584 0.102211 : 0.4
0.489599 -1 0.660746 0.0754208 0.709438 -0.452278 0.386303 -0.397047 0.0102275 : 0
0.585601 0.0154504 0.530503 0.358903 0.917073 0.579586 0.5549 0.362853 0.436457 : 0.2
-0.0266444 0.531332 -0.131105 0.390992 0.172261 0.695636 0.185324 0.667652 0.640267 : 0.5
-0.0745823 -0.218019 0.877484 1 0.199802 0.633168 0.363833 0.998832 -0.387723 : 0
1 0.571425 1 -0.888054 0.438583 0.818882 0.523689 -0.431643 0.188708 : 0
-0.151653 0.52833 0.0384724 0.855162 0.276192 -0.225185 0.409398 0.761481 -0.136081 : 0.1
0.593682 0.232127 0.85351 0.755406 0.920511 0.731085 0.57643 1 0.455679 : 0
0.340438 0.5187 0.131143 0.435562 0.248642 0.687183 -0.158046 0.391115 0.53884 : 0
0.693551 0.274303 0.437216 0.663966 0.229408 0.404981 0.931028 0.054889 1 : 0.1
0.042425 0.581711 0.408616 0.214581 0.953709 0.596306 0.221724 0.638174 0.707268 : 0
0.307803 0.507919 0.571584 0.534767 0.408043 0.579271 0.64344 0.52274 0.195727 : 0
0.511222 0.863893 -0.127541 0.517608 0.576216 -0.488 0.275718 0.341083 0.545809 : 0.5
0.957492 0.0581916 0.485848 0.226706 0.803617 0.551846 0.838225 0.430853 0.313517 : 0.2
0.763589 0.629709 0.702221 0.596635 0.695326 0.239867 0.377968 0.894861 0.553625 : 0.4
0.53114 0.484238 0.780085 0.237689 -0.0932885 0.6175 0.158193 0.748572 -0.274061 : 0
0.758574 0.566227 0.316665 0.367225 1 0.198403 0.198368 0.0801187 0.558428 : 0
0.502764 0.662646 0.435095 0.54219 1 0.79548 0.857198 0.655084 0.873854 : 0.1
0.406152 0.155949 0.828512 0.292812 0.179162 0.516192 0.914881 0.672028 0.504909 : 0.4
0.874077 0.195636 0.0529748 0.208744 0.543113 0.513131 0.572397 0.448435 1 : 0
-0.0368426 0.0178676 0.190613 0.454591 0.234668 0.85382 0.386266 0.34996 0.732817 : 0.2
0.264375 0.375637 0.282855 0.39854 0.583875 0.382385 0.243868 0.752121 0.567777 : 0.2
0.410577 0.512071 0.0469361 0.637743 0.119129 0.281647 -0.222804 0.606339 0.59974 : 0.4
0.656052 0.495647 -0.0069378 0.615782 1 0.743538 0.527434 0.253249 0.357247 : 0.6
1 0.651957 0.514455 0.271368 -0.376404 0.56011 0.123189 0.483511 0.875665 : 0.2
-0.207412 0.404836 0.327856 0.405013 0.136618 0.91195 0.0187098 0.309129 0.597591 : 0
-0.100561 0.18826 0.708535 0.297484 0.504249 0.175055 0.259352 0.524683 0.944944 : 0.4
1 1 -0.00609005 0.479699 0.139043 0.83658 0.230578 0.597348 -0.0988932 : 0.1
0.020505 0.393035 0.340859 0.844186 0.619517 0.122343 0.449584 0.760944 0.469523 : 0
0.644055 -0.320791 0.34275 0.0794867 0.617648 0.134536 0.983708 0.420091 -0.955884 : 0.1
0.306987 1 0.154062 0.496455 0.535627 0.613864 0.495127 0.610846 0.0368981 : 0.6
0.770721 0.358268 0.132932 0.183922 -0.0467229 1 1 0.476784 0.382264 : 0
0.513895 0.300629 0.591054 0.444942 0.188105 0.287563 0.645658 -0.0340606 0.631903 : 0.4
0.350838 0.00784758 0.694561 0.359933 0.687924 0.997036 0.600674 0.387302 0.123369 : 0.7
1 -1 0.220698 -0.127889 0.249812 0.380276 -0.831484 0.672186 -0.587032 : 0.3
-1 0.637411 0.0703784 0.00654821 0.0598989 0.610974 0.594942 0.780884 0.0727947 : 0.1
0.811144 0.127327 0.384295 0.114256 0.537941 0.411067 0.515398 0.182643 1 : 0.3
0.193862 0.147584 0.412732 0.366216 0.568623 1 0.535719 0.258023 0.745712 : 0.1
0.0967978 -0.237231 0.303468 0.862924 0.513441 0.932489 0.454778 0.587085 0.805861 : 0.3
0.0698876 0.188287 0.667746 0.442858 0.432991 0.895876 -0.382805 0.560255 0.127921 : 0.2
1 0.211253 0.789832 0.633934 0.226078 0.498687 1 0.262184 1 : 0.2
-0.0505332 0.510077 0.162871 0.0722882 0.899963 0.762146 0.212585 -0.40244 0.542329 : 0
-0.198934 0.630685 0.646225 0.303816 0.320445 0.22895 0.578595 0.575521 0.809791 : 0.6
0.0229992 0.0739112 1 0.528449 0.308023 0.00914226 0.0214294 0.418721 0.185042 : 0
0.407983 0.166 0.285664 0.126793 0.834904 0.61208 0.0417787 0.204513 0.264223 : 0.1
0.998827 0.255664 0.197397 -0.172661 0.381048 0.769346 0.685096 1 1 : 0
0.902503 0.137966 0.270901 0.484996 0.189304 0.726846 0.361598 0.404356 0.63529 : 0
-0.933109 0.159069 -0.105823 0.320158 -0.100687 0.866838 0.228264 1 0.475344 : 0.2
0.732076 0.0907034 0.218258 0.811461 0.182434 0.665949 0.980621 0.330994 0.670819 : 0
0.27807 0.371919 0.125407 0.385249 0.499206 0.152679 0.802598 -0.0329252 0.399314 : 0
0.734612 0.0761766 0.614834 0.70768 0.555563 0.523419 0.552328 0.341371 0.0766867 : 0.5
0.731205 0.331521 0.718875 0.527154 0.0128025 0.554594 0.179703 0.660316 0.55832 : 0.2
0.617525 0.364758 0.888378 0.800423 0.104373 0.937193 0.371561 1 0.778804 : 0
0.638283 0.403204 0.183785 -0.0212624 0.779759 0.680422 0.423397 -0.0621761 -0.200229 : 0
1 0.637369 0.484475 0.817589 0.669833 0.944959 0.990578 0.500806 0.43212 : 0.1
0.94645 0.189106 0.328424 0.646522 0.141479 0.819047 0.439781 0.49182 0.770174 : 0.1
0.392384 0.724827 0.489568 0.977308 0.476749 0.517001 0.390914 0.530388 0.608788 : 0.4
0.215181 0.251314 0.435977 0.0900391 0.374641 1 0.864446 0.768659 0.43391 : 0
0.815565 0.281474 0.568767 0.465923 0.598786 0.548969 0.581414 0.671783 0.295169 : 0.3
0.472486 -1 0.661241 0.700811 0.367963 0.00830352 0.777648 -0.387785 0.378569 : 0
-0.702286 1 0.0731727 0.105709 0.885051 -0.26868 0.0094955 0.661775 0.597057 : 0.1
0.832027 -0.0469622 0.577278 0.58284 0.742705 0.823293 -0.044205 0.422112 0.465706 : 0
0.787377 1 0.647747 0.103843 0.28227 0.890777 0.617829 0.716241 0.402049 : 0.1
0.178628 0.263263 0.711231 1 0.237584 0.501873 0.578796 0.463548 0.992421 : 0
-0.3304 0.729861 0.585599 0.360386 0.426852 0.685843 0.420606 0.553358 0.695443 : 0.1
0.650471 0.614168 0.179555 0.332788 0.605205 0.541158 0.0566155 0.339872 -0.503648 : 0
0.0807853 0.403528 1 0.755038 1 0.568025 0.550563 0.325527 0.59792 : 0.4
-0.132151 0.134143 0.620229 0.334731 0.711797 0.250801 -0.203995 0.866592 -0.213393 : 0
-1 0.0293111 0.863945 0.943937 -0.128778 0.859957 0.661368 0.615218 0.584448 : 0.2
0.809544 -0.723484 0.571361 0.828435 0.078164 0.278464 0.0140674 1 0.722323 : 0
0.668285 0.422384 0.927362 0.824166 0.32602 0.51142 0.203382 0.369818 -0.224079 : 0.2
0.875957 -0.0747795 0.279903 0.808908 0.855534 1 -0.465158 0.450059 0.413083 : 0.1
0.480423 0.509087 0.829938 0.232125 0.13922 0.816272 -0.315448 0.54028 0.760879 : 0
0.828983 -0.311412 0.338609 0.251305 0.49272 0.00333649 1 0.0371616 0.638337 : 0.2
0.745149 0.310438 0.931097 0.250281 1 0.589922 0.748977 0.782501 1 : 0.4
0.126096 0.50291 0.446814 -0.606177 0.322821 0.399795 0.578351 1 0.663597 : 0.3
0.74462 0.748038 0.721044 -0.184237 0.24893 0.521382 0.426552 0.503855 0.201823 : 0
0.969766 -0.0933422 0.481107 0.270825 0.396231 0.610626 -0.0274817 0.703516 0.0880261 : 0.5
-0.34243 0.237028 0.295269 0.536612 0.276711 0.822874 0.601004 0.0201048 0.554513 : 0
0.0233338 0.483038 0.11845 0.346087 0.532335 0.189983 0.43691 1 0.153086 : 0.1
0.577823 0.170146 0.662698 -0.685413 0.103231 0.905396 0.881896 0.189049 1 : 0.7
0.309995 0.514301 0.205666 0.533645 0.50093 0.164745 0.274132 0.92816 0.162823 : 0.3
-0.0990896 0.233324 0.436649 0.230483 -0.223534 0.0038873 0.694396 0.674564 0.539547 : 0.1
0.480291 0.0316589 0.2586 -0.370168 0.424517 0.581931 0.0599901 0.541051 1 : 0.4
0.228324 0.360969 0.707199 0.505961 0.477502 0.141643 0.459557 0.286965 0.494642 : 0
0.246329 0.146738 0.218636 0.163304 0.591434 -0.102379 -0.532335 -0.0674169 0.167547 : 0.5
-0.0238888 0.901912 0.310296 0.426608 0.663805 0.164482 0.187902 0.850095 0.844227 : 0.3
0.586661 0.166478 0.746243 0.092911 0.580764 0.617557 0.358927 0.861963 0.166618 : 0
0.181097 0.161689 0.697816 0.655808 -0.672947 -0.337916 0.706037 0.680924 0.723947 : 0.1
0.188643 0.193056 0.112318 0.704836 0.0691767 0.670106 0.753558 1 0.942897 : 0
0.326815 0.674024 1 0.369568 1 0.673699 -0.0029549 0.673511 0.031961 : 0.5
0.706506 0.405444 0.59866 0.295455 0.259494 1 0.411402 0.149188 0.341791 : 0
0.536515 0.283933 0.351842 0.261639 0.336473 0.731308 0.6322 0.964389 0.483457 : 0
0.10301 0.422083 0.265196 0.802067 0.560385 0.472418 0.260909 0.602371 0.450969 : 0.1
0.373033 0.228947 0.608011 0.558403 0.331573 -0.16935 1 -0.229903 0.313238 : 0
0.170427 0.0554227 0.791227 0.286942 0.29543 -0.124635 0.311088 0.472291 0.617515 : 0
0.54055 0.665081 0.480632 0.229301 -0.0773919 0.697264 0.576718 0.134994 1 : 0
0.520986 0.559041 1 0.126592 0.33254 0.607854 0.827404 0.444436 0.336925 : 0
0.858476 0.0242911 0.329588 0.660467 0.366039 0.243569 -0.885559 1 -0.0515077 : 0.5
0.888906 0.0892568 0.000911362 0.276482 0.359796 0.782232 0.824148 1 0.471484 : 0.2
-0.717738 0.186433 0.552725 -0.149118 0.236036 -0.0994014 1 0.502156 0.523625 : 0.1
0.398301 0.876583 0.996206 0.449246 0.782649 0.382092 0.20878 0.420318 0.431214 : 0
-0.124206 0.866987 0.540984 0.128686 0.481746 0.560514 0.447665 0.704383 0.207539 : 0.1
0.715759 0.598819 0.682369 0.817658 0.181393 -0.341869 0.538596 0.428411 0.515332 : 0.6
0.502756 0.446371 0.476442 0.426319 0.60445 0.031952 0.533832 0.211147 0.201413 : 0.3
0.639028 0.179294 -0.690157 0.428121 -0.0657909 0.708643 0.402703 0.40089 0.872693 : 0
0.81841 0.472099 0.455437 0.629463 -0.265751 0.329651 -0.0889834 0.846566 -0.023875 : 0.3
0.913397 0.301844 0.313126 0.723928 0.772925 0.512331 0.338915 0.826504 0.0134842 : 0
0.2546 -0.160352 0.273468 0.476979 0.651763 0.60327 0.744493 0.833243 1 : 0
0.732903 0.704725 0.120898 0.0586796 0.675256 0.406126 0.430611 0.883598 0.259118 : 0
0.0572421 0.477373 0.00393237 0.466409 0.0575967 0.534219 0.408283 0.628706 0.648026 : 0.4
0.663365 0.00650942 0.329631 0.280116 0.543365 0.20624 0.974778 0.522605 0.734993 : 0
0.294281 0.481545 0.965862 0.426541 -0.161951 0.529767 0.198722 1 1 : 0
0.969514 -0.201323 0.588262 0.602211 0.462358 -0.499452 0.523829 0.698194 0.525569 : 0.5
0.853862 0.349703 0.189344 0.382016 0.345846 0.721048 0.554386 0.923967 0.655568 : 0
0.860128 0.276079 0.546282 0.631471 0.820573 0.280923 0.461382 0.916652 0.44702 : 0.1
1 0.365057 0.37352 0.394663 0.754909 -0.167134 0.167763 0.388725 0.0897072 : 0
0.790225 0.278091 0.230631 0.210851 0.260152 0.189199 0.659995 -0.214872 0.671023 : 0.1
1 0.333091 0.322265 1 0.298498 0.596199 0.572216 0.746549 1 : 0
-0.600291 1 0.575521 0.341677 0.400445 0.422856 0.485868 0.999203 0.618711 : 0.3
0.381109 0.170476 0.948574 0.495975 -0.0433982 0.245188 0.320286 1 0.40297 : 0.1
0.410595 0.49901 0.885916 0.4826 0.489326 0.729054 -1 0.261671 0.408036 : 0.3
0.46913 -0.595414 -0.0963666 0.542524 0.701536 -0.730102 0.402504 0.728096 -0.0860821 : 0.2
-0.121106 0.376338 0.110528 0.325863 0.506775 0.567204 0.175112 -0.136821 0.422558 : 0.5
0.580456 -0.280209 0.519174 0.414322 0.874433 -0.128109 0.86821 0.856444 1 : 0
0.266914 0.489853 -0.548774 0.721821 0.0940377 0.359118 0.776047 0.37635 0.0934069 : 0.5
0.248582 0.172491 0.888752 0.241353 0.827803 0.262737 -0.4231 -0.167278 -0.47828 : 0
-0.0493196 0.00234423 0.639443 0.138247 0.908707 0.528291 -0.496779 0.304448 1 : 0
0.81212 -0.0363458 0.83504 0.54573 0.700084 -0.474001 0.449495 0.737184 0.467827 : 0
0.759447 0.102425 0.212714 0.703387 1 0.431481 0.301975 0.457519 -0.457107 : 0.5
0.969373 0.345932 0.538608 0.151561 0.782423 0.207011 0.82628 0.467557 0.223153 : 0
0.480377 0.210443 1 0.425229 -0.0143605 0.808671 0.644317 0.577324 1 : 0
0.485228 0.00131729 0.112984 1 0.165612 0.223103 0.166106 0.485013 0.8766 : 0.1
0.585111 0.558092 0.766682 0.729682 1 0.778624 0.183074 0.358726 0.645149 : 0.3
0.346081 0.0567664 0.249206 0.298793 -0.296361 0.854125 0.694813 0.164231 -0.340145 : 0
0.667358 -0.220487 0.0429513 0.104571 0.684924 0.257775 0.941113 0.75632 0.299298 : 0.4
0.929102 0.285061 0.619986 0.276173 0.78186 1 0.79209 0.467509 0.290674 : 0.1
-0.0898953 0.30418 0.267296 1 0.569125 0.844466 0.81843 0.920066 -0.0351995 : 0
0.10207 -0.609204 -0.0276931 0.289306 0.444928 0.0709464 0.832239 0.478542 0.497167 : 0
0.49418 0.00597888 0.310219 1 0.520817 0.410395 0.500903 0.0566814 0.47491 : 0.4
0.837741 0.123029 0.707812 0.375702 0.286205 0.421289 0.41866 0.409393 0.48651 : 0.3
0.0662684 -0.0492824 0.249125 0.402651 -0.0457154 -0.0920113 0.324948 0.463432 0.656284 : 0.1
-0.238128 0.0552231 0.195344 0.768003 0.833937 0.588993 0.333989 0.921656 1 : 0.1
0.555778 -0.39202 0.46158 0.672196 0.708885 0.128576 0.457185 0.477246 -0.211371 : 0.6
1 0.164446 -0.0606955 0.380764 0.799137 0.511251 1 0.188705 0.633032 : 0
0.549476 0.362347 0.674621 -0.0351161 0.73147 0.783645 0.191133 0.630475 0.980157 : 0.2
1 -1 1 0.136233 0.359512 0.813933 0.776479 0.773709 -0.0240811 : 0
-0.027492 0.19236 0.2367 0.485821 0.499511 0.716182 0.394482 0.606273 0.564008 : 0.2
0.262329 0.209782 0.0931063 0.37376 0.840851 -0.342538 0.70856 0.808986 0.741765 : 0.1
0.389627 -0.00351284 0.222358 0.52704 0.487786 0.592194 0.678159 0.409685 0.841754 : 0.1
0.649523 0.0492504 0.927872 0.61786 0.718359 0.587859 0.331182 0.724258 0.303741 : 0
0.884807 0.486573 0.308774 0.371354 -0.352529 1 0.186415 0.307041 0.247305 : 0.5
0.795379 0.902169 0.62133 0.543571 0.588156 0.316172 0.526388 0.643627 0.273867 : 0
0.53529 -0.00171177 0.939191 0.717382 0.547354 1 0.58671 1 0.762956 : 0
-1 0.376934 0.496175 0.914432 0.247433 0.746547 0.387268 0.247534 0.65664 : 0
0.307275 0.304 0.148813 0.566252 0.727462 0.758053 0.544479 0.538761 0.227248 : 0
0.314253 0.70237 0.2253 0.650887 0.65496 0.336254 0.393144 0.422841 0.665165 : 0
0.517615 0.0591537 0.499035 0.255083 -0.0754367 0.882952 0.861422 0.471971 1 : 0
1 0.204764 0.400171 0.946695 0.507903 0.768697 0.635464 0.239439 0.281807 : 0.6
0.719551 0.52823 0.433055 0.609731 1 0.109334 0.428558 0.182873 0.497058 : 0
0.917261 0.10652 0.665798 0.832947 0.637317 0.872068 1 0.29348 0.541704 : 0.5
0.0357402 -0.245676 0.363749 -0.219379 0.955761 0.718081 0.663871 0.807546 0.184541 : 0
0.41374 0.68722 0.7275 0.0410547 0.178195 0.476873 0.688214 0.964838 0.929608 : 0.6
1 0.443321 0.430577 0.337597 1 0.237031 -0.589514 0.64492 0.154047 : 0.3
0.57325 0.319943 1 0.218872 0.310689 -0.491956 0.912489 0.697001 0.217195 : 0.4
0.615116 0.521828 0.393257 0.571289 0.422085 -0.107476 0.160644 0.699212 0.859974 : 0
0.208904 0.137173 0.87448 0.56676 0.30951 0.667834 0.0669041 0.111049 1 : 0.2
1 -0.0604694 1 -0.210146 0.825301 0.73124 -0.480757 0.613528 0.138721 : 0.3
0.195878 0.403476 0.927815 0.0639933 0.463439 0.816525 0.417063 0.370014 0.195463 : 0.1
0.742556 0.47331 0.472663 -0.206923 0.105425 0.262121 0.707337 0.64774 1 : 0.5
0.887329 0.116635 0.304748 0.0533173 0.478849 1 0.466715 0.31916 0.728017 : 0
0.702514 0.471466 0.630085 1 -0.0152216 0.0890575 0.220561 0.563227 0.829175 : 0
0.75749 -0.240177 0.545583 0.232354 0.512687 0.865892 0.857425 0.464413 -0.366391 : 0
0.566921 0.586 0.250408 0.23133 0.169717 0.430477 0.482559 0.502291 1 : 0
0.325547 0.290392 -0.193937 0.36647 0.0183434 0.816623 0.384008 0.426014 1 : 0
0.805982 0.530842 0.467634 0.528391 0.487695 0.299984 -0.0230363 0.675898 0.485562 : 0
0.857205 0.756989 0.936591 0.363376 0.557324 -0.898033 -0.0617591 -0.181541 0.706762 : 0
0.601922 0.495015 0.907815 0.561104 0.387797 0.670778 0.142569 0.332131 0.330467 : 0.3
0.181438 0.838543 0.217052 0.485726 -0.297748 0.381511 0.725617 0.959838 0.153677 : 0.2
0.171014 0.335647 -0.0464608 0.735441 -0.269828 0.406659 0.500949 0.406178 0.417418 : 0.3
1 0.318768 0.670295 -0.487915 0.103224 -0.0237293 -1 0.366224 0.526995 : 0.5
0.250957 0.364867 0.603904 0.445924 0.366381 1 0.656148 0.277754 0.460817 : 0.3
0.187864 0.998305 0.64044 0.549801 0.454953 0.640595 0.756655 0.247063 0.297421 : 0
0.518141 0.398593 0.792045 0.146812 0.827296 0.484866 0.15443 0.180378 -0.00361025 : 0.2
1 0.165288 0.276127 0.354805 0.505609 0.492983 -0.953039 0.256906 0.588212 : 0.2
0.539528 -0.143297 0.539399 0.197861 0.120895 0.431313 0.589736 0.0433307 0.422879 : 0.1
1 1 0.384327 0.788565 1 1 0.186128 0.724703 0.681542 : 0.4
0.954834 0.434231 1 0.596296 0.025404 0.305107 0.969271 0.229739 0.680188 : 0.4
0.704241 0.503398 0.291192 -0.0277975 0.705452 0.709691 0.330628 0.209243 0.547645 : 0.1
1 0.713404 1 0.31351 0.466245 -0.358777 0.715822 0.345139 0.190784 : 0.3
0.608595 0.527708 0.475937 1 0.263721 0.827221 0.722787 0.610521 -0.124403 : 0.6
0.474957 -0.570534 0.440485 0.543339 0.59291 -0.927434 0.723127 -0.422434 -0.0505599 : 0
-0.430795 0.635282 0.635104 0.504831 0.192375 0.151941 0.17994 1 0.913294 : 0
-0.0165311 0.863739 0.51167 0.470511 0.259193 1 0.0444231 0.459617 -0.359789 : 0
0.397521 -0.0815544 0.88465 0.364576 1 0.632519 -0.269035 0.117557 0.212439 : 0
0.720356 -0.0442838 0.667691 0.490486 0.307203 0.609753 0.785731 0.872896 0.811308 : 0
-1 -0.369947 0.540047 0.689419 0.753098 0.0941302 0.569101 0.649585 0.657273 : 0
1 0.20341 0.0784295 -0.223282 0.407355 1 0.510171 0.257273 -0.0692127 : 0
-0.237066 0.529346 0.477122 0.461198 0.159153 -0.24007 0.527868 0.475951 -0.044624 : 0
0.814931 0.812884 0.639433 0.597325 0.756766 0.0545167 0.378697 0.408393 0.461666 : 0.4
-0.188504 0.623927 0.528422 0.276928 0.713033 0.44556 1 0.771173 0.0371411 : 0
0.897241 0.314012 0.304389 0.0402713 0.640683 -0.14034 0.4003 0.459388 -0.217723 : 0
0.890264 -0.021146 0.173673 0.607194 0.475458 0.735218 -0.43467 0.350322 0.16184 : 0.2
0.343858 0.428907 0.329258 0.385712 0.227516 -0.100632 0.0216023 0.438094 -0.198311 : 0
0.564869 0.979921 0.64163 1 0.182207 0.435992 0.717106 0.343477 0.457042 : 0
0.51266 0.296873 0.829424 0.926577 0.149108 0.648877 0.233978 0.620465 0.306834 : 0
1 0.262246 0.614093 0.573064 0.476619 0.634714 0.839548 0.150902 0.151999 : 0.1
0.749892 0.931368 0.318208 0.233558 0.177927 0.676848 0.356564 0.673531 0.43369 : 0
-0.352169 0.102938 0.83225 0.232601 0.623379 0.77153 0.391673 0.369289 0.402793 : 0.4
0.162135 0.0247183 0.90956 0.358806 0.102707 0.535774 0.92574 0.595266 0.605142 : 0.2
1 0.119643 0.437542 0.567043 0.609351 0.671022 0.346504 0.385226 0.704631 : 0.2
-0.630967 0.252511 0.539412 1 0.228478 0.713449 0.373764 0.0839822 -0.36002 : 0
0.697285 -0.0495486 0.787012 0.493597 0.458039 0.0195989 0.341393 0.590682 0.3937 : 0.2
-0.108353 0.426138 0.291813 0.0182397 1 1 1 0.671664 1 : 0
0.592092 0.524752 0.799506 0.410742 0.836994 -0.237123 -0.0317547 0.208839 0.327516 : 0
0.660475 0.108469 0.522012 0.773604 0.289295 0.878765 -0.479019 0.699664 0.409726 : 0.3
0.629355 0.503011 0.28435 -0.035112 0.484205 0.62413 1 0.734062 0.94927 : 0.6
-0.0118563 0.588345 0.0916632 0.311018 0.0415628 0.385228 0.569182 1 0.738319 : 0.1
-0.547637 0.688476 0.76989 -0.159012 0.802039 0.72767 0.378312 -0.199737 0.241893 : 0.2
-0.308227 0.401185 0.951652 -0.255876 0.145598 0.761403 0.516198 -0.0847747 0.922834 : 0.2
0.403825 0.317301 0.539645 0.562612 0.633546 0.435777 0.301465 0.80441 1 : 0.2
0.782755 0.355447 0.542265 0.283788 0.804048 0.494491 0.617207 0.572876 0.207562 : 0
0.514741 0.427433 0.880186 0.335283 0.0631825 0.674086 0.417855 0.986979 1 : 0.4
0.36259 0.541161 0.148119 0.528055 0.690088 -0.366631 0.435371 -0.30484 0.409867 : 0
0.00171995 0.462143 0.330296 0.034184 1 0.719692 -0.287693 -1 0.0567343 : 0.2
0.00222363 -0.150326 0.278885 -0.0646354 0.11543 0.829562 0.350846 0.964628 0.670822 : 0
0.252638 0.328772 1 0.574858 -0.268633 0.70079 0.587856 0.876328 0.38935 : 0
0.0512741 -0.0437692 0.798383 0.810614 0.221015 -0.0452932 0.119147 0.642782 0.439248 : 0.5
0.896052 0.187788 -0.221864 0.187431 -0.07174 0.254413 0.485653 0.641172 0.972021 : 0
0.537008 0.0155604 0.459034 -0.0894695 0.412617 0.415176 0.658232 0.990242 0.686266 : 0.4
-0.307047 1 0.61832 0.496156 0.0454577 0.707397 0.533795 0.878248 0.823697 : 0.1
-0.715589 -0.160109 0.326654 0.716342 0.0866233 0.366194 0.521368 -0.085454 0.280262 : 0.2
0.334553 0.688784 0.740867 0.542622 0.22918 0.101746 0.484803 0.549356 0.97886 : 0
0.81253 0.0503444 0.15148 0.193286 0.656087 0.555329 0.366552 0.411297 0.578164 : 0.5
-0.0576637 0.478945 1 0.19466 0.653109 0.776081 -0.0467125 0.484193 -0.156683 : 0.2
0.355828 0.48397 0.883503 -0.291406 0.35815 0.66352 0.612942 0.241372 0.232471 : 0
0.664546 0.244981 1 0.715356 0.655063 0.907016 0.501738 0.825183 1 : 0.1
0.657697 0.346031 0.515046 0.811404 0.892669 0.105664 0.950035 0.599896 0.0114625 : 0
0.468206 0.36125 0.139959 0.616053 1 0.659461 0.332095 0.357986 1 : 0.1
-0.39888 -0.0576175 -0.211005 0.574052 1 1 0.61522 0.0254871 1 : 0
0.571247 0.746067 0.522569 0.496818 -0.488084 0.615187 1 -0.0924632 0.997648 : 0
0.578059 0.092764 0.584347 0.652784 0.136262 0.299377 0.830038 0.341176 0.61431 : 0
0.918218 0.489267 0.138501 0.502279 0.929157 0.400055 0.25994 0.501047 0.410287 : 0.6
-0.416544 0.069697 0.704446 0.403377 0.0870525 -0.265002 0.545282 0.900263 0.656715 : 0.3
0.169646 0.138368 0.168213 0.564532 0.49261 0.272954 0.247451 0.777444 0.631068 : 0.4
-0.308344 0.137706 0.579621 0.370889 0.883474 0.808425 0.604271 -0.0200094 -0.987029 : 0.2
0.122836 0.958841 0.693643 0.414151 0.280389 0.410932 1 0.294395 0.291385 : 0
-0.399033 0.755346 0.295311 0.640817 0.19067 -0.482116 0.522334 -0.0725934 1 : 0
0.666506 -0.000843808 0.937528 0.623223 0.0266056 0.265209 0.418862 0.575048 0.876644 : 0.3
0.258535 0.366092 1 0.437024 0.353577 0.201927 0.608505 0.957557 -0.673923 : 0.3
0.0211565 0.336812 0.34745 0.518575 0.291076 1 -0.0539411 0.372777 0.836966 : 0.1
1 0.161751 0.201368 0.0473999 0.804336 0.717085 1 0.800769 1 : 0.1
0.234019 0.742014 0.579706 0.648305 0.217591 -0.268449 0.712556 1 0.160063 : 0
0.300324 0.297567 0.80397 0.424536 0.926001 -0.155037 0.541338 0.578628 1 : 0
0.73328 0.548764 0.660903 0.399645 0.296698 0.523836 0.79002 0.853167 0.563156 : 0
0.305129 0.213493 0.8721 0.730448 -0.430523 0.528393 0.278314 0.426879 -0.344589 : 0.1
0.602987 0.170551 0.210462 0.602339 0.602439 1 0.449148 -0.821414 -0.583128 : 0
-0.191731 0.343999 0.515209 0.14886 0.524059 0.363447 0.982049 0.751382 0.286357 : 0
0.842774 0.302081 0.707196 0.613812 0.960299 0.903632 0.409154 0.276794 0.627728 : 0.4
0.230213 0.246487 0.526869 0.347708 0.208772 0.84592 0.225556 0.34462 -0.125156 : 0.6
1 0.119316 0.846752 0.239184 0.16741 0.416394 0.633007 0.352243 0.372314 : 0.2
0.280983 1 0.0349907 0.399017 0.622387 0.502519 0.522595 0.638473 0.107782 : 0
0.366069 1 -0.00385141 0.192261 0.595075 0.648131 0.546862 0.422219 0.0897781 : 0.1
0.24685 0.996903 0.356712 0.589009 0.548608 0.558892 0.576076 -0.79243 0.81725 : 0
0.557436 0.927697 -0.0745912 0.348825 0.575969 0.648974 0.663458 0.194454 0.671129 : 0
0.712774 0.414862 0.281262 0.133381 0.45428 1 0.212085 0.685774 0.824343 : 0.5
-0.0597767 0.190027 0.0628221 0.357477 0.558613 1 0.832441 0.3387 0.0233434 : 0.3
-0.299621 0.796311 0.522429 0.638149 0.525353 0.59815 0.190857 0.440248 0.447461 : 0.1
0.824566 0.368171 0.678902 0.446034 0.604661 0.692799 0.63348 0.451959 -0.239833 : 0
-0.621559 0.530323 0.7152 0.458541 0.189127 0.743799 0.302967 0.362936 0.0155521 : 0
0.603617 0.927595 0.130316 0.61052 0.19965 0.789631 0.563505 0.527369 0.666442 : 0
-0.215992 0.861258 0.126142 0.0335534 0.782122 0.193693 0.259995 0.683203 0.423461 : 0.3
0.721789 -0.0116018 1 0.108897 0.619239 0.871327 0.543466 0.499133 -1 : 0.3
-0.563546 0.123664 0.356905 0.252974 0.206068 0.616528 -0.488457 0.847706 -0.0745532 : 0
0.485803 0.975657 0.0492653 0.323229 0.660649 0.526205 0.332313 -0.042064 1 : 0
0.433097 1 0.373109 -0.0429423 0.26528 0.339997 0.104659 -0.00280753 -0.208598 : 0
0.203093 0.75964 1 0.0369329 -0.0238464 0.216107 0.632129 0.535368 -0.22227 : 0
-0.381889 0.552953 0.584951 0.0318301 0.187341 0.287321 0.915144 0.84566 0.0915806 : 0
0.628882 -0.0146911 0.364699 0.536904 1 0.660424 0.340368 0.410672 0.795553 : 0.3
0.621443 0.35817 0.469793 0.652092 0.58899 -0.150397 0.425955 0.0621871 0.0413364 : 0
-0.682504 -0.26641 0.75769 0.952899 0.200353 0.750768 0.407293 1 0.320737 : 0.3
-0.217255 0.0560775 0.542933 0.845752 0.513291 0.196545 0.892038 0.677621 -0.157168 : 0.1
1 0.0235887 0.0286887 0.118673 0.296269 0.994746 0.60788 -0.237252 0.0929749 : 0.1
0.413427 -0.0481946 0.505176 0.526041 0.552192 -0.00743836 0.645356 0.545092 0.371168 : 0.1
0.484919 0.338489 0.366632 0.527662 0.264161 0.387199 0.808065 -0.127775 1 : 0.3
-0.262987 0.566823 0.531204 0.762671 0.427263 0.780039 1 0.732271 0.192587 : 0
0.484734 0.662279 0.443639 0.216527 0.376998 0.909715 0.676659 0.574993 0.431507 : 0.4
0.33235 0.932498 0.322653 0.809393 0.230081 0.49365 0.508704 0.08117 -0.341652 : 0.2
0.151376 -0.0267495 0.215758 0.589923 0.521295 0.059232 -0.109643 0.338137 0.100606 : 0
0.608128 0.416811 0.283449 0.429078 0.246725 0.118977 -0.350612 1 -0.130346 : 0.2
-0.278239 0.645065 0.455622 0.22454 0.430781 0.708685 0.332419 0.636264 0.539432 : 0.1
0.526127 0.335075 0.942243 0.605033 0.585847 1 -0.309319 0.545425 0.341763 : 0
-0.329478 0.161956 0.258491 0.603344 0.501126 0.690853 0.301733 0.652981 0.503042 : 0.2
0.718005 0.510636 0.195696 0.0214531 0.101766 0.674465 0.342363 1 -0.487699 : 0.4
1 -0.0632074 0.691779 0.514889 0.342023 0.238557 0.502853 0.667803 -0.0732284 : 0.3
0.303227 0.244179 0.50536 -0.00409225 0.348076 -0.53987 0.299067 0.140389 0.937304 : 0.3
0.0615361 0.588214 0.389404 -0.00842345 0.823229 0.997393 0.748803 0.733095 0.752352 : 0
0.521638 0.176958 0.333051 0.427474 0.314801 0.395393 0.338735 0.32505 0.916216 : 0.1
-0.678307 0.198945 0.168981 0.283932 1 0.94685 0.877453 0.434561 0.717459 : 0
-0.124141 0.0496433 0.252734 0.6482 0.54273 0.0108374 0.274068 0.77244 0.999101 : 0
0.250445 0.484902 0.865886 0.736162 0.240941 -0.0297495 0.369112 0.140545 0.296508 : 0.2
0.552564 0.315246 0.0939095 0.216211 -1 0.459955 0.344936 0.345609 0.473077 : 0.3
0.669849 0.00601147 0.108518 0.552855 0.339731 0.735124 0.40493 0.487607 0.66692 : 0
0.727523 0.437004 0.688763 0.672593 1 0.682051 0.701719 0.419861 0.769781 : 0
1 0.213385 0.809044 -0.137707 0.316057 0.492687 0.662506 1 -0.191764 : 0
0.322373 -1 0.192771 0.48276 0.752857 -0.265842 0.416522 0.501667 0.651579 : 0
0.706039 0.173494 1 0.296711 0.648181 -0.0967099 0.859164 0.431612 -0.00541651 : 0.1
0.681245 0.509409 0.460812 -0.586552 0.875113 0.178096 -0.142585 0.469929 0.447364 : 0
0.528495 0.902616 0.551114 0.798843 0.204903 0.709154 -0.549809 0.790212 0.833142 : 0.1
1 -0.0897486 0.525382 0.422803 0.632631 0.459949 0.275936 0.633916 -0.271913 : 0
0.740925 -0.138561 0.573491 0.135689 0.559618 -0.679181 0.414444 -0.0974396 0.318166 : 0
0.53068 0.243815 0.552922 0.288245 0.174715 0.204966 0.644386 0.504124 0.365801 : 0.6
-0.0821764 -0.349299 0.495164 0.384066 0.553365 -0.191099 0.340711 0.687949 0.883036 : 0.4
0.343913 0.201092 -0.197099 0.858968 0.190392 0.929355 0.252236 0.574965 0.151631 : 0
0.28708 -0.35464 0.880928 -0.263527 0.20972 0.757858 0.643824 0.608779 0.348502 : 0.1
-0.505627 0.496668 0.362523 0.122522 0.804211 0.556905 0.356997 0.421193 1 : 0.3
0.635777 0.346316 0.697801 0.504753 0.753364 -0.0593281 0.465846 0.307514 0.319539 : 0
1 0.0850289 0.486478 0.220329 0.123613 0.765615 0.486317 1 0.616912 : 0
-1 0.736888 0.607339 0.444769 0.540394 0.702711 -0.0294589 0.525262 1 : 0
0.609106 0.642726 0.739088 0.716159 0.356113 0.306625 -0.30243 0.16416 0.331828 : 0.5
0.561309 0.575529 0.136718 -0.0774772 0.180797 0.689032 0.318411 0.212407 0.76837 : 0.4
0.685415 -0.0455555 0.261891 0.455113 0.119223 0.157925 1 0.574838 0.497604 : 0
-0.812396 0.424097 -0.0368437 0.0107124 0.0538715 0.60809 0.0637603 1 0.182035 : 0
0.0205687 0.198423 0.423877 0.61055 0.219507 1 0.985495 0.796054 0.179443 : 0
0.696241 0.265691 0.205502 -0.347918 0.62171 0.872792 0.897236 0.377518 0.173641 : 0
0.582187 0.770309 0.286378 0.156258 0.3303 0.862225 0.186613 -1 0.194881 : 0
1 0.249119 0.170426 0.00273493 0.0232924 0.59991 0.36338 0.756334 0.341659 : 0.5
0.318016 0.48439 0.8216 0.0567515 1 0.315987 0.459722 0.586903 0.377756 : 0.1
0.270761 0.276337 0.259213 0.527708 0.510808 0.952558 0.438606 0.717674 0.0833925 : 0
0.643769 0.344875 0.457581 -0.439815 -0.0375536 0.868023 0.444448 0.151622 0.257525 : 0.6
0.177147 0.207092 0.777844 0.91554 0.907095 0.703192 0.475665 -0.635784 0.467646 : 0.4
-0.166249 0.804967 0.855834 0.238137 0.437862 0.668452 0.281145 0.32049 0.875358 : 0.2
-0.0606413 0.0815757 -0.362051 0.309414 0.617937 1 1 -0.60915 -0.290081 : 0
-0.178735 0.769326 0.63149 1 0.420606 0.585913 -1 0.283216 0.438109 : 0.1
0.711381 0.0534067 -0.327558 0.0954999 0.447915 0.676894 0.0608005 0.793195 0.757097 : 0.4
0.524616 0.960378 0.687845 0.489916 0.279286 0.188651 0.490039 0.808366 -0.384896 : 0.4
0.581508 0.338282 0.842563 0.295382 0.245434 -0.274266 0.337574 0.220443 0.403192 : 0.1
0.650772 0.260149 0.272336 0.660382 1 0.846569 0.770443 0.411412 0.928168 : 0.4
0.707857 0.288788 0.11283 -0.126231 0.597397 0.522404 0.475446 1 -0.724188 : 0
0.922648 0.0298243 0.620235 0.498197 0.828699 0.858257 -0.574354 1 0.373302 : 0.1
-0.186843 0.575754 0.144756 0.0585979 0.524331 0.677585 0.562502 -0.640038 -0.243567 : 0.2
-0.352777 -0.965224 0.859396 0.259973 0.524088 0.169782 0.808186 0.284135 0.452318 : 0.1
0.284409 0.265919 0.602494 0.543101 0.0177617 0.740635 0.722607 0.474331 1 : 0
1 -0.322473 0.675225 0.572369 0.237155 -0.8489 0.389147 0.678135 0.116274 : 0.1
0.602099 0.390494 0.447361 0.564207 0.46788 1 0.755904 0.464759 0.796591 : 0.1
0.432269 0.199786 0.865631 0.592403 0.181107 0.358657 0.366815 0.272093 0.762972 : 0.1
1 0.566599 0.192476 0.168539 0.0523547 0.55526 1 0.679244 0.498477 : 0.2
-0.106776 0.0965021 0.0761882 -0.038226 0.220447 -0.549512 0.295618 0.362731 0.626683 : 0.3
1 0.377625 0.623048 -0.17227 0.336863 -0.252725 0.974046 0.670825 0.425309 : 0.1
0.69768 -0.395552 0.126164 0.337825 0.682611 -0.134138 0.904374 0.17084 -0.0569934 : 0.1
0.284402 -0.0202685 0.105553 0.667786 0.307302 1 0.746976 0.934027 -0.10531 : 0.2
-0.161085 0.593454 0.988 0.981015 0.459388 0.738246 0.684606 0.814371 -0.0595886 : 0.1
1 0.242015 0.545941 0.126498 1 0.212711 0.213986 0.348587 0.537348 : 0
0.584429 0.0960894 0.722991 0.71674 0.462831 0.741504 0.754456 1 0.344784 : 0.1
0.30556 0.959871 0.296671 0.789827 0.568863 0.602185 0.0543642 0.327218 0.62014 : 0.1
0.160148 0.017053 0.611354 0.77879 0.124573 0.383866 0.797987 0.604807 0.604968 : 0.2
-0.422155 0.612957 0.509598 0.498193 0.668332 0.553091 0.203287 0.634646 0.979073 : 0.3
1 0.437694 0.527251 0.310316 1 0.629782 -0.293442 0.91171 0.0937362 : 0
-0.266784 0.177281 0.870672 0.165352 0.101167 0.825873 -0.31546 0.156981 0.735366 : 0
-0.843734 0.716648 0.131865 1 0.346842 -0.0293626 0.983647 0.837197 0.963747 : 0.1
0.994474 0.27742 0.614787 0.87381 0.228583 0.511466 0.362392 0.0688652 1 : 0
0.479931 0.302471 0.996094 1 0.242369 0.868476 0.304614 0.140704 0.509999 : 0
0.335391 0.28192 1 0.443812 0.652272 1 0.417494 0.37866 0.0416384 : 0.3
0.674024 -1 0.445262 0.172691 0.269794 0.812926 0.929193 0.708514 0.80326 : 0
0.485817 0.164219 0.819946 0.333863 0.289527 0.680824 0.130737 0.413742 0.324427 : 0
0.439602 0.733894 0.441816 0.270173 0.997514 0.232596 0.224573 0.538248 -0.43823 : 0
0.11454 0.608939 0.482091 0.975303 0.464283 0.687781 0.0911703 0.530855 0.146184 : 0
-0.0996909 0.408293 0.22669 0.55653 0.285937 -0.0823523 0.777984 0.263634 0.17847 : 0.1
0.392551 0.162498 0.885358 0.591522 -0.122361 0.825721 0.186257 0.414106 0.656324 : 0.4
0.304089 -0.307984 0.620595 0.509976 0.53354 -0.0926462 0.0698978 0.595938 -0.0700357 : 0
-0.15373 0.743254 0.750489 0.750069 0.273521 0.783885 0.267479 0.239829 -0.439007 : 0.4
0.611181 0.0408605 0.152899 0.55783 0.541547 0.784404 0.179601 -0.12204 0.4361 : 0.1
0.873516 0.265132 0.339666 0.300238 0.782772 0.691987 0.950056 0.456049 0.19852 : 0
0.25188 0.296781 0.889935 0.422968 0.598377 0.0616054 0.703777 0.920188 0.422816 : 0
0.410198 0.237308 0.127921 -0.100024 0.476427 0.067288 0.700514 -0.084021 1 : 0
0.736246 0.788654 1 0.0913417 1 0.627373 0.275355 0.422273 0.505459 : 0.2
0.664483 0.213852 0.697088 0.199338 0.412794 1 0.514515 0.59716 0.366072 : 0.5
0.460202 -0.358975 0.570641 0.636905 0.368425 0.397469 0.555184 -0.0811528 0.520639 : 0.2
0.375103 -0.0654936 0.177478 0.522281 0.193596 0.584812 0.432595 0.864391 0.338092 : 0
0.156179 0.31742 -0.1058 0.596245 -0.0293708 0.74368 0.45437 0.668453 0.686046 : 0.1
0.695442 0.127205 0.556142 0.172641 0.186871 0.620536 1 0.676341 1 : 0.1
0.69575 0.0371226 0.88764 -0.285589 0.216987 0.794464 0.944866 -0.394358 0.0513858 : 0.1
0.787131 0.616613 1 0.232195 0.337277 0.654263 0.613458 -0.23267 -0.000615176 : 0.3
1 0.0322124 0.823294 0.134375 0.503943 -0.0568792 0.231291 0.462045 -0.0629742 : 0
0.713943 0.33498 0.0414406 0.532291 0.239752 0.540381 0.481861 0.611412 0.181243 : 0.2
0.124141 0.0277402 0.717982 0.315491 0.280672 0.146528 0.487722 0.380172 0.231574 : 0
-0.10509 0.12901 0.337216 0.377699 0.431369 0.43763 0.00632459 0.322097 0.187134 : 0.3
0.609651 -0.0299654 0.131103 0.129766 0.357645 0.272989 0.942406 -0.122862 0.694779 : 0
0.62807 0.148208 1 0.523535 -0.04131 0.349311 0.485817 0.591206 -0.567637 : 0
0.675016 -0.240156 0.406167 0.531315 -0.287596 -0.302007 -0.141772 0.576788 0.413555 : 0
-0.215786 0.351042 0.374713 0.355883 0.135789 -0.193649 0.859457 0.418762 0.94399 : 0
0.78031 0.378562 -0.135207 0.501333 -0.1258 0.614225 0.229084 0.657401 0.735174 : 0.6
0.637908 0.426128 0.0320436 0.126421 0.723445 0.488754 0.373099 0.908851 -0.0761188 : 0.2
0.501897 0.612615 0.169956 0.506145 0.299567 0.436021 0.429743 0.664647 0.42951 : 0.8
0.805433 0.790266 0.209606 0.71612 1 -0.0769013 0.68851 0.493291 0.533246 : 0.4
0.520533 0.199014 0.352274 -0.188178 -0.171002 0.706527 0.0541422 0.421567 0.910935 : 0.2
0.349005 0.494626 -0.0850639 0.634242 0.276263 -0.0760213 0.276123 0.654509 0.891763 : 0
-1 0.511537 -0.0128565 1 0.346798 0.313308 0.391473 -0.211104 0.357976 : 0.3
-0.516908 0.279127 0.352971 0.328913 0.257784 0.714715 0.389884 0.43148 0.721377 : 0.6
0.693124 0.0708709 0.324651 0.380999 0.543174 0.466545 0.357201 0.588034 0.676365 : 0
0.463106 0.344845 0.56091 0.41735 0.564264 1 0.834988 0.565619 0.64508 : 0.2
0.110558 0.12325 0.468494 0.625094 0.681475 1 1 0.575347 -0.224798 : 0.1
1 0.722214 0.607793 0.594173 0.711383 0.333752 0.384861 0.47694 -0.398912 : 0.5
1 0.0819025 0.501603 -0.334931 -0.305353 0.243557 1 0.470283 0.639577 : 0.1
0.38273 0.56734 0.793646 0.795712 -0.329436 0.294086 -0.537625 0.465563 0.982875 : 0.2
-0.655638 -0.110682 0.249612 0.800915 0.256587 0.633906 0.227866 0.130751 0.67462 : 0
0.205041 0.318009 0.803452 0.453747 0.878811 0.114558 -0.193631 0.166273 -0.0311639 : 0.7
-0.322343 0.01667 0.730539 -0.0870564 -0.0117463 -0.058099 0.641075 0.310296 0.310919 : 0.3
0.436412 -0.571343 0.116072 0.618648 0.399254 0.988647 0.287975 0.582692 0.134923 : 0.2
0.482534 0.219219 0.0381964 0.0271575 0.910409 0.700155 0.0512587 0.266378 0.300699 : 0
0.452471 0.0616329 1 0.606248 -0.12669 0.949693 0.326204 0.380671 1 : 0.1
0.802162 0.12871 -0.0713334 0.288583 -0.00251804 0.490975 0.855477 0.925627 0.712627 : 0.7
-0.138354 0.253638 0.759882 1 0.276766 0.718152 1 0.560655 0.522857 : 0
