-0.197369 0.190407 0.527903 -0.0832855 0.359699 0.738597 0.00817139 0.320072 -0.378184 : 0
0.101743 -0.0310235 0.171727 -0.814637 -0.00276788 0.0771307 0.351436 0.141364 -0.128035 : 0
0.226125 0.380261 -0.0846932 -0.201568 0.190492 0.234741 0.293168 -0.0210934 0.264935 : 0.2
0.00291374 0.735613 -0.0148502 1 0.599141 -0.63879 0.187789 -0.388229 0.217671 : 0
-0.142374 0.0939439 -0.0714163 0.931263 -0.00939206 -0.348814 -0.18997 0.0404133 0.171509 : 0.1
0.224409 0.418527 -0.0521161 -0.189323 -0.0898862 0.132944 0.043177 0.716119 0.0286753 : 0
-0.0591745 0.0211093 -0.322879 0.546836 -0.352618 -0.0817591 -0.00812132 0.0771394 0.401809 : 0.7
-0.17904 0.943425 -0.419766 -0.117486 0.268257 0.46754 0.939894 0.475513 0.160151 : 0
-0.0455591 0.329802 0.576985 -0.196064 0.073341 -0.218382 0.367435 0.24985 0.255308 : 0
0.16067 0.733851 0.356461 0.17495 0.197569 -0.219848 -0.544838 -0.0442595 0.628435 : 0
0.154947 0.398725 -0.590371 -0.169033 -1 0.25668 -0.0359491 0.189214 -0.165211 : 0
-0.461258 1 0.650344 0.125151 -0.204412 -0.56308 0.138716 -0.0509094 -0.339783 : 0
-0.0228004 -0.108683 0.106229 0.016168 -0.013628 -0.0110958 0.340799 0.214496 0.151944 : 0
0.297597 -0.1824 -0.16496 0.0759538 0.0114872 0.35405 0.175288 -0.200998 -0.210354 : 0
-0.0253185 0.541537 0.27871 -0.267925 -0.214737 -0.496 0.0950453 0.0361109 0.291397 : 0
-0.0220388 -0.48947 0.830408 0.140076 0.510933 -0.0684286 0.133829 -0.100432 0.266787 : 0.2
0.0402382 0.05764 0.275673 0.425284 -0.035778 0.134386 0.840343 -0.0648234 0.46271 : 0.2
0.358159 0.423825 0.351028 -0.322596 0.0165717 0.535887 0.0813944 -0.0222457 -0.504372 : 0
-1 0.0132311 -0.206577 0.22172 0.189705 -0.291482 0.668735 0.846676 -0.281746 : 0
-0.160051 0.405164 0.450117 0.194693 -0.242176 -0.409354 0.39646 0.136434 0.0296487 : 0.1
-0.867082 0.281725 -0.174055 0.115838 0.420576 -1 0.15643 0.0517522 -0.0752443 : 0
0.101088 0.43743 0.141132 -0.0387197 0.264506 -0.139531 0.0820507 0.328362 -0.515502 : 0
-0.351773 0.654139 0.213138 0.22477 -0.237351 -0.241975 0.285658 0.00973426 -0.378442 : 0.3
-0.2287 -0.282628 0.110232 0.9593 -0.0196735 0.00946265 -0.574641 0.149721 0.194508 : 0.1
0.123065 0.341214 0.20206 -0.0408843 0.31086 -0.124581 -0.0408402 -0.477166 0.150009 : 0
0.0331684 0.89489 0.603558 0.653528 -0.425931 0.0857476 -0.202313 0.393469 0.434842 : 0
0.0570776 0.406759 0.588838 0.774407 -0.384557 -0.130371 0.0944931 0.0294657 -0.440934 : 0.1
0.146468 0.625028 0.331532 0.268438 0.49896 0.50567 0.371661 -0.0531022 0.618913 : 0
-0.0320431 0.202448 0.279781 -0.857199 0.128753 -0.121725 0.0227958 0.252461 0.896291 : 0
-0.108964 0.648394 -0.228135 -0.173805 1 0.183624 -0.134412 0.0299006 -0.0682613 : 0.1
-0.00743014 0.214094 -0.813416 -0.307836 0.207444 0.54371 -0.263218 -0.0795565 0.454507 : 0
-0.0828821 0.447741 -0.289667 -0.141567 -0.0229872 -0.228683 0.492972 0.369609 0.138425 : 0.4
-1 0.365239 1 -0.204375 0.0704235 -0.108437 -0.415553 0.119032 0.266711 : 0.1
0.0293872 -0.174755 0.294606 -0.334749 0.0208615 -0.0520455 0.249722 0.245476 0.704004 : 0.1
-0.243408 1 -0.394385 0.216135 0.0993173 -0.0752898 0.467509 -0.134135 0.0632359 : 0.4
0.0260595 0.0239728 -0.0415014 -0.199183 0.0230642 -0.0455566 0.119371 0.521868 0.0557931 : 0
0.291893 0.193383 0.810501 0.0788939 0.221031 -0.515869 0.190866 0.102626 0.514289 : 0
-0.195547 0.498943 0.153903 -0.00777653 0.868094 -0.646016 -0.0767935 0.0366885 0.302422 : 0
0.0231948 0.987787 -0.0301628 0.689153 -0.0813924 -0.0365902 0.206924 0.0386497 -0.0437968 : 0.1
0.320676 0.128956 0.222656 0.285799 0.181357 -0.0779806 -0.0507112 0.00626495 0.273759 : 0
-0.0695121 -0.143925 0.184279 1 -0.76115 0.239762 0.594273 0.0835057 0.191569 : 0
0.0954193 -0.0889226 -0.776205 -0.152073 0.379247 -0.137693 -0.0307787 1 -0.124509 : 0
0.320346 0.195167 -0.272106 0.0969975 -0.375417 0.0262916 0.0156563 0.0353511 0.218337 : 0.3
-0.146713 0.527145 0.45665 -0.0560551 -0.268901 -0.0651402 -0.0067738 -0.0149427 0.249047 : 0
-0.216987 0.555268 1 1 -0.0425029 0.0928452 0.408648 0.160498 0.212443 : 0
0.146554 0.42369 0.374087 0.304346 0.114967 0.316755 0.720419 0.0316273 -0.803755 : 0.1
0.0790606 0.318765 0.0127058 0.264974 -0.00129193 0.404962 0.348015 -0.64284 0.216166 : 0
-0.195693 0.320565 -0.0104178 0.56792 0.364162 0.120917 -0.0569671 0.0612744 -0.117649 : 0
0.544842 -0.292203 0.103936 -0.128865 -0.0223641 0.44886 0.421176 0.112536 -0.00651336 : 0
-0.187655 1 -0.244708 -0.47555 -0.215284 -0.198924 -0.29862 0.117713 -0.121378 : 0.1
-7.37906e-05 0.402318 0.40446 -0.341851 -0.505741 -0.341469 0.0305319 0.107704 0.720188 : 0
0.0392087 0.816288 0.25589 -0.367879 0.332663 0.419241 0.395842 0.145368 0.261391 : 0
0.0719691 0.887884 -0.530255 -0.663613 0.0590277 -0.11399 0.547955 0.057596 0.111719 : 0
0.147475 -0.0464839 -0.243088 0.162636 -0.163685 0.235122 0.254958 -0.155388 0.271779 : 0
-0.0193846 -0.934973 -0.160127 -0.042853 0.186736 -0.597597 0.428613 0.0494224 0.13567 : 0
0.169275 0.395672 0.174635 -0.000905067 -0.821426 0.230324 0.0825483 0.177602 0.491304 : 0
0.0679655 -0.0218498 -0.0746983 0.0633727 0.0235768 -0.79861 0.494159 -0.160524 0.119999 : 0
0.00507443 -0.215687 0.084652 0.134322 -0.0406717 -0.56925 -0.0516734 0.226499 -0.0600093 : 0
0.0597742 -0.245002 0.645738 0.0825016 -0.218137 0.12383 -0.0167191 -0.153752 0.196823 : 0
0.0748998 -0.115974 -0.141955 -0.242969 -0.482918 0.435931 0.0323807 -0.408091 -0.841667 : 0
-0.00844002 0.557903 -0.108594 -0.0818037 1 0.0963968 0.0422964 0.0272865 0.620808 : 0
-0.11436 -0.926213 0.0387065 0.320566 0.236897 -0.65089 0.305436 0.0838346 1 : 0
-0.318781 0.961462 -0.262343 0.0776531 0.715692 -0.443947 0.0701246 0.0301824 0.364502 : 0
0.310007 0.0940316 0.382343 0.156659 0.0342052 0.573096 -0.0377777 0.30681 0.0964738 : 0.1
-0.163118 0.288848 0.908597 -0.173496 -0.385414 -0.756933 0.0756155 -0.0884122 -0.435379 : 0.1
1 1 0.505331 0.46027 0.122632 0.0435299 0.114786 -0.134148 0.756984 : 0
-0.161914 -0.0242898 -0.257419 -0.148933 -0.668263 0.820757 -0.0151428 0.139199 -0.361515 : 0
-0.0895309 0.15491 0.0475772 -0.177307 0.491732 0.129263 0.563084 0.440873 0.10366 : 0.1
0.0376536 0.100498 -0.354703 -1 0.30544 -0.546811 0.331664 0.626067 -0.0160131 : 0
-0.0911652 0.274418 -0.213588 -0.555745 0.0882876 -0.0586748 0.0115668 0.0518016 0.0348882 : 0
-0.457357 0.0421216 0.135485 0.0568197 0.187229 -0.207299 0.284483 0.128087 0.198532 : 0
0.111051 0.312016 -1 -0.588093 -0.916928 -0.249587 -0.0395136 -0.136853 0.044614 : 0
0.12514 -0.203913 -0.120616 0.418583 0.143502 -0.325341 0.326011 0.145545 -0.000802077 : 0
-0.0318496 0.305507 -0.0592164 0.118256 0.501283 -0.228957 0.429951 -0.0594874 0.102307 : 0.1
-0.0523932 0.819215 0.426607 -0.710612 0.0497001 0.265747 0.20615 0.168652 0.231642 : 0
-0.0399178 -0.14769 0.76684 -0.00707403 -0.0729754 0.0820538 0.132453 0.306938 -0.431148 : 0
-1 0.124328 0.371997 -0.282396 -0.360384 -0.2895 0.195394 0.0353227 -0.0320649 : 0.3
0.244678 0.0520431 0.488785 0.127138 -0.474374 0.598772 0.195042 0.118613 0.191765 : 0.5
0.0829442 -0.236854 0.569233 -0.0909166 -0.533948 -0.131482 0.375135 -0.0360919 -0.227277 : 0
0.174967 1 -0.0853848 0.214572 1 0.515851 0.212073 0.105508 -0.114527 : 0
0.139766 -0.0301015 -0.0897819 -0.190852 -0.687594 0.708816 -0.0718921 0.121194 -0.0938271 : 0.1
0.188525 0.0594729 -0.340175 -0.136111 -0.0137068 -0.241003 0.12127 0.0146353 0.0499549 : 0
-0.258799 -0.0327301 -0.235362 -0.049588 0.162051 -0.394034 -0.361422 0.0190261 0.242979 : 0
0.111109 1 1 0.42608 -0.582257 0.578129 0.708316 -0.340706 -0.21628 : 0
0.00332166 0.0245861 0.186822 -0.409741 -0.58294 -0.125805 -0.0560434 -0.0923915 0.215334 : 0
0.00960433 0.550162 0.812696 -0.015586 -0.138802 -0.232706 -0.0608798 -0.34939 0.151687 : 0
0.197921 -0.341999 0.116926 -0.195957 -0.108796 0.233227 -0.0675502 0.0173806 0.476051 : 0
-0.052413 0.531311 0.716743 -0.525447 0.223891 0.217311 0.0213528 -0.126255 0.768137 : 0
-0.316008 0.760393 0.542593 -0.821621 -0.183486 -0.453119 -0.374297 -0.103935 0.177182 : 0.2
0.0839784 1 0.605408 0.273309 -0.427447 -0.56892 0.0133263 0.00586545 -0.256832 : 0
0.325356 0.620974 -0.0634811 0.473098 0.109811 -0.0630266 -0.0746063 -0.175317 -0.0900798 : 0
-0.594432 1 -0.274092 0.428151 0.486467 0.0898726 0.264756 0.0972677 -0.0667084 : 0
0.118334 -0.371859 0.206589 -0.0150468 0.246328 0.178442 0.184168 -0.229462 0.0724663 : 0.1
-0.23309 0.647725 -0.130058 0.0716785 -0.260237 -0.040136 0.361599 0.355865 0.00734116 : 0
0.141857 -0.0387222 0.027497 -0.00107187 0.057073 0.53776 -0.109504 0.0960492 0.14477 : 0.1
-0.528867 0.192027 0.312632 0.0751301 0.00825452 -0.130374 0.349203 0.0270859 0.260847 : 0
1 0.276047 0.205102 -1 0.507897 -0.769919 0.0484423 0.0179319 0.360683 : 0
0.344278 0.00165427 -0.0786555 -0.122224 0.0701458 0.385437 -0.0673239 0.18557 -0.048958 : 0
-0.246544 0.254161 0.618242 -0.0372097 -0.0664956 0.344488 -0.13285 -0.303533 -0.72547 : 0.1
0.0700253 -0.520103 1 0.540241 0.122636 0.251081 0.482097 -0.132602 0.103805 : 0
0.151485 0.731094 0.231435 -0.154075 0.0894885 0.179655 -0.0848859 -0.0956461 0.46693 : 0
-0.0506625 0.684521 -0.0579643 -0.633896 0.0602351 -0.116587 0.282312 0.290046 0.184347 : 0
-0.0792163 0.142662 0.113273 0.0243253 0.372698 0.222236 -0.321409 0.122812 -0.215965 : 0
0.200855 0.198381 0.288804 -0.420157 0.132511 0.0643912 -0.545546 0.0486047 0.0629355 : 0
-0.273823 0.144633 0.34214 1 0.590232 -0.292597 -0.28952 0.0415762 0.235767 : 0
0.0608568 0.335904 0.212658 0.117878 -0.644807 0.0166576 0.453319 0.0225497 -0.272688 : 0.4
0.0984685 0.128718 -0.0399233 1 0.333375 0.290547 0.256221 0.122463 -0.135044 : 0
-0.0813515 0.0896373 0.693709 -0.536713 0.0183771 -0.181597 0.0440103 0.0716569 0.248298 : 0
0.131698 -0.140926 -0.0317148 -0.369104 0.271933 0.207063 0.14713 0.915187 0.624178 : 0
0.0779301 0.0926466 -0.122203 -0.860409 -0.17627 -0.192246 -0.0304793 -0.175654 -0.370227 : 0.4
0.142153 0.218504 0.214612 -0.930986 0.0244334 -0.63056 0.0811591 -0.157678 0.563247 : 0
0.131412 0.710254 0.679233 0.469383 -0.463126 -0.0943612 0.0503061 -0.393315 0.178179 : 0.5
-0.00553152 0.150904 -0.0664787 0.0958543 0.0850261 -0.0418185 -0.375124 -0.0876211 0.221248 : 0.2
-0.13588 0.0228331 0.543508 0.295766 -0.0954145 -0.559669 0.220797 0.113377 -0.00798481 : 0
-0.0698522 0.796499 0.152068 -0.184229 0.564311 0.573169 0.256285 0.0457154 -0.281011 : 0
-0.118829 0.691718 1 0.11574 0.0749506 -0.0959222 0.337897 -0.0492044 0.417021 : 0
0.386293 0.896135 1 -0.185222 0.187103 -0.361522 -0.281499 -0.263893 0.272658 : 0
-0.0595175 0.126378 0.230489 0.559306 0.0233455 -0.727188 0.625111 -0.00586142 0.0105374 : 0
-0.413511 -1 -0.11738 0.163263 0.23289 0.370734 0.109532 0.130862 -0.249341 : 0
-0.195124 0.237548 -0.306028 0.175225 -0.220768 0.767484 -0.106392 0.134271 0.0944785 : 0
0.899623 0.427149 -0.204502 0.0560442 -0.370213 0.0787544 -0.164599 -0.0852894 0.367232 : 0
-0.111341 -0.0313064 0.548544 -0.16256 -0.461911 -0.0702663 -0.158059 0.010212 0.297846 : 0
-0.12758 0.489582 -0.186406 -0.26793 0.151092 0.125769 0.516644 0.0894315 0.265006 : 0
-0.178587 0.880437 0.191167 0.252586 0.719714 -0.150533 0.220391 0.173276 -0.343752 : 0
-0.687033 0.939853 -0.175266 0.269775 0.101249 -0.117087 0.307904 0.0423443 0.229074 : 0.1
0.168636 0.0421653 0.907424 -1 -0.0642184 -0.290716 -0.449973 -0.125334 0.0832617 : 0.4
0.00221615 0.0883017 0.330681 0.0310528 0.0888654 0.441004 0.200546 -0.140897 0.157552 : 0
-0.276802 0.626374 -0.318455 -0.147294 0.028972 -0.176504 -0.407752 -0.288731 0.28694 : 0
-0.0822326 0.050854 -0.105504 0.181489 -0.0299431 0.92865 0.275166 -0.119613 -0.15283 : 0
-0.172806 0.523156 -0.104493 0.501931 0.0335519 -0.109155 -0.155903 -0.0579726 0.420663 : 0
-0.319687 -0.346543 -0.151189 -0.17453 1 0.319539 0.164294 -0.143442 -0.0765949 : 0
0.351791 0.484131 0.627215 0.160003 0.0424277 0.390253 0.16398 -0.173634 0.414909 : 0
0.0989749 -0.132481 -0.0547304 -0.218589 0.0580571 0.159325 0.0519324 0.413432 -0.704262 : 0
-0.799331 0.26155 0.648811 -0.125369 0.228753 -0.790857 0.219112 0.131319 -0.156449 : 0
-0.791841 0.466533 -0.28933 -0.401499 -0.00464738 -0.480482 0.169522 0.0745092 0.224191 : 0
0.156377 -0.0986425 0.18138 -0.605173 0.0796907 -0.208962 0.162057 -0.0524678 0.649713 : 0
-0.0890261 0.252339 0.586528 -0.942004 -0.106034 0.230089 0.542262 0.360413 1 : 0
0.171767 0.321123 0.129282 0.471639 0.323469 -0.0230846 -0.105674 0.183488 -0.0811861 : 0
-0.16273 0.973297 -0.111974 0.803927 0.130338 0.339591 -0.135337 0.0914891 -0.118545 : 0
0.0641143 -0.512934 -0.252519 0.0472107 0.237301 0.401461 0.208741 -0.120669 0.229676 : 0.1
0.0490243 0.0603782 0.549485 0.0412505 0.302054 -0.442311 0.0793408 0.125987 0.0885658 : 0
-0.129791 0.217606 0.934354 -0.682314 0.560307 1 0.0714189 0.443455 0.081911 : 0
0.162629 0.321066 0.202041 -0.089029 0.0780212 0.0495657 -0.385794 -0.333725 0.101718 : 0
-0.12197 0.054634 0.654948 0.151295 0.627409 -0.284403 0.0509013 0.0663971 0.426212 : 0
-0.153159 1 0.489807 0.0596654 -0.106807 0.444884 0.121909 0.160909 0.771124 : 0
0.0989616 0.0770512 -0.262582 0.120391 0.0102926 -1 0.0235045 0.236245 -0.0358558 : 0
0.305421 -0.0284432 -0.129577 -0.138242 0.408737 -0.57985 0.230172 0.281206 0.104618 : 0
0.199056 -0.369947 0.478417 -0.261402 -0.059503 0.47298 0.20011 0.096706 -0.314988 : 0
-0.0454976 0.544063 0.249055 0.692416 0.518599 0.184019 -0.117272 -0.352566 0.319241 : 0
-0.218582 0.219418 0.421783 -0.239607 0.398001 -0.0563492 0.0881195 0.0126685 0.521319 : 0
0.000859186 -0.180925 -0.201174 0.154193 -0.0824727 0.225743 -0.561369 0.0342194 -0.0650006 : 0.1
0.385957 -0.338695 0.437626 -1 -0.0498383 -0.510548 0.13732 0.0563015 -0.199064 : 0
-0.00041002 0.745167 0.658063 -0.457003 0.958759 0.117861 0.391302 0.129524 -0.858091 : 0
0.195833 0.595785 -0.109518 0.827013 -0.495934 -0.414411 0.00329252 0.23038 0.0866215 : 0
-0.0776232 0.822676 -0.175942 0.724883 -0.676667 0.603838 0.230205 0.169692 0.503406 : 0.2
-0.0753343 -0.152834 -0.187335 -1 0.0492847 0.188785 -0.10806 -0.158375 0.343112 : 0
0.288998 0.287097 0.278974 -0.0780898 0.0375826 -0.133686 0.0952903 0.278994 -0.742754 : 0
0.207827 -0.0225285 0.297745 -0.277299 0.249722 0.0632342 -0.0717467 0.487161 0.254852 : 0
0.343655 -0.286449 0.324903 -0.467225 0.0433358 -0.196043 0.261293 -0.192349 -0.349807 : 0
0.110408 0.933177 0.0605426 0.370665 0.0195323 -0.303865 0.0556988 0.0132005 0.0544013 : 0
0.0376108 1 0.562753 0.283214 -0.049796 -0.321599 0.604491 0.0738403 0.0104957 : 0
-0.00498617 0.528952 0.397503 -0.00760183 -0.00925 0.201199 0.498863 0.233449 0.0801954 : 0
0.238412 0.89155 0.459614 -1 -0.616646 0.38608 -0.427186 -0.152232 0.29036 : 0
-0.390252 -0.12547 0.131748 0.51069 -0.393684 -0.462558 -0.368349 -0.207755 0.296638 : 0
0.08151 0.347233 0.141259 -1 -0.0426195 0.387213 0.300183 -0.0940802 0.370257 : 0.2
-0.213641 0.424703 0.472208 0.0434562 0.15282 0.044323 0.0479014 -0.0188539 -0.61005 : 0
-0.148193 0.688652 -0.16605 0.751223 0.312687 0.420859 -0.387637 0.5144 0.203271 : 0.1
0.219812 0.755102 0.0375136 -0.012593 0.274734 -0.392022 0.0415778 0.7126 -0.273624 : 0
0.0333991 -0.123513 0.308511 -0.411044 -1 -0.0811626 -0.383101 -0.0369763 0.247196 : 0
-0.0555798 0.243322 -0.527892 -1 0.36362 -0.0635298 -0.114394 -0.228882 -0.178749 : 0.1
-0.449153 0.404421 -0.0902908 0.325236 -0.346083 0.0223683 -0.13227 0.137352 0.353174 : 0.1
-0.296584 0.12071 0.43992 -0.0639603 0.152703 0.112913 0.456904 0.0930876 0.128144 : 0
-0.409879 0.410284 -0.0860188 0.435383 0.0835944 0.608682 0.0427969 0.0433262 0.201248 : 0
-0.32511 0.405448 0.639227 -0.12211 0.0386723 0.385359 0.105887 0.428747 0.866344 : 0
0.0354951 0.454614 0.445114 -1 -0.101363 0.0320072 0.0102833 0.00171247 0.31909 : 0
-0.60943 0.33859 0.305439 -1 0.00225865 0.142499 -0.169502 0.0860305 0.0133928 : 0
-0.517086 -1 -0.0572947 0.0333833 0.291377 0.370062 0.198071 0.133949 0.495236 : 0
0.109296 -0.185549 0.329852 0.0527714 -0.10153 -0.539774 -0.0156947 0.0401285 0.0880726 : 0
-0.172079 0.984504 -0.294384 -0.0235087 -0.158691 -0.419032 -0.129231 0.119721 0.157098 : 0.5
-1 0.890331 0.358455 -0.345961 0.701908 0.169871 0.227848 0.0988498 0.415792 : 0
-0.201945 0.247055 0.213276 -0.112356 0.130273 -0.241115 0.150139 1.0889e-05 0.758667 : 0.1
-0.248083 -0.195478 0.456259 -0.306304 0.0783831 0.444025 0.327755 0.137489 1 : 0
0.691747 1 0.351485 0.2606 -0.0150399 -0.183394 0.338176 0.0638448 0.121643 : 0.1
0.0712333 0.0233841 -0.282045 0.00789661 0.159615 0.0959687 -0.334794 -0.119396 0.303774 : 0
-0.874641 -0.322875 -0.23101 -0.281311 0.558462 -0.129334 -0.0466046 0.126926 0.116608 : 0
0.166142 -0.057533 0.0602719 -0.249868 -0.00915525 0.225475 -0.0716567 0.319279 0.926216 : 0.1
0.0475694 0.127119 0.440081 -0.339299 0.0773096 0.686477 0.0287627 0.00409064 0.177251 : 0
0.098036 0.627378 -0.369399 0.874075 -0.0273271 0.245692 0.359288 0.0183735 0.348021 : 0.7
-0.0585464 0.102803 0.728991 0.354631 0.819454 -0.581122 -0.0631189 0.0648864 0.26628 : 0
-0.132308 0.66608 0.34346 -1 -0.31937 -0.206206 -0.341776 0.17393 -0.430754 : 0
0.0821577 0.338435 -0.517566 0.566885 0.00803709 0.258621 0.0574216 -0.623513 0.296371 : 0
-0.22918 -0.0628415 -0.125276 0.488859 -1 -0.0259073 -0.294467 0.0917945 -0.0340713 : 0
0.0697993 1 0.220146 -0.215197 0.540869 0.214281 0.564896 -0.0432163 0.341215 : 0.2
-0.30537 -0.12079 1 0.359103 -0.246666 0.833181 0.173207 0.0284979 0.266152 : 0
-0.267436 0.106058 -0.499472 0.116641 0.106881 0.0999772 -0.204543 -0.353393 0.353699 : 0
-0.404874 0.0165192 0.888922 -0.647749 0.216058 -0.436724 0.0337526 0.0420954 0.296618 : 0
0.26143 -0.00975037 -0.0262403 -0.258521 0.113017 -0.223906 -0.894985 0.155658 0.338652 : 0.1
0.0722718 0.21709 1 0.306264 0.179859 -0.0235608 0.107064 0.395375 0.308313 : 0
0.287245 0.476488 0.378541 1 -1 -0.133294 0.19581 0.0307595 0.342024 : 0
-0.228115 1 -0.133487 0.226566 -0.208668 -1 -0.229935 0.116765 0.257988 : 0.5
0.0599294 0.354034 -0.345823 0.395742 -0.29935 0.745829 -0.171676 -0.179067 0.108273 : 0
-0.451937 -0.504579 0.402861 -0.34318 0.855863 0.108727 0.128238 -0.46731 0.225135 : 0.3
0.0691933 -0.269953 0.679755 -0.0832546 -0.361602 -0.216606 0.0228137 0.465569 -0.140862 : 0
-0.0904309 -0.137625 0.580912 1 0.400084 -0.00419225 -0.037347 0.0973964 0.137327 : 0.2
0.259743 -0.0626177 0.0643489 0.180375 0.0631684 -0.647086 0.114117 0.0123607 0.391106 : 0
0.00903216 0.860964 0.291357 -0.781368 -0.00489026 -0.232389 0.0193961 -0.00758943 0.197997 : 0
-0.222374 -0.554381 -0.211095 0.158844 0.0787443 0.792491 0.10487 -0.258536 0.191597 : 0
-0.127894 0.351917 0.154616 0.0294261 0.23227 0.134197 0.100596 -0.468028 -0.164611 : 0.1
-0.157832 0.275365 0.110372 0.440099 0.00160193 -0.259571 0.171565 -0.0401086 0.14674 : 0.1
-0.319984 0.594679 -0.297997 -0.270509 -0.394785 0.537838 -0.167133 -0.140287 0.345389 : 0
-0.0460601 0.579536 0.231317 0.354457 0.0633252 0.200796 0.37207 0.416321 0.771694 : 0
-0.0924938 -0.106189 0.535619 0.0880188 -0.039339 0.229604 0.64916 -0.0404756 -0.125382 : 0
-0.100826 -0.515827 -0.353205 0.125035 0.418056 0.272902 0.30679 0.653453 -0.0312468 : 0
0.993393 0.100926 0.118511 0.114014 -0.0247171 0.124788 0.121193 0.494252 -0.409759 : 0
0.3183 0.729394 -0.203153 -0.0916536 -0.0138396 0.0343312 0.0956632 0.604176 -0.230979 : 0
0.436056 0.942435 -0.345964 0.533867 -0.00436415 -0.188662 0.0954213 0.411883 -0.0814922 : 0
0.0410692 1 0.0936969 0.0320628 -0.661448 -0.550087 0.125395 0.168786 -0.460657 : 0
-0.357522 0.268011 0.127755 -0.342584 0.0461424 1 0.462194 -0.0853587 0.143024 : 0
0.0853094 0.592483 -0.118488 0.361643 0.200391 0.327787 0.668529 0.433631 0.0413047 : 0.1
-0.168318 0.0582579 0.367525 0.119644 -0.457585 -0.0856605 0.510357 -0.0448159 0.403602 : 0
-0.138104 -0.428143 -0.156101 -0.438265 0.911848 -0.0151007 -0.266159 -0.36935 0.16791 : 0.1
0.25571 0.449015 -0.123225 0.27567 -1 -0.0897018 0.15668 0.343861 0.51955 : 0
0.0474332 0.240415 -0.282446 0.552136 0.22443 0.466494 0.196526 0.451573 0.301627 : 0
-0.441162 -0.565717 0.538447 -0.000863791 0.181885 -0.0647433 0.698852 0.0869432 -0.0401038 : 0
0.600195 -0.486812 -0.326872 0.392395 0.0916616 -1 0.572819 0.142885 -0.0398685 : 0
-0.130958 0.405326 0.686512 0.0363362 0.0262552 0.401804 0.230475 0.629495 -0.488343 : 0
-0.329543 0.682413 -0.252094 0.366184 -0.0145947 0.442311 0.0224192 -0.0223563 0.0204868 : 0.1
0.669996 0.382623 0.610663 -0.379459 0.0536765 -0.409105 -0.0308226 -0.0471138 0.139871 : 0
0.434574 1 0.9683 -0.283509 0.331195 -0.0164768 0.375017 -0.0384561 -0.111694 : 0
-0.0332349 -0.052692 0.439514 0.0579972 -0.0576353 -0.194305 0.787536 1 0.0977753 : 0.1
0.196272 -0.209953 0.996982 0.432041 0.0553579 -0.801791 0.305917 -0.543171 -0.0871926 : 0
0.0615588 -0.188556 -0.305588 0.00936568 0.555667 0.186971 0.512627 0.25665 -0.0254563 : 0
0.197233 0.894086 0.885857 0.21008 0.624059 0.22042 0.157531 0.363926 -0.14335 : 0.1
-0.130666 -0.051234 -0.0867095 0.244716 -0.469104 -0.210577 0.623461 0.134612 0.142926 : 0.1
0.187677 0.909202 0.0548031 -0.950286 -0.0899689 -0.495724 0.116097 -0.130495 0.238394 : 0.1
-0.274985 0.306735 -0.522867 0.412154 -0.160501 -0.175242 0.123166 0.195966 0.886045 : 0
0.616838 0.566167 0.202448 0.109073 -0.107153 0.0893639 0.451418 0.157007 0.790139 : 0.7
0.198662 -0.185582 -0.107736 0.274435 0.0202658 0.0929966 0.159976 -0.0180485 0.0874136 : 0.3
-0.39053 -0.000713676 -0.0396892 -0.42657 -0.0873471 0.178972 -0.441893 0.332024 0.107015 : 0
-0.554736 0.559865 1 -0.741441 0.110269 -0.0710193 0.173341 0.173596 0.179508 : 0.1
-0.0102853 0.281821 0.413534 0.205698 -0.0482735 0.412619 0.120557 0.235727 -0.177898 : 0
0.0514069 1 1 0.049379 0.0719351 -0.0205812 -0.26574 -0.0250266 0.221837 : 0
0.932182 0.252801 0.320559 -0.115936 0.0899371 -0.499003 -0.00577317 -0.0321201 0.201526 : 0.1
-1 0.191574 0.608228 -0.21617 -0.0150945 0.272092 0.555703 0.731525 -0.608532 : 0
0.0873265 -0.0296264 0.242424 0.684171 0.301097 -0.0458226 -0.0659366 0.126033 0.414454 : 0
-0.0191372 0.938556 -0.16211 -0.410653 0.132029 0.879929 0.402987 0.0483342 0.232696 : 0.6
0.0386394 0.807206 0.219096 -0.987257 -0.035798 0.0615235 0.406001 0.185656 -0.0143749 : 0
-0.320548 0.0363428 0.0135496 -0.690806 -0.726973 -0.405708 0.154511 -0.0490663 0.249776 : 0.1
0.0743242 0.148799 0.0610548 0.325136 -0.387356 0.589457 0.494753 -0.00579923 -0.0242726 : 0.2
-0.0118603 1 0.245166 0.210287 -0.268346 0.114176 -0.616529 0.0200082 0.17113 : 0
-0.0877525 -0.0918778 -0.196512 -0.549032 1 -0.494036 0.0203365 0.202756 -0.322677 : 0.1
-0.252242 0.732006 0.158537 -0.0515373 0.214574 -0.0590257 0.368223 0.464212 -0.25197 : 0
0.0211298 -0.14136 0.50389 0.0497644 0.159473 1 0.159493 0.562333 0.187231 : 0
0.354508 0.870861 0.123106 0.133061 -0.92569 0.010194 0.346238 -0.163978 0.315275 : 0.1
0.0272657 0.162088 -0.00103202 -0.105159 0.0945825 -0.142945 0.277181 -0.224329 0.221333 : 0
-0.0151623 0.945748 0.855009 -0.195911 -0.465795 -0.138948 0.0301414 0.112585 0.0290081 : 0
0.108713 0.053936 -0.150285 -0.265954 0.666273 -0.00624976 0.218839 0.642954 -0.156887 : 0
-0.170937 0.940914 0.235707 0.330959 -0.114078 -0.19364 0.219886 0.0600068 0.194822 : 0
-0.195462 -0.14422 0.154709 0.520888 0.133914 -0.496702 0.0134115 -0.000284053 0.22119 : 0.1
0.276827 0.565145 0.359263 -0.738202 0.143552 0.0314928 0.199811 0.155576 -0.0574947 : 0.1
0.089991 0.145082 0.290838 -0.034657 -0.273939 -0.243497 0.110784 0.232536 0.230033 : 0
-0.0955758 -0.164902 -0.161662 -0.47674 0.642507 0.714436 -0.132605 0.0787186 0.125085 : 0.3
-0.833407 0.606723 1 -0.246839 -0.193506 -0.585063 0.22599 -0.167489 0.185812 : 0
0.162562 0.165984 -0.19515 -0.308578 -0.863704 0.052895 0.255407 0.104072 0.00335336 : 0.3
-0.0787869 0.95216 -0.273197 0.0419801 -0.200434 -1 -0.22347 0.145217 0.237172 : 0
-0.194459 0.117313 -0.393233 0.158148 0.339294 -0.19352 0.0381725 -0.0154216 0.139932 : 0.1
0.401401 0.949836 0.201616 -1 0.0901026 0.0110517 0.217427 -0.121032 -0.0152821 : 0.2
0.115419 0.141899 0.170717 -0.321597 0.194241 -0.0316582 0.0323466 0.0276872 -0.138174 : 0
0.243749 1 0.085576 -0.110423 0.265723 0.380611 0.485947 0.125876 0.107084 : 0.1
0.388391 0.0580907 0.0624605 -0.100241 -0.0685845 -0.951551 0.130364 0.114088 0.128109 : 0
-0.0540705 0.609482 0.153077 -0.0296839 -0.79572 -0.346052 -0.22681 -0.0167834 0.0647981 : 0
0.545148 -0.603805 -0.21647 0.309873 0.0380654 0.607261 0.434986 0.0734854 0.575664 : 0.1
0.0868948 0.0230124 0.578542 0.024459 0.103769 -0.287182 0.336618 0.833007 -0.215989 : 0.1
-0.0427096 0.0894371 0.092322 0.743892 0.678956 0.443673 0.220041 -0.084967 -0.255494 : 0.3
-0.0912791 0.401102 0.329282 -0.0143958 0.410843 0.167747 0.157819 0.365766 0.191944 : 0
-0.26485 0.171652 0.324518 -0.108334 0.157786 0.0741768 1 -0.235505 0.360826 : 0.1
0.0450569 0.644984 -0.204352 -0.131956 -0.492314 -0.43284 0.149565 -0.0115181 -0.336212 : 0.1
-0.036009 0.316207 1 0.221494 -0.205648 0.412112 0.131002 0.0615118 0.098474 : 0.1
-0.297071 0.31073 0.433237 0.201748 -0.156891 -1 0.165932 0.0100609 0.229221 : 0
0.191867 0.302516 0.112769 0.816843 0.125945 0.0961217 0.369693 0.153971 -0.0601693 : 0
0.23232 -0.0992107 0.643158 0.304068 0.142249 0.327127 -0.185433 0.598943 -0.322265 : 0.2
0.180034 -0.853483 0.434286 -0.390331 0.485545 0.109527 0.0810763 -0.335167 -0.166109 : 0
0.140899 0.465045 0.0120783 1 0.15319 0.327268 0.185423 0.0600651 -0.0289574 : 0
-0.957884 0.993269 -0.0283479 -1 0.376145 -0.341778 0.0207472 -0.142721 0.185079 : 0
-0.184915 0.523735 -0.201482 -1 -0.303386 0.507711 -0.120363 -0.0852581 0.251566 : 0.1
0.144763 -0.0690035 1 -0.424856 0.319179 0.97739 0.229678 0.174498 -0.187863 : 0
0.0933968 0.41128 0.412453 -1 0.121651 0.359416 0.128631 0.025677 0.230291 : 0
-0.158828 0.241491 0.371513 -0.331304 0.405979 1 0.247794 0.429154 0.0932736 : 0
-0.0998818 -0.061933 0.853403 -0.23477 0.523277 -0.114945 0.0671508 0.100329 0.226041 : 0.1
-0.187108 0.319207 0.373753 0.149893 0.326621 0.191454 -0.149077 0.582019 0.458301 : 0
-0.259629 0.669856 0.0531022 0.0800133 0.166684 0.0413773 0.160132 0.247774 -0.171377 : 0
0.123353 1 0.615686 -0.634616 0.80438 0.137067 0.348641 -0.0681994 -0.190635 : 0.4
-0.1124 0.0820581 0.411996 0.0678626 0.0779442 -0.252057 0.16339 -0.352098 0.0699299 : 0.5
-0.218063 0.487479 0.0647188 -0.408099 0.146057 -0.454379 -0.0979281 0.190603 0.189637 : 0
0.0800768 -0.246885 0.635631 -0.097327 0.00951453 0.0702043 0.102083 0.030333 -0.481753 : 0.1
-0.138849 0.126141 -0.0583335 0.18168 -0.0769438 -0.00513359 -0.336548 1 0.0927934 : 0
-0.318529 0.686331 0.0791662 0.172254 0.0068402 0.21347 0.352675 0.15418 0.0857955 : 0
0.163812 -0.527744 -0.0500129 -0.893001 -0.680857 0.0738876 -0.767903 0.837479 0.0442508 : 0
0.137299 0.460941 -0.51321 -0.0810598 -0.204093 0.261085 -0.0991968 -0.0555644 0.144971 : 0
-0.992408 0.472451 0.368647 0.0516758 -0.127767 -1 -0.0398428 0.137016 0.331372 : 0.3
0.144679 0.863745 -0.264117 0.495686 -0.181892 0.915519 0.493794 0.11552 0.0629041 : 0.3
-0.929971 0.311508 1 0.133268 -0.36544 0.14765 0.203425 -0.0496404 0.24478 : 0.1
-0.472085 -0.390894 0.405835 0.582407 0.523288 -0.816785 0.320165 -0.159963 0.0334257 : 0.1
-0.236281 0.300633 -0.0366475 -0.627989 0.023947 -0.0299252 0.0310819 -0.0045054 0.266382 : 0
0.081922 0.0697107 -0.330876 0.0286602 0.0714836 0.217002 0.253105 -0.326623 0.328192 : 0
-0.075568 0.466075 0.381834 -0.0659583 0.598809 0.123537 0.0944508 -0.0655757 0.471101 : 0.1
0.0146317 0.418325 0.0992747 0.718276 -0.481799 -0.167584 0.703263 0.0941332 0.0347315 : 0
-0.0209639 0.13179 0.0487109 0.16027 0.0340499 0.0432632 0.3172 1 0.0766411 : 0
0.00643231 0.151099 -0.702805 -0.118657 0.217255 -0.33456 -0.376702 -0.165173 0.145617 : 0
0.550475 -0.0097905 -0.104226 0.535229 -0.0203253 -1 0.425346 -0.215969 0.582102 : 0.2
-0.133043 0.66378 0.0396385 0.679398 -0.71918 0.275848 -0.634938 0.339363 0.180438 : 0.2
-0.470285 0.380015 0.373945 -0.0026163 -0.546112 0.303498 -0.130596 -0.290354 0.209695 : 0
0.16451 -0.846522 -0.331874 -0.107532 0.446019 0.948253 0.13915 0.0398325 -0.426065 : 0.2
-0.165629 0.420113 -0.0270708 0.199135 0.0521369 -0.244162 -0.28997 0.0724121 0.15089 : 0.1
-0.00866893 -0.0126211 0.335553 0.290209 -0.270763 0.566593 0.104713 0.19938 0.22029 : 0
0.10674 -0.305539 0.790797 0.00117481 0.988072 0.112972 0.167513 -0.211267 0.152292 : 0
-0.652921 0.209772 -0.195791 0.0860178 -0.113848 0.469326 1 1 0.108305 : 0
0.448401 0.218895 0.618809 -0.00643262 -0.294756 0.19162 0.0230879 -0.253874 -0.0331711 : 0.1
0.299167 0.547839 0.42274 0.336639 0.240776 0.0132946 0.0487712 0.0302432 -0.0271126 : 0.1
-0.358053 0.566972 0.0843923 -1 0.0781384 -0.100245 0.0511307 0.0383058 -0.0824256 : 0
0.00614539 0.131509 0.322732 -0.137374 0.137375 0.274722 -0.114968 0.113061 0.157545 : 0
-0.0516404 0.260273 -0.886992 -0.340761 0.368046 0.37162 -0.0718677 0.60446 -0.167481 : 0
0.0682312 0.575464 0.740413 -0.127546 0.454296 -0.00783394 -0.0089599 0.0807965 0.188572 : 0.3
-0.154111 0.18333 0.612338 -0.0434237 -0.596392 -0.166502 0.126577 -0.0455093 0.0976103 : 0.1
0.198785 0.821808 0.237784 -0.184545 -0.138257 0.14017 -0.0169226 0.278927 0.340126 : 0
0.122326 -0.38858 0.0263843 0.0470026 -0.280858 0.835328 0.54844 0.0106419 -0.0207454 : 0.4
-0.30432 -0.471819 0.615462 -0.947661 -0.0522814 -0.276886 0.124466 0.0785218 0.119026 : 0
0.076311 0.870757 0.317456 0.247228 0.471818 0.124195 0.604348 0.114723 -0.176546 : 0
0.318815 -0.11576 -0.087378 0.183062 0.0184193 -0.111815 0.429863 0.735067 0.103379 : 0.2
0.118146 0.307337 0.780681 0.26369 0.0482225 0.158081 0.104992 0.445847 -0.0890158 : 0
-0.0871843 0.7105 -0.761522 -0.585427 -0.140769 0.090107 0.0528371 0.358511 0.349371 : 0
-0.160153 -0.11037 -0.348122 0.0517873 -0.0260804 0.348539 0.297333 0.252469 0.348889 : 0
0.0250218 -0.48003 -0.0477825 0.455154 0.0330585 -0.385376 0.0704858 0.345201 0.241587 : 0.2
-0.50471 0.212093 -0.156999 0.0641379 -0.134653 0.536576 0.573554 0.0549691 0.159977 : 0
0.0489309 0.516673 0.348042 0.0684966 -0.456844 0.361766 0.309054 0.0739119 0.090101 : 0
-0.132595 0.2986 0.528255 0.0670443 0.14072 -0.0413133 1 -0.0448061 0.020951 : 0
-0.206554 1 -0.131904 -0.332063 0.106363 0.358556 -0.0716726 0.083754 -0.145305 : 0
0.141043 0.234678 0.493349 0.0122983 0.201034 0.0475458 -0.00365333 0.194992 -0.906916 : 0
-0.245475 0.425282 0.0623523 0.290326 0.0813451 -0.292856 0.166915 -0.0363242 0.145003 : 0
0.0933979 0.0248523 0.305377 0.605245 -0.0837121 -0.0757701 0.271234 -0.0708228 0.175994 : 0.2
-0.352637 0.0840006 0.0605366 0.157586 -0.230389 0.330448 0.384524 0.0889543 0.0399912 : 0.3
-0.0205363 0.412527 0.128266 -0.0323866 0.109396 -0.199484 0.235594 0.0481892 -0.000427604 : 0
0.0460772 0.458241 0.491927 0.0141438 0.303705 -0.152089 0.0357162 0.159223 0.518565 : 0
1 -1 0.00339112 -0.829797 0.0638134 -0.328162 0.0212444 0.00683411 0.141772 : 0
0.183068 0.100355 0.116878 -0.233017 0.0772532 -0.0766742 -0.0218862 -0.114309 0.200083 : 0.1
0.258277 0.85537 -0.416866 -0.067669 0.321031 -0.541334 0.0455066 0.0196931 0.220892 : 0
0.182526 0.0124497 0.360677 -0.255052 0.0251757 0.460643 0.100655 0.13477 -0.263898 : 0
-0.200621 0.650358 -0.0822414 -0.0713626 0.00711919 -0.864695 0.0516277 0.0174105 0.184578 : 0
-0.201124 0.4671 0.442982 -0.128383 -0.0687724 0.00599119 0.266356 0.0747252 -0.29192 : 0.1
0.0434297 0.324438 0.0162729 -0.20144 -0.117375 -0.0752977 -0.175784 0.0291359 0.236891 : 0
-0.0573895 -0.256644 0.500147 -0.304044 -0.00724638 0.0543733 0.0752354 -0.136902 0.125627 : 0
-0.257002 0.164484 0.239373 0.491341 -0.44913 0.321538 0.680441 0.233258 0.0201701 : 0
-0.106342 0.553373 0.404022 0.197619 0.0247858 -0.38637 0.056934 0.008388 0.193563 : 0
0.274578 0.354325 0.42376 -0.107781 0.0160209 -0.115674 0.116978 0.269807 -0.932928 : 0
-0.335893 0.103455 -0.102044 0.777654 -0.060534 0.0116493 0.0115118 -0.00931561 0.035361 : 0.1
-0.00437334 0.827381 -0.108342 -0.0132402 -0.265132 -0.0512244 0.0365453 0.472478 0.188505 : 0.3
-0.0286902 0.00288042 0.162294 1 0.116297 0.888489 0.125931 0.485752 0.28276 : 0
1 0.283145 0.600014 -0.37829 0.218542 -0.474857 -0.110897 0.0255438 -1 : 0
-0.130842 0.402979 -0.130856 -0.272502 0.722048 0.484425 0.0396301 0.0534989 0.333467 : 0
-8.43424e-05 1 0.350452 -0.0272497 0.449814 0.341711 0.267448 -0.887369 0.0195176 : 0.1
-0.210156 0.32126 0.0823528 -0.858404 0.0789717 -0.256746 0.140071 -0.119715 0.38057 : 0
0.275185 0.367125 0.11053 -0.244857 0.39021 0.106727 0.0164493 0.0324499 0.492991 : 0
0.267247 0.224167 0.617078 -0.144754 -0.27591 -0.285964 0.0659906 0.0475886 0.262472 : 0
0.292647 0.327845 -0.294022 0.519418 -0.101797 -0.239251 0.119242 0.0609054 0.621421 : 0.2
-0.448815 0.704178 0.185084 -0.465758 0.360627 -0.0837134 0.168956 0.132003 0.889059 : 0
-0.222884 -0.0677122 -0.279989 0.728985 0.0915382 -0.219335 -0.018254 0.417955 -0.261446 : 0
0.112025 0.367677 -0.338365 0.133923 0.407063 0.530327 -0.216084 -0.093768 0.139031 : 0
-0.583092 0.337651 0.314627 0.254195 -0.362103 0.110852 0.287214 0.1216 0.590616 : 0.2
-0.0473679 -0.280716 0.177877 -0.0142246 -0.0809416 0.278066 0.106845 0.0404221 0.613901 : 0.4
-0.140339 -0.330282 -0.260985 0.51618 0.500251 -0.20719 0.277305 -0.0457383 0.0911444 : 0.1
0.522555 0.899748 -0.151782 0.248305 -0.0361407 0.149591 0.00332284 -0.0674273 0.305445 : 0
0.990387 0.49185 -0.260454 0.528923 -0.232004 0.373297 -0.0752477 0.151928 0.434954 : 0
0.109656 0.402112 -0.280878 -0.614864 0.352513 0.0875144 0.264677 -0.0745729 0.372357 : 0.6
-1 -0.570692 0.618707 0.487917 -0.286867 -0.610205 0.0585912 0.669506 -0.0505969 : 0
-0.0998225 1 -0.170349 0.12026 0.127939 0.258079 0.124006 0.0518666 0.209854 : 0
0.108573 0.205118 0.948396 0.0910801 0.522999 0.586834 0.230288 0.171657 0.233727 : 0.1
-2.19643e-05 -0.0390001 0.272682 0.518432 -0.0655913 0.0586425 -0.0439076 0.111178 -0.106219 : 0.2
-0.239158 -0.255933 -0.367294 0.476516 -0.425145 0.187938 0.325831 -0.0475968 0.104128 : 0
0.0200165 -0.216213 0.769262 0.472219 0.278305 -0.252227 -0.0167963 -0.0319972 -0.309172 : 0
0.560064 -0.00274847 -0.314354 -0.0587212 -0.0780334 0.171141 -0.2518 0.118478 -0.263701 : 0
-0.237898 0.221673 0.444366 0.584668 0.0277334 -0.314466 0.307717 -0.200716 0.585211 : 0
-0.732529 0.030037 -0.0372137 0.523239 0.000764089 -0.0189507 -0.0100007 0.000513622 0.137656 : 0
-0.225755 0.136111 -0.541436 -0.668763 0.0345098 -0.605334 0.0468602 -0.0687793 0.268111 : 0
0.0362482 -0.271169 0.134725 -0.0451441 0.057346 0.272199 0.410978 0.226295 0.191391 : 0.1
-0.194664 0.292882 0.0161077 -0.203135 -0.0728331 -0.583148 0.237945 0.0615377 -0.047291 : 0
0.250451 0.103488 0.454676 0.541948 -1 -0.647974 0.184328 0.164837 0.257174 : 0.1
0.20886 -0.712379 -0.0627197 -0.103337 0.120557 0.16213 0.49988 0.205774 0.155951 : 0.6
-0.0145593 0.518383 0.422394 0.127572 -0.0479539 0.243131 0.615153 0.178288 -0.386912 : 0.1
-0.107974 0.845251 -0.289116 -0.577614 0.481955 0.539173 0.113587 -0.00759531 0.221738 : 0.1
0.0740208 0.023893 -0.293895 0.515252 -0.176733 0.0768835 0.7484 0.0264152 -0.151646 : 0.2
0.251472 -0.0308568 0.55345 0.200342 -0.12238 -0.0539147 0.219025 0.0441645 0.250608 : 0.3
0.143842 0.595423 1 0.351126 0.392023 -0.355608 0.148224 0.000722781 0.472779 : 0.1
-0.338485 -0.137754 -0.536819 0.85979 0.407949 0.364974 0.0612922 0.626505 0.312345 : 0
0.0116158 -0.195447 0.231971 0.326471 0.373591 0.18673 0.516969 -0.105233 -0.104721 : 0.1
-0.721333 0.508411 0.127763 -0.2593 0.154902 -0.616496 0.217279 -0.0323873 0.169161 : 0
0.0202899 0.968783 0.821177 0.0282444 -0.352662 -0.0920246 -0.0561235 0.0411722 -0.201497 : 0.3
0.298605 -0.278826 1 -0.418741 -0.461818 0.166673 0.268065 0.00941189 0.711273 : 0.5
-0.0308626 0.988673 0.197599 -0.652506 0.073585 -0.131028 0.229937 0.105491 0.0990844 : 0.1
0.0233539 0.937847 -0.07805 0.257102 0.634645 -0.0418608 0.259369 0.190882 -0.341236 : 0.1
-0.0110356 -0.0944648 0.100687 0.0633621 -0.497222 0.324985 -0.569752 -0.198254 0.439538 : 0.1
0.0719451 -0.166307 0.0813015 0.276331 -0.0131923 0.616652 0.522562 0.138592 -0.182118 : 0
-0.337704 -0.521785 0.144561 0.332767 0.110655 -0.113768 0.503021 0.244422 0.255342 : 0.1
0.297331 0.332212 0.0191705 -0.256213 -0.198349 -0.724262 0.209857 0.0334928 -0.410947 : 0.1
-0.0526469 0.623681 -0.297127 0.33588 0.0161964 0.553608 0.00511014 0.341102 -0.0298102 : 0
-0.422966 0.0439321 -0.193773 0.453453 0.510604 0.613772 0.413803 0.853657 0.0683905 : 0
-0.213068 0.642483 0.107457 0.00554836 0.135019 -0.150579 -0.191491 0.0425124 0.549897 : 0
0.0795377 0.701839 -0.867993 -0.323204 0.425201 -0.243456 0.0228882 0.117901 0.284817 : 0
0.302342 -0.781895 0.656331 -0.223508 1 0.210197 0.308455 -0.176531 -0.149521 : 0.3
0.0721672 0.239978 -0.0925705 0.805448 -0.0248525 -0.249378 -0.290654 0.0286538 0.0780791 : 0.1
0.0457548 0.728862 0.488861 -0.0671984 0.0594529 -0.365259 0.23519 0.161915 -0.591603 : 0
-0.212704 0.121421 0.142896 -0.297261 0.406035 0.0443499 0.00869933 0.0451794 0.463049 : 0.1
0.26492 -0.640179 0.0678624 -0.115794 0.389749 -0.29981 0.0124308 0.013881 -0.725438 : 0
0.25463 -0.0728737 0.133209 0.0313361 0.271604 -0.190008 0.176408 0.260928 -0.138145 : 0
-0.289943 -0.550132 0.475911 -0.0780598 0.191903 -0.672786 -0.149229 -0.0490918 0.19231 : 0.1
-0.261411 0.515432 0.203502 0.370703 -0.0473949 0.107024 0.273958 0.145383 0.159381 : 0.3
-0.0173544 0.0534323 0.240457 -0.271967 0.0310261 -0.0631682 0.251285 -0.0515299 0.0754194 : 0.1
-0.228121 0.230604 1 -0.714839 0.123922 -0.14151 0.221068 -0.0212425 -0.00871596 : 0
-0.564485 0.923877 -0.169283 0.336493 1 0.279663 -0.0740372 -0.00330317 0.117853 : 0
-0.163449 -0.528367 -0.0945977 -0.392925 0.10077 -0.037052 0.0878767 0.138331 0.177359 : 0.1
-0.113481 -0.163727 -0.109569 -0.245362 0.996117 0.474889 0.0938362 0.0928013 0.26214 : 0
-0.10188 0.427234 0.309773 0.0611764 -0.135902 -0.449942 0.264338 -0.00942377 -0.224722 : 0.1
0.524249 0.298496 0.00454956 0.195036 0.132553 0.439425 -0.0466864 0.170605 0.0792545 : 0
-0.524226 1 0.750107 -0.138955 0.466019 0.0884689 -0.137088 0.00186371 0.488294 : 0.2
-0.375301 0.879344 0.436596 -0.244405 -0.277368 -0.0554381 0.287849 0.357607 0.189826 : 0.1
0.104069 0.169373 -0.484276 0.489759 0.0179706 -0.414349 0.114241 -0.100519 -0.061207 : 0.1
0.490809 0.0385451 0.0853197 0.301563 -0.00286508 -0.301885 0.393215 -0.100715 0.237576 : 0.5
0.827829 0.769977 0.863717 -0.233119 -0.0909573 -0.839159 -0.178623 0.0151449 0.199038 : 0
0.50712 -0.230047 0.0196273 -0.00981729 -0.210684 0.17079 -0.267778 0.0783052 0.118213 : 0
-0.205211 0.0765129 1 -0.595706 0.475615 1 0.282911 0.146431 0.226843 : 0
-0.375398 0.872493 0.410275 -0.631317 0.257654 0.086929 0.0533487 -0.196222 0.0217297 : 0
-0.170898 0.779948 -0.195472 -0.533422 0.33357 0.268389 -0.000708558 -0.136893 0.393753 : 0.1
-0.0255689 -0.864938 -0.302402 0.0551177 0.0787928 0.501842 0.0577887 0.0487878 0.321149 : 0
0.299932 0.302339 0.098151 -0.0391696 0.0297639 -0.297612 0.0757577 -0.0456281 0.0466671 : 0.3
0.217513 0.458452 0.466001 0.0468283 0.275803 0.000576966 0.445767 0.482264 0.347277 : 0
-0.618 0.0882811 0.127545 0.305275 -0.177513 -0.232582 -0.0198688 0.0577893 -0.214314 : 0.1
-0.437825 -0.70384 -0.332831 -0.299323 -0.172468 -0.16759 -0.290867 -0.0810869 -0.0334819 : 0
0.50601 -0.119578 0.107931 -0.439082 0.0738997 -0.0355017 0.153848 -0.108396 1 : 0.1
0.263209 -0.264549 -1 -0.0020863 -0.420536 -0.118324 0.142388 0.0662166 -0.104279 : 0
-0.0277234 -0.624101 -0.238625 -0.0689394 0.0929206 0.0887787 0.174264 0.00858172 -0.366629 : 0.4
0.0728237 0.499432 -0.396162 0.415244 -0.143376 0.647168 -0.121633 0.0495326 0.213552 : 0.2
0.0626337 0.00304815 0.609413 -0.0493586 -0.180768 0.372622 0.0560015 0.0552287 -0.18193 : 0
-0.270349 -0.147423 -0.107165 -0.466527 -0.0921642 0.0345777 0.0581502 0.0196662 0.212297 : 0
-0.317983 0.323631 -0.0224272 0.0862817 0.198061 -0.0453872 -0.0859076 -0.00609607 0.0954902 : 0
-0.5382 0.59561 0.0784821 0.202616 -0.154264 0.258741 0.374589 0.141141 -0.00190297 : 0.1
0.144134 0.269371 0.107235 -0.08928 0.187878 -0.192002 -0.230588 -0.0180886 0.241127 : 0
-0.170749 0.0629127 0.389141 0.162687 0.489793 0.70848 0.137962 -0.123996 0.0242928 : 0
-0.0376785 1 0.535165 0.746744 0.0485792 -0.141134 0.00769802 -0.0137814 0.61575 : 0
0.127455 -0.0376171 0.126397 0.0312005 -0.112512 0.479278 0.0583728 0.199597 -0.00207782 : 0
-0.362361 0.139607 0.0551174 0.327345 0.300757 -0.362596 0.763748 0.818448 -0.457594 : 0
-0.459455 0.0137212 0.793662 -0.17905 0.126797 0.128527 0.316332 0.184579 -0.836646 : 0
-0.430309 -0.971658 -0.449491 -0.253056 0.587522 -0.553965 0.287795 0.219155 -0.271443 : 0
-0.154565 0.157815 0.300608 0.225842 -0.300769 0.322835 0.248394 0.112061 -0.134711 : 0
0.245219 -0.734351 -0.310968 0.035523 0.265298 0.459146 0.944906 0.0564431 0.0955158 : 0.1
-0.0994475 -0.662337 -0.101236 -0.280492 0.0811935 -0.139608 -0.214051 0.136098 -0.0188183 : 0.1
0.158672 0.52916 0.0522854 0.130692 0.0202479 1 -0.0381508 -0.0371402 0.145809 : 0.1
-0.175269 0.549476 0.361455 -0.0115279 0.614346 -1 0.604824 0.189589 0.1325 : 0
0.145982 0.985708 -0.092624 -0.44096 0.264549 0.287541 0.0328415 -0.233084 0.569669 : 0
-0.256541 0.566748 -0.203056 0.374413 0.749928 0.417357 0.0887867 0.0513358 0.337635 : 0.2
0.204517 0.0732931 -0.143674 0.08945 -0.0801097 1 0.157879 0.180701 -0.156988 : 0.4
-0.192948 1 -0.431339 0.514083 -0.486432 0.156855 0.574618 -0.185595 0.415052 : 0
-0.0815854 0.129718 0.081033 0.72244 -0.0226399 0.663882 0.205607 -0.397124 0.195391 : 0
-0.0691227 0.0616277 0.162459 -0.222527 -0.487496 -0.210883 0.0107887 0.00213915 -0.173549 : 0
0.0878167 -0.0125144 0.103034 0.747846 0.0746621 0.231918 -0.403902 -0.232823 0.195994 : 0
0.127894 0.293903 -0.819272 0.0443966 1 0.178675 0.013094 0.102623 -0.138092 : 0
-0.142043 0.14671 0.223873 -0.131604 -0.556537 -0.088286 -0.171869 -0.0433712 0.0948676 : 0
-0.0868052 0.95129 0.645313 0.778721 0.113836 -0.0322051 0.0252033 0.279227 0.231102 : 0.1
0.192113 -0.598121 -0.151952 0.162757 0.0587269 0.235101 -0.0602339 -0.0997915 0.292793 : 0
0.0693516 0.602081 0.186369 0.254657 -0.369299 1 0.104817 0.143334 0.129866 : 0
0.110501 0.678662 0.0642244 0.070153 0.093032 0.236511 0.34404 0.248643 0.122818 : 0
0.253908 -0.588464 -0.495283 -0.133825 -0.33865 0.58354 -0.118205 -0.0359232 -0.0283355 : 0
-0.197949 0.375393 0.668354 0.041402 -0.0243333 0.281977 0.576941 0.126035 -0.619714 : 0
-0.299312 0.084635 0.522478 -0.0584594 -0.1019 0.194791 0.189178 -0.0190874 0.161213 : 0
-0.16546 -0.297278 -0.0257006 -0.374889 0.836981 -0.0709984 -0.532935 0.269748 0.490103 : 0
-0.0471085 0.853429 1 -0.0813569 0.0506466 -0.219952 -0.728694 -0.00672694 0.0473278 : 0
0.0531992 -0.238498 0.016806 0.321101 -0.543076 0.655047 -0.190286 -0.0799443 0.0247971 : 0
0.10152 0.488344 0.511728 0.171067 -0.0698823 0.813082 -0.247961 0.0373856 0.246964 : 0
0.120643 0.518396 0.083949 -0.809613 0.414201 0.114136 0.0612473 -0.103402 -0.131014 : 0.2
0.0539808 0.211339 0.121341 0.0875942 0.189275 -0.160615 0.332854 0.977071 0.0797704 : 0.5
0.167423 0.654853 -0.243291 -0.286518 -0.448649 -1 0.855775 0.359785 -0.130964 : 0
-0.149474 0.624081 0.391311 -0.283948 -0.524807 0.429184 0.380123 0.130115 0.109413 : 0
-0.262266 0.686084 0.50096 -0.170932 0.353384 -0.115559 -0.0280879 0.0811822 0.192154 : 0.1
-0.824731 0.398452 0.0294496 0.257066 0.00986997 -0.357965 0.0327239 0.00733894 0.117065 : 0
-0.561355 -0.0209076 -0.0199769 -0.0582757 0.113526 0.290662 0.0252348 -0.166379 0.19414 : 0
-0.57039 -1 0.132116 0.453035 0.261109 -0.300677 0.369924 0.430304 0.644564 : 0.2
-0.0611243 -0.159254 -1 -0.421488 0.454289 -0.784052 0.0776471 -0.125818 0.0280666 : 0
0.012018 0.0582668 -0.0659135 -0.0679694 0.0176291 -0.023262 0.259138 0.0634095 0.17939 : 0
0.0656467 0.563326 -0.425884 0.113794 0.414468 0.579175 0.0384258 0.116657 0.219271 : 0
0.178019 0.959555 0.0840254 0.0135727 0.774398 -0.258427 0.146703 -0.17038 0.00271344 : 0
0.262108 1 -0.744138 0.0105202 -0.27607 -0.0132486 0.212589 0.126799 0.299131 : 0.1
-0.58613 0.114297 0.336954 -0.105311 -0.0191303 0.354247 0.215845 0.276839 0.038065 : 0
0.283146 1 -0.159026 0.22808 0.090625 -1 -0.565306 0.266394 0.133969 : 0
0.701844 -0.302113 -0.1217 -0.0261252 0.369774 1 0.577195 0.112563 0.913505 : 0.2
-0.0162695 0.745372 0.0124981 0.0121921 1 -0.0289932 -0.164146 -0.0675172 0.351071 : 0
-0.493469 0.00442159 -0.0726894 0.0160296 0.119131 0.431441 0.314744 0.0716677 0.16863 : 0
0.042395 0.0549694 -0.579501 0.000942394 -0.345921 0.0548453 -0.259861 0.177002 0.512311 : 0
-0.100271 0.276486 0.195217 -0.1557 -0.106447 0.118174 -0.26579 0.297978 0.242569 : 0.1
1 -0.865068 0.0498901 0.506632 -0.263247 0.177942 -0.193979 0.988109 -0.135571 : 0
0.63722 0.922374 -0.192317 -0.15872 -0.0640638 0.607012 0.419618 0.154327 -0.0887257 : 0
-0.685113 0.229162 0.122169 -0.170681 0.0898151 -0.215015 0.131341 0.00939663 -0.0556329 : 0
0.0164002 1 0.537124 -0.21911 -0.37659 0.30208 0.0183923 0.0425014 0.157716 : 0.1
-0.125055 0.258913 0.313356 -0.316909 0.0388925 0.00727896 0.0124189 -0.386106 0.19546 : 0
-0.00604652 0.853716 1 0.74045 0.54629 0.487527 0.178595 -0.311811 0.229712 : 0.1
-0.457622 1 0.325719 0.406528 0.252023 -0.0299896 -0.333316 -0.29147 0.592822 : 0
0.103604 0.898829 -0.204675 -0.341428 0.239419 0.343293 0.196805 0.312975 0.40804 : 0.4
0.133455 -1 0.138866 -0.174732 -0.148826 -0.364892 -0.0495723 0.0354835 0.0764521 : 0
-0.0425464 0.0843592 0.0579425 -0.200766 0.289888 -0.0490993 0.0195052 0.201614 0.252651 : 0.4
0.048786 0.918576 0.240262 -0.204933 0.0114914 1 0.397909 0.0435226 0.252046 : 0
0.263787 0.33798 0.00821096 0.786374 0.523447 0.198488 -0.648266 0.386403 -0.169853 : 0
0.103349 0.722084 0.86912 -0.388013 0.576565 0.217273 0.121757 0.223386 -0.116174 : 0.4
0.903311 0.481392 -0.0330089 0.149225 0.173908 -0.185211 0.203993 0.145217 0.138475 : 0.4
0.108333 0.275549 0.0681789 -0.0842662 0.686275 -0.664053 0.185811 -0.0281851 0.108078 : 0.1
-0.28045 0.968843 -0.415123 -0.147759 0.363552 -0.060754 -0.309012 -0.0237253 0.140358 : 0
-0.0519136 0.211729 0.121074 -0.598945 0.0297031 -0.343593 0.302084 0.00809977 0.262127 : 0.2
-0.271071 0.457604 0.0281799 0.211936 -0.128067 -0.929026 -0.0742833 0.106815 0.277842 : 0.1
0.202195 -0.16558 0.560416 -0.347609 0.497991 1 -0.00913861 0.186202 -0.211155 : 0
0.861226 -0.655654 0.0287586 -0.258029 0.0668625 -0.609561 -0.274241 -0.166321 0.0632531 : 0.2
0.175441 -0.122259 -0.133594 -0.0378948 -1 -0.521276 0.303183 0.0653799 0.758059 : 0
0.257998 -0.491368 0.0471695 0.152413 0.195408 -0.305223 0.341134 -0.041369 0.14884 : 0
-0.271009 0.541309 0.12743 -0.0185779 0.389983 0.162951 -0.587824 0.126389 0.207239 : 0.1
-0.0792203 -0.223006 0.49833 -0.0497679 0.155097 0.0528216 0.0430186 0.183351 -0.687881 : 0
0.106837 0.886633 -0.0150628 -0.121313 -0.372251 0.104421 0.0178514 0.417589 -0.665349 : 0.6
-0.465056 -0.0933822 -0.0780142 -0.282253 0.0621314 0.268052 0.365906 0.0185788 0.0965912 : 0
-0.44069 0.645902 0.805761 -1 0.147936 0.29313 -0.0857793 0.165349 0.232501 : 0
0.0468517 0.913715 0.216131 0.224317 0.510644 0.716555 0.124405 0.0551986 0.0255859 : 0.1
-0.175762 0.386859 0.520552 0.430785 0.249572 0.809146 0.0823367 -0.104609 0.361199 : 0
0.155195 -0.0230445 0.490432 0.0890538 0.0548745 -0.375111 0.277668 0.496135 -0.0264604 : 0
-1 0.457611 0.703267 0.488306 0.20429 -0.0195742 -0.0406367 0.958361 -0.534454 : 0
0.0676383 0.571364 0.808917 -0.34468 -0.156834 1 -0.0227296 -0.116678 0.077244 : 0.2
-0.0229636 0.163541 1 -0.102135 -0.25666 0.362544 0.0373771 0.11191 0.215523 : 0.1
-0.083707 0.313944 -0.302321 -0.537125 -0.264965 -0.258887 0.406204 -0.00480733 0.460498 : 0.5
-0.0122339 0.767604 -0.236165 0.228804 0.0720633 -0.0365818 0.284528 0.210286 0.47097 : 0.1
-0.255348 0.416927 0.17051 0.389665 -0.394586 0.0383511 0.375286 0.0223867 -0.290926 : 0.3
-0.456041 0.2054 -0.107151 -0.282601 0.0557867 -0.0269676 -0.112027 0.0158257 0.0165085 : 0
0.0414531 0.0841027 -1 0.436178 -0.226178 -0.0980012 0.109967 0.385948 -0.300537 : 0
-0.130087 0.399047 -0.284303 -0.365403 0.0181186 -0.42872 0.0955553 -0.472308 0.208559 : 0.3
0.143705 -0.108029 -0.170021 -0.118356 -0.334822 -0.928557 0.215717 0.89733 -0.0881379 : 0
0.0982901 0.423895 -0.0200788 -0.485108 -0.066733 -0.157732 0.364502 -0.0311865 0.169254 : 0.1
0.143902 0.823035 0.133351 -0.311712 1 -0.240488 0.245308 0.416911 0.230926 : 0.1
-0.50443 0.955098 1 -0.0107531 -0.0918287 0.0311491 0.355488 0.261703 0.133795 : 0
-0.305928 -0.604476 0.104739 -0.149086 -0.995836 0.0221182 0.291968 -0.124935 0.419714 : 0
-0.0638367 0.204852 0.175471 -0.133572 0.282137 -0.229154 0.0387294 -0.160112 0.255923 : 0
-0.111399 0.63755 -0.176993 -1 0.00600753 -0.156108 -0.46167 0.121105 0.0919372 : 0.4
0.115403 0.152558 -1 -1 -0.347605 -0.185774 0.0810115 0.286612 0.0736414 : 0
0.121617 0.888087 1 0.744474 1 0.884756 0.0438944 0.320554 -0.00723308 : 0
0.226296 -0.491266 0.0471857 0.0267816 -0.0358287 -0.133168 -0.0057838 0.295658 0.140234 : 0
-0.219605 0.975755 -0.200907 -0.0495643 0.0754221 0.251514 -0.0135856 0.0609165 -0.11344 : 0
-0.198332 0.509 0.0620717 -1 0.345373 -0.0574594 0.90031 0.0689063 0.307609 : 0
-0.140599 0.0615156 0.392893 -0.214093 0.7258 0.0687298 0.131147 -0.0495841 0.598013 : 0.2
-0.224201 1 -0.501869 0.219119 -0.490173 -0.136257 -0.170718 0.0063255 0.0122146 : 0
0.121144 0.437685 0.753742 0.0990877 1 -0.0441732 0.104293 -0.0403202 -0.192933 : 0
0.0792624 -0.19727 -0.200775 -0.469035 0.0133775 0.195661 0.121168 -0.392704 -0.063144 : 0.4
0.111821 0.397328 -0.367786 -0.0407539 0.460013 0.951316 0.525228 0.641644 0.0339424 : 0
0.0318676 0.0656149 0.411794 -0.162662 0.118384 0.750942 0.0903352 0.0365457 -0.24382 : 0.1
0.297775 0.127036 0.271198 -0.373266 -0.665555 -0.457914 -0.314936 -0.420653 0.452537 : 0.2
-0.165424 0.548137 0.37138 0.375177 0.642265 0.322114 0.238831 -0.175276 -0.456987 : 0
-0.153832 0.172677 -0.147418 -0.0633955 0.135197 -0.364558 0.198663 0.0683825 0.136644 : 0.4
-0.116766 0.533836 0.356162 0.0711858 0.0715934 0.0503822 -0.0774837 -0.0637424 0.152042 : 0.2
0.00873679 0.19496 0.12121 -0.56451 0.0365313 0.192077 0.87214 0.124176 0.103257 : 0.3
0.0800424 0.600148 -0.338076 0.41836 -0.301188 0.961382 -0.129444 0.0701651 0.0965887 : 0.4
-0.28175 0.780604 0.552346 1 -0.699267 -0.62072 -0.418561 -0.0363892 0.04753 : 0
-0.245664 -0.296012 0.201381 -0.0755141 -0.351751 -0.17507 0.0293254 0.25376 -0.305502 : 0.2
0.0407039 0.238476 0.841237 -0.0429968 -0.0119313 -0.118427 0.396291 0.111873 -0.616775 : 0
0.0714976 0.306328 0.0891876 -0.0615578 0.693997 0.180495 0.0688845 0.115649 -0.222901 : 0.1
-0.0305487 0.2677 0.304048 0.599584 0.204043 -0.248456 -0.0793619 0.0269778 0.165592 : 0
0.0193458 0.491368 0.131355 -0.157352 -0.299285 -0.382787 -0.166579 -0.114964 0.0465719 : 0
-0.0366258 0.272181 0.350474 1 0.486265 0.569922 0.333036 0.105088 0.159396 : 0.4
0.105355 -0.0466083 -0.03781 0.0685893 0.690561 0.307533 0.24697 0.176866 0.0194365 : 0.1
-0.246265 0.0033178 -0.194241 0.115237 -0.0209952 0.397318 0.251766 -0.0758481 0.0649186 : 0
-0.00364362 0.0256764 0.140281 0.329694 0.0659015 -0.186949 0.248685 0.329213 0.142027 : 0.5
0.0776376 0.0847342 -0.102178 -1 0.294829 0.681482 -0.117486 0.411808 -0.310926 : 0
-0.0586622 1 -0.0973922 0.807761 0.372817 0.338602 -0.257526 0.0911473 -0.105147 : 0
-0.552688 0.838047 0.00596383 0.610138 -0.00669271 -0.444514 -0.0267141 0.0897549 -0.00500196 : 0
-0.570984 -0.160772 -0.119867 0.296898 -0.218454 -0.384168 0.0322516 0.265847 0.202559 : 0.1
-0.121307 0.95246 -0.236303 -0.199579 0.230117 -0.135988 0.231924 0.330112 -0.0480832 : 0.2
0.00154596 0.890037 -0.308563 0.0236149 0.845561 0.0491415 0.218054 -0.0583038 -0.089109 : 0.1
0.186893 0.0140018 -0.529657 0.207755 0.178579 0.168306 -0.150381 0.32152 0.0275712 : 0.1
0.232796 0.119967 0.252139 -0.171618 0.466323 0.195306 0.363162 -0.129626 0.125805 : 0
-0.214907 -0.587342 0.326918 0.508192 0.0181246 -0.0246713 -0.489677 -0.659102 -0.034771 : 0
0.33435 0.520047 -0.227474 -0.523778 0.368794 -0.494546 0.139737 -0.0230837 0.887016 : 0.1
0.662636 -0.372812 0.0936771 0.140177 0.615234 0.0938882 -0.605347 -0.12561 0.13658 : 0.1
0.0328759 -0.441188 -0.123636 0.208889 0.0939229 -0.134851 0.609486 0.166941 0.25131 : 0
-0.134636 0.095211 -0.659543 -0.803583 -0.206995 -0.15431 0.464397 0.22833 0.229311 : 0
-0.246096 0.216832 -0.290526 1 -0.793413 0.735838 -0.250737 0.291636 -0.341193 : 0.4
-0.239818 0.0119458 -0.277407 0.192956 -0.0601383 -0.23418 0.126754 0.14509 0.10405 : 0
-0.187542 0.157399 0.67664 -0.438526 0.151168 0.0644937 0.175696 0.325816 0.364006 : 0
0.0906727 0.281547 0.105369 -0.448131 0.0251055 -0.633139 0.322608 0.0170087 -0.202525 : 0
0.00698839 0.212508 0.163441 -0.026853 0.0979633 0.089863 0.0617597 0.00709791 0.472323 : 0.5
0.0447556 0.686032 -0.101955 0.507114 -0.1156 0.675254 0.459267 0.217577 0.0466171 : 0.3
-0.175862 -0.086951 -0.171865 -0.3563 0.863753 0.220711 0.0680352 0.173395 0.671159 : 0
-0.18458 0.913945 0.224921 0.296978 -0.442389 0.436735 -0.290106 0.2785 0.795023 : 0
0.00310403 0.0344539 0.0760468 -0.0322123 0.423892 -0.682542 0.50247 0.901581 -0.225993 : 0
-0.190531 0.33521 -0.235696 0.597454 0.285865 -0.270829 0.156486 0.01416 0.225581 : 0.2
-0.220854 0.203842 0.562056 -0.0217726 0.276078 0.0458085 0.0504129 -0.0844415 0.315318 : 0.5
0.0749139 0.135582 0.23298 -0.308521 -0.0541035 0.318653 0.054578 0.0486659 0.379162 : 0.5
-0.167524 -0.0160446 0.276522 0.345158 -0.416522 -0.0321807 0.0844098 0.0629823 0.31071 : 0.3
-0.137702 0.826846 -0.171209 0.309818 0.79309 0.64676 0.368821 0.170552 0.108364 : 0
-0.221894 0.768507 0.0628029 0.114508 -0.72279 -0.521418 -0.0830501 0.0722029 -0.0166561 : 0
-0.329888 0.63542 -0.856569 -0.109548 -0.0696064 0.0100197 0.207882 0.274976 0.0970604 : 0
-0.0258664 0.251099 0.910302 0.704137 -0.138712 -0.39083 0.0133465 -0.0419357 0.133065 : 0
0.125922 -0.371109 -0.44624 -0.0583442 0.344714 0.501374 0.23619 -0.024294 -0.541086 : 0
-0.223617 0.243865 0.0390112 0.321862 0.169247 -0.805468 0.282191 0.016035 0.148985 : 0
-0.21993 0.536056 0.270932 -0.726346 -0.158568 -0.032802 0.339668 0.012693 0.117646 : 0.3
0.0780012 0.988309 1 0.793581 -0.00979197 -0.444314 -0.294202 0.130576 0.246339 : 0.2
0.665972 1 0.392858 0.46573 0.0524592 0.180899 0.187088 0.0783927 0.418414 : 0
0.116908 0.597768 -0.285862 0.395681 -0.142331 -0.0429545 0.260874 0.319433 0.0948572 : 0
-0.160251 0.0208345 0.16091 -0.0221449 -0.281893 -0.309638 -0.094167 0.0394489 -0.0318954 : 0.1
-0.317014 0.507052 -0.534555 0.0341018 -0.201164 -0.0451767 0.029356 0.0721573 0.0795284 : 0.1
0.209079 0.0908289 0.348113 0.236032 0.0761321 -0.360231 0.182798 0.282229 -0.04135 : 0.4
-0.23137 0.00391859 -0.240255 0.388317 -0.351027 -0.489456 -0.250154 0.335123 -0.0876459 : 0
-0.0794436 0.239993 -0.964043 0.197593 0.529274 0.00420559 0.0666682 0.136774 0.293032 : 0
-0.0431147 0.992452 0.517713 -0.150535 0.501292 -0.127981 -0.440152 -0.131769 0.891754 : 0
0.248274 0.103468 -0.571212 -0.476358 -0.148196 0.501916 -0.0441907 0.685385 -0.353002 : 0.3
-1 1 0.228494 -0.0686218 -0.706133 -0.204348 0.189161 -0.0596535 0.483956 : 0
-0.110851 0.617654 -0.239491 0.534316 -0.0113327 0.398256 -0.103505 0.0640451 0.243264 : 0
0.84077 0.611049 -0.271945 0.136675 -0.393506 0.238464 -0.208945 -0.25012 0.324658 : 0
-0.0807553 -0.563213 0.649912 -0.519498 0.751419 0.195407 0.137954 -0.0235365 -0.356802 : 0
-0.500373 0.000602663 -0.597976 -0.309359 0.0388162 -0.543839 0.0185426 0.283929 0.25329 : 0
-0.0765358 -0.0170829 0.685304 0.00212903 0.160338 0.152943 0.083466 0.0208686 -0.923067 : 0
0.480962 0.532277 0.0944594 0.0489906 1 -0.0241983 0.165812 0.213486 0.112072 : 0.1
-0.0194464 0.212098 1 -0.556486 0.246395 -0.208293 0.0991841 -0.303049 0.132021 : 0
-0.24699 0.596601 0.398803 0.250838 -0.0241184 -0.297485 0.815347 0.198324 0.180102 : 0.4
-0.369812 0.39368 -0.0656653 0.522026 0.530139 0.108575 -0.181867 0.0920029 0.0801993 : 0
0.0866898 0.347297 -0.145345 0.439367 -0.26039 0.90404 0.272876 0.0348024 0.302669 : 0
0.311545 0.364613 0.090002 0.0984258 -0.450954 -0.487869 -0.112651 0.0501768 -0.0326185 : 0
-0.841151 0.846317 0.240335 0.295263 -1 0.336709 -0.19249 -0.191707 -0.109387 : 0.3
-0.719907 -0.275131 0.629695 0.0719113 0.233983 0.0151401 0.44668 -0.216286 0.140603 : 0
-0.1852 -0.0402392 0.0828945 -0.318627 0.137777 -0.376929 0.285233 -0.171684 0.139406 : 0
0.0556708 1 -0.288597 0.495163 -0.326858 0.132288 -0.305717 -0.105517 0.478224 : 0
-0.225272 0.812212 0.167009 0.12365 0.536987 0.00256434 -0.735513 0.00678672 0.447513 : 0
-0.326942 0.427624 -0.0712689 0.0441123 0.350731 -0.261532 0.175048 0.0335017 -0.185623 : 0
0.0228636 0.490191 -0.24366 -0.289506 0.129883 0.358489 0.102549 0.539486 0.323119 : 0
0.132029 0.284906 0.132589 -0.216087 0.137515 0.735784 0.00978908 0.0643347 0.983481 : 0
-0.136774 -0.223378 -0.863046 -0.112323 0.39879 -0.606856 0.155783 0.23548 -0.917624 : 0
-0.203639 -0.071186 0.416858 0.0838757 0.0767161 -0.287565 0.16454 0.788824 -0.215728 : 0
0.00753739 0.894385 0.0081836 -0.767714 0.159597 -0.445931 -0.0705846 -0.0493101 -0.274685 : 0.4
-0.16504 0.70573 0.42933 -0.0641584 0.297636 -0.297648 0.109115 0.20231 0.298757 : 0
1 0.964651 -0.00913274 -0.172034 0.0476341 0.143925 0.128926 0.00434005 0.331729 : 0
-0.0269315 1 0.258226 0.889348 -0.595883 0.458835 0.186888 -0.102394 0.0405935 : 0
-0.212172 -0.00658876 1 -0.650249 0.315592 -0.0546555 0.0364506 -0.117416 0.296039 : 0
0.00429729 1 0.182854 -0.979866 0.0434974 -0.395509 0.12646 -0.0173917 -0.136698 : 0
-0.0334205 0.543088 0.0435501 -0.0334098 -0.0384082 -0.256709 0.329079 0.167841 0.176216 : 0
-0.0929162 0.17573 0.301848 -0.635527 0.149038 0.00944805 0.0548143 0.222412 -0.396908 : 0
-0.960159 0.456981 0.165387 -0.126458 0.0144345 -0.92806 0.124133 0.394681 0.314346 : 0.2
-0.151445 0.507967 0.207342 0.138433 0.0605347 0.169684 -0.0566871 -0.472481 0.209222 : 0
-0.00923029 0.946093 1 0.279728 0.00573543 -0.169447 -0.472126 -0.123905 -0.103154 : 0.4
0.0477561 0.0306749 0.840755 -0.262519 0.00295966 0.117309 0.0193646 -0.165609 0.105389 : 0
0.0489259 -0.0751378 0.190517 -0.0829028 0.0686796 0.0922666 0.0755712 0.0258994 0.0488083 : 0
0.404457 -0.0439013 0.288264 -0.0860981 0.201571 0.323703 -0.0146619 0.0354031 -0.0145728 : 0.4
-0.0635845 1 -0.149735 0.244154 -0.0223101 0.434856 0.445439 0.171582 0.179612 : 0
0.123551 -0.104927 0.740219 -0.297664 0.0491731 0.182624 -0.129542 0.233185 -0.420078 : 0
0.053845 0.242024 0.111245 0.344848 0.525796 0.315098 0.234575 0.101175 0.128991 : 0.5
-0.26228 0.335133 -0.509666 0.805134 -0.139449 0.408246 0.122482 -0.26633 0.195188 : 0
-0.188995 0.20801 0.318462 -0.0300063 0.0866555 0.18546 0.0675575 -0.305819 0.093436 : 0.1
0.205921 0.338055 0.327724 -0.299948 -0.00754237 0.127263 0.220855 0.821256 -0.0939169 : 0.5
-0.120645 -0.196714 1 0.332573 0.237757 -0.862511 0.159602 0.146551 0.134488 : 0.5
0.280145 1 0.194963 0.0357622 0.0313338 -0.15493 0.0259762 0.259692 0.145435 : 0.7
0.0838564 0.568875 0.248577 -0.211225 -0.0206015 -0.176438 0.434885 0.799807 0.160398 : 0.5
-0.046769 0.158792 -0.187474 -0.211065 0.00825365 -0.930534 -0.150492 -0.256206 0.137679 : 0
0.0480154 0.0618412 0.348477 0.124457 -0.0484638 0.0886734 0.695906 -0.455444 -0.0863042 : 0
0.530176 0.517127 0.0867502 0.15342 0.61587 0.667057 -0.0455161 0.104769 0.578653 : 0.1
0.00921607 0.0804884 -0.0257523 0.392077 -0.0931286 -0.0584156 -0.0987843 0.0296938 0.241977 : 0
0.215816 0.652748 -1 -0.495363 0.277951 1 0.130392 0.0506057 -0.322771 : 0
0.160552 0.23383 0.124613 0.584308 0.0746276 0.0325228 0.527513 -0.0387884 -0.13075 : 0
-0.192006 0.122498 0.178664 0.347755 -0.370508 0.165157 0.441141 0.0114188 -0.21673 : 0
-0.0661107 0.675442 0.959532 0.0963829 -0.32076 -0.0667057 -0.0800774 -0.0071626 0.376849 : 0.1
-0.0670237 0.657595 0.0781256 -0.125183 -0.0467707 0.0877742 0.26823 -0.315613 0.113011 : 0
-0.689297 0.797328 0.20409 0.44681 -0.143305 -0.0995234 -0.4951 -0.0209902 -0.201239 : 0
0.490251 0.0143741 0.42374 -0.033926 0.417843 0.374928 0.163333 0.0469025 0.173577 : 0
0.286135 0.442879 0.271673 -0.0927948 -0.303108 0.368979 0.42018 -0.304908 0.00243865 : 0.1
0.0114694 -0.134547 0.701636 -0.265065 0.708331 -0.0461343 0.248507 0.0566705 0.262187 : 0
-0.240218 -0.569322 -0.0523145 0.364013 -0.124946 -0.0647468 -0.232688 -0.077691 0.139618 : 0.1
-0.0610287 0.361181 -0.193282 0.0228003 -0.18547 -0.290201 0.10418 -1 -0.00823617 : 0
0.293517 0.611556 0.498881 0.131633 0.0121662 -0.736581 0.291942 0.247003 -0.163544 : 0
-0.124956 0.204445 0.0635172 0.168646 -0.715849 0.682594 -0.0928441 0.00670257 -0.142017 : 0
-0.0467879 0.972167 0.293854 -0.22278 -0.67378 -0.0590384 0.784723 -0.0840788 0.0722891 : 0
-0.06447 0.25709 0.46637 -0.382802 0.284642 -0.284239 0.0284479 0.148277 -0.140771 : 0
-0.299561 0.57001 0.37159 0.382598 -0.763415 -0.0772527 -0.192195 -0.297797 0.358843 : 0.2
-0.0108313 0.709697 -0.319985 0.341656 0.0291454 0.570241 0.323274 0.131609 0.0738989 : 0.1
0.0705758 0.671289 0.426822 -0.0293165 0.340671 -0.00201318 0.17503 0.070563 -0.239641 : 0.3
-0.100426 0.695078 0.330651 0.44732 0.803682 -0.0994034 0.126078 0.550335 0.444781 : 0.1
-0.162178 0.758106 0.310241 0.306892 -0.287984 -0.605152 0.769588 0.120309 0.0768018 : 0
-0.137578 0.603897 -0.0719397 -1 0.213369 -0.0347753 -0.171923 0.0306776 -0.0565736 : 0
-0.158602 -0.0232029 0.34425 -0.187536 0.159357 -0.134252 0.455176 0.210978 0.159422 : 0.2
-0.658588 -0.173867 -0.0576264 0.233585 -0.0115424 -0.460169 0.30195 0.300707 -0.0307726 : 0.4
-0.101529 -0.0114923 -0.0239272 0.0379731 0.371074 -0.14122 0.0138329 0.36357 0.134302 : 0
0.404605 0.575773 -0.0372781 -0.512615 -1 0.194843 0.191386 0.263464 0.0997365 : 0
-0.12876 0.382336 0.486848 0.101821 0.121863 -0.104083 0.186942 -0.695028 0.320464 : 0.4
0.04905 0.0757446 -0.122723 -0.562076 0.557023 -0.600108 0.117665 0.347285 -0.224481 : 0
0.229442 0.264112 0.846004 -0.0141588 0.613562 0.226337 0.224494 -0.115196 0.287453 : 0.4
0.105358 0.714141 0.366502 -0.363639 0.0207775 -0.218618 0.0812737 -0.0331413 0.249374 : 0.2
-0.0446847 0.379766 0.51462 0.119215 0.15219 -0.0260177 0.437018 0.274913 0.657115 : 0.2
0.193016 -0.298196 -0.0400006 0.824277 -0.079424 -0.101083 0.0927942 0.108069 -0.00905257 : 0.4
-0.240917 0.057266 0.911552 -0.0395465 -0.0788512 -0.41559 0.150257 0.0310743 0.186699 : 0
0.093018 -0.307393 -0.256654 0.0248015 -0.204697 -0.728029 0.371743 0.017517 -0.188807 : 0.1
-0.347164 0.130882 0.420061 0.051483 0.0573804 0.545094 0.233784 0.0114078 0.0641104 : 0
-0.165051 0.439057 0.297372 0.989695 0.0754976 0.200711 0.39744 0.0304071 0.18064 : 0.4
0.149424 -0.468389 -0.0723499 -0.0780655 0.0186779 0.392982 -0.0164011 0.755608 -0.299808 : 0
-0.0120974 0.59903 -0.543009 -0.299699 -0.560806 -0.320869 0.398609 -0.0596451 0.060306 : 0
-0.168559 0.604104 0.149746 -0.165601 0.496128 -0.021694 -0.29371 -0.0213264 0.045244 : 0.3
0.0928926 1 0.0470135 0.0731312 -0.0263978 0.213468 0.367435 -0.170026 -1 : 0
-0.355127 -0.128366 0.152847 0.63357 0.176203 0.071645 0.776108 -0.515624 -0.110637 : 0.4
0.101942 0.722273 0.272635 -0.148323 0.429729 -0.077772 -0.166497 -0.0437001 0.475503 : 0.4
1 -0.384361 0.413355 0.0927689 0.224671 0.393019 -0.331439 -0.168904 0.135511 : 0.5
-0.22886 0.938463 0.221841 1 0.21127 0.845835 0.284834 0.263389 0.341754 : 0
-0.244561 -0.0279992 -0.00822416 0.894454 -0.279564 0.354818 0.418488 -0.0285655 0.09747 : 0.3
-0.131988 0.698595 -0.193326 0.471617 0.301915 -0.128054 -0.0284543 0.532619 0.164894 : 0
0.583326 -0.159728 0.00643326 -0.24461 -0.228505 0.0161856 0.024773 -0.0205708 0.508687 : 0
0.0145952 0.138076 0.103193 0.0149671 0.0943057 0.0271816 -0.572748 -0.356376 0.205811 : 0.1
-0.260148 0.30156 0.169842 0.411023 -0.0833408 0.607232 0.11863 0.398383 -0.697585 : 0
0.162307 -0.117143 0.342608 -0.264551 0.0619497 -0.128173 0.0298737 0.39957 0.368354 : 0.4
-0.0147898 -0.342029 0.15518 -0.0123363 -0.136492 -0.0290738 0.36303 0.290408 0.305938 : 0.1
0.172437 -0.261418 0.309331 -0.202452 -0.400333 -0.0751261 -0.0194013 0.0662368 -0.0885568 : 0.1
-0.053368 0.247403 -0.052428 0.863659 0.987165 1 0.17694 0.207099 0.298829 : 0.1
0.130823 0.505487 0.949143 -0.322133 0.734371 0.798095 0.166235 0.140319 -0.0984844 : 0
0.317364 0.698635 0.230007 -0.860562 0.000311969 -0.243394 0.0718756 0.168186 0.689509 : 0.1
-0.673343 0.066002 -0.0121576 0.654177 0.27862 0.509931 -0.0640905 0.126191 0.253296 : 0
-0.0499702 0.535897 0.264788 -0.689048 0.098016 0.175401 -0.0448174 0.114592 -0.0368068 : 0
-0.110658 0.0245339 -0.486206 -0.176746 0.0530954 -0.137894 0.00850985 0.161474 0.127691 : 0
0.371567 -0.545272 0.0161121 -0.0707978 0.136139 0.235753 0.370117 0.186344 0.112531 : 0
0.71753 -0.254093 -0.0112993 0.133707 0.313841 -0.479521 -0.351034 -0.0849376 -0.154019 : 0.1
-0.152499 0.638919 0.132886 -0.998231 0.253593 -0.30265 0.00585993 0.0253036 0.434277 : 0
0.625245 0.362803 1 0.0821956 0.159878 -0.344771 -0.00269777 -0.241442 0.290672 : 0.2
-0.103528 0.234732 -0.306204 0.0940064 -0.0601593 0.145849 0.169452 0.0341582 0.283805 : 0
-0.200336 0.899554 0.382875 1 -0.662634 0.0604995 0.147033 0.112188 0.281973 : 0.2
0.11905 0.246804 0.419556 1 0.131252 0.130527 0.32668 0.0890718 -0.31972 : 0.3
0.239314 -0.0221377 -0.426695 0.578411 0.29622 -0.0460084 0.1057 0.0541999 0.485961 : 0.3
1 1 -0.471208 0.013757 -0.215885 0.137171 -0.124263 -0.323556 0.179608 : 0.1
0.373548 0.266852 0.594677 0.159518 0.460346 1 0.277368 0.162514 0.190277 : 0
-0.261256 0.463484 -0.0979537 -0.390796 -0.0764891 -0.34354 0.481122 0.0261155 0.260065 : 0
-0.296358 0.883596 0.0513205 0.346536 0.373073 -0.0661548 0.446221 -0.00662471 -0.197274 : 0
-0.760463 0.144208 0.655143 0.439019 -0.533902 0.377163 0.496886 -0.0575712 0.532626 : 0
-0.106001 -0.252928 0.32305 0.211398 -0.00272916 -0.180603 0.180234 0.0289464 -0.0936811 : 0.1
0.531078 0.880825 0.250796 -0.838502 0.0402885 -0.477582 0.386776 0.0724039 0.25778 : 0.4
-0.00920709 0.0989969 -0.682666 0.396004 -0.166435 0.426229 0.305476 0.193854 0.196241 : 0.1
-0.104267 -0.0959395 0.132039 -0.270763 0.397873 -0.0891175 0.0404745 0.0769357 0.454886 : 0.2
-0.298954 0.734601 -0.0756503 -0.451446 0.731438 0.237364 0.005512 0.589416 -0.0679606 : 0.1
0.0340863 0.501275 0.195317 0.0579635 0.167554 -0.36175 0.0402658 0.0203448 0.366302 : 0
0.177812 0.0783458 0.190903 -0.435369 0.187505 1 0.0780261 0.0686468 -0.0871088 : 0
-0.181598 0.496108 -0.00816005 0.117919 0.350147 0.59299 0.652699 0.0888186 0.744341 : 0.3
-0.0242182 0.219529 -0.737461 0.302631 0.289563 0.502462 -0.199486 0.251309 0.207467 : 0
0.117644 0.259801 0.417234 1 0.0734799 -0.175219 -0.229482 0.28505 -0.202851 : 0.2
-0.0726453 0.132696 0.383218 0.227078 0.124461 0.542245 -0.0156074 -0.210004 0.181765 : 0.3
0.0775986 -0.177936 -0.294822 -0.0245395 0.118583 -0.185802 -0.666088 -0.102636 0.195011 : 0
-0.229221 0.613622 0.287413 -0.104635 -0.33739 -1 -0.0253888 0.193875 0.242143 : 0
-0.989763 0.68784 0.371541 -0.0738643 0.833697 0.585839 0.248025 -0.167548 0.383521 : 0
-0.117761 0.35204 -0.0285337 0.12086 0.515958 0.125352 -0.314171 0.149191 0.0574539 : 0.3
0.00857019 1 0.260664 0.365444 -0.579285 0.256579 0.0325196 0.186318 -0.137559 : 0.1
0.279623 1 0.298026 -0.902761 -0.0575355 -0.222185 -0.0395626 -0.101468 0.664295 : 0.4
-0.381278 0.554762 0.0979095 -0.0972118 0.185433 -0.204635 -0.0614401 0.183107 0.0540959 : 0
0.304376 0.871672 -0.80525 0.0188364 -0.287555 -0.503714 0.0508813 -0.0592483 0.357261 : 0
0.0779604 -0.142113 0.146196 0.00783414 0.0781276 -0.351915 0.222978 0.105758 0.23823 : 0
-0.113274 0.413435 0.217828 -0.0925937 -0.100001 -0.697808 0.0903485 0.0321436 0.335881 : 0
0.392949 0.405148 0.497455 0.129577 -0.0338591 0.367831 1 -0.194666 0.0850397 : 0
0.310417 -0.0653209 0.0143224 -0.203414 0.230619 1 0.509646 0.160666 0.210509 : 0
-0.543408 0.898566 0.337534 -0.0631921 0.578493 0.0549977 0.29131 0.235932 0.254163 : 0.5
0.473645 0.425502 -0.466982 0.336438 -0.159479 0.512217 0.312498 0.090559 0.479865 : 0.3
-0.112601 0.507661 0.10008 -0.109252 0.109735 0.659931 0.212062 0.186388 -0.536195 : 0.3
-0.176657 0.512259 0.211511 -0.368461 -0.267639 -0.0100277 1 -0.0672947 0.433391 : 0.1
-0.431986 -1 -0.133389 -0.247765 -0.291633 0.367885 0.709866 -0.0936 0.126984 : 0.3
-0.252943 1 0.11143 -0.0115474 -0.0375099 -0.941907 0.276957 0.00778203 0.203854 : 0
-0.0505719 0.776014 0.361952 0.0625275 0.0208122 0.505062 0.0546481 -0.00129137 0.851398 : 0
-0.068425 0.709606 0.832694 -0.162325 0.185928 -0.137438 0.00923584 -0.0556884 0.14511 : 0
-0.24686 0.250766 0.395835 1 -0.0270509 -0.438519 -0.638102 -0.0403273 0.424675 : 0
-0.202332 0.0308049 -0.693325 0.12306 0.0225079 0.351476 0.164842 0.152483 0.140018 : 0.1
-0.800338 0.0779331 0.103004 -0.155094 -0.0568771 -0.326279 0.0617053 -0.044374 0.0200402 : 0
-0.160597 0.438167 -0.629367 0.947959 0.136415 0.296275 -0.181452 0.955685 0.219939 : 0.1
0.132085 0.614732 0.534139 -0.0941611 0.370086 -0.00341737 0.221694 0.00469452 0.149971 : 0.4
-0.0273601 1 0.332433 0.392726 -0.0145311 0.101358 -0.373333 -0.371938 0.581272 : 0.1
0.0175536 0.583663 -0.24514 -0.952732 -0.838447 0.00575508 0.0296437 0.358382 0.275143 : 0
0.069692 0.748527 0.214554 -0.481264 -0.78537 -0.361221 0.196121 0.178899 -0.00573888 : 0.3
-0.0291977 0.582488 -0.150343 0.0408228 -0.324476 0.293449 0.343394 0.0302783 -0.291193 : 0
0.0143829 1 -0.0732534 -0.649222 0.227601 0.371704 -0.199271 -0.301606 0.413097 : 0
-0.204235 0.037512 0.309247 0.179566 0.3025 0.0991346 -0.158375 -0.00296882 0.0628862 : 0
-0.14905 0.611399 0.682334 -0.60715 0.0422607 0.768319 0.550137 0.220868 0.203842 : 0
0.295241 -0.121875 0.815952 -0.335577 -0.52365 0.507288 0.371615 0.105539 -0.212101 : 0
0.0545637 0.0299511 -0.152429 -0.447043 0.138394 -0.453488 0.00518508 0.194118 0.295137 : 0
-0.107597 -0.0561597 -0.140472 -1 -0.0667211 -0.173286 -0.287106 -0.0488127 0.268312 : 0.1
0.0540182 0.665262 0.0291073 -0.110662 -0.123551 -0.718154 -0.0161801 0.0111753 -0.137211 : 0
0.147909 0.288632 -0.530485 -0.349846 0.35359 0.111049 0.117951 0.181235 0.350119 : 0.5
-0.0816663 0.176824 -0.23257 -0.166267 0.144293 0.819408 -0.211822 -0.341375 -0.21781 : 0
0.19436 -0.246517 0.290065 0.182065 0.293574 0.190435 0.139557 -0.0672436 0.18122 : 0
0.239274 0.435827 0.592293 -0.137866 0.159984 0.355848 -0.163343 0.121353 0.00361443 : 0
0.147809 -0.255002 0.0879893 0.346944 0.0528126 0.0403457 0.0224018 0.050001 0.294524 : 0.1
-0.836273 0.192506 0.412723 0.0388472 0.403577 0.650186 1 0.482044 0.135964 : 0
-0.0599491 0.676563 -0.168294 -0.432465 0.0374725 -0.361747 0.0928952 -0.0048973 -0.272794 : 0
0.457085 -0.271318 0.513453 -0.0156235 -0.41359 -0.229498 0.174612 -0.0335546 0.118387 : 0
0.0766337 -0.145365 0.574121 -0.318857 -0.0681529 -0.13408 0.237276 0.222454 -0.262794 : 0.1
0.0784018 0.898292 0.0335668 -0.289056 0.0648891 0.00712591 0.22564 0.00509015 -0.0162195 : 0
0.126349 0.563202 -0.945621 0.455362 -0.128978 -0.0271687 0.0821274 -0.07346 0.250398 : 0.4
0.27861 0.304184 0.14684 0.304197 0.45294 -0.207212 -0.034528 -0.404632 0.0520202 : 0.1
-0.186034 0.109034 0.176972 0.387121 0.286363 -0.0770645 -0.160269 0.0950071 0.116695 : 0
-0.057365 0.168368 0.415206 -0.449734 -0.416995 0.112638 -0.149876 -0.0732865 0.184623 : 0
-0.716544 0.185779 -0.27891 0.479723 -0.252157 0.427004 -0.301223 0.161727 -0.133139 : 0.4
-0.138608 0.617039 0.0784092 -0.0112937 -0.412437 0.562211 -0.0745187 0.000248566 0.413826 : 0
-0.130649 0.456233 -0.0782531 0.906978 -0.0362747 0.423164 0.0474722 0.0974216 -0.124345 : 0.3
-0.130321 0.566633 0.018424 1 0.166464 -0.144378 -0.00386934 0.012728 0.342348 : 0
0.132856 -0.424198 -0.11059 -0.186853 0.34341 0.415458 -0.416839 0.105952 -0.193872 : 0
-0.401032 0.364052 0.192597 -0.0759325 0.441005 -0.263671 0.333481 0.168349 0.323665 : 0
-0.225305 0.795 -0.000560977 -0.170924 0.0211394 -0.113524 0.202681 0.164089 -0.622909 : 0
-0.1793 0.518676 0.672698 0.543987 0.374324 0.428121 -0.111377 -0.330406 0.187481 : 0
-0.471987 0.281558 -0.20101 0.0342116 -0.183015 0.00952703 0.206613 -0.0157568 0.208197 : 0.1
0.0714995 0.746068 -0.508868 0.560037 0.741603 0.145823 -0.105005 0.221125 0.406105 : 0
-0.193226 0.847212 -0.0236813 0.410311 0.628786 0.0337573 0.0170224 0.23222 -0.367635 : 0
-0.351714 0.156097 0.0391866 -0.236849 0.103769 -0.318066 0.21621 0.223978 0.0633093 : 0.1
0.0334326 -0.0796154 0.259685 -0.656348 0.460921 0.350853 -0.119528 0.181557 0.100157 : 0
0.145254 0.384959 -0.231916 0.402229 0.309259 -0.200229 -0.355297 -0.184932 0.740858 : 0
0.0974205 -0.426658 0.010471 -0.814359 -0.261532 0.261329 -0.0867446 -0.0401895 0.149536 : 0
-0.380285 0.177701 0.101446 -1 -0.00559725 0.0459134 0.784816 0.186636 0.104025 : 0.4
0.0977947 -0.133671 -0.291099 0.444944 -1 0.169098 0.187715 -0.374921 -0.315454 : 0.1
0.291887 0.339953 0.177498 -0.227451 -0.411254 -0.547038 0.0719841 -0.0424579 -0.434252 : 0
0.145589 -0.182731 -0.151566 0.232 -0.436287 0.364832 0.401393 0.167225 0.0874028 : 0
-0.36994 0.51297 -0.432706 0.309651 0.19623 0.761169 -0.23726 0.0501623 0.265989 : 0.1
0.103047 -0.296976 0.0979435 0.277096 0.440637 0.433612 0.181555 0.123435 0.660035 : 0
-0.128655 -0.311317 0.888728 0.146475 0.159189 0.244213 0.262717 0.231729 -1 : 0.1
-0.164214 0.168882 1 0.206928 1 0.100438 0.312074 -0.0621408 0.0610167 : 0
-0.493023 -0.235546 -0.0879509 0.0477624 0.156442 0.733509 0.668694 0.810582 -0.542408 : 0
0.768838 0.260583 0.184662 0.128642 -0.744888 0.242784 -0.075942 0.0215088 0.0566858 : 0
-0.0141048 0.797059 -0.790034 -0.201942 -0.0517548 -0.632506 0.0880052 0.27111 0.333159 : 0
-0.33414 -0.612723 -0.157944 0.177358 -0.390332 0.992854 0.215836 0.116611 0.256002 : 0.3
-0.0204312 0.232433 0.326748 -0.248993 0.109291 -0.407958 0.127923 0.0964317 -0.918291 : 0
0.380936 -0.293662 0.0655601 -0.00953873 -0.128339 1 0.313828 0.508085 0.132698 : 0
0.19103 0.731382 0.0594543 0.252866 0.928464 0.774679 0.219834 0.240793 0.0936052 : 0.3
-0.161954 0.231735 0.232156 0.109342 0.240478 0.189872 0.438462 0.682674 0.074926 : 0
-0.105577 0.233408 0.482659 0.224766 0.12226 0.455253 0.0771285 -0.00968842 -0.168221 : 0
0.0723082 0.166834 -0.102313 0.363137 0.0600928 0.215217 0.412795 -0.16981 -0.0118365 : 0
-0.199131 -0.175805 0.553701 -0.517807 0.449326 0.466302 0.0161259 0.289015 0.201933 : 0.3
-0.273503 0.697008 0.222927 0.270114 -0.205622 -0.452314 0.0197479 0.236557 0.137879 : 0.1
0.0878731 0.503436 0.508776 0.846973 0.391228 -0.077606 0.0522514 0.267078 0.355213 : 0
-0.471733 0.854009 0.0578196 -0.890311 0.625134 -0.896991 0.283518 0.472756 0.166241 : 0
-0.0586284 0.158571 0.581348 -0.230266 0.697584 0.0270515 0.0289938 0.268017 0.366347 : 0
-0.193481 0.828013 -0.122909 -0.332385 0.0689306 0.0672132 -0.0462173 0.328057 1 : 0.3
0.150697 -0.368484 -0.017417 -0.0672638 0.159731 0.429602 -0.628467 -0.0581528 0.119678 : 0.1
0.127826 -0.134494 0.811203 0.516336 -1 0.604226 0.107845 0.202867 -0.429273 : 0
-0.067108 0.915525 0.51299 0.371073 -0.263927 -0.293343 0.53115 0.00685428 0.207944 : 0.1
-0.00948569 -0.163895 0.101684 0.0593383 -0.482516 -0.227142 0.666894 0.172139 0.28542 : 0.1
-0.167556 0.560155 0.325351 0.564169 -0.30124 0.0518649 0.0260053 -0.97336 0.32651 : 0
-0.0731732 0.682733 0.22527 0.29286 0.657888 0.534113 -0.0425403 0.00102734 0.234229 : 0
-0.251604 0.0912787 0.122063 0.124971 0.797213 0.235011 -0.713836 -0.223116 0.452862 : 0.4
0.274983 0.220015 0.362873 0.0707951 0.666942 0.229998 0.311141 0.0445293 0.21983 : 0
-0.181477 0.00513848 -0.272584 0.0354468 0.296808 0.0311832 0.0302772 -0.00881678 0.323596 : 0
-0.27006 0.258781 0.0718187 0.46884 -1 -0.472918 0.0885634 0.158457 -0.157245 : 0.5
-0.154657 0.478741 -0.105056 0.979118 0.332904 -0.346893 0.01207 -0.293017 0.355231 : 0
-0.436171 -0.149309 0.135274 -0.665301 -0.115016 -0.471336 0.142846 0.0415894 1 : 0
-0.551039 0.968044 0.22509 0.807812 0.196163 0.462603 -0.566661 0.393671 0.392687 : 0
0.796278 -0.147697 -0.130357 0.430507 0.126556 -0.226479 0.379864 -0.0868958 0.0716776 : 0.4
0.324777 -0.718748 -0.165138 0.41271 0.128722 0.818014 0.210627 0.121588 0.125878 : 0
0.184402 0.468951 0.222673 0.0876845 -0.0548868 0.17325 0.381788 0.132859 -0.0124187 : 0.2
-0.266416 -0.108477 0.233142 0.0631245 1 0.110357 0.504567 -0.0904767 -0.177522 : 0.1
0.0243054 -0.64536 0.0420785 -0.368342 -0.122781 -0.496275 0.300998 0.0576573 0.0679363 : 0
-0.0746004 -0.00576466 -0.197963 0.183078 0.733595 0.579743 0.117093 0.102668 0.64416 : 0
-0.0687838 0.35206 0.311403 0.440126 -0.0709038 -0.0300221 -0.784607 -0.481143 0.212074 : 0
0.288926 0.905572 -0.222764 0.0142471 0.127778 -0.131511 -0.0233387 -0.0617156 0.187713 : 0
0.377852 0.0572725 -0.494122 -0.101032 -0.220156 0.446017 -0.344025 0.234175 0.60473 : 0
-0.0292594 0.36608 0.225487 -0.0255164 0.39234 -0.219463 0.0343228 0.305789 0.231732 : 0
-0.185403 1 0.367727 0.232012 0.569284 0.378366 0.183708 0.646128 0.546357 : 0.1
0.174543 0.278468 0.343521 0.658254 0.0941541 -0.33458 0.0203654 -0.0125783 0.2069 : 0
0.218567 -0.120124 -0.0193863 -0.162346 -0.0148462 0.20126 0.510159 0.153032 -0.0496481 : 0
0.0887538 0.763391 0.141576 0.11376 0.0481907 -0.409331 0.0591243 0.0110938 0.339516 : 0.1
0.111739 0.0952297 -0.0064795 0.0648651 0.0020672 0.134174 0.126374 0.253754 0.0779991 : 0.6
0.600501 -0.628495 -0.0122608 -0.0762594 0.256887 -0.245939 -0.0931371 0.0402025 0.0970094 : 0
0.0458951 0.391819 0.19246 -0.332528 0.840067 0.0565928 0.220136 -0.333378 -0.333192 : 0
0.322857 -0.130729 0.0215335 0.187422 -0.0323124 -0.135753 -0.101363 0.681567 -0.45844 : 0
0.155173 0.190756 0.292433 -0.0866298 0.114224 -0.20696 0.190349 0.261037 0.0524622 : 0
0.044551 0.247481 0.0218102 0.452774 -0.185958 -0.814186 0.148551 0.161826 -0.20349 : 0
-0.166036 0.269068 0.239126 -1 -0.459248 0.140216 0.046817 -0.124556 0.217716 : 0.1
-0.0950412 0.758902 -0.272177 0.427198 -0.120502 1 0.217871 -0.0700295 -0.327355 : 0.1
-0.358643 -0.132682 0.607398 -0.0998679 0.0930467 0.0439091 0.368003 0.113557 0.224695 : 0
0.190259 -0.129848 0.160162 0.0802954 0.978782 0.445449 0.217631 0.0961055 0.146231 : 0.4
0.0164842 0.265939 0.202781 0.373968 -0.0504295 0.0723495 0.581234 0.0464082 0.219887 : 0.1
0.194121 -0.246514 0.170702 -0.226281 0.196871 -0.651465 0.0193757 -0.3964 0.393491 : 0.3
-0.245008 0.560434 -0.073741 0.223987 0.0912839 0.172204 -0.187115 0.124469 0.42609 : 0.1
0.0934281 1 -0.135509 -0.702203 0.0618753 -0.186435 0.251256 0.0293644 0.447656 : 0.6
0.0393938 0.393502 0.513129 0.299834 0.810844 -0.0859145 0.00252406 0.324498 0.06769 : 0
0.240498 -1 0.212365 0.541239 0.120769 -0.0525305 -0.283025 -0.33804 0.0686453 : 0
-0.0367723 0.751483 1 0.0131285 0.0513154 0.265725 0.263044 0.0765984 0.545994 : 0.7
-0.0423934 -0.0291881 0.0962615 -0.165878 0.10187 -0.159846 0.43543 0.508322 0.00861704 : 0
-0.167842 -0.184142 0.531309 0.0155976 -0.550745 0.0477051 0.0285074 -0.323466 0.372336 : 0
0.0215324 -0.24967 0.32431 0.172426 0.291943 -0.600823 0.0762983 -0.166433 0.344758 : 0
-0.42905 0.00792326 -0.427899 -0.351436 -0.016647 0.763058 0.713 -0.146534 0.187899 : 0
-0.279075 0.103205 0.375724 -0.207791 -0.210183 0.246445 -0.0852502 0.105268 0.294722 : 0.3
0.105567 0.688642 0.179308 -0.244699 0.271297 0.505198 0.313962 -0.0502682 -0.224449 : 0
0.0103061 0.0977333 0.682959 -0.604771 -0.37373 -0.584515 0.316687 -0.0636643 0.208703 : 0
0.146782 0.33366 -0.115954 0.125955 -0.0382945 0.404394 0.106928 -0.138689 0.217233 : 0
0.209062 -0.363146 -0.202305 0.934622 -0.460134 0.857635 -0.221955 0.0861688 0.0961723 : 0
0.0255429 0.0230018 0.296147 0.082453 0.0721866 -0.0841677 0.302177 0.373347 -0.0812516 : 0
-0.461067 0.556858 1 0.519585 0.00975702 -0.0746458 0.455854 0.20797 0.0526227 : 0
0.911949 0.969552 -0.202547 0.197169 -0.223041 0.107539 -0.074466 0.0175237 0.689505 : 0
-0.406086 0.0927545 0.648313 1 0.285264 -0.458425 0.398874 -0.0856316 0.424969 : 0
0.391794 -0.186731 0.359302 -0.453819 0.58888 0.57086 0.183728 0.0623844 -0.0249275 : 0
-0.475281 -0.240305 0.349061 0.277507 0.203265 0.252844 0.222893 0.279729 0.0816896 : 0.3
0.445991 0.24863 0.711906 0.135349 0.0915043 0.141986 0.202416 0.060371 -0.437781 : 0
0.0781745 0.337876 -0.021442 0.162944 0.0939825 -0.102252 0.553449 0.021084 -0.112108 : 0
-0.773596 -0.657069 -0.0291215 -0.274184 -0.590891 -1 0.221942 0.217754 -0.165332 : 0.3
-0.119111 0.741107 1 -0.210262 0.675343 0.463655 0.173402 0.209467 0.0745246 : 0
-0.217065 0.927485 -0.28165 0.160116 -0.396186 -0.502942 -0.0251545 0.183035 0.0867602 : 0.6
0.072133 0.910708 0.36035 -0.205104 0.174802 0.413601 0.230585 0.151831 0.173094 : 0
0.177248 -0.315342 0.156781 -0.0382722 0.123951 0.15391 0.284557 0.308491 -0.303627 : 0
0.0594605 0.499537 0.372531 0.24194 0.427068 0.264128 0.0124065 0.181791 0.364394 : 0
0.127139 0.565442 -0.414432 -0.0887023 -0.560728 0.534507 0.149348 -0.13361 0.664559 : 0
-0.0230557 0.225333 -0.452348 -0.204747 0.0413408 -0.0309005 0.122076 -0.0140158 0.886061 : 0.3
-0.24907 0.85302 0.471736 0.834023 0.557102 -0.474039 0.174809 -0.189921 0.158703 : 0.4
0.128104 -0.632328 0.278606 -0.336839 0.598639 0.219763 0.380908 -0.102745 -0.0254984 : 0
0.0863584 0.496162 0.185775 -0.0394232 -0.690178 0.170543 -0.17072 -0.124818 0.16425 : 0
-0.0684033 0.705633 -0.112323 -0.122856 0.0548531 0.152364 -0.138336 -0.00454204 0.326183 : 0
0.126667 -0.201697 -0.616525 -0.0885229 0.243594 -0.137446 -0.316742 -0.12032 0.384127 : 0
0.0478757 0.525899 -0.253506 0.0877862 -0.0329918 -0.427563 -0.00266829 0.16113 0.432746 : 0
-0.0735824 0.332734 -0.116644 0.100168 0.37185 0.357201 0.182052 0.0179518 -0.56677 : 0
0.060889 0.37953 0.334052 1 -0.187693 -0.0950062 0.223119 -0.390685 -0.0675036 : 0.1
0.229841 0.296577 -0.25414 -0.0284236 -0.132229 0.0366909 -0.0419 -0.215923 -0.0144271 : 0
0.465844 0.421457 -0.0445942 0.587178 0.402804 0.604576 0.0233412 0.0925207 0.174656 : 0.2
-0.20533 -0.0336403 0.115125 0.218354 0.0709021 0.463213 0.102852 0.150955 0.219868 : 0.1
-0.0981796 0.306792 0.0963598 0.17751 0.539851 -0.576151 -0.201851 0.0944149 0.194128 : 0
0.180946 1 -0.639663 -0.0140815 0.0951529 0.751553 -0.0502576 -0.0235795 0.172799 : 0
-0.320695 0.139343 0.334032 0.0718971 -0.0397559 0.336364 -0.058181 0.862685 -0.361204 : 0
0.338456 -0.10411 0.245422 -0.503958 -0.194332 -0.225225 -0.685938 0.0669744 0.121778 : 0.1
0.977987 0.0915787 0.0709499 -0.0404468 -0.067604 0.185947 -0.00754446 0.218801 0.118515 : 0
-0.159282 0.50199 0.322632 -1 0.153194 -0.227662 0.359965 -0.00434553 0.397278 : 0
0.0201419 0.0951874 0.0614329 0.181705 0.144405 -0.354862 0.337583 -0.174146 0.117814 : 0
0.222687 -0.116865 0.724586 0.0143666 0.172149 -0.649384 0.121338 -0.205079 0.0812181 : 0.2
-0.67489 -1 -0.0352097 -0.289737 -0.243851 -0.524005 0.261757 0.045895 0.172859 : 0.1
0.032352 -0.0690641 0.684178 0.059109 -0.270477 0.485279 0.442068 0.0794219 0.249943 : 0.1
-0.118392 -0.315691 -0.0382607 0.0165072 -0.87083 -0.0548817 0.134697 0.115272 0.440545 : 0
-0.204178 -0.0926145 0.484244 0.396319 0.172429 0.0842919 -0.0122881 0.306232 0.477864 : 0.5
0.381449 -0.16804 0.526912 0.378713 -0.465476 -0.0330334 0.562229 -0.029783 0.0051238 : 0
-0.112354 0.430486 -0.229708 -0.289021 0.866542 0.248108 -0.150636 0.184915 0.0675504 : 0.6
-0.0523206 -0.210169 -0.797353 -0.221752 0.332164 -0.359741 -0.0381987 -0.078625 0.0949976 : 0
-0.0204885 0.0967472 0.436132 0.0392579 0.261408 0.250683 -0.283439 0.110422 0.391209 : 0.1
-0.173996 0.593948 0.295109 0.509546 0.223637 0.163951 0.181502 0.0154971 0.0861293 : 0
0.511515 0.74023 -0.00872761 0.0659111 -0.043383 -0.0523797 -0.175061 0.396192 0.152672 : 0
0.0843491 0.762498 0.413011 0.0729207 -0.164909 0.302246 0.698839 0.11732 -0.167887 : 0
0.562869 -0.329345 1 -0.176623 -0.087252 -0.269857 0.0480627 0.0237961 -0.137385 : 0.2
0.212143 -0.0935208 -0.0455168 -0.516297 0.307272 -0.711927 0.11287 0.0372013 0.383548 : 0
-0.28774 0.161314 -0.140476 0.203931 -0.164768 -0.397071 0.577613 0.258277 -0.0590438 : 0
0.251815 0.555236 0.730513 0.0675584 -0.00306106 -0.0806517 0.0592062 -0.0345361 -0.95864 : 0
-0.128088 0.258357 0.117336 -0.194774 -0.0784248 0.244533 0.124368 0.31399 0.160909 : 0
-0.401432 -0.138508 -0.321404 0.138649 -0.111689 0.122446 0.0881658 -0.19581 0.0253455 : 0
-0.033521 0.587984 0.204632 0.475854 0.145148 0.00868398 1 -0.419783 0.129927 : 0.4
0.162659 1 0.0743273 0.56985 0.117681 -0.0763642 0.341415 -0.0140554 -0.0284851 : 0.1
-0.194914 0.465418 0.0624519 -0.378427 -0.164463 -0.207928 0.263191 0.305073 -0.237434 : 0.3
-1 0.811112 0.235397 0.166128 -0.47569 -0.0117895 -0.532231 0.292866 -0.0686302 : 0.3
0.177507 0.0733018 -0.00400051 0.214646 0.322293 0.188225 0.657562 0.0247998 0.157997 : 0
-0.127591 0.497964 -0.223788 0.172909 0.0739811 0.187072 -0.0651323 0.0845347 0.271474 : 0
0.00643681 0.159512 -0.110623 -0.847061 0.321084 0.361138 0.387454 0.212639 0.0986771 : 0
0.174394 0.202688 -0.483201 0.113317 0.927912 0.0468323 0.453063 -0.0477443 0.311506 : 0.4
0.0208287 0.193436 0.174451 0.196063 -0.176047 -0.736555 0.162132 -0.0320203 0.518058 : 0
0.215747 0.277501 -0.0916821 -0.884721 0.0539932 0.00920403 -0.00838247 0.149567 0.165102 : 0.1
0.189331 -0.000600718 -0.186666 -0.23909 0.134649 0.109694 0.0907307 -0.235931 1 : 0.3
-0.327525 0.293218 1 0.108751 0.0300206 0.272251 0.33152 0.046808 -0.54803 : 0
-0.0852357 -0.00303708 0.39765 -0.225435 -0.249834 -0.342189 0.00459634 0.435988 -0.22687 : 0.6
0.290294 -0.285965 0.699348 0.286887 0.127482 -0.408869 0.289538 -0.175991 0.478956 : 0
0.315028 -0.252964 0.510532 -0.304338 0.359243 -0.771569 -0.0554951 0.109615 -0.025072 : 0
0.0436299 0.0978743 0.740941 0.245263 0.642176 -0.411991 0.307923 0.0149645 0.369049 : 0
-0.159636 0.521422 0.149864 -0.0675228 0.652611 -0.494221 -0.0701938 -0.231486 0.339026 : 0.6
-0.0188302 0.109665 -0.243833 -0.553677 -0.10785 0.0339767 0.215653 0.373141 0.174143 : 0
0.155113 0.532525 0.439037 -0.658045 1 0.888307 0.115726 0.0166731 0.0754389 : 0
0.0230894 0.452363 0.142674 -0.660267 0.0391512 -0.104695 -0.0932514 0.0540753 0.0513996 : 0
-0.150185 0.294823 -0.394871 0.543835 -0.828359 -0.000494415 0.0576946 -0.0100614 0.105567 : 0
-0.365203 -0.842778 0.756562 -0.497505 -0.158886 0.460226 -0.133408 0.00717596 0.0713874 : 0
-0.211915 0.111934 0.0400696 0.148552 0.114571 0.293415 0.123599 0.0257042 0.09293 : 0.5
-0.270925 0.954446 0.601349 0.0489076 -0.100927 -0.446403 0.109597 0.186404 0.29295 : 0.1
0.358402 -0.0640421 0.853863 -0.208366 0.259046 -0.271576 0.400826 0.892913 -0.317964 : 0
-0.73348 0.797045 0.481277 -0.644976 -0.844281 0.27532 -0.0438012 0.107788 0.215192 : 0.4
-0.226074 0.122426 0.570765 -0.123421 0.156472 -0.239152 0.314545 0.288022 0.0858985 : 0.4
-0.0072245 0.582027 0.191901 0.607816 0.782546 0.669784 0.227979 0.190928 0.0625928 : 0
-0.0848961 -0.0758916 -0.163042 -0.0197036 -0.0433858 0.525696 0.740092 0.287119 0.222943 : 0.1
-0.107254 0.332581 0.264611 0.336967 -0.0275169 -0.05568 0.204476 -0.101591 0.257569 : 0
0.00363609 1 0.0158505 0.412015 -0.198126 -0.565306 0.154262 -0.0527753 0.0724576 : 0
0.0054483 0.0851504 0.32435 0.066122 0.906415 0.0254214 -0.310137 0.271983 0.0715355 : 0
0.0354515 1 0.148406 0.0975731 -0.21373 0.801714 0.379886 0.131143 -0.191557 : 0
-0.700254 0.565294 0.170661 -0.098472 0.327077 0.505458 -0.0247473 -0.080907 0.51334 : 0.1
-0.0423822 0.00131112 0.250908 0.186119 -0.0518741 0.178281 0.0540561 0.161081 0.146751 : 0.1
0.0580769 0.949215 0.761627 0.267285 0.796699 -0.0503452 0.285884 0.190063 -0.102457 : 0.1
-0.130194 0.252483 0.200761 -0.166956 0.432815 0.532512 0.0721604 0.152851 0.135538 : 0.2
0.673945 -0.649087 0.384293 -0.0815739 0.175051 0.0343364 0.333195 0.26518 0.0829108 : 0.1
0.274396 0.750062 -0.0334197 -0.766879 -0.704726 -0.133573 0.188337 -0.0320902 0.459681 : 0
0.0147394 0.115109 -0.432652 -0.454174 0.247576 -0.227407 0.191684 -0.00351571 0.0759383 : 0.4
-0.0280279 1 0.542127 0.578377 -0.0642159 -0.169182 0.211589 0.0588498 0.591711 : 0.2
-0.588427 1 -0.114294 -0.0600789 0.189463 -0.378665 -0.137605 0.292023 0.878865 : 0.1
0.0778807 0.673989 0.186999 -0.276959 0.635072 0.161649 0.537757 -0.432368 0.00382423 : 0
-0.0761283 0.202321 0.275147 0.392199 -0.162761 0.153102 -0.0762044 0.00411166 0.636423 : 0.1
-0.18121 0.972493 -0.581306 -0.897509 -0.0867957 -0.103023 -0.0446426 0.263935 0.0733963 : 0
-0.721149 0.125625 0.110005 0.115475 0.198066 -0.163178 0.321968 0.335972 -0.0669518 : 0.4
-0.199065 0.492191 0.112001 -0.035535 0.205607 -0.343493 -0.0732028 0.330234 0.25578 : 0.1
-0.238126 1 -0.136928 0.448638 0.776639 0.0117686 -0.180053 -0.106264 -0.232715 : 0.1
0.325978 0.0543131 0.0200344 0.0914731 0.2404 0.163073 -0.130097 0.283836 -0.172898 : 0
0.117688 0.030678 0.271659 0.00841562 -0.0784222 -0.737125 0.291998 0.0920635 -0.373697 : 0
0.115417 -0.526555 -0.0390483 -0.401983 -0.250017 -0.0881701 0.174028 -0.20653 0.183384 : 0
-1 0.064106 0.836138 -0.0279396 -0.185375 0.322019 1 0.227277 0.23059 : 0.2
-0.143839 -0.0132326 0.141408 -0.187388 -0.251286 -0.279114 -0.04025 0.0221714 -0.0209285 : 0.2
0.0730206 0.0737931 0.73165 0.0926976 -0.274399 0.881548 0.0420117 0.104172 0.110392 : 0.5
-0.529443 0.120227 1 0.149101 -0.150426 0.464579 -0.30809 0.283858 0.0757758 : 0.5
-0.633144 -0.178425 0.539854 -0.198279 -0.322016 0.18278 0.414654 0.0288525 0.470023 : 0
0.113533 0.625364 -0.0769686 -0.793629 -0.00781785 -0.0200667 -0.34485 0.165107 0.402208 : 0
0.0330617 0.464778 -0.671337 0.131681 -1 0.00343847 -0.178463 0.102264 0.421138 : 0
-0.149342 1 0.00324521 -0.0790525 0.88176 -0.120357 0.0556063 0.448005 -0.254344 : 0.5
0.0652836 1 0.0348847 -0.971172 0.572244 -0.751211 0.32973 0.337607 0.147383 : 0
-0.122997 -0.411646 0.449044 -0.0983685 0.000423014 -0.18812 0.0525076 0.034286 0.783571 : 0
0.417792 0.0539854 0.233079 0.36645 0.193405 0.417571 0.439069 0.182149 -0.0328586 : 0
-0.0026527 0.881672 0.306831 -0.133549 0.703753 0.480839 1 -0.13723 -0.089606 : 0.1
-0.141869 0.433688 1 -0.00919947 0.087829 -0.0731522 0.275344 0.223026 0.245029 : 0
