-0.221687 0.886117 -0.0423859 0.104921 0.823499 0.160286 0.129286 0.114708 0.559581 : 0
0.0138203 0.334541 0.138005 0.171855 0.268093 0.431891 -0.410502 0.149866 -0.108572 : 0.1
0.209356 1 -0.161788 0.98861 0.211104 -0.0354537 -0.181305 0.509984 0.222528 : 0
-0.0326679 0.358393 0.231128 -0.40177 0.34148 -0.478034 -0.0614966 0.0779875 0.210347 : 0
0.0543872 0.809874 0.0978968 -0.512528 0.0201159 0.945694 0.031059 0.00624755 0.0580559 : 0
0.6303 -0.790955 -0.0364057 0.0284034 0.020227 0.905663 0.224174 -0.0452411 -0.170152 : 0
0.15098 0.00760862 0.0622464 0.374332 -1 0.286415 0.33219 0.060376 0.214342 : 0
-0.60528 0.608206 0.0591998 0.157901 0.598278 -0.22967 0.632776 -0.326555 -0.42939 : 0
0.91036 0.0017249 0.315769 -0.888349 0.140619 -0.665262 0.802797 -0.212709 0.872218 : 0.1
-0.530061 -0.0409313 0.103324 0.0611206 0.679177 0.393715 0.202565 -0.0371644 0.126679 : 0.3
-0.821515 0.475337 -0.817517 -0.402432 0.0966642 0.0589424 0.933917 0.263787 0.158405 : 0
-0.587722 0.505788 -0.239866 -0.0188038 -0.62769 -0.151535 0.216233 -1 -0.127457 : 0
0.052159 -0.163716 -0.00189811 0.18528 -0.183815 0.11087 -0.175115 0.72 -0.0181751 : 0
-0.125701 0.193169 -0.228902 0.304941 0.205557 -0.143892 0.492689 -0.0251256 -0.257389 : 0
0.419182 0.561514 0.0223084 -0.429845 0.988482 0.233172 0.112245 -0.0481206 0.316173 : 0.5
0.176959 0.846421 0.288333 0.019945 -0.317478 -0.0359929 0.199607 0.339667 -0.136837 : 0
0.039998 0.62876 0.268419 -0.441239 0.129026 0.433713 -0.157802 0.114912 0.167069 : 0
-0.118557 0.136005 -0.407017 0.665494 0.10208 0.183561 0.176299 0.396305 0.950985 : 0
-0.0516466 0.268797 0.248586 0.250371 0.00412506 0.0510105 0.388866 1 0.364208 : 0
-0.208857 -0.103768 0.350915 -0.63569 0.31687 0.918243 0.00205099 0.222353 -0.152862 : 0
-0.043459 0.215975 0.00817628 -0.0996536 -0.0150536 0.0600258 0.125898 0.052092 0.435274 : 0
-0.166348 0.743189 0.411551 -0.11676 0.192401 0.224573 0.282456 0.0664641 0.469099 : 0
-0.201694 -0.244387 0.427601 -0.233777 0.477198 0.283304 -0.327156 0.203802 0.108176 : 0.1
0.188532 -0.0457644 -0.205489 -0.0643931 0.339062 0.29627 0.0790229 0.208142 -0.00581664 : 0.3
-0.180326 0.048502 0.0400966 -0.268559 0.0273653 0.89024 -0.251931 0.0390065 -0.370211 : 0
0.565733 0.126382 0.139336 0.396841 0.345531 0.159109 -0.477385 0.210959 0.814886 : 0.2
-0.795183 0.553745 -0.181578 -0.872235 0.143141 0.347301 0.172177 0.165796 -1 : 0
-0.494434 0.434868 0.0299841 -0.0843003 0.377839 0.219894 0.219793 -0.307345 0.0564129 : 0
-0.607015 0.646232 0.0294789 0.260815 -0.16845 0.300484 0.355078 0.0270754 -0.285264 : 0
0.135576 0.270416 0.0536647 0.655416 0.245086 -0.0270961 0.175951 0.00587898 -0.110581 : 0.1
0.177949 0.906882 0.243656 0.0491641 0.922349 0.517619 0.156443 0.182202 0.106768 : 0.2
0.64743 0.767996 -0.289854 0.0912982 0.368802 0.0591579 0.130871 0.0888049 0.0865541 : 0
0.283787 0.431212 0.2242 0.0109109 0.237536 0.154856 0.05765 0.520951 0.263359 : 0
-0.482276 0.839172 -0.0550869 -0.304306 -0.348667 -0.0329589 0.261685 0.158234 0.138416 : 0
-0.106675 -0.103216 0.591261 -0.346435 0.50796 0.336946 -0.139989 0.148073 0.265767 : 0
-0.900105 0.958501 -0.0150982 -0.742828 0.696589 0.216862 0.336631 0.144677 -0.392573 : 0
-0.299251 0.45592 -0.306266 -0.0661911 0.00152288 -0.3289 0.178357 -0.105664 0.238362 : 0
0.167405 0.239012 0.288351 0.0161088 -0.00493766 -0.503861 0.489885 -0.109592 0.509906 : 0
0.13143 -0.351803 -0.163254 0.54668 0.707821 -0.00936937 0.0280717 -0.0421048 0.156535 : 0
-0.07889 -0.731877 0.142468 -0.88911 0.350529 -0.946011 -0.0703506 -0.644533 0.0648464 : 0
-0.231429 0.102335 0.519636 -0.0797677 -0.153878 0.887217 0.018365 0.420375 -0.355331 : 0.2
-0.941736 0.734491 0.225923 0.230621 0.17865 -0.11769 0.146199 0.269286 0.0965821 : 0
-0.667622 0.533957 -0.254925 -0.251822 0.893808 -0.267569 0.227936 0.271264 -0.68474 : 0.2
-0.784405 0.773892 0.310941 1 0.136606 0.927411 -0.194609 -0.218091 -0.571018 : 0
-0.465571 0.710823 0.18555 0.139896 0.0397436 0.35408 0.115459 -0.206411 0.489105 : 0.1
-0.406022 0.414134 0.0816752 -0.051809 -0.825673 0.104366 0.071454 -0.00093453 0.0162371 : 0.7
-0.286586 0.307679 0.79571 0.709728 -0.290163 0.218113 0.0888276 -0.211669 -0.186839 : 0
-0.287255 0.310387 0.0305354 0.165174 -0.284654 -0.124251 0.0422284 0.729719 0.270731 : 0
0.152592 0.375872 0.194574 0.315245 1 0.157438 0.393586 -1 -0.571393 : 0
0.399052 -0.122266 -0.260896 -0.172175 -0.474093 -0.642607 -0.0147163 1 0.102933 : 0.1
0.252946 0.342328 -0.0963434 0.0368201 0.148343 0.813497 0.132523 -0.0406316 0.0547547 : 0
0.0113942 -0.752224 -0.0577493 -0.0904649 -0.260458 -0.0172821 -0.254184 -0.0358293 0.200431 : 0
-0.253019 0.0385274 -0.242178 0.433901 0.0251492 0.141895 0.0421398 0.214794 0.130645 : 0.1
1 -0.0506133 0.631957 -0.461194 0.237405 1 0.104642 0.199795 0.248237 : 0
-0.198799 -0.127199 1 -0.15118 0.171687 0.313544 0.374686 -0.10147 0.215985 : 0
-0.418298 0.410759 0.834205 0.285173 0.300944 -1 0.128882 -0.149741 0.0341204 : 0.5
-0.419797 0.0853527 -0.136479 0.426256 0.153583 0.5225 -0.0675599 0.134875 0.203789 : 0.2
-0.0705856 0.584794 -0.00317609 0.112853 -0.0061844 -0.277159 0.426233 -0.0166174 0.1395 : 0
-0.310911 0.0912949 0.0918393 -0.17611 -0.216032 -0.403865 -0.0100468 0.453855 -0.00777192 : 0
0.0448609 0.471249 -0.398152 0.164675 0.454002 -0.22912 0.0503248 -0.133919 0.0598019 : 0
-0.288878 0.315091 0.177933 0.35286 0.243006 -0.584289 0.511665 0.2161 0.0626179 : 0.1
-0.251644 0.257353 0.107426 0.497964 -0.610913 -0.75173 0.163631 0.0538414 -0.0580019 : 0
-0.553953 0.631636 -0.67011 0.368219 0.306275 -0.910685 -0.0334614 0.338519 0.00575702 : 0
0.0338564 0.974921 1 -0.21459 -0.678455 0.0786532 0.142026 -0.479724 0.0792296 : 0
0.135395 -0.501891 -0.250827 0.066892 -0.19213 0.726187 0.0484249 0.174674 0.101936 : 0
0.185567 0.506653 0.011383 0.238285 0.0207512 0.129644 0.165817 0.229071 -0.193554 : 0
-0.338137 0.804883 -0.0405709 0.143096 0.536035 -0.446686 0.0759903 -0.0687674 0.442862 : 0
-0.105912 0.266313 0.256082 0.401101 -0.0293254 0.395788 0.379911 1 0.16059 : 0
0.0768929 0.450584 0.341959 -0.693927 0.0443127 0.0262018 -0.162338 -1 0.211447 : 0
0.716756 0.323982 0.317923 0.921777 0.625384 0.0856926 -0.045323 1 0.034073 : 0.1
0.236225 0.525908 0.0981944 0.274653 0.19489 0.229497 0.167296 0.233247 0.362288 : 0.3
0.127045 0.568737 -0.167737 -0.222763 0.617978 -1 0.324292 -0.329644 0.263596 : 0
0.0939477 0.404424 0.598892 0.196528 0.795294 0.489008 -0.109525 0.148591 0.0836382 : 0.2
0.749868 0.324905 0.0472561 -0.655972 0.393685 -0.432001 0.592142 -0.093892 0.241221 : 0
0.25205 0.749485 -0.00947041 0.151787 -0.00883389 0.841119 -0.129813 -0.525072 0.211672 : 0.3
-0.0588682 -0.315791 0.581133 0.188301 -0.0783095 0.679443 -0.211688 1 0.312221 : 0
-0.347795 0.132151 -0.58047 -0.464397 -0.0317236 0.106277 1 -0.13044 0.391124 : 0
0.0603935 0.27227 0.43415 -1 0.212584 -0.28514 0.282435 0.0980142 0.229351 : 0
-0.0383513 0.0502009 0.0638983 -0.415026 1 -0.630413 0.0987922 0.231226 0.37637 : 0
-0.0495396 0.25174 -0.0961738 -0.221418 0.47391 0.292415 -0.120539 -0.4053 0.250839 : 0
-0.502825 -0.562018 0.143107 -0.149233 0.349586 0.207744 0.501293 0.0543542 0.177479 : 0
0.0324984 0.311032 0.666745 -0.376692 0.271475 0.662488 0.290429 0.18114 0.172236 : 0
0.228104 -0.232574 0.425896 0.112072 0.203766 0.122846 -0.0653064 -0.405552 0.076359 : 0
0.128568 0.418233 0.532139 0.0772269 -0.354756 0.484689 0.0596536 -0.123463 -0.33517 : 0
-0.926932 0.320105 0.0270298 -0.0719877 0.494343 0.164643 0.353466 0.0493682 0.0630298 : 0
-0.0646556 -0.115723 0.206006 -0.097932 0.334292 0.434335 -0.103069 -0.175568 0.635442 : 0.1
-0.0980693 -0.0752254 0.77443 -0.632427 0.22494 -0.793375 0.186438 -0.167797 -0.120038 : 0.1
0.634818 -0.454775 0.365146 1 0.0818119 0.690761 -0.359865 0.0864679 -0.223048 : 0.1
-0.597517 0.366729 -0.199395 -0.805002 0.345285 -0.0405599 0.300157 0.0408945 -0.133829 : 0.3
-0.114022 0.856189 0.120982 0.412364 -0.353505 -0.0523237 1 -0.233327 0.150628 : 0.3
-0.403941 -0.141415 1 0.0470188 -0.186868 0.241526 -0.741844 -0.0969784 0.0185259 : 0.3
-0.217955 -0.0229903 0.721253 -0.503422 0.461021 0.227744 0.0686834 -0.168727 0.083505 : 0
0.132193 0.4239 -0.106171 -0.427534 0.405116 -0.0927214 0.328944 0.341679 0.273363 : 0.1
-0.916383 0.264485 0.187386 0.684094 -0.753975 0.57039 0.581671 -0.163264 -0.207852 : 0
-0.186241 0.248456 0.203982 0.460865 1 -0.0503474 0.689121 -0.329715 0.418848 : 0
-0.283276 0.225648 0.200986 -0.356159 1 0.113531 -0.55199 -0.729016 -0.883669 : 0
0.176246 0.18499 0.151362 -0.300459 0.179883 0.539312 -0.0718476 0.397265 0.252675 : 0
0.0346966 -0.263602 0.204446 -0.363549 -0.247673 0.185515 0.00735289 0.10743 0.0263505 : 0.4
-0.698107 0.382141 0.526808 0.117601 -0.660376 0.565362 1 0.789363 0.5718 : 0
-0.0487068 0.237169 0.474324 -0.344977 0.138964 -0.495432 -0.0251645 -1 -0.050553 : 0.1
-0.289921 0.19836 0.0534215 -0.150166 1 0.215823 0.149976 0.0656944 0.059551 : 0
-0.196175 0.180042 0.179593 0.535299 -0.112578 -0.341128 -0.140456 0.27993 0.18273 : 0
-0.211556 0.760303 -0.147629 1 0.507175 -0.319743 -0.0677033 -0.226557 0.25645 : 0
-0.0775403 0.955613 1 0.144319 -0.165205 0.125678 -0.393409 0.0378684 -0.389302 : 0
0.419087 0.0564092 -0.0163368 -0.476346 0.341277 -0.304116 0.319189 -0.0028847 0.161622 : 0
0.151192 0.230001 0.281477 -0.00688958 0.353692 -1 0.118773 0.00495035 -1 : 0.2
0.0672199 0.164964 -0.463462 0.0419205 0.150331 0.133974 0.259859 -0.364114 0.792653 : 0
0.444833 -0.219732 0.343638 0.619467 0.0940698 0.680124 0.00602174 0.385319 0.144657 : 0.2
-0.254692 0.38024 -0.0401365 0.351061 0.104528 0.363582 0.62426 0.534084 0.060035 : 0
-0.000871129 0.702824 0.166068 0.519792 0.0364461 0.414778 0.0200796 0.0114455 -0.104448 : 0.1
-0.268027 0.711607 0.0612262 -0.706907 -0.138273 -0.101214 0.000820983 -0.10946 0.245277 : 0
0.0616757 0.434608 0.00833219 0.243813 0.598614 0.0647811 0.354097 -0.0844867 -0.58908 : 0.2
-0.824665 0.067975 0.110378 0.0871081 -0.0565224 0.295137 0.0105754 -0.608458 -0.0136859 : 0
0.298161 0.578868 0.182337 -0.302952 0.450252 -0.0142019 0.331853 0.134663 -0.015384 : 0.1
0.271553 0.834351 -0.0407018 -0.105605 -0.492071 -0.237009 0.0270512 0.427476 0.101997 : 0.1
0.239432 0.0679902 -0.161991 -0.53524 -0.188121 -0.000676513 0.181665 0.386404 -0.153061 : 0
-0.248752 0.644405 0.195471 0.812112 -0.172612 -0.661315 0.232519 0.111611 0.276293 : 0
-0.234388 1 1 0.152556 -0.404672 0.578533 0.243951 0.00107995 -0.232709 : 0.1
-0.613648 0.161614 0.0199931 0.139619 -0.284891 0.285211 0.0581079 0.618978 0.0572971 : 0.1
-0.289595 1 -0.000753768 0.146533 -0.322711 0.17407 0.0135204 0.221306 1 : 0
0.193717 0.476592 0.485695 -0.46273 -0.0933681 -0.462477 0.146485 -1 0.177367 : 0.1
0.18912 -0.0810046 0.461 0.0714781 -0.0952041 0.282586 0.530969 0.562727 0.0128908 : 0
0.636096 0.391655 0.456049 -0.23669 -0.914502 -0.0178569 -0.00875012 0.153847 -0.468078 : 0
1 1 0.0999217 -0.147576 0.571139 -0.201022 -0.252016 0.261095 0.584837 : 0
0.327025 0.992117 0.427941 -0.122921 -0.182591 -0.634713 -0.0590073 -0.244562 0.181564 : 0
0.686319 -1 0.432531 0.158041 -0.0308211 0.917618 0.352317 -0.0207686 0.0107437 : 0.1
-0.195516 0.0632256 0.29158 -1 0.435726 -0.534541 0.673828 0.0618877 0.295107 : 0.1
0.322147 0.68583 0.37001 -0.116101 -0.0556594 0.140086 0.165081 0.079658 0.179931 : 0.1
-0.766088 0.316032 0.446041 0.373551 0.17634 0.299662 0.0328541 0.12504 0.185728 : 0
-0.365882 0.16067 -1 0.979782 -0.0308241 0.469427 0.187073 -0.0546517 -0.453928 : 0
-0.150021 0.251728 0.0729301 -0.121425 0.789403 0.00240009 -0.0843571 0.211907 0.11034 : 0
-0.0452032 0.164691 0.143009 -0.933375 -0.107548 0.188776 0.573503 -0.0591033 0.356845 : 0.1
0.0621765 0.0373599 -0.292435 0.211894 -0.0256256 0.024927 -1 0.0475753 0.33698 : 0
0.385958 0.0825479 -0.169628 -0.224666 0.121055 -1 0.313666 0.396565 0.212028 : 0
0.337714 0.156422 0.259665 0.75392 1 0.560723 -0.415724 0.183923 0.204919 : 0.7
-0.141043 0.25455 0.139959 -0.0580206 0.416524 0.178641 0.509471 0.0742296 -0.523719 : 0
-0.160329 1 0.161437 0.10664 -0.184365 0.973639 0.63091 0.0859763 -0.133166 : 0
-0.169245 0.363759 -0.204174 0.0219563 -0.208652 -0.818943 0.22972 0.0781162 0.265078 : 0
-0.0275152 -0.360446 0.249526 -0.492536 0.79405 -0.0458705 -0.1044 0.0981623 0.240226 : 0.5
0.254326 0.206352 0.341069 -0.219367 -0.582242 0.172772 -0.104292 0.0281108 0.0553225 : 0
-0.0356272 0.500389 0.11393 0.578666 0.455174 0.707817 0.356039 0.249305 0.923593 : 0
-0.532085 -0.191649 -0.0264869 -0.0437708 1 -0.0867469 0.571304 0.0983663 -0.0127368 : 0
0.196495 0.152367 1 0.0227891 0.00737841 -0.250248 0.0338209 0.199762 -0.406347 : 0.2
-0.420066 0.387783 1 0.0671258 0.539304 0.484101 0.153695 0.0317177 0.176368 : 0
-0.140309 0.221115 -0.0606587 -0.0853456 0.711536 -0.0364364 1 0.0669884 0.260229 : 0
0.0325019 0.721829 0.149612 -0.743152 -0.174707 -0.228825 0.0159675 0.619478 0.230213 : 0
-0.151855 0.211223 0.0554994 -0.300827 0.0969035 -0.144705 -0.315343 -0.172169 0.760589 : 0.5
0.304899 0.145044 0.502926 -0.124289 -0.566042 0.00665742 -0.0924077 0.204932 0.0275621 : 0
-0.146389 0.409062 0.106776 0.0638531 0.00100743 0.183783 0.070293 0.0371014 0.822888 : 0.2
-0.0668874 0.0577138 -0.289567 -0.834809 0.240036 0.252884 0.159836 0.529701 0.369778 : 0
0.299828 0.578895 -0.254305 0.557269 -0.368198 -0.49769 -0.167907 -0.0648309 0.382004 : 0.1
-0.0602239 0.907484 0.0133942 -0.0478781 -0.22196 -0.362503 0.102107 0.12209 -0.0476085 : 0
0.13029 0.00206798 0.380949 -0.305121 0.0995216 0.173674 0.0642482 0.0350362 0.255416 : 0
0.0396771 0.556221 0.141989 0.0105961 0.090223 0.892194 0.216494 0.364917 0.267136 : 0.5
-0.546371 0.57353 -0.192454 0.222989 0.0130349 -0.162251 -0.115196 -0.210221 0.51905 : 0
-0.349111 0.299484 0.516055 0.841749 0.00842428 0.112602 0.87673 0.330168 -0.173404 : 0
-0.22504 0.664935 0.195103 0.243891 0.0197971 0.0996644 0.295117 -0.266257 0.0801323 : 0
-0.0370136 0.609544 0.595569 0.50169 0.000715792 0.00970696 0.152126 0.217051 0.270993 : 0
-0.284026 0.426282 0.118751 -1 -0.378941 0.120457 0.14789 0.117285 0.0527464 : 0.4
0.032236 -0.909105 1 -0.351948 0.094008 0.218062 -0.0960466 -0.0262321 0.29507 : 0
-0.235116 0.292666 0.447329 -0.501056 0.2088 0.485057 0.266378 0.00089596 0.162932 : 0
0.40936 0.427692 0.749656 -0.246799 -0.0445459 -0.428045 0.437047 -0.0144574 0.134679 : 0
0.207406 0.403538 -1 0.272096 -0.0691664 -0.0170284 0.264134 0.107624 -0.0393797 : 0
-0.219503 0.530502 1 -0.829954 0.0330776 -0.0501754 0.177538 0.111686 0.111952 : 0
-0.019379 0.588575 0.576944 0.372012 0.11283 0.216046 0.469647 0.549014 0.193662 : 0.1
-0.289757 0.0699913 -0.400734 -0.577991 -0.122241 0.413163 0.223166 0.0190957 0.11061 : 0
-0.104423 0.386958 0.492263 0.261766 0.600087 0.641007 -0.663589 0.199323 0.317324 : 0
-0.87666 0.732746 0.506477 -0.578806 0.17825 0.124229 -0.0310714 0.0422598 0.285289 : 0
0.0160992 0.915857 0.697709 -0.280962 0.26889 0.0754648 -0.212854 0.520564 0.106531 : 0
0.332499 0.576849 0.397916 0.369859 -0.110453 -0.268834 0.162022 -0.0114413 -0.0404921 : 0
-0.373653 0.617327 0.30658 -0.0954769 0.151293 0.334657 0.111691 -0.165744 0.246437 : 0.1
0.851347 0.469984 -0.144166 -0.122531 -0.114041 -0.48934 -0.43928 -0.00582325 0.310057 : 0.3
0.778853 0.406287 0.033121 0.675212 -0.783238 0.0577079 0.150552 -0.0727744 0.608689 : 0.1
0.0910903 0.26691 0.241347 -0.0201856 0.402997 -0.0374766 0.25731 0.360906 0.380391 : 0
0.0244839 0.461206 -0.0656488 -0.0718164 0.455885 0.0850144 0.0604733 0.0975172 -0.0665143 : 0.1
0.0723097 0.436731 0.289302 0.261149 0.265559 -0.355315 0.12354 -0.0264953 0.246791 : 0
0.735796 1 0.0834871 1 -0.439859 -0.190498 0.145258 0.0433825 0.239906 : 0.2
-1 0.884679 0.0915989 0.0758059 -0.94568 0.961867 0.029001 0.13531 0.0750865 : 0
0.111541 0.10839 0.475509 0.085455 -0.0261893 -0.6959 0.106835 -0.23279 0.123031 : 0.2
-0.295237 0.800463 0.811813 -0.234096 0.742863 -0.656174 0.175447 0.438278 0.0550364 : 0
0.443519 0.768298 0.151896 -0.0288278 -0.0860745 -0.116601 0.327588 0.154846 0.1207 : 0
-0.189787 0.395482 0.727594 -0.242782 0.609667 0.614929 -0.251217 0.0705104 0.351321 : 0
0.138383 0.040547 -0.715581 -0.113214 0.135252 0.148932 0.124082 -0.151482 0.147432 : 0
-0.50152 0.0573048 -1 -0.465884 0.0863309 -0.151573 0.17863 -0.265533 -0.676273 : 0.1
0.0781717 0.907291 0.096656 -0.253572 0.128249 0.19617 -0.0165525 -0.257976 0.250167 : 0.3
0.270432 0.473948 -0.272015 -0.0941965 0.183118 0.650995 0.14635 0.0624405 0.268866 : 0
-0.292791 0.735753 0.274532 0.104025 1 1 -0.0533768 0.0471234 0.48664 : 0.2
-0.0991822 -0.295218 0.215659 -0.247553 0.261652 0.513424 -0.25121 -0.0446966 0.20951 : 0.1
-0.0257381 0.150028 -0.0677636 0.94366 0.0170845 -0.0847927 0.31675 0.120957 0.30051 : 0
0.213127 0.466898 0.754031 -0.244298 0.483225 0.0976044 0.932252 -0.160509 0.0948853 : 0
-0.126346 0.589805 0.154758 -0.147671 0.161836 -0.583185 0.434047 -0.203228 -0.0116103 : 0
-0.616417 0.501298 1 -0.66908 0.0181714 -0.200366 0.155906 0.00545121 0.0356828 : 0
0.350147 0.333745 0.107591 -0.10607 0.449907 -0.338525 -0.00585076 0.000808477 -0.26158 : 0.3
0.0704938 0.438028 -0.492492 -0.250336 -0.102917 0.237827 1 0.471868 0.351502 : 0
-0.044059 0.131462 0.0500399 -0.0795629 0.974201 0.0731117 0.0911023 -0.075114 0.371535 : 0.1
0.226298 -0.0134158 0.0979769 -0.863658 -0.132944 -0.0535221 0.119043 -0.0576592 -0.23882 : 0
-0.347543 0.756061 1 0.4404 -0.274145 -0.137925 -0.686092 0.230578 0.418361 : 0
-0.535926 0.385485 0.0320583 0.274119 0.0994519 0.182769 0.230634 0.17613 0.0509343 : 0
-0.501788 0.399934 0.369017 -0.0747099 -0.978713 0.284594 -0.271896 0.218172 0.0319231 : 0
0.0521799 1 0.0898542 0.870239 0.0161482 -0.182235 0.10241 0.0489392 -0.111314 : 0
0.179225 0.66606 -0.111854 0.0702274 -0.026853 -0.973232 0.211828 0.0851053 0.028059 : 0.1
0.0401681 0.263473 0.188393 0.16148 -0.180308 0.059895 -0.0756279 0.11537 0.0624537 : 0
-0.431614 0.121168 -0.397608 0.349489 0.0789527 0.405791 0.112308 0.105401 0.0522955 : 0.1
-0.157647 0.4418 0.688084 0.0544054 -0.115201 0.381924 -0.0749804 0.700858 -0.353928 : 0
-0.0042446 0.599136 -0.101331 -0.509224 0.157684 0.509422 0.288977 0.295642 0.0559342 : 0
-0.0340134 0.120282 0.286702 -0.187678 -0.112647 0.507319 -0.0682869 0.485179 0.0284322 : 0.4
-0.562333 -0.526739 -0.157696 -0.108519 -0.190976 0.19646 0.176139 0.326721 0.163342 : 0.2
0.391471 0.0353016 0.095673 0.0908008 -0.0430233 0.503835 0.137074 -0.00734153 0.272446 : 0.1
0.62186 -0.0351002 0.173759 -0.274197 1 0.29271 0.197716 -0.00701458 0.812148 : 0.1
-0.0896857 0.075598 -0.250839 0.513878 -0.157177 0.0541951 0.593942 -0.412833 0.10189 : 0
0.158556 0.620038 0.967934 0.11464 -0.0427683 0.54395 -0.188553 0.498807 0.329015 : 0
0.0622706 0.620235 0.067064 -0.561943 -0.203016 -0.00744225 0.37855 -0.111997 0.294797 : 0
0.317935 -0.0891484 0.137021 -0.110897 0.424219 0.500178 -0.0956665 0.0170622 0.606031 : 0
0.353933 0.704381 0.145955 -0.153273 -0.808889 -0.281734 0.108445 0.191356 0.178739 : 0.1
-0.0976268 0.553409 -0.225171 -0.432329 -0.577997 0.11812 0.167846 0.0563481 0.13609 : 0
-0.753028 0.757867 -0.0961104 -0.615294 0.38792 0.304133 0.0050201 0.458 -0.0125502 : 0
0.540316 0.532203 0.365636 0.242227 -0.45985 -0.320213 0.0114534 0.0473599 1 : 0.2
0.151132 0.331626 -0.275274 -0.448946 0.345407 1 0.582634 -0.128238 0.568871 : 0
0.415527 0.55953 0.0496119 0.453296 0.371502 -1 0.804944 0.167742 0.168231 : 0.1
0.278158 0.557981 0.449621 0.306761 0.113791 0.523389 0.0221622 0.47777 0.275866 : 0
-0.0433874 0.554152 0.0505232 0.482597 0.982716 0.335535 0.137323 0.106483 0.407309 : 0
0.811226 1 0.118974 -0.896825 -0.259254 -0.164719 0.404792 0.239521 0.0842404 : 0.1
-0.684928 0.393602 0.152219 0.112704 0.113681 0.154961 0.11608 -0.437631 -0.0406645 : 0
-0.463543 1 0.0611646 -0.216208 0.829137 -0.201682 -0.164065 -0.94025 0.0874946 : 0
-0.212228 0.308214 0.313493 0.0761885 0.412552 -0.123217 0.082791 0.65025 0.866048 : 0
-0.381844 0.274364 0.191824 0.141943 -0.058093 0.130202 0.182953 1 -0.301263 : 0
-0.0528801 0.343676 0.226491 0.423913 1 0.00406778 0.528419 0.266151 0.378992 : 0
-0.464551 0.714332 0.320275 0.199587 -0.951626 0.0842013 -0.179073 -0.21117 0.0353767 : 0
0.309432 0.60221 -0.0334303 0.108519 -0.00452045 -1 0.0927355 0.181916 0.353508 : 0
0.137115 0.642393 0.0640489 0.225585 -0.0206974 0.365969 0.439618 -0.0505202 0.110247 : 0
0.0993136 -0.0336825 -0.309785 0.174982 -0.594084 0.0857871 0.113269 -0.010237 0.0820573 : 0
0.569979 0.468508 0.345766 -0.187963 0.451687 0.569906 -0.270201 0.0873554 -0.216651 : 0
0.317385 -0.290939 0.137301 -0.375087 0.443489 0.271308 0.0298339 0.00615945 0.121575 : 0.1
-1 0.297119 0.0458127 -0.0902458 0.142994 0.118452 -0.239367 0.00610579 0.120046 : 0
-0.473693 0.391782 0.316739 -0.185716 -0.218901 0.631947 -0.075902 -0.21393 -0.169204 : 0
0.103806 0.170769 0.0924202 -0.686814 -0.17089 -0.0308522 1 0.0998462 -0.345871 : 0
-0.202747 0.236546 -0.088888 -1 0.207391 -0.388602 -0.408905 -0.17187 0.66758 : 0
0.216836 0.754876 0.946263 -0.155291 0.192852 0.142617 0.556702 -0.0754724 0.385695 : 0.3
-0.0952089 0.0345503 0.131011 -1 -0.377275 -0.610997 0.237731 0.0596864 -0.199012 : 0
0.353985 0.114367 0.0944964 -0.0833303 0.307663 0.345352 -0.241641 -0.091395 0.329224 : 0
0.423458 0.0354738 0.513033 -0.0890895 0.362498 0.692066 -0.102425 0.625581 -0.137387 : 0
0.119588 0.818818 0.44301 -0.261056 0.0528574 0.162719 0.117796 0.528947 0.217972 : 0
-0.529251 0.66781 0.265265 -0.0937153 0.38548 0.473273 0.0487146 0.00406001 -0.0437398 : 0.1
-0.0388477 0.494759 0.167045 0.257421 0.551307 0.432826 0.441099 0.91712 0.0544951 : 0.2
-0.855301 0.588336 -0.0655878 -0.211429 0.0046618 0.390472 0.139365 0.0851194 -0.505058 : 0
-0.194791 0.337552 -0.0519353 0.499116 0.0731812 -0.0893525 -0.0881767 0.195023 0.0740343 : 0
-0.144644 0.297492 -0.166473 -0.0411567 0.0242011 0.361574 0.0162426 0.246871 0.171118 : 0
-0.0882287 0.31141 -0.012379 -1 0.299183 -0.496894 0.189908 -0.00449577 0.229323 : 0
-0.00392121 0.0159568 -0.101947 0.97468 -0.322101 -1 -0.345278 -0.0935221 0.322814 : 0
0.157869 -0.0954727 0.724778 -0.190894 1 0.631445 -0.0458156 0.134578 0.0505794 : 0.2
0.015704 0.494546 0.299807 -0.0717911 0.631677 -0.562317 0.141668 0.694258 -0.0743558 : 0.2
0.678354 0.0335032 -0.630242 -0.101385 0.203269 0.942133 -0.307706 0.13753 0.162478 : 0
-0.1242 0.265077 -0.11684 0.513103 -0.815251 -0.270867 0.0770149 0.92244 0.108708 : 0
-0.122172 0.556257 -0.0946165 0.166871 -0.828602 -0.592631 0.1892 0.221684 0.160932 : 0.3
0.532189 0.0515144 -0.031411 -0.139148 -0.0926442 0.0954649 0.455844 0.06436 0.567163 : 0.2
0.0353937 0.386825 -0.0945494 -1 0.146465 0.267922 0.0402529 0.328317 -0.418643 : 0
-0.731103 0.379522 0.872951 0.445569 0.932754 0.464467 0.300013 -0.00244899 -0.167291 : 0.1
0.212344 0.089971 0.552625 0.0114551 0.0413611 -0.107084 0.202362 -0.617774 -0.897974 : 0
0.1113 -0.419334 0.441109 -0.0367925 -0.0422413 0.470302 0.0110172 0.166204 0.0397602 : 0.1
-0.0815764 0.619965 0.0686142 1 0.60508 0.0323113 -0.333291 0.30888 0.269145 : 0
-0.13301 0.421424 -0.3211 -0.0544799 -0.00436494 0.65146 -0.139522 0.0681153 0.0880793 : 0.6
0.245955 -0.0417069 -0.667162 -1 -0.089501 0.0108065 -0.035444 0.0611243 0.217399 : 0
-0.142709 0.599657 0.166214 -0.238553 -0.942515 0.844616 0.105136 0.158852 -0.050332 : 0.3
0.557161 0.621728 0.79338 0.108318 0.399011 0.567863 0.123951 0.033016 0.105107 : 0.1
-0.335536 0.660151 0.0406909 -0.247054 -0.120466 0.254632 -0.553102 0.0912713 0.268948 : 0
-0.136035 -0.133593 0.278104 -0.257757 0.656941 0.452125 0.140054 -0.0332564 -0.120665 : 0
0.341678 0.422638 0.0195381 -0.963179 -0.360129 0.173617 0.268546 0.205935 0.217585 : 0
-0.218661 0.551759 0.0294953 0.494849 -0.181764 -0.481834 0.457183 -0.145131 0.070504 : 0
-0.898982 -1 -0.160249 0.159071 0.131162 -0.0308594 -0.249345 0.231164 -0.0057753 : 0
-0.588503 0.273498 -0.38479 0.195561 0.454679 0.155175 0.103419 0.177225 0.0833998 : 0
0.206573 0.168759 -0.310841 -0.419164 -0.101549 0.369461 -0.033236 0.13194 0.111235 : 0
0.00407376 1 -0.217088 -0.0758801 -0.596714 0.113965 -0.19626 -0.180792 0.228644 : 0
-0.229911 0.714124 0.240167 -0.237084 -0.623182 0.152568 -0.419119 0.0345101 0.674343 : 0
-0.207731 0.21844 0.731855 0.774235 0.396518 0.0842903 0.158503 0.222925 0.84194 : 0.4
0.188686 0.418259 0.361808 -0.600025 0.152422 0.312593 -0.246224 0.984403 -0.0838302 : 0
-0.249121 0.017437 0.0978389 -0.305893 0.175926 0.320139 0.0661869 0.146636 0.376518 : 0
0.248377 0.609107 -0.0145257 -0.402134 0.742801 0.707889 0.15415 0.188281 0.258621 : 0.2
-0.590245 0.417238 0.0532569 0.133329 -0.0528855 0.0494472 -0.153869 0.455319 -0.493902 : 0
-0.505947 0.436933 0.271349 -0.0903634 -0.927937 0.341452 -0.0911717 0.080628 0.053866 : 0
-0.0988377 0.621221 0.0331511 -0.749904 0.416861 -0.42252 0.0786595 -0.541563 0.019482 : 0.1
-0.440122 0.55485 0.739598 0.525241 -0.0849086 0.981221 -0.0700261 -0.0513816 -0.0992196 : 0.5
0.18938 0.668265 0.873003 0.385733 0.686473 0.542017 -0.138704 0.144701 -0.293845 : 0
0.34217 0.415895 -0.2147 -0.207362 -0.0977567 0.153515 0.0777581 -0.00850031 0.349931 : 0
-0.484107 -0.0391592 0.217981 -0.302603 -0.146571 0.156997 0.84133 0.338999 -0.020222 : 0.1
-0.526363 0.321802 -0.0570222 -0.194282 0.773858 0.58066 0.19008 -0.108669 0.376724 : 0
0.643357 0.045725 -0.0523987 -0.246172 0.651214 -0.125831 0.0157311 0.220171 0.379952 : 0.5
-0.0363815 0.0856405 0.0341884 0.885925 0.122355 -0.316621 0.0861194 0.0363846 0.0644229 : 0.1
0.20707 0.233298 0.103348 -0.167802 0.156972 0.365801 0.24731 0.000152364 0.312159 : 0
-1 0.464787 0.756025 -0.193259 0.224222 0.0156763 -0.0239172 -0.389462 -0.140699 : 0
-0.92442 0.246523 1 0.103152 0.960517 0.423682 -0.194999 0.170918 -0.00779384 : 0
0.179286 0.375618 -0.14337 0.0255302 -0.288717 0.144157 -0.0466134 -0.027215 0.144153 : 0.1
-0.3334 0.151345 0.598448 -0.0217548 0.859595 -0.173229 0.471688 0.109336 0.251421 : 0
1 0.205463 0.138248 -0.043355 0.631639 0.0586666 -0.370702 -0.0136725 -0.298763 : 0
0.0596176 0.610852 0.134645 -0.36252 -0.364589 -0.572867 0.13045 -1 -0.0543044 : 0
-0.288874 -0.454861 0.0025624 -0.0510332 0.101199 0.0689434 -0.00188541 1 -0.209605 : 0.1
-0.0971542 -0.168007 -0.221255 -0.193278 -0.259751 0.422226 -0.0685097 -0.0187864 0.256625 : 0
-0.210375 1 -0.305606 0.160792 0.0578107 0.00139101 -0.230565 -0.109374 0.0510354 : 0.2
-0.937024 0.36957 -0.111341 -0.129335 0.112609 -0.024979 0.336222 0.0324975 0.182999 : 0.8
0.288378 0.145713 -0.201303 -0.526066 0.13228 -0.617795 0.0237237 0.226038 0.129513 : 0
-0.0519627 1 0.911849 -1 -0.430885 -0.23445 -0.2548 0.313334 0.389765 : 0.5
0.0609273 0.487619 0.146733 -0.112402 -1 0.149633 -0.267209 -0.357952 0.12037 : 0
-0.676683 0.920173 -0.208433 0.41826 -0.286955 0.039452 -0.0467172 0.15477 0.161603 : 0
-0.201466 -0.306764 1 -0.24841 -0.136493 0.748751 0.692402 0.0461367 -0.1184 : 0
-0.0564416 0.24925 0.750457 0.351291 0.454108 0.0587995 0.366371 -0.107706 0.2034 : 0.1
-0.306665 0.29987 0.192359 0.232588 -0.054586 0.143371 -0.539271 -0.138827 0.361238 : 0.3
-0.510967 -0.00288054 0.15246 0.152505 -0.170508 0.56332 0.706146 -0.355626 0.162999 : 0.2
-0.675249 0.173581 0.194322 0.210945 0.122102 0.082642 0.202703 -0.3055 0.47846 : 0
-0.251796 -0.611979 0.363948 0.101691 0.112905 0.434318 -0.0317672 0.198013 0.159106 : 0.2
0.0760272 -0.242407 0.11867 0.276028 -0.486725 0.138274 0.520961 0.0387046 0.0239252 : 0
-0.294683 0.364442 0.0176509 0.00100747 -0.215372 -0.423621 0.104286 -0.153428 -0.381674 : 0
0.232339 -0.10963 0.542335 -1 0.326388 -0.294291 -1 0.138921 0.281311 : 0
0.59751 0.829555 0.0358963 -0.0167524 0.00645542 -0.466697 -0.0688371 0.198736 0.821997 : 0
-0.0398703 0.258329 0.0878735 -0.945537 0.114777 -0.47262 0.042037 0.227383 -0.27657 : 0
0.936664 -0.0382035 -0.60659 0.0918061 0.0329343 -0.993711 0.0198334 0.753715 0.262044 : 0.1
0.102937 0.409646 -0.0781837 -0.472653 0.5774 1 0.127415 0.136248 0.239276 : 0
0.107271 0.0528465 -0.103514 0.202949 -0.751739 0.0290909 0.131592 0.203182 0.274369 : 0
-0.683022 0.117016 0.568956 1 -0.451139 -0.0468951 0.401665 -0.123292 0.0238417 : 0.3
0.460804 -0.269445 -0.32455 -0.443766 0.037894 0.963826 -0.108351 0.0452629 0.491105 : 0
0.492337 0.0268055 0.83327 -0.43328 0.465531 0.254725 -0.161995 0.0545895 1 : 0
-0.106656 0.53058 0.0825211 0.190914 0.131367 -0.202401 0.151676 -1 -0.0681314 : 0.1
0.522512 0.103596 0.109437 -0.0281996 0.108575 -0.627302 -0.937456 -0.211777 0.231347 : 0
-0.363523 -0.0363579 -0.0822829 -0.0820834 0.11056 -0.290863 -0.00716732 -0.047319 -0.129205 : 0
-0.505773 0.442269 0.778559 -0.256922 0.0765267 0.275866 0.163879 -0.0780997 0.0803618 : 0.5
0.412429 0.644032 0.872086 0.572711 -0.00637552 0.0152713 0.322787 0.0663276 0.00581258 : 0
-0.139092 0.206918 0.465454 0.806547 0.724855 0.0372779 0.680349 -0.0909036 0.355987 : 0.1
0.0673062 0.439278 0.786829 -0.0862598 0.0510846 -0.113614 0.273787 -0.0432988 -0.0496865 : 0
-0.104558 0.237069 -0.216796 0.903666 0.888485 -0.150546 0.0487973 1 0.321013 : 0
-0.080716 0.736588 0.10458 -0.317462 -0.460116 -0.161851 -0.718431 0.73509 -0.0523399 : 0
0.503829 0.411258 -0.473646 -0.303316 0.190777 0.821861 0.166905 0.141433 0.214575 : 0
0.298235 0.516666 -0.365268 -0.760456 0.0807765 -0.00637172 0.326934 0.560812 0.179284 : 0
-0.679163 0.720905 0.00264359 0.351933 0.231669 -0.072217 0.373061 0.16536 0.0593615 : 0
0.555534 0.900888 0.109252 0.544863 0.0619486 0.480308 0.363605 -0.0231645 0.222896 : 0
-0.471135 0.103357 -0.316985 0.0404121 -0.176341 0.0789487 0.0515223 -0.326409 -0.0173639 : 0
0.334236 0.617962 0.710886 -0.291596 -0.471328 0.636725 0.196451 0.0235822 0.0846741 : 0.2
0.0468453 0.332174 0.354992 0.179182 0.123077 -1 0.159938 0.0361926 0.766217 : 0
-0.517908 0.177396 -0.375816 -0.134694 0.530852 0.909128 0.566754 0.0852375 0.357081 : 0
-0.442661 0.316317 -0.181584 -0.262138 0.15659 0.215558 0.560188 -0.0774858 0.247903 : 0
0.139403 0.00783836 0.324124 -0.0916488 -0.200998 0.311789 0.419883 -0.0735602 0.306414 : 0.2
0.270441 0.590965 -0.0100495 0.339712 -0.0533758 0.322807 -0.0249755 0.230247 0.519601 : 0
-0.0721339 0.756059 -0.0412991 0.753018 0.0549713 0.0459649 -0.0601489 0.119155 0.11554 : 0
-0.010324 0.397592 0.708733 -0.303826 0.323065 0.157501 0.0719603 -0.170363 0.116642 : 0.4
0.0223574 0.181764 0.223397 -0.0844774 0.380605 -0.233199 0.244322 0.111433 -0.134382 : 0.1
-0.115444 0.144359 0.30425 -0.106256 -0.0388487 0.429008 -0.539271 0.190501 0.151316 : 0
0.303321 1 0.880961 0.152206 1 -0.375099 -0.367149 0.224425 0.728722 : 0.1
0.21166 0.392435 -0.0864503 0.294848 0.0303317 0.911957 0.122719 0.173348 0.0824243 : 0
-0.205063 0.339261 -0.0572124 -0.740591 0.268807 -0.47573 -0.0559847 -0.205659 0.296466 : 0
-1 0.746229 0.084151 -0.65585 -0.103912 -0.649726 0.284406 0.184816 -0.418864 : 0.9
-0.146444 -0.0252428 -0.188801 -0.0624296 -0.730444 0.356562 -0.725358 0.168336 0.101297 : 0.1
-0.128035 0.804007 0.420966 0.949339 0.0417452 0.0189742 -0.16086 -0.0823196 -0.388664 : 0
-0.132991 0.311969 0.914721 0.359666 -0.00648493 0.544706 0.0547292 -0.00236759 0.205055 : 0
0.15646 0.595241 0.34944 0.888711 0.349387 0.312161 -0.221799 -0.0627076 0.145559 : 0
0.395831 1 -0.0727669 -0.129236 0.216931 -0.130586 0.180035 -0.106302 0.66337 : 0
0.198085 0.281299 0.43895 -1 0.134027 0.15955 0.0386986 0.413526 0.434901 : 0.2
0.26003 0.455245 0.708993 -0.236936 0.0694662 0.570041 0.0324395 0.290474 0.182364 : 0.1
0.0631908 0.453738 0.193709 -0.167823 -0.114246 0.07203 -0.295785 0.251492 0.0644662 : 0
-0.909343 -0.0538092 -0.0523248 -0.0568331 1 -0.186592 -0.105208 0.368953 -0.0387214 : 0
-0.793432 0.880758 0.0419737 0.428356 0.653107 0.389988 0.354378 0.142106 0.0763819 : 0
-0.076843 0.250036 -0.0843543 -0.499532 0.431491 -0.832233 1 0.172068 0.846087 : 0
-0.0690826 0.0384745 -0.0196625 -0.267251 0.268273 0.270004 0.173443 0.0453476 -0.000822484 : 0
-0.354631 0.523358 0.950054 -0.515215 0.508209 -1 0.363761 -0.209608 0.364701 : 0.3
-0.102135 0.325405 -0.326756 -0.498363 -0.514126 -0.793941 0.810565 0.0293784 0.930724 : 0
-0.51582 0.795384 0.43137 0.0736021 0.584934 0.443863 0.0194785 0.161343 0.222603 : 0.3
-0.470465 0.599552 0.0468206 0.604078 -0.612766 -0.0367904 0.308541 -0.512749 0.276761 : 0
0.451653 0.12533 -0.0244186 -0.298272 -0.324739 -0.192215 0.332033 0.126717 -0.258619 : 0
0.46868 0.218065 0.130139 -0.105472 0.0753058 0.01799 0.846311 0.12415 0.590751 : 0.1
0.149732 1 0.262332 -0.483145 0.0313297 0.924451 0.185666 -0.0682627 0.155835 : 0
-0.590232 0.0200115 0.651054 -0.0569018 -0.0745832 -1 0.0759465 0.339158 0.140463 : 0
-1 0.5713 0.244042 -1 0.0405003 -0.833213 0.414035 0.283289 0.403724 : 0
-0.473757 0.10064 0.204902 0.667023 -0.62135 -0.894686 -0.0607854 -0.648031 0.0129921 : 0
-0.380772 0.520963 0.233006 -0.0267604 0.0245103 0.0904744 0.812394 -0.0365588 0.120736 : 0
0.155861 0.434465 -0.288532 -0.822457 0.348737 0.258602 -0.577268 0.345609 0.280803 : 0
0.0967735 0.709477 0.139547 0.204274 0.336187 0.304847 0.706433 -0.00693124 0.0453578 : 0.2
-0.753639 0.412049 -0.203922 0.148568 0.320246 0.45654 -0.0761971 -0.286939 -0.252516 : 0
0.259079 0.0867501 0.372361 0.722503 -0.162729 -0.124802 -0.190273 0.172711 0.466457 : 0.2
0.356878 0.0568464 0.954475 -0.0212293 -0.0786566 -0.141585 0.0698979 -0.193371 -0.0491446 : 0.1
0.134386 -0.0945659 -0.403005 -0.172209 -0.0692164 0.325083 0.0477374 -0.063367 -0.0145422 : 0
0.207434 0.369208 0.0113225 -0.0871384 -0.153827 0.0583129 0.240197 0.0162363 -0.00387585 : 0.3
-0.168186 0.149651 0.500822 0.894129 0.280599 -0.0317801 -0.266173 0.902337 -0.293956 : 0
-0.375058 1 0.355343 -0.898368 -0.00377669 -0.506735 0.0231878 -0.165511 -0.170007 : 0.2
0.351533 0.290351 0.822941 -0.807912 0.323441 -0.134502 0.233621 -0.1025 0.283613 : 0
-0.0366096 0.574528 1 -0.0709219 0.0447428 0.275999 0.0224705 0.0927006 0.54012 : 0
-0.40941 0.56502 -0.0141802 -0.0864815 -0.316914 0.593548 -0.00767544 -0.00515352 -0.606562 : 0.7
-0.559872 0.482705 -0.19852 0.120955 0.781137 0.600207 0.0867578 -0.00218976 0.0545618 : 0
0.0460252 0.660644 0.115878 -0.207067 1 -0.227852 0.71351 -0.0657116 0.0509945 : 0
0.00518125 -0.272294 -0.126316 -0.279927 0.449562 0.364939 0.294093 -0.250818 0.259283 : 0
0.642615 0.0765014 0.0978617 -0.536435 0.177119 0.747483 1 -0.0142336 -0.0478226 : 0.2
-0.773267 0.630926 -0.083048 -0.434736 0.76295 0.430824 0.35902 0.307273 0.373684 : 0.1
0.191788 0.346172 0.35619 -0.504211 0.203313 0.280386 -0.13389 -0.772158 0.0758321 : 0.4
-0.47133 0.310563 -0.412229 1 -0.304619 0.0298333 -0.0438806 0.921421 0.30677 : 0
0.244394 0.614405 0.0326573 -0.349816 -0.390199 -1 -0.286463 0.112764 0.0596578 : 0
-0.0827372 0.479368 0.141494 0.407557 0.973656 -0.239048 -0.0719197 0.961122 0.292545 : 0
0.031237 0.207009 0.0490891 -0.483903 1 0.133449 0.0766877 0.0437874 0.435417 : 0
-0.221934 0.991592 0.300399 0.933368 0.538819 0.0750154 0.0160644 0.570293 0.114245 : 0.2
0.610896 0.0391301 -0.000509143 -0.594804 0.00872257 0.129472 -0.0002582 0.92957 -0.154418 : 0.3
-1 0.181577 0.207877 0.549438 -0.621023 0.417095 -0.0411076 0.198091 0.212331 : 0
0.267345 0.463641 -0.00716876 -0.230907 0.516901 1 -0.198618 -0.301427 -0.981559 : 0
0.231225 0.401578 0.303298 0.401819 1 0.19335 -0.213963 0.0454131 0.28924 : 0
-0.71651 0.461613 -0.144399 -1 -0.356689 0.0387988 0.410213 -0.118896 -0.0785406 : 0
0.210443 0.558698 -0.594102 0.247191 0.262398 -1 0.0592957 0.367153 0.0354307 : 0
-0.0979289 0.150858 -0.48987 -0.225364 0.010199 0.0940865 -0.345133 0.346318 0.824395 : 0.4
0.381315 0.250929 -0.256178 -0.061205 -0.0497946 0.269601 -0.396654 -0.117993 0.319467 : 0
-0.781373 0.35212 0.188341 -0.177692 0.779987 0.275718 0.613229 0.0433511 -0.568326 : 0
-0.192239 0.0732113 0.479871 -0.113784 -0.131379 0.288703 -0.0964935 -0.0936713 0.442109 : 0.1
-0.227181 0.114879 0.298459 -0.00594825 1 0.568663 0.445079 0.209726 0.153256 : 0
-0.633664 0.311033 0.0463141 0.846144 -0.050182 0.220064 0.575008 -0.514587 -0.0877187 : 0.2
0.284045 0.498358 0.581933 -0.156348 0.990255 0.65472 -0.290078 0.2305 0.253761 : 0.2
0.440056 0.0622362 -0.490917 -0.0763178 0.0759722 -0.0877374 0.00766444 0.12655 0.548669 : 0
-0.502724 0.341949 -0.287071 -0.0807374 -0.432457 -0.76852 0.119198 -0.165118 -0.0813467 : 0
-0.385259 -0.362829 0.718166 0.215816 -0.302247 0.100788 -0.0124462 0.151933 0.119139 : 0.1
-0.114658 0.285118 -0.300163 -0.459938 0.670751 -0.784328 0.276038 0.0528429 0.69753 : 0.1
-0.383575 0.842551 0.0590754 0.774203 -0.018009 0.138674 -0.138654 0.0405812 -0.0145097 : 0
0.411952 -0.0816909 0.0191172 -0.327636 -0.208905 -0.329415 0.289493 0.374022 0.199246 : 0
0.554893 -0.293871 0.734414 -0.342538 -0.197004 0.174479 0.140942 -0.0940732 0.288938 : 0
-0.188505 0.342771 0.326139 0.721669 -0.534145 0.0681066 0.171057 1 0.124861 : 0
0.0581269 0.520224 -0.25607 -0.342528 -0.23452 -0.253402 -0.015512 0.462049 0.153513 : 0.1
-0.285878 0.437941 0.21979 1 0.0230204 0.115355 -0.0990401 0.35538 -0.194337 : 0
0.0503651 0.852654 0.199048 -0.541549 0.0571658 -0.548816 0.0708176 -0.0539 -0.247352 : 0
0.0337421 -0.594425 -0.219753 -0.205513 -0.566897 0.0392822 -0.196446 -0.0832256 0.0478519 : 0
-0.428626 0.210578 0.603088 -0.264815 -0.029736 0.0495051 0.0729958 0.385585 -0.117476 : 0
0.56506 0.164262 0.394502 -0.14913 -0.73331 -0.0579001 0.0332447 0.186876 -0.0861037 : 0
-0.239353 0.588341 0.110299 -0.623985 -0.373759 0.413502 -0.166743 0.193677 0.404786 : 0.1
0.182166 0.779315 0.0283131 -0.30876 -0.0791833 0.7038 -0.0402836 0.0892228 0.32648 : 0.1
0.270364 0.449473 -0.200945 -0.657377 -0.226489 -0.262853 0.0473438 0.188358 -0.864492 : 0.3
0.131345 0.356838 0.673115 -0.361516 -0.0450431 0.201609 -0.778684 0.173014 0.139611 : 0.4
0.140298 -0.137132 0.465386 -0.428913 -0.206294 0.301071 -0.0407447 -0.303212 0.227256 : 0
-0.24907 0.669802 0.645926 0.139508 -0.229056 -0.0986788 0.0240673 0.377453 0.500924 : 0
0.0880387 0.480458 0.0460616 0.175482 0.058029 0.375143 0.673788 -0.0126784 0.0613779 : 0
0.517301 0.449959 0.132416 -0.202441 0.132067 -0.29129 -0.130648 0.0302581 0.120526 : 0
-0.234204 0.0140784 0.107297 -0.0919266 -0.0815641 0.347162 -0.361247 0.0912518 0.379207 : 0.4
-1 -0.159733 -0.215876 -0.0641119 0.206117 0.316297 0.0496679 0.37269 0.0041455 : 0
0.0542744 0.571072 0.143774 -0.39826 0.0431873 0.0449429 0.25993 -1 0.237474 : 0.1
-0.309302 0.455285 -0.266714 -0.124313 1 0.38069 -0.158522 -0.084663 -0.638852 : 0
0.978772 1 0.076605 -0.601561 -0.161544 -0.160457 -0.591016 0.0527871 0.400114 : 0.4
-0.305606 0.175178 1 0.103288 -0.0182561 -0.342999 -0.442716 0.0679942 0.0120558 : 0.2
-0.519034 0.544485 1 -0.330234 0.583308 0.291472 0.228088 0.00248503 -0.105417 : 0
0.175384 0.0566224 0.301352 0.148898 0.134819 0.447975 0.167701 0.211377 0.71174 : 0
1 -0.737677 0.168282 1 0.811553 0.549362 -0.253957 -0.210961 0.564076 : 0.5
0.196198 0.864732 0.171691 0.11372 0.181991 0.241445 0.0501791 0.122692 0.164973 : 0
-0.281156 0.232388 -0.133107 0.923378 0.332045 -0.143692 0.391187 0.0399241 -0.499179 : 0
-0.103578 0.22351 0.630391 -1 0.141095 -0.535683 0.367219 0.183809 -0.316172 : 0
0.360347 0.33181 0.109605 -0.158416 0.0410914 0.022909 0.0851487 0.589707 0.107329 : 0
-1 0.273836 -0.00594281 -0.0243249 -0.158419 0.0416742 0.26337 -0.128002 0.361662 : 0
0.161221 -0.155355 -0.0481701 -0.186639 -0.0544402 0.542167 0.339117 0.736028 0.216944 : 0.1
-1 0.743474 0.141217 -0.0625059 0.859324 0.648257 -0.0935481 -0.224126 0.2567 : 0.5
0.0431089 0.132289 -0.0816985 -0.209382 -0.106174 0.367921 -0.569013 -0.234209 0.213512 : 0.1
0.149811 0.289326 -0.0157028 -0.000905275 0.358321 0.197578 0.234813 -0.0128001 -0.169038 : 0
-0.501211 0.154748 -0.38823 0.45275 0.183045 -0.152671 -0.176382 0.482498 0.198975 : 0.1
-0.41348 0.181696 0.758421 0.0436984 -0.0161457 -0.828173 0.543483 0.124558 -1 : 0
-0.00532259 0.569738 0.25069 0.269956 -0.395325 0.426375 0.263543 0.126181 0.14735 : 0
-0.531043 0.398974 -0.0758705 1 -0.644206 -0.759288 -0.0550193 -1 -0.150582 : 0.1
0.0558139 0.169378 0.654701 0.443004 1 -0.0556939 -0.248809 0.0516927 0.0711774 : 0
-0.169982 -0.30302 -0.411818 -0.217782 0.0485896 -0.0610888 -0.0737897 0.00323764 0.230698 : 0
-0.514776 0.675218 -0.153421 1 0.433366 0.54762 0.0913586 -0.404963 -0.27408 : 0
0.112444 0.642311 -0.0941207 0.0213835 0.0173744 -0.0690037 0.0463816 0.0836123 0.613731 : 0.1
0.334332 0.412116 -0.0159539 -0.497826 0.00350281 0.261708 0.0720572 -0.0379716 0.276937 : 0
0.0295803 0.0788228 0.870088 0.873818 0.986378 -0.595416 0.651325 0.331188 0.233361 : 0
-0.169024 1 0.164949 -0.373114 0.73677 1 0.129365 0.157469 -0.622217 : 0
-0.6803 0.21712 0.674264 -0.0611744 -0.240565 -0.0546958 0.120147 -0.215817 0.193343 : 0.1
-0.284077 1 0.247189 0.274652 -0.172685 0.488427 -0.720311 0.0460217 1 : 0.3
-0.352466 1 1 0.250022 -0.0613053 -1 0.473833 -0.254139 0.202822 : 0
0.159107 0.91356 0.366925 -0.709029 -0.296237 -0.26107 0.394736 -0.114238 0.292065 : 0
0.510138 -0.204915 0.107213 0.418037 1 0.380969 -0.0116677 -0.30208 0.11264 : 0
0.478511 -1 0.372842 -0.540636 -0.323324 0.223618 0.257868 0.18033 0.18654 : 0.1
0.172982 0.76299 -0.0571022 -0.143115 -0.384139 -0.0873565 -0.0796756 0.123566 -0.662209 : 0.1
-0.57672 0.472915 0.191736 -0.627033 0.0199691 -0.547958 0.301972 -0.929707 0.259998 : 0
0.100061 -0.0261421 -0.142116 -0.397791 0.333254 -0.0299686 -0.0611757 -0.211076 0.0471808 : 0
-0.0968924 0.451079 0.737539 -0.696065 -0.0336545 0.599531 -0.21298 0.778161 0.159806 : 0
0.180818 1 0.57049 -0.586497 1 0.00055176 0.587868 0.153546 0.545925 : 0.1
0.589647 -0.0312345 -0.0150071 -0.214085 -0.73526 0.0999147 0.179406 0.029212 -0.0294411 : 0.1
-0.751714 0.740456 0.0879207 0.372874 0.051983 0.497482 0.308376 0.0806159 -0.015038 : 0.5
0.234128 0.819777 0.667159 0.0897245 -0.222454 -0.367581 0.194515 -0.078234 0.123656 : 0
-0.185 -0.152587 -0.113997 -0.47691 0.000930455 1 0.353371 0.123413 0.0800279 : 0
-0.520361 0.531548 0.693006 1 0.503708 0.166242 0.0618269 0.0805155 -0.509014 : 0.1
0.833889 0.146146 0.579896 0.286832 0.00200891 0.371017 0.240198 -0.119299 1 : 0.1
-0.0224684 0.146345 0.584353 -0.700479 -0.162069 0.0234709 0.130166 -0.200934 0.249145 : 0.1
0.00438583 0.430575 0.0978207 1 0.338242 -0.469048 0.328259 -1 0.0998904 : 0
-0.0198784 -0.376543 -0.347243 -0.240745 0.0489655 -0.153152 -0.510019 -0.308528 0.170914 : 0
-0.533553 0.764401 0.247823 0.0690879 -0.665654 0.778805 0.0558079 0.17845 0.703401 : 0
-0.0193731 0.664382 0.509786 -0.446286 0.452188 0.492648 0.190404 0.19368 0.395365 : 0
0.241424 0.5538 -0.0412455 -0.863925 0.0938696 -0.0683569 0.385999 0.0669758 0.427134 : 0
0.542602 -0.0758594 0.315916 -0.0433628 0.448012 0.0225335 -0.0357442 0.100451 -0.218958 : 0
0.501051 0.826604 -0.772591 -0.0992675 0.107825 0.424216 0.0870274 -0.0423307 0.251398 : 0
-0.269634 0.600538 -0.0597432 0.475855 -0.774973 -0.499206 -0.00829285 0.316749 0.0351443 : 0
0.253618 0.541233 0.282478 0.981402 0.216199 -0.686983 0.576033 0.114794 0.438706 : 0.1
0.0454093 0.0677563 0.0406089 -0.234711 0.256514 -0.134222 0.427645 -0.0795797 0.282152 : 0
-0.0892015 0.120031 0.0879506 -0.0830908 0.511565 0.0173085 -0.087628 0.527626 0.110806 : 0.1
-0.676094 0.319408 -0.104594 -0.0738143 0.382215 0.19945 0.581829 0.124067 0.112528 : 0
-0.162444 0.445025 1 -0.258201 0.550969 -0.000576347 0.132162 0.486226 0.497129 : 0.3
0.00977463 0.0757839 0.133731 0.0835331 0.308161 0.582093 0.205723 -0.0377304 0.203444 : 0.2
0.361271 0.195784 0.055422 -0.161362 0.20483 -0.271064 -0.059981 0.0978679 0.166103 : 0
0.738368 -0.355803 -0.105249 -0.452089 -0.0744229 0.896455 0.131462 0.0113537 0.106844 : 0
-0.203647 1 0.28373 0.917126 -0.209008 -0.553614 -0.450469 0.328307 1 : 0
-0.234564 -0.011305 0.150483 -0.108485 0.550628 0.799909 0.655874 -0.0310461 0.691262 : 0
0.372553 0.388774 0.11524 0.29707 -0.179123 0.130197 0.55672 0.100287 0.12279 : 0.1
-0.248441 0.402245 0.019018 -0.439156 0.428369 -0.071357 -0.793339 -0.0831715 0.243915 : 0
-0.342074 0.173443 0.10877 -0.520898 0.865847 0.349485 0.152582 -0.00962129 0.269765 : 0
0.172198 0.384417 0.186402 -0.579585 -0.751274 0.355033 -0.573841 0.191055 0.154273 : 0
-0.458042 0.467657 0.333113 -0.137081 0.213198 0.467403 -0.177003 -0.0081551 0.0480014 : 0
1 -0.57033 -0.320287 1 0.0191684 0.534808 0.300896 -0.0973806 0.101008 : 0
-0.182072 0.321163 -0.222883 -0.140959 0.39477 0.523795 0.297498 -0.0477733 -0.492462 : 0
0.0113736 0.513478 -0.0298334 -0.133394 -0.0124583 1 -0.0929449 -0.268314 0.330815 : 0
0.00552213 0.307609 -0.13438 -0.225762 0.58797 1 -0.252435 -0.346581 0.235593 : 0.1
0.336159 0.287573 0.483405 -0.057744 0.380341 0.291598 -0.18569 0.077108 0.120884 : 0
0.208494 -0.424369 0.0817086 0.146784 0.847742 0.370606 0.210329 0.122375 0.0396344 : 0.4
-0.0932835 0.935025 0.213109 -0.2597 -0.400206 0.165861 0.138469 0.254531 -0.0385595 : 0
0.267079 0.314641 -0.149365 0.0160521 -0.38595 0.407913 -0.104477 -0.0378967 -0.03773 : 0.4
0.241759 0.958296 0.393875 -0.119832 0.449551 0.439224 0.417902 -0.00293059 0.585615 : 0
0.055857 0.360251 0.4163 0.830163 0.324145 -0.200531 -0.395022 -0.0638288 0.201129 : 0
-0.189323 0.731553 0.282194 0.103354 0.0727477 0.420204 -0.168185 0.439098 -0.0488686 : 0.4
0.0149755 0.186654 0.0362951 -0.187698 0.56786 -0.433846 -0.865273 0.211427 0.301335 : 0.4
-0.262429 0.644207 0.146746 0.614302 -0.52005 0.158535 0.612389 0.159289 0.0826865 : 0.1
-0.0419966 0.621855 0.264048 -0.442313 0.0731175 -1 0.847214 0.0665095 0.0984467 : 0
-0.0812687 0.682253 0.0129312 0.638833 0.056668 0.521785 0.164098 0.0640858 0.24197 : 0.2
0.0644833 0.195974 0.376054 0.303033 0.355588 -0.202792 0.198222 -0.0762365 0.680825 : 0.1
0.226958 0.421007 0.0402619 0.316655 0.831494 0.0274042 0.188941 0.917339 0.47019 : 0
-0.163523 0.103928 0.149827 -0.595885 0.279153 0.473839 0.25821 -0.0489145 0.257419 : 0.2
-0.0984475 0.470126 0.731993 -0.0716827 -0.230166 -1 -0.239882 0.743266 0.337494 : 0
-0.0875546 0.677608 -0.341995 -0.269318 -0.173412 0.246209 0.3234 0.097885 0.163679 : 0
-0.0633773 -0.263122 0.2197 -0.799345 -0.258634 0.385818 0.0903959 -0.0448151 0.808254 : 0.1
0.132291 0.438846 -0.127675 -1 -0.338838 0.0118347 0.753682 0.528731 0.02961 : 0
0.847198 0.225262 0.209872 -0.0918617 0.0431006 -0.514193 -0.0744892 0.229732 0.192471 : 0.6
0.225622 0.0187915 0.393045 -0.271652 -0.0438392 0.724445 -0.16041 0.375464 -0.0340732 : 0
-0.0965958 0.556268 -0.0698962 -0.217254 -0.315179 0.143392 0.166579 -0.0670827 0.052252 : 0
0.116817 0.732313 0.124328 -0.088019 -0.595078 1 0.211378 -0.176519 -0.150961 : 0.1
-0.031234 0.822567 0.365992 0.235885 -0.0499479 0.677292 0.157858 0.16643 -1 : 0
0.181915 0.448842 0.104254 1 -0.739044 0.316317 -0.287784 0.138835 0.162158 : 0
0.447303 0.50971 0.894931 -0.46306 0.432857 -0.0526391 0.220474 -0.174306 -0.291329 : 0
0.553109 0.348967 0.464604 -0.186382 -0.210366 -0.318506 -0.0530725 -0.0109735 0.349341 : 0.2
-0.269759 0.278823 0.234137 0.103374 0.134239 -0.0929937 -0.143337 0.216275 0.11508 : 0.1
-0.0109068 0.401471 0.565286 0.0439365 0.395077 -0.182839 -0.202981 1 0.0832389 : 0.5
-0.039115 0.451558 -0.036193 -0.420196 -0.117361 0.23981 0.63727 -0.115544 -0.03277 : 0.1
-0.254753 0.709995 0.7102 -1 -0.50106 0.981062 0.969058 0.0813253 -0.126454 : 0.3
0.144309 0.187913 0.139818 0.317867 0.176306 -0.410425 0.330631 -0.206894 0.136735 : 0
0.301439 0.427751 -0.481548 -0.123636 -0.00601085 0.665002 0.520434 0.613919 0.32347 : 0
0.31231 0.115572 -0.0249224 -0.128446 0.2246 0.150955 0.464121 0.425854 0.272075 : 0.3
-0.125969 1 0.0991359 -0.0634405 -0.586787 0.26696 0.094359 0.0885926 -1 : 0
-0.1153 0.836265 0.0674074 0.349243 -0.428486 0.683293 0.198375 0.00162421 -0.196278 : 0.1
-0.888025 0.195086 0.749534 0.0803723 -0.308043 -0.11355 -1 -0.014641 0.0742874 : 0.1
-0.1499 0.166182 -0.0974856 0.651959 0.502874 0.269474 -0.181552 -0.122625 0.226716 : 0
0.133577 -0.0869914 0.115912 0.180759 0.920264 0.817364 -0.0129805 0.694805 0.236472 : 0
-0.331036 0.446065 0.264647 0.233285 -0.668397 0.568647 -0.27417 -0.0544752 -0.868342 : 0
-0.204207 0.440722 0.715685 -0.557483 0.0346195 -0.353994 0.0506275 -0.0537563 0.104474 : 0.4
-0.153597 0.750857 -0.626273 -0.117155 0.1007 0.450129 0.0892072 0.0127529 0.177888 : 0
0.210806 0.603884 0.117289 -0.068211 -0.599145 0.0519577 0.194385 0.0920593 0.0654585 : 0
-0.265038 0.0558843 0.243435 -0.850376 0.485215 0.721317 -1 -0.302788 1 : 0
0.324804 0.916836 0.766498 -0.387457 0.691928 0.438261 0.0754851 0.176596 0.150841 : 0
-0.134969 0.263406 -0.00497057 -0.129136 -0.204315 0.382582 0.383812 0.0617751 0.746449 : 0
0.460851 0.256194 0.333308 -0.231658 -0.168568 -0.0458697 0.189387 -0.0502237 0.212954 : 0.2
0.146793 -0.68978 0.397362 -0.338004 -0.304711 -0.440013 -0.0913952 -0.278107 0.107307 : 0
0.56995 0.539186 0.132453 -0.108896 0.202429 0.482193 0.210511 -0.201046 -0.163974 : 0
-0.992476 0.121464 0.126569 -0.293854 -0.0354366 0.0313616 0.0999117 0.0553955 0.118414 : 0.4
-0.118065 0.56899 0.197081 0.830568 0.45263 -0.304411 0.0333776 0.195271 0.323755 : 0
-0.317221 0.0652656 0.100869 0.0299177 0.0691486 0.199436 -0.0021157 0.0411091 0.305964 : 0.1
-0.0802427 0.155087 0.508364 -0.447922 0.317446 0.481815 -0.221953 0.0586145 0.1439 : 0.2
0.180411 0.456016 0.394902 -0.924447 -0.24822 0.284812 -0.288672 0.777529 -0.331802 : 0
-0.115161 -0.0313414 0.409253 -0.162667 0.102741 0.6044 0.243896 0.0750658 -0.117464 : 0.4
0.000892565 0.656137 -0.0324517 0.329699 -0.380123 0.469982 -0.0417068 0.246358 0.339849 : 0.2
-0.177779 -1 -0.0978021 -0.334246 0.23214 0.319339 0.256159 0.432186 -0.0107436 : 0.3
-1 0.340789 0.328436 -0.0956898 0.614083 0.601326 0.0161836 0.100294 0.0198799 : 0.4
-0.0187655 0.0385068 0.864156 0.258563 -0.577492 -0.196394 -0.572687 0.183038 0.507839 : 0
0.302595 0.573699 0.0188391 -0.308651 -0.12945 0.327908 0.0400083 -0.0142359 0.265632 : 0.2
-0.0452861 0.386105 0.653486 0.495038 -0.810294 1 0.409877 -0.205079 0.0960343 : 0
0.215002 0.481893 0.280745 -0.463193 0.243519 0.0471172 0.501013 -0.144159 0.888391 : 0.1
0.0871214 0.114197 -0.175236 0.0797021 0.170059 0.175636 0.139322 -0.182768 0.144754 : 0
-0.176222 0.47872 0.191766 -0.288414 -0.337544 0.362895 -0.0187324 1 0.243461 : 0
-0.162497 0.537989 -0.00159732 0.333714 0.0203371 0.229679 -0.00678736 0.0937284 0.178487 : 0.4
0.122679 0.32534 -0.320303 0.254693 -0.240284 0.747418 0.18469 0.588202 0.174392 : 0.1
-0.213037 -0.34813 0.477517 0.3182 0.449682 0.606046 0.0844351 0.0547887 0.597687 : 0
-0.118636 0.659311 1 -0.0983705 -0.236542 0.320085 -0.188005 0.168267 0.217829 : 0.5
0.532669 0.0168817 -0.0959209 -0.284671 0.00953692 -0.331185 0.0409201 -0.136527 -0.252273 : 0
0.202533 -0.532805 -0.0824798 -0.157322 0.525363 -0.0860101 -0.0474958 0.112006 0.410949 : 0
0.0197135 -0.0626275 0.395476 0.14479 0.130095 -0.65261 -0.0567255 0.0564593 0.273771 : 0
0.0352166 -0.0036234 0.0958482 0.268944 0.598469 0.149586 -1 0.0856338 1 : 0.1
-0.213429 0.0600103 0.326473 0.0346408 0.0441951 0.14055 0.363237 0.0395661 0.225589 : 0.2
0.381138 0.991938 0.219848 0.201326 0.0189297 -0.168954 0.0446923 0.130431 0.2324 : 0.1
-0.331302 0.433234 -0.16568 0.218096 0.628559 -0.00824949 -0.00231062 0.205784 0.324431 : 0.1
0.385368 0.0617659 -0.364959 -0.192601 0.277913 0.763812 0.125291 -0.0312553 0.160799 : 0
0.160983 0.265324 0.3739 -0.010816 0.044382 0.176921 0.0964245 0.114768 0.674578 : 0
-0.399346 0.396918 -0.0845236 -0.0782536 1 0.0959626 -0.168103 -0.187537 0.531136 : 0.1
0.551091 0.282065 0.34463 1 -0.353546 -0.0456561 -0.0648102 1 0.260078 : 0.1
0.212261 0.190033 -0.284764 0.515843 0.263856 0.867772 0.187257 0.103794 0.0394878 : 0
0.167755 0.401869 -0.332498 -1 -0.279943 0.278804 -0.0552624 0.253762 -0.0651731 : 0
0.434152 0.335665 0.00885858 -0.323814 -0.0347625 0.292271 0.439943 0.291643 0.129321 : 0.4
0.164828 0.235425 -0.454536 -0.391358 0.0517438 0.0206262 0.297126 0.223466 0.175987 : 0
-0.259142 0.51003 0.00545742 -0.0425123 -0.194563 0.0816579 0.702071 -1 0.631171 : 0
0.371163 0.387115 0.532398 0.963927 0.128393 -0.500879 -0.482398 -0.320402 0.587457 : 0
-0.123372 -0.252581 0.872262 -0.461084 0.360735 0.368571 0.10291 0.561638 -0.00459799 : 0.5
0.351638 0.675463 -0.318874 0.868378 -0.358855 0.24683 0.129909 0.118796 -0.00581367 : 0.3
-0.0282456 0.281624 0.270497 -1 0.562625 0.461967 -0.158366 0.919539 -0.3773 : 0
0.391085 0.402581 -0.0546143 0.12824 -0.1211 0.466474 0.0114528 -0.0533638 0.418793 : 0
0.352836 0.374899 0.239739 -0.234496 -0.838026 0.147617 -0.0835289 0.304758 -0.441488 : 0
0.0629476 0.87891 -0.0151721 0.521075 -0.346023 0.557805 0.542385 -0.118287 0.0627835 : 0.2
-0.0274656 0.116257 0.155165 0.627074 0.276203 0.133176 0.0948588 -0.0694154 0.237131 : 0.5
0.292768 0.551499 0.889808 1 0.112082 0.125775 -0.217369 0.171879 -0.796257 : 0.5
-0.598231 0.153624 0.222416 0.0692826 -0.174053 0.455558 -0.032896 0.0416858 -0.481946 : 0.3
0.237939 0.963472 0.360923 0.0351712 -0.052385 -0.371582 -0.372079 0.293265 0.176152 : 0
-0.443098 0.508323 0.286772 0.11128 -0.022586 -0.32049 -0.206002 -0.098886 0.0668082 : 0
0.0852806 -0.500498 0.137064 -0.0715655 -0.189554 -0.197891 -0.29393 0.472543 0.118858 : 0
-0.403086 0.135252 0.0450977 0.256575 -0.0422696 0.419908 0.0253904 -0.0930618 -0.393492 : 0
0.416837 0.286294 0.178265 -0.360793 0.104335 -0.406503 -0.0260458 0.238574 0.713291 : 0
0.425481 0.428491 0.228926 -0.174028 0.23027 -1 0.353393 -0.0169286 0.117847 : 0
-0.18314 1 0.91138 -0.155666 -0.266473 0.14072 0.589973 -0.183631 0.402259 : 0.3
0.1733 -0.288158 0.10724 -0.377042 -1 0.318789 0.0457421 0.43415 -0.0880019 : 0.2
-0.327703 0.0790678 -0.0710833 0.498057 0.522347 -0.178241 0.183931 0.351543 0.310566 : 0
-1 0.162256 0.206357 -0.494369 0.0428735 -0.109885 0.498325 -0.120973 -0.271681 : 0
-0.0356586 0.639623 0.0220376 0.504471 0.190646 -0.343842 -0.318297 0.190244 0.0747719 : 0.1
0.634888 0.919441 0.156023 -0.548257 0.526667 -0.293185 -0.135784 -0.0644746 0.144357 : 0.1
-0.154052 -0.323429 0.145401 -0.0132182 0.54231 0.176827 -0.470307 -0.0971242 0.277539 : 0.4
-0.0897113 0.472981 0.390368 -0.0105527 0.108575 0.592732 0.0304834 0.461064 0.272919 : 0
-0.950876 0.346988 0.112119 -0.94686 -0.213046 0.0713568 -0.0500361 0.205383 0.0345897 : 0
0.245711 0.565762 0.434954 -0.392516 -0.521444 0.408491 0.0477822 -0.15439 0.00323705 : 0
0.172303 0.440112 -0.018478 -0.533506 0.263459 -0.0261787 0.280211 0.131022 0.100959 : 0.3
-0.0842826 0.2501 0.138757 -0.0775718 0.0228483 -0.0886058 0.0260144 0.356758 -0.166846 : 0
-0.0629288 0.284558 -0.708909 0.281082 0.899315 -0.288498 -0.0123127 0.2454 0.180253 : 0
-0.35937 0.437472 0.446185 0.0172673 0.158511 -0.0260388 0.0613501 -0.222813 0.302067 : 0
0.526229 0.83922 0.705855 -0.196244 0.37471 0.535816 0.231015 0.100629 0.214036 : 0
0.0598277 -0.382102 0.250916 0.0995131 0.101805 0.37094 -0.080757 0.0427657 0.602095 : 0
0.0467903 0.0641225 0.373284 0.201536 0.123352 -0.118679 0.551148 0.559989 0.232184 : 0
0.0725966 0.552816 0.310164 -0.145605 0.114754 0.557246 0.0140007 -0.119204 -0.0284853 : 0.1
-0.75341 0.914656 0.0223401 0.316817 0.812181 0.170182 0.32644 0.0241719 -0.0133215 : 0
0.119037 0.667594 0.444876 -0.68423 0.933917 0.488273 0.134569 0.19773 -0.737283 : 0.4
0.505487 -0.00017339 0.308345 0.43787 0.394263 0.84191 0.300596 0.992667 0.155069 : 0
0.396482 0.61404 -0.0275672 0.444318 -1 0.722775 0.12907 0.215183 -0.421158 : 0
-0.540208 0.525384 0.30892 -0.395611 0.273697 -0.903545 0.326682 -1 0.0808522 : 0
0.12772 0.387686 0.386096 -0.0395908 0.182214 -0.406348 0.174137 0.0181847 0.321124 : 0.3
-0.185111 0.905584 1 0.193928 0.0927053 0.519185 0.31894 0.199295 0.196732 : 0
0.110685 -0.0981594 0.0152366 0.936914 0.64814 0.0943879 0.287156 0.00592439 0.143324 : 0
-0.62103 0.23105 0.00698209 0.261544 0.0079053 0.090261 -0.00594252 0.159681 0.220866 : 0
-0.0479291 0.0806815 0.350819 -0.356095 0.19228 0.411511 -0.17059 0.0151996 0.359462 : 0
-1 0.504208 0.275138 -0.433368 0.454521 0.0342949 0.544463 0.169473 0.0984313 : 0
-0.0648098 0.610296 0.169506 0.0932398 0.144629 0.296581 -0.392022 0.43218 0.271608 : 0
-0.137152 -0.00744832 -0.564342 -0.275819 -0.24662 0.394565 -0.0859766 0.656963 1 : 0
0.0804284 -0.0695035 0.316744 0.352025 -0.0494194 -0.51451 0.0243637 0.266389 0.496687 : 0
-0.255406 -0.157246 -0.651243 -0.768086 0.0458337 0.117441 -0.126105 0.0612416 0.0147845 : 0
0.492455 0.290168 0.360338 -0.145007 0.0266039 0.697246 -0.0356741 0.018491 0.231695 : 0.4
-0.465528 0.554694 0.973865 0.209515 0.10322 0.288609 0.179299 -0.0299673 0.895282 : 0
0.25942 0.0277521 0.919444 0.910515 -0.670324 0.00506753 -0.460773 0.391024 0.451716 : 0
-0.766217 0.683123 0.360239 -0.898436 -0.771779 -0.0593213 1 0.0589718 0.946789 : 0
0.0581239 0.390221 0.0664719 -0.0634301 0.474537 1 -0.434899 0.197704 0.430441 : 0
-0.211035 0.607731 0.523899 -0.818676 0.169569 0.0438515 -0.196571 0.119366 -0.432227 : 0
0.276191 0.6487 -0.261011 -0.0855483 -0.0576235 0.112843 0.693457 0.305472 0.465642 : 0
-0.277505 0.924116 0.333709 0.205199 1 -0.0435093 0.600642 0.0451884 0.0273325 : 0
0.157088 0.374375 -0.0617797 -0.0734001 -0.226467 0.0260343 0.0813593 0.117052 0.0918913 : 0.2
0.440531 0.563349 -0.118105 -0.402735 0.378839 0.330084 0.161718 0.0115927 0.524512 : 0
0.40707 -0.068243 0.60845 0.119101 0.148707 -0.0530177 -0.318713 -0.0354345 0.501009 : 0.4
-0.56326 0.509722 -0.0781385 0.529906 -0.384598 -0.0844938 0.44507 -0.370164 -0.455741 : 0
0.0298819 0.370033 -0.681566 -0.418824 -0.482638 0.417148 1 0.281963 -0.9482 : 0
0.266523 1 0.186458 0.0113952 0.585551 -0.240664 0.166439 0.302891 0.192051 : 0.4
0.282047 0.0364796 1 -0.307112 0.105596 0.526056 0.0139317 0.0829282 -0.038328 : 0
-0.486104 0.0767458 0.245737 0.147388 0.00544988 -0.125833 -0.420013 0.269026 0.321734 : 0
-0.130185 0.226473 0.127564 -0.604478 0.767752 -0.856329 0.107482 0.108757 0.0173206 : 0.5
-0.675315 0.544955 0.165919 -0.717428 -0.0302872 0.105922 0.23801 0.249053 -1 : 0
0.139138 0.422705 0.225193 0.619658 0.340728 0.312063 -0.117083 -0.069813 0.143353 : 0.1
0.557829 -0.221405 0.0447424 -0.460428 -0.400809 0.209606 -0.00386743 -0.0454899 -0.0430525 : 0.5
0.514869 0.926823 0.582844 0.259596 -0.0162991 -0.171504 0.242725 0.165243 1 : 0.5
-0.169181 0.423425 -0.97403 0.101379 1 0.106874 0.232752 -0.644255 -0.205312 : 0.7
-0.341441 0.335743 0.500008 0.102071 -0.136638 0.399425 0.0719863 0.113816 0.0870685 : 0.5
-0.0188865 0.253835 0.0718815 0.110951 0.0517481 0.266558 0.016879 0.0672787 0.100467 : 0
-0.195689 0.463991 0.0950413 -0.105495 0.278119 0.613387 -0.0274038 -0.0686716 1 : 0
0.343916 0.0839329 0.161729 -0.375907 0.388892 0.161881 1 -0.055105 0.351307 : 0.1
-0.0146379 -0.0163646 0.0334746 0.666097 0.00968727 -0.0856076 0.556588 0.190989 0.356498 : 0
-0.511076 0.729697 0.272622 0.154306 0.0190987 -0.771096 -0.811616 0.287906 -0.0286025 : 0
-0.285069 -0.41965 0.435719 -0.55587 -0.230269 -0.390245 0.219595 -0.243919 0.0638408 : 0
-0.22483 0.320611 0.644518 -0.243707 1 0.551357 0.00750065 -0.202045 -0.341698 : 0
-0.229272 0.204273 -0.158193 -0.29046 -0.100027 0.525182 -0.0484281 -0.398818 -0.737387 : 0.1
0.225291 0.435869 0.582757 -0.13608 0.159803 -0.0141388 -0.0241944 0.474449 0.0764192 : 0
0.405534 0.568666 -0.0870492 -0.256714 -0.279576 0.631755 0.0942423 -0.0106884 0.158704 : 0
-0.0104672 0.0310255 -0.178534 0.12705 0.101649 -0.019441 0.711947 -0.242425 0.561471 : 0
0.221355 0.298307 0.15982 -0.114687 0.445778 0.549281 0.0844423 0.52018 0.263235 : 0.1
-0.104596 -0.0583778 -0.0540047 0.246669 0.0566093 0.357299 -0.104462 0.365423 -0.188843 : 0
-0.290176 0.0741762 -0.13452 -0.676519 0.601065 0.575554 -0.0270388 0.0929723 0.0253259 : 0.1
-0.0178553 0.452028 0.62631 -0.298176 0.312221 0.67698 0.360153 -0.0294724 0.0580088 : 0
-0.41599 -0.121411 0.60099 0.0250351 0.129399 0.272967 0.21531 -0.797589 0.00529446 : 0
-0.0360055 0.489803 0.193979 0.0739297 -0.460153 0.0752606 0.117636 0.717784 -0.329685 : 0
0.191622 0.206091 -0.107244 0.574209 0.149107 0.0455904 -0.137876 0.139691 0.209988 : 0
1 0.960373 0.474612 0.520156 -0.247909 0.0592632 -0.198652 -0.0764354 -0.0264545 : 0
-0.0760117 0.430581 -0.122427 -0.491343 0.0687119 -0.911157 -0.318513 -0.0188454 0.782107 : 0.2
-0.173791 -0.0873679 0.246178 -0.266905 0.128559 0.682599 0.0844149 0.143745 -0.164665 : 0.1
-0.792153 0.114452 0.436952 0.0360352 -1 0.919454 -0.0109977 0.13991 0.102005 : 0.3
0.160251 0.365756 -0.11436 -0.385471 0.0374798 -0.383515 0.00894389 0.629648 0.177083 : 0.1
-0.232509 0.57161 -0.0619859 0.435612 -0.0601084 -0.419571 0.101077 0.101727 0.201012 : 0
-0.935294 0.0257949 0.0347726 0.105206 0.416514 0.12546 -0.135366 -0.271169 0.234477 : 0
0.4046 0.543447 -0.283012 0.242362 -0.235138 0.0420097 0.443039 0.295659 -0.272261 : 0.2
0.357097 1 -0.00315661 0.571457 -0.062745 0.0367184 0.124043 0.416955 0.270032 : 0.4
-1 0.937016 0.116289 0.0793158 0.879465 0.0328925 0.127209 0.298145 -0.671502 : 0
0.148318 0.392539 1 -0.143678 0.309455 -0.0377725 0.283088 0.273175 0.408682 : 0
0.106833 0.297449 -0.113829 -0.150274 0.659667 0.472452 0.255105 0.157798 0.130529 : 0.4
-0.181008 0.0795069 -0.23806 -0.31513 0.337669 0.290446 0.260434 0.236628 0.377964 : 0
-0.521864 0.437884 -0.122046 0.0147629 0.412141 0.863318 0.639348 0.236561 -0.104973 : 0.4
-0.240333 -0.113246 -0.0812321 -0.0873339 0.108198 -0.247552 0.0157339 -0.0146499 0.180965 : 0.2
0.330734 -0.168356 0.533849 0.180518 -0.120619 -0.218507 0.419852 0.431244 -0.107031 : 0.2
-0.115576 0.236523 0.520253 0.0159363 0.372656 0.193352 0.0786114 0.0722269 0.730358 : 0.4
-0.170759 -0.0520751 0.0198308 0.230659 0.358631 1 0.288394 0.210576 0.0799385 : 0
0.192969 0.44731 0.532822 -1 -0.416594 0.643707 -0.0204394 0.113539 0.116587 : 0.1
-0.274907 0.992893 0.186037 -0.0186296 0.15399 -0.0497634 -0.0842733 -0.873636 -0.0371213 : 0
-0.0103854 0.331973 0.314484 -0.157152 0.331773 -0.242535 -0.142072 0.214109 0.0694722 : 0.4
-0.18328 0.351773 0.193336 -0.441495 -0.0113722 -1 0.00388816 0.609253 -0.0579035 : 0
0.25717 -0.2771 0.011976 -0.571717 0.0514848 0.281297 0.559087 -0.125254 0.285927 : 0
0.193313 0.250894 0.913655 -0.304574 0.0980731 0.357994 0.040405 0.0796939 -0.0664407 : 0.3
1 0.155585 0.611912 -1 -0.597401 -0.00977704 -0.0167276 0.348021 -1 : 0
0.655748 -0.0728564 -0.298123 0.418775 0.111769 0.470431 0.534034 0.393159 0.169861 : 0.4
-0.0398801 0.169045 0.11247 0.43533 0.204294 -0.601372 0.0423477 0.272665 -0.0286984 : 0.4
-0.297999 0.377394 0.0352381 -0.086613 -0.598244 0.431985 0.585805 0.0696736 0.130295 : 0.5
-0.182865 -0.0752734 0.147066 -0.796976 -0.518462 -0.0444804 0.309634 -0.0353851 0.332528 : 0
-0.277997 -0.0651571 0.728073 -0.423618 0.142888 0.478308 -0.0661566 0.121203 0.2988 : 0.3
-0.0490426 0.671014 -0.0121109 0.012933 1 -0.213955 0.0765913 0.283094 0.517958 : 0
-0.780225 0.861491 -0.0897734 -0.117699 0.248779 -0.246254 0.325125 -0.110871 0.289427 : 0
-0.235127 0.622368 0.536192 0.00916362 0.608398 -0.183048 0.486404 -0.0187981 0.320603 : 0.1
0.441593 0.183689 0.2856 0.302803 -0.335158 -0.187637 1 0.0273711 0.194975 : 0
-0.678424 -0.110821 0.728377 0.0200956 0.157387 -0.270858 -0.0108294 0.842169 0.0345289 : 0.4
0.191946 -0.104222 -0.0350079 0.223009 0.0668222 0.276504 -0.0026058 -0.107982 0.21221 : 0.1
-0.237091 0.248529 0.0486529 -0.463423 0.0810596 0.500127 0.331213 0.243755 0.383189 : 0.1
-0.498944 0.188395 -0.802319 -0.396274 -1 0.410239 0.0768623 0.0263816 -0.865643 : 0.1
-0.455282 0.477087 -0.389409 -0.0717983 0.38763 -0.116181 0.691541 0.127835 0.372801 : 0
-0.00188697 0.224129 -0.140174 0.0941552 0.304473 1 0.203335 -0.443708 -0.925615 : 0.1
0.392914 -1 0.011519 0.0155951 -0.00912271 0.787509 0.163893 0.074205 0.240757 : 0
-0.030401 0.849746 0.27363 -0.17706 1 0.42599 -0.0878446 0.407386 -0.0308035 : 0
-0.151932 -0.191294 0.0458732 -0.110497 -0.0524849 0.43981 0.410261 -0.0733732 -0.00996795 : 0
-0.0725703 -0.0367255 0.0190654 -0.388386 0.718911 0.678729 -0.107054 -1 0.230522 : 0
0.0748517 0.227096 0.439552 -0.349189 0.267674 -0.364206 0.464355 0.229897 0.959069 : 0.1
-0.0446468 0.877728 0.827276 -0.457719 0.0718842 0.147645 0.763249 0.0693017 0.474085 : 0
0.0390453 0.168494 0.429952 0.739832 0.286861 -0.695624 -0.0789995 0.0159765 -0.196934 : 0.2
0.438652 0.0859729 0.511081 0.214102 0.731874 -0.298924 0.158465 0.120893 -0.511365 : 0
0.0282746 1 -0.0836499 0.511446 0.323494 0.137779 -0.414437 -0.141689 0.103699 : 0.2
-0.181429 0.211904 -0.100671 0.486014 0.126751 0.299654 -0.0706602 -0.270566 0.192539 : 0.3
-0.158393 1 0.32622 0.213602 0.672744 0.884747 -0.360649 0.00528546 -0.0957324 : 0.3
0.0465702 0.368753 0.415635 -0.390175 0.0780043 1 0.315104 -0.102245 0.0764837 : 0.1
0.305037 -0.0218317 0.123357 -0.361178 -0.405838 0.222937 -0.0109643 0.0187308 0.0333261 : 0
-0.104752 0.247877 0.194336 -1 0.24935 -0.331205 0.351173 -0.0888714 0.326596 : 0
0.956526 0.0230975 -0.479628 -0.0753723 0.0867575 0.122064 -0.173477 0.600063 0.246217 : 0
-0.070785 0.726477 0.0317366 0.539973 0.438918 0.342723 -0.102309 0.382687 0.0653964 : 0
-0.458592 1 0.0897488 0.288175 -0.176032 -1 -0.624867 -0.114383 0.227551 : 0.1
-1 -0.256761 1 0.910811 0.226561 -0.0483924 -0.961996 0.146197 -0.27252 : 0.4
-0.0602567 0.499857 0.49089 0.962293 0.463276 0.178263 -0.0424105 -0.223727 0.282423 : 0.1
-0.048903 -0.0314119 0.592793 -0.325523 0.173737 0.241391 0.0784412 0.0462578 0.798985 : 0.2
-0.188549 0.488222 -0.0875402 -0.321492 0.737649 0.14663 -0.0745668 0.125812 0.236266 : 0.1
-0.156371 0.356312 -0.109242 -0.293433 0.842386 0.515483 0.0765318 -0.163294 0.124645 : 0
-0.0837194 0.773184 0.0635435 0.647919 0.897742 0.375466 0.0740446 1 0.281956 : 0
0.126361 -0.119203 0.492291 -0.921021 -0.041102 0.683805 0.672879 -0.102159 0.2573 : 0.3
-0.782383 0.899606 0.209001 0.110005 -0.0581746 0.346475 -0.520983 0.236945 0.190848 : 0
0.939142 0.163435 1 -0.0476497 0.0532333 -0.214175 -0.0726295 0.0316341 0.027993 : 0.2
0.0457271 0.651001 1 0.25333 0.109593 -0.195891 -0.981395 0.252793 0.537963 : 0.3
-0.488539 1 0.245677 0.184604 -0.261946 0.4759 -0.169945 0.0698995 0.280853 : 0
0.0662155 -0.161121 0.0191114 -0.417006 -0.498022 -0.121045 0.175864 0.0800529 0.71512 : 0
0.567548 0.138804 -0.337401 -0.114334 0.440494 -0.120413 0.110088 0.220261 -0.0592355 : 0
-0.355629 0.223836 -0.352562 -0.124549 0.0193719 0.0773129 0.0428879 -0.195 0.0974905 : 0.3
-0.728496 0.368985 0.526039 -0.692519 0.0625561 0.437975 0.110984 -0.110052 0.12404 : 0.1
-0.0171061 0.613285 0.756787 1 0.420569 -0.209633 0.175133 0.203523 0.248044 : 0.4
-0.187923 0.283469 1 0.946964 0.821725 0.253829 0.330491 0.173686 0.736552 : 0
-0.740384 0.442138 0.11963 0.824837 0.0499191 -0.861209 -0.181222 0.42192 -0.0724243 : 0
-0.0275829 0.0381885 0.283253 -0.460084 0.541518 0.478774 -0.0661282 0.860765 0.149183 : 0
-0.605463 -0.0796552 0.497739 -0.256446 0.133155 0.0782833 0.393978 -0.81795 0.0953191 : 0
0.440404 0.263493 -0.0619759 -0.272741 -0.186759 0.429175 0.0521422 0.811062 -0.233292 : 0
-0.968617 -0.0572274 0.262649 -0.00231397 0.450168 0.636519 0.444732 0.268019 0.171495 : 0
0.451361 -0.0237837 0.24095 -0.156676 0.182377 -0.489205 -0.0111963 0.168051 0.192042 : 0.5
-0.00801884 0.560211 0.292514 -0.193416 0.0906719 0.163162 0.0320579 0.419097 0.0989527 : 0.3
0.447357 -0.0817785 0.1311 -0.311632 0.442524 0.155724 -0.0154498 0.0145359 0.0330238 : 0.3
-0.0375101 0.0846591 0.161191 -1 0.0731199 -0.225743 0.0128885 -0.547175 0.0796114 : 0.1
0.505258 0.215513 0.420183 -0.219749 -0.0557186 -0.0263844 0.0157661 0.00532672 0.0407184 : 0.3
-0.0529296 0.210857 0.10068 -0.319578 0.643381 0.0273854 1 0.0594448 -0.109782 : 0
0.136764 0.647729 0.0357226 0.18806 -0.485609 0.411119 0.0401003 -0.0530195 0.137581 : 0
-0.102839 0.933297 0.123131 -0.390939 0.749961 1 0.18291 0.133961 -0.356263 : 0
0.101075 -0.00853494 -0.0170458 0.536841 -0.874727 0.342509 -0.174846 0.0211035 0.152628 : 0
0.1956 0.539352 0.612127 -0.253925 0.177967 0.562979 -0.36681 -0.118415 0.41336 : 0.1
-0.184936 0.395552 0.759192 1 0.0676239 0.737459 0.0175383 0.586501 0.221587 : 0
-0.367992 0.702678 0.0513579 -0.912309 0.0535711 0.242338 0.427078 0.143927 -0.0974506 : 0.1
0.104179 0.691515 0.329231 -0.196407 -0.354236 -0.0956961 -0.245174 0.0512285 0.0427773 : 0.4
-0.0350876 0.748601 0.303905 4.69685e-05 -0.675023 -0.202919 0.567 0.490733 -0.0665074 : 0.1
-0.0215061 -0.25421 0.0304047 -0.0891559 0.435754 0.249906 0.228728 -0.023463 -0.262626 : 0
0.113354 0.219954 0.379568 0.449648 -0.215651 1 -0.00995705 1 -0.11815 : 0.3
-0.542397 0.331186 0.554871 -0.405651 0.191538 -0.808587 -0.0225622 -0.114782 0.272348 : 0
-0.58452 1 0.397424 0.569568 -0.233335 0.074485 0.583205 -0.0235981 0.140975 : 0
-0.171538 0.410186 0.818018 -0.332625 -0.1932 0.00918528 0.0674069 0.24826 0.332975 : 0
-0.114625 0.54142 0.0374069 -0.698395 -0.0251486 -0.519097 0.37623 -0.00886725 0.0586985 : 0
-0.493962 -0.75831 0.0480752 -0.0699057 1 0.257913 -0.0243242 0.376924 0.143783 : 0
0.029777 0.26525 0.349948 -0.261486 0.337504 0.506569 -0.0486814 0.204997 0.0518218 : 0
-0.174185 0.386089 1 -0.382455 -0.110258 0.4053 -0.0993873 -0.0672249 0.405586 : 0.1
0.211336 0.697895 0.135179 -0.322796 -0.290478 0.513348 -0.218603 -0.258378 0.0723579 : 0
0.404327 0.505166 -0.169578 -0.384588 0.249871 0.308708 0.265786 0.0101731 0.496354 : 0.5
0.00230807 0.708635 0.200856 0.196608 0.114131 0.0381614 0.0354125 -0.0600561 0.45871 : 0
0.0105444 0.505401 0.274798 -0.0377511 0.009192 0.255238 0.647484 -0.951898 -0.136875 : 0
0.172714 0.166814 0.111758 -0.233257 0.925482 -0.114549 0.0992417 0.215252 0.907804 : 0
0.0437433 0.313067 -0.0225337 -0.426488 0.531955 0.125491 0.550605 0.0931573 0.219132 : 0.1
0.258805 0.135295 0.00344345 -0.53258 -0.126857 0.156755 0.355188 0.0727256 0.0212193 : 0
-0.0618646 0.886962 0.158226 -0.548211 0.208502 0.0237352 -0.479176 0.291005 0.578025 : 0
0.133945 0.967616 0.00995022 -0.222546 0.0117985 -0.0142651 0.0131657 0.098499 0.558813 : 0
0.699784 0.191349 0.444369 0.994294 -0.00917885 -0.272024 0.254195 0.231983 1 : 0.1
-0.080573 0.353394 0.217435 0.086675 0.126997 0.246149 0.023992 0.124893 0.747769 : 0
-0.831214 -0.0696728 -0.276542 -0.37196 -0.0168584 0.315371 0.180927 0.721779 0.0861003 : 0.4
0.48801 0.0154684 0.853301 0.179441 0.188711 -0.0707967 0.0185892 0.00186276 0.382817 : 0.1
0.631907 0.559712 0.0169552 -0.437521 -0.531035 0.328906 -0.0462556 0.554096 0.312461 : 0
1 0.0456083 0.684024 -0.239227 0.830723 -0.215302 0.0278859 0.599998 0.385299 : 0
0.198985 0.0598699 0.254894 0.591005 -1 0.0263688 0.4207 0.0751315 0.426043 : 0.4
0.581366 0.276663 0.0446667 -0.313693 -0.398559 -0.112023 0.019071 -0.0899822 0.325488 : 0
-0.28668 0.593968 0.100016 0.58775 -0.0551238 0.211571 0.668011 -0.553765 0.0921262 : 0.3
-0.0648752 0.063157 0.747621 0.898409 0.484805 -0.167152 0.9704 -0.106191 0.302296 : 0
0.166882 0.0179753 0.603814 -0.413622 0.375939 -0.000244886 -0.217812 0.100943 1 : 0
-0.917582 0.153938 -0.194857 0.485926 0.0685664 -0.349234 0.71178 -0.120823 0.234615 : 0
-0.237775 -0.0817704 0.251469 -0.142807 -0.141178 -0.477802 -0.561672 0.249904 0.60212 : 0
0.139255 0.128884 -0.117786 -0.301235 0.220465 -0.917307 -0.0346925 0.215604 -0.00960362 : 0
0.423365 0.928173 -0.329265 -0.248037 0.39357 0.294206 0.392063 0.0938863 0.898355 : 0.1
-0.35405 -0.254875 0.112453 -0.131816 0.392975 0.0626007 0.651278 0.0818436 0.212902 : 0
0.0459283 0.319996 0.197765 -0.184145 0.581903 0.701191 -0.671715 0.145184 0.109872 : 0
-0.443369 0.691467 0.012428 0.295383 -0.00235283 0.339673 0.289023 0.192982 0.509436 : 0.1
-0.329453 0.588987 0.18472 -0.0150857 1 -1 -0.876645 0.173961 0.16316 : 0
-0.291322 0.27359 -0.176165 0.893498 0.112838 0.477689 0.151999 -1 -0.202926 : 0
-0.520776 0.0734197 0.241427 0.132298 -0.0432417 0.183266 0.182103 -0.313724 0.178628 : 0
0.209482 0.784396 -0.00783303 -0.521698 -0.297338 0.143878 0.060257 0.595003 0.433048 : 0.4
0.200003 0.682613 0.162247 -0.408984 -0.0442191 -0.671342 0.146857 0.0999418 -0.108582 : 0.1
0.0656646 0.584501 0.026338 0.582541 0.0372899 0.198738 0.332316 0.264781 0.0575795 : 0
-0.0874602 0.861286 0.234229 0.330098 0.277219 0.520225 -0.0259212 -0.130578 -0.0650232 : 0
0.543441 0.00818041 -0.159291 -0.246618 -0.0884193 0.730959 0.206361 -0.0589526 -0.00196231 : 0.1
0.465215 0.763431 -0.0436389 0.194509 1 0.145252 0.459319 0.0650005 0.422142 : 0
-0.554738 0.777223 1 -0.0542775 0.460684 1 0.355188 -0.13286 0.0829475 : 0.1
0.245863 0.200501 -0.15621 -0.372316 0.275046 1 0.139735 0.309842 0.25277 : 0
0.554626 0.221331 0.468955 -0.687095 0.348432 -0.135843 0.9222 -0.058103 -0.47991 : 0
-0.443426 0.0114061 -0.0891992 -0.843726 0.463855 -0.319456 0.140057 0.389969 0.323775 : 0
-0.746291 0.681745 0.131456 0.427606 0.518098 -0.105924 0.140291 0.221612 0.0760608 : 0
-1 0.379461 -0.0917333 1 -0.697054 0.286638 -0.290917 0.220532 0.139971 : 0.3
-0.212024 1 0.0664532 -0.423082 -0.0821317 0.463246 0.655564 0.0504628 -0.136398 : 0
-0.335192 0.390351 -0.224812 -0.464543 -0.0753706 -0.108561 0.086931 -0.37734 -1 : 0
-0.139749 0.622903 0.327156 0.0627379 -0.0834377 -0.101248 0.0638527 0.199761 -0.333414 : 0.3
0.490835 -0.40147 -0.275912 0.173654 0.182975 -0.326022 -0.0162744 -0.0631396 0.476952 : 0
-0.338381 0.18612 0.0457518 0.00105411 0.516189 0.129208 0.79339 -0.360065 0.385702 : 0
0.392658 0.247937 0.136939 -1 -0.0571578 -0.0708639 0.0368899 0.134755 0.662107 : 0
-0.0994128 0.0720129 0.269063 -0.122429 1 0.0357877 -0.0415684 0.196773 0.131836 : 0.3
-0.566871 0.531551 1 -0.282347 -0.0151208 0.566996 0.298143 0.00791562 0.244492 : 0.1
-0.163855 0.411826 -0.128197 -0.0697111 -0.062283 0.455447 0.162806 0.0502525 -0.344602 : 0
-0.101065 0.0278466 0.432313 -0.157938 -0.2102 -0.726306 0.162044 -0.597813 0.0727046 : 0
-0.0599764 0.132837 -0.302363 0.336579 0.322232 -0.0195019 0.032236 -0.0147922 0.140775 : 0
-0.282374 0.686366 0.0977583 -0.289425 -0.0286581 0.0702759 0.0502176 0.259845 -0.125799 : 0.3
-0.164326 -1 0.937448 -1 -0.161313 -0.56238 -0.709293 -0.145366 0.293771 : 0.1
0.235243 0.279258 0.24996 0.199097 -0.264051 0.215318 -0.275979 0.171245 0.121499 : 0
0.262088 0.490798 0.0848995 -0.376869 0.00211769 0.379973 0.378901 0.0525465 0.124007 : 0.1
-0.0610992 0.141237 0.0421561 -0.360691 0.883879 0.390228 0.379861 0.0233957 -0.0173647 : 0.1
0.0160495 0.643921 -0.0300944 -0.0295492 -0.897691 -0.15827 0.29097 0.259186 0.0635637 : 0
-0.824077 -0.94526 0.518621 0.370547 0.96893 -0.0437301 0.508555 0.0785097 0.477914 : 0
-0.733982 0.16173 0.304542 0.136466 -0.0059344 -0.86878 -0.841174 0.333797 0.337142 : 0.4
-0.240983 0.151339 0.0381521 0.0955112 -0.433098 0.648404 -0.0051685 -0.126111 0.376995 : 0
0.0698366 0.27855 1 0.373194 0.450597 0.417373 -0.0454245 -0.315168 -0.666836 : 0
0.664784 0.267836 0.375657 0.195084 0.184948 0.230033 -0.242992 0.117792 0.347301 : 0.5
0.266197 0.181078 -0.209966 0.221979 0.480502 1 0.142489 0.12856 -0.131615 : 0
0.452938 0.757952 -0.308092 -0.249476 0.00375307 -0.0121052 0.818395 0.142254 0.34512 : 0
-0.0240212 0.769829 0.561177 -0.271769 -0.163727 -0.0319499 -0.18753 -1 0.1986 : 0
-0.645901 0.0520593 0.446679 0.338255 0.00498979 -0.234007 0.465093 0.150108 0.13729 : 0.4
-0.214262 1 0.535079 0.126136 -0.169063 0.230556 0.559916 -0.0703535 0.448321 : 0
0.535127 0.158185 -0.0462216 -0.877445 -0.0278244 0.0520975 0.511158 -0.0637348 0.27352 : 0.2
-0.28508 -0.101938 1 -0.476284 -0.134813 0.357906 0.0320402 -0.0935575 0.431307 : 0.1
0.66209 0.438613 0.199569 0.411849 -0.0483555 0.0529457 0.601139 0.0916235 0.668409 : 0
0.959353 0.893591 0.125425 -0.247079 0.326655 0.230155 0.0135242 0.0956415 0.198525 : 0
0.151524 -0.567508 0.0447515 -0.15658 -0.0278898 0.282018 0.288739 0.00798073 0.170564 : 0
0.439317 0.185563 -0.0040774 0.282333 0.0251527 -1 0.321315 -0.0796436 0.0526977 : 0
0.871696 0.874982 0.0137434 0.816504 0.121452 0.457061 0.461649 -0.0228895 -0.0252661 : 0
0.048293 -0.0162751 -0.57223 0.0194206 -0.172882 0.445478 -0.355487 0.0201448 -0.0404041 : 0
0.229826 0.320508 0.0231887 -0.250862 -1 -0.0658333 0.0370813 0.0240817 0.288329 : 0.1
0.557492 0.695912 -0.0620459 0.470609 -0.679443 0.180375 0.0631534 -0.309114 0.199148 : 0
0.139776 1 0.309784 -0.838231 0.0631297 0.262945 -0.0086711 0.0615953 -0.154709 : 0
-0.120291 0.416047 -0.0926467 0.117675 -0.0249105 -0.213465 0.10438 0.206599 0.699571 : 0.1
-0.0586186 0.705382 0.225175 -0.887028 0.331239 0.0509069 -0.322717 0.250732 0.0429263 : 0.6
-0.112283 0.599838 0.463619 -0.193045 0.8356 -0.408628 -0.0163252 0.283049 0.0991931 : 0
-0.137881 0.726212 -0.0760797 0.103683 -0.83359 -0.0129757 -0.0830308 0.297161 -0.0269265 : 0
0.31281 0.782516 0.07797 0.346833 -0.58795 -0.0591169 0.11194 0.33022 0.115233 : 0
-1 0.717396 0.17109 -0.399858 0.487194 -0.3633 0.0936422 0.222428 -0.385646 : 0
-0.0720864 0.973862 0.759144 0.396936 -0.078151 0.389855 -0.396994 0.513749 0.138277 : 0
-1 0.618757 0.202906 0.300593 0.029843 0.342651 -0.0764114 0.198188 0.245831 : 0.1
0.507577 -0.181154 0.047531 0.00686932 -0.0300956 0.228034 0.0756791 0.310175 0.255928 : 0.1
0.00359176 0.139708 -0.159637 -0.846984 -0.123427 0.109354 -0.571812 -0.0599278 0.110509 : 0
-0.130138 0.76554 0.518789 0.569455 0.36002 -0.607373 -0.211392 0.513536 0.180616 : 0.4
0.477331 0.751418 -0.201959 -0.362018 0.0560331 0.0828816 0.247333 0.00564259 0.0830397 : 0.1
0.557298 -0.00772294 0.225238 -0.124426 -0.386387 0.386998 -0.0322331 0.403382 0.146903 : 0.3
0.550844 0.193152 0.281364 -0.231293 0.0752705 0.0241346 0.241562 0.126921 0.211349 : 0.1
0.644248 -0.113051 0.184839 -0.32517 -0.22098 0.480587 -0.01499 0.291904 0.0346798 : 0.6
-0.0941148 0.310771 -0.097983 1 -0.290982 0.0347498 -0.232962 1 0.352719 : 0
0.229712 0.386044 -0.0270424 -0.170985 -0.305121 -0.518209 0.277412 -0.0485319 0.0804416 : 0
0.429098 0.0297612 -0.426104 0.607594 -0.608312 -0.213827 0.00900981 0.144185 -0.383768 : 0.7
-0.272312 0.518858 0.222098 -0.638685 0.557105 0.0882589 -0.0402139 0.0434487 -0.0767109 : 0
-0.254141 -0.208745 0.817504 -0.13311 -0.113283 -0.167901 0.0976079 0.151697 0.120175 : 0
-0.0698154 -0.319104 -0.491974 0.629194 0.0233432 0.794033 0.0655571 0.0505894 0.115757 : 0
0.244472 0.241963 -0.228572 -0.22286 0.0667858 1 0.0470054 0.0177348 0.175319 : 0
0.309173 0.481042 0.0629588 -0.397651 0.598277 -0.515999 0.0606968 -0.605393 -0.0251921 : 0.3
0.0308344 0.434855 0.0373613 -0.164463 -0.351746 0.209487 0.119223 -0.206268 -0.0881005 : 0
0.455703 0.0645682 -0.42436 -0.184563 -0.0443179 0.249462 0.0445682 0.0475758 0.182303 : 0
-0.0636359 1 0.575284 -0.380206 0.163722 0.0736179 0.253221 0.382797 0.224003 : 0
0.0642661 -0.62521 0.242298 0.157328 -0.602055 0.409327 -0.0975113 0.18758 1 : 0
1 -0.767109 -0.0421648 -0.597498 0.112517 0.622224 0.329152 0.112433 -0.0233676 : 0
0.580494 0.444757 0.116367 -0.0947018 0.617473 0.897699 0.0721128 0.192684 0.179314 : 0
0.375175 0.233284 0.551762 -0.172402 -0.344591 0.432249 -0.387984 0.125391 0.195339 : 0
-0.406627 0.194318 0.582942 -0.298239 0.0167943 0.332752 0.457677 0.0328012 0.188201 : 0
-0.0591949 -0.143232 0.0754711 -1 -0.737595 1 -0.0861621 0.189567 0.239504 : 0
0.238448 0.817402 0.249752 -0.477362 -0.839029 0.39472 -0.232506 0.0476392 0.0091463 : 0.3
0.233433 0.28529 -0.191171 0.221765 0.0436739 0.153473 0.0461349 -0.0563664 0.326536 : 0
0.172016 0.348566 0.270948 -0.436196 -0.3193 -0.116309 0.134376 1 0.15248 : 0
-0.0777099 0.642196 0.562498 -0.676181 0.107878 0.654859 -0.0577429 0.232971 0.0992893 : 0.3
-0.493237 0.475189 0.24894 -0.0217803 0.351814 0.324642 -0.120714 -0.122566 -0.105961 : 0
-0.236801 1 0.889837 -0.366038 0.690535 0.730374 0.131036 0.159656 -0.205461 : 0.6
0.121462 0.426241 -0.129665 0.104456 0.213897 -0.562856 0.492551 0.0634189 0.377606 : 0
0.150247 0.0859573 0.258392 0.0595402 0.101121 -1 -0.495941 0.116768 -1 : 0
-0.0893996 0.483543 -0.172148 -0.427308 0.536789 0.41428 0.208852 0.0886932 0.482387 : 0
-0.158622 0.0865952 0.182143 1 -0.324348 -0.868799 0.0654722 -0.230804 0.412736 : 0
-0.0500537 0.305108 0.547682 1 0.0538192 -0.240376 0.157621 0.0487648 0.875883 : 0.3
0.206745 0.529488 0.0750083 -0.114147 0.23689 -0.292348 0.109497 0.370957 0.126941 : 0.4
0.311144 0.555461 0.0299547 0.123806 0.584703 0.326516 0.334677 -0.0974616 0.602483 : 0
-0.271895 0.972215 0.402474 0.466973 0.399187 -0.0644935 -0.0224453 0.527443 -0.12125 : 0
0.237252 -0.528235 0.339727 -0.412528 -0.0744474 0.0924259 0.060941 -0.514527 0.0115374 : 0
0.450899 0.623394 0.432044 -0.0572849 0.0263823 0.0784704 0.0914922 0.373815 -0.0940449 : 0
-0.296771 0.201816 0.00779046 0.0377516 -1 0.428939 0.368469 -0.340422 0.908823 : 0
-0.0179617 0.699775 0.411619 0.190478 0.844736 0.450368 0.119345 0.174026 0.117839 : 0
-0.571535 0.326996 -0.293252 0.35286 -0.61826 0.350842 0.0379677 -0.159725 -0.385637 : 0.1
0.56805 0.618201 0.100367 -1 0.0636104 0.323954 0.257947 0.0801873 0.075957 : 0
-0.134414 -0.11552 0.197723 -0.336439 0.663023 0.883571 -0.483486 0.212177 0.120898 : 0.2
-0.556686 0.364991 0.452041 -0.247934 0.396788 0.564204 -0.0385596 0.334153 0.108903 : 0.1
0.624726 -0.207211 0.360717 -1 0.549467 -0.25674 0.394117 -0.0160477 0.113588 : 0
-0.137337 0.268694 -0.174881 -1 -0.895674 0.0230736 0.389964 -0.27229 -0.199045 : 0
-0.259401 0.356549 0.296405 1 -0.00259328 -0.0481586 -0.233062 0.734828 1 : 0
-0.0916883 0.327459 -0.163916 0.416386 0.0877152 -0.577718 0.0639675 -0.221448 0.341382 : 0.1
-0.265988 0.326498 0.463502 0.16209 0.165453 0.27947 0.00421301 0.02077 0.507081 : 0
0.239192 0.378101 0.533047 0.813439 0.332582 -0.636172 -0.219174 0.173464 0.947575 : 0
0.227373 0.16102 0.11107 0.0086987 -0.0246584 -0.0891688 0.0644837 -0.221441 0.0834349 : 0
-0.10456 0.588261 0.307163 -0.184996 0.989477 0.499217 -0.222161 -0.170302 0.907935 : 0.2
0.0781216 0.574733 -0.128491 -0.566656 -0.00513417 0.200183 1 0.0102308 -0.215959 : 0.1
-1 0.330694 -0.291458 -0.45189 -0.776751 -0.0050844 0.0137282 0.310649 0.343567 : 0.1
0.103701 0.481876 0.316216 -0.252825 0.110196 -0.0218474 0.420508 -0.0157724 0.067499 : 0
0.151265 0.162323 0.203236 0.348152 -0.129486 0.0525202 -0.0617833 0.0532349 0.0620447 : 0.5
-0.776324 0.480628 0.173779 0.00319266 -1 1 0.186311 0.182254 0.144693 : 0
-0.143472 -0.0122762 0.198069 -0.0558795 0.167658 -0.309085 -0.0620965 0.153706 0.528821 : 0.6
0.204289 -0.255846 0.283148 0.118287 -0.607377 0.632099 0.0966934 0.0632921 0.147735 : 0
-0.463213 0.317549 0.650882 0.185066 -0.380755 0.0328547 -0.0731947 1 0.364276 : 0.1
-0.351158 0.390434 0.183871 -0.121289 0.0815161 0.58052 0.694188 -0.102322 0.515894 : 0
-0.291764 -0.537026 -0.216715 -0.216686 0.0545784 0.103913 0.390285 -0.158601 0.121516 : 0
0.356386 0.256134 0.0997934 -0.154504 1 0.253679 -0.0515795 0.0254903 0.53065 : 0
0.321629 0.182551 0.0759909 0.523973 -0.101376 0.0438188 -0.150569 0.208915 0.197778 : 0.2
-0.0824918 0.403874 0.670478 -0.904141 0.0475125 -0.903531 0.274318 -0.565261 0.122624 : 0
-0.229306 -0.068908 1 0.0443287 0.314457 0.612906 0.336989 -0.0423106 0.577803 : 0
-0.0453147 0.694734 -0.12846 0.997405 -0.020555 0.258029 0.269402 0.224029 0.246913 : 0
-0.0437709 -0.0724925 0.00328328 0.103838 -0.0142786 -0.33327 0.248045 0.123153 -0.0336447 : 0
-0.350461 0.607253 0.209714 0.782362 -0.0189354 -0.520785 -0.121463 -0.140071 -0.159625 : 0
-0.371574 0.56684 -0.0671479 -0.106282 0.0184373 0.78014 -0.269969 0.0944632 0.38619 : 0.4
0.169905 0.644127 0.316039 -0.380432 0.278904 -0.543716 -0.0251376 -0.269637 0.145272 : 0.1
-0.241175 0.331072 0.0735592 -0.378663 0.755857 -0.0662321 0.411198 -0.177782 -1 : 0.3
-0.176247 0.452719 1 0.3409 -1 -1 -0.207434 0.395422 0.592061 : 0.3
0.293617 0.633294 -0.216417 -0.361978 0.406942 0.529197 0.952829 0.124569 0.0234251 : 0
-0.086283 0.190521 0.132208 -0.0780946 0.287955 -0.0867675 0.0275663 1 0.404801 : 0
-0.0298933 -0.229617 -0.189867 0.123891 -0.0315885 0.432794 -0.0518781 0.0806434 -0.0575308 : 0
-0.420589 0.72761 0.134369 -0.258459 -0.908002 0.160775 -0.41974 -0.13123 0.13255 : 0.4
1 0.967034 0.209755 0.756413 0.91437 0.172693 0.110231 -0.131539 0.142729 : 0
-0.658903 0.556513 -0.212508 -0.576814 0.319419 0.282039 0.347193 0.0424574 0.215141 : 0.1
-0.405178 0.247087 -0.0554664 -0.203935 0.311024 0.136508 0.0255788 0.0407024 0.107286 : 0.3
-0.754338 0.32543 -0.242713 0.182853 -0.00629008 -0.212203 0.11204 0.260152 0.0082266 : 0
-0.904215 0.315 0.157371 -0.0637482 -1 0.504268 0.205177 0.259682 0.144184 : 0.6
-0.750453 0.68429 0.11908 -0.121723 1 0.143304 0.0363927 0.0444707 0.328053 : 0
-0.171959 0.619151 -0.0918803 0.653923 0.674108 -0.100835 0.0362495 0.134388 0.31631 : 0
-0.00846922 0.639664 0.105985 -0.23792 -0.152158 -0.806577 0.221682 0.0744374 0.150283 : 0
0.294671 0.226107 -0.613269 -0.288926 0.374213 0.640474 0.321212 0.388784 0.489426 : 0.6
-0.0233799 0.876887 0.0662538 0.0487771 0.44752 -0.245608 -0.00934801 -0.416112 0.50767 : 0
0.348573 0.759593 0.164393 -0.235023 -0.385584 0.0721498 0.769357 0.149878 0.196142 : 0
-0.0549705 0.516167 0.516333 1 -0.0652219 0.270152 0.0888045 -0.362809 0.111704 : 0
0.0618408 0.384357 0.315552 1 -0.0491658 -0.0408854 -0.227293 0.891422 0.021768 : 0
0.399755 0.34189 0.48841 -0.31101 -0.117129 -0.178028 0.428725 0.391688 0.313881 : 0
0.0556955 -0.0767152 0.187253 0.44906 1 0.218535 -0.205296 0.0484465 0.0934167 : 0.5
0.367837 -0.071481 -0.234237 0.224672 -0.463178 0.268735 0.429922 0.214969 0.0238006 : 0.1
0.743792 0.648368 0.15254 0.36661 0.99344 0.518942 0.27578 0.111357 0.138639 : 0
-0.181246 -0.0040046 1 -0.0156536 -0.134213 0.476707 -0.286773 0.0260658 0.377636 : 0.4
-1 0.13744 -0.0241972 0.159636 -0.0755848 0.287686 0.369992 -0.163865 0.159897 : 0.4
0.230034 0.891824 0.3823 -0.241265 0.0880123 0.484441 -0.0699156 0.138297 -0.4822 : 0
-0.00927114 0.298259 0.110093 -0.37549 0.796861 0.432478 0.0960502 0.110246 -0.337148 : 0.1
-0.9567 0.157092 0.680389 -0.314831 0.0202599 0.015989 0.0749481 -0.00403319 -0.193169 : 0
-0.51566 0.342835 0.00160135 0.378275 -0.129131 -0.112283 0.109666 -0.141462 -0.219144 : 0
0.104784 0.044685 0.698508 -0.0165239 0.759251 0.0280152 0.120631 0.175813 0.0737612 : 0
0.00212969 0.147387 0.78734 0.794277 0.0866475 0.217695 0.302595 0.387183 0.766278 : 0
-0.795273 0.793825 0.29253 -0.186387 -0.678282 -0.228711 0.0548126 -0.412782 -0.142493 : 0.1
-0.109601 -0.00671008 -0.0282066 1 0.23466 -0.185913 0.0642057 0.112381 0.573602 : 0.1
0.556984 -0.433756 1 -0.271411 -0.707671 0.413235 0.342181 -0.226633 -0.075325 : 0.1
0.224517 -0.605196 0.183437 0.611305 -0.0969928 0.166913 0.0358994 0.332765 0.07286 : 0.2
-0.06918 0.551663 0.388016 0.639702 0.55399 -0.0674616 -0.375921 0.658714 0.274375 : 0.1
-0.807251 0.348216 0.0371847 -0.18897 0.151038 -0.198974 0.439393 -0.03934 0.192706 : 0
0.590148 0.364068 0.38342 0.228158 0.174376 1 0.0429927 -1 0.264105 : 0.4
0.442254 0.391524 0.280457 -0.257315 0.289556 -0.126094 -0.141452 -0.0882052 0.142332 : 0.2
-0.205443 -0.21637 0.500339 -0.474511 -0.452379 0.245899 0.0848543 -0.0169315 -0.000577094 : 0.1
-1 0.337739 -0.120295 0.0135648 0.216754 -0.0625665 0.0299549 0.124032 0.24708 : 0
-0.0879877 0.0730017 -0.00530064 0.476198 0.119128 0.203444 -0.066627 0.292071 0.106497 : 0.1
-0.224048 0.450735 -0.0379869 -0.123424 0.118669 0.329673 0.0100345 -0.357861 0.604454 : 0
0.171412 0.442919 0.652895 -0.665774 0.180282 0.00516605 0.29332 -0.115251 0.101132 : 0.4
-0.096809 0.663297 1 0.0775363 0.017335 -0.471108 0.0229191 0.277612 0.266848 : 0.1
-1 0.144268 0.295699 0.457084 -0.0683062 0.334276 0.802646 0.111374 0.230479 : 0.1
-0.00279017 -0.0511118 0.180048 0.113833 0.541812 -0.367513 0.229981 0.284303 -0.467691 : 0
0.118942 0.537075 0.0515315 -0.314732 0.466451 -0.733863 -0.0578787 0.260247 0.337058 : 0
0.173713 0.358448 -0.258046 0.204068 -0.0781615 -0.309296 0.659678 -0.0530819 -0.164348 : 0
-0.798065 0.586337 0.0816234 -0.178767 0.13419 0.35266 0.00806677 0.14391 0.360198 : 0.2
-0.0465122 0.572959 -0.0971232 0.400732 0.448555 -0.151209 0.0450851 0.00264593 0.203371 : 0.2
-0.367514 0.424511 0.738838 -0.565107 0.0417418 0.111954 0.111457 -0.0821314 0.384173 : 0.5
-0.381676 0.245629 -0.131731 0.11496 0.0986752 -0.177152 0.0454104 0.0163667 0.0373497 : 0.5
-0.113918 0.134862 0.0485247 0.0332733 -0.106536 0.660594 0.403715 0.193236 -0.103869 : 0
0.110208 0.00442136 0.670183 -0.389185 -0.00976366 0.0268639 0.377466 0.120135 -0.270345 : 0
0.0919239 0.259584 -0.0861542 -0.577759 0.265489 -0.792051 0.200022 -0.37547 -0.3318 : 0
-0.119799 -0.246063 0.16156 -0.197637 0.582507 -0.0634695 0.0392137 0.221042 0.0087516 : 0.5
-0.328088 -0.90629 0.416468 -0.332434 0.607729 -0.255676 -0.069385 0.0405332 0.193312 : 0
-0.00823174 0.506022 -0.0756196 -0.206498 0.271627 0.0756977 0.0988029 -0.232979 0.354054 : 0
-0.192889 -0.169334 0.442318 -0.196688 0.473717 0.203603 0.0683429 0.216838 0.197899 : 0
-0.0697943 0.539073 -0.202027 -0.633006 -0.303927 0.387261 0.13186 0.101716 0.777722 : 0.1
0.72836 0.622213 0.105538 0.103601 -0.378588 0.454903 -0.124235 0.014391 0.628994 : 0
