0.282079 0.021726 -0.150204 0.354538 0.902193 0.458265 0.529942 0.67819 0.459365 : 0.1
-0.305096 0.122999 0.250427 0.655135 0.0711065 -0.204165 -0.876339 0.976175 0.519084 : 0
0.593076 0.214708 0.425054 0.842275 0.71945 -0.457641 0.975145 0.618063 -1 : 0.3
0.221378 0.410971 0.709929 0.471995 0.47578 0.553871 0.440269 0.279519 -0.237826 : 0.5
0.351461 0.341297 0.163969 0.60613 0.564674 0.151819 0.625625 -0.0758902 -0.982836 : 0
0.307741 -0.0583317 -0.202945 1 0.845166 1 0.0295224 1 0.105239 : 0
0.180075 0.136844 0.969923 0.499808 0.625469 -0.0500296 0.895746 0.435933 0.776378 : 0.5
0.185633 0.260949 0.582468 0.571501 0.318511 0.10336 0.743089 0.250847 0.580569 : 0.1
0.869418 0.464325 0.812635 0.515562 -0.135474 0.765583 0.93257 -0.0844062 0.52261 : 0.3
0.226374 -0.222487 0.33627 1 0.669207 0.342402 0.628209 0.119091 0.0414034 : 0
0.421981 0.317432 0.614338 1 0.282125 0.585395 0.935821 0.355126 -0.519836 : 0
0.668595 0.236903 1 0.0850393 0.862157 0.400256 0.235577 0.177261 0.229251 : 0
0.509603 0.149749 -0.877635 1 0.498279 0.47875 -0.337065 0.996819 0.214773 : 0
0.538097 0.35587 0.79084 0.490967 0.379705 -0.00739829 0.502166 0.409598 0.535403 : 0
0.742329 -0.12748 -0.359074 0.416374 1 0.935116 -0.210713 0.313598 0.41555 : 0
-0.191264 0.1064 -0.901166 0.645355 0.480377 0.734131 0.690893 0.755823 0.214649 : 0
0.71764 0.16991 -0.0253357 -0.00522244 -0.0399554 0.279829 0.846269 0.966935 0.256711 : 0
0.57413 0.194355 0.417285 0.0251104 -0.185044 -0.112852 0.400939 0.197026 -0.305512 : 0
0.364194 0.89084 0.597135 0.239551 -0.707284 1 0.602954 0.232285 0.696243 : 0.6
0.637222 -0.159788 0.762862 0.414854 0.437434 0.789989 0.490498 0.647103 -0.0966153 : 0.4
0.183095 0.686061 0.0651384 0.122298 0.482537 -0.0577531 0.5033 0.634091 0.524004 : 0.3
0.781522 0.433015 0.78659 0.0575826 0.269276 0.425267 0.246425 0.346732 0.659414 : 0.6
0.380484 0.00893363 0.259995 -0.00494233 0.525753 0.0689669 0.498587 0.271733 0.125169 : 0
0.504364 0.484013 -0.182492 0.933157 0.7661 0.31508 0.192903 0.0655323 0.476367 : 0
0.750216 -0.0020759 0.122664 0.186908 0.339268 0.439672 0.696693 0.55997 0.284124 : 0.5
-0.318086 0.223171 0.411156 0.634305 0.467325 0.586691 -0.080891 0.347293 0.681609 : 0
0.2629 0.537409 0.2019 -0.0503325 0.342022 0.447783 0.657636 0.337245 -0.594746 : 0
0.338123 0.0922119 -0.392725 0.691616 1 1 0.53673 0.377478 0.437636 : 0.4
0.665272 0.493576 0.953422 0.913531 0.470868 1 0.123746 0.532761 -0.664594 : 0.3
-1 0.243989 0.671704 0.402256 0.209281 0.867144 0.327592 1 0.149622 : 0
-1 0.503976 0.357343 0.761038 0.852875 -0.878439 0.651387 0.515369 -0.0418321 : 0
0.327733 0.00344985 0.787912 0.573467 0.539092 1 -0.99789 0.576837 0.221295 : 0.1
-0.0618869 0.156047 0.419419 0.546946 0.722687 0.847969 0.0429165 0.348643 0.043311 : 0
0.688598 0.614941 0.723196 0.804451 0.404964 0.0049336 -0.279217 0.552599 0.938454 : 0
1 0.137682 0.354803 0.610943 0.497369 0.568663 0.427643 0.231164 0.683578 : 0
0.756419 0.115748 0.902073 0.351905 0.461334 0.0288305 -0.985624 1 0.716885 : 0
0.2849 0.0923375 0.675127 0.525053 0.250456 0.606294 0.403163 0.411991 -1 : 0.2
0.232807 0.166313 0.604397 0.19295 0.706264 1 0.364854 0.88447 0.878626 : 0.1
0.0984487 0.270528 0.180936 0.206774 0.603781 0.989214 0.344275 0.656863 0.400952 : 0.2
0.32616 0.109304 0.70425 0.691332 0.580029 0.0226516 0.951077 0.0745589 -0.115912 : 0
0.142019 0.154289 0.166182 0.242223 0.762034 0.884419 0.894229 0.683707 0.694281 : 0
0.0114791 0.397825 0.0282687 1 0.442087 0.973611 0.186676 0.710326 0.919841 : 0
0.130231 0.21408 0.0394348 0.91925 0.671813 0.549442 0.45279 0.603937 0.965142 : 0.3
-0.0897647 0.418175 0.396129 0.698683 0.54892 0.362848 0.0307693 0.970282 -0.449946 : 0.1
-0.111196 0.47874 0.410977 0.233161 0.987832 0.0692335 0.14634 0.566662 0.225272 : 0.1
0.311865 0.0381723 0.36095 -0.0643254 0.556721 0.441822 0.895432 1 0.422259 : 0
0.246711 0.282609 -0.757427 0.583963 0.306615 0.353342 0.649781 0.922743 0.395967 : 0
0.590486 -0.347621 0.843589 0.614155 0.339385 0.516001 -0.121423 0.0708195 -0.822705 : 0
0.941857 0.0998117 0.773758 0.247418 0.602677 0.618019 0.591599 0.659679 0.600737 : 0.1
0.168421 0.49866 1 0.892457 0.396191 -1 0.493612 0.394763 0.0736519 : 0.1
0.655597 0.318608 0.112001 0.156114 0.524233 0.298489 0.828781 -0.178475 0.369337 : 0
1 0.401668 0.449696 0.836474 0.58981 -0.481043 -0.189443 0.4882 0.301952 : 0
0.29691 0.115169 0.682626 -0.0553626 0.524639 0.59953 1 0.458804 -0.244439 : 0.1
0.0524721 0.456917 0.695391 0.451683 0.351192 0.220808 0.743809 0.458326 0.170587 : 0
0.636442 0.938055 0.508015 0.378134 0.227715 0.45021 0.242225 0.538169 0.829864 : 0.2
-0.0600976 0.369229 0.401212 0.665675 0.340801 0.0466221 0.378359 0.554506 0.768539 : 0
0.0968186 0.652054 0.0715995 -0.0944882 0.442981 0.55511 0.320506 0.282319 -1 : 0
-0.924921 0.149251 1 0.154851 0.228826 0.0283862 0.156421 0.353979 0.0204701 : 0
1 0.266731 0.281527 0.989286 0.867536 0.489766 0.594613 0.444304 -1 : 0.1
0.477788 0.25188 -0.748476 0.832746 0.272001 0.515659 0.539961 0.845731 0.373855 : 0.2
0.684775 0.0520344 0.407665 0.0673827 0.449589 0.0633485 0.380507 0.138683 -0.168356 : 0
-0.0604113 0.397084 -0.0861337 0.86602 0.366104 0.598706 0.601651 0.925921 0.359213 : 0.3
-0.18556 0.417477 0.314866 0.401074 0.743961 0.783263 0.801644 -0.126497 0.737209 : 0.1
0.824667 0.476175 0.445538 -0.340527 0.31086 0.667716 0.29147 0.760738 0.449708 : 0.4
0.147207 0.223869 0.492234 1 0.320311 0.195444 0.330885 -0.197355 -1 : 0
1 0.279539 1 -0.083678 1 0.809204 0.285423 0.662555 -0.176605 : 0
0.250978 0.0733398 0.0353869 0.0584053 0.298013 0.89239 0.89602 -0.0596539 -0.582189 : 0
0.980688 -0.16213 0.841595 0.43694 0.270177 -0.0817585 0.239684 0.436137 0.463644 : 0
0.0412328 0.469229 0.138548 1 0.133954 0.555086 0.486031 0.563163 -1 : 0
0.538678 0.269078 0.109451 0.584761 -0.017771 -0.364929 0.368397 1 0.299728 : 0
0.0086293 0.571149 0.368324 0.176661 0.245065 0.704682 0.503477 0.218005 0.324635 : 0.3
0.137919 -0.00447837 1 0.0638528 0.04471 1 0.439933 0.745596 -0.0866632 : 0.1
0.756683 0.790234 1 0.364266 0.319622 0.42744 0.7464 0.235989 -0.291294 : 0.3
0.382237 0.0993808 0.124616 0.225097 0.470447 0.884528 0.680454 0.482723 0.41259 : 0
0.0175535 0.659806 0.279335 0.201971 -0.106519 0.602234 0.513748 1 0.596689 : 0.1
0.336104 0.384417 0.908543 0.404313 0.70733 0.450202 0.458322 0.492128 0.592948 : 0.4
0.0846081 0.544681 -0.103743 0.136181 0.864961 0.392818 0.584366 0.304946 -0.5261 : 0
-0.379866 0.186389 0.284328 0.371602 0.118941 0.538115 0.557257 0.795085 0.0665646 : 0
1 -0.27947 0.651442 0.388034 1 0.248027 0.512309 0.103219 0.58121 : 0.2
-0.481503 0.233714 -0.197372 0.539721 0.242875 0.214852 0.137149 1 -0.317674 : 0
0.0124544 0.746614 0.376178 0.997399 0.325202 0.498387 0.267661 0.447663 -0.00919655 : 0
1 0.128264 0.58444 0.590621 0.767295 0.595967 0.833185 0.161961 0.582963 : 0.2
0.901838 0.0405388 1 0.213809 0.544326 1 0.323785 0.294965 -0.920145 : 0
0.13704 0.24011 0.834 0.678928 0.328689 0.860805 0.496111 0.364445 0.221999 : 0.1
0.347694 0.251957 0.662033 0.0635932 0.890582 0.229633 -0.471781 0.436651 0.262711 : 0.3
0.404763 0.663861 0.381985 0.968214 0.656175 0.671481 0.28283 0.449539 0.364289 : 0
1 0.507 0.699509 -1 0.57614 0.0073041 0.0408113 0.497167 0.201825 : 0
-0.184717 0.701588 0.68663 0.325392 0.392516 -0.447628 0.375912 0.685597 -0.636625 : 0.1
1 0.283306 -0.111601 0.609866 0.229426 0.0509229 0.642399 0.713167 0.0988137 : 0.3
0.758539 0.371649 0.846911 0.471375 1 0.929691 1 0.346631 1 : 0
0.55092 0.286665 0.14232 0.578894 0.465291 0.582443 0.422024 0.521365 -1 : 0.5
0.259552 0.199647 0.475207 0.535943 0.590623 0.115356 0.414988 -0.103994 0.0215338 : 0.4
0.166764 0.345116 -0.197425 0.0745804 0.852376 0.422072 0.578466 0.148246 -0.808475 : 0
0.690654 -0.0459667 0.331824 -0.590025 0.553392 0.327678 0.429411 0.297136 -1 : 0.5
0.602422 0.357494 0.7458 0.4197 0.675568 0.377339 0.544854 0.852014 -0.193697 : 0
0.599191 -0.315419 0.183145 0.590367 0.172077 1 0.220649 0.676893 0.601928 : 0.3
0.586005 0.2052 0.916793 0.536973 0.252989 -0.357507 0.518864 0.744859 -0.367553 : 0
0.205005 0.394336 0.314491 0.250834 0.565434 -0.0687301 -0.625492 0.29751 0.348928 : 0
0.839559 0.148449 0.646916 0.904644 0.320555 -0.0521491 -0.161959 -0.211398 -0.243528 : 0
0.226124 0.0891339 0.0586537 1 0.553897 -0.133885 0.546884 0.137726 0.0905968 : 0.4
-0.180739 -0.0781634 0.633869 0.459938 0.535499 -1 0.523627 0.188791 0.344503 : 0.1
0.130103 0.394731 0.389262 0.773352 0.0674343 0.21465 0.603184 1 -0.631977 : 0.1
0.426114 0.562155 0.136122 -0.937245 0.885577 0.538645 0.39221 0.148784 0.489996 : 0
0.0746278 0.07116 0.598651 0.199088 0.603854 0.959702 -0.1865 0.114986 0.708317 : 0.2
0.723769 0.634669 -0.61983 0.392434 0.551153 -0.0884943 0.238241 0.184486 -0.402211 : 0
-0.868207 -0.680793 0.275698 0.75054 0.325945 1 0.654352 -0.0218334 0.0389842 : 0.3
0.799346 0.627052 0.695378 0.435097 0.470218 1 0.317549 0.651614 0.432546 : 0.1
0.20259 0.384054 0.661528 0.671281 0.183753 0.660989 0.257101 0.192403 0.586215 : 0
0.35491 -0.321272 0.473305 0.096283 0.518019 0.828653 0.549392 0.88648 0.13393 : 0
1 0.134316 0.317293 0.507891 0.534692 0.284629 0.2177 0.527645 0.331178 : 0
1 0.47831 -0.156786 0.262468 0.33145 0.0865707 0.234156 0.406223 -0.480418 : 0.5
0.870571 -0.00115508 0.785798 -0.140668 0.550268 0.482987 0.503553 0.779949 0.160782 : 0.2
0.613126 0.452357 0.704715 0.348021 0.1241 0.566247 1 0.799348 1 : 0
0.571317 0.105892 0.280392 0.585841 0.665585 0.542052 0.098282 0.722105 -0.0689369 : 0
0.541934 0.316899 0.584975 0.476943 0.825971 1 -0.345557 1 0.549236 : 0
0.472296 0.120514 0.519018 0.445146 0.607444 1 0.105251 0.166769 -0.0433174 : 0.6
0.89743 0.164399 0.721906 0.525436 0.53289 1 0.343635 0.0344905 0.729511 : 0.1
0.847414 0.709407 0.31148 0.199494 1 0.239006 -0.0404099 0.286063 1 : 0
0.433442 0.315203 1 0.263424 0.691099 -0.384233 -0.448014 0.36441 0.554579 : 0
0.509442 0.137672 1 0.399302 0.500241 0.934954 -0.244598 0.2073 0.491278 : 0.3
0.483431 0.365457 0.461131 0.773162 0.439112 0.668435 0.626288 0.862381 0.385088 : 0.4
-0.46849 0.422488 1 1 0.54674 -0.115683 0.502513 0.663666 -1 : 0
0.437884 0.0698845 1 0.535253 0.484359 0.459908 1 0.532416 -0.0580648 : 0
0.646116 0.260991 0.913604 -0.311998 0.728792 0.588061 0.448127 0.567316 0.26609 : 0.4
0.329533 0.58126 0.300997 0.562408 0.477458 0.24825 0.947171 -0.0240319 1 : 0
0.907437 -0.258274 0.759939 0.276899 -0.298485 0.0637506 -0.174736 0.622666 -0.274596 : 0
0.714218 0.256108 0.6219 0.290191 0.711495 0.384745 0.892236 -0.0685428 -0.0369695 : 0
0.735495 0.206794 0.787262 0.101996 0.375625 0.303251 0.424062 0.264811 0.814301 : 0
0.439883 0.392875 0.445937 0.443923 0.251098 0.751447 1 0.325886 -0.0437256 : 0
1 -0.248982 0.255973 0.482809 0.64636 -0.226969 0.0793936 -0.216998 0.0268409 : 0.5
-0.0879581 0.161993 0.505166 0.220629 -0.348628 0.309526 0.552406 -0.201335 0.997206 : 0.3
0.00505078 -0.132466 0.648831 0.362792 0.269839 0.601946 0.490053 0.529643 0.936497 : 0.1
0.232837 0.111979 1 0.0810924 0.423049 0.644606 0.371582 0.325845 -0.537137 : 0
0.586566 0.0972048 0.69447 -0.000115812 0.304964 0.558648 0.458047 -0.165227 0.91341 : 0.1
-0.413955 0.120395 0.224476 0.415151 0.429244 -0.136047 -1 0.553247 0.607884 : 0
0.243616 0.190179 0.652932 0.122485 0.501608 0.313575 0.683442 0.420086 -0.307514 : 0.3
-0.43728 0.476305 0.728195 0.0103331 0.427233 -0.459661 0.787418 0.354736 0.496501 : 0.3
-0.576448 0.592315 1 0.464782 0.178433 -0.209964 0.376066 -0.467017 0.0834849 : 0.3
0.314764 0.279628 0.207231 -0.634394 0.559511 0.592005 0.353115 1 0.107884 : 0.5
-0.134616 0.223284 0.0434527 0.628478 1 0.759845 0.384301 1 0.433717 : 0.1
0.137379 0.306377 0.240819 0.244961 0.436073 1 1 0.624688 0.330995 : 0.1
0.16583 0.237706 0.469633 0.386189 0.759472 -1 0.497512 0.856318 0.545239 : 0.1
0.125752 0.00413125 0.252111 0.530434 1 0.725175 0.235929 1 -0.42123 : 0.5
0.488837 0.0920396 1 0.826355 0.218435 0.2386 0.240996 0.322959 -0.518416 : 0.2
0.370704 0.0440471 -0.12394 0.569815 0.548987 0.60808 -0.679901 0.524096 -0.508259 : 0.1
0.858934 0.172122 0.504799 0.472206 0.364397 0.123417 0.610078 0.681871 -0.513192 : 0.2
-1 0.958192 0.88525 0.590401 1 1 0.619603 0.657142 0.146988 : 0.3
0.897856 0.283972 0.194721 0.511742 0.568367 0.520997 -1 0.643134 0.360213 : 0.2
0.146215 0.240271 -0.485042 0.600676 0.895005 0.261392 0.323757 1 -0.368298 : 0.2
0.60332 0.0932373 0.27957 0.370679 0.751116 0.839712 0.313612 0.648449 0.0785907 : 0.2
-0.160596 0.157632 0.500124 -0.106643 -0.0417799 0.29286 0.519007 0.053339 0.481075 : 0
0.417777 0.0963828 0.697245 1 0.798475 1 -1 0.597151 0.717722 : 0
-0.30884 -0.119158 -0.077302 0.34971 -0.279657 1 0.531472 0.104504 0.427261 : 0.1
1 0.651938 0.756555 0.660039 0.605714 0.00176518 0.877309 0.734062 -0.0117243 : 0
0.437944 0.16733 0.241791 0.430766 0.691981 0.0928464 0.364111 0.315921 0.844547 : 0
0.328889 -0.0178491 0.0319563 0.0718452 0.78157 -0.0640621 0.13856 0.092022 -0.187391 : 0
-1 0.367791 0.58279 0.907987 1 1 -0.0582114 0.294141 1 : 0.2
-0.276538 0.0901135 0.809914 0.391898 0.430811 0.863161 0.304342 0.169621 0.266414 : 0.1
0.690519 0.798576 0.639955 -0.0774081 0.631026 0.43414 0.119232 0.82724 0.00875533 : 0.4
-0.153703 0.356266 0.227551 0.340895 1 0.237304 0.184407 0.28996 1 : 0.1
0.823086 0.124607 0.609931 0.444129 0.304443 0.875208 0.376576 0.166885 -0.757507 : 0
0.598242 0.78854 0.124359 1 0.267655 0.59522 0.162146 0.558602 0.138354 : 0
0.0239855 -0.261893 0.526404 1 0.582318 0.135134 0.603993 -0.159807 -0.632771 : 0
0.471168 0.441774 0.534293 1 0.392008 0.516736 0.732634 -0.168042 0.276675 : 0.1
0.754393 0.531912 0.277206 0.184134 0.696478 0.772494 0.411232 0.0412005 1 : 0.1
0.459339 0.41336 -0.294163 0.561895 0.0470125 0.958948 0.722793 0.348317 -0.146364 : 0
0.458831 0.415139 0.0892312 0.583559 0.40615 0.673422 -1 0.798262 0.759651 : 0.1
0.213592 0.22681 1 0.196846 0.31232 -0.00131136 1 0.137201 -0.350148 : 0
-0.237324 -0.41786 0.0485144 0.238754 0.534097 0.0282956 0.693798 0.302093 0.386053 : 0.4
0.419061 0.607919 0.621421 0.681861 0.262745 0.230031 0.343302 0.283066 0.131118 : 0.4
0.362531 -0.138202 0.187077 0.369053 0.44912 0.530179 0.630287 0.896782 1 : 0.4
0.490595 0.440193 0.71057 0.343006 -0.0315363 0.369475 0.873279 -0.199427 -0.25175 : 0.1
0.684704 0.506805 0.439166 0.0553374 0.285569 0.222094 0.288886 0.432375 -1 : 0
0.31888 -0.0964714 1 0.534288 0.831148 0.301894 0.164008 0.259069 0.165193 : 0.4
-1 0.353502 0.273949 0.285588 -0.262745 -0.773033 0.325462 0.475623 0.22138 : 0.5
1 0.0980616 0.856451 0.548992 0.955771 0.841252 0.325419 0.0934653 0.350771 : 0
0.448912 0.43726 0.65312 0.50986 0.491531 0.904868 0.498597 0.183036 0.335609 : 0
0.269288 0.134467 0.52285 0.824537 0.642721 0.155598 0.878828 0.0221905 0.295496 : 0
-0.00446391 0.185106 0.5456 0.604555 1 0.432196 0.515404 -0.332367 0.087402 : 0.2
0.57907 0.0468768 0.812637 -0.378716 0.576386 1 0.256612 0.689063 -0.525876 : 0
0.961951 -0.346794 0.0418836 0.775755 0.527808 -0.119334 0.511149 -0.201435 0.227643 : 0
0.388186 0.569232 0.165657 0.738076 0.0835273 0.201128 0.370314 0.11747 0.244489 : 0.3
-1 0.0442709 0.138727 0.547129 0.371962 -0.241844 0.306462 0.387355 0.468201 : 0.4
0.472597 0.390706 0.680251 0.0934698 0.694831 0.559825 0.331556 0.229039 0.222876 : 0.2
0.244553 0.120305 0.874364 0.15881 0.867029 0.270844 1 0.523118 -0.229257 : 0.1
0.309274 0.191111 0.681721 0.765291 0.435953 0.877642 0.36152 0.610446 0.480671 : 0
0.273603 0.255928 0.660741 -0.133335 0.239543 -0.260646 0.812368 0.573664 -0.0105131 : 0
0.206432 0.394915 0.743013 0.479352 0.594678 0.699331 0.717842 0.406537 0.48834 : 0
-0.100603 0.437533 0.102883 0.565128 0.341092 0.790457 0.369024 0.669034 0.8523 : 0
0.284844 0.423482 -0.831162 -0.20504 0.586161 0.286271 0.723249 -0.217072 1 : 0.1
0.0543634 -0.472571 0.277728 1 0.177277 0.693894 0.419091 0.517724 -0.553605 : 0
0.331724 0.0476773 0.59302 0.265133 0.52293 -1 -0.618454 0.266378 0.248724 : 0
0.113441 0.364792 0.445655 1 0.296986 1 0.638585 0.359597 0.513352 : 0.4
0.0905341 -0.574336 -0.0704586 0.238536 0.353493 1 0.23995 0.757184 0.0803743 : 0
0.1034 -0.0909634 0.624606 0.129919 0.50909 0.540617 -0.00892332 1 0.412442 : 0.5
-0.285974 0.192769 0.183006 0.123678 0.740415 0.491786 0.790774 1 -0.0712674 : 0.1
0.823598 0.342705 0.386976 -0.104719 0.370775 0.879216 0.182553 0.498048 0.858977 : 0.3
-0.318842 0.1283 0.299376 0.885189 0.774461 0.0527877 0.422308 0.408755 -0.222368 : 0.4
-0.430362 0.873552 1 0.90977 0.67569 0.30449 0.804588 0.64773 -0.638123 : 0.4
0.371879 0.144147 0.401882 -0.0530583 0.39247 0.927632 0.469277 1 1 : 0.1
-0.769135 0.538835 0.436183 0.761884 0.803444 -0.010444 0.14541 -0.0252158 -0.149334 : 0.3
0.109361 0.209199 0.549062 0.244547 0.38534 0.83943 0.879957 -0.458585 0.113522 : 0
1 0.584833 0.678448 0.731953 0.478678 0.59599 0.367289 0.623307 0.92429 : 0.3
0.245041 0.473957 0.889232 0.330621 1 0.19714 -0.0275729 0.557092 0.513808 : 0
0.536825 0.266807 0.0123068 0.129458 0.120207 0.395006 0.234255 0.838896 -0.184119 : 0
0.647388 0.346085 0.455616 0.435105 0.571179 0.309458 0.191904 0.718402 0.360019 : 0.1
-0.536636 0.351613 1 0.266706 0.876322 0.387732 0.0550071 -0.448102 0.751298 : 0
0.580788 0.406719 0.169099 0.18582 0.1938 -0.540114 0.220246 0.547995 0.0314999 : 0
-0.0846667 0.372623 0.633606 0.0768161 0.502295 0.600178 0.856527 0.258275 0.712789 : 0.1
0.215991 0.598514 -0.386927 0.375174 0.472522 0.641529 0.351555 1 0.734315 : 0
0.427166 1 0.58656 0.308795 0.410806 -0.389238 0.395443 0.506117 -0.63004 : 0
1 0.0525326 0.69688 -1 0.443185 0.421556 0.769005 0.805268 -0.539328 : 0
-0.685494 0.216639 0.669801 0.696836 0.425963 0.453749 0.284867 0.293608 0.268848 : 0
0.943454 -0.0705473 0.845331 0.307983 0.508559 1 0.45088 0.582214 0.104749 : 0
0.757716 0.0314638 0.71849 0.792121 0.227848 0.421198 -0.181414 0.421954 -0.0695504 : 0
0.358224 0.806059 0.810412 -0.0163491 0.650818 0.798658 0.114496 0.420132 0.615867 : 0.2
0.656873 0.0786137 0.646149 0.34609 0.337951 0.853046 0.445358 0.754558 0.106518 : 0
0.49415 -0.0363747 1 0.228671 0.741812 0.0316073 -0.424041 0.572192 0.277004 : 0
0.311417 0.271656 0.034335 0.885172 0.152076 -0.0762616 0.523056 0.405582 0.461882 : 0
0.685321 -0.101716 0.32246 0.0234361 0.339147 0.311486 0.426523 1 -0.336482 : 0
0.284665 0.123482 0.262312 0.0861903 0.523923 0.582455 0.931241 1 0.143214 : 0.4
0.365136 0.189007 0.586334 0.827654 0.287961 0.380467 -0.278457 0.162793 -0.0197332 : 0
0.412032 0.872219 0.915244 1 0.505774 0.547203 0.515365 -0.137648 0.910453 : 0
0.326621 0.0985308 0.821551 1 0.794893 -0.376168 0.187283 0.195597 -0.895149 : 0
0.930672 0.117365 1 -0.103714 0.65517 0.656359 0.438804 0.68128 -0.966714 : 0.5
0.0889292 -0.149784 0.268326 0.422038 0.846204 0.557821 -0.630262 0.761187 0.958 : 0
0.380495 0.0622056 0.406464 0.456066 0.681817 1 0.59004 0.344158 -0.274388 : 0.4
0.628902 0.398615 0.742972 0.651595 0.330963 0.617653 0.944799 0.230704 0.758405 : 0.1
-0.985737 -0.109512 0.255847 0.602274 0.832248 -0.454467 0.415735 0.0047376 -0.698945 : 0.2
-0.432249 0.0482544 1 0.430082 0.331123 0.484494 0.401232 -0.0244263 -0.0996709 : 0
-0.368643 0.441939 -0.0781723 0.232482 0.313865 -0.102728 0.520522 -0.146907 0.0736038 : 0.1
0.556274 0.420689 0.928403 0.575145 0.67265 -0.658601 0.116814 0.543798 0.424792 : 0
0.783168 0.538426 0.200934 0.361352 0.541984 -0.366262 -0.12917 0.440571 0.500867 : 0
0.136441 -0.199378 -0.0585906 0.249306 0.56202 0.820226 1 0.43647 0.475582 : 0
0.645841 0.0223783 0.61092 0.354051 0.651233 0.667445 0.502615 0.871765 0.572843 : 0
0.140271 0.187288 -0.37583 0.436601 0.113668 0.716977 0.777323 1 -0.245244 : 0
0.437825 0.281714 0.385974 0.433057 0.780275 0.695819 0.203529 -0.134096 0.482134 : 0.1
1 0.262253 0.376271 -0.191727 0.440831 -0.0976499 0.253448 0.157177 0.286362 : 0
0.576073 -0.112137 0.244744 -0.05771 0.599759 0.930493 0.856106 0.960643 0.237844 : 0
0.540859 -0.0519787 0.350319 0.668595 0.931873 0.0801681 -0.141723 0.79608 0.120563 : 0
0.318007 0.853649 0.594614 0.598744 0.94097 0.151874 0.16382 0.285602 -0.549668 : 0.2
0.822751 0.0453225 0.631677 0.717215 0.475451 0.42679 0.665749 0.326614 -0.32657 : 0.3
0.0307008 0.271999 0.598301 -0.660436 0.772322 1 0.53667 0.0224728 -0.202348 : 0.1
0.332066 -0.00992411 0.774151 0.784722 0.322764 0.88515 0.800501 0.268596 -0.327871 : 0
0.329305 0.418767 0.152011 0.330574 0.583049 -0.411429 1 0.582938 0.683618 : 0
1 0.757776 0.902679 0.535465 0.0680612 -0.565511 0.11806 0.061866 -1 : 0.4
0.48434 -0.170811 0.734106 1 0.717574 0.865058 -0.128584 0.506833 0.421488 : 0.3
0.121163 1 0.7886 0.249938 0.571834 0.0654659 -0.0225583 0.323032 0.433642 : 0.3
-0.105989 0.223261 0.422478 0.268442 0.807959 0.474736 0.383136 0.465785 0.218077 : 0
0.13715 -0.044099 0.613536 0.542505 0.280757 1 0.497709 1 0.045503 : 0
0.349969 -0.0526903 0.751754 0.984965 0.558643 0.726856 0.332954 0.362244 0.846176 : 0
-0.126744 -0.0277159 0.871342 -0.123596 0.417081 0.931696 0.397781 0.79494 -1 : 0
1 0.861779 0.481954 0.577952 0.212386 -0.204387 0.182479 0.91858 0.402599 : 0.3
0.48581 0.321738 0.396759 0.915519 0.240374 1 0.300794 0.436293 0.610612 : 0
-0.0326713 0.0840142 0.653092 0.183028 0.478384 1 0.0849675 0.87292 1 : 0.3
0.0512181 0.318523 -0.0937012 0.115942 0.257977 0.873215 -0.170585 0.0723712 -0.170207 : 0
0.92059 -0.0884255 0.344968 1 0.607354 0.358183 0.530193 0.518977 -0.715329 : 0
0.179882 0.182503 0.673985 0.136985 0.811644 0.538379 0.592487 0.748259 0.302395 : 0
-0.661579 0.226424 0.564103 -0.690633 0.216041 -0.0804882 0.260859 0.263504 0.27207 : 0.1
0.432038 0.141757 0.446016 0.435172 0.638448 0.737941 0.481255 0.264481 -0.0897059 : 0
0.452151 0.268316 0.662934 0.403152 0.92963 0.517477 0.301811 0.61627 -0.498942 : 0.1
0.671379 0.790038 0.305544 0.280763 0.645829 0.728411 0.307489 0.495846 0.654527 : 0
-0.0176577 0.385484 -0.170411 0.266543 0.36416 0.208677 -0.174756 0.739856 0.085011 : 0
0.776832 -1 0.691105 0.500263 0.656525 -1 0.250676 0.428526 0.523138 : 0
-0.171431 0.000248671 0.376289 0.603943 0.359526 1 0.385429 0.957192 1 : 0.5
0.434459 0.209661 1 -0.531744 0.440101 0.993749 0.363812 -0.0130362 0.971906 : 0
0.784854 0.815784 0.0575409 1 0.55556 0.0658621 -0.0610808 -0.133688 0.424406 : 0.3
0.4727 0.112053 0.570661 0.766628 0.158459 -0.426907 0.851486 0.369059 0.0894444 : 0
-0.422603 0.470214 -0.256489 0.650673 0.360689 0.788669 0.380383 0.415817 0.0954298 : 0.3
0.375964 0.651688 0.790914 0.709264 0.78618 0.441326 0.216675 0.833889 -0.00157087 : 0.3
0.346266 -0.0419527 1 0.550058 0.101139 -1 0.76861 0.479006 0.431706 : 0.4
-0.375182 0.0904729 0.406279 -0.0318213 0.0738177 0.756476 0.0938241 0.76312 -0.171792 : 0.4
0.676105 0.401584 1 -0.128495 0.390506 0.526394 0.486708 0.607986 0.46876 : 0.4
0.249993 -0.26695 0.303586 0.617845 0.469743 -0.768135 0.0153727 0.278003 -0.018743 : 0.4
0.725599 0.0212067 0.316446 0.355736 0.494846 1 0.266916 0.754331 0.699128 : 0
0.711038 0.0768827 0.666649 0.343512 0.74349 0.857716 0.633021 0.722565 -0.768874 : 0
0.3368 0.254585 0.797847 0.230968 0.312852 0.660191 0.253492 -0.108413 0.90165 : 0
-0.265276 -0.0350274 0.365964 0.500757 -0.584245 0.841796 -0.782454 0.61311 0.362169 : 0
1 0.084423 -0.327586 0.477371 0.487635 0.620183 0.374507 0.625883 0.505661 : 0
0.127324 -0.328356 0.828938 0.515083 0.398901 0.624458 0.536983 -0.0409757 0.0923986 : 0
0.405924 0.23823 0.458805 0.766673 0.409686 0.624856 0.364478 0.308712 -0.223625 : 0.4
0.354695 0.460954 0.704674 0.0482147 0.501249 0.729537 0.515186 0.440655 0.497944 : 0
0.181055 0.673048 0.634058 0.821936 0.501969 0.596699 0.238461 -0.27518 0.287888 : 0
-0.0476004 0.0436053 0.32316 0.239672 0.694335 0.763185 0.507025 0.397799 0.429854 : 0.2
0.503988 0.518955 0.943591 0.647965 0.455542 0.729075 1 0.213793 0.0332154 : 0
0.245814 0.175322 0.83734 -0.560088 0.593591 0.133448 0.350568 0.324649 0.485455 : 0
1 0.452812 0.582709 0.553534 0.110703 -0.385299 0.997839 0.680027 0.984732 : 0.5
0.627673 0.0639026 0.491665 0.175245 0.457923 0.26522 -0.322904 0.738932 -0.490963 : 0.3
0.516834 0.526446 0.523707 0.0685522 0.558363 -0.0539417 0.458249 0.395427 0.737893 : 0.3
0.109516 0.584841 0.419951 0.756737 0.665162 0.156839 0.451803 -0.275783 0.64768 : 0.1
0.411916 -0.677743 0.520926 1 0.112474 0.584616 0.350639 0.419216 0.122756 : 0
0.595473 0.544592 0.214902 0.536153 0.0386051 0.96446 0.0938397 1 -0.963534 : 0
0.296238 0.526074 1 0.519745 0.430824 0.59495 0.606737 0.909083 -0.0541868 : 0.3
0.303011 0.771957 0.0206226 -0.392924 0.357854 0.538603 0.704285 0.390196 0.659101 : 0
0.734276 0.402116 0.603973 0.0827893 0.956954 0.119585 0.711166 1 -0.0609469 : 0
0.132297 0.356889 -0.152445 0.0686102 0.4921 -0.26223 0.642613 0.193472 -0.382845 : 0.1
0.662377 -0.105764 0.784518 0.32547 1 1 0.38588 0.66314 -0.428291 : 0.2
0.581844 0.679238 0.856796 0.243636 0.404961 0.520748 0.699998 0.104179 1 : 0.3
0.508609 0.235192 0.693933 0.429607 0.384377 0.241053 0.688552 0.97167 0.0575658 : 0.1
0.243887 0.463481 0.571498 0.322384 0.60913 0.103067 0.392145 -0.550519 0.173037 : 0
0.241604 -0.0905562 0.683922 0.896605 0.935037 0.57442 -0.142283 0.62213 0.299465 : 0.2
0.296301 -0.261996 -0.00747827 0.661672 0.475635 0.363401 0.459262 -0.342145 0.66778 : 0.1
0.559481 0.469687 0.461648 0.550126 0.453933 0.831167 0.980083 0.280313 0.0116346 : 0
0.322 -0.0565213 -0.176535 0.1277 0.475199 0.793293 0.483564 0.240601 0.467029 : 0.1
0.298018 0.477976 0.27563 0.392863 0.463235 1 0.498879 -0.0914745 0.0704735 : 0
0.523355 0.336141 0.336071 0.533697 0.433364 0.944562 0.354248 0.56154 1 : 0
0.42035 0.136319 0.56617 0.517577 0.469732 0.525041 0.685285 0.266855 0.225762 : 0.2
0.835505 0.0721139 1 0.410578 0.390015 0.831317 0.394582 0.334087 -0.912197 : 0
0.69417 0.0383132 0.0771793 0.670508 1 0.334977 0.615799 1 0.635837 : 0
0.0119486 -0.063764 0.00213879 -0.184007 0.419247 0.969775 0.366807 0.657859 0.226777 : 0
0.557763 0.11977 0.735558 1 1 0.693093 0.654742 1 0.858767 : 0.1
0.53105 0.43588 0.421169 0.24508 -0.110641 -0.113082 0.0205265 0.620728 0.267941 : 0.3
-0.385781 0.368412 0.00710866 -1 0.40487 0.610731 0.571013 0.301933 -0.12146 : 0
0.478887 0.358495 0.863689 0.0480737 0.631508 1 0.645362 0.504183 0.236485 : 0.4
-0.31735 0.0654631 0.592576 -0.29516 0.20372 0.984806 0.814131 0.865048 0.489512 : 0.4
0.437554 -0.193824 0.0647032 0.475111 0.322792 0.211599 -0.0581053 0.169994 0.46558 : 0.1
0.00555499 0.338119 0.218518 0.958958 0.905662 0.286567 0.358581 0.356175 0.00263849 : 0
0.576721 0.228597 0.212926 0.060762 0.397197 0.63472 0.909607 0.613075 0.500325 : 0.1
-0.0924323 0.241162 0.453063 0.815159 1 -0.0259036 -1 0.0429038 -0.668388 : 0.2
1 0.708015 0.247494 0.289758 0.110153 0.0104359 0.310952 0.912318 -0.0462219 : 0
0.0209399 0.26263 0.481898 0.224086 0.714574 0.0262286 -0.269668 0.826154 0.658357 : 0.3
0.743956 0.460514 1 0.993107 0.465953 0.529295 0.0144726 -0.144445 0.709734 : 0.1
0.392316 0.314548 -0.983772 0.29767 0.188167 0.0682928 0.705888 0.833974 0.509184 : 0.6
1 0.989098 0.637643 0.450098 0.963566 0.790883 0.572781 0.519727 -0.72434 : 0.1
0.674993 0.548007 -0.150637 0.366761 0.506807 0.397056 0.60032 1 0.216276 : 0
0.169816 -0.0272552 0.299515 -0.319006 0.537793 0.547406 0.769166 1 0.0839244 : 0
-0.148289 0.0327253 0.77099 0.153353 0.284832 0.47158 0.197841 -0.165598 -0.336975 : 0.4
-0.126036 -0.263355 0.192751 0.520979 1 0.514487 0.0334017 0.586524 0.887191 : 0
0.66668 0.0955382 0.793946 0.294834 1 0.16116 0.0485896 0.305189 -0.587091 : 0
-0.611987 0.554719 0.627656 0.423409 0.437327 0.38018 -1 0.785995 1 : 0.1
0.582098 0.443998 0.437291 0.371805 0.257154 0.890451 0.176432 0.968199 0.886441 : 0.6
-0.917386 -0.13386 0.502177 0.968248 0.443981 0.528198 0.641657 -0.109536 0.570475 : 0
0.518421 0.556119 0.596844 0.504821 0.583502 0.822452 0.762533 0.702949 0.993676 : 0
0.558633 0.97285 0.545747 0.359555 0.449629 0.760399 0.689924 0.398835 0.750615 : 0
0.417095 0.0847861 0.337064 0.334045 0.282463 0.216028 -0.937712 0.864208 0.460924 : 0
0.0353006 0.343925 -0.528714 0.11876 0.293729 0.725901 1 0.502673 0.582111 : 0
0.580607 0.833704 -0.0354864 0.850327 0.581879 0.832207 1 0.842353 0.526631 : 0.4
0.385743 0.677832 0.855628 0.362665 0.378676 -1 0.479108 0.0415204 0.3253 : 0
0.316315 0.263326 0.314631 0.721333 0.622197 0.128352 0.474834 -0.68938 0.142032 : 0
-0.195747 0.104018 0.940114 0.326267 0.306471 -0.327979 1 0.244558 0.235904 : 0.5
0.727397 0.291038 0.990066 0.340121 0.553154 0.0456052 0.525986 0.00710645 0.450133 : 0.7
-1 0.226675 0.521445 0.413705 0.272125 0.309342 0.850954 0.560888 0.899061 : 0.2
-0.430481 0.43165 1 0.657915 0.198123 -0.583485 -0.453014 0.460099 0.643243 : 0
0.571574 0.137373 -0.0905979 1 0.345579 0.425273 0.543919 0.164371 0.396055 : 0.1
1 0.0973538 0.893172 0.363873 0.6543 -1 0.519576 0.18658 0.195835 : 0
1 0.37545 0.523016 0.906121 0.602088 0.210745 0.209478 0.442022 -0.0959095 : 0.1
0.295023 0.225499 0.99521 -0.474511 0.628786 0.420564 0.483182 0.354059 0.0357257 : 0.4
-1 -0.295331 0.274517 0.830326 -0.48371 0.0365999 0.136051 0.629831 0.245551 : 0
0.569393 0.742316 0.0120549 0.443454 0.506201 1 0.364641 1 0.897236 : 0.3
0.254425 0.167415 0.710826 0.431113 0.754545 0.37764 0.636569 0.39699 -0.663572 : 0.4
0.7505 -0.189065 0.78126 0.289725 0.271506 -0.153749 0.225604 0.301876 1 : 0
0.796629 0.518608 0.343952 0.379457 0.371491 0.156437 0.992042 0.339765 -0.675964 : 0.4
0.370345 0.588403 0.954627 0.37343 0.496142 -0.798487 0.0190655 0.0846597 0.157997 : 0
0.384756 0.158218 -0.0539567 0.559821 0.192999 0.301615 -0.719963 1 0.773618 : 0.1
0.189455 0.483577 0.460551 -0.0977963 0.346715 -0.423545 -0.0329843 1 0.105697 : 0
0.308184 -0.0160575 0.601507 0.931831 0.470816 0.800875 0.53597 0.442051 -0.104886 : 0
-0.290531 -0.387275 0.9924 0.314405 0.399906 0.813091 -0.38545 0.0453884 0.72378 : 0.1
0.856672 0.149795 0.0487321 0.56784 -0.0406579 -1 0.510634 0.0878429 0.137098 : 0.3
0.641999 0.0542714 0.399423 0.416035 -0.0107305 1 1 0.780897 0.882954 : 0.3
0.570877 0.412075 0.618569 0.91448 0.48358 -0.341178 0.974611 0.347663 0.633244 : 0
-0.0924958 0.361488 1 0.832381 0.270414 0.417808 0.792158 0.0708223 0.42758 : 0.3
0.306323 -0.0217946 0.55494 0.394047 0.391567 0.296083 0.432702 0.839401 -0.25006 : 0
0.146233 0.111966 0.617382 0.112638 0.503998 0.900837 -0.22996 0.731004 0.538859 : 0.1
0.640232 0.000952691 0.493222 0.44489 0.504151 -0.918815 0.598641 0.191333 -0.557967 : 0
-0.80486 0.0804772 0.235149 -1 0.405626 0.125027 0.167823 0.640527 0.507677 : 0
0.460231 -0.0861078 -0.0970143 0.55593 0.233518 0.415758 0.316064 0.622624 1 : 0.8
0.334094 0.391538 0.448795 1 0.623915 -0.0997256 0.522131 0.20389 -0.044926 : 0.6
0.475765 0.503727 0.535709 0.565384 0.773475 0.371973 0.577346 0.437889 0.418289 : 0
0.381578 0.283451 -0.202572 0.613964 1 0.420956 0.622408 0.603018 1 : 0
0.901519 0.33982 0.0386667 0.404006 0.6384 0.705939 1 0.114341 0.0757497 : 0.4
0.21648 -0.021726 -0.407741 0.380616 0.365786 0.971796 -0.0657214 0.301455 0.797151 : 0
0.277737 0.296598 0.517824 1 0.504438 1 0.266579 0.256436 -0.289295 : 0.2
0.526061 0.404901 0.717271 -0.671471 0.813699 0.143047 -0.0885144 0.935017 0.97821 : 0.1
0.158996 0.164842 0.440059 -0.552568 0.831514 0.145801 0.642656 0.349319 0.382752 : 0.1
-0.749839 0.266359 0.095377 -0.0808769 0.569929 0.327665 0.381855 0.0865014 1 : 0.1
0.57665 0.551807 0.164613 0.334268 0.456418 0.924198 0.735594 0.926796 0.806335 : 0
0.326888 0.600967 0.766761 0.623764 0.215931 0.551234 0.406966 0.422355 0.67689 : 0.1
-0.0627785 0.610875 0.512034 0.228471 0.680573 0.1131 0.490652 0.248054 0.576263 : 0
0.168904 -0.0137562 1 0.551791 0.501432 1 -0.657283 0.182656 -0.442996 : 0.1
0.290007 0.0408495 0.449514 -0.422532 0.281117 -0.0724307 1 0.163948 -0.304447 : 0.1
0.842714 0.368335 0.24999 0.0478505 0.381046 0.309281 1 1 1 : 0.2
0.914895 0.0985173 0.557477 0.46531 0.437102 1 0.401762 -0.0105218 0.899575 : 0
0.00454736 -0.238468 0.340735 -0.0488378 0.540981 0.597568 0.0458406 0.0692087 0.437761 : 0
0.327743 0.38483 0.770216 0.0154171 0.643184 0.92978 0.262596 0.406465 0.716282 : 0
0.786606 0.278698 0.102239 0.427657 0.383642 -1 0.0534149 0.578483 0.623909 : 0
-0.0826273 0.279652 0.744166 -1 0.219588 -0.296066 0.331483 0.307008 0.403641 : 0
0.27653 0.450724 0.193213 0.141826 0.29026 1 -0.738694 0.381025 -0.389909 : 0.1
0.38375 0.296912 -0.127317 0.387084 0.462052 1 0.52376 0.115187 0.378083 : 0.6
0.530728 -0.0331238 0.38029 0.615376 0.583115 0.129388 0.690996 0.0797992 0.926725 : 0
1 -0.0143909 0.510119 0.825566 0.116248 0.473466 1 0.670072 0.768302 : 0.2
-0.420512 0.0134141 0.616149 -0.113659 0.867795 0.0410186 0.791776 1 0.586792 : 0
0.746397 0.413077 0.150678 0.731112 0.193828 0.633157 0.963067 0.495532 0.884007 : 0
0.585943 0.357001 0.351985 -0.0962077 0.664016 0.659288 0.225915 0.374077 0.382887 : 0.1
-0.309092 0.446539 0.312123 0.240862 0.589965 0.0578769 -0.164156 0.22756 0.0291964 : 0
0.659937 0.150378 1 -0.0248824 0.276874 0.525509 0.684333 0.0970942 -0.521671 : 0
0.571406 0.74621 0.708416 0.291312 0.541923 0.0911052 0.454285 0.355855 0.382539 : 0
-0.505093 0.268547 0.538173 0.646533 0.0113191 0.515645 0.778243 0.200289 0.0976674 : 0
0.381411 -0.545813 0.889785 0.148273 0.683067 -0.00505146 0.451526 -0.325449 0.341304 : 0.5
0.697807 0.416477 0.195939 0.463531 0.515618 0.242478 0.956187 0.436939 0.202158 : 0.1
0.312875 0.154318 -0.490747 0.655756 0.439116 0.111394 0.467037 1 0.460119 : 0
0.170965 0.0853762 0.728931 -0.667233 0.424574 0.31275 -0.0741587 0.348847 0.167976 : 0
0.413561 -1 0.523788 0.716338 0.323485 0.575188 -0.0954288 0.2036 -0.174958 : 0
0.645427 -1 0.664276 1 0.419403 0.550591 0.204791 0.786173 -0.150316 : 0.3
-1 0.52147 0.441765 0.607401 0.619602 0.597152 0.295528 0.781809 0.318546 : 0
0.359403 -0.381897 0.679425 0.277588 0.530623 0.814452 0.481399 0.341077 0.985385 : 0.2
1 0.721348 0.594513 -0.16924 0.633387 0.786338 0.382104 0.220188 0.675906 : 0.2
0.853636 -0.0108769 0.147473 1 0.0281391 1 0.466054 0.405643 0.451459 : 0
1 0.253949 1 0.466918 0.312336 -0.0907997 0.632939 0.399648 -0.666709 : 0
-0.41021 -0.635379 0.470472 0.222466 0.556758 -1 -0.0031638 -0.006636 0.962805 : 0.5
0.172385 0.13346 0.0631836 0.0137795 0.937673 0.736671 0.267577 0.762934 0.451346 : 0.3
0.654666 0.35872 1 0.058852 0.329157 0.189938 0.850379 0.84941 -0.500166 : 0
0.346273 -0.073151 0.872315 -0.0533704 0.573771 0.226578 0.52455 0.606514 0.668631 : 0
0.964149 -0.153336 0.788244 0.442856 0.383464 0.539882 0.806414 0.657293 -0.308607 : 0
0.42476 0.0512347 -0.0844892 0.0264084 0.221333 0.525936 0.680678 0.702191 -0.812604 : 0
0.279697 -0.000564878 -0.163877 0.215178 0.403101 0.507404 0.618339 0.675094 0.382579 : 0.6
0.667583 -0.415859 0.231064 0.418233 0.81719 0.182386 0.38808 0.137455 1 : 0.2
0.913187 0.503151 0.674397 0.632282 -0.0752851 -0.0842484 0.818842 0.770074 1 : 0
0.472082 0.368299 0.0656246 0.994251 0.842196 0.697757 0.445051 0.637682 0.13322 : 0
0.442037 -0.040658 0.0479662 0.107113 0.937713 0.185243 -0.164186 0.425395 0.589767 : 0
-0.605174 0.0695293 -0.181723 0.127335 0.537485 0.321426 1 0.378357 -0.915265 : 0.1
0.483865 0.16702 0.0425939 0.522141 0.0714116 0.342698 0.97215 0.701689 0.978233 : 0.4
0.60906 -0.221998 0.602931 0.186028 0.99312 -0.255389 0.602393 0.583007 0.203544 : 0
0.61893 0.159151 0.277958 0.39084 0.941496 0.192848 0.90413 0.742359 0.78867 : 0.2
0.155999 0.166558 0.748037 -0.885358 0.227553 0.00715716 0.331892 1 -0.104193 : 0
1 0.702488 0.198846 0.519542 -0.309623 0.731058 -0.601539 -0.107036 0.0565143 : 0.3
0.122114 -0.0824182 0.458631 0.870296 0.387166 0.932227 0.464007 0.364749 0.937521 : 0.3
0.346201 0.216507 0.447861 1 0.268969 -0.536345 0.385117 1 -0.274551 : 0.3
0.127096 0.482308 -0.146671 0.650461 0.578595 0.385295 -0.285858 0.20414 -0.0576515 : 0.1
0.513358 -0.0210794 0.526189 0.192956 0.361131 0.596464 0.109956 0.546341 0.178709 : 0.5
1 0.226772 1 0.337906 0.56027 0.787014 0.39784 0.553209 0.251256 : 0.4
1 -0.263992 0.709929 0.44936 1 1 0.478733 0.396394 0.677515 : 0.1
0.644718 0.184994 0.188737 0.822569 0.556029 0.249556 0.180408 0.0738494 0.877799 : 0.2
0.472849 0.323006 1 0.37703 0.717809 0.958388 0.040652 0.409803 0.422145 : 0.4
0.180848 0.119336 0.705094 0.736996 0.636725 0.771289 -0.0121227 0.538121 0.281102 : 0
0.465144 0.996717 0.166833 0.0691428 0.0640923 -0.254484 -0.432567 0.993641 0.0227849 : 0.1
0.0182216 0.602519 0.542295 0.569104 0.963825 0.684975 -0.0951819 0.802844 -1 : 0.4
1 0.530751 0.694975 -0.113145 0.285291 -0.0473675 0.641854 0.884684 -0.468161 : 0.5
0.274155 0.126536 1 0.381579 0.574222 0.0782154 0.528034 0.137871 0.854352 : 0.2
0.59527 0.224632 0.878135 0.260112 0.584746 -0.095128 0.553523 0.195035 -0.135029 : 0
0.945886 0.373351 0.77817 0.157305 0.431898 0.813519 0.451377 0.952495 0.973029 : 0.1
1 0.392641 1 0.453303 0.529373 -0.00453815 0.29054 -0.244666 -0.223822 : 0
-0.0916956 0.435976 0.478984 0.316684 0.694775 -0.321021 -0.183649 1 -1 : 0
-0.273012 0.586533 -0.246805 0.907 0.787516 0.51495 0.491274 0.560117 0.705723 : 0
0.326371 -0.133099 0.392568 0.172074 0.534512 -0.96036 0.478518 0.361282 -0.464848 : 0
-0.156151 0.135379 -0.0610515 1 0.338565 0.512298 0.345591 0.0532661 0.441184 : 0
0.639513 0.633679 0.683852 0.0541282 0.635947 0.632286 0.313116 0.628412 -0.407713 : 0
0.533479 0.720884 0.489822 0.430493 0.36348 0.133264 0.590033 0.448091 -0.978696 : 0.4
0.838235 0.251936 -0.258137 0.96925 0.503408 0.43716 0.546296 0.249164 1 : 0
0.710723 0.43825 0.17814 -0.157655 0.202752 0.238865 0.920445 0.652386 -1 : 0.6
0.779073 0.181114 0.492898 -0.94894 0.3242 0.118635 0.229811 0.430511 0.147146 : 0
0.907647 -0.0931918 -0.0586688 0.455897 -0.247817 0.941024 0.818114 0.781048 -0.636949 : 0
0.678274 -0.342107 0.181957 0.449264 0.348139 0.458201 1 0.264569 -1 : 0
0.286924 0.165054 0.945485 0.454534 0.321801 0.967872 -0.510517 0.529423 -0.215564 : 0
-0.058369 0.295656 0.517116 -0.135867 0.440349 0.231312 0.696678 0.822174 -0.213447 : 0
0.138731 0.399079 -0.558718 0.780323 0.520264 1 0.342859 0.118925 1 : 0
0.136384 0.256243 0.337917 1 0.331768 -0.14537 0.277633 0.229218 0.620856 : 0.4
-0.450132 0.581529 0.714375 0.721087 1 0.710595 0.0662053 0.535329 0.341529 : 0
1 0.351178 0.702189 0.0978831 0.176975 0.263866 0.478272 -0.307039 0.508892 : 0
0.33507 0.0611839 -0.230308 0.114341 0.948633 0.538359 -1 0.649528 0.0673193 : 0.1
0.13451 0.439034 0.647815 0.396968 0.337138 0.191648 -0.00463563 0.189186 0.034734 : 0.1
0.133078 0.190954 0.199838 0.546467 0.483502 0.512629 0.380663 -0.156992 0.361314 : 0
0.331603 -0.0129704 -0.720443 1 0.382549 0.116498 0.453067 0.112343 -1 : 0.3
0.0451005 0.38976 0.162795 0.5548 0.315719 0.591184 0.366236 0.579529 0.685535 : 0.4
-0.690666 0.384507 0.453197 -0.389192 0.737767 0.639808 -0.157548 0.560203 0.378246 : 0
0.300259 0.549016 0.826767 0.333604 0.906665 0.900402 0.491052 0.308869 0.855403 : 0
0.772924 0.0631705 -0.0706196 0.114834 0.477594 0.14598 -0.0363196 0.833053 0.274795 : 0
-0.0741563 0.395141 0.573045 0.0930756 0.599871 1 0.840063 0.387206 -0.183719 : 0.7
0.308498 -0.0344964 0.448699 1 0.0657035 0.387714 0.505919 0.323154 0.634663 : 0.6
0.557513 0.0552429 0.160271 0.33087 0.779417 1 -0.663585 -0.312652 1 : 0.1
0.615043 0.214645 0.154026 1 0.916831 0.361736 0.22357 0.946234 0.18354 : 0
1 6.79046e-05 0.330824 0.097231 0.0741564 0.704169 1 0.813504 -0.421281 : 0
-0.325585 0.560019 0.693276 0.475883 0.796169 0.180026 -0.276601 0.886456 0.258978 : 0
-0.856357 -0.126322 0.645218 -0.0569997 0.377565 -0.0295199 0.299371 0.211252 -0.182761 : 0.3
0.847238 0.192447 0.839167 0.432344 0.855722 -0.415229 0.214046 0.508348 0.546743 : 0
0.482337 0.519999 0.541914 0.199055 0.635514 -0.116486 0.486017 0.262427 0.464948 : 0.2
-0.411017 -0.0386525 0.635542 0.613364 0.657076 -0.444965 -0.372825 0.93825 0.606407 : 0.3
0.693732 0.072238 0.566149 1 0.379872 0.193225 0.24008 0.161347 1 : 0
0.812423 0.429452 0.297178 1 -0.620255 -0.0544077 0.79942 0.393826 -0.208202 : 0
0.8344 0.939895 0.78655 1 0.312069 0.435844 0.58083 0.829628 0.676092 : 0.1
-0.000558913 0.257452 0.426706 0.43758 0.765595 0.75453 0.407586 -0.0343599 0.980289 : 0
-0.209908 -0.0104147 0.881017 0.170602 0.47961 1 -0.547116 0.393745 0.395633 : 0
-0.393167 0.813625 0.468261 0.394461 0.730598 0.454982 0.261195 0.601856 0.202816 : 0.1
-0.581201 -0.311226 0.648201 0.391521 0.555586 0.752712 -0.197061 0.133028 0.226882 : 0
0.376737 0.446369 0.516157 0.540309 0.283323 0.603313 1 0.187432 0.98889 : 0
0.624549 0.0131978 0.322613 0.674033 0.657425 -0.00918077 0.141726 0.684573 0.82228 : 0
-0.714719 0.35837 0.268176 0.78448 0.706425 -0.0815967 -1 0.13363 0.399244 : 0.5
0.137034 0.501842 0.169041 0.39667 0.3572 0.679006 0.831128 0.922864 0.326822 : 0.4
0.380103 0.278606 1 0.519154 0.534776 -0.0337778 0.584511 0.853131 -0.707162 : 0.3
0.291156 0.0664351 0.360493 0.0797637 0.836567 0.393182 0.234793 0.169466 -1 : 0
0.405923 0.798861 1 0.41015 0.785033 0.661279 0.202724 0.920886 0.24056 : 0
-1 -0.22002 0.45544 0.0781219 0.423207 -0.895817 0.193317 0.313672 0.261599 : 0.6
0.230127 0.667533 0.844845 0.411462 0.402698 0.260636 0.517768 0.167866 -0.479015 : 0
0.677661 0.144143 -0.337101 0.375391 -0.0271184 0.446057 0.362953 0.779578 -0.352825 : 0
0.0256688 0.281415 0.668523 0.609584 -0.0852081 0.70043 1 0.325602 0.123852 : 0.4
0.321245 0.101443 0.546558 -0.373562 0.4996 0.135243 0.850249 0.289526 0.1048 : 0
0.763067 0.151629 0.566033 0.69523 0.0655578 0.952077 0.63064 0.639368 -0.505304 : 0
0.826657 0.167517 0.115358 0.110207 0.44251 -0.385627 0.165812 0.0904953 0.319125 : 0
0.216139 0.0132255 0.516295 1 0.116002 0.399766 0.464902 0.401854 0.135033 : 0
0.8451 0.458822 0.502325 0.513051 0.87808 -0.762751 0.517146 0.839627 0.995016 : 0.2
0.937382 1 0.600365 -0.0949317 0.782834 -0.280283 0.461389 1 0.779912 : 0.2
