0.802132 -0.0410224 1 0.531494 -0.00988877 0.600837 0.349103 0.849657 0.991092 : 0
0.418843 0.266691 1 0.265213 0.158636 1 0.702702 0.456929 0.860178 : 0.1
1 0.736604 0.646993 0.267092 0.208477 0.760137 0.46753 0.638561 0.533247 : 0
0.433621 0.247613 0.323118 0.982839 0.334653 1 0.187148 0.580116 0.173884 : 0
0.366639 0.328067 0.556171 0.0320186 0.220964 -0.0232213 0.324896 0.20285 0.70021 : 0.3
1 0.91036 0.493129 -0.31433 0.732952 0.44494 1 0.948892 0.0612357 : 0
0.017815 0.483739 0.44143 0.468145 0.486361 0.729626 0.0551179 0.0269281 0.587229 : 0.7
0.533465 0.207598 0.682215 0.748952 0.784235 0.739081 0.0749321 0.51649 0.377933 : 0
0.597501 0.323079 0.410566 0.366709 0.7643 0.206468 -0.178657 0.484609 0.465059 : 0.5
0.732704 0.414653 0.815963 0.585733 0.789366 0.334385 0.336616 0.276871 0.464138 : 0
0.188188 -0.478632 0.900912 -0.61138 0.479271 0.434311 0.107503 0.826387 0.559273 : 0.2
-0.303236 0.530707 0.472967 0.229118 0.334272 0.845195 -0.00983988 0.439415 0.89724 : 0
-0.207842 0.232963 0.653268 -0.164919 0.224822 0.285772 0.615724 0.31607 0.106908 : 0.1
0.586382 0.0203501 0.955451 0.117428 0.216964 0.276544 0.576471 0.44342 1 : 0.9
0.0501323 0.588714 1 0.717725 0.579169 0.755099 0.513961 0.158066 1 : 0
-0.0631296 0.838208 -0.205326 0.0558414 -0.379982 0.433131 0.310694 0.698509 0.267936 : 0.1
-0.186232 0.522264 0.103199 0.509799 0.778767 1 0.150056 0.323005 0.45682 : 0.3
-0.417781 0.574349 0.106019 0.21108 0.606603 0.557385 0.22197 0.469977 0.358613 : 0
0.943477 0.329586 0.802131 0.786559 0.466697 1 0.467789 0.533819 0.82977 : 0
-0.530653 0.724371 1 0.673969 0.392337 0.160044 0.330765 0.440559 0.507482 : 0.4
0.0992173 0.514297 0.202102 -0.309326 0.26506 -0.0741637 -0.123522 0.322349 -0.141813 : 0
0.106186 -0.139185 0.291342 0.403347 0.38292 0.270863 0.779248 0.689411 -0.0766205 : 0
0.646085 1 0.609715 0.203195 0.793425 0.250377 0.205997 0.433753 0.434531 : 0
0.739823 0.298951 0.0119405 0.467615 0.11546 0.688417 -0.247443 0.240716 0.581349 : 0.1
-0.143626 0.417119 0.673132 0.222551 0.359769 0.646469 0.379841 0.453041 -0.908328 : 0.3
0.474305 0.619589 0.353978 0.452659 0.397121 0.66962 0.168782 0.623321 1 : 0
0.799058 0.967568 0.252558 0.0788251 0.356191 0.169048 0.728262 -0.112551 0.880645 : 0.1
0.893733 0.179638 0.164071 0.670976 0.250732 0.362785 0.278507 0.382897 0.401739 : 0
0.190439 0.418842 0.334043 -0.167257 -0.0553269 0.349758 0.151754 0.582175 0.488753 : 0.1
-0.177582 0.453872 0.4227 0.147404 0.270902 0.678465 -0.00398338 0.755973 0.239219 : 0.3
0.818886 0.066253 0.317762 0.797457 -0.088027 0.749987 0.198967 0.683225 0.260026 : 0.1
0.637579 0.513757 0.110918 0.352184 0.474419 0.416286 0.760727 0.636076 -0.0901855 : 0.3
0.581096 0.233339 0.452704 1 -0.153171 -0.501815 0.410563 0.270894 0.456686 : 0.3
0.0813921 0.858713 0.170898 0.557337 0.465305 -0.324502 0.796569 0.570889 0.235125 : 0.2
0.288914 0.870995 0.117602 -0.0155042 0.874739 0.894886 0.508346 0.283536 0.377761 : 0
0.830717 0.0983356 0.448828 0.410287 0.00736825 0.410814 0.393699 0.518418 0.978831 : 0
0.732629 0.634722 0.318536 0.474788 1 0.0484918 0.149258 0.00227663 0.755369 : 0
0.437842 0.325078 -0.0792647 0.0263807 0.27954 0.477998 0.692927 0.66304 0.681928 : 0
0.48405 0.743602 0.235987 0.486286 0.578361 -0.155111 0.952849 0.610267 0.112986 : 0
0.319379 0.559822 0.214618 0.13266 0.153994 0.314559 0.278867 0.199417 -0.230403 : 0
0.700888 0.378449 -0.293642 0.825101 0.696165 0.652118 0.446049 0.264521 1 : 0
0.00160907 0.404698 -0.356725 0.701953 0.708136 0.310495 0.619272 0.221336 0.80966 : 0.5
0.191338 -0.404448 1 -0.100063 0.749385 0.435641 0.480113 0.934716 -0.252436 : 0.1
1 0.45902 0.478469 1 0.144396 0.859612 0.245219 0.831596 0.244693 : 0.1
0.199491 0.221777 0.0615069 0.406849 0.942055 0.276382 0.258006 0.210968 1 : 0.4
0.230243 -0.114915 0.392201 0.330282 0.310729 0.746837 0.503095 0.407408 0.512557 : 0
0.173091 0.704125 -0.230639 0.636136 0.139396 -0.220541 -0.0192234 0.465716 0.414407 : 0
0.487602 0.501539 0.295756 0.904795 0.333318 0.226054 0.231073 0.471272 1 : 0.2
-0.105358 0.336355 -0.0107261 0.6492 0.623501 0.172232 0.482818 0.327223 0.180957 : 0
0.268319 0.985679 1 -0.151633 -0.0443194 0.639743 0.110743 1 0.709597 : 0.3
-0.336345 0.202135 0.797245 0.422714 0.480623 0.487857 0.34777 0.181613 0.529509 : 0
0.673124 0.110563 0.503018 0.331748 -0.144329 0.37312 0.471523 0.905184 0.774723 : 0.1
1 0.221464 0.557278 0.136851 0.279823 0.819763 0.547684 0.622986 0.838254 : 0.4
0.0347479 -0.0902629 0.72714 0.577094 0.844634 0.584047 0.982757 0.655059 0.173826 : 0.3
0.618597 0.599959 0.209692 0.122784 0.243103 0.754017 0.142094 0.278059 1 : 0
0.324135 0.444079 0.794357 0.0389007 0.27424 0.244797 1 0.587642 0.642813 : 0.5
0.12638 0.0813783 1 -0.142071 0.0164565 0.808709 0.546769 0.350653 0.593168 : 0
0.772785 0.883782 0.515745 0.494695 -0.119203 0.813281 0.250839 0.926231 0.878043 : 0
-0.000983749 0.231704 1 0.623675 0.730947 0.78731 0.861683 0.511343 0.412176 : 0
0.396279 0.274887 0.202089 0.97755 0.228762 0.29128 0.552501 0.415275 0.55107 : 0
0.237152 0.478944 0.164711 0.521485 -0.349376 0.652194 0.313873 0.609823 1 : 0.1
0.475429 1 0.232795 0.375371 0.0299535 0.599953 0.00588153 0.718041 0.178637 : 0.3
0.860266 0.930273 0.268833 0.0734677 1 0.0514344 0.321991 -0.400926 0.474828 : 0.1
0.249947 0.698176 0.126476 0.275872 0.678952 0.89534 0.395776 0.558023 0.347813 : 0.4
0.162183 0.283708 0.275725 -0.408848 0.477561 0.609646 0.487668 0.322151 0.478176 : 0
0.915479 0.332971 0.12106 1 0.677069 0.618788 0.994579 1 0.625904 : 0
0.800008 0.0908687 0.499348 0.272923 1 0.288856 0.589062 0.248634 0.698162 : 0
0.439587 0.0732806 0.5563 0.505458 0.549263 0.224635 0.339145 0.182532 0.334569 : 0
0.271782 0.282359 0.272198 0.540185 0.953135 0.593112 0.275207 0.7943 0.939306 : 0.3
0.606143 0.646878 0.241035 0.769946 1 0.429538 0.341331 0.0910738 0.295627 : 0.1
1 0.123899 0.105175 0.0876634 0.292558 0.284567 -0.357029 0.782994 -0.173392 : 0.1
0.214143 0.994009 0.716963 0.820862 0.668196 0.492223 0.859301 -0.590663 0.348354 : 0.2
0.407371 0.840805 0.561412 -0.513576 0.406751 0.193816 0.317691 0.731874 0.498596 : 0.5
0.944044 0.438418 0.455276 0.863924 0.77374 0.761462 0.539957 0.480622 0.558968 : 0
0.607503 -0.180896 0.548893 0.418111 0.195122 0.132977 0.433543 0.809605 0.910991 : 0.2
1 -0.174281 0.505702 0.0688883 0.439978 0.654393 0.25416 0.641568 0.576124 : 0.6
0.239081 0.351013 0.596558 0.410484 0.254715 -0.238986 0.368898 0.681747 -0.095777 : 0.6
0.143848 0.760612 0.425228 0.607298 -0.0886574 -0.00346354 0.433743 0.175172 0.360797 : 0.1
0.303819 0.0426963 0.199213 0.217079 0.248383 -0.0936982 0.314047 -0.0511585 -0.234788 : 0
0.266939 0.494931 -0.102669 0.812656 -0.20417 -0.694336 0.134937 1 -0.26693 : 0.4
0.760593 0.993063 0.517868 0.236542 0.651529 0.403282 0.299474 0.234962 0.84163 : 0.1
0.283085 1 0.532902 0.987347 0.186887 0.472155 0.882297 0.997038 0.123609 : 0.1
0.795268 0.0105169 0.739283 0.501439 0.256828 0.606534 0.534566 0.380508 0.245573 : 0.3
-0.0285233 0.844997 1 0.659883 0.340084 0.678188 0.439293 0.771177 0.203892 : 0.3
0.528861 0.593891 0.515301 0.904843 0.996718 0.814901 -0.0455263 0.507298 0.0720478 : 0
0.521241 0.486326 0.506969 0.826992 -0.153251 0.109695 0.0308138 0.37357 0.842847 : 0.4
0.57314 0.203381 0.736116 0.925795 -0.735417 1 0.584875 0.626797 0.103877 : 0.2
-0.121327 0.160887 0.0936115 0.978213 0.275839 0.704069 0.533293 0.418969 0.394736 : 0.1
0.805374 0.882709 0.846185 0.472026 0.110615 0.941433 0.350031 0.468119 0.666086 : 0
-0.219141 0.560574 0.653228 0.366599 0.953568 0.523666 -0.332414 0.0387083 0.872575 : 0.1
0.0427954 0.437538 0.417313 1 1 0.405108 0.950064 0.437929 0.390146 : 0
0.997402 0.243524 0.713398 0.0941455 0.839928 0.5498 0.613932 0.646247 0.92662 : 0.2
0.808139 0.955265 0.872532 0.572958 0.848671 0.567188 0.356652 0.641579 0.244166 : 0.4
0.168805 0.956643 0.861776 0.836593 0.169611 0.514086 0.359384 0.633 0.307403 : 0.2
0.41528 0.434193 0.011305 0.0320389 1 0.811758 0.557591 0.449601 0.00487873 : 0
-0.0218014 0.786301 0.159895 0.38896 0.250552 0.720422 1 0.538081 0.646514 : 0.3
0.192828 0.586138 0.190775 -0.239645 0.423761 0.153802 0.691507 1 0.0492674 : 0.5
0.238838 0.357276 0.973905 0.439501 0.507767 0.396772 0.453187 1 0.876311 : 0.1
-0.376532 0.731243 0.369968 0.532873 0.666178 0.739752 -0.564618 0.835228 0.463024 : 0.4
0.616323 0.390435 1 0.560449 1 0.42982 0.459831 0.415679 0.181995 : 0
-0.450371 -0.265322 0.0801554 0.043069 0.970165 0.795914 0.388812 0.270302 0.777524 : 0.5
-0.2038 0.234167 0.269713 0.64523 0.173692 0.788024 0.677637 0.351085 0.456444 : 0
0.320708 0.634231 0.25307 0.89401 0.215991 -0.0624703 1 0.491122 0.797179 : 0.4
0.406516 0.620865 0.486968 0.276878 0.342765 0.0441239 0.472553 0.651834 -0.0333046 : 0
0.826925 0.634892 0.514172 0.188302 0.597456 0.729415 0.357427 0.596583 0.904564 : 0.1
1 0.103754 0.693228 0.479982 0.597678 0.168676 0.54597 0.387133 0.379165 : 0
0.887243 0.528139 0.59302 -0.123383 0.692658 0.754176 0.526262 0.441643 0.512167 : 0
0.528356 -0.0648233 0.67645 0.281209 0.475293 0.648448 0.918505 -0.196254 -0.0429958 : 0
-0.205433 0.663063 0.436357 0.0760526 0.298198 0.573633 0.338952 0.421155 0.230071 : 0
0.699851 0.419828 0.819769 0.561435 0.903557 0.148288 0.479392 0.364457 0.408535 : 0.1
0.475006 0.529652 0.217158 0.676848 0.0358505 0.699483 0.447447 0.821331 0.61469 : 0.4
0.0778495 0.634951 0.0372435 0.795347 0.313635 0.187964 0.672291 0.0788837 0.609153 : 0.5
-0.0687328 0.359321 1 1 0.572556 0.67065 0.652696 -0.0628464 0.863698 : 0
0.365291 0.324767 0.543721 0.0750394 1 -0.0065808 0.706233 0.77815 0.207533 : 0.3
0.982803 0.19399 0.351375 0.0506311 0.530055 0.348481 0.2016 0.593347 0.65388 : 0
0.707538 0.919251 0.414289 0.082554 0.453704 0.704076 0.346847 0.656822 0.766221 : 0.3
-0.588648 0.562334 0.710454 0.724003 0.492378 1 0.268142 0.387359 0.254652 : 0.1
0.388491 -0.00441021 0.526438 0.772891 0.434304 0.440563 0.589966 0.171177 0.820875 : 0
0.578497 0.518276 0.550733 0.217933 1 0.211322 0.229558 1 0.656197 : 0
0.462247 0.295029 0.760203 1 0.253244 0.699476 0.943656 0.154086 1 : 0.4
0.831612 0.554383 0.536856 -0.104904 0.582945 0.756335 0.35511 0.809812 -0.0977931 : 0
0.419335 0.678752 0.697541 0.723602 0.809598 0.662265 0.23938 0.187944 0.304429 : 0
0.34432 0.313889 0.848449 0.536338 0.546124 1 -0.211679 0.877272 -0.102243 : 0.1
0.266254 0.291581 0.780821 1 0.53861 0.625627 0.573731 0.517725 1 : 0.4
0.286282 0.192228 0.496522 0.370294 0.566785 0.761539 0.689295 0.779866 0.93406 : 0
0.0579158 0.542093 0.801036 0.853317 0.26201 0.0103924 -0.641184 0.215934 -0.030124 : 0
0.239982 1 0.23995 0.660303 1 0.726586 0.166346 0.658855 0.74699 : 0
0.885226 0.375723 0.242786 0.368471 0.446328 0.396274 0.70942 -0.566143 0.341619 : 0.2
0.348503 0.22773 0.485993 0.58804 0.522306 0.180973 0.420045 0.728206 0.112539 : 0.4
-0.0923605 0.96181 0.863608 0.790386 0.466729 0.617995 0.427339 0.633094 0.490088 : 0
0.627106 0.166412 -0.0999793 0.0460243 0.0733599 0.11197 0.378992 0.895453 1 : 0.1
0.302545 1 0.435453 1 0.349792 -0.00755847 0.81976 0.574701 0.967664 : 0.3
0.513253 0.384234 0.608595 0.387003 0.0873305 0.20844 -0.0484791 0.432376 0.359446 : 0.4
0.657105 -0.102632 0.254911 0.455451 0.621449 0.293074 0.461729 0.338824 0.251879 : 0
0.147908 0.735803 0.226392 0.0377553 1 0.199955 -0.011989 0.769445 0.674224 : 0.1
-0.0241371 0.633814 -0.0580106 0.0505679 0.317144 1 0.207166 0.312468 0.998074 : 0.3
0.914178 0.283599 0.448862 0.296791 0.652642 0.433542 0.489799 0.505709 -0.129685 : 0.3
-0.422858 0.620018 0.288025 0.227519 1 0.176586 0.348013 0.790087 0.391174 : 0.5
0.0268751 0.12062 1 0.494479 1 0.720523 0.570923 0.366429 0.70967 : 0
0.19234 0.313059 0.98103 0.405747 0.515079 0.652856 0.519233 0.690537 0.212434 : 0.2
0.447577 0.0754764 0.299923 0.837765 0.0814877 0.215665 0.214312 0.0439319 0.0546868 : 0
0.871041 0.554119 0.416955 0.984045 0.0412535 0.746515 0.522513 0.357579 -0.120934 : 0.5
0.398951 0.123404 0.46532 0.35259 0.371321 0.112923 0.911537 0.778679 0.673631 : 0.2
1 0.0648213 0.797547 0.52218 0.460833 0.770316 -0.00328128 -0.030295 0.53052 : 0.1
0.619809 -0.00319161 0.275747 0.224234 0.373256 0.716381 0.588584 0.0501019 0.244586 : 0.2
0.385814 -0.11028 0.0948103 1 0.296811 0.404295 1 0.414787 0.893303 : 0.1
0.249456 0.715576 0.163032 0.717971 0.117024 0.325059 0.589771 0.729328 0.656674 : 0.1
0.501084 0.411725 1 0.1351 0.112809 0.59001 0.0291561 0.481042 1 : 0.3
0.718298 0.0600823 -0.0445577 0.0496614 0.430885 0.698496 0.511157 0.547672 0.228942 : 0.3
0.446714 0.54666 0.394407 0.11544 0.484836 0.644002 0.265093 0.878539 0.372689 : 0.1
1 0.25627 0.78334 0.287736 0.529353 0.724158 0.403779 0.208526 0.630358 : 0.1
0.729175 0.0556056 1 0.0106468 0.973239 0.717187 0.0169883 0.752895 0.465967 : 0.4
0.985666 0.184417 0.374567 0.611338 0.345219 0.422672 0.0451624 0.505402 0.443199 : 0
0.53411 0.50202 0.594744 0.22458 0.305126 0.660794 0.580069 0.994565 1 : 0.2
0.441851 0.654118 0.75304 0.592182 0.373904 0.37033 0.517991 0.554241 0.989036 : 0.5
0.452939 0.303563 -0.0704196 0.537274 0.545107 0.510172 0.370776 0.681038 0.477493 : 0.1
0.298804 0.0656578 0.433334 0.38001 0.0862957 0.53312 0.799065 0.586162 0.473087 : 0.2
0.412289 0.130348 0.679589 0.713554 0.397989 0.554321 -0.783114 0.363798 0.905831 : 0.1
0.484929 0.711576 0.175997 -0.122868 0.400593 1 0.0307957 0.241221 0.6682 : 0
0.189799 0.147762 0.428836 0.218331 0.526967 0.413961 0.653096 0.332222 0.269083 : 0
0.559406 0.726929 0.139037 0.765965 0.304574 1 0.430019 0.730204 0.5448 : 0.1
0.388071 0.429178 0.0123824 0.174913 0.567523 0.759258 0.126781 0.331678 0.52639 : 0.1
0.735716 0.0248007 0.68009 -0.244808 0.70519 0.197235 1 0.570295 0.660226 : 0.2
0.204481 0.598587 0.723197 1 0.441639 -0.222976 0.410023 0.803678 -0.173545 : 0.3
0.531151 0.317613 0.776094 0.564096 0.291508 0.445464 0.123575 0.845453 0.388369 : 0
0.784082 0.806783 0.340958 0.571131 0.247548 0.39182 0.152384 0.422224 0.475004 : 0.4
-0.0651443 0.174935 0.701564 0.904743 0.440058 0.669504 0.610129 0.913488 0.323448 : 0
0.536465 0.289683 0.487168 -0.0870095 0.205697 0.369011 0.0569086 0.583445 0.654222 : 0.1
0.456283 -0.0383729 0.528438 1 0.68113 1 0.337793 0.663372 0.0685115 : 0.4
0.363762 -0.0160304 -0.0560047 0.521091 0.588163 0.839193 0.313082 0.594078 0.265832 : 0
1 0.139447 0.191551 0.557705 0.413782 0.962618 0.381104 0.84014 0.578711 : 0
0.282227 0.201365 0.362466 0.187673 0.328326 0.771393 0.286032 0.581019 0.00166252 : 0.5
-0.0418309 -0.0440602 0.662047 0.47292 0.34441 0.404049 0.810896 0.471401 1 : 0.1
-0.0869815 0.86008 0.658774 0.453847 0.208445 0.63291 0.1667 0.365293 -0.526087 : 0
-0.287665 -0.0186367 0.497726 1 0.163125 0.875596 0.233893 0.978587 0.2973 : 0.1
-0.231212 0.623002 0.636548 0.628243 0.382951 0.646181 0.91538 0.17315 0.888139 : 0
0.653232 0.705938 0.430667 0.030931 0.41297 0.0607784 0.686715 0.646641 1 : 0
0.504853 0.710785 -0.178794 0.48238 0.838577 0.565115 0.303981 0.370175 0.374685 : 0.4
0.442014 0.459367 0.00399526 0.231636 0.998336 0.821681 0.854352 0.608072 1 : 0.3
0.618805 0.2886 0.321913 0.237895 0.419181 0.805532 -0.829775 0.530651 0.614778 : 0.1
0.110771 0.129043 0.47923 0.402979 0.357419 0.160695 0.554666 -0.0707022 0.680685 : 0.1
0.163927 0.38239 0.724828 0.711229 0.441573 0.434543 0.344829 0.62857 0.271721 : 0
0.629609 0.600699 1 1 0.582455 0.393203 -0.554304 0.530996 -0.110448 : 0.2
0.607637 0.170164 0.669453 0.126328 0.537352 0.179541 0.334724 -0.424274 0.314804 : 0.4
-0.102129 0.960755 0.0703201 0.643609 0.097458 -0.0433289 0.362605 -0.00478369 -0.212973 : 0.2
0.320727 0.152188 0.551611 0.096149 -0.0859118 0.947433 0.814399 0.682977 0.22941 : 0
0.93804 0.301993 0.498921 0.740653 0.34779 0.995833 0.520408 0.30955 0.749808 : 0.1
0.538958 0.032006 0.181384 0.591498 0.540046 0.792905 0.449814 0.592745 0.640801 : 0.1
0.130545 0.0480242 0.413636 0.473735 0.668743 0.617159 0.845588 0.66146 0.464156 : 0.4
0.449829 1 0.157017 0.632437 0.470305 0.873141 0.456609 -0.184077 -0.00106321 : 0.5
0.460096 0.0954368 0.119823 -0.0413449 0.595807 0.450521 0.407198 0.586932 0.0620932 : 0
1 0.619049 0.627552 0.502777 -0.00421644 0.70887 0.750085 1 0.102054 : 0
0.633588 0.484979 0.499779 0.974586 0.296679 0.955959 0.842876 0.506217 0.100444 : 0.3
0.336331 0.149092 0.832662 0.43844 -0.0283461 0.31968 0.793113 0.707136 0.137403 : 0.3
-0.133347 0.247707 0.242175 0.481654 -0.352022 0.779854 0.313499 1 0.920427 : 0
0.960817 0.177162 0.284393 0.338029 0.113312 0.793565 0.718139 0.407302 0.822879 : 0.5
1 0.412067 -0.119122 -0.442316 0.553268 0.00398409 0.82321 0.885604 0.694778 : 0.5
-0.216066 1 1 0.559101 0.116662 -0.108409 0.870894 1 0.0593452 : 0.3
0.910041 0.416095 0.873644 0.0253625 -0.451102 0.311414 0.93818 0.684678 0.879637 : 0.7
0.211211 0.427568 0.0926503 0.891287 0.520307 0.894531 0.407118 -0.213032 0.674717 : 0.2
0.181346 0.12126 0.321557 0.995216 0.650195 0.384878 0.654197 0.317384 0.355226 : 0.1
0.339966 0.0734495 0.361688 0.316218 0.657146 -0.00434966 0.453703 0.678683 1 : 0.1
0.542696 1 0.141433 0.615573 0.607532 0.286868 0.241818 -0.0281836 -0.127691 : 0
1 0.445819 1 0.445068 0.0749361 0.342862 0.84314 0.791622 0.434847 : 0.1
0.769252 0.556352 0.797956 0.575878 0.247733 0.745638 0.784127 0.799378 0.222693 : 0.1
0.756778 0.384666 1 0.781075 0.22122 0.370951 0.509401 0.913106 0.348676 : 0
0.57806 0.619382 0.480522 0.186434 0.102716 -0.319356 0.253436 0.554109 -0.0902554 : 0.3
0.0538896 0.14155 0.31589 0.900161 1 0.901495 0.266301 0.63401 0.0329808 : 0.3
1 0.202289 0.672882 0.615918 0.357216 0.744474 0.540267 0.186694 0.663682 : 0.4
0.165902 0.0423641 0.112532 0.263258 0.604807 0.169284 0.76729 -1 0.528984 : 0
1 0.317875 0.241402 0.36372 0.548907 0.506644 0.446871 0.678505 0.529224 : 0.6
0.581447 0.402584 0.273887 0.439087 0.301395 0.185077 0.54987 0.325818 -0.0163044 : 0.3
1 0.752595 -0.0593392 1 0.284875 1 1 0.497175 0.76205 : 0
0.376189 0.84805 0.678699 0.380226 0.445106 0.754707 0.0741698 0.714079 0.751991 : 0
0.0773286 1 0.335181 -0.104804 0.725154 0.307846 0.392755 0.451085 1 : 0.6
0.342026 0.439608 0.0515229 0.781327 0.212064 0.803452 0.615523 0.494011 0.891524 : 0.3
-0.598945 0.0118581 0.707557 0.701057 0.881322 0.548293 1 0.65055 0.127189 : 0
0.201983 0.333297 0.3125 0.933773 0.597567 0.805493 0.676744 0.59154 0.532779 : 0.5
0.500032 0.0136429 0.473526 0.595975 0.327118 0.184206 -0.577149 0.376613 0.144169 : 0
0.773248 -0.411109 0.155732 0.697696 0.161475 0.227841 0.379 0.443386 0.0570105 : 0
0.353098 0.321016 0.771035 0.350311 0.0792791 0.871817 0.595533 0.365397 0.631283 : 0.3
0.150969 0.351278 0.638313 -0.0701497 0.564309 -0.365313 0.567753 0.454103 0.164677 : 0.1
0.33628 0.229217 0.516169 0.607521 0.296594 0.355196 0.506968 0.461159 0.548134 : 0.4
0.632786 0.447146 0.747962 0.376261 0.203545 0.248905 0.893084 0.877093 0.821461 : 0
0.956343 0.473412 0.604593 0.55794 0.716911 0.340637 0.666284 0.525482 -0.0942483 : 0.1
0.111667 0.196164 0.640027 0.849877 0.568426 0.61138 0.0100108 0.58814 0.367493 : 0.3
0.36387 0.723856 0.00317679 0.85595 0.524557 0.472531 0.320091 0.720873 0.401596 : 0
0.608001 0.505699 0.224673 0.569965 0.868265 0.727194 0.296305 0.374849 0.552839 : 0.5
0.599206 0.504894 0.341109 0.391214 0.377055 0.139461 0.580677 0.798169 0.0466775 : 0.1
1 0.668986 0.312559 1 0.616681 0.475309 1 0.331343 0.601424 : 0.2
0.225216 0.125144 0.284341 0.193668 0.871812 0.427407 0.470911 0.619655 -0.0506103 : 0.2
-0.0900368 0.444646 0.659791 -0.0711682 0.617729 0.0924094 0.389425 1 -0.405718 : 0
1 0.298545 0.822268 0.627041 0.35186 0.866656 0.389592 -0.153572 1 : 0
0.533553 0.563433 0.985374 0.747033 0.681381 0.94999 0.980907 0.526481 0.759612 : 0
0.0824557 -0.100367 0.644033 0.503398 0.199025 0.584139 1 0.168153 0.68623 : 0.3
0.487694 0.271099 0.718058 0.106842 0.542906 0.0883343 0.75853 0.242909 -0.585973 : 0.3
0.271385 0.208756 0.537497 0.428635 0.0801793 0.0955336 0.295872 0.888332 0.485505 : 0
0.614697 0.95594 -0.0253535 0.354156 0.267818 0.23456 0.553529 0.0980854 0.848742 : 0.1
0.276346 0.145943 0.492083 0.249675 0.26571 0.692576 0.63444 0.338963 0.345503 : 0
0.280025 0.185845 0.26092 -0.188012 0.107806 0.864932 0.414386 0.857738 -0.00564845 : 0.1
-0.148313 0.289942 0.619146 1 0.543752 0.00789295 0.333825 1 0.0254246 : 0.3
0.250424 1 0.857302 0.719419 0.727164 0.460864 0.823238 1 1 : 0
0.254417 0.818429 0.102889 0.158167 0.282954 0.381012 0.396695 0.291336 1 : 0
0.875201 0.495784 0.512721 0.8877 0.146666 0.761022 0.342174 0.721589 0.715254 : 0.4
0.140233 0.469816 0.518466 0.568144 0.99046 0.257953 0.352201 0.774222 0.471316 : 0
0.31963 0.146337 0.684555 0.297759 0.51962 0.785847 0.36629 0.546898 1 : 0.3
1 0.259241 0.739083 0.172705 1 0.842399 -0.339719 0.139975 0.488892 : 0.2
0.710816 0.126748 0.332174 0.514997 0.278803 0.818364 0.921699 0.429465 0.64622 : 0
0.925681 0.206387 0.994092 0.449899 0.525412 0.166203 0.721865 0.0207811 1 : 0.5
0.749692 0.1959 0.400235 0.0138814 1 1 -0.407399 0.754533 0.470068 : 0.2
0.389502 0.475249 0.36467 0.214587 0.758763 0.64418 -0.0422162 0.141622 0.976008 : 0.1
0.190776 0.201789 0.366024 0.18833 0.833802 0.755569 0.824823 0.57389 0.67997 : 0
0.251557 0.171426 0.270297 -0.0874937 0.228845 0.778509 0.304782 -0.0682844 0.0197541 : 0
0.306643 0.215724 0.357645 1 0.322317 0.28183 0.094329 0.644425 1 : 0.5
1 -0.0570916 1 0.433225 0.413801 0.692734 -0.36508 0.453475 -0.00217021 : 0.4
0.685991 0.230973 0.0908444 0.565839 0.671253 0.361744 0.736119 0.60586 1 : 0.4
-0.0492626 0.584121 0.152195 0.40129 0.263022 0.927026 0.703577 0.786339 0.481879 : 0.1
0.451234 0.686876 -0.0352872 0.7264 0.868394 0.783814 1 0.559866 0.492391 : 0.2
0.918493 0.901438 0.717647 0.18923 -0.0245305 0.0903375 0.378812 0.452063 0.477007 : 0
0.505751 0.493626 0.359442 0.672873 0.0899619 0.720627 0.199358 0.457801 0.305247 : 0
1 0.791425 -0.291431 0.629716 0.398443 0.895245 0.312436 0.573523 0.35832 : 0.3
0.482949 0.494172 0.730092 0.416586 0.792115 0.497593 -0.0975057 0.192346 0.445459 : 0
0.471944 0.567349 0.374205 0.177373 0.443383 0.16037 0.238366 0.374606 0.657857 : 0.1
-0.165442 0.805918 0.353383 0.985381 0.704558 -0.0154316 0.669094 0.797242 0.685068 : 0.6
0.162737 0.800002 0.772952 1 0.692013 0.209984 0.317064 0.443875 0.551594 : 0.3
0.342662 0.225172 0.688972 -0.238155 0.0502659 0.310392 0.938375 0.507857 0.0371722 : 0.1
-0.0190077 0.11478 0.523694 -0.224114 0.155847 0.953115 0.419223 0.875777 -0.0997456 : 0
1 0.0842813 0.63234 0.169351 1 1 -0.0999071 0.690307 -0.0934461 : 0.2
0.637659 0.0185955 -0.309812 0.436099 0.846609 0.446116 0.0275618 0.611136 1 : 0.1
0.646705 -0.18101 -0.0380396 0.512396 0.575129 0.793933 0.404446 0.493608 -0.303384 : 0
0.548895 0.290499 0.717073 0.622965 0.868451 0.924244 0.329247 0.431282 0.18623 : 0.2
0.674459 0.754098 0.46119 0.605981 0.837394 0.524387 0.484934 0.554467 0.62479 : 0
0.433763 0.309973 0.233436 0.91556 0.135041 0.633205 1 0.00439613 0.143842 : 0.3
0.928421 0.0855647 1 0.416666 0.483005 0.906102 0.851601 0.418199 0.379752 : 0
0.238006 0.126794 0.910182 0.440416 0.609654 -0.275824 0.383599 0.472963 -0.218141 : 0
0.801422 0.498472 0.0712248 0.061536 0.911495 0.478269 0.518878 0.911872 0.350265 : 0
0.0475382 0.192448 1 0.596487 0.297395 0.244306 1 0.322413 0.585124 : 0.4
0.0930347 0.343887 0.0286064 0.7417 0.782022 0.609971 0.0931693 0.239437 0.76671 : 0.1
0.574009 0.664566 0.253657 0.0607429 0.305519 0.42607 0.0947826 0.233953 0.0441951 : 0
0.193359 0.11911 0.0327896 0.214618 0.557047 0.243658 0.508202 1 -0.171472 : 0
-0.383504 0.144539 0.938952 -0.0248108 0.648594 0.979358 0.343972 0.620712 0.719586 : 0.1
0.809353 0.353726 0.512611 0.854932 0.419061 0.447754 0.42187 0.148466 0.736338 : 0.1
-0.0362568 0.305336 0.243525 0.624671 0.5213 0.596061 0.519466 -1 0.0417692 : 0.1
0.673206 0.308552 0.846261 -0.415004 0.976638 0.624016 0.830996 -0.1195 0.0186094 : 0.5
0.331068 0.144229 0.711406 0.370201 0.289121 0.142657 0.058601 0.372333 0.693999 : 0.1
-0.256892 0.311005 0.285125 0.371562 0.841861 1 -0.00600374 0.761901 0.109807 : 0.2
0.728882 0.579556 1 0.519677 0.6246 0.377961 0.402372 1 0.191058 : 0.2
0.400073 0.611805 0.116735 0.290141 0.445235 0.163678 -0.0445411 0.830209 0.139016 : 0.5
0.224595 0.793116 0.723861 0.319148 0.58834 0.48925 0.347913 0.401497 -0.260789 : 0.1
0.911669 0.181243 0.412402 0.372285 0.28181 0.374637 0.581298 0.735252 0.631692 : 0.2
0.781523 0.121205 0.113542 0.420742 0.317463 0.643411 -0.3444 -0.367769 0.242696 : 0.1
0.317003 0.0486458 0.0448075 0.0957809 0.356319 0.51411 -0.0484147 0.395435 0.891362 : 0.1
-0.178461 0.583923 0.32102 0.204384 0.461375 0.289 0.764442 1 0.686129 : 0
0.0458009 0.582222 -0.367008 0.553321 -0.138801 0.206971 0.177522 0.401987 0.0785968 : 0
0.250925 0.244767 0.757911 0.316475 0.292485 0.186158 0.364083 0.097559 0.586451 : 0.1
0.386521 0.397626 0.51808 0.622258 0.525371 0.135267 0.834919 0.128222 0.21731 : 0.1
0.06332 0.106405 0.491976 0.398055 0.406611 0.229924 0.493619 0.365128 -0.049433 : 0.5
0.39222 0.247181 0.543278 -0.134183 0.569453 0.192096 0.928534 0.535103 -0.0418972 : 0.1
0.799335 0.206797 0.649366 0.694983 0.58165 0.406127 0.380228 0.494816 0.132187 : 0
0.561683 0.879716 0.43864 0.182584 0.189913 0.462516 1 0.658006 0.792386 : 0
0.1271 0.25557 0.471777 0.695141 0.891211 0.754089 1 0.467343 0.302756 : 0.1
0.374553 0.500887 0.4844 0.499948 0.703056 0.844822 0.31919 0.744669 0.91649 : 0.5
0.626036 0.404724 0.289752 -0.051895 -0.346473 0.065713 0.036686 0.811232 0.132321 : 0.3
0.324897 0.264813 0.196965 0.587586 0.0523288 0.824951 0.571294 0.968611 0.145629 : 0.5
0.703307 0.176768 -0.0290902 0.71326 0.438694 0.248634 0.479168 0.706979 0.486374 : 0.5
0.356441 0.701284 0.215442 0.603659 0.694322 0.436408 0.682838 0.0337383 0.22135 : 0.1
0.776845 0.334715 -0.0755255 0.883536 0.805741 0.339853 0.525404 1 1 : 0.4
-0.0722717 0.700953 0.391905 0.876498 0.529672 0.651939 0.543885 0.518761 0.793518 : 0.3
0.730505 0.52765 0.786277 0.65973 0.424291 0.300991 0.539041 0.808049 0.457656 : 0
-0.256778 0.552402 0.698565 1 0.817952 1 0.622987 1 0.92944 : 0
0.703242 0.179211 0.459374 0.133842 0.589872 -0.107174 0.484266 0.972011 -0.278077 : 0.4
0.571905 0.280924 0.310303 -0.188121 0.34303 0.744166 -0.523315 -0.0616752 0.406794 : 0.1
0.164317 0.653361 0.788035 0.996654 0.429283 0.842726 0.710873 0.871787 1 : 0.1
-0.219229 0.155541 0.314001 0.100322 0.930153 0.994094 0.132198 0.0473246 0.61053 : 0.2
0.0141024 0.216245 -0.09341 0.528452 0.366794 0.26084 0.424263 0.724106 0.238807 : 0.3
0.443611 0.257461 0.402991 1 0.998191 -0.210945 0.811511 0.764535 0.379142 : 0.4
0.141053 0.307068 0.805186 0.0696972 1 0.118436 0.594485 0.431603 0.139566 : 0.5
-0.262553 -0.0130996 0.503068 0.483487 0.150728 0.689747 0.362537 0.903304 0.603407 : 0
0.812287 0.535425 0.276988 0.216977 0.160197 0.44879 0.223071 0.465826 1 : 0
0.437462 0.654003 0.0786731 0.569401 0.406369 0.439969 0.20128 0.592061 0.583837 : 0.1
0.474635 -0.104377 0.671973 0.599933 0.347854 0.721101 0.112439 1 0.478639 : 0.5
0.679239 0.0641493 0.251658 0.239386 0.433836 0.356452 0.0954525 0.185893 0.389104 : 0
-0.291932 0.269259 0.101758 0.043674 0.986899 0.537346 0.231006 0.488519 0.96953 : 0.4
0.130651 0.826589 0.652471 0.333113 0.673285 0.873429 0.677669 0.671524 0.476195 : 0
-0.597157 0.276989 0.614163 0.420408 0.236054 0.458772 0.389797 0.946911 0.631605 : 0.3
0.850517 -0.127372 -0.265446 0.594887 1 0.660126 0.477299 0.575172 0.550094 : 0
0.224163 0.0104588 0.451181 0.432582 0.695252 0.0818812 0.79765 -0.14956 0.515928 : 0
0.855978 0.160593 0.63215 -0.0979813 0.274594 0.977791 0.89145 0.241826 0.620988 : 0
0.655109 0.190789 0.278315 0.287247 0.644505 0.933586 0.542217 -0.664444 0.154815 : 0
0.153171 0.538362 0.190683 0.970218 0.472168 0.600052 0.557679 0.314698 0.766047 : 0
0.156884 0.242477 0.276695 0.222748 0.601101 0.473857 0.437141 0.331821 0.427556 : 0
0.559943 0.225436 0.782536 0.578845 0.426009 0.680732 0.234483 0.45242 0.463338 : 0
0.204315 0.428874 0.498162 0.747857 0.217228 0.526989 0.27325 0.527478 0.270523 : 0.2
-0.0476445 0.513087 0.437636 -0.0230998 0.862998 0.975844 0.191785 0.456964 0.564426 : 0
-0.0515273 0.200694 0.248512 0.14406 0.550838 0.67658 0.236414 0.691067 0.37478 : 0.1
0.284974 0.330291 0.390598 -0.234084 -0.128853 0.21625 0.602501 0.773514 1 : 0
0.553425 0.028354 0.894436 0.176445 0.379181 0.184683 0.242611 0.241446 1 : 0.1
0.688283 1 0.226151 0.36848 0.630103 0.138403 -0.13137 0.389283 0.449826 : 0.2
0.07841 0.0633868 0.309649 0.792723 -0.111759 0.422654 -0.234875 0.479849 0.296997 : 0.4
-0.0090397 0.468469 0.383413 0.304958 0.328855 0.903368 0.325799 0.726067 0.217227 : 0
0.364589 0.605352 0.465189 0.599935 0.372126 0.362149 -0.053179 0.85484 0.208132 : 0
0.444658 -0.210382 0.553877 0.111632 -0.0593521 0.501012 0.115133 0.332134 0.944341 : 0
0.974274 0.469527 0.737814 0.389912 0.673713 0.633821 0.734949 -0.256827 -0.473819 : 0
0.303923 0.337379 0.415083 0.521952 0.168241 0.206726 0.621849 -0.11849 0.279495 : 0.2
-0.0949445 1 0.823556 0.633553 1 -0.101844 -0.351045 0.698378 0.442988 : 0.7
0.726088 1 0.787681 0.0711809 0.316015 1 0.719684 0.344813 -0.0522798 : 0.1
0.436213 0.371896 0.467887 0.205988 0.330674 0.465127 0.0957021 0.707357 0.600164 : 0
0.53269 0.594975 0.840236 0.335051 0.133423 1 1 0.771783 1 : 0.1
0.478511 0.698687 1 0.0750934 0.95561 -0.191558 0.274946 0.195204 0.129157 : 0.5
0.360205 0.429896 0.345576 0.449988 0.83781 0.861251 0.738083 0.32229 0.276875 : 0.1
-0.370454 0.0225627 0.18882 0.60437 0.947316 0.950389 0.647034 0.907813 -0.0412149 : 0.1
0.603202 0.500755 0.768423 0.367162 0.584214 0.477623 0.210116 0.488213 0.888207 : 0.3
0.692855 0.0757959 0.107864 0.333543 -0.459201 0.614272 -0.197438 0.930266 0.852936 : 0.1
0.574493 0.393215 0.92986 -0.333533 0.650028 0.0992259 0.409403 0.908128 1 : 0
0.636531 -0.653862 0.352405 1 0.719716 0.750204 0.747523 0.384696 0.58584 : 0
0.304592 0.23749 0.218611 0.567385 0.507918 0.53301 0.357021 0.15652 0.293703 : 0.3
0.674063 0.294182 -0.0408134 0.63089 0.129391 0.787614 1 0.627793 0.830951 : 0
0.390127 0.18021 0.600591 -0.0126397 0.160932 -0.153772 0.419972 0.860066 0.447036 : 0
0.81932 0.247685 0.226136 0.504182 0.758911 0.488661 0.514822 0.332919 0.595261 : 0.3
0.177198 0.241793 -0.0897827 0.11565 0.217119 0.778819 0.735509 0.657497 0.264042 : 0.5
0.652204 0.3496 0.465374 1 1 0.702842 0.962989 0.362532 0.247767 : 0.3
0.067697 0.266522 0.395906 0.816246 0.290793 0.927014 1 0.250833 0.0447657 : 0
0.688848 -0.131928 1 0.112832 0.0261666 0.191975 0.374385 0.287795 1 : 0.1
0.487974 -0.664465 0.526334 0.189976 0.827406 -0.176793 1 0.734921 -0.0440646 : 0.5
0.475605 0.248866 0.622836 0.734556 0.573298 0.558731 0.471197 0.297046 0.462745 : 0.1
0.309021 0.322965 0.157628 0.42391 0.257669 0.62056 0.384907 0.545865 0.453941 : 0
0.361982 0.356123 0.82865 0.359253 0.69843 0.072657 0.359196 0.954107 0.263901 : 0.7
0.5726 0.626565 0.51847 0.658637 -0.102875 0.569662 0.142772 0.342424 0.312605 : 0.3
0.864307 0.351597 0.523293 0.145422 0.831936 1 0.170426 0.466988 0.511423 : 0.1
0.174731 0.720476 -0.411528 0.732627 0.169068 0.153824 0.312264 0.581634 0.603627 : 0
0.348262 0.324959 0.419359 0.662076 -0.427573 0.0647316 0.178342 1 0.478218 : 0.1
0.326194 -0.285441 0.0859861 0.85147 0.603961 -0.239221 1 0.73163 0.00366151 : 0.3
0.274985 0.488045 0.701516 0.651863 0.703555 0.676946 0.613435 0.27561 0.07148 : 0.4
0.704127 0.768203 0.256634 0.516768 0.89008 0.390472 0.261229 0.297314 -0.0445328 : 0
0.365121 -0.0573566 0.720219 0.134213 0.277422 0.772556 -0.63115 0.435782 -0.270118 : 0
0.955997 0.109977 0.547023 0.518961 0.388958 -0.066829 0.545736 0.408327 0.952109 : 0
0.580383 0.389989 0.720276 0.338489 0.260627 0.545848 0.47977 0.776852 -0.0222427 : 0
-0.314328 0.696304 0.488061 0.379941 0.389235 0.879319 0.24914 0.816563 0.769603 : 0.4
0.680805 1 0.830285 0.255056 0.53163 0.444905 0.725743 0.240789 0.298792 : 0
-0.122425 1 0.255592 0.237488 0.280189 0.694463 0.067163 1 0.3786 : 0.3
-0.206124 0.390433 0.204059 0.719219 0.293614 0.248243 0.390028 0.894943 0.384002 : 0
0.965817 0.297186 1 0.652874 0.451244 0.824952 0.480286 0.395808 0.34044 : 0.5
0.641112 0.768803 0.714022 0.834814 0.614953 0.400964 0.502661 0.937407 0.0163393 : 0.3
0.794003 0.690957 0.767761 0.466802 -0.05384 0.53268 0.321432 0.265307 1 : 0
0.675952 0.264763 0.130826 0.171727 0.617308 0.487362 -0.336912 0.247271 0.128388 : 0
0.227814 0.155758 -0.671756 -0.186254 0.567701 0.310913 0.469247 0.812464 -0.151796 : 0.6
0.6828 -0.0877337 0.0895948 0.160219 0.617517 0.672355 -0.09084 -0.479056 -0.235381 : 0.2
0.423205 0.84769 0.4139 0.445312 0.6614 0.0591679 0.569221 0.77809 -0.416569 : 0
1 0.0187934 0.337948 0.663602 0.860317 0.339942 0.952296 0.755451 0.0730031 : 0
0.534224 0.913393 -0.0479524 0.575394 0.476876 -0.552363 0.519908 0.893377 -0.0340722 : 0
0.249159 0.379599 -0.359791 0.667579 0.727295 0.72852 0.749966 0.117264 0.537867 : 0
0.278244 -0.0844535 0.747826 -0.0877898 0.282003 0.523196 0.825918 -0.14876 0.418977 : 0.1
-0.652125 0.80217 -0.182643 0.698997 0.804961 0.546343 0.546145 0.651846 0.365103 : 0.3
0.667346 0.29267 0.941267 0.596802 0.352675 0.509542 0.191185 -0.338161 0.709781 : 0.1
-0.0202626 -0.0050551 0.643372 0.437485 0.46432 0.241253 0.968539 0.325586 0.264476 : 0.1
0.100752 0.374898 0.0358286 0.383964 -0.00495222 0.548736 0.371459 1 0.593071 : 0.2
0.203344 0.142679 0.495964 0.251192 0.269904 0.261122 0.172989 0.485816 0.913019 : 0.4
0.460253 0.289978 -0.0454342 0.160431 1 0.655134 1 0.385325 0.587357 : 0.1
0.75892 0.240301 0.398601 0.139044 0.477283 -0.115218 0.449195 0.789318 1 : 0.3
0.372637 0.577184 0.258726 0.0021555 1 0.589731 0.401002 0.181039 0.441821 : 0.1
0.434932 0.183977 -0.084403 0.367212 0.306314 1 0.598436 0.58895 0.701045 : 0
0.233537 0.89857 0.164821 0.53827 0.993388 -0.115357 0.435345 1 0.204198 : 0
0.334458 0.380227 0.0344328 0.876937 0.622832 0.358128 0.561474 0.649587 0.868122 : 0
-0.289982 0.60579 0.574609 0.436117 0.854549 0.557081 0.241562 0.587813 0.980066 : 0.3
-0.22801 0.22669 -0.132671 0.0622626 0.118741 0.83194 0.369699 0.347816 1 : 0.1
0.387368 0.584379 0.551467 0.503076 0.943285 0.542955 0.436592 0.771358 0.557767 : 0
0.614953 0.267171 0.293691 0.405144 0.23167 0.888987 1 0.618937 0.234027 : 0
0.12061 0.411322 -0.000148114 -0.125433 0.42859 0.30369 0.507017 0.274759 0.0367977 : 0.7
0.290752 0.580609 0.86336 0.98703 -0.0217176 0.576116 -0.0182732 0.991704 0.33387 : 0.3
0.902813 0.252265 0.10555 0.347916 -0.39458 0.241904 0.382062 1 0.719221 : 0
0.543368 0.41993 0.826325 0.840327 0.577773 1 0.263237 -0.202805 0.207293 : 0.3
-0.319276 0.440193 0.130124 0.546365 0.755203 -0.169816 0.459658 0.310715 0.4358 : 0.2
-0.0766782 0.746893 0.272147 0.792082 0.478397 -0.188771 0.674437 0.36763 0.416229 : 0.2
0.935266 0.227706 0.526246 0.0735944 0.149688 0.0224622 0.475587 0.438188 -0.159773 : 0
1 0.778573 0.723947 0.691801 0.441581 1 0.63892 0.771576 0.200668 : 0
0.505846 0.179518 0.280275 0.532881 -0.069189 0.415311 0.691638 0.401133 0.508375 : 0
0.391381 1 0.11135 0.453398 0.326432 -1 0.594721 0.715859 -0.0458503 : 0.5
0.076901 0.334129 0.277204 -0.13752 0.205032 0.372033 0.852673 0.678347 0.424718 : 0.1
0.882009 0.642931 0.274412 0.52673 0.180248 1 0.89449 0.803917 0.519127 : 0
0.444034 0.404043 1 0.352444 0.565141 0.435463 0.215673 0.429464 1 : 0
0.0944781 0.32053 0.363454 0.604292 0.18508 0.821846 0.574193 0.632464 0.433963 : 0.1
0.0438411 0.368782 0.0697309 0.182814 -0.0439841 -0.0479475 0.936443 0.578629 0.533523 : 0.2
0.778001 0.421664 0.0960853 0.121763 0.145298 0.49952 0.499596 0.00668676 0.594476 : 0
0.746188 1 -0.141309 0.148651 -0.466539 0.327642 0.701881 0.895575 0.550765 : 0
0.776965 0.0257414 -0.098655 0.300536 0.619384 0.956143 -1 0.233596 0.18846 : 0.3
0.363668 0.481876 0.0477588 0.463011 0.103203 0.905803 0.209743 0.22632 0.462371 : 0.2
0.927522 0.214437 1 0.772394 0.20647 0.841633 1 0.186549 0.571938 : 0
0.287313 0.161488 0.478369 0.0889705 0.149715 0.720494 0.0248775 -0.231435 0.844286 : 0.3
0.48756 0.21561 1 -0.0871273 -0.343658 0.84916 0.562506 0.583594 0.526906 : 0
0.204475 0.657062 0.0286423 0.639134 -0.168107 0.0107952 0.707568 0.455701 0.447375 : 0
-0.260251 0.57254 0.308436 0.362401 0.438948 0.596983 0.39711 1 1 : 0.7
0.433773 1 0.182405 0.591668 0.650688 0.550419 0.454916 0.364577 -0.192804 : 0.3
0.702084 0.577775 0.3548 0.0424594 1 -0.49822 0.962213 0.496764 0.556927 : 0
0.460072 0.320678 0.686962 0.654202 0.233638 0.228569 0.869732 0.684068 0.84859 : 0
0.522338 0.402846 1 0.494934 0.132834 0.32222 0.225971 0.650879 0.896277 : 0.3
0.151764 0.213828 0.145169 0.360764 0.189632 0.236856 0.62941 0.226542 0.545065 : 0.1
0.503747 0.584513 0.358284 1 0.586884 0.569645 0.718782 0.906425 -0.0612719 : 0.3
0.709362 0.563109 0.380909 0.637799 0.555477 0.614703 0.532127 0.343545 1 : 0.1
1 1 0.148667 0.506287 0.885326 0.417293 0.580545 -0.875866 0.122324 : 0
0.0962114 0.112535 0.779202 0.356587 0.263015 0.785891 0.695936 0.574359 0.312021 : 0.2
0.516014 0.432572 0.290949 0.0747196 0.847782 -0.538404 0.884523 0.921033 0.681259 : 0
0.437033 0.428091 0.599906 0.754793 0.367973 0.852322 0.30936 0.159246 0.454789 : 0
0.124227 0.307763 -0.0579752 0.201239 -0.288431 0.844197 0.527155 0.544453 0.475952 : 0.2
0.224615 0.788404 0.253373 0.596285 0.605311 0.630651 0.184602 0.787679 -0.13292 : 0.1
0.0366302 0.768486 0.938414 0.274704 0.0605805 0.0440641 0.815061 0.790139 1 : 0.3
0.568577 0.166405 1 0.546047 0.471858 0.0036884 0.375113 0.980307 0.624584 : 0.2
0.480947 0.227946 1 0.207143 0.916244 0.833295 -1 -0.30812 0.529746 : 0.5
0.18826 0.226277 0.0996505 -0.019366 0.487478 0.646789 0.597045 0.796862 0.326299 : 0.1
0.0631526 1 0.397783 0.626388 0.20001 0.0907794 0.365701 0.733538 -0.119774 : 0.5
1 0.499866 0.26075 -0.122254 0.521987 0.554028 0.423584 0.222041 0.123931 : 0.1
-0.0377569 0.814674 0.414279 0.297246 1 0.726654 0.642603 0.473741 0.550805 : 0.1
0.29098 0.211777 0.492013 0.369303 0.392103 0.752527 0.676964 0.882878 0.349548 : 0
0.457887 0.510164 0.736627 0.417102 0.135918 0.264606 0.709707 0.483591 1 : 0.6
0.0493827 0.361058 0.222684 0.407706 0.87693 0.690569 0.0871086 0.470341 0.329298 : 0.5
-0.256813 0.0429301 0.291562 0.250665 0.228827 0.719282 0.250815 0.556359 -0.635442 : 0.1
0.187429 0.105921 0.696605 0.54649 0.268962 0.584686 0.727036 0.522829 0.208793 : 0
1 0.479108 0.461472 0.586428 0.369123 1 0.66312 0.530055 -0.235192 : 0
-0.0922711 0.744251 0.705317 -0.301955 0.768497 0.216327 -0.0629878 0.962039 0.556214 : 0
0.0735075 0.4714 0.390238 0.460473 0.47429 -0.0724077 0.058409 0.304657 0.118436 : 0.3
0.238546 0.75252 0.423602 0.73504 0.72033 0.154147 0.391279 0.375137 -0.230255 : 0.2
0.0344436 0.47251 0.671433 0.74954 0.858607 0.895115 -0.328 0.0852273 0.389619 : 0.1
0.172782 0.174865 0.443408 -0.0575835 0.657222 0.684769 -1 0.658258 0.0155421 : 0.1
0.955416 0.175266 0.254274 -0.0259392 0.215277 0.368978 0.107675 0.16347 1 : 0.2
0.81221 0.0449401 -0.244373 0.492427 0.644323 0.412142 0.62712 0.170771 0.80162 : 0
0.459697 -0.00781213 0.673368 0.429741 0.324741 1 -0.592619 0.848332 0.824551 : 0
0.694815 -0.106967 0.361009 0.312747 0.277765 0.456838 0.992086 0.384441 0.164054 : 0.2
-0.0745707 0.507203 0.507284 0.279461 0.841478 0.786107 0.247497 0.47607 0.872586 : 0
0.580413 0.141074 0.502412 0.0684461 0.251015 0.382091 0.459225 0.228073 0.730184 : 0.3
0.206302 0.349604 0.889018 0.523095 0.692437 -0.734586 0.459154 0.152684 0.0358365 : 0.1
0.616775 0.309785 0.227377 1 0.699713 1 0.267176 0.294013 0.137456 : 0
0.975839 0.368404 -0.0210124 0.566427 0.118481 0.717352 0.544115 0.107863 0.937989 : 0.1
0.502749 0.588489 0.579643 -0.208771 0.299454 0.205725 0.431325 0.121851 1 : 0.6
0.540328 0.262337 -0.0463164 0.290668 0.263236 0.325807 0.529927 0.520965 0.34028 : 0.2
0.435347 -0.0282314 -0.480985 0.0917777 0.83574 0.484213 0.471469 0.781257 0.839096 : 0
0.694176 -0.131463 0.857914 -0.0603132 0.975248 0.661519 0.407902 0.403366 0.339707 : 0
0.268061 0.360414 0.57453 0.162357 0.849487 0.88362 0.0604866 0.398531 1 : 0.4
-0.777112 0.654128 0.295583 0.370031 -0.54347 0.431258 0.585616 0.458508 0.822193 : 0
0.535875 0.532086 0.644323 -0.197618 -0.0506544 0.921856 0.123167 0.762229 1 : 0.6
0.28682 0.558991 0.557907 0.164631 0.244655 0.5069 0.323638 0.63628 1 : 0.3
0.782881 0.169857 0.0587555 0.493294 0.696849 0.503101 0.848551 0.97204 0.931779 : 0
0.591711 0.633999 0.289879 0.245609 0.636437 0.867271 0.209379 0.425851 0.650943 : 0
0.409626 0.178991 0.790034 0.207403 0.536397 0.373816 0.371271 0.661621 -0.147334 : 0.5
0.495485 0.664884 0.0246168 0.545786 0.462584 0.957728 0.248442 0.273768 0.862755 : 0
-0.202714 0.432684 0.667811 -0.0250271 3.57628e-06 0.906578 -0.376873 0.475841 0.756412 : 0
0.327188 0.356976 0.0594802 0.103369 0.460726 0.107601 0.277608 1 0.735607 : 0
0.627188 0.370902 0.54786 0.240425 0.455701 0.895065 0.58043 0.115747 0.483522 : 0
-0.442441 0.211893 0.526064 -0.116052 0.360674 -0.0750676 1 0.338274 0.512529 : 0
0.806389 0.492149 -0.158934 0.534159 0.414322 0.53936 0.132399 0.702357 0.939292 : 0
0.570101 0.109664 0.0668481 0.265388 0.248095 0.896284 0.237381 0.553266 0.540172 : 0.3
0.0429334 0.688419 0.491728 0.267107 0.44401 -0.347552 0.449856 -0.185583 0.835107 : 0
0.155317 0.476594 0.0377347 0.834788 0.447233 0.78202 0.509781 0.556925 0.547381 : 0.5
0.283226 0.458091 0.436184 0.825555 0.0510228 0.450639 1 0.414765 0.823474 : 0.1
0.383824 0.273844 0.817875 0.194386 0.674062 0.573305 0.970424 0.244368 0.9349 : 0
0.953551 -0.149399 0.329099 0.514133 0.505839 0.278889 0.255353 0.609324 0.22698 : 0
0.0864625 0.79991 0.868278 1 0.818714 0.58582 0.360415 0.525871 0.174435 : 0.1
0.661887 -0.301303 0.140086 0.346975 1 -0.0912758 0.578634 -0.640798 0.374143 : 0.2
0.0331082 0.303319 0.45448 0.550466 0.711428 0.375642 0.82891 0.657351 0.304832 : 0.1
0.538908 0.604939 -0.00330243 0.4767 0.464496 0.73358 0.230241 0.572309 0.348915 : 0.2
0.400879 0.298363 1 0.383594 0.557615 0.835954 0.6957 -0.54815 1 : 0
0.60369 0.291525 0.697775 0.414051 0.919374 0.0673662 0.196853 0.592328 0.460431 : 0
