0.48157 -0.192126 0.962152 0.0561495 0.0285557 0.446705 0.58567 0.0306137 0.244688 : 0
1 -0.145228 0.633659 0.800488 0.0862289 0.169986 0.918968 0.404093 0.899015 : 0.4
1 0.00576028 0.805965 0.496994 0.4853 0.808763 0.484065 0.4898 0.46476 : 0
1 -0.0572826 0.873139 0.251452 0.219199 0.597534 1 0.103958 0.665855 : 0.4
0.647188 0.221467 0.865305 0.295334 0.681748 0.679561 0.292207 0.882791 0.189082 : 0
0.532512 0.151642 -0.0501564 0.482645 0.0186144 0.909956 0.721521 -0.283159 0.866923 : 0.5
0.226709 0.864245 0.407942 -0.339154 0.186072 0.28109 0.734189 0.252479 -0.160007 : 0
-0.387152 0.268559 0.319024 1 0.737554 -0.451087 -0.874165 -0.11811 -0.182133 : 0.4
-0.549915 0.131292 0.260971 0.495012 0.248231 0.629761 0.302975 0.256493 0.171559 : 0.1
-0.0529586 0.546286 0.498919 0.0753478 0.236102 -0.271934 0.595857 0.749671 1 : 0.1
0.347076 0.151088 1 0.515806 0.204238 0.663616 0.463908 0.346558 0.519226 : 0.6
-0.30332 0.521077 0.320109 -0.0160919 -0.06118 0.720698 0.381643 0.218268 0.593822 : 0.1
-0.695007 0.581114 0.431101 0.187142 0.444208 -0.0268151 0.643307 0.595253 0.407272 : 0.3
0.53227 0.445701 0.248027 -0.468694 0.543005 0.685288 0.434342 0.361227 0.296343 : 0.5
-0.0158871 0.254511 0.856005 0.404246 0.0464642 0.741459 0.269402 1 0.460989 : 0.3
0.423468 0.56768 0.452012 -0.283293 0.669011 0.412708 0.174368 0.433889 -0.0372796 : 0
0.588509 -0.146744 -0.22404 0.480925 1 0.655851 0.524345 0.323698 0.625024 : 0.5
0.316961 0.0500579 0.736652 1 0.260203 0.503896 0.582824 0.417913 0.77209 : 0.4
1 0.0993995 0.499264 0.551376 0.234408 1 -0.0522027 0.436637 0.4818 : 0.4
0.00982968 0.323165 0.829089 0.525119 0.482683 0.90076 -0.0636772 -0.0794627 0.146447 : 0
0.674635 0.154082 0.63254 0.26825 0.647495 0.37593 0.640178 0.636633 -0.926644 : 0
0.712861 0.533726 0.510967 0.704823 0.344831 -0.0844063 0.695741 0.665245 0.482866 : 0.2
-0.194057 1 0.856615 0.342798 0.0465152 0.702231 0.407832 0.873871 0.601337 : 0.5
0.849045 0.0719967 0.373062 0.379411 0.553018 -0.324351 0.666801 0.247572 0.185793 : 0
0.922955 0.340295 0.644837 0.616634 0.595787 0.839765 0.407597 0.578894 1 : 0.4
1 -0.395037 0.402493 0.748202 0.538159 -0.811379 0.560031 0.961487 0.307137 : 0
0.373661 0.229878 0.558212 0.28406 0.000142261 0.536657 0.787409 0.518212 0.345518 : 0.6
1 0.092134 0.343311 0.16755 0.800564 0.8139 0.697583 0.161054 -1 : 0.3
0.625811 0.948888 0.710822 0.853783 0.188443 0.109239 -0.189623 0.817055 0.575219 : 0.1
0.464408 0.00925556 0.566574 0.729737 0.822322 0.0351053 0.295318 0.567949 0.188682 : 0.6
0.296141 0.0751125 0.250611 0.227111 0.154306 0.538987 0.402699 0.303037 0.776066 : 0
0.269295 0.283304 0.792018 0.42731 0.235732 0.834481 0.413116 0.792961 0.30152 : 0
0.6622 0.081065 0.52651 0.302236 0.164374 0.747564 -0.560945 0.60327 0.0425532 : 0
0.356795 0.0506098 1 -0.00721627 -0.354123 0.890681 0.269104 0.722117 0.415401 : 0
0.427856 0.368604 0.464374 0.564746 0.872316 0.9405 0.338043 0.0852592 0.0757699 : 0
0.336211 0.147145 1 0.402089 0.496549 0.707828 0.437323 -0.0083881 0.0666639 : 0
1 0.114881 0.662116 1 0.156765 0.700759 1 0.377462 0.423357 : 0.1
0.480938 0.232694 0.700403 0.343424 0.498737 0.848421 0.225432 0.203449 0.994626 : 0.1
0.602974 0.489861 0.065091 0.809858 0.167815 -0.347453 0.259126 0.654742 0.400788 : 0.1
0.215783 0.231526 0.598393 0.737702 0.378166 0.811301 0.523044 0.98608 0.728824 : 0
1 0.855051 0.442841 1 -0.210714 0.496621 -0.449486 0.535407 1 : 0.5
0.545602 0.578409 0.520125 -0.128739 0.449646 1 0.205781 0.511927 0.422491 : 0
0.863149 0.135717 0.34083 0.140143 0.645032 0.726538 0.219306 0.0904423 1 : 0
1 0.00310303 -0.00562993 0.659165 1 -1 0.845191 0.711189 -0.235326 : 0.3
-0.61876 0.571358 0.709668 0.607264 0.178384 0.238494 0.531846 0.158721 0.721141 : 0
-0.0603075 0.126361 0.453107 0.751588 0.282139 0.790671 0.350022 0.214794 0.270317 : 0.1
-0.22219 0.469458 0.855517 0.264282 0.791886 1 0.0314938 0.0541691 0.0851826 : 0
0.33881 0.2768 0.404009 -0.202065 0.486802 0.826941 0.626241 0.636351 0.381479 : 0.5
1 0.331387 -0.19774 0.132558 0.529048 0.467249 -0.125189 0.606745 -0.256081 : 0.5
0.377368 -1 0.354843 0.303709 0.714072 0.675273 0.00988394 -0.526203 0.0254646 : 0.6
0.562258 0.479908 0.887137 0.287432 -0.709696 1 0.152232 0.255387 0.329053 : 0.1
1 0.0597601 0.990109 0.131445 0.143695 -0.120336 0.273879 0.85752 -0.186282 : 0.3
0.878776 0.507928 0.630645 0.535324 0.07908 0.935084 0.5785 0.204854 -0.238105 : 0.3
-0.126061 0.0114099 0.767777 0.967407 0.549015 0.219857 1 0.960082 0.518125 : 0
0.0898593 0.936463 0.708468 0.433318 0.517876 0.0321966 0.509376 0.295983 0.324078 : 0
0.108304 -0.228682 0.869277 0.533439 0.183361 0.549749 0.346406 1 -0.505438 : 0.3
-0.654857 1 1 0.52958 0.0231742 0.340865 0.442526 0.286788 0.83319 : 0.1
0.0917211 0.109075 0.379102 1 0.208178 0.634858 0.0873856 0.675629 -0.0641651 : 0.4
-0.198403 -0.173774 0.50994 0.913626 0.550248 0.659178 -0.507777 0.840809 0.302938 : 0.1
0.0903575 0.395806 0.662069 0.834643 0.572058 0.37763 0.177826 0.630334 -0.103744 : 0
0.818179 0.554601 0.373601 1 0.541544 0.250512 1 0.183961 0.720832 : 0
0.481542 -0.293631 0.781261 0.570854 0.1324 0.789618 -0.635618 0.794132 0.927414 : 0
-0.452558 0.326489 1 0.158715 0.39462 0.280369 0.23944 0.733146 0.079041 : 0
-0.126154 0.139715 0.295021 -0.0523615 0.778282 0.840652 0.59713 0.601782 0.989983 : 0.2
0.572919 0.416652 0.461847 0.239437 0.502868 -0.634729 0.935923 0.836488 0.421329 : 0.1
-0.253274 0.724237 0.0443323 0.050262 0.186302 0.0620363 0.739531 0.677244 0.408672 : 0.4
-0.582714 0.14302 0.270706 -0.0672928 0.873561 0.749093 1 -0.0899335 -0.812837 : 0.1
0.544706 0.394029 0.216704 0.304881 0.554894 0.462717 0.316959 0.996879 0.55854 : 0.3
0.18257 -0.129022 1 0.42976 0.373094 0.634152 0.105912 0.653701 0.408597 : 0
0.671843 -0.49234 0.576813 0.673135 0.539924 0.433742 0.303065 0.670723 0.0553107 : 0.1
0.41733 -0.223138 0.707809 0.453789 0.0915035 0.619881 -0.215209 0.0326849 1 : 0.5
0.426186 -0.116597 -0.2985 0.6096 0.618643 0.358295 0.745623 0.804742 1 : 0
-0.84048 0.0690329 0.697719 0.381688 0.129312 0.0951072 0.469428 0.810408 0.681627 : 0
1 -0.485095 0.414757 0.153608 0.50111 0.0216606 0.729566 0.180988 0.133551 : 0
0.190895 0.42252 0.303297 -0.0444864 0.0373674 -0.172661 0.563599 0.984941 0.772815 : 0
0.664039 0.493928 0.684297 -0.321032 0.104853 0.258941 0.152806 0.319817 0.59993 : 0.4
0.395034 0.421697 0.730707 0.463444 0.211566 0.515507 -0.345365 0.0798059 -0.166372 : 0
-0.577474 0.632518 0.476956 0.267764 0.388573 -0.125241 0.390697 0.746592 0.393076 : 0.3
0.326438 0.183824 0.91169 0.183616 0.460045 0.913309 0.440581 0.367931 0.797522 : 0.4
0.844309 0.658036 0.351459 0.048005 -0.545569 0.865398 0.878578 -0.155238 0.150913 : 0.1
0.745173 0.277092 0.344514 0.530303 0.454537 0.576261 0.205484 0.315908 0.449064 : 0.1
0.553455 0.0723687 0.507956 0.824266 -0.0741621 0.880641 -0.702112 0.449433 0.930708 : 0
0.861418 0.789758 0.61343 0.804678 -0.497412 0.353485 0.549772 1 0.173769 : 0
0.502172 0.428047 0.995856 -0.516532 0.331824 0.769165 0.157946 -0.221054 0.240849 : 0
-0.220496 0.0526719 0.262488 0.586358 0.468488 0.643316 0.367804 0.682957 0.231678 : 0.1
0.871034 -0.0549054 -0.516716 0.358983 0.923152 0.623146 1 0.78989 0.72851 : 0
0.943242 0.154749 0.353104 0.597774 0.629497 0.447171 0.357477 1 1 : 0
-0.809846 0.292861 -0.09486 0.110386 1 -0.210458 -0.00539894 0.669775 0.540174 : 0.1
0.706792 -0.0139462 0.869414 0.292947 -0.223156 0.579128 0.9831 0.424187 1 : 0
1 0.181509 0.835531 -0.0781669 0.0692505 0.588871 0.330929 0.0340498 1 : 0.1
-0.375096 0.0270358 0.133561 0.694977 0.199315 0.869937 0.653666 1 -0.126557 : 0.2
0.135744 0.513274 0.322339 0.319395 0.37105 0.904323 0.442041 1 0.855575 : 0
0.46535 0.900147 -0.486352 0.546607 0.416497 -0.957078 0.601862 0.650034 0.613462 : 0.4
1 0.336659 0.538056 0.127854 0.324675 -0.0646912 0.230753 0.396095 0.208991 : 0
0.678788 0.0930797 0.562775 0.51658 0.378744 0.619793 0.804016 0.678613 1 : 0.4
-0.55203 0.45796 0.369698 0.701721 0.37375 0.703637 -0.319586 0.986424 -0.12176 : 0
0.385202 0.161352 -0.155013 0.852432 0.772188 0.727426 0.0833635 0.069009 0.235069 : 0.5
0.710558 0.490641 0.242192 0.864363 0.236016 0.540473 0.506411 0.369461 0.284748 : 0.3
0.428528 0.522241 0.00810404 0.497333 0.568549 0.711619 -0.9949 0.249063 0.349963 : 0.2
0.228248 0.162834 0.2592 -0.188905 0.61988 0.366538 -0.00827628 0.309451 0.307417 : 0.3
1 0.608755 -0.247806 0.46231 0.619876 0.779687 0.544432 0.47921 0.176542 : 0
0.477822 -0.488645 0.659362 0.617872 -1 -0.411761 0.727081 1 0.771634 : 0.4
0.187955 0.166547 0.799985 0.118624 1 0.827115 -0.219361 0.284068 0.660752 : 0.2
-0.205739 0.0400351 0.415616 0.511594 0.329845 0.627775 0.354955 0.104415 0.221734 : 0
0.436598 0.412383 0.505669 0.168546 0.403437 0.558152 -0.0223344 0.506352 0.561315 : 0.1
-0.914508 0.0566494 0.197582 0.425374 0.772961 0.724092 0.426491 0.485933 0.403946 : 0.4
0.957018 0.442302 0.581317 0.646544 0.671265 0.496347 -0.316513 0.800034 0.0178401 : 0.5
0.558795 0.220559 -0.189148 0.767775 0.303264 0.254059 0.836301 0.315869 -0.206553 : 0
0.53316 0.382395 -0.22646 0.741875 0.519609 0.408509 0.549193 -0.0109066 0.737078 : 0.2
-1 0.249768 1 0.543833 0.305408 0.00696891 0.536037 0.565212 0.571715 : 0.2
0.0141869 0.287531 0.816283 0.564693 0.319729 0.975094 0.387663 0.289173 0.821099 : 0.1
0.278254 1 0.784742 0.519925 0.424117 0.528341 0.236447 0.0995537 0.721715 : 0.3
0.344712 0.188851 0.193053 0.386983 0.581924 0.07927 0.997542 0.841806 -0.952487 : 0
0.465475 0.840144 1 0.783026 0.214039 0.692283 0.686106 1 0.407937 : 0
0.947362 0.15738 -0.163253 0.239023 0.531983 0.0660643 0.135678 0.289082 0.231952 : 0.2
1 0.536513 0.43057 -0.297241 0.551279 0.512397 0.929425 0.942879 1 : 0
0.288502 0.169428 0.795745 1 0.502606 0.488809 0.451608 0.450446 0.991733 : 0
0.954583 0.45326 0.101257 0.0568865 0.25313 0.279436 0.590043 0.154395 0.399021 : 0.1
0.323746 0.422452 0.662005 0.230001 0.162423 0.996248 0.422959 0.854377 -0.0951316 : 0.6
0.808797 0.689546 0.552146 0.485719 -0.166851 0.508039 0.901542 0.305229 0.534633 : 0.6
0.276159 -0.837117 0.369606 0.415549 0.676478 0.467337 0.764264 -0.0173755 -0.0359827 : 0
0.740093 0.863177 0.142077 0.781649 0.166818 0.739949 0.110371 0.610529 0.495615 : 0
0.204403 0.397853 0.349742 0.256815 0.700342 1 0.71217 0.711131 0.391174 : 0.2
1 1 0.700262 -0.0739467 0.712455 1 0.224785 0.476032 0.10491 : 0.3
0.013565 0.37922 0.796321 0.716015 0.335475 0.484011 0.250554 0.604041 0.555744 : 0.1
0.947864 0.0594239 0.421172 0.606341 0.284054 0.829679 0.40187 0.670331 0.650876 : 0
0.557804 0.30424 0.914527 0.521231 0.779546 0.418529 0.709168 0.682799 0.437936 : 0
0.814168 -0.0698647 0.0551984 -0.015434 0.223019 0.752736 0.374932 0.75509 1 : 0.1
-0.397787 0.124255 0.417829 0.200682 0.692171 -0.0316778 -0.514597 1 -0.127363 : 0
-0.392387 0.372323 -0.133403 0.977369 0.303884 0.69857 -0.0407284 -0.0998233 0.199411 : 0
0.793763 0.0522012 -0.272823 0.455271 0.289875 0.600584 0.429777 0.457931 0.883767 : 0
0.39748 0.554692 -0.068612 0.50337 0.62596 0.403801 0.448324 0.511964 -0.249096 : 0.3
0.531747 0.0579179 1 0.185476 0.333377 0.701103 0.392161 0.560211 0.420327 : 0.4
0.020204 0.182378 0.280609 0.444287 0.781959 0.272285 0.664789 0.526543 0.650467 : 0.1
0.54503 0.282545 0.199263 0.470172 0.143672 0.145151 -0.221366 0.581325 0.646296 : 0
0.22024 0.234233 0.353503 0.520762 1 0.745035 0.20433 0.632697 0.475396 : 0.3
1 0.33502 0.728827 0.918853 0.413039 0.565911 0.849444 0.661505 0.291623 : 0.5
0.440209 0.198892 0.528267 0.417152 0.612607 0.694139 0.390985 -0.0335019 -1 : 0.1
0.447246 0.424833 0.707273 0.459998 0.353572 0.917673 0.0102826 0.703073 0.700938 : 0.2
0.63491 0.685754 0.591837 0.15348 0.5574 -0.888803 -0.026008 -0.115078 0.784213 : 0.3
0.157378 0.91416 0.648512 0.292458 0.117421 0.274842 0.174213 -0.160592 0.363502 : 0.3
0.218809 0.432289 1 0.77766 0.750672 0.661066 -0.0992904 0.297463 0.127515 : 0.3
0.640351 0.609341 0.21927 0.709194 0.541436 0.356703 0.995389 -0.056408 0.778438 : 0
1 0.422059 0.539936 0.574803 -0.622277 0.307212 0.30652 0.800736 0.0671687 : 0.2
0.618655 -0.0621031 0.201977 0.52947 1 0.141527 0.340551 0.501935 0.418161 : 0.2
0.757094 -0.264781 0.887194 0.651282 0.657992 1 -1 0.892275 0.472376 : 0.5
0.219986 -0.0409241 -0.34395 0.264581 0.715781 -0.184527 0.24322 0.634619 -0.0198635 : 0
-0.320033 -0.287445 0.745446 1 0.65643 0.568723 0.298286 0.748878 0.221604 : 0
0.493101 0.612525 0.515056 0.552491 0.567155 0.427081 0.575156 0.730184 1 : 0
-0.238125 0.332737 0.588023 0.145924 0.515698 0.54098 0.900252 0.0416042 -0.0098535 : 0.5
-0.609464 0.519372 0.630336 0.569071 0.845113 0.592845 0.181979 0.481404 0.345794 : 0.2
0.853945 -0.0122933 0.567432 0.27767 0.30845 0.405996 0.641013 0.195524 0.17033 : 0.1
0.921423 0.206567 0.814506 0.788534 0.634335 0.375875 0.743392 0.384341 0.528018 : 0.1
0.266092 0.110721 -0.361775 0.373272 0.858968 0.266557 -0.0779446 0.481375 0.132123 : 0
-0.12395 0.529703 0.413314 0.332556 0.157505 -0.218185 0.476237 0.820819 -0.0625891 : 0
0.307966 0.117933 -0.17338 0.211887 0.842288 0.503204 0.620775 0.211749 0.119292 : 0
0.769538 -0.216897 0.539721 0.12829 0.256232 0.116815 0.569836 -0.149192 0.582088 : 0
0.572238 0.220544 0.0537088 0.288497 0.703681 -0.535644 0.279842 0.168162 0.279301 : 0.2
0.480327 0.111224 0.500417 0.754231 -0.360264 0.821426 0.187086 0.252496 0.995182 : 0
0.67248 0.178842 0.788394 0.438753 0.435053 1 0.363963 0.690085 -0.433982 : 0.4
0.270215 0.16181 0.378248 0.684253 0.967386 0.145564 0.796581 0.566787 0.482061 : 0
-1 0.670697 0.0948718 0.0193577 1 0.53843 0.272818 0.744817 0.277397 : 0.3
0.335072 0.967397 0.572628 0.906028 0.198945 0.572816 0.821468 0.273786 0.375436 : 0
0.725102 0.0817319 0.376944 0.477773 0.370324 0.381436 1 0.403575 0.677724 : 0.4
1 0.310298 0.304522 0.569229 0.209905 0.479945 0.345212 0.952045 -0.181761 : 0
-0.440823 0.188616 0.543231 0.19547 0.359145 0.408593 0.483983 0.96959 0.305403 : 0
0.54873 -1 0.472683 0.521599 0.625018 -0.805299 0.522952 0.773624 0.140454 : 0
0.761627 0.0815364 0.299592 0.0165732 0.0692873 0.453678 0.577931 -0.0649947 0.720264 : 0.2
0.978911 0.393593 1 -0.106957 0.92559 0.667641 0.112467 0.599708 0.0313501 : 0.1
0.716219 0.948002 0.26586 0.292634 0.926806 0.353619 0.516002 0.66456 0.841042 : 0
0.939031 -0.440348 0.827117 0.922213 0.151447 0.397776 -0.561186 -0.158961 0.135016 : 0.1
-1 0.0867616 0.501139 0.951681 0.200179 0.510113 0.528315 -0.135 0.402691 : 0
0.609463 0.227667 0.917975 0.223549 0.638864 1 0.504372 -0.863126 -0.379119 : 0
0.585061 0.0905148 0.561405 0.410991 0.199727 0.944161 0.686098 0.505605 1 : 0
0.289608 -0.38693 0.0463996 0.446584 1 0.809781 0.66611 0.521541 1 : 0.4
0.900963 -0.558118 0.570031 -0.0891366 0.441873 -0.466381 0.450434 -0.550192 0.825871 : 0.3
0.378317 -0.0338591 0.342061 0.144392 0.666267 0.550597 0.213532 -0.00827087 0.919032 : 0.2
0.220401 1 0.621083 0.352645 1 0.672212 0.951569 0.0441845 0.175361 : 0
0.75772 0.15806 0.119213 0.69546 0.934988 0.224503 0.475464 0.372084 0.439155 : 0.5
0.587472 0.140828 0.397004 0.616806 0.285261 0.368119 0.114438 0.789171 1 : 0.5
0.511308 0.943155 0.709066 0.188547 0.677885 -0.16935 0.108544 -0.545408 0.0858192 : 0
0.56108 0.138749 1 0.474932 0.0154322 0.803197 0.647279 0.581444 -0.258831 : 0.2
0.789375 -0.0164076 0.698654 1 0.461405 0.765693 0.258844 0.168098 0.334321 : 0.3
0.825227 0.956545 0.412966 0.615186 0.624686 0.786922 0.248267 0.483314 0.302323 : 0.7
0.259922 -0.0259014 -0.423687 0.288628 0.630828 0.216327 0.418379 0.292298 0.558758 : 0.6
0.772214 -0.0535803 1 0.527363 0.0176617 0.280979 0.66377 0.274556 -0.711956 : 0
0.341593 0.362907 0.258859 0.339658 0.12648 0.575461 0.540468 -0.145208 0.522196 : 0
1 0.478204 0.328281 -0.292951 0.761752 0.483368 -0.219736 0.152816 0.0855735 : 0
0.403028 0.49307 -0.332325 0.644863 0.300557 0.689684 0.376262 0.482752 0.506888 : 0.1
0.507489 0.366566 0.879414 -0.565755 0.325423 0.642242 -0.934704 0.308633 0.672694 : 0
1 0.346571 0.0175903 0.903972 0.766078 0.975345 0.400503 0.695211 0.67567 : 0.2
0.668765 0.200241 1 0.570545 0.71758 0.107187 0.536631 0.670523 -0.708519 : 0.2
0.487274 0.344835 0.329023 0.233289 0.657613 1 0.0774301 1 0.177811 : 0
1 0.700397 -0.0373432 0.638841 0.225341 -0.0757192 0.232432 0.684499 0.360793 : 0.2
0.474569 0.396919 0.850971 0.703496 0.402659 0.744111 -0.494915 0.622446 0.545976 : 0.3
0.644031 0.0923089 0.765306 0.302227 0.106227 0.897058 0.146277 0.177957 0.898914 : 0
0.406975 0.0687117 0.0482074 -0.0631278 1 0.606105 -0.151484 0.659923 0.46912 : 0
0.070533 0.28458 0.395332 -0.0716881 -0.366491 0.710758 0.414124 0.412597 1 : 0.1
0.858979 0.276432 0.982969 0.271593 0.650214 0.539279 0.665821 0.325145 -0.0144924 : 0.1
1 0.829993 0.484655 1 0.428405 0.762646 0.195897 0.586802 0.664448 : 0.1
0.365845 -0.403747 0.296683 0.313329 0.699311 -1 0.163988 -0.856379 0.152582 : 0
0.717582 -0.0277205 -0.262276 0.707435 0.629177 0.756896 0.178674 0.321267 -1 : 0
-0.603515 0.0447139 0.539395 0.804637 0.207831 0.359059 0.516993 0.0729326 0.466687 : 0.1
-0.0533055 0.450461 0.0506041 -0.20244 0.180881 0.881476 0.603355 0.988986 0.906872 : 0.5
0.528933 -0.0918455 1 0.644421 0.53733 0.220716 0.0162891 0.475033 -0.0313321 : 0.5
0.997527 0.219216 1 0.355442 0.238198 1 0.0286965 0.246967 0.921479 : 0.3
0.85042 0.821313 0.271759 0.394357 -0.143031 0.125413 1 0.502189 0.340808 : 0.1
0.411073 0.345535 0.508593 0.691648 0.273002 -0.867022 -0.0224687 0.301416 -0.504889 : 0.3
0.253943 -0.0349119 0.857564 0.577817 1 0.520359 0.251474 0.488087 0.159237 : 0.3
1 0.163182 0.925508 0.496123 -0.0530909 0.641486 0.346541 1 0.429599 : 0
0.768426 0.124408 0.205276 0.357742 0.500202 0.443622 0.732369 0.491129 0.432914 : 0
0.878295 0.0382909 0.443247 -0.581147 1 0.763762 0.270046 0.364712 0.248893 : 0
-0.183327 0.273767 0.784652 0.23111 0.464151 0.425919 0.311782 0.737949 0.404574 : 0.5
0.501618 0.509171 0.748023 0.85587 0.652067 0.269922 0.235697 0.663433 1 : 0
0.625204 0.239241 0.938483 0.676066 -0.0160455 0.964562 0.328784 0.603663 -0.328711 : 0
0.959946 0.650569 0.401353 0.683188 0.397491 0.659949 1 0.273024 0.33158 : 0.1
1 0.571444 0.671747 0.741579 0.285465 0.752556 0.468811 0.729182 0.471366 : 0.5
-0.533531 -0.536813 0.0924542 0.132593 0.460166 0.779873 0.397556 1 1 : 0.5
0.868859 -0.0633761 0.635542 0.762603 0.149134 0.666218 1 0.687412 0.634767 : 0.4
1 0.632534 0.590447 -0.0512862 0.285945 0.173369 0.433157 0.728939 -0.0850926 : 0.1
0.160635 0.209639 0.543024 0.649411 0.48645 0.637736 0.420675 0.43769 1 : 0
0.0241039 0.668082 0.540436 0.446762 0.4918 0.666562 0.821587 0.767609 0.772166 : 0.1
-0.179366 -0.000309229 0.315701 -0.118624 0.212299 1 0.432997 1 0.609507 : 0
1 -0.0896236 0.250948 0.920285 0.482177 1 -0.569231 0.452014 -0.268488 : 0.3
0.650009 0.285328 0.60861 0.520473 0.253481 0.606704 1 0.320334 0.57788 : 0
0.897296 0.126536 0.390293 0.0815167 0.0859928 0.681235 -0.583108 -0.00695941 1 : 0
0.325875 0.140615 0.0998783 0.596829 0.553565 0.805548 -0.268627 -1 -1 : 0
0.539373 0.254503 0.663898 0.48287 0.0733471 0.223256 0.64586 -0.252242 -0.234591 : 0.3
0.952947 0.254227 0.532683 0.817307 0.123409 0.677988 0.571834 0.656163 0.393825 : 0
0.465591 0.524243 0.608299 0.503691 -1 0.71719 -0.275464 -0.132895 0.942843 : 0
0.579206 0.456079 0.354602 1 -0.0468774 0.0249964 0.00653573 0.628713 0.826217 : 0
0.272017 0.662827 0.438867 0.353759 0.325079 -0.22381 0.254464 0.784516 0.683636 : 0.1
-0.735328 0.711799 0.00912204 1 0.344718 -0.241686 1 0.72378 0.179372 : 0
0.226817 0.250876 -0.0260485 0.297313 1 0.718667 0.432789 -1 0.377225 : 0
0.471599 0.707989 0.653182 0.660288 0.156671 -0.556655 0.797122 0.872875 -0.327172 : 0
0.438254 0.148807 0.49807 0.257916 0.401076 0.633437 0.964884 0.607526 0.404735 : 0.5
0.718633 0.426621 1 -0.252631 0.302048 0.208454 0.527449 0.66506 0.178112 : 0
0.279008 0.080413 0.517107 0.700477 0.206437 0.384177 0.894812 0.447017 0.30214 : 0
1 0.293529 0.22738 0.395341 0.397462 0.219052 0.579336 1 -0.404682 : 0.5
-0.24212 0.176898 0.743295 0.483337 0.531124 1 0.373349 0.6865 0.854553 : 0.6
0.734693 0.170262 0.292222 0.449019 0.511276 -0.131776 0.158696 0.477102 0.295871 : 0
-1 0.991468 0.149634 0.20784 0.308115 -0.0330157 0.195282 0.713612 0.688058 : 0
0.0515368 0.655862 0.662515 0.490214 1 0.242171 0.39431 0.888697 0.846242 : 0.1
-0.358921 1 -0.0159613 0.124241 0.661757 -0.522175 -0.0702932 0.766331 0.460688 : 0.1
0.451265 0.0441692 -0.315662 0.425496 0.477423 0.795937 0.119733 0.232514 0.530692 : 0
0.49279 0.361305 0.763969 1 0.260237 -0.0392946 -1 0.0743583 1 : 0.3
-0.183474 0.280711 0.317684 0.736855 0.0823196 0.832663 -1 0.3477 0.860181 : 0.3
0.795057 0.0295513 0.502562 0.416588 0.621212 0.6395 0.613572 0.506008 0.462076 : 0.3
0.577065 0.393238 1 0.0516079 0.481715 0.708289 0.749949 1 1 : 0
0.289636 0.678094 0.702042 0.123505 0.000643879 0.484419 0.154576 0.732615 1 : 0.2
0.373754 -0.0307603 -0.248258 0.059213 0.503248 0.6415 0.124122 1 -0.126534 : 0.2
-0.762273 0.384204 1 -0.0065683 0.493725 0.860358 0.41546 0.402655 0.611137 : 0.5
0.283854 0.578315 1 0.411299 0.17704 0.48975 0.602826 0.894767 -1 : 0.3
-0.0185064 0.421786 0.657573 0.865919 0.333772 0.121612 0.413004 0.554056 -0.184628 : 0
0.42651 0.559486 0.921036 0.112917 0.237843 0.761968 0.513827 -0.0562139 0.314166 : 0
-1 0.280823 0.539297 1 0.319839 0.756867 0.326492 0.20848 1 : 0
0.793121 0.372668 0.806059 0.723253 0.183024 0.133379 0.126415 0.689848 -0.532186 : 0.5
-0.448396 0.202906 0.592801 0.347606 0.299072 0.328394 0.808116 0.230017 1 : 0.3
0.600812 0.978434 -0.563441 0.541428 0.390421 -0.786388 0.623043 1 0.983401 : 0.5
1 0.504474 0.514573 0.300857 1 0.458764 -0.293533 0.612158 1 : 0
-0.129536 0.52972 0.0952837 0.742714 0.2061 1 0.636943 0.104145 0.123021 : 0.5
-0.172662 0.562099 0.427915 0.47172 0.363478 0.531441 0.447199 0.950192 0.706254 : 0.1
0.495888 0.843739 0.566586 0.363608 0.424193 1 0.729127 0.822669 0.158706 : 0.3
0.266639 0.435618 0.490639 0.79395 0.238215 0.891435 0.301587 0.277928 0.0703334 : 0.3
0.362595 0.497268 0.740249 0.961891 0.638938 0.816821 0.44101 -0.393463 0.161458 : 0.6
0.411765 1 0.209639 -0.117799 0.24675 0.352416 0.557778 0.523265 -0.0151106 : 0.3
0.444489 0.677748 0.156284 0.736348 0.482342 0.358994 0.250568 0.504277 0.599564 : 0.1
0.342041 0.523949 0.853514 0.506584 0.491746 0.423038 0.430313 0.454883 0.382805 : 0
0.0116345 0.438263 0.291587 0.293661 0.724387 0.436127 0.423535 0.130678 0.0442845 : 0.1
-0.542585 0.316801 0.484373 0.366393 0.417517 0.339899 0.20203 0.554436 0.30856 : 0.1
0.903386 0.019264 0.153607 0.609422 0.779694 0.381221 -0.201999 0.364051 0.114285 : 0.4
0.563724 0.269792 0.320611 0.633468 0.0995354 0.508709 0.47569 0.151972 -0.40967 : 0
-0.215374 1 0.609952 -0.260191 0.720919 0.165685 0.400748 0.689021 1 : 0
0.0215501 0.309262 0.134443 0.376716 0.581029 1 0.162288 0.648966 0.150842 : 0.2
-0.355678 0.184219 0.105131 0.624365 0.699958 -0.739181 0.147463 0.511024 0.701436 : 0.2
0.326828 0.558668 0.144978 0.269082 1 0.615491 0.265811 0.654571 0.325407 : 0.1
1 0.79563 0.698036 0.421858 0.278643 0.405966 0.772118 0.429768 0.396076 : 0.7
1 0.315375 1 0.599243 0.476328 0.296843 0.562438 0.315331 0.368351 : 0.3
0.653512 0.547431 0.538061 0.949802 0.473899 0.767661 0.536235 0.558761 0.184953 : 0
0.600874 -0.0827382 0.682696 0.365075 0.60769 0.843251 0.323067 -0.308756 0.186573 : 0
0.150849 0.805014 0.135585 0.459759 0.664549 0.00832577 0.144909 0.82877 0.929823 : 0
0.116175 0.178142 0.635824 0.292722 -0.478384 0.419007 0.267914 0.166216 -0.179161 : 0
0.747988 0.362181 0.949558 0.507566 0.606583 0.52024 0.427833 0.428555 0.112525 : 0
0.438384 0.19378 0.16234 0.200566 0.434667 0.418573 0.398425 0.325632 1 : 0
0.619511 -0.0825964 0.33298 0.565063 1 -0.181019 0.40733 0.0700625 0.261948 : 0.1
1 0.649637 1 -0.981406 0.549162 0.383058 0.522746 0.799935 0.676145 : 0
-0.109145 -0.122926 0.380533 0.793157 0.35333 0.835688 0.894002 0.374748 1 : 0.6
0.461848 0.925428 1 0.318919 0.618622 0.805047 0.177295 0.770658 0.796021 : 0
0.539523 0.394737 0.485684 1 0.505695 0.685851 1 0.393521 0.508851 : 0.5
0.990855 0.165963 0.665682 0.886321 0.0796784 0.656671 0.271724 0.145818 0.634058 : 0.3
-0.322744 -0.95421 0.644351 0.108421 0.685659 -0.167877 0.577888 0.277579 -0.0709103 : 0.5
0.743094 -0.0156166 0.400003 0.0434487 0.22586 0.526854 -0.230617 0.214554 0.482598 : 0.1
-0.0424196 0.652772 -0.151745 0.361887 0.142916 0.768223 0.888752 0.880777 0.0314538 : 0.6
-0.134266 -0.195607 0.601368 0.639455 -0.566154 0.707688 0.290374 0.394331 0.575987 : 0
0.473253 0.283075 0.5432 0.944474 0.225413 0.486281 0.910619 0.719645 0.00964273 : 0.4
0.488946 0.868841 0.320947 0.337168 0.610069 -0.225163 0.705584 0.865693 0.121108 : 0
0.44612 0.0920176 0.1072 0.120518 0.137433 0.145404 0.567004 0.560548 0.159991 : 0.1
0.430294 0.805818 0.423608 1 0.622514 0.744642 -0.146621 0.361636 0.0293846 : 0
0.584705 0.00837839 0.912697 0.670203 0.367226 0.98113 0.553229 1 0.917627 : 0
0.824527 0.465062 0.223427 0.72633 0.475336 0.328327 1 0.857292 -0.306778 : 0
0.448755 0.44279 1 0.516815 -0.06163 0.72677 0.612337 0.487573 1 : 0
0.0625395 1 0.208714 0.167116 0.189084 0.293484 0.749187 -0.779535 0.162713 : 0.2
0.312799 -0.0152085 -0.183732 0.308064 0.299073 -0.745653 0.18033 0.556729 0.25756 : 0
-0.558264 0.343939 0.273747 0.151134 0.182726 -0.462546 0.784777 1 1 : 0
0.842029 0.37186 0.852219 0.391812 0.579654 0.681783 0.604327 -0.268723 -0.214803 : 0.1
0.913425 0.225619 0.570305 0.589692 -0.253235 0.316854 0.520099 0.965824 -0.23094 : 0
1 0.683114 1 0.0644709 1 0.396623 0.0683004 0.446683 0.154834 : 0.1
1 0.277962 0.259976 0.549208 0.516412 1 0.421285 0.891051 0.135285 : 0.2
0.45191 0.459324 1 -0.0238051 0.3286 0.727906 0.0520256 0.340987 -0.215715 : 0.6
0.51681 0.732249 1 0.715952 0.479866 0.306065 -0.472866 0.142321 0.742356 : 0.7
0.409333 -0.0916515 0.2952 0.485428 0.516814 0.792422 0.686006 0.583928 -0.0875076 : 0.1
0.700784 0.711225 0.174579 0.11484 0.519915 0.145299 0.159815 1 0.525228 : 0
-0.223706 0.5409 0.416829 0.743547 0.427757 -0.593962 0.792643 0.397737 1 : 0
-0.356826 0.404927 0.540794 0.977817 0.623349 0.516932 1 0.746174 1 : 0.1
0.567327 0.601737 0.761287 0.204516 0.146505 0.876794 0.776466 -0.0731984 0.726008 : 0
0.531425 0.527725 0.38203 0.474503 0.670449 0.65519 1 0.558872 0.99765 : 0.1
-0.219648 -0.0129309 0.658437 0.0526893 0.618455 0.130986 0.799419 0.644413 -0.940055 : 0.1
-0.23677 0.482115 -0.0602115 0.900864 0.21935 0.0518923 0.585863 0.652179 0.243566 : 0
0.271672 0.298258 0.560302 0.0357937 0.0574184 0.394829 0.650136 1 -0.985245 : 0
0.503331 1 0.536288 1 0.245269 0.615197 0.46483 0.596497 0.653947 : 0
0.775806 -0.220636 0.605486 0.442881 0.307434 0.186491 0.983768 0.712018 0.753995 : 0.3
0.825981 -0.111369 0.800975 0.552233 0.482736 -0.188803 0.522324 0.706541 0.852061 : 0
0.35841 0.304951 0.958744 0.456846 0.62688 1 1 0.0608722 0.346022 : 0.2
0.642316 -0.0616688 0.894148 0.592055 0.362179 0.830064 0.324738 0.718759 0.953645 : 0
0.409194 0.491248 0.920531 0.98105 -0.186303 0.210629 0.239125 0.871827 0.2026 : 0.3
0.612267 0.46735 0.538958 0.282638 0.33689 0.50113 0.333826 0.69242 0.873291 : 0.1
-0.683646 0.24904 0.325861 0.577135 -0.193165 1 -0.0126609 -0.218587 0.514753 : 0
0.806795 0.178188 0.1097 0.754667 0.532161 0.462886 -0.32779 0.564372 0.341991 : 0.4
0.579575 0.182123 0.295595 0.270989 0.175532 0.26892 0.453888 0.502522 0.742532 : 0
-0.852631 0.910304 0.359302 0.461899 0.827245 0.702166 0.254778 0.611169 0.654786 : 0.2
0.713037 0.432137 0.533473 0.404516 0.382621 0.593 0.823289 0.605648 -0.0543853 : 0
0.342324 0.397537 0.560524 0.558996 0.402561 -0.199615 0.283164 0.682616 0.875113 : 0.3
0.446631 0.39682 0.443825 0.541618 -0.234289 1 0.485748 0.46128 0.775284 : 0
0.399454 0.292811 0.86015 0.351651 0.409128 0.733162 0.633323 0.961538 0.157762 : 0
0.451851 0.382127 0.582468 0.0912452 0.0860757 0.627251 0.797683 1 1 : 0
0.670598 -0.94558 0.45754 -0.226546 0.730903 -0.626397 0.380275 -0.747346 -0.0648122 : 0.1
0.240206 0.592247 0.450286 0.664495 0.169165 -0.301625 0.745134 0.285521 0.352866 : 0.3
0.530085 0.789739 0.699904 1 0.419969 0.596752 -0.297011 0.45835 0.232254 : 0
0.650325 -0.0108861 0.862396 0.278156 0.51655 0.68792 0.221052 0.259994 0.187323 : 0
0.769958 1 0.0407134 0.315444 0.11137 0.823554 1 1 0.844806 : 0
-0.0789915 0.720111 0.388141 -0.190038 1 1 -0.032684 0.588303 0.201634 : 0.1
0.0959533 0.23955 0.497143 0.543337 0.17916 -0.259599 0.621478 0.473453 0.387988 : 0.4
0.45382 0.206308 -0.028017 0.58602 0.497751 0.571185 0.265132 0.34472 0.746685 : 0.5
0.360055 0.558501 0.682349 0.42336 0.489369 0.0448633 0.476976 0.459941 0.945357 : 0
-1 -0.343845 0.539831 0.733357 0.753942 0.00334095 0.688936 0.735432 0.552851 : 0
0.355943 0.364655 0.286936 0.277987 0.511798 0.572443 0.0619894 0.442744 0.89328 : 0.3
0.969794 0.274528 0.51591 0.0161819 0.0732576 0.654187 0.0925319 0.427779 1 : 0.4
0.885818 0.191257 0.875241 -0.281183 0.256992 0.54379 -0.299584 0.316834 0.535454 : 0
0.0167459 0.381442 0.80826 0.491997 0.595858 0.851481 -1 0.00653498 0.217762 : 0.1
0.0547994 0.398004 0.333347 -0.702956 0.636504 0.805863 0.438147 0.40016 0.343371 : 0
0.350847 -0.0761208 0.842094 0.800547 0.348405 -0.0467843 0.626487 0.477757 0.218123 : 0.1
0.311464 0.213884 0.870962 0.365036 0.72157 0.657471 0.829023 0.187008 -0.0496434 : 0.4
1 0.184199 0.152903 0.35562 0.805022 0.190397 -0.233517 0.740412 -0.464451 : 0
-0.176716 0.841155 -0.0464139 0.034163 0.383862 0.308801 0.957082 0.831032 0.586039 : 0
0.0657011 -0.188625 0.431618 0.561252 0.923958 0.85782 0.6621 0.474528 0.196982 : 0
0.526575 0.147638 0.45707 1 0.343938 0.868534 0.706894 0.143827 0.0649623 : 0.4
-0.0726755 0.218066 0.13603 0.584207 0.179242 0.856645 0.456861 0.434685 0.62358 : 0
0.699478 0.406125 0.45698 1 0.479871 0.716832 1 0.49882 -0.577345 : 0.2
1 0.156393 1 -0.716229 0.455438 -0.646143 -0.79718 0.725482 0.551817 : 0
0.650805 0.0576407 0.512605 0.590085 0.291371 0.586816 -0.223091 0.692878 0.266915 : 0
0.956906 0.176889 0.342228 0.306668 -0.102096 0.865523 0.471713 0.470944 0.362452 : 0
-0.569767 0.0209056 0.0273427 0.243147 0.18567 0.671467 -0.161318 0.222514 0.659948 : 0
0.367854 -0.346083 0.626121 0.50447 0.1173 0.649546 0.986722 0.381392 0.652663 : 0.5
0.440777 0.184125 1 0.523496 0.449703 0.182372 0.786596 0.730557 0.0244144 : 0.1
-0.293638 0.2137 0.882475 0.0663569 0.454311 0.738394 0.0126447 0.180969 0.860927 : 0
0.545923 0.0117282 -0.084079 0.377983 0.80888 0.854787 0.448208 0.165265 0.0359689 : 0
0.551245 0.164243 0.924642 0.364081 0.22841 -0.106022 0.331592 0.586361 0.409618 : 0.5
1 0.505975 1 0.607187 0.0975056 0.0549635 0.380121 0.785036 0.96546 : 0
0.595801 0.459637 0.77677 0.871255 0.816909 0.563164 -0.581558 1 0.506234 : 0
0.429467 0.183247 0.582351 0.703958 0.229045 0.065522 0.646548 0.944621 -0.12878 : 0
1 0.345122 0.839878 0.547646 0.106931 0.646644 0.957173 0.859143 0.411005 : 0
0.481715 0.437879 0.160948 0.102624 0.234854 0.410973 0.208754 -0.168441 -0.922184 : 0.1
0.0871748 0.942686 0.626442 0.524373 0.320077 1 0.752779 0.632887 0.425323 : 0
0.519781 -0.729556 0.93606 0.512022 0.656382 -0.216309 0.445738 0.0581001 -0.0950044 : 0.2
0.563776 0.326409 0.335918 0.484731 0.680153 -0.526079 0.954295 0.493995 0.0159427 : 0.4
-0.261984 0.0622678 -0.171004 0.141054 0.622883 0.812161 0.2445 -0.281466 -1 : 0
-0.384193 0.221364 0.219163 0.827833 0.318293 0.536535 -0.815181 0.386827 0.762961 : 0.1
0.312106 0.515165 0.942115 0.457538 0.28104 0.618115 0.363351 0.421847 0.67212 : 0.1
0.312043 0.646071 0.00580549 0.257908 0.172097 0.616234 0.911789 0.887056 0.54759 : 0.2
0.485336 0.716364 0.304796 0.360455 -0.103463 0.533268 0.140608 0.479455 0.547665 : 0
0.0309973 -0.0896008 0.397599 0.570553 0.839658 0.837087 0.134327 0.748392 0.00667195 : 0.1
0.215051 0.77966 0.325928 0.277 1 0.611808 0.23781 0.415625 0.866523 : 0
0.856685 -0.955136 0.574049 -0.0595135 0.734938 0.727509 0.282949 0.498147 0.590859 : 0.4
0.106242 -0.0506487 -0.272822 0.323884 0.241737 0.156427 0.860648 0.451243 1 : 0
0.92045 0.778218 0.176312 0.578194 0.692506 0.801281 0.559197 0.53185 0.194218 : 0.6
0.17373 0.0292202 0.770193 0.25912 -0.65721 -0.429638 0.732331 0.508447 0.708575 : 0
0.591654 0.176363 0.850337 0.224667 0.164824 0.748601 0.35784 0.946253 1 : 0
0.963032 0.254278 0.447229 0.093865 0.586449 -0.205107 0.684767 0.607337 0.130242 : 0.1
0.999808 0.0114501 0.459015 0.246121 0.443352 0.806628 0.240227 0.353631 -0.0957737 : 0.3
0.49908 0.570186 0.784299 0.763886 0.331855 0.070271 0.615625 0.650423 0.104012 : 0.3
0.652844 0.409314 0.373988 0.236162 0.759738 0.874385 0.671203 0.452359 -0.567183 : 0.5
0.885852 0.397427 0.468007 0.40612 0.637201 0.692907 0.908526 0.457184 -0.206997 : 0.1
0.00469464 0.601127 0.345793 0.271975 0.476253 0.685797 -1 0.52257 0.173086 : 0
0.34576 1 0.471825 0.713766 0.394773 -0.298055 0.753268 0.90659 -0.0772027 : 0.1
0.377547 0.1004 0.630472 1 0.564513 0.875914 -0.935341 1 0.615464 : 0.2
-0.47271 1 0.415175 0.529932 0.107985 -0.787311 0.612705 1 0.797056 : 0.1
-0.0689761 0.10981 0.586433 0.232181 0.15974 0.179367 0.313887 0.670408 0.403712 : 0
0.202767 0.60928 0.546433 0.678415 0.18209 -0.192965 0.347339 0.968952 0.562934 : 0
-1 0.344285 0.503057 -0.000994712 0.245567 1 0.298907 0.256839 0.611128 : 0.3
0.547356 0.348742 0.757367 -0.150788 -0.318384 0.97712 0.420103 -0.121365 0.964451 : 0
0.698079 0.395503 0.503187 0.499847 0.179395 0.471404 0.808032 1 0.756067 : 0
0.550865 -0.0164675 0.894505 0.375644 0.508386 0.887189 0.157721 0.269325 1 : 0
0.464244 0.184147 0.712363 0.870194 0.606779 0.717594 0.747923 1 0.557927 : 0.1
-0.929291 0.0873007 0.709662 0.249935 1 0.607265 0.386795 0.791413 -0.425299 : 0.1
0.716617 0.328426 0.920116 0.894788 0.0243956 0.486795 0.605414 0.338455 0.361852 : 0.1
0.487355 0.105567 0.829737 0.479001 -0.0968637 0.838546 0.626881 0.465176 1 : 0.1
0.21138 -0.0459767 0.583401 0.28461 0.247399 1 0.639825 0.232717 0.461263 : 0
-0.371266 0.213191 0.329351 0.518112 -0.0713359 0.787314 0.325054 -1 0.0856665 : 0.5
0.841073 -0.486894 0.733316 0.203213 0.311078 0.0401546 0.995201 0.425678 0.494297 : 0.3
0.438803 -0.0797178 0.723341 0.20981 0.442203 0.924616 -0.640205 0.443925 -0.481495 : 0
0.53536 -0.485221 0.106518 0.228164 0.922642 0.261041 0.778643 0.667798 0.341645 : 0
0.28543 0.264715 0.606524 0.436331 0.506094 1 0.810178 0.53858 0.431719 : 0.1
0.720812 0.296627 0.458094 0.869927 0.763723 0.596819 0.950028 0.57293 0.0337065 : 0.5
0.714823 0.278453 0.308727 0.0307723 0.107974 0.833236 -0.387461 0.357478 0.664524 : 0.5
-0.334443 -0.489766 0.422796 0.642415 0.884935 0.756436 0.564267 0.600875 0.854734 : 0
0.51408 0.279048 0.52118 0.938942 0.352001 0.408879 0.664635 1 0.477518 : 0
-0.292877 0.311237 0.333905 0.339449 0.640158 -0.273342 0.54229 0.483912 0.749623 : 0.2
-0.174219 0.145714 0.736809 0.346366 0.20037 0.824711 0.359117 0.179556 0.647344 : 0
0.173067 0.901853 0.827594 0.465524 0.478521 0.36823 1 0.46402 0.243884 : 0
0.476749 1 0.764142 0.279644 0.261561 0.277012 0.627487 0.97403 0.374402 : 0
0.584531 -0.000412807 0.854604 0.481362 0.556717 1 1 0.556111 -0.81127 : 0
0.672583 0.464607 0.73268 0.0737671 0.413411 0.814918 1 0.332555 0.409147 : 0
0.0132862 1 0.422139 0.285525 0.500427 1 0.562813 0.801695 0.490769 : 0.1
0.762347 0.74525 -0.0288224 0.351426 0.371205 0.312895 0.428129 -0.389144 0.500519 : 0.3
0.987438 -0.00970241 0.117757 0.466198 0.480175 0.331967 1 0.188148 0.634884 : 0.1
0.511585 -0.274499 0.966552 1 0.281514 0.115332 0.342802 0.0336398 -0.372841 : 0.1
0.33524 -0.209136 0.27585 -0.62817 0.039214 0.298229 0.705649 0.433446 0.467938 : 0.3
0.210783 0.207934 0.56729 0.624522 0.765854 0.418267 0.33086 0.681705 0.617433 : 0
0.448156 0.64458 0.385841 0.394532 0.682143 0.379526 -0.503722 0.332768 0.328706 : 0
-0.218773 0.56695 0.456678 0.968646 0.501397 0.0493788 0.496866 0.753321 -0.199783 : 0
-0.398996 0.803466 0.590946 0.431693 0.991568 0.910834 0.845443 0.922918 0.361005 : 0
-0.684152 0.564878 0.33176 0.565678 0.519571 0.434096 0.245646 0.677143 0.989277 : 0.5
0.636163 0.336702 0.981085 0.442861 0.225433 1 0.578888 0.717707 0.657094 : 0.4
0.561817 0.030544 0.572598 0.480472 0.566369 1 0.214672 0.587391 -0.246091 : 0.2
0.628653 0.169124 0.361444 0.664513 -0.0272162 0.311703 0.298918 0.417376 0.765661 : 0
0.037492 -0.128707 0.136107 0.426372 0.122951 0.949975 0.544494 0.898956 0.995643 : 0.5
-0.38429 -0.00137169 1 -0.0124918 -0.0342597 0.583941 0.920126 1 0.137481 : 0
0.730235 0.0441628 0.243439 0.516483 0.512491 0.283707 0.380731 0.33223 0.463897 : 0
0.29814 0.0346354 0.810621 0.576152 0.0237573 0.106713 0.184035 0.273064 0.0794426 : 0
0.396414 0.0508046 0.0687377 0.198025 0.77532 1 0.396618 -0.23783 -0.0706143 : 0.4
0.0934195 0.137982 0.745357 0.334173 1 0.693019 0.516171 0.579445 -0.71765 : 0.2
0.71032 0.136316 -0.669979 0.11797 0.479426 0.740619 -0.0314676 -0.0983106 0.903597 : 0.1
0.77129 0.973483 0.185372 0.381466 0.587436 0.667448 1 0.219026 0.926699 : 0.6
-0.512622 -0.168826 0.594796 0.230321 0.0280183 0.699736 0.857783 0.417309 0.1088 : 0.1
0.420246 0.12457 0.616106 0.660948 -0.679597 0.239218 0.273136 0.396119 -0.175369 : 0.4
-0.470285 0.5741 0.50329 0.593176 0.264606 0.205097 1 0.710407 0.606503 : 0
0.757364 -0.0561933 0.793188 -0.288847 0.225633 0.583145 -0.997912 0.625199 0.458264 : 0
0.974266 0.638198 0.876904 0.741275 0.239403 0.811738 -0.520935 -0.0969997 1 : 0.3
0.486458 0.197833 0.436929 0.501112 -0.210716 0.7079 0.635302 0.611318 0.971882 : 0.1
-0.358588 0.728548 0.909845 0.124469 0.784031 0.121525 0.502162 0.508527 0.0888694 : 0.2
0.778543 0.122741 0.811986 0.716156 0.571041 0.849579 -0.814766 1 1 : 0
0.280298 0.372246 0.469333 0.645106 0.302676 -0.360144 0.399744 0.527311 0.0159417 : 0.1
0.868928 -0.0777867 0.429737 0.474121 1 0.756419 0.351806 0.589753 0.440691 : 0.1
0.873095 0.239778 0.420752 0.645193 0.640193 0.64243 1 0.923472 0.630099 : 0
0.962819 0.320818 0.94776 0.485919 0.422953 0.00613204 0.605262 0.532071 0.96145 : 0
0.930834 0.233315 0.027966 0.620737 0.487916 0.666287 -0.723057 0.297234 1 : 0.2
0.37112 0.32739 0.498375 0.364104 0.292535 -1 0.993229 0.555262 0.837523 : 0
0.455833 0.0259402 0.748748 0.572184 0.33097 -0.114595 0.109409 0.701399 0.303948 : 0
0.0381667 0.102127 -0.0521273 0.157255 0.10115 0.31079 -0.802682 0.559118 0.593068 : 0.4
0.0407328 0.301151 1 0.172772 0.606941 0.879809 1 0.308456 -0.0680066 : 0.3
-0.249992 0.0490081 0.589646 0.393107 0.632227 1 0.580201 0.012311 -1 : 0.2
0.758956 0.0869728 -0.0035572 0.145125 0.413054 0.287221 0.27692 -0.070391 0.566156 : 0.5
-0.129482 1 0.666011 -0.284071 0.232168 -0.0662775 -1 0.368222 0.597473 : 0.1
-0.190571 0.210487 0.942569 0.710726 -0.493416 -0.145878 0.704006 1 0.490977 : 0.4
1 -0.0651999 0.0894951 0.0622559 0.665642 0.625153 0.469864 0.539853 1 : 0
-0.0446745 0.231034 0.172766 0.15763 -1 0.680358 -0.177272 0.229598 0.531531 : 0
-0.577732 0.14047 0.204808 0.594542 1 0.952318 0.447187 0.0145463 0.378918 : 0.2
0.614855 0.353166 0.902806 0.738394 1 0.660935 0.311395 0.902276 1 : 0.1
0.454256 0.223278 0.302732 0.25761 0.071326 0.0626833 0.897573 0.480534 0.956462 : 0.2
0.360334 0.541984 -0.0859545 0.974891 0.0887659 0.0100103 0.392556 0.674195 -0.365428 : 0.3
0.45387 0.149069 0.34598 0.012176 0.582513 1 0.470269 0.40361 0.720141 : 0.3
0.201597 0.475194 0.877242 0.630122 0.933115 0.0488385 0.672184 0.527277 0.514294 : 0.1
0.758429 0.909506 0.408172 0.806884 1 0.828887 0.350705 0.709169 0.323999 : 0.2
0.0236273 -0.140831 0.216732 -0.104024 1 0.737057 0.360134 0.652927 -0.0849906 : 0.1
-0.129728 0.682214 0.604356 0.263645 0.34418 0.579962 0.407895 0.309481 0.163315 : 0
-0.677236 0.505995 -0.228105 -0.397523 0.121645 0.735326 0.495161 0.990705 -0.0816973 : 0.4
0.185785 0.0493435 0.341654 0.95581 0.503023 0.519425 0.20799 0.686648 -0.208642 : 0
0.36217 -0.101385 0.338766 0.370454 1 0.283433 0.423635 0.635344 0.995452 : 0
0.345403 0.314691 0.524008 0.179461 0.133694 0.335206 0.25068 0.436435 0.561356 : 0.1
0.716298 0.156964 0.920475 0.134487 -0.0747264 0.484065 0.339474 0.60363 0.396199 : 0.1
1 0.19549 -0.110514 0.25439 0.96216 1 0.320272 0.451247 0.419002 : 0.3
-0.0566716 0.743458 0.450647 0.610798 0.355391 0.60923 0.439201 0.85714 0.702693 : 0.3
-0.273484 0.427342 0.447021 0.321704 0.441982 0.872559 -1 0.269742 0.617221 : 0.5
0.348118 0.284048 0.526295 0.480338 0.51661 0.563799 0.25232 0.592304 -0.114497 : 0
0.980174 0.219149 0.626542 0.286256 -0.107789 0.570857 0.149349 0.685081 0.351147 : 0
0.135515 -0.0845515 0.294856 0.964184 0.459633 -0.194024 0.498871 0.491037 -0.145164 : 0
0.375535 0.187902 1 0.373829 0.22183 0.71651 -0.713259 0.267907 0.407823 : 0
0.934704 0.33234 0.757773 0.646058 0.329679 -0.0527703 1 0.216503 0.357084 : 0.5
1 0.597719 0.837603 -1 0.370361 0.874557 0.854894 0.00113881 0.387959 : 0
0.544689 -0.0687358 0.37518 0.263814 1 0.353965 0.70233 0.110566 0.918091 : 0.2
1 0.283833 0.73371 1 0.0956035 0.371295 0.624317 0.448072 0.989631 : 0.5
0.475979 0.719346 0.661778 0.338325 0.522672 0.734218 0.656162 0.766153 0.201561 : 0
-0.219831 0.519682 -0.0169915 -0.56548 -0.0210341 0.815929 0.499272 0.795336 0.602121 : 0
1 0.28819 0.386803 0.599057 0.940953 0.489027 0.0594618 0.907923 0.116943 : 0.1
0.492256 -0.359891 0.791024 0.520179 1 0.652202 -0.993218 0.00944595 0.299935 : 0
-0.425425 0.631002 0.894312 -0.214726 0.84767 0.77745 0.210323 -0.208022 0.233739 : 0
0.83387 0.301964 0.312242 0.768555 0.846798 0.579188 0.372369 0.307134 0.399882 : 0.1
0.5198 1 1 0.340848 0.035192 0.712367 0.119709 0.428369 -0.165653 : 0.3
0.512666 0.390775 0.672969 0.150423 -0.0531718 0.367594 -0.856002 0.468685 1 : 0
0.491313 0.430386 0.272764 -0.573582 0.346949 0.485349 0.665487 0.874891 0.829279 : 0
