0.949591 0.598133 0.341373 -0.337163 0.597269 -0.176348 -0.505632 0.486267 -0.212386 : 0
0.0346664 1 -0.575541 0.715038 -0.393517 0.235113 0.431824 0.0142391 0.860651 : 0
0.269099 0.325467 -0.487717 0.354744 -0.184782 0.111788 1 0.530507 -0.27074 : 0.1
0.240698 0.248774 0.925204 1 0.147128 0.173728 1 -0.0843077 0.4302 : 0
-1 -0.438669 0.36215 -0.101909 -0.825554 -0.142143 0.190888 0.34356 -0.232476 : 0
0.432808 0.705793 0.460487 -0.311169 -0.141922 -0.953522 -0.362048 -0.504462 -0.233645 : 0.3
0.265082 0.755836 0.144443 0.413147 -0.463074 -0.174895 -0.508285 -1 0.263224 : 0
-0.715347 1 0.196725 0.179703 -0.728141 0.830825 1 -1 0.768682 : 0.2
0.369853 1 -1 0.80864 -0.733716 0.0918874 0.746995 0.0455644 0.16099 : 0
-0.265001 0.145143 0.169473 0.101872 -0.19254 0.42498 -1 -0.161076 0.405062 : 0.6
1 -0.474165 0.772979 -0.356466 0.0971608 -0.110495 -0.737705 0.383556 0.154927 : 0.3
0.810594 0.766464 -0.638199 0.327538 -1 1 0.0171118 -0.762405 -1 : 0
0.492155 0.177762 0.0259691 -0.522579 -1 0.233632 -1 -0.261445 0.507203 : 0
0.729858 0.141411 -0.817159 -0.291725 0.614023 -0.0254745 1 0.205709 0.233331 : 0.4
0.827343 0.729356 -0.0421088 -0.0985749 -0.561404 -0.378941 -0.068441 -0.582199 -0.704551 : 0
0.160385 0.292049 0.258683 -0.152119 0.693837 0.612717 0.407436 -0.364537 0.112241 : 0
0.847506 -0.460641 -0.566561 0.287788 -0.478601 -0.190087 -0.799385 1 -0.561676 : 0
0.375526 0.58705 0.318217 -0.235377 0.270366 0.223984 0.0352466 0.617531 -0.267311 : 0
-0.112488 0.394608 -0.521328 -0.120658 0.304055 -0.167868 0.118271 0.381462 0.550129 : 0
0.479937 0.87729 -0.829931 0.0723685 0.382917 0.037623 0.393497 -0.527121 0.589394 : 0
0.856142 0.432947 -1 -1 0.329562 -0.131686 -0.84896 0.379621 -0.061715 : 0.1
-0.507072 0.059334 0.0814358 0.408472 0.195642 0.374579 -0.340476 0.693063 -0.518802 : 0
0.300479 0.383037 -0.122799 0.0864027 0.127472 -0.102896 0.173139 1 0.0383217 : 0.2
0.10826 0.228146 -0.284544 0.441532 0.151437 -0.443563 0.365739 0.0756395 0.187786 : 0
0.241361 0.667003 -0.123996 0.0349503 -0.22776 0.169355 1 0.00205943 0.0461722 : 0.1
-0.354301 0.341847 0.562178 0.166132 -0.488988 -0.108702 0.16574 -0.0152276 -0.0310872 : 0
0.774362 0.409933 0.311714 -0.443284 -1 0.199089 0.10976 0.257047 -1 : 0.2
-0.33422 -0.195516 -0.590207 -0.0297702 1 0.387262 0.284756 0.306968 -0.863361 : 0
0.671689 0.92668 -0.0248524 -0.015449 0.386224 0.260895 -0.054958 -0.970268 0.0410439 : 0
0.527154 0.278884 0.227304 -0.0443923 0.532497 0.140701 0.9609 -0.075749 0.230487 : 0
0.928198 0.680325 -0.102392 -0.676023 -0.19772 -0.168841 1 -0.517198 0.555651 : 0.1
0.550586 0.240053 -0.134232 0.0219365 -0.314978 -0.177326 0.753792 -0.142678 0.622297 : 0
0.431386 0.809276 -0.429983 -0.274819 0.220449 -0.194879 1 0.233426 0.437071 : 0
1 0.827813 0.149081 0.252623 -0.226144 0.0848781 -0.0748401 0.464152 0.786416 : 0
0.266758 0.418987 -0.144835 -0.026507 0.603262 1 -0.188594 0.21266 -0.101791 : 0
0.441837 -0.178619 0.598659 0.0417579 -0.42343 -0.11731 -0.714358 -0.0981522 0.404655 : 0
-0.0744328 -0.202591 0.0672331 0.127361 0.863359 -1 1 1 0.521486 : 0
-0.367011 -0.273404 0.592643 0.300572 0.673794 -0.69454 -1 0.424081 -0.425733 : 0
0.603152 0.262671 0.268161 0.651833 0.380653 0.950379 -0.230548 -0.469732 -0.816748 : 0
-0.196295 0.019555 0.534468 -0.241405 0.705775 0.0412967 1 -0.349856 0.662952 : 0.2
0.35526 0.907585 0.505502 -0.54841 0.602559 1 0.305397 -0.274586 0.541861 : 0
0.357648 0.359378 -0.0271772 -0.0804079 -0.447527 -0.042201 -0.173194 -0.497449 0.726868 : 0
0.483608 -0.620758 -0.0110693 -0.288549 -0.464897 -0.228008 0.170297 0.468807 -0.580169 : 0
0.2036 0.559241 -0.626942 0.378975 0.369763 -0.230179 -0.0302731 -0.478455 -1 : 0.1
0.630214 0.678386 0.0497088 -0.324775 -0.62946 0.0112018 0.601445 -0.361168 0.489104 : 0
0.493586 -0.0801778 1 0.581221 0.177485 1 0.513821 -0.249995 -0.537135 : 0
0.453958 1 -0.151327 0.234302 0.755562 0.162196 -0.502019 -0.715637 1 : 0.4
-0.519514 0.855934 0.454602 1 1 -0.037565 0.27831 0.191727 0.470139 : 0.1
0.705894 0.447557 -1 -0.416279 0.0643672 -1 0.134219 -0.201585 0.1175 : 0
0.0104176 0.260561 -0.429068 -0.221916 0.471692 0.290298 0.106335 0.0839617 -0.616088 : 0
1 -0.0966514 -0.0955581 -0.178325 -0.313915 -0.214012 1 -0.757313 0.931189 : 0.2
0.364253 0.389465 0.182461 -1 0.0946654 1 -0.0677014 -1 -0.0865775 : 0.2
0.417221 0.290509 1 -0.277076 0.315498 0.0526969 -0.299899 -0.32902 0.20238 : 0
-1 0.210825 0.0266964 -0.0140452 -0.903563 -0.893153 -0.425852 0.284998 0.00874288 : 0
0.655641 -0.115581 -0.244125 -0.559391 0.971608 -0.375612 0.174864 0.457076 0.162498 : 0.1
0.267835 -1 -0.811579 -0.133388 0.693824 -0.60646 0.437158 1 0.0983695 : 0
-0.688583 -0.443427 0.340169 -0.734859 0.360223 0.10665 -0.427601 0.454303 -0.0360158 : 0.3
0.684301 0.426213 0.489812 -0.232652 -0.388137 -0.092246 0.0949369 -1 -0.643094 : 0
0.283589 0.372236 -0.931577 -0.302163 0.247829 -0.656758 0.551756 -0.325918 0.300668 : 0
0.900346 -0.267733 -0.191989 0.00677592 0.624552 -0.0267029 0.510103 0.121964 0.65726 : 0
0.221362 0.0265909 -1 1 0.273421 -0.852291 0.545158 -0.726227 0.360604 : 0.1
0.463103 0.445401 0.578598 0.126957 -0.301792 0.449482 -0.344214 0.321553 0.215049 : 0.2
-0.0542583 0.0403333 0.192414 -0.166166 0.100447 0.0828158 0.138724 0.178604 -0.556436 : 0.1
0.414228 0.212188 0.545514 -0.150877 0.436605 0.0562398 -0.105721 0.164593 0.153 : 0.1
0.317424 0.280988 -0.0877677 0.0266552 0.297812 -0.231063 0.278565 -0.281842 0.330787 : 0
-1 -0.165729 -0.352836 -0.0788364 -0.277151 -0.249971 0.185369 0.0462956 -1 : 0
0.24435 0.503777 0.440498 0.664101 0.693866 -0.387286 0.828221 -0.225384 0.554145 : 0
0.678666 0.57639 0.193847 -0.616846 -0.525341 -0.42638 -0.269161 0.0904015 0.406584 : 0.2
0.295821 0.766156 0.657807 0.516532 0.342234 -0.534075 -0.656477 -0.719352 -0.00962335 : 0
-0.886232 0.978983 -0.520293 0.169341 -0.545403 0.204437 0.851803 0.298681 -0.178916 : 0
0.744775 0.342837 0.0976514 0.283834 0.237812 -0.139285 -0.462492 0.145201 0.917899 : 0.2
0.254714 0.32546 -0.141326 0.620134 -1 -0.0704815 0.559987 -0.127308 0.34019 : 0
0.256183 -0.493262 0.367674 -0.0915887 0.703546 0.161951 0.197203 -0.355373 0.0737045 : 0.4
-1 0.792295 0.855272 -0.0985644 0.189145 -0.094651 0.594116 0.369463 -0.129949 : 0.3
0.308672 0.926869 -0.797691 -1 0.804403 -0.398689 0.808309 0.230419 -0.547401 : 0
0.738465 0.494785 0.0539677 0.103498 0.0660422 -0.25672 -0.451138 -0.786195 -0.246519 : 0
0.51527 0.104359 -0.362595 -0.330542 -0.18978 0.848471 0.435374 -0.715316 0.613391 : 0
0.644861 0.181558 0.0341669 0.256709 0.302851 -0.310012 -0.213226 -0.774173 0.255379 : 0
0.528022 -0.763769 -0.41876 0.313911 0.793468 -0.175524 -1 0.345581 0.375455 : 0
0.407483 0.0629504 0.601579 -0.127583 0.493461 -0.0129789 -0.143179 -0.4871 0.142411 : 0.4
0.831357 0.800472 -1 0.136232 0.639555 0.751137 0.360181 -0.402155 0.269827 : 0
0.580266 0.277286 0.463433 -0.182616 0.349532 -0.0637739 -0.154948 0.489734 -0.535246 : 0.1
0.400481 0.694525 0.482549 0.192464 -0.705336 -0.416227 0.805119 0.525868 0.485317 : 0.1
-0.254918 0.158148 0.999936 0.232898 0.256106 -0.519519 0.0885317 0.24176 -0.156881 : 0.1
0.00308299 0.511162 0.958856 0.22475 0.0884513 0.995265 -0.11322 -0.961616 1 : 0.1
0.456072 0.765161 0.483869 -0.641128 0.753288 0.653423 -0.81008 0.131067 0.567746 : 0
-0.813106 0.98801 -0.941586 -1 -0.631321 -0.566918 0.178911 -0.520776 -0.224485 : 0
0.580998 0.170255 -0.163594 -0.236811 0.564023 0.80362 -0.104944 -0.15898 0.466694 : 0
0.871332 0.0397893 -0.181187 -0.0304993 -0.286012 -0.599631 1 0.118873 -0.0276409 : 0.1
0.216405 0.223459 0.493582 -0.454143 -0.67849 0.0362836 -0.0432567 0.344117 0.18667 : 0
0.577049 0.333783 -0.287786 -0.156938 0.22994 0.0925524 0.645597 -0.316713 -0.0304706 : 0.1
0.568475 0.817144 0.367112 -0.139753 0.1504 0.0648974 0.111312 1 0.488738 : 0
0.358729 0.195672 -0.807509 -0.371775 0.859655 -0.0194078 0.255527 -0.448654 -0.447559 : 0
0.869983 1 -0.779452 1 0.0401925 -0.432342 -0.0943694 -0.378941 0.434658 : 0
0.713225 0.247898 0.177688 1 0.0560085 -0.668725 -0.0466118 0.176049 0.123485 : 0
0.553844 1 -1 0.317291 -0.623642 -0.699717 0.807148 -0.305804 0.384552 : 0
0.305369 0.298524 -0.533332 0.220749 -0.366292 -0.23467 0.981888 -0.939951 0.16431 : 0
0.359834 -0.641972 -0.716294 0.290388 0.494433 -0.119298 -0.530421 0.84505 -0.0380221 : 0
0.768977 0.763059 -0.666841 -0.44195 -0.125322 -0.516725 0.749186 0.172076 -0.767492 : 0
0.415316 0.152665 -0.592891 0.291918 0.216234 -0.380744 0.159494 0.611348 0.41547 : 0.1
0.514023 1 0.692163 0.123997 -0.5015 -1 -0.590466 -0.500009 0.546077 : 0.1
0.259228 -0.188568 -0.905193 0.291623 0.847892 -0.407131 0.492958 0.798536 -0.0219069 : 0
0.574419 0.283412 1 -0.48914 -0.482215 0.657201 0.679368 -0.10769 -0.382544 : 0
-0.172287 -0.0336269 0.0518782 -0.113961 -0.0426252 -0.601679 -0.930531 0.561884 0.0280578 : 0.1
0.748057 -0.310123 0.660983 0.183355 0.201332 0.216817 -0.978361 0.723505 -0.501265 : 0
0.616471 0.999154 0.240507 -0.846338 -0.276884 -0.456744 0.157931 -0.0439231 -1 : 0
-0.230207 0.812443 0.391 0.00423146 0.533425 0.538788 0.0587249 0.42755 0.273832 : 0
0.628813 0.0457677 0.00151691 -0.849137 -0.70691 -0.25724 0.332936 0.445565 0.198716 : 0
0.378236 1 0.690845 -0.12241 -0.036343 -0.112115 -0.567932 -0.0535617 0.185073 : 0.1
0.71863 0.262561 -0.219317 -0.477943 -0.422423 0.246719 0.558695 0.139228 0.611699 : 0
1 0.34197 -0.11027 -0.268809 -1 -0.0298318 -0.0331974 -0.331031 0.210169 : 0
0.974812 0.660599 -0.79635 -0.258554 0.406594 -0.765087 0.576667 0.748353 -0.26778 : 0
-0.304143 0.168276 -0.238822 0.409645 0.752763 -0.0707939 0.224316 -0.0884945 0.993288 : 0
0.936228 0.0828832 0.797279 -0.108365 0.539313 0.404656 -0.86613 -0.555483 -0.739626 : 0
0.186351 0.53178 1 -0.743466 -0.917951 -0.183133 -0.0885834 -0.138743 0.102724 : 0
-0.512815 0.120314 -0.546308 0.491943 -0.848006 -0.122375 0.213648 -0.0434214 0.475893 : 0
0.914808 1 0.48217 0.0582865 -0.370023 0.063634 0.322461 -0.564606 -0.468491 : 0
0.585101 0.331562 -0.489433 0.568558 -0.0203617 0.436686 1 0.0276165 -0.0815205 : 0
-0.593886 0.778625 -0.86546 -0.261362 -0.664776 -1 -0.0590699 0.481028 -0.0120662 : 0
0.0598611 0.932957 0.51843 -0.037928 -0.235621 1 1 0.739873 0.151023 : 0
0.780119 0.088357 0.0611434 -0.699706 -0.159593 0.0847555 -0.422564 -0.316365 0.526829 : 0
0.736549 0.853297 -0.201854 -1 -0.726646 -0.102404 0.403741 -0.177267 0.573784 : 0
0.638121 0.174286 0.819983 -0.195383 -1 0.0844993 0.890781 -0.793784 -0.0987825 : 0
1 0.815819 0.433449 0.095677 0.405606 0.071756 0.550467 -0.379116 0.133741 : 0.1
0.473385 -0.467751 0.211137 -0.353284 -0.396643 0.472779 0.711622 0.0461263 0.469768 : 0.3
0.586911 -0.0182075 0.223281 0.0710558 -0.460443 -0.126528 0.819737 -0.760464 1 : 0.2
0.696622 -0.846836 0.00270939 0.961887 0.444973 -0.726928 -0.0755109 -0.39731 1 : 0
0.586012 0.916628 0.30434 -0.0559357 -1 -0.0519152 -0.170529 -0.029058 -0.57991 : 0
0.460616 1 -0.0373783 -0.570189 -0.108478 -0.151067 -0.0953985 -0.331536 -0.216409 : 0
0.0998792 -0.496127 0.550926 0.156827 0.704829 0.733355 -1 -0.62323 0.517317 : 0
1 0.00913462 0.857893 -0.427165 0.518714 -0.150263 0.967961 0.0023444 0.168669 : 0.2
0.739433 -0.19514 -0.195945 0.0349333 0.423639 -0.1802 0.320487 0.305931 0.0554676 : 0.1
-0.283301 0.844346 -0.37383 -1 0.261008 0.329967 -0.7258 -0.649329 0.0877088 : 0.3
0.117552 0.772135 -0.591376 0.0156314 0.116197 -0.777658 -0.0112453 -0.479142 0.123279 : 0
0.440603 0.73802 -0.374826 0.976458 0.163604 -0.0978722 0.0363268 -0.435538 -0.0660235 : 0
0.708421 0.729714 0.0928208 0.0693572 -0.894574 0.167043 0.635263 -1 -0.186204 : 0
0.312538 -0.282414 0.256248 0.836726 0.243663 -0.19141 -0.540346 0.679546 0.557476 : 0.1
0.604767 0.739822 0.473482 0.128178 -1 0.167031 1 -0.740271 0.381114 : 0
0.233056 0.435396 0.124473 0.482005 -0.0373994 0.221165 -0.679074 -0.35535 0.626784 : 0
0.298527 0.264681 1 0.0140615 -0.0922311 0.583599 -0.165324 0.00715733 0.471004 : 0.2
0.639897 0.324973 0.944263 0.172115 0.276032 0.452333 0.405923 -0.281418 -0.230644 : 0
-0.186656 0.372367 0.902447 -0.293582 -0.0741597 -0.397546 0.721299 -0.274483 -0.587551 : 0
-0.150511 0.834919 -1 -0.755788 -0.872068 0.298259 -0.729183 0.450826 -0.137286 : 0.1
0.624452 0.627454 0.473074 0.116909 -0.44628 0.721036 1 -1 -0.0712602 : 0
0.867422 0.580265 0.179452 -0.99818 0.531934 -0.283598 -0.358993 0.0307794 0.568838 : 0.1
0.187199 0.650051 0.243196 0.650847 -0.259593 0.0105771 0.306824 0.528774 0.466169 : 0
0.0807278 0.532944 0.00959778 -0.479445 -0.128828 -0.635681 1 0.137273 0.664283 : 0
0.41017 -0.309435 -0.00394465 -0.0856983 -0.933494 -0.240164 0.621368 0.397242 0.167064 : 0
0.164232 0.791438 0.520741 -0.0496013 -0.360067 0.923795 0.969633 0.78511 0.17755 : 0
0.716643 0.950533 0.579722 0.188312 -0.247674 -0.411871 -0.107574 0.14679 0.174806 : 0
0.902599 1 -0.00500655 -0.593107 0.739464 0.0793673 -0.294475 -0.517293 -0.0409382 : 0
0.955109 0.189818 -0.261761 -0.114317 -0.29295 -0.126606 -0.130157 -0.140081 -0.268739 : 0
-0.091843 0.0573157 0.116238 0.319251 -0.443866 0.69114 0.638147 -0.17356 0.497118 : 0
0.368814 0.175451 -0.716298 -0.676163 -0.546531 -0.332704 0.0342502 -0.0621276 -0.144296 : 0
0.755606 1 0.189121 -0.827624 0.958648 -0.973728 -0.856208 0.397172 0.0377135 : 0
0.272563 0.655588 0.443702 0.064401 0.746699 0.117531 0.242583 -0.369977 0.0465085 : 0
1 0.488713 0.292983 -0.705902 0.501136 -0.404737 1 0.751829 -0.0450109 : 0
0.720527 1 0.534358 0.234027 0.70725 0.385813 0.26609 -0.168624 0.779801 : 0
0.193555 0.062959 0.65531 -0.702408 0.481687 0.296108 -0.0237183 -0.693205 0.289132 : 0
1 -0.192774 -0.10575 0.36297 0.990775 -0.704809 0.394648 0.601068 0.187056 : 0
0.449424 0.639335 -0.666173 0.268259 0.508349 -0.878354 -0.288064 -0.203604 0.522001 : 0
-0.906666 -0.00698066 -0.276413 0.37318 0.908527 -0.434158 0.272428 1 -0.418088 : 0
0.130694 0.688045 -0.605553 -0.0387834 0.127403 -0.302024 0.54747 0.161514 -0.0616137 : 0.1
0.614998 0.480271 1 0.42476 0.254589 -0.548366 0.407443 -0.970524 0.262329 : 0
0.470129 0.315591 -0.252267 -1 1 -0.295019 1 -0.0197329 0.0314647 : 0
0.450539 0.38459 0.554796 -0.392715 0.133802 -0.46346 0.568795 0.132948 0.405211 : 0
0.864617 -0.273018 -0.538361 -0.363137 -0.187147 -0.316637 -0.192575 0.432746 0.374906 : 0
0.3151 0.839898 0.4416 -0.203104 0.224689 0.0971101 0.0514787 0.0521985 -0.344555 : 0
0.193348 0.259986 -0.321866 -1 -0.240679 1 -0.0724351 0.480433 0.67952 : 0
0.288092 1 -1 -0.990697 0.0296347 -0.520704 -0.287731 -0.312419 -0.326132 : 0
0.86971 1 -1 -0.388536 0.336172 0.846992 0.248345 -0.601038 -0.304209 : 0.1
0.0996604 0.360661 -0.182853 0.142034 0.264228 -0.889566 0.0451927 -0.171591 -0.660552 : 0
0.824564 0.587885 0.960989 0.381263 0.167206 0.724594 0.453748 -1 0.918499 : 0.1
-0.297787 0.251858 0.504015 0.260576 -0.031867 0.119541 -0.998217 0.508208 0.194833 : 0
0.61306 0.819036 0.11429 -0.819576 -0.454731 -0.714801 0.881073 -0.140718 0.0702685 : 0
0.314659 0.234266 -0.417002 0.0278457 0.245625 -0.220911 0.5018 -0.545743 0.0569344 : 0
0.922946 0.816761 0.431944 -0.574327 -0.921933 0.00483596 -0.166001 -0.111245 0.793868 : 0
0.831086 0.596081 -1 0.167414 -0.150177 -0.162755 0.383507 -0.0923427 -0.303649 : 0
0.701247 1 0.475312 -0.558123 0.324412 -0.465604 -1 0.291473 0.377646 : 0
0.362906 -0.0546894 -0.407908 0.131686 -0.15983 0.00175431 -0.182166 -1 -0.436595 : 0.1
0.941738 0.942523 -0.0569281 0.0439706 -0.357473 0.582092 -1 -0.317446 0.148675 : 0
0.833384 0.867081 0.747837 0.110058 0.434546 -0.309961 0.897924 0.80541 0.879844 : 0
0.739179 0.413128 -0.451613 0.276822 0.526174 -0.0352632 0.170173 -1 0.507105 : 0.3
1 0.844133 -0.853371 -1 0.659061 -0.192434 0.408068 0.303899 -0.0592421 : 0
-0.0509444 0.135718 0.434103 -0.229069 -0.573773 -0.604225 -0.532599 0.3118 -0.335557 : 0.4
0.583262 -1 -0.330941 -0.0318363 1 -0.515336 1 0.0397675 -0.0773992 : 0
0.391783 0.339872 -0.645247 0.29387 -0.192714 -0.747272 0.832895 -0.222291 -0.38358 : 0
0.346048 0.270791 0.94647 0.362486 0.128085 0.143463 -0.754147 -0.157441 0.694188 : 0
0.284379 -0.0080767 0.59461 -0.134786 0.741195 0.299958 -1 -0.266478 0.565427 : 0.3
0.849846 0.482199 -0.231929 -0.645131 -0.654207 0.176845 0.425876 -0.532192 -0.197404 : 0
0.43128 -0.455845 0.0916301 0.136102 0.297982 -0.593103 0.485672 -0.476831 0.23909 : 0
0.217527 0.273057 -0.0124555 -0.0876513 0.16372 0.0127736 -0.487065 0.165761 0.365807 : 0
-0.106842 0.891688 -0.26838 -0.460057 -0.321535 -1 -0.485735 -0.303692 0.306325 : 0
0.689394 0.667636 0.169597 0.175362 0.103288 1 0.831874 -0.3132 -0.264058 : 0.5
0.255018 0.255131 -0.525995 0.0614575 0.135051 -0.282219 -0.316484 -0.654521 0.223167 : 0
0.491309 0.443004 0.369985 -0.269147 0.270953 0.0648375 0.086648 0.674147 -0.431032 : 0
0.900656 0.382585 -0.632916 -0.892864 0.619232 -0.773832 0.926013 -0.536651 -0.329974 : 0
0.129536 0.66943 0.355818 -0.553076 0.832434 0.841206 -0.230884 -0.346487 0.460951 : 0.1
0.388943 0.435326 -1 0.144715 0.497961 -1 0.260619 0.175663 -0.314084 : 0
0.536017 1 0.146364 -0.0763782 -0.674356 -0.161979 0.643476 -0.181481 0.192574 : 0
0.467147 0.377034 0.525576 -0.0119905 0.147583 1 0.28087 0.263266 0.523994 : 0
-0.143205 0.270186 -0.633308 0.0328561 -0.505706 -0.245262 0.664498 0.420283 0.262116 : 0.1
0.914049 0.655463 -0.526839 0.219309 0.321142 1 -0.0071131 -1 -0.871187 : 0
0.240819 0.108183 0.891509 0.380284 0.535714 -0.310754 -0.328778 -0.34617 0.538876 : 0.3
0.143661 -0.457765 -1 -0.412068 0.722494 -0.460658 0.793387 0.295453 -0.0206822 : 0
-0.140168 0.776457 0.260777 -0.172062 0.519563 0.281212 0.289896 0.896139 0.206587 : 0
0.15623 1 0.254788 0.517777 -0.0444807 0.316285 -0.157251 0.222373 -0.0336797 : 0
0.563603 0.677542 0.277641 0.176415 0.485079 -0.536847 -0.0358318 0.432047 0.263834 : 0
0.379231 0.655897 -0.529241 0.238213 0.407773 -0.412982 0.616627 -0.600933 -0.0510816 : 0.2
0.412044 0.404193 -0.849923 0.196001 -0.0437418 -0.0832111 0.181127 -1 0.305912 : 0
0.551745 0.141192 0.382235 0.309823 0.474027 -0.125199 0.136994 0.18118 -0.479492 : 0.3
0.596319 0.383517 0.235157 -0.137915 -0.00433235 -0.417215 -0.0114241 0.90271 0.105353 : 0
0.215605 0.441367 -0.910796 -0.18771 0.383145 -0.519272 0.517361 0.26076 0.0801577 : 0.2
0.829234 0.122783 0.233288 -0.446711 0.490485 -0.791928 -0.105313 -0.110863 -0.0953482 : 0.1
0.523232 0.547293 -0.298481 0.764442 -0.402772 -0.0305862 0.0986911 0.0315349 0.493296 : 0
0.866864 0.283415 1 -0.415045 -0.465884 0.0619221 0.674204 0.509574 -0.250393 : 0
0.808077 -0.354662 -0.542305 0.474427 0.245125 -0.488604 -0.183924 0.69315 -0.0522838 : 0
0.143015 0.68859 0.351175 -0.107052 -0.704713 -0.637611 0.161553 -1 0.13774 : 0
0.0246294 0.58423 -0.646818 0.291165 0.26672 0.524751 0.131096 0.38846 -1 : 0.1
0.913815 0.239037 0.780397 -0.467702 -0.45375 -0.23828 1 1 -0.748503 : 0
-0.0150553 1 0.997781 -0.102913 0.532427 -0.261262 -0.122174 -0.0724279 -0.641533 : 0
-0.422158 0.375555 -0.170834 0.453445 0.429948 -0.0523224 0.070346 -0.275993 0.0353158 : 0.2
0.430716 0.175315 -0.0175618 0.34084 -0.962685 -0.625004 0.659664 0.0160411 0.34998 : 0
0.114024 -0.683987 -0.532861 0.0814555 0.832467 -0.878358 -0.299255 -0.243712 -0.042703 : 0.1
-0.929 0.702726 -0.0770253 -0.502298 0.0841169 -0.187433 -0.212742 0.043417 0.0939608 : 0
0.163842 0.70528 0.907328 0.104413 -0.371517 -0.353755 0.665446 0.126928 0.863164 : 0
0.469863 0.917185 -0.0691282 -0.0917596 0.849406 -0.0187649 -1 0.563393 0.518713 : 0
-1 0.725617 0.0808746 0.157023 0.319975 0.51493 0.746853 -0.504769 -0.298648 : 0
0.364298 0.288087 0.612984 -0.215161 -0.0254251 -0.178784 0.574236 -0.639763 -0.17448 : 0
-0.323195 0.236733 -0.345499 -0.0839951 -0.111221 0.171545 0.22553 0.0684896 -0.410327 : 0
1 0.494808 -0.723557 -0.00732768 0.355251 -0.398217 -0.033212 1 0.843752 : 0.1
0.973355 0.945324 0.236954 -0.285097 0.469094 0.197997 -0.0639512 0.604911 -0.125234 : 0
0.175528 -0.0209076 -0.095506 -0.137521 0.237654 -0.159904 -1 -0.3686 0.131503 : 0
-0.0609037 0.48418 1 -0.172187 -1 -0.608159 -0.248829 -0.0131058 -1 : 0
0.796474 0.358646 -0.118247 -0.610167 0.349024 -0.188351 1 0.745717 -0.424919 : 0.3
0.494035 -0.259198 -0.518834 -0.714175 -0.435896 0.434255 -0.0432834 0.547459 -0.696546 : 0
0.929347 -0.2124 -0.671656 0.465903 0.110299 -0.531792 0.0121679 0.226589 -0.221753 : 0.4
0.465278 -0.0164846 -0.535297 -0.453814 0.000333786 0.128316 -0.678002 -0.0769566 -0.29859 : 0.1
0.658651 0.454514 -1 -0.193873 0.131765 0.148142 0.439379 -0.961575 0.0505502 : 0
0.510567 0.769402 -0.530302 0.204057 -0.263081 -0.278323 0.0564291 -0.23349 0.00412808 : 0
0.641651 0.457115 -1 0.132912 -0.66599 -0.125333 -0.0296621 -0.663665 -0.160921 : 0.3
0.532604 0.891035 0.154865 0.0458536 -0.436908 -0.464415 -0.699057 -0.469119 0.25797 : 0
0.531822 1 0.171695 0.489302 1 -0.503501 -0.0390708 -0.248668 0.317707 : 0
0.669174 0.896661 -0.150375 -0.804 -1 -0.234007 0.00950167 0.12802 0.178129 : 0
0.598352 0.94732 1 -0.291188 0.465798 -0.659011 -0.0217304 -0.612894 -0.639004 : 0
0.753546 0.362902 0.122152 -0.570691 0.243342 -0.654878 0.83641 1 -0.0656886 : 0
-1 0.124967 -0.517647 -0.891768 0.441969 -0.477321 1 -0.934806 0.27052 : 0
0.887287 0.156951 0.567716 -0.143251 0.573378 0.160588 0.482887 0.587663 0.778476 : 0
1 0.218527 0.327187 1 -0.0789748 0.0192819 0.018726 -0.247722 -0.0253101 : 0.2
-0.219249 -0.521025 0.00380102 -0.199839 0.405277 -0.375068 1 0.906446 -0.3844 : 0
0.452551 0.436756 -0.445574 0.180169 1 -0.0334688 0.337824 0.340487 0.0271051 : 0.1
-1 -0.449304 0.524418 -0.546539 -0.388193 -0.13738 1 0.560512 0.466031 : 0
0.186683 0.18519 -0.118245 -0.119784 0.713004 -0.0436033 0.27561 0.0502817 1 : 0
0.24064 0.941863 0.765472 -1 -0.143718 -1 -0.0557314 -0.0217008 1 : 0.2
0.254147 -0.573279 -0.070038 -0.225756 0.43 -0.111349 -0.705575 0.0381503 -0.450993 : 0
0.108508 0.333398 -0.332897 -0.131826 -1 -0.710477 -0.225383 0.141568 0.374636 : 0.2
0.475357 0.705307 0.0560165 0.942015 0.27362 0.246358 0.148613 0.89902 -0.363901 : 0
-0.175559 0.782623 0.468825 0.369137 0.020857 0.198538 -0.277483 0.00426888 0.0651913 : 0
0.106504 -0.101039 0.134301 0.0116966 0.0161852 0.576212 -0.192896 0.181097 -0.273499 : 0
0.620287 -0.226514 0.133703 -0.0102879 0.124735 0.797414 -0.0444436 0.510467 -0.433323 : 0.2
0.645537 0.574261 -0.646757 0.146726 0.491169 -0.178848 -0.0248828 0.538003 0.931447 : 0.1
0.602069 -1 0.489829 -0.790692 0.967058 -0.263373 -1 0.0539885 -0.346039 : 0
0.325667 0.530426 -0.967115 -0.000608793 0.326868 0.263749 0.424386 -0.957791 0.271161 : 0.2
0.558691 0.33546 0.0458914 -0.395277 -1 0.327893 0.755948 -0.0336398 -0.412241 : 0
0.201382 0.385648 -1 0.288115 0.330388 -0.83734 0.307917 -1 -0.00421453 : 0
-1 0.291471 0.521238 0.404047 0.281872 -0.720276 0.309096 0.403893 0.600587 : 0
1 0.898713 0.497896 -0.171324 0.423981 -0.355144 0.368079 0.882948 -0.577507 : 0
0.328865 0.672282 1 -0.213661 0.608945 0.379527 1 1 0.653667 : 0
0.149182 0.15565 -0.4826 0.439613 0.177886 0.284434 0.075675 -0.474118 0.617524 : 0.2
0.759332 1 -1 -0.366574 -0.469466 1 0.0673519 -0.3556 0.745481 : 0.1
0.882323 -0.0534402 -0.0318024 0.180056 -1 -0.218901 -0.554235 0.30761 1 : 0
0.543676 0.380624 0.0185812 0.459392 -0.563109 0.224025 1 0.397573 0.515587 : 0
0.574985 0.334595 0.282558 -0.247688 0.281406 0.213612 0.0231931 0.305208 0.36977 : 0.1
0.217818 0.315041 0.124826 -0.0624909 0.377099 0.172117 0.023975 0.598763 -0.16834 : 0
0.494723 1 0.108483 -0.137903 1 1 0.624671 0.106184 0.193784 : 0
-0.563363 0.65324 0.220163 -0.165726 -0.285398 0.35759 0.156611 -1 0.760963 : 0
0.247052 -0.626531 0.765349 0.188788 -0.0962294 1 0.233958 0.120645 1 : 0
0.588276 -0.464452 0.620765 0.291756 -0.687403 -0.29816 -0.838287 -0.0139894 0.280005 : 0.1
0.128042 0.748493 0.641621 -0.455902 -0.300623 0.530544 0.689208 -0.816546 0.167336 : 0.4
0.354984 0.315074 -0.547801 0.307442 0.107147 -0.484108 -0.352597 -0.234173 0.200954 : 0
-1 0.417437 -0.816286 0.778677 1 0.661353 0.453164 -0.432972 -0.0420581 : 0
-0.0648551 0.201588 -0.262297 -0.507899 -0.615339 0.14704 -0.46147 -0.192838 0.564285 : 0
0.0134254 0.856311 0.0505067 -0.0828197 0.203956 0.309875 0.28437 -0.0268198 0.424278 : 0
0.582974 -0.713133 0.473501 -0.156053 -0.645257 -0.106866 0.716599 -0.137324 0.166281 : 0
0.323503 -0.741848 0.369312 0.200603 -0.312661 -0.267346 -1 -0.36976 -0.514957 : 0
0.331727 0.14258 -0.104974 -0.165697 0.0937511 -0.420242 0.0666706 -0.399123 -0.412954 : 0
0.183703 0.513607 0.902526 0.150388 0.82211 -0.246551 -0.103835 0.210264 0.531445 : 0
0.0909735 0.510517 -0.47168 0.402798 -0.185251 -0.0788627 0.802371 -0.00345799 0.3479 : 0.2
-0.851619 0.886749 -0.759833 0.224444 0.262462 -0.624954 0.817122 -0.476922 -0.177424 : 0
-0.307279 0.466148 0.369084 0.35714 -1 -0.327077 0.256318 -0.255694 -0.425073 : 0
0.36618 0.463377 -0.379536 -0.679474 0.199385 0.329073 0.556843 0.445207 0.489395 : 0
0.659289 0.432496 -0.558593 0.347485 -0.0976313 -0.0431414 0.0984912 -1 -0.0255313 : 0
0.39114 0.552745 -1 0.486432 -0.353763 0.637526 0.1471 -0.55038 0.293432 : 0
0.668364 1 -0.0373977 -0.435239 -0.12807 -0.795694 0.254411 0.42887 -0.0874985 : 0
0.459426 0.600716 -0.759085 0.319001 0.876058 0.646505 -0.581241 0.458035 -0.584727 : 0
0.470759 0.308794 -0.235073 0.659104 0.815094 0.0509667 -0.219345 -0.512962 -1 : 0
0.597223 0.735499 0.0149478 0.0286905 -0.322193 0.795239 0.361296 0.00604182 0.0811596 : 0
0.230682 -0.099044 -0.596086 0.255721 0.315168 -0.30867 -0.16232 0.616439 1 : 0.1
0.392925 -0.0723347 -0.747741 0.408175 0.176376 -0.684585 0.0564914 -0.433666 0.171196 : 0
0.562907 -0.343782 0.400667 -0.14449 0.0832719 0.326674 -0.700967 -0.548274 0.643029 : 0
0.548579 0.981535 0.719193 -0.794696 -0.4641 0.116721 0.0727404 0.127125 0.696047 : 0
0.0664047 0.161659 -0.36934 -0.28857 0.822133 -0.0397735 0.174925 -0.182087 0.510036 : 0
0.116076 0.869539 0.622591 0.447817 0.992561 0.30454 -0.480927 -0.304512 0.188596 : 0.1
-0.643621 1 -1 -0.61238 -0.904174 -0.373114 0.602962 0.303253 -0.11027 : 0
0.284609 0.452018 -0.0164928 0.0352135 0.0205443 -0.451791 0.430967 0.138326 -0.631954 : 0
0.71997 0.860303 0.0227591 0.0587302 -0.195313 -0.849861 0.698939 -0.454205 0.169509 : 0
0.627053 0.618398 -0.0312313 0.20539 -0.119796 0.297601 0.669404 -0.410212 0.871088 : 0
0.323675 0.233347 0.124367 -0.693308 0.690792 0.0150238 -1 0.408971 0.330891 : 0
0.588402 0.78648 1 -0.537584 -0.289508 0.374358 -0.634488 -1 -0.755681 : 0
0.415577 0.382324 0.16618 0.106607 -0.206789 -0.182315 0.359608 -0.902469 -0.218941 : 0.1
1 0.264239 -0.0230572 -0.126719 -0.0574533 -0.077301 -0.155391 0.114558 -0.610664 : 0
0.00840749 -0.404785 0.403273 0.640038 -0.850546 0.750423 0.653729 0.424815 -0.924225 : 0
0.622585 0.870174 0.304534 -0.158066 -0.17586 0.685574 -0.431235 0.782941 1 : 0
0.56724 0.566834 0.471942 0.766529 0.462244 0.0654325 0.421294 -0.352507 0.505023 : 0
0.766307 0.399016 0.93234 -0.0198838 0.327531 0.575122 0.178552 -1 -0.256799 : 0.2
0.547439 0.387385 0.390376 0.0685959 0.90838 0.80785 -0.0545915 -0.746884 -0.160067 : 0
0.818855 -0.118706 0.113756 0.266589 0.684578 -0.630803 0.360886 -0.951848 1 : 0
0.767935 -0.0663767 -0.539928 0.266096 -0.453941 -0.78779 -0.562901 0.438462 0.409123 : 0
0.51309 -1 0.227574 -1 0.786626 0.202636 1 0.288624 0.322057 : 0.1
0.699924 0.978161 -0.497471 -0.817567 1 -1 0.191589 0.62128 -0.507024 : 0.1
0.761828 -0.122091 1 -0.534194 -0.676156 -0.637461 -1 0.350209 -0.0632887 : 0.3
0.748376 0.865622 0.375192 0.833913 -0.461404 -0.186284 0.158351 0.368901 0.45605 : 0
0.261458 1 0.038952 0.0669482 -0.749797 0.782297 0.800971 -0.607836 0.248572 : 0
0.534125 1 0.331133 -0.128023 -0.286335 -0.0831469 0.00634617 -1 -0.147275 : 0
0.305845 -0.647906 -0.704674 0.0756629 0.289178 -0.0860328 0.62296 0.354205 -0.221364 : 0
0.545864 0.471043 0.101759 -1 1 0.0841473 0.579477 0.138601 0.113239 : 0.1
0.725494 0.187584 0.285756 -0.0389372 -0.554748 0.548918 0.442782 -0.0164818 0.694814 : 0.2
0.621867 -0.172178 -1 -0.450128 -0.765097 -0.0757506 0.804383 0.107835 0.776774 : 0
0.430736 0.00266211 0.499119 0.0178909 0.491719 0.857051 -0.198207 -0.298376 0.53905 : 0
0.802582 0.879413 0.209357 0.166743 0.223066 0.406052 0.091388 -0.138279 1 : 0
0.254479 -0.00101466 0.142172 0.708711 -0.679562 0.211938 0.326419 -0.502252 0.351158 : 0
0.0894664 -0.00935793 -0.144097 -0.265867 -0.265908 1 1 -0.0286167 0.690577 : 0
0.2883 0.615476 -0.217156 -0.283363 0.678656 0.439034 -0.189089 0.0797013 0.40362 : 0.1
0.938075 0.133462 0.166902 -1 -1 -0.371911 -0.234151 -0.215851 0.518338 : 0.1
-0.033376 0.403805 0.928608 0.613934 -0.267641 -0.369464 0.804754 -0.0845347 -0.806423 : 0
0.498275 0.339718 1 0.640268 -1 -0.649322 1 0.890919 0.211258 : 0
0.371021 0.75484 0.686373 -0.407172 -0.451083 0.398496 0.187771 0.0681261 -0.155188 : 0
0.00291359 0.34388 1 -0.766126 0.156433 -0.5425 0.799358 0.162977 -1 : 0
0.488705 0.336264 0.510188 -0.10164 0.110814 0.929686 0.0999123 0.331021 -0.45691 : 0.1
0.222157 0.380734 0.390752 0.308867 0.610106 0.819045 -0.0615788 0.377726 0.156492 : 0.1
0.334617 0.0565564 -0.226929 -1 0.603486 -0.454499 0.877154 -0.622693 0.11827 : 0
1 0.285748 -0.176645 -0.10284 -0.338802 -0.654506 -0.990166 -1 -0.590781 : 0
0.712803 0.856979 -0.257384 -0.0711939 -0.0696226 -0.85913 1 -0.712116 -0.086455 : 0.2
0.787835 0.400564 -1 -0.185789 0.406092 0.198801 0.644813 0.418989 -0.591317 : 0.1
0.509762 0.683659 -0.559975 0.143868 0.909475 0.470007 0.304697 0.165227 0.421818 : 0
0.312527 -0.142655 -1 -0.299121 0.972085 -0.719187 0.66865 0.0653178 0.208028 : 0
0.865927 0.351852 -0.335067 -0.45443 -0.482278 -0.11026 -0.00790599 -0.055311 0.0829035 : 0
0.891051 0.024788 1 0.0358382 -0.112746 -0.471005 -1 0.637592 -0.151025 : 0
1 0.33913 -0.673141 0.137887 -0.133992 -0.0922063 0.109691 -0.499942 -0.00917464 : 0
0.599982 0.579089 -0.231166 -0.0588123 0.360589 -0.0804084 0.0888643 -0.759335 0.360296 : 0
0.828826 0.843616 -0.274842 -0.221623 -0.313745 0.361516 0.748777 -0.113827 0.376781 : 0
-0.639105 -0.258052 0.33453 0.178816 -0.900803 0.802114 0.894557 -0.740806 0.49396 : 0
0.969108 0.282528 -0.904722 -0.627438 -0.390933 0.0366998 1 0.467972 0.450532 : 0.2
-0.00123024 1 0.460474 0.672755 -1 0.319566 0.228856 -0.221831 0.719156 : 0
0.921926 -0.312569 -0.419674 -0.617441 -1 -0.652478 0.0397089 -0.436656 0.134037 : 0
0.687317 0.334353 0.158172 -0.370462 -0.383216 -0.149204 0.603576 -0.328307 0.343829 : 0
1 0.331671 1 -0.689773 -0.768752 -0.00686914 -0.212786 -0.53985 -0.285559 : 0.1
0.63552 0.59474 0.188424 0.406413 -0.110117 -0.103227 -0.223661 -0.634017 -0.629977 : 0
0.384041 0.221787 0.437692 -0.535892 0.846614 0.165594 -0.755751 0.109938 -0.149439 : 0
0.935801 0.19464 -0.0483063 0.260796 -0.613643 -0.611243 -0.365581 0.300709 0.639609 : 0
0.700062 1 0.389199 -1 -0.631705 -1 -0.0351919 0.132292 0.403541 : 0
0.531376 0.859637 -0.128906 -0.902214 -0.179261 -0.602252 0.0453901 0.378323 0.517492 : 0
0.858772 0.396348 0.868547 0.14575 0.181653 0.835195 0.659706 -1 -0.0860028 : 0
-0.675894 0.0231044 0.950052 0.633797 1 0.350111 -0.277149 -0.143908 0.238599 : 0
0.203998 0.0401206 -0.347145 -0.119828 0.235497 -0.885262 -0.186619 -0.14832 0.0918639 : 0
0.57923 0.416977 -0.68118 -0.52491 -0.463375 -0.769959 0.945765 0.200542 0.124848 : 0
0.468713 0.405645 -0.444368 0.411234 0.305733 -0.00612247 0.492971 0.129876 0.0833293 : 0
0.317122 -0.484505 -0.870673 -0.193623 1 -0.631981 0.650395 0.248627 -0.7133 : 0
0.137929 0.573341 1 0.351072 0.105905 0.930046 -0.102266 -0.75024 -0.267339 : 0
0.811681 0.150499 -0.0404264 -1 -1 0.27645 0.41044 -0.569936 -0.400433 : 0
0.411081 0.156496 0.373605 -0.376206 0.644078 -0.0421141 -0.265965 -0.733389 1 : 0
0.923441 0.279291 0.251121 -0.598672 -0.627619 0.344927 -0.157761 -1 0.388653 : 0
-0.0553245 0.583815 -0.519129 1 0.375058 0.438903 -0.205958 -0.330148 0.704652 : 0
0.0909075 0.669401 0.253869 0.320365 -0.287371 0.0782333 -0.214105 0.5716 -0.445821 : 0
0.368462 1 0.188325 0.385714 0.014337 -0.61614 -0.36517 0.380073 0.446812 : 0
-1 -0.345409 0.943634 -0.0777595 -0.258843 -0.515992 0.989419 -0.0885869 0.0839608 : 0
0.678979 0.276781 -0.779974 -0.761655 0.818515 -0.474869 -0.15271 -0.0664396 0.66678 : 0.3
0.880498 0.622913 -1 0.216815 1 0.798843 -0.0690916 0.385374 -0.414787 : 0.2
-0.435998 -0.232278 0.464223 0.275372 -0.200447 0.869117 0.702389 0.0472097 0.436543 : 0.1
0.380476 1 0.303039 -0.191587 -0.225978 0.0645459 -0.960869 0.268546 0.479078 : 0
0.469317 0.482078 0.82389 -0.00563115 0.337216 -0.178805 0.338397 -0.140158 -0.076353 : 0
0.598633 0.368389 -0.517989 0.179017 -0.0086863 -1 0.036742 0.776506 0.301937 : 0.1
0.738003 -0.663636 -0.6518 -0.513247 -0.0133586 -0.48041 0.201511 0.574175 -0.251105 : 0
0.0208523 0.03565 0.44765 -0.232297 0.693978 0.989037 0.105565 1 -0.957149 : 0
0.301856 0.998437 1 0.0035181 -0.643332 -0.753799 0.516731 1 0.32273 : 0
-0.653778 0.283052 -0.947401 -0.0841942 0.0847423 0.326646 0.148059 -0.0386566 0.399288 : 0
0.582329 -0.107721 0.374761 0.112086 -0.975878 -0.685546 -0.0463737 0.265943 0.126202 : 0.3
0.139176 0.0670769 -0.563187 -0.241191 -0.600951 -0.25922 0.387861 -0.393548 -0.589975 : 0
0.711329 0.595533 0.239373 0.494105 0.426113 -0.0422536 0.510203 -0.0503477 0.695817 : 0.2
-0.116694 0.907778 -0.193441 -0.217914 0.43492 0.153324 -0.353441 0.189654 1 : 0
0.417327 -0.0325031 -0.948948 -0.099249 -1 -0.627477 1 -0.450193 0.0353903 : 0.3
0.990889 0.894315 -0.135446 -0.393797 -0.760406 0.480716 -0.647881 -0.0940138 0.641801 : 0.1
0.888428 0.463461 -0.652235 -0.271888 0.630722 -0.533886 -0.0559992 0.033227 0.214874 : 0.1
0.948303 0.364721 0.157806 -0.156232 -0.0734388 -0.10583 -0.045154 -0.0481477 -0.398092 : 0
0.303959 0.393853 -0.986193 -0.62288 -0.0790728 -0.463418 0.306026 -0.113638 0.566933 : 0
0.943172 0.937674 -0.0656761 0.303169 -0.218348 -0.282902 -0.000499606 1 -0.277082 : 0.1
0.289676 0.413209 0.092545 -0.303364 -0.413522 0.271432 0.324234 -0.594018 0.0644299 : 0
-0.0940145 1 0.139523 -0.046073 -0.131007 0.969012 0.157971 -0.0834171 0.669562 : 0
1 1 0.699869 0.702379 -0.962282 0.394826 0.315292 -0.258937 -0.317021 : 0
0.767721 0.804663 -0.396018 0.68582 -0.317952 0.608722 -0.317578 0.0741853 -0.249261 : 0
0.550824 1 -0.673716 0.25305 -1 -0.78477 -0.620999 -0.492202 -0.281834 : 0.1
0.419332 0.801077 -1 -0.777702 0.258078 -0.540221 0.797028 0.595051 -0.68962 : 0
0.403244 0.805469 0.522048 -0.204471 -0.0186902 0.599842 1 -0.0314248 0.587667 : 0.2
0.164212 0.44493 0.0550411 0.208065 -0.340317 0.549459 0.28328 0.124329 0.496414 : 0.1
-0.440099 0.419136 -0.366436 0.430216 -0.0164636 0.12674 0.300063 0.688563 0.455553 : 0
0.282585 1 0.407099 -0.353374 1 0.586832 -0.783766 -0.0553461 0.128716 : 0.2
0.228951 -0.868596 0.5126 0.120503 0.819812 0.933631 -0.142341 -0.288974 -0.215879 : 0
-0.0156802 -0.11651 0.436535 -0.140484 0.109571 0.0134833 0.40007 -0.115351 0.409644 : 0.1
0.696531 0.442566 0.301791 0.019943 0.577578 -0.0721132 0.310851 0.433825 0.264936 : 0
-1 0.170209 -0.146996 0.15721 0.322843 0.384346 0.927577 -0.363 -0.274224 : 0
0.652735 0.445117 -1 0.276981 0.631134 -0.0400679 0.321249 -1 0.302448 : 0.2
0.109751 0.876658 1 0.214005 0.543851 0.771501 -0.903728 1 1 : 0.2
-0.833376 0.0142139 -0.785373 -0.0088481 -0.0230906 0.894998 0.741011 -0.320812 -0.282602 : 0
0.528145 0.642805 0.166313 -1 -0.763536 -0.637119 0.496929 -0.0142613 0.597292 : 0
0.564506 1 -0.210994 -0.21998 0.576152 -0.148582 -0.731643 -1 -0.564265 : 0.1
0.639926 0.534497 -0.632415 -0.0377371 0.0583948 0.0398875 -0.383547 -1 -0.679923 : 0
-1 -0.446184 0.81092 -0.118169 -0.0970986 0.0545245 -0.749256 -0.505713 -0.550138 : 0
-0.0132794 0.561147 -0.888307 0.168618 0.312708 -0.0100378 0.0203514 -0.174416 0.272293 : 0
0.553378 0.585024 0.615286 0.2975 -0.0968078 0.206439 0.868139 -0.180421 -0.585516 : 0
0.258859 0.652213 -0.360525 0.650491 -0.592958 -0.208916 -0.367845 -1 -0.250298 : 0
0.891589 0.0530867 -1 -0.621118 -0.436644 -0.280355 0.92499 0.912719 -1 : 0.2
0.300312 0.344237 0.683988 -0.50451 0.632095 -0.523147 1 -0.34652 0.522776 : 0
0.441748 0.77508 -0.110279 0.184843 -0.127544 0.337284 0.514942 -0.0387198 0.441921 : 0.2
0.0670609 0.273368 -0.0249608 0.564413 -0.266519 0.164026 -0.0907698 0.0376239 0.567704 : 0.1
0.811603 -0.10068 1 -0.285512 1 -0.404238 -0.308092 -0.586037 -0.0624011 : 0.1
0.0804068 0.156773 -0.573227 -0.0826131 1 0.157247 -0.0564158 0.208097 -0.231818 : 0
0.947645 -0.103066 -0.00734831 -1 -0.52254 -0.366643 0.66411 -0.228407 0.159921 : 0
0.602118 0.770428 -0.619657 0.696533 -0.0783508 -0.31781 0.114435 -1 -1 : 0
0.372765 0.726157 -0.759976 0.528925 0.477563 -0.00822956 0.311303 -0.265712 0.961111 : 0
-0.024507 -0.123069 0.920293 -0.0903111 0.214681 1 -0.3146 1 1 : 0
0.449057 0.842493 0.682192 -0.39669 0.137247 -0.428475 -0.0380679 0.830883 0.66008 : 0
1 0.285152 -0.876982 -1 0.38989 0.693901 0.158405 -1 -0.0354649 : 0
0.488148 0.434728 -0.45566 0.546255 -0.14525 -0.703818 0.237976 0.361534 0.226355 : 0.1
-0.669475 -0.148774 -0.0815077 0.251049 -1 -0.761574 -0.223 0.227673 0.697438 : 0
0.707039 0.938365 -0.477968 -0.195259 -0.216811 0.18951 -0.346911 0.111239 0.427301 : 0
0.0602009 -0.399429 -0.877133 0.153502 -0.963549 -0.198408 0.907607 0.242845 0.133528 : 0.1
0.810003 0.276621 0.394299 0.60571 -0.326987 -1 -0.149342 -0.412135 0.521425 : 0
-1 -0.315736 0.506416 -0.650131 0.690992 -0.52299 -1 0.497603 0.448289 : 0.1
1 1 0.610444 -1 0.655947 -0.34119 -0.0333071 -0.216187 0.0718283 : 0.1
0.305115 0.793205 -0.262769 -0.0805171 0.0774907 -0.553376 0.17869 -0.299078 0.00392598 : 0
0.583414 0.756045 0.0719407 0.351764 -0.29005 -0.0617003 0.346232 -0.243845 0.110851 : 0
0.254846 0.495633 -0.579906 -0.094549 -0.275062 0.0600044 0.680508 0.0651395 -0.46141 : 0.1
0.670789 0.62273 0.653124 0.0984119 -0.349106 -0.293706 0.854059 -1 0.0966696 : 0
0.160521 0.438932 -1 -0.930925 0.266297 0.996322 -0.125135 0.0325224 0.537277 : 0
0.673853 -0.205341 -0.552154 -0.507249 -0.517911 -1 -0.00507647 -0.0967419 -0.465712 : 0
0.500501 0.535845 -1 -0.695703 -0.321783 -0.70469 -0.76138 -0.656371 -0.0145757 : 0
0.871635 0.306351 0.464248 0.660033 0.138186 0.580321 0.10595 -0.0859193 1 : 0
0.360154 0.29161 -0.101057 0.366645 0.414726 0.363421 0.253701 -0.00239313 0.338129 : 0
0.332178 0.366716 -0.998495 0.348184 -1 -0.0590814 0.474423 -0.733373 -0.128484 : 0
0.702399 1 -0.679936 -0.555832 -0.0807868 0.111391 0.0133791 0.168298 -0.136783 : 0
0.159989 0.854078 -1 -0.358367 0.172492 0.946856 0.706295 -1 -0.235823 : 0.1
0.574779 0.351882 0.257478 0.198486 -0.369564 -0.0698487 0.335327 -0.426157 0.288028 : 0.1
0.367601 -0.0790746 0.0907732 -0.0470881 -0.750781 -0.698018 1 0.179416 0.384344 : 0
0.473957 0.725123 0.268059 -0.0690719 0.449192 0.0163453 -0.293626 0.636661 -0.407246 : 0
0.64673 0.71157 -0.138483 -0.303364 -0.95221 1 0.610689 -0.538994 -0.184772 : 0
0.588219 0.254243 -0.267612 -0.0250884 1 -0.023779 -0.899519 -0.612002 0.286163 : 0
0.932142 -0.863173 -0.356322 -0.150682 0.657247 0.672336 0.986984 0.91256 -0.436758 : 0
0.563025 0.990634 0.168092 -1 -0.466788 -1 -0.615149 -0.560638 -0.0593089 : 0
-0.603719 -0.0352851 0.238791 0.19932 0.0125089 0.862707 -1 0.155185 0.115672 : 0
0.0801978 0.307714 -0.311156 -0.1169 0.134064 0.423285 0.0696829 -0.139839 0.400614 : 0.2
0.255059 0.326178 -0.506949 0.0944394 -0.131115 -0.590682 0.39017 -0.239265 0.0442188 : 0.2
0.675619 0.687645 -0.1236 0.548623 0.254307 0.997274 0.0867343 -0.157434 -0.544889 : 0
0.87705 -0.432822 1 -0.0868596 0.730573 0.119586 -0.853582 0.109485 0.980478 : 0
0.18536 -1 1 -0.58498 0.725367 -0.0849667 0.675575 -0.683386 -0.319556 : 0.1
0.452552 -0.211191 -0.602514 -0.0533183 -0.00544065 -0.605394 0.451066 0.818029 -0.563036 : 0
0.62552 0.987963 -0.498745 -1 -0.423684 -0.324899 -0.616447 -0.616529 -0.0549997 : 0
-0.667391 1 -0.588412 0.0785304 -1 -0.209531 -0.0533031 -0.083985 -0.986613 : 0
0.709742 0.323336 -0.879912 0.0823019 -0.161251 0.259981 -0.288861 -0.613379 1 : 0
0.450407 0.249784 0.414644 -0.317009 -0.861201 0.429157 0.29275 0.116818 -0.0773039 : 0
-0.646539 0.983847 -1 -0.802335 -0.860727 0.839683 0.0357894 -0.332835 0.426462 : 0.1
0.102673 0.246096 -0.0933186 -0.706763 -0.195503 -0.021788 -0.159546 -0.384271 -1 : 0.2
1 1 -0.30398 -0.75285 0.33888 -0.296872 1 1 -0.210258 : 0.3
0.873323 -0.0599296 -0.787027 0.971259 0.313806 0.0447893 -0.237748 -1 0.482725 : 0.1
0.169069 0.324698 -0.587793 0.471771 0.187705 1 -0.202853 -1 -0.665873 : 0
0.276372 0.524131 0.434386 0.378084 0.193518 0.847827 -0.0668735 0.412348 -0.351179 : 0
0.553066 -1 -0.0707406 0.346472 1 -0.335264 0.964157 0.0990606 -0.292258 : 0
1 1 0.0540918 -0.232405 0.717042 -0.153652 0.182148 -1 -0.349513 : 0
0.39009 -0.738939 0.269959 0.51564 0.723382 0.442857 -0.0854628 0.919903 1 : 0
0.0952123 0.529194 0.677218 0.141601 0.294283 -1 0.123645 -0.372772 -0.385281 : 0
-0.583107 0.969066 -0.368472 0.504836 -0.206511 -0.374297 1 0.23493 0.13348 : 0
0.205105 0.457718 1 -0.512364 -0.0792912 -0.369302 0.205263 -0.124322 -0.209326 : 0
-0.787285 -0.0696221 -0.354194 0.214507 0.212464 0.59414 0.146846 0.51793 -0.685438 : 0.1
-0.0162326 -0.313213 -0.549619 0.313721 -0.430256 1 0.511544 0.504386 0.305902 : 0
0.397778 0.617227 0.320112 -0.0750764 -0.472225 0.705039 0.315624 -0.133964 0.484291 : 0.1
0.442573 0.331921 1 -0.0530058 0.433958 0.809753 0.0360233 -0.718059 -1 : 0
0.404389 0.960427 -0.314843 -0.790163 0.182119 -0.380494 -0.441016 -0.493399 0.38033 : 0.1
0.179669 0.305485 0.046479 -0.135365 0.710917 -0.205638 -0.441349 -0.307561 0.596414 : 0
0.646182 0.337661 -0.0217647 -0.589472 -0.0328952 -0.296104 0.0699893 -0.229558 0.301143 : 0
0.439723 0.725668 -0.54833 0.138547 0.270751 -0.955204 -0.559753 -0.528667 0.362931 : 0
0.830518 0.691582 0.0648941 0.746753 0.367685 -0.98699 -0.00779507 0.998799 0.279822 : 0
0.274923 0.88372 0.59009 0.190046 0.161437 0.76301 -0.249731 0.0375226 0.252695 : 0
0.79664 0.295765 -0.618698 0.208373 0.256308 -0.162937 0.189718 -0.620495 -0.538508 : 0
0.695944 0.412396 -1 -1 -0.779905 -0.378639 0.320625 -0.521006 -0.190922 : 0
1 -0.0979826 -0.0247612 0.41803 -1 0.360319 -0.611836 -0.927468 0.280802 : 0
0.341267 -0.029983 0.657094 0.109622 0.438022 -0.402047 -0.390907 1 -0.424903 : 0.1
0.296225 0.757597 -0.307742 -0.279234 0.722807 0.180429 0.361408 -1 0.432941 : 0
0.538043 0.891357 0.185129 0.105338 -0.140087 -0.21346 -1 -0.635729 0.317203 : 0
0.765193 0.744993 0.494672 -1 -0.0183988 -0.280607 1 -0.701412 -0.131574 : 0
0.926711 0.199584 -0.580933 -0.0840101 -0.277014 -0.252091 0.22882 0.974513 -1 : 0
0.487988 0.316657 -0.63129 0.350693 -0.345479 0.146775 1 -0.853706 0.280623 : 0.3
