0.668858 0.44301 0.964898 -0.916359 -0.196028 0.0974257 0.361285 0.687141 0.196004 : 0.6
0.601413 0.457973 0.937804 -0.949885 -0.353401 -0.114814 0.650145 0.837097 -0.320282 : 0.6
0.630488 0.409522 0.92977 -0.865598 -0.247434 0.0296434 0.3875 0.602122 -0.479827 : 0.8
0.730569 0.455585 0.999035 -0.950323 0.13923 0.0242486 0.145183 0.432874 0.690046 : 0.7
0.693075 0.438903 0.894039 -0.901186 -0.0946595 -0.140061 0.148351 0.915373 0.338428 : 0.7
0.697203 0.3927 0.945963 -0.988969 -0.0281723 0.0877399 0.363452 0.554336 0.284387 : 0.3
0.608458 0.408979 0.9052 -0.86406 -0.0211387 -0.0607378 0.464518 -0.154654 0.729245 : 0.4
0.583684 0.517837 0.941115 -1 -0.0419132 0.0350786 0.264227 0.668549 1 : 0.5
0.682173 0.386072 0.91524 -0.889787 -0.202435 0.1956 0.110775 0.295423 0.0488634 : 0.6
0.775168 0.454631 0.974957 -0.893296 -0.278257 -0.251606 0.00943789 0.516087 0.467727 : 0.6
0.728469 0.308109 0.941425 -0.942175 -0.199168 -0.0214671 0.620306 0.228814 0.522063 : 0.4
0.617616 0.432658 0.968195 -0.862854 -0.375377 0.0698177 0.41419 0.361427 0.65317 : 0.5
0.627327 0.382524 0.948544 -0.881684 -0.407416 0.290355 0.243009 -0.0291859 0.0813828 : 0.6
0.692315 0.389902 0.905449 -0.869093 -0.407442 -0.133635 0.403862 0.577065 0.542931 : 1
0.65979 0.394724 0.995411 -0.78104 -0.280907 0.0482796 0.709235 0.552376 0.559234 : 0.8
0.668164 0.391548 0.683735 -0.954429 -0.0302296 0.360351 0.339477 0.663938 0.0213423 : 0.5
0.676536 0.452277 1 -0.83964 -0.278601 -0.168823 0.476325 0.376156 -0.423837 : 0.2
0.659035 0.457416 0.920931 -0.919106 -0.18743 -0.178839 0.167274 0.737128 0.484734 : 0.7
0.509094 0.370549 0.853822 -0.954651 -0.13156 -0.157832 0.663059 0.442282 -0.0274116 : 0.8
0.558203 0.377485 0.963441 -0.908956 -0.211695 0.106466 0.411412 0.613986 0.296978 : 0.9
0.648788 0.451533 0.977969 -0.929993 -0.0301656 0.338364 0.460186 0.491065 0.147275 : 0.7
0.527535 0.228219 0.921252 -0.873494 -0.729474 -0.0271812 0.84413 0.407964 0.0202154 : 0.5
0.753511 0.417503 0.979977 -0.962108 -0.24473 -0.129861 0.714386 0.597404 0.430554 : 0.8
0.799132 0.431213 0.999572 -0.999723 -0.573581 -0.0875069 -0.100408 0.611973 0.458965 : 0.8
0.691387 0.372217 0.959365 -0.979382 -0.0609219 -0.230249 0.115749 0.559225 0.650951 : 0.8
0.661259 0.335955 0.827589 -0.820006 -0.184383 0.280574 0.1504 0.453337 -0.229589 : 0.3
0.814825 0.33933 0.736302 -0.969426 -0.845325 0.162066 0.254563 0.447431 1 : 0.7
0.6633 0.416643 0.879578 -0.887281 -0.677007 -0.00925604 0.259321 0.627779 0.214419 : 0.8
0.639503 0.471634 1 -0.916116 0.0568935 -0.100985 0.311431 0.53603 0.169309 : 0.8
0.642194 0.334246 0.859679 -0.907834 -0.0846328 0.119867 0.577352 0.555792 0.14325 : 0.6
0.635327 0.422718 0.819745 -0.885458 -0.304598 0.150309 0.540296 0.55573 -0.271154 : 0.8
0.632968 0.453039 0.94161 -0.891441 -0.303112 -0.106893 0.538279 0.293562 -0.228391 : 0.5
0.590264 0.443248 0.882066 -1 -0.377048 0.189759 0.421546 0.470042 -0.248323 : 0.6
0.687332 0.455002 0.8405 -0.875135 -0.268705 -0.00558403 0.457203 0.985674 0.196132 : 0.6
0.702947 0.578441 0.937049 -0.819378 -0.264093 0.101199 0.211429 0.973282 0.184252 : 0.8
0.733146 0.450343 0.950496 -0.875042 -0.687591 0.102952 0.60341 0.584073 1 : 0.5
0.525473 0.43186 0.834663 -0.853612 -0.155778 0.159797 0.692775 0.666941 -0.557097 : 0.3
0.652721 0.421795 0.903917 -0.853 -0.261892 0.23613 0.508523 0.593485 0.462171 : 0.8
0.735949 0.421846 0.813545 -0.891206 -0.0788446 0.153467 0.777843 0.773421 0.445723 : 0.7
0.622856 0.506939 0.921808 -0.931599 -0.244868 0.0432211 0.56567 0.4921 0.146212 : 0.6
0.621597 0.420429 0.94953 -0.923011 -0.380336 0.268302 0.18567 0.289798 0.206628 : 0.7
0.725798 0.467477 0.776396 -1 -0.317935 0.162082 0.307158 0.201625 1 : 0.6
0.618935 0.384896 0.9278 -0.881535 -0.222316 0.0167463 0.670998 0.435326 -0.00272888 : 0.7
0.591986 0.399148 0.912148 -0.893832 -0.351163 -0.124716 0.774321 0.722285 -0.194299 : 0.7
0.704314 0.450546 0.855917 -0.795385 -0.154134 0.00694455 0.28463 0.704261 -0.504443 : 0.6
0.647294 0.377167 0.886583 -0.877698 -0.272662 0.038234 0.659322 0.381495 -0.148204 : 0.3
0.630816 0.284778 0.928873 -0.935594 -0.161499 0.147446 0.748195 0.31656 0.50246 : 0.7
0.684042 0.333556 0.897138 -0.873153 -0.366939 -0.0152749 0.275351 0.332899 -0.049298 : 0.4
0.654236 0.3627 0.973098 -0.966149 -0.00753066 0.0862151 0.603167 0.699041 0.74834 : 0.5
0.671675 0.375648 0.997875 -0.864337 -0.104682 0.037368 0.40559 0.607738 0.589751 : 0.7
0.540708 0.323197 0.938138 -0.886055 -0.139297 0.0238141 0.75201 0.40275 0.240113 : 0.5
0.541394 0.369056 0.979352 -0.923709 -0.209515 0.0181234 0.429943 0.587434 0.236355 : 0.6
0.634921 0.48017 0.980665 -0.926998 -0.246448 -0.205502 0.774641 0.558681 -0.261501 : 0.5
0.595471 0.261695 0.950576 -0.888457 -0.105201 -0.0568384 0.435825 0.32118 0.961657 : 0.3
0.635324 0.387419 0.899028 -0.835952 -0.240136 0.030014 0.515957 0.819744 0.676931 : 0.5
0.645312 0.426519 0.902762 -0.87467 -0.353751 0.138477 0.464858 0.743365 -1 : 0.4
0.783286 0.418 0.946213 -0.875833 -0.705077 0.0930058 0.662603 0.469048 0.752525 : 0.6
0.675596 0.318149 0.924492 -0.947656 0.000904471 -0.0373576 0.147019 0.532717 0.764019 : 0.4
0.665872 0.419701 0.738017 -0.88813 -0.261683 0.240255 0.263358 0.24265 0.400072 : 0.7
0.631071 0.166682 0.954381 -0.892685 -0.501537 -0.0229146 0.419707 0.328935 0.553074 : 0.8
0.697427 0.373472 0.830874 -0.867863 -0.104346 0.0641878 0.636534 0.72506 0.515285 : 0.8
0.670248 0.389176 0.930936 -0.944494 -0.517689 0.0666437 0.924513 0.424886 0.182514 : 0.5
0.662806 0.31431 0.876224 -0.766193 -0.277348 -0.138046 0.119687 0.54243 0.898716 : 0.6
0.651041 0.349197 0.804436 -0.934942 -0.0386163 -0.037705 0.312286 0.757584 -0.377548 : 0.5
0.728835 0.445006 0.948575 -0.806617 -0.157633 -0.055074 0.348643 0.836989 -0.374106 : 0.6
0.67107 0.394037 0.930636 -0.991511 -0.208867 0.0281438 0.604909 0.53418 0.0766879 : 0.8
0.579005 0.426653 0.924689 -0.926429 -0.151567 -0.376323 0.204671 0.458651 0.316826 : 0.7
0.617456 0.398826 0.855516 -0.987118 -0.322315 0.0145053 0.604977 0.550483 0.171804 : 0.5
0.625721 0.420729 0.91895 -0.812315 -0.460503 -0.305213 0.510057 0.534075 -0.282766 : 0.6
0.621985 0.447387 0.964538 -0.963576 -0.365628 0.0632566 0.612248 0.759874 -0.254534 : 0.2
0.702235 0.424524 0.91378 -0.980076 -0.268672 -0.146443 0.1209 0.810482 -0.546693 : 0.7
0.693112 0.513965 0.959351 -0.868443 0.0587835 -0.0254568 0.599468 0.435226 0.472417 : 0.5
0.60735 0.353448 0.939291 -0.901937 -1 -0.115286 0.556189 0.17408 1 : 0.9
0.70884 0.369966 0.839042 -0.943449 -0.574709 0.0752716 0.473473 0.77705 0.0625691 : 0.6
0.666319 0.409687 0.797564 -0.797109 -0.262265 0.0582372 0.0925848 0.545425 0.623742 : 0.3
0.669571 0.507844 0.948676 -0.829531 -0.126239 -0.211333 0.295105 0.329034 1 : 0.4
0.683599 0.455857 0.863088 -0.89981 -0.448418 -0.117497 0.384206 -0.322421 0.344938 : 0.3
0.633298 0.4455 0.900256 -0.868971 -0.302143 -0.117813 0.311842 0.434855 0.406042 : 0.6
0.675705 0.451489 0.896084 -0.923845 -0.0567276 0.091699 0.179063 0.551442 0.733567 : 0.7
0.607277 0.308663 0.921071 -0.965265 -0.195816 0.143611 0.736799 1 -0.0259811 : 0.6
0.677264 0.443501 0.882126 -0.88454 -0.0800179 -0.107458 0.290975 0.408703 0.683452 : 0.5
0.620375 0.394767 0.910549 -0.85275 -0.284318 0.0359863 0.807143 0.272174 0.018351 : 0.7
0.646802 0.439684 0.974224 -0.803807 -0.449959 -0.0974699 0.589861 0.223805 -0.583262 : 0.4
0.65791 0.46724 1 -0.834236 -0.469372 0.0698008 0.456909 0.254679 0.418509 : 0.6
0.617415 0.430975 0.94221 -0.909889 -0.209227 0.0758765 0.316134 0.718409 -0.0578132 : 0.8
0.674177 0.358261 0.737535 -0.868462 0.00152355 0.146638 1 0.574954 0.427892 : 0.5
0.747141 0.344645 0.986679 -0.962934 -0.101213 0.0211207 0.2301 0.222245 -0.540853 : 0.6
0.750339 0.282256 0.947958 -0.879308 -0.286224 -0.0251621 0.294066 0.960476 -0.607743 : 0.7
0.732839 0.467521 0.98416 -0.813896 0.134145 0.116259 0.0126929 0.503902 0.87337 : 0.3
0.656436 0.317936 0.817645 -0.859609 -0.0771807 0.0571569 0.398755 0.685713 0.538619 : 0.7
0.724446 0.340084 0.872768 -0.953204 -0.400912 0.137959 0.54323 0.554344 0.295003 : 0.6
0.639809 0.395437 0.900869 -0.877969 -0.364532 0.0577302 0.682924 0.706861 -0.554737 : 0.6
0.620718 0.445358 0.965915 -0.931386 -0.559246 -0.288611 0.872996 0.352281 0.276103 : 0.6
0.581265 0.387515 0.922736 -0.902187 0.0451927 0.151724 0.271819 0.693518 0.935507 : 0.6
0.659633 0.456718 0.942838 -0.8326 -0.56896 0.0189111 0.463022 0.325224 0.0922511 : 0.6
0.657735 0.284432 0.886005 -0.904198 -0.301215 0.020391 0.500629 0.709371 1 : 0.4
0.655189 0.440577 0.930696 -0.980456 -0.198251 -0.176345 0.775781 0.968674 0.566076 : 0.6
0.677755 0.255943 0.892976 -0.981116 -0.504499 -0.0697052 0.34297 0.723212 0.380278 : 0.7
0.643132 0.499009 0.918917 -0.929899 -0.926314 0.00627 0.677504 0.459891 0.216641 : 0.6
0.652984 0.383332 0.918168 -0.872179 -0.129107 0.0480517 0.301346 0.167117 0.823929 : 0.7
0.655125 0.356881 0.880101 -0.989735 -0.150468 -0.0851437 0.70841 0.545397 -0.227667 : 0.7
0.65649 0.400842 0.861863 -0.886872 -0.358498 0.0845784 0.432937 0.563632 0.12383 : 0.7
0.690094 0.393844 0.926438 -0.934389 -0.513108 0.0117163 0.665413 0.817034 0.0268307 : 0.9
0.689256 0.49866 0.917443 -0.854566 0.0189881 -0.0198517 0.17816 0.415337 0.332888 : 0.7
0.619452 0.43033 0.86644 -0.849338 0.0649493 0.00111454 0.188167 1 0.13031 : 0.7
0.599089 0.433275 0.873527 -0.908139 -0.501873 0.0782935 0.664741 1 -0.376954 : 0.7
0.706669 0.393417 0.905056 -0.967546 -0.128114 0.0973667 0.333875 0.575665 0.593416 : 0.3
0.640604 0.430006 0.934384 -0.925514 -0.0404298 0.0325477 0.421997 0.46568 0.667971 : 0.3
0.641403 0.441321 0.883683 -0.919218 -0.215043 0.244834 1 0.70602 0.191782 : 0.6
0.852865 0.259577 0.895028 -0.844427 -0.238084 -0.0288976 0.214424 0.637721 -1 : 0.4
0.680964 0.386467 0.879687 -0.779344 -0.231249 -0.0157119 0.183598 0.6828 0.996421 : 0.5
0.541105 0.158137 0.859935 -1 -0.338511 0.143451 0.655754 0.249361 -0.185833 : 0.7
0.732006 0.403119 0.977882 -1 -0.332885 0.00304097 0.336087 0.680277 0.42722 : 0.6
0.510758 0.368815 0.89113 -0.91854 -0.332694 0.0749032 0.605356 0.607791 0.78362 : 0.6
0.702747 0.355914 0.942513 -0.849797 0.0891156 -0.00311601 0.725108 0.39498 0.759158 : 0.6
0.531693 0.65913 0.754373 -1 -0.281082 0.0928978 0.118695 0.363826 0.70746 : 0.7
0.675039 0.381601 0.870519 -0.930548 -0.299303 0.0437686 0.507422 0.478211 0.089222 : 0.6
0.682344 0.437555 0.791526 -0.924148 -0.113828 0.153386 0.283215 0.579757 1 : 0.7
0.665694 0.369815 0.922498 -0.885396 -0.107165 0.0492525 0.509225 0.465442 0.659078 : 0.5
0.622446 0.415421 0.928112 -0.871311 -0.257299 -0.0277132 0.590592 0.0962393 0.100313 : 0.7
0.683307 0.433923 0.874369 -0.964502 0.019724 0.00488478 0.501338 0.382798 0.0959481 : 0.8
0.833452 0.418991 0.892599 -0.954981 -0.0856312 -0.169501 0.412799 0.645418 0.448552 : 0.6
0.733313 0.363156 0.986578 -0.84191 -0.412239 0.136245 0.396112 0.149542 -1 : 0.7
0.735907 0.477927 0.983588 -0.683557 -0.0383027 0.0945872 0.605295 0.788942 0.431868 : 0.5
0.713241 0.439566 0.91187 -0.91148 -0.177485 0.0291183 0.287046 0.721319 0.922487 : 0.6
0.811498 0.52765 0.90466 -0.8931 -0.124795 0.266132 0.314165 0.760878 -0.0551677 : 0.6
0.677011 0.354777 0.853926 -0.919395 -0.291612 0.0165131 0.484683 0.693296 0.48318 : 0.7
0.513178 0.314116 0.669587 -0.858398 -0.253465 0.0157336 0.732026 0.322339 0.720946 : 0.7
0.638075 0.402428 0.883421 -0.861226 -0.306661 -0.149039 0.500093 0.0215358 0.27119 : 0.7
0.694938 0.35008 0.932392 -0.848277 -0.36286 0.018877 0.469128 0.525714 0.603167 : 0.8
0.682123 0.365928 0.87886 -0.861244 -0.136532 0.027057 0.14589 0.427784 -0.0986249 : 0.8
0.658908 0.42127 0.907356 -0.84952 -0.335705 -0.0653717 0.376585 -0.179841 -0.237017 : 0.7
0.66218 0.431222 0.940517 -1 0.00220381 0.0273815 0.812365 0.34585 -0.173976 : 0.9
0.662059 0.382626 0.820845 -0.914416 -0.312221 0.12774 0.335251 0.515657 -0.0478703 : 0.7
0.632861 0.387513 1 -0.929908 -0.398484 -0.00680929 0.387899 0.412961 0.128204 : 0.5
0.433709 0.350901 0.89891 -0.922637 -0.145799 0.0823149 0.25248 0.561274 0.743863 : 0.2
0.769149 0.402237 0.81203 -1 -0.04027 -0.316731 0.162772 0.83547 1 : 0.9
0.683464 0.418008 0.735404 -0.824684 -0.648298 -0.0682164 0.542605 0.45548 -0.270163 : 0.3
0.649908 0.359385 0.901241 -0.77475 -0.20252 0.0363655 0.266243 0.690116 -1 : 0.6
0.840332 0.244207 0.845515 -0.99084 -0.221124 0.0773146 0.228979 0.730502 0.676901 : 0.6
0.675782 0.286935 0.918991 -0.97388 -0.399349 -0.16664 0.537283 0.391871 0.97183 : 0.4
0.703138 0.369352 0.800619 -0.792241 -0.162867 0.161185 0.313859 0.461842 0.243502 : 0.7
0.618541 0.450475 1 -1 -0.260926 -0.571241 0.169489 0.830371 -0.00760529 : 0.6
0.69263 0.406732 0.957315 -0.851508 -0.510115 0.00267528 0.383846 0.682952 0.236509 : 0.4
0.616316 0.401408 0.925172 -0.881983 -0.291185 0.085231 0.406397 0.977735 0.225138 : 0.5
0.658251 0.41725 0.619506 -0.834982 -0.309728 -0.0661106 0.805065 0.424261 -0.119283 : 0.6
0.695206 0.424415 0.860765 -0.886431 -0.134677 0.00755277 0.296151 0.279856 0.00290289 : 0.5
0.671538 0.377528 0.9804 -0.921358 -0.163432 0.0195485 0.372371 0.662117 0.457768 : 0.8
0.633519 0.405901 0.938552 -0.918648 -0.271439 0.147774 0.316936 0.619193 0.318339 : 0.5
0.718305 0.379882 0.898197 -0.909665 -0.23555 -0.0657033 0.685622 0.433185 -0.336329 : 0.7
0.686792 0.403487 0.946795 -0.848247 0.0799358 0.12016 0.140669 0.817285 1 : 0.6
0.647531 0.482417 0.904291 -0.974439 -0.206865 0.104272 0.199921 -0.0491566 1 : 0.5
0.643149 0.19291 0.982713 -0.94304 -0.0847629 0.0396763 0.313955 0.850308 -0.96261 : 0.5
0.711293 0.500825 0.648497 -0.8494 -0.344604 -0.0802115 0.446459 0.386579 0.68026 : 0.5
0.730635 0.435501 0.916858 -0.973359 0.0607406 0.22489 0.462143 0.515456 0.557361 : 0.8
0.669887 0.43738 0.98723 -0.799996 -0.36333 0.190833 0.85602 0.478226 -0.160301 : 0.6
0.567395 0.271199 0.907549 -1 -0.189932 -0.0804105 0.833378 0.253569 -0.114159 : 0.6
0.799474 0.248398 0.929616 -0.968795 -0.432324 -0.330749 0.306607 0.76229 0.680641 : 0.5
0.476619 0.352934 0.915087 -0.943612 0.0393884 -0.0203119 0.378403 0.587412 0.517718 : 0.6
0.615006 0.387057 0.912779 -0.874857 -0.450538 -0.213347 0.3614 0.41579 0.00727411 : 0.8
0.671492 0.296994 0.810567 -0.865571 -0.0322555 0.105058 0.623575 0.621278 0.211289 : 0.6
0.586938 0.308883 1 -0.844391 -0.250485 0.153447 0.928604 0.228462 0.267938 : 0.3
0.696218 0.447804 0.842281 -0.841146 -0.179919 0.0756625 0.47438 0.594078 0.559651 : 0.6
0.869029 0.281648 0.929902 -0.959202 -0.130847 -0.444932 1 0.5541 -0.474921 : 0.6
0.675451 0.392725 0.905624 -1 -0.27365 -0.0298401 0.679492 0.964714 0.715794 : 0.5
0.586519 0.34526 0.936302 -0.94471 -0.32433 -0.0606549 0.402456 0.576664 0.0210766 : 0.6
0.695745 0.624939 0.847895 -0.823274 -0.175119 -0.0451257 0.101818 0.510015 0.0909247 : 0.5
0.626207 0.346091 0.921155 -0.864496 -0.0775795 -0.0347867 0.275452 0.205979 0.365513 : 0.6
0.57457 0.276181 0.961003 -0.955145 -0.15985 -0.0309675 0.309071 1 -0.525795 : 0.6
0.726149 0.410045 0.836568 -0.88308 -0.297513 0.067169 0.762907 0.66319 0.166913 : 0.7
0.657621 0.441795 0.815656 -0.922003 -0.0750895 -0.139207 0.381133 0.881926 0.738694 : 0.5
0.654895 0.371783 0.846888 -0.963353 0.024558 0.0251377 0.243956 1 -0.797801 : 0.6
0.631105 0.38298 0.841062 -0.877434 0.157474 0.033763 0.413621 0.571119 0.782586 : 0.4
0.613274 0.480003 0.98409 -1 -0.555468 0.0926198 0.478713 1 -0.215435 : 0.6
0.643645 0.265997 0.991466 -0.812995 -0.0290009 -0.092774 0.739764 0.460973 -0.409221 : 0.6
0.710681 0.459103 0.942365 -0.908525 -0.250003 0.221943 0.290903 0.148505 0.881347 : 0.4
0.715833 0.368898 0.89751 -0.957261 0.0121296 0.201204 0.693244 0.866966 0.118266 : 0.3
0.585416 0.382827 0.91195 -0.926935 -0.434151 -0.199452 -0.424756 0.604713 -0.0794971 : 0.7
0.665679 0.318986 0.8715 -0.794581 -0.149249 -0.078223 0.487696 0.780503 -0.0311219 : 0.8
0.671976 0.420064 0.814356 -0.804432 -0.371062 -0.0763253 0.70723 0.795989 -0.251498 : 0.7
0.696514 0.403787 0.830949 -0.97644 -0.233358 0.0177164 0.37489 0.454209 -0.0731871 : 1
0.613116 0.396449 0.91583 -0.864501 -0.368354 0.0211759 0.700539 0.163967 0.336584 : 0.7
0.660681 0.336974 0.98911 -0.830552 -0.410227 -0.174659 0.356928 0.767968 -0.113368 : 0.7
0.480661 0.389049 0.876067 -0.96404 -0.293436 0.107423 0.425813 0.531958 -0.294256 : 0.4
0.650485 0.466132 0.884436 -0.905589 -0.162053 0.128523 0.419423 0.808732 -1 : 0.3
0.682375 0.404952 0.900352 -0.770228 -0.247515 -0.00517777 0.288161 1 0.233603 : 0.7
0.707187 0.373133 0.998391 -0.843731 -0.972159 -0.0439063 0.634322 0.152619 -0.0593526 : 0.6
0.61841 0.453499 0.945691 -0.829513 -0.207908 0.176907 0.474805 0.943567 -0.138367 : 0.9
0.648316 0.382744 0.799725 -0.8279 -0.0288888 0.201486 0.868035 0.496929 0.525666 : 0.3
0.649307 0.372544 0.864547 -0.948802 -0.122729 0.0928863 0.457641 0.692033 0.576306 : 0.6
0.604032 0.343412 0.905824 -0.897538 -0.0904442 -0.186269 0.104029 0.409711 0.526094 : 0.6
0.63417 0.255637 0.899164 -0.744999 -0.229258 -0.101524 0.279443 0.736247 -0.634681 : 0.7
0.748084 0.356107 0.846196 -0.816893 -0.347143 0.124287 0.291137 0.468637 0.111687 : 0.6
0.670016 0.444435 0.880768 -0.898137 -0.0654365 0.0541326 0.27186 0.609004 0.0453966 : 0.6
0.651826 0.479133 0.930131 -0.85918 -0.412067 0.0808416 0.500176 0.735877 -0.736175 : 0.6
0.6527 0.401197 0.979941 -1 -0.373337 -0.0467017 0.519092 1 0.598106 : 0.7
0.659792 0.448573 0.77115 -0.788189 0.255719 -0.00815114 0.472999 0.605157 0.101423 : 0.8
0.854709 0.411215 0.954177 -0.933249 -0.579802 0.132111 -0.359217 0.827342 0.513562 : 0.5
0.684185 0.372939 0.888779 -0.812214 -0.219062 -0.177933 0.663631 -0.00747911 0.0726049 : 0.4
0.645948 0.491065 0.895643 -0.959305 -0.593737 0.240069 0.283745 0.44664 -0.108438 : 0.5
0.675559 0.461324 0.891655 -0.989043 -0.446568 -0.0707862 0.685249 0.527012 0.0872759 : 0.5
0.530644 0.349397 0.952401 -0.954312 -0.161711 0.0708986 0.605305 0.527067 -0.797137 : 0.7
0.699804 0.252223 0.922259 -0.959996 -0.268024 -0.208111 0.432889 1 -0.904479 : 0.8
0.592544 0.427535 0.893132 -1 -0.114049 -0.032273 0.10993 0.466114 -0.387787 : 0.3
0.679672 0.380277 0.760592 -1 -0.187431 0.020351 0.613728 0.465975 0.53691 : 1
0.810679 0.422106 0.908996 -0.884385 -0.0542596 0.0148494 0.695582 0.179059 0.0961932 : 0.8
0.648541 0.418502 0.957748 -0.946367 -0.4384 -0.107234 0.431169 0.296991 0.899881 : 0.7
0.81662 0.298131 1 -0.887105 -0.311269 0.1079 0.69369 0.699944 0.510414 : 0.6
0.633189 0.349731 0.994474 -0.886979 -0.647221 0.135641 0.572304 0.636936 0.575538 : 0.7
0.642448 0.316084 0.946805 -0.83301 -0.752906 -0.0416418 0.969529 0.390491 0.0610171 : 0.7
0.67625 0.2564 0.810981 -0.884596 -0.123118 -0.220531 0.637297 0.460594 -1 : 0.7
0.629071 0.38069 0.927791 -0.90508 -0.225563 0.0161569 0.530634 0.153753 0.0953362 : 0.7
0.670589 0.452332 0.868204 -0.914324 0.00346106 -0.00835944 0.742868 0.318361 -1 : 0.7
0.662546 0.412394 0.791759 -0.932125 -0.215256 -0.0737239 0.696258 0.397848 0.699629 : 0.4
0.657237 0.422461 1 -0.966457 -0.129738 -0.0342936 0.430786 0.62869 0.143953 : 0.6
0.615455 0.418143 0.923346 -0.832749 -0.134504 -0.0186288 0.860946 0.764131 0.437655 : 0.8
0.659401 0.439764 0.909401 -0.872444 -0.278853 0.13545 0.300958 0.670272 0.429877 : 0.7
0.66823 0.406324 0.88595 -0.782773 -0.329825 -0.144645 -0.00247283 0.255135 0.444184 : 0.7
0.668419 0.368437 0.902666 -0.947322 -0.274184 -0.0744139 0.766371 0.833032 0.497109 : 0.6
0.677776 0.333731 0.966028 -0.973753 -0.338759 -0.205814 0.378115 0.486322 1 : 0.7
0.500767 0.330511 0.9185 -0.967719 -0.125996 -0.00896101 0.376925 0.78046 -0.138959 : 0.5
0.729347 0.425939 0.946486 -0.999885 -0.0947441 0.301428 -0.00720567 1 0.38346 : 0.6
0.69136 0.461598 0.935528 -0.857316 -0.305398 0.0386664 0.341446 0.405134 -0.0458172 : 0.8
0.618614 0.357807 0.924034 -0.994293 -0.0903226 0.0431443 0.368577 0.543343 0.165866 : 0.6
0.646837 0.372463 1 -0.890314 -0.424924 0.0767263 0.291011 0.593455 0.348877 : 0.7
0.69127 0.487939 0.681743 -0.922491 -0.38262 -0.225703 0.240869 1 0.43118 : 0.7
0.627615 0.361093 0.887549 -0.951023 -0.265882 0.0646453 0.312696 0.335746 0.268362 : 0.6
0.689042 0.353386 0.939062 -0.932848 -0.215561 0.117297 0.339277 0.616974 0.21676 : 0.6
0.724262 0.435497 0.726079 -0.818508 -0.26906 0.0568526 0.0468788 0.606681 0.699338 : 0.4
0.724347 0.383067 0.807155 -0.855129 -0.0834088 0.0461747 0.687275 1 0.178219 : 0.9
0.471489 0.440076 0.890401 -0.998059 -0.130411 0.0254163 0.600836 0.854046 -0.0564429 : 0.7
0.619395 0.451413 0.99459 -0.997428 -0.448597 -0.83007 0.0579773 0.805701 -0.0385902 : 0.8
0.670351 0.422483 0.655539 -0.875368 -0.246007 0.0586571 0.584638 0.484001 -0.289396 : 0.3
0.645958 0.377446 0.918362 -0.902455 -0.170283 0.293634 0.317033 0.590722 0.0115716 : 0.3
0.693099 0.270266 0.881279 -0.931934 -0.290403 0.187398 0.307608 0.478837 1 : 0.7
0.715556 0.592124 0.887062 -0.900194 -0.136111 -0.169012 0.154141 -0.597826 1 : 0.5
0.663732 0.482444 0.924332 -0.914987 -0.171209 0.160152 0.417094 0.615144 0.54617 : 0.7
0.584518 0.354515 0.984583 -0.933788 -0.491708 0.141876 0.238472 0.560719 -1 : 0.7
0.714276 0.352514 0.909342 -1 -0.17764 -0.0587221 0.408752 0.568073 0.469495 : 0.2
0.703607 0.444716 0.921313 -0.741545 -0.276342 -0.0386217 0.222124 1 0.610228 : 0.6
0.559472 0.378138 0.859418 -0.913017 -0.314808 -0.072555 1 0.754845 0.417937 : 0.7
0.707969 0.479209 0.966474 -0.988533 -0.752847 0.0752653 0.598853 0.783783 0.517293 : 0.5
0.655239 0.409793 0.947185 -0.843574 0.0485716 -0.00509171 0.476134 0.388247 -0.0834037 : 0.4
0.601205 0.37222 0.805786 -0.790516 -0.0637442 -0.0273572 0.10891 0.424022 1 : 0.9
0.648875 0.444598 0.953474 -0.868158 -0.418279 0.131002 0.367971 0.287378 0.330614 : 0.6
0.665356 0.376104 1 -0.92478 -0.476829 -0.028979 0.418223 0.860434 1 : 0.4
0.687761 0.385492 1 -0.916646 -0.243778 0.187149 0.130419 0.483109 0.575936 : 0.8
0.683049 0.434507 1 -0.911797 -0.149147 0.101292 0.627807 0.650422 -0.0891525 : 0.5
0.674046 0.389271 0.891787 -0.697945 -0.191595 -0.280817 0.713805 0.599227 0.0630329 : 0.7
0.65674 0.423363 0.936109 -0.873954 0.0125635 0.062498 0.526318 0.637772 0.0545975 : 0.6
0.70598 0.518806 0.881252 -0.87483 -0.0728594 0.0386198 0.267509 0.657699 0.120909 : 0.8
0.704495 0.428043 0.809521 -0.967268 -0.523109 0.294211 0.183925 0.587253 0.417416 : 0.5
0.675861 0.467373 0.893579 -0.93331 0.00262338 0.185429 0.358216 0.616196 -0.0740362 : 0.8
0.669482 0.332278 0.929122 -0.867395 -0.207509 -0.204614 0.636576 0.45337 1 : 0.8
0.698126 0.401856 0.874998 -1 -0.113091 -0.0619386 0.842497 0.841123 0.560951 : 0.8
0.640859 0.377719 0.903595 -0.974885 0.0157067 0.03622 0.649659 0.821522 0.411586 : 0.6
0.669101 0.451384 0.800432 -0.849134 -0.0206464 0.206532 0.695427 0.653269 -0.289489 : 0.9
0.663035 0.329995 0.927835 -0.902978 -0.346528 -0.0771391 0.303111 0.627431 0.0497426 : 0.6
0.710035 0.406743 0.992378 -0.994663 -0.460593 0.0419516 0.340663 0.420126 -0.268148 : 0.5
0.593077 0.335892 0.947577 -0.973682 -0.322135 -0.0340628 0.712685 0.468986 0.0324937 : 0.2
0.708412 0.352898 0.965286 -0.867481 -0.356406 -0.0167418 0.423112 0.71065 -0.416219 : 0.2
0.579406 0.408021 0.938161 -0.9247 -0.400043 -0.212631 0.874523 0.295837 0.00292355 : 0.4
0.630335 0.375098 0.986401 -0.851317 -0.397486 0.0493846 0.689234 0.470929 -0.209186 : 0.5
0.515264 0.422263 0.865449 -0.963961 -0.123467 0.0892209 0.132604 0.587637 -0.169084 : 0.6
0.663482 0.486087 0.923934 -0.839315 -0.305229 -0.0754361 0.0951912 0.396428 -0.63373 : 0.7
0.661429 0.434232 0.947432 -1 -0.12577 0.036825 0.193219 0.453925 -0.215543 : 0.8
0.576479 0.380416 0.905356 -0.978609 -0.159714 0.209027 0.382234 0.771856 0.103704 : 0.5
0.696136 0.382336 0.921534 -0.937314 -0.293043 0.0708634 0.53147 0.432773 -0.463973 : 0.6
0.678987 0.355545 0.834656 -0.806395 -0.164107 -0.143748 0.655605 0.306732 0.0146464 : 0.5
0.679938 0.539794 0.838688 -0.829118 -0.192911 0.116022 0.689151 0.921401 0.255452 : 0.4
0.662118 0.443902 0.914502 -0.948296 -0.515726 -0.101039 0.0694337 0.614605 -0.274598 : 0.7
0.573076 0.371326 1 -0.845136 -0.235704 0.0264222 0.624063 0.357394 -0.270594 : 0.8
0.611623 0.440928 0.928934 -0.811694 -0.0137403 0.0180027 0.738025 0.393671 0.279019 : 0.6
0.679122 0.405981 0.933751 -0.955148 -0.311843 0.229316 0.263093 0.418587 -0.577955 : 0.7
0.691987 0.452393 0.929945 -0.852188 -0.195482 0.00549183 0.506173 0.584026 0.501625 : 0.4
0.602159 0.316566 0.84882 -0.89583 -0.281253 0.110449 0.509543 0.613811 0.489875 : 0.6
0.617236 0.415721 0.853713 -0.844861 -0.310651 -0.135138 0.415128 -0.125501 0.0133655 : 0.7
0.700866 0.416762 0.850498 -0.78293 -0.200211 0.00972809 0.617175 0.552416 0.591033 : 0.7
0.715057 0.440307 0.958937 -0.876224 -0.203862 -0.124989 0.224652 0.397861 0.302211 : 0.8
0.668346 0.405637 0.881537 -0.806879 -0.226855 0.0851124 0.0848319 0.391268 0.331062 : 0.7
0.599789 0.40626 0.952815 -0.936908 -0.0723528 0.0257526 0.478126 0.547385 0.652767 : 0.5
0.734395 0.386695 0.906386 -0.901636 -0.0342978 0.00422204 0.373115 0.583451 0.0796518 : 0.3
0.623103 0.453917 1 -0.746983 -0.472584 -0.560746 0.60236 0.404555 -0.061654 : 0.4
0.620268 0.374493 0.894016 -0.924585 -0.194423 -0.0290735 0.672033 0.361874 0.591393 : 0.7
0.636483 0.420448 0.989958 -0.855637 -0.341652 0.0136676 0.601343 -0.180003 0.706203 : 0.8
0.631222 0.523771 0.923635 -0.881655 -0.2396 0.0101969 0.5795 0.314481 0.294102 : 0.5
0.560097 0.357524 0.925156 -0.842312 -0.158931 0.178264 0.454673 0.64198 0.185643 : 0.8
0.684242 0.466886 0.871657 -0.992671 -0.26278 -0.0317683 0.190751 0.763396 -0.28947 : 0.7
0.693137 0.428799 0.936088 -0.864546 -0.232668 0.134115 0.45017 0.449554 1 : 0.7
0.605327 0.380505 0.905536 -0.894379 -0.287004 0.033755 0.308305 0.620747 0.0923242 : 0.6
0.677022 0.504894 0.879158 -1 -0.431159 -0.000951648 0.340145 0.515342 -0.190032 : 0.5
0.665328 0.449055 1 -0.900891 -0.577205 0.0387322 0.578293 0.617656 0.339679 : 0.6
0.599061 0.3709 0.979864 -0.896235 -0.301158 0.0598086 0.723767 0.822147 0.521626 : 0.7
0.551333 0.330618 0.937428 -1 -0.222524 -0.158885 0.432844 0.456372 0.624089 : 0.5
0.731444 0.474294 0.862516 -0.903418 -1 0.0804485 0.584202 0.903289 0.709328 : 0.4
0.702332 0.343017 0.941854 -0.928375 -0.18364 0.0794919 0.262878 0.56757 0.932968 : 0.5
0.706876 0.447882 0.946348 -0.874427 -1 0.103775 0.640781 0.505018 1 : 0.5
0.509669 0.474818 0.90319 -0.8936 0.122783 0.0204803 0.37492 0.33225 -0.0553056 : 0.7
0.633161 0.383379 0.934355 -0.974254 -0.245356 0.182542 0.602262 0.639705 0.00130785 : 0.6
0.641106 0.36034 0.895046 -0.935593 -0.140442 -0.0203229 0.40311 0.502604 -0.00502983 : 0.6
0.615313 0.500359 0.943688 -0.846758 -0.224951 0.166943 1 0.323658 -0.273956 : 0.8
0.576133 0.470915 0.921551 -0.9466 -0.124035 0.10106 0.29918 0.37368 0.541478 : 0.8
0.587235 0.35146 0.923441 -0.815528 -0.0804254 0.0380215 0.348401 0.552265 0.847684 : 0.7
0.667493 0.271378 0.968336 -0.975327 0.0876917 0.0295108 0.087077 0.714786 0.133285 : 1
0.659829 0.433245 0.943411 -0.87057 -0.710791 -0.0268059 0.307583 0.474072 0.505482 : 0.7
0.667329 0.299027 0.905442 -1 -0.291357 0.0249929 0.346639 0.421655 0.382784 : 0.7
0.673452 0.412846 0.83084 -0.769099 -0.367522 -0.166927 0.545148 0.245201 0.6926 : 0.5
0.6718 0.486053 0.876506 -0.759655 -0.204566 0.0408459 0.464614 0.268908 0.870629 : 0.3
0.714017 0.404654 0.975763 -0.743966 -0.17698 -0.0381041 0.510179 0.338821 -0.0805362 : 0.7
0.623823 0.398542 0.838839 -0.813363 -0.268073 -0.00971751 0.259238 0.499231 0.170862 : 0.6
0.622241 0.376279 0.926017 -0.875311 -0.271214 0.0365083 0.871039 -0.206836 0.268587 : 0.6
0.661565 0.40331 0.936963 -0.886298 -0.942819 0.0850573 0.69243 0.564397 -0.45139 : 0.5
0.525548 0.411436 0.965733 -0.884136 -0.284886 0.0287961 0.682657 0.777764 0.737432 : 0.1
0.573677 0.408778 0.725049 -0.950891 -0.188207 -0.0198849 0.225035 0.246383 0.201592 : 0.5
0.649856 0.385031 0.972581 -0.933333 -0.279297 0.0223242 0.333172 0.485341 -0.189258 : 0.9
0.749625 0.443495 0.952836 -0.873769 -0.263781 0.13696 0.547366 0.603932 -0.263202 : 0.4
0.681936 0.406587 0.898958 -0.977854 0.0964113 -0.0475245 0.836467 0.295991 -1 : 0.4
0.71778 0.396381 0.837582 -0.92543 -0.418528 0.234416 0.260111 0.435091 0.17109 : 0.6
0.677097 0.593426 0.759414 -0.91273 -0.208129 0.0654062 -0.189842 0.427123 0.590931 : 0.4
0.633362 0.391202 0.88045 -0.853947 0.00135255 0.0286018 0.474418 0.467418 0.0624645 : 0.4
0.650688 0.365906 0.847736 -0.854606 -0.318739 0.050346 0.749141 0.557794 0.703925 : 0.6
0.753974 0.426245 0.82667 -0.945419 -0.271568 0.0657489 0.35851 0.407971 -0.0216751 : 0.7
0.485938 0.351037 0.975536 -0.962156 -0.142346 0.226688 0.330375 0.748777 0.653714 : 0.8
0.633419 0.382192 0.925695 -0.899086 -0.333557 0.0957343 0.412738 0.852162 0.874517 : 0.5
0.596826 0.374321 0.960906 -0.98388 -0.0827934 -0.208193 0.577091 0.743349 -0.553471 : 0.2
0.714179 0.398844 0.972009 -0.883029 -0.303122 0.0922548 0.622132 0.814323 0.864137 : 0.8
0.719211 0.506575 0.924319 -0.858358 -0.068136 -0.193139 0.319668 0.244614 0.834971 : 0.9
0.63382 0.386625 0.885058 -0.807437 -0.120125 -0.0317625 0.553633 0.691361 0.131995 : 0.6
0.714263 0.409557 0.945746 -0.92438 -0.266889 -0.494871 -0.0766122 0.0984589 0.389032 : 0.4
0.712601 0.52152 0.940438 -0.902609 -0.28799 0.0378297 0.344015 0.900019 -0.220648 : 0.7
0.702435 0.485419 0.892536 -0.936582 0.00525337 -0.0941355 0.532664 0.755092 0.249125 : 0.4
0.662478 0.423237 0.998891 -0.99397 -0.228326 0.115842 0.0153361 -0.0318572 0.468901 : 0.7
0.679057 0.314377 0.941195 -0.94219 -0.1565 0.247566 0.469434 0.446279 0.180232 : 0.6
0.497947 0.277123 0.855074 -0.747176 -0.20864 -0.111242 0.337726 0.4749 -0.0351317 : 0.2
0.676931 0.383307 0.983325 -0.968439 -0.266233 0.0891975 0.645066 0.783748 0.25066 : 0.6
0.732859 0.477659 0.898976 -0.911369 0.0224354 0.385323 0.14993 0.65609 0.396723 : 0.1
0.680817 0.467964 0.900768 -0.971111 -0.118933 -0.0630066 0.438437 0.670801 0.299081 : 0.6
0.68117 0.388121 1 -0.765944 0.015883 0.0650808 0.285736 0.635714 -0.152579 : 0.5
0.48302 0.383556 0.920335 -1 -0.0590327 0.0270576 0.387027 0.532457 -0.381388 : 0.4
0.558538 0.39399 0.935467 -0.902039 -0.0309411 0.130528 0.324674 0.756193 -0.0694596 : 0.4
0.621651 0.394297 0.901634 -0.873112 -0.0781512 -0.0364689 0.196834 0.771075 -0.427149 : 0.7
0.626984 0.382703 0.88712 -0.903727 -0.256214 0.152665 0.0878479 0.778789 0.733242 : 0.2
0.561071 0.328322 0.911242 -0.942191 -0.485282 0.226832 0.573039 0.573478 0.443582 : 0.3
0.610838 0.323469 0.96542 -0.621446 -0.153111 -0.0413453 1 0.438477 0.69503 : 0.5
0.617878 0.470798 0.944685 -0.87011 -0.0332893 0.0195472 0.985076 0.376143 -1 : 0.4
0.705469 0.525443 0.927431 -0.866344 -0.148928 -0.211335 0.145856 -0.0750461 0.923462 : 0.5
0.679905 0.548376 0.884722 -0.960862 -0.252056 -0.0665383 0.58023 0.00302911 -0.735977 : 0.5
0.557755 0.506314 0.959936 -0.964543 -0.566026 0.180705 0.682639 0.620492 0.531579 : 0.3
0.700325 0.256223 0.94443 -1 0.0601768 0.0660968 -0.108653 1 0.423563 : 0.7
0.704011 0.385641 0.799663 -0.877804 -0.123653 0.0619246 0.367611 0.613021 0.742595 : 0.5
0.643858 0.448495 0.931262 -0.80755 -0.383047 -0.0237836 0.363419 0.420719 0.0853615 : 0.7
0.62056 0.41064 0.915256 -0.930609 -0.536914 -0.748968 0.603374 0.752883 -0.328352 : 0.9
0.56632 0.439451 0.996459 -0.972524 -0.197868 -0.121524 0.347453 0.824479 -0.553023 : 0.5
0.657596 0.406902 0.917904 -0.934938 -0.0394665 -0.356463 0.338589 0.662841 -1 : 0.9
0.612414 0.465693 0.824677 -0.913652 -0.23842 -0.0897635 0.363012 0.530851 0.13355 : 0.4
0.545273 0.446323 0.885797 -0.933598 -0.229454 0.163193 0.246415 0.447527 0.231223 : 0.4
0.661017 0.360569 0.971289 -1 -0.183242 0.285229 0.242631 0.538182 0.661206 : 0.6
0.648199 0.38778 0.827407 -0.894265 -0.0920077 0.277266 0.318477 0.756453 0.0839995 : 0.7
0.621232 0.367501 1 -0.94333 -0.434238 -0.0248114 0.178479 0.483885 -0.433921 : 0.4
0.698639 0.607769 0.842189 -0.965859 -0.122319 0.231939 0.221846 0.0409812 0.968333 : 0.5
0.653653 0.35132 0.873994 -0.86832 -0.115739 -0.0257217 0.189958 0.438068 0.533072 : 0.7
0.658256 0.255835 0.985131 -0.882492 -0.460772 0.0932923 0.832637 1 -0.241183 : 0.5
0.653212 0.20736 0.912328 -0.849456 -0.385605 -0.0960124 0.273345 0.68648 0.238574 : 0.6
0.627121 0.346423 0.825097 -0.93299 -0.129092 0.0753802 0.775258 0.497148 -0.678843 : 0.5
0.612313 0.426477 0.919766 -0.88168 -0.422706 0.0146109 0.489397 0.161338 0.0975842 : 0.3
0.810901 0.554982 0.806988 -0.974227 -1 0.143711 0.693186 0.491532 0.622843 : 0.8
0.687805 0.432602 0.994471 -0.938112 0.232254 -0.0520921 1 0.127973 0.257431 : 0.8
0.647152 0.44409 0.970695 -0.934295 -0.50393 -0.0209975 0.779323 1 0.4294 : 0.5
0.474555 0.398966 0.86773 -0.787576 -0.368471 -0.218665 0.250293 0.841304 -0.821647 : 0.5
0.663762 0.410647 0.795043 -0.725574 0.0169366 0.372989 0.219697 0.773398 -0.125364 : 0.8
0.689516 0.702654 0.952148 -0.933042 -0.105515 0.236038 0.125873 -0.396068 -0.0162434 : 0.6
0.625119 0.392469 0.86101 -0.918322 -0.193393 -0.0882695 0.422512 0.538444 0.00964311 : 0.7
0.559992 0.208969 0.906348 -0.979909 -0.347033 -0.124012 0.728587 0.711253 -0.356874 : 0.4
0.68479 0.377961 0.761498 -0.868189 -0.252516 0.0593925 0.753264 0.887472 0.612984 : 0.6
0.685712 0.32638 0.999526 -0.995427 -0.198953 0.185429 0.241353 0.449195 0.0493226 : 0.3
0.692389 0.264859 0.957431 -0.951013 -0.291552 0.0635023 0.415464 0.396551 0.560191 : 0.8
0.672645 0.396351 0.866957 -1 -0.231502 0.0631599 0.690022 0.754509 0.509228 : 0.4
0.701038 0.387026 0.929417 -0.953537 -0.150477 -0.0375802 0.323456 0.524367 -0.665283 : 0.6
0.777917 0.423409 0.847675 -0.795821 -0.0642236 -0.228775 0.668364 0.616923 0.421141 : 0.4
0.652275 0.387985 0.98591 -0.888844 -0.433163 -0.0162511 0.421747 0.560507 -0.0443285 : 0.6
0.711215 0.442529 0.941909 -0.85982 0.0333187 -0.00935096 1 1 0.0927058 : 0.6
0.621379 0.313588 0.971709 -0.820994 -0.630129 -0.0594825 0.510233 0.524638 0.705203 : 0.8
0.482643 0.314645 0.908789 -0.994453 -0.206101 -0.0572874 0.0624099 0.573139 0.08245 : 0.6
0.644803 0.414017 1 -0.926599 -0.0174908 0.0462975 0.303852 0.380124 0.463623 : 0.4
0.510751 0.337125 0.835935 -0.801134 -0.116808 0.337367 0.366335 0.447129 0.0629876 : 0.7
0.673158 0.354534 0.952845 -0.988072 -0.052935 0.0389955 0.467926 0.637711 0.68443 : 0.5
0.702082 0.591661 0.933055 -1 -0.254839 -0.110624 0.423514 0.809193 0.0171127 : 0.6
0.673399 0.224534 0.902471 -0.900251 -0.370765 0.149924 0.079282 0.082045 0.187899 : 0.8
0.619628 0.377311 0.821543 -0.77964 -0.302393 0.0806616 0.761444 0.375948 0.818971 : 0.7
0.658512 0.40396 0.911768 -0.883397 -0.305485 0.130046 0.887056 0.0893521 0.363657 : 0.7
0.723816 0.273378 0.925061 -1 -0.165631 -0.0291743 0.269755 0.900476 -0.808667 : 0.6
0.774638 0.43644 0.977361 -0.902112 -0.234497 0.227002 0.280957 0.0798311 0.170793 : 0.7
0.635357 0.483611 0.899251 -0.935289 -0.34995 -0.0980944 1 0.787866 -0.754262 : 0.7
0.642784 0.45157 0.910745 -0.976056 -0.58927 -0.179815 0.544081 0.371769 -0.442911 : 0.6
0.666467 0.431446 0.785582 -0.995765 -0.305575 0.0979103 0.02217 0.802059 0.787952 : 0.4
0.635089 0.509659 0.875183 -0.878944 0.0845973 0.0886617 0.762432 0.735263 0.399698 : 0.6
0.710301 0.349177 0.754794 -0.922807 -0.300623 0.13359 0.420722 0.387749 0.352221 : 0.8
0.6539 0.381505 0.905287 -0.914396 -0.481099 0.174418 0.853108 0.418595 -0.428526 : 0.5
0.660274 0.41123 0.841039 -0.867125 -0.326385 -0.0177528 0.517836 0.675906 0.784987 : 0.7
0.67248 0.461126 0.973293 -0.919812 -0.842731 0.0250104 0.848237 0.294072 0.277818 : 0.5
0.605741 0.348316 0.903015 -0.791354 -0.139307 -0.0830842 0.44232 0.131448 0.290629 : 0.6
0.670905 0.474213 0.991506 -0.783328 -0.337701 -0.00728705 0.835891 0.631933 0.868005 : 0.7
0.691848 0.33696 0.983129 -0.836012 0.192815 -0.0122428 0.372509 0.271723 0.228395 : 0.9
0.672044 0.374581 0.762119 -0.905364 -0.374097 0.186348 0.975105 0.457615 0.501854 : 0.7
0.542504 0.414581 0.890966 -1 -0.183433 0.000897263 0.749274 0.444887 0.837956 : 0.6
0.540758 0.369219 0.80067 -0.996212 -0.276507 -0.116576 0.420349 0.575612 -0.410884 : 0.7
0.525591 0.292382 0.935597 -0.874337 -0.15497 0.297339 0.885573 0.425458 -0.131624 : 0.5
0.636013 0.432068 0.809425 -0.880083 -0.26702 -0.00890104 1 0.379646 0.209869 : 0.7
0.582475 0.553101 0.796991 -0.982479 0.0358569 -0.0435778 1 0.35443 0.407432 : 0.5
0.651476 0.442196 0.859083 -0.86905 -0.218278 0.216133 0.857064 0.176369 -0.575687 : 0.8
0.64847 0.338436 0.821383 -0.721299 -0.0573652 0.101175 0.821575 0.355714 -0.143009 : 0.6
0.753437 0.279428 0.915893 -0.922701 0.0451471 -0.00389472 0.590267 0.683329 -0.108437 : 0.4
0.584854 0.466183 0.740258 -0.97439 -0.267458 -0.0348934 0.797522 0.618737 0.326489 : 0.7
0.705019 0.412583 0.873025 -0.711459 0.09079 -0.0733336 0.423563 0.46066 0.213655 : 0.8
0.725805 0.399327 0.936419 -0.872855 -0.180494 -0.226917 0.647783 0.665209 0.210263 : 0.6
0.651866 0.383146 0.957554 -0.867393 0.0249777 0.038802 0.601822 0.716967 -0.277254 : 0.7
0.597366 0.410233 1 -0.961264 -0.132602 0.051942 0.433439 0.104587 0.534688 : 0.1
0.645742 0.264825 0.963277 -0.912245 -0.306231 -0.21934 0.18374 0.659332 -0.453431 : 0.6
0.638414 0.369218 0.827413 -0.741174 -0.193543 -0.137929 0.549653 0.702063 -0.272636 : 0.8
0.650658 0.413445 0.805864 -0.971951 -0.00890645 0.128678 0.503472 0.433541 0.530571 : 0.7
0.659054 0.466993 0.909385 -0.97872 -0.134977 0.254487 0.146586 0.859887 0.37323 : 0.7
0.89061 0.463769 0.877059 -0.922467 -0.398387 0.0790186 0.268203 0.490184 0.0455922 : 0.7
0.521978 0.456786 0.929536 -0.885779 -0.596685 -0.0681603 0.382894 0.55728 -0.441075 : 0.7
0.608747 0.409643 0.979847 -0.911498 -0.234846 -0.0784732 0.19856 0.437424 0.897576 : 0.4
0.659927 0.416922 0.729079 -0.952574 -0.146468 -0.0262081 0.467815 0.646396 -0.601941 : 0.3
0.734057 0.388142 0.833229 -0.90467 -0.304686 0.0200933 0.320173 -0.176418 0.88058 : 0.9
0.679894 0.369519 0.751469 -0.896872 -0.222503 0.0655305 0.704247 0.466112 0.888941 : 0.7
0.606016 0.367515 0.755731 -0.876725 -0.171757 -0.0902935 1 0.636519 -1 : 0.7
0.690835 0.475645 0.842281 -0.880525 -0.0370557 -0.00472406 0.773658 0.907938 0.275773 : 0.5
0.653988 0.385093 0.836472 -0.834453 -0.00430958 0.244879 0.65261 0.682081 -0.104098 : 0.6
0.624043 0.429808 0.869187 -0.902094 -0.453423 0.130313 0.250039 0.596273 -0.0174559 : 0.5
0.691916 0.303768 0.923583 -0.980144 -0.316568 -0.0954619 0.439751 0.478132 0.45986 : 0.6
0.607099 0.372308 0.811612 -0.792029 -0.353751 0.0458532 0.212353 0.354115 0.135099 : 0.5
0.715596 0.392842 0.891649 -0.836708 -0.0704487 0.0451708 0.519796 0.736323 0.483111 : 0.6
0.446808 0.369474 0.736624 -1 -0.038726 0.029674 0.54639 0.845624 0.53987 : 0.6
0.703448 0.395604 0.959525 -0.906074 -0.00355897 0.0900764 0.243629 0.783279 -0.178302 : 0.8
0.639605 0.427077 0.870281 -1 -0.107424 0.222521 0.112185 0.526033 1 : 0.7
0.584627 0.400991 0.70018 -0.913012 -0.0933006 -0.00976299 0.0805262 0.386416 0.391415 : 0.6
0.759674 0.36906 0.916721 -0.92318 -0.0263987 -0.183357 0.420888 0.736683 -0.0967972 : 0.5
0.576123 0.31006 0.82342 -0.803084 -0.269027 0.247775 0.862992 0.624393 0.283881 : 0.7
0.698914 0.386252 1 -0.873202 -0.364643 0.0115759 0.614653 0.0916627 0.158388 : 0.7
0.591297 0.389453 0.945051 -0.938517 0.0242766 0.0883538 0.683609 0.454005 0.163077 : 0.6
0.478119 0.435133 1 -0.891185 -0.862067 0.090371 0.663667 0.664463 0.6024 : 0.5
0.647246 0.299181 0.86526 -0.849454 -0.387277 -0.0934822 0.286856 0.0784318 0.951782 : 0.6
0.676723 0.436319 0.886815 -0.943357 -0.161697 -0.019039 0.45402 0.423188 0.59976 : 0.7
0.659032 0.60572 0.939888 -0.867531 -0.313937 -0.00302467 0.417055 0.459554 -0.198039 : 0.6
0.680358 0.226928 0.984454 -1 -0.224113 -0.0579846 0.018492 0.591784 0.231925 : 0.5
0.742767 0.394274 0.872693 -0.827469 -0.140196 0.0587495 0.386113 0.960049 0.458309 : 0.7
0.629879 0.28622 0.968321 -0.962659 -0.164837 0.067377 0.392378 0.432578 0.0284059 : 0.8
0.610419 0.44343 0.770494 -0.943979 -0.149593 0.0173629 0.652858 0.498396 -0.0997783 : 0.7
0.637968 0.51973 0.955861 -0.921447 0.0455235 0.0253023 0.495347 0.251345 -0.426178 : 0.4
0.661644 0.446622 0.872738 -0.861897 -0.950387 -0.0124628 0.631412 0.607596 0.744764 : 0.9
0.653432 0.411204 1 -0.979207 -0.278617 0.0811598 0.446728 0.601485 0.389156 : 0.7
0.821542 0.404586 0.78619 -0.872703 -0.202684 0.0647149 0.905195 0.450063 0.0849238 : 0.8
0.659262 0.386925 0.94319 -0.965308 -0.234788 -0.0104097 0.66757 0.660159 0.590422 : 0.7
0.655682 0.362045 0.903066 -0.793842 -0.250546 -0.0796577 0.301924 -0.229577 0.527236 : 0.4
0.641894 0.374789 0.812483 -0.885247 -0.171675 0.0748345 0.672607 0.522729 0.45286 : 0.6
0.612147 0.43867 0.851399 -0.931327 -0.409234 0.0472787 0.359323 1 0.356793 : 0.5
0.800094 0.355423 0.984581 -0.974082 -0.809064 -0.292631 0.208429 0.837478 0.771801 : 0.7
0.633592 0.306554 0.976235 -0.974859 0.0488555 -0.180961 0.724172 0.166585 0.607954 : 0.7
0.65514 0.446795 0.871058 -1 0.0972528 0.0988909 0.627207 0.330261 -0.889401 : 0.7
0.735364 0.385913 0.933338 -0.980857 -0.138877 0.00598761 0.19169 0.843575 0.117861 : 0.7
0.724403 0.377894 0.869051 -0.818532 -0.369376 -0.125377 0.623285 0.0628168 0.328369 : 0.6
0.558602 0.391657 0.944523 -0.840471 -0.169288 0.0643902 0.509868 0.318495 0.273727 : 0.7
0.698489 0.371023 0.930143 -0.825538 -0.147473 -0.00574189 0.480367 0.560789 0.482113 : 0.4
0.743893 0.456661 0.958843 -0.894669 -0.444492 -0.0895695 0.756392 0.540239 -0.116735 : 0.5
0.673276 0.335382 0.750127 -0.889608 -0.103768 0.0674828 0.791529 0.744671 0.626117 : 0.6
0.695338 0.456688 0.930895 -0.925958 -0.310989 -0.301707 0.259923 0.711047 0.616117 : 0.7
0.622832 0.355469 0.934363 -0.911801 -0.283471 -0.134893 0.382414 0.708306 -0.0401396 : 0.7
0.616835 0.363496 1 -0.995461 -0.0510418 -0.212375 0.106708 0.474596 0.586285 : 0.7
0.693608 0.361626 0.884925 -0.930043 -0.318666 0.0155998 0.473697 0.637594 1 : 0.6
0.774782 0.506393 0.953654 -0.939206 -0.333632 0.0283276 0.173199 0.449777 0.0529496 : 0.2
0.721454 0.445603 0.974408 -0.895329 -0.42656 -0.0902067 0.436386 0.0706546 -0.244205 : 0.6
0.631065 0.375965 0.839961 -0.771881 -0.319748 -0.0186042 0.169512 0.595141 0.990936 : 0.5
0.652299 0.342224 0.927592 -0.970614 -0.280643 -0.179944 0.401365 0.563309 -0.468479 : 0.6
0.61064 0.581105 0.94048 -0.914682 -0.0461962 -0.123478 0.149821 0.53335 0.950645 : 0.9
0.56613 0.418859 0.927133 -0.875484 -0.345489 -0.00613881 0.0940845 0.48057 -0.132211 : 0.7
0.703348 0.411272 0.791463 -0.869954 -0.189382 0.0167544 0.674768 0.0635922 0.438056 : 0.9
0.615062 0.314182 0.853585 -0.809074 -0.253769 0.00069204 1 1 0.734069 : 0.7
0.664715 0.399936 0.896879 -0.877249 -0.12178 0.120779 0.231482 0.749235 0.127992 : 0.7
0.638753 0.386599 0.824178 -0.739161 -0.0870199 -0.101155 0.299758 0.440471 0.483507 : 0.8
0.615699 0.364221 0.99534 -0.922994 -0.123099 0.0620014 0.400601 0.532841 0.658228 : 0.5
0.670765 0.438028 0.95839 -0.893455 -0.445293 0.181939 0.46677 0.687697 0.48471 : 0.4
0.705077 0.379015 0.906418 -0.959124 -0.202398 -0.110177 0.356516 0.898586 0.0780063 : 0.6
0.642511 0.445738 0.940944 -0.904136 -0.327533 0.0575676 0.675333 0.690639 0.46131 : 0.7
0.694765 0.417624 0.781809 -0.896547 -0.155173 0.281931 0.64175 0.321021 0.653558 : 0.8
0.566242 0.359909 0.892426 -0.834143 -0.244174 0.136176 0.657029 0.673482 0.45526 : 0.5
0.686817 0.373964 0.982869 -0.946404 -0.324558 -0.195431 0.0870227 0.713785 -0.810883 : 0.8
0.60696 0.389419 0.812436 -0.915543 -0.237737 0.100733 0.604112 0.398817 0.207834 : 0.7
0.71159 0.303775 0.943129 -0.745145 -0.0719674 0.0829926 0.662158 0.455409 0.80529 : 0.5
0.578253 0.541952 0.969253 -0.946844 -0.261487 -0.205199 0.495166 0.345415 0.148295 : 0.6
0.534095 0.260411 0.920536 -0.914557 -0.562898 -0.0163264 0.896133 0.388829 -0.143004 : 0.7
0.708362 0.424207 0.90949 -0.845851 -0.0664394 -0.0582079 0.643359 0.377791 -0.30103 : 0.8
0.68719 0.372835 0.906669 -1 -0.370443 -0.0020283 0.521698 0.434469 -0.303904 : 0.5
0.677723 0.421468 0.950662 -0.509406 -0.331349 0.00777949 1 0.444164 -0.291936 : 0.6
0.701771 0.448455 0.813279 -1 -0.0867506 -0.0452156 0.576506 0.766259 0.813187 : 0.3
0.685011 0.403892 0.917822 -0.945063 -0.271236 0.0983061 0.255964 0.707676 0.932088 : 0.4
0.707248 0.307862 0.872098 -0.945252 -0.231841 -0.148242 0.749743 0.45046 -0.221692 : 0.7
0.696925 0.41131 0.89648 -0.944339 -0.330681 -0.0964618 0.436229 0.38219 0.738201 : 0.7
0.618802 0.289506 0.937679 -0.783783 -0.179379 0.0452983 0.420307 0.359597 -0.0113611 : 0.8
