-0.619638 -0.335299 0.111263 -0.0170628 0.693672 0.403491 0.198346 -0.0872291 0.658918 : 0
0.0206441 -0.44174 -0.902567 -0.388631 -1 0.428569 1 0.0465233 0.046034 : 0.1
1 0.151391 0.356796 -0.429338 0.765547 -0.106737 0.558025 -0.17837 0.628601 : 0
0.346892 0.454142 -0.854469 -0.146985 0.164331 -0.366112 -0.201306 0.107126 0.204171 : 0
0.211698 0.665966 -0.0350219 -0.0797687 0.332369 0.847468 -0.0634694 -0.0622403 -0.156898 : 0.2
0.569889 1 0.458298 -0.14635 -0.644758 -0.11704 0.244376 -0.0123945 -0.627852 : 0
-0.512256 0.276006 1 0.284127 0.184601 -0.187939 -0.0745248 1 0.294857 : 0
0.837858 0.958354 0.140929 0.0826829 -0.260542 -0.825707 -0.169959 0.990577 0.376226 : 0.1
0.538047 1 1 1 -0.999575 -0.208139 -0.594689 0.0419466 -0.579855 : 0
0.210737 0.186144 0.166265 -0.481206 -0.230379 -0.0264997 1 0.205911 -0.777829 : 0
0.284986 0.48151 0.115824 -0.470068 -0.620794 -0.314039 -0.225492 0.00402176 -0.117177 : 0.1
0.184428 -0.157373 -0.82234 -0.788171 0.471423 0.26507 -0.137545 0.377713 0.236315 : 0
0.573781 -0.760608 -0.33065 0.241918 0.564461 0.41397 0.0896639 0.0956312 -0.416176 : 0.3
0.664971 1 0.533308 -1 -0.324243 -0.967334 0.155453 -0.0687312 1 : 0
0.659719 0.31211 -0.263475 -0.0398086 -0.596908 -0.234819 -0.461958 -0.682929 -1 : 0
0.243711 0.801411 0.638162 0.0100204 0.490443 0.496299 0.0730479 0.745124 0.633994 : 0.1
0.229035 -0.0102425 -1 0.973513 -0.259298 -0.0738095 1 0.239931 0.361278 : 0
0.688391 -0.545042 -0.139552 -0.15032 0.261387 -0.808587 -0.195177 0.935696 0.585246 : 0
0.793049 0.833487 0.0145671 0.0319422 0.545718 -0.069999 -0.561573 -1 -0.0444036 : 0
0.266907 -0.147162 -0.663636 -0.467546 -0.513847 -0.648562 -0.162176 1 1 : 0
0.199455 1 0.405484 0.363494 1 -0.1213 0.544854 0.347582 -0.106648 : 0
0.592352 0.198756 0.629149 1 0.194405 0.137115 -1 -0.714481 -0.00656411 : 0
0.114329 0.483156 0.92351 -0.479473 -0.130872 -0.352357 0.656657 -0.0305336 -1 : 0
0.51578 -1 -0.473172 -0.420291 0.544303 -0.037087 -0.284251 -0.108003 -0.268606 : 0.1
1 1 0.298595 -0.580784 0.0719223 0.625315 -0.265558 0.665448 -0.546279 : 0
-0.00499009 -0.794362 -0.459277 -0.166733 0.0841373 0.0330725 0.265906 -0.0489841 0.0866404 : 0
0.622844 0.618863 1 -0.10806 -0.13117 0.579516 -0.511225 -0.830711 -0.616949 : 0
0.152616 0.4996 0.800172 -0.942263 -0.0926144 -0.288276 0.847455 0.180971 -0.695475 : 0
0.243425 0.636053 0.00827939 1 0.436744 -0.379865 -0.0230619 0.47886 0.445195 : 0
-0.650893 -0.191834 0.593802 0.256032 0.214169 0.629808 -1 0.484799 -0.559136 : 0
0.617957 0.492291 -0.297784 0.0821234 0.155199 -0.84553 0.642817 0.451968 0.384257 : 0.1
0.968972 0.313899 0.0910736 -0.474977 -0.891009 0.269359 -0.676893 -0.227439 0.500318 : 0
0.258905 -0.254535 -0.376806 -0.559098 -0.289224 -1 -0.0645092 -0.00702515 0.641392 : 0
0.992366 -0.911379 -0.923504 -0.528488 -0.380758 -0.200044 1 -0.00248969 0.44813 : 0
-0.223761 0.335387 -0.705163 0.691628 -0.770742 0.0699144 0.82789 -0.128166 -0.472044 : 0.2
0.919451 -0.0617093 -0.801946 -0.213419 -0.440143 -0.175041 0.869238 0.121536 0.204993 : 0
0.619851 0.611673 -0.0972898 0.260825 -1 0.292499 -0.179281 0.565844 -1 : 0.2
0.484418 0.818257 1 -0.176148 1 -0.365032 -0.347502 -0.424602 0.0999277 : 0
-0.557982 -0.630625 0.515398 0.339426 0.618188 0.0487805 0.0304834 0.266031 0.0142023 : 0.6
0.861843 0.696571 0.284707 -0.310447 -1 -0.0828364 0.673245 -0.0510427 0.420709 : 0
0.555789 -0.207994 0.53291 -0.264439 -0.344484 -0.509294 0.788289 0.236554 -0.640212 : 0
-0.0795318 0.658934 -0.519456 0.0182044 0.874802 -0.625013 -0.282997 -0.410612 -0.257474 : 0
-0.182215 0.774772 0.531205 -0.913148 0.0141749 -0.340907 0.124141 0.217204 -0.390387 : 0
0.309921 1 0.0261873 -0.0989113 -0.235341 -0.0994028 -0.301521 1 -0.0273035 : 0
0.700527 0.792851 -0.375943 -0.509357 0.104879 -0.990416 0.180166 -0.547253 -0.129192 : 0
1 -0.641162 0.966802 0.253563 -0.177036 -0.299848 0.316029 1 -1 : 0
0.593356 0.484015 0.826746 -0.0204521 0.254934 0.826159 0.587373 1 1 : 0
0.830563 0.556762 1 -0.524837 -0.290958 -0.415207 0.0920152 0.213652 -0.54763 : 0
0.143413 -0.121421 -0.405124 -0.461344 -0.581334 -0.0986383 0.877292 -0.546355 -0.517695 : 0.1
-0.079521 1 -0.524392 0.423719 -0.128282 0.631859 -0.212653 -0.269337 0.893569 : 0
0.281904 0.156398 0.499811 -0.0282912 0.651319 -0.00484432 -0.728968 -0.89558 0.531929 : 0
0.616191 0.669876 0.639707 0.656518 -1 -0.712288 -0.649265 -0.87382 0.238752 : 0
0.418862 0.844233 -1 0.197161 -0.0687877 0.275698 0.0775099 -0.789798 0.603003 : 0.3
0.267462 0.653321 0.0262185 0.283205 0.503936 -0.101192 -0.499107 -0.254663 -0.00141263 : 0
0.712172 0.837638 -0.708512 -1 -0.744325 -0.770588 0.0168079 0.172278 0.127589 : 0.1
1 0.35504 -0.694322 0.309572 0.0100955 0.400647 0.604504 -0.288342 0.325247 : 0
0.714078 0.102253 0.647562 -0.363659 0.463218 -0.231571 -0.317831 0.764959 -0.116205 : 0
0.271004 -0.0739535 1 -0.0463259 0.508789 0.963255 -0.417437 -0.257318 0.254091 : 0
-0.347385 0.540442 0.0603993 -0.132608 0.383334 -0.677837 -0.24797 1 0.0202023 : 0.2
0.709087 -0.70528 -0.837611 0.0595381 1 -0.854784 -0.274912 0.321717 -0.0258372 : 0
0.774988 0.0356667 0.22677 -0.360922 -0.352948 -0.932835 -0.308226 1 0.975018 : 0
0.624604 0.824656 0.383671 -0.0634176 -0.446406 -0.188708 -0.171808 0.178575 0.490419 : 0
0.491904 0.83824 0.96525 -0.386545 0.113821 -0.667159 -0.280162 -0.512197 0.592103 : 0.3
0.424539 0.339968 -0.00651988 -0.623033 0.0720567 -0.542203 0.0769318 0.304678 -0.796413 : 0
-0.533748 -1 0.120901 0.0624376 -0.590721 -0.066314 0.334391 -0.0976239 -0.325814 : 0
0.298323 0.240929 -0.275808 0.55097 -0.389795 -0.352333 -0.843233 0.247381 0.102329 : 0
0.239759 -0.644348 0.658418 -0.118616 0.563297 -0.129724 -0.773304 0.125427 -0.0275992 : 0
0.642221 0.952176 0.495463 0.332258 -0.486181 -0.290433 0.0790099 -1 0.428247 : 0
0.611277 -0.579934 -0.664533 -0.109748 0.448405 -0.124022 0.573434 0.211666 -0.523116 : 0
0.581045 0.538995 0.102125 0.442248 0.151075 0.00460086 0.926261 0.247375 0.793037 : 0
0.911267 0.79874 0.936891 0.024711 -0.66565 0.287734 0.777219 -0.154935 -0.323759 : 0
-0.775826 1 0.895585 0.589996 -0.84017 -0.428809 0.281451 -0.607822 -0.392884 : 0
0.603234 0.605972 0.141386 0.0515345 -0.713248 -0.359793 -0.235632 -0.0480226 0.302131 : 0
1 1 0.887892 0.903002 -0.307274 0.360133 -0.433916 0.491226 0.404709 : 0
-0.271901 0.525294 0.96758 0.249756 0.146074 0.984661 1 0.870576 0.736831 : 0
0.570645 1 0.530498 -0.151523 -0.451019 0.217814 -0.924457 0.760611 0.612144 : 0.1
-0.16116 0.398858 -0.268285 -0.116317 0.814981 -0.0394368 -0.249049 0.956145 -0.642063 : 0
0.64915 1 -0.646284 -0.112489 0.421216 0.0377353 0.175316 0.940494 -0.123912 : 0
-0.253101 0.525772 0.338501 0.298892 0.0171021 0.181121 0.083815 -0.570787 -0.886347 : 0.1
0.714813 0.875685 0.541555 -0.333401 -0.290983 -0.491341 -0.175816 -0.717886 0.191074 : 0
0.434463 0.30164 0.0619534 -0.343509 1 0.174065 1 -0.364202 -0.185988 : 0
0.910857 0.740229 -1 0.0407294 -0.533358 0.647473 0.79833 -0.932186 0.48815 : 0
0.706317 0.346092 -0.785916 -1 -0.0635183 -1 -0.135158 -0.0893358 0.426965 : 0
0.535739 0.560409 -0.20754 -0.0459463 -0.825078 0.0459469 0.066046 -0.784388 0.449448 : 0.1
0.80873 0.799909 0.231858 0.435473 -0.292534 -0.237396 1 0.790162 -0.753104 : 0
-0.877319 1 -0.892749 0.638191 0.455758 -0.199439 -0.293376 0.328498 0.978584 : 0
1 -0.285482 0.0468675 -0.0905481 -0.530648 -0.954039 -0.218599 -0.940678 -0.0138938 : 0
0.171493 0.38297 -0.468209 -0.598489 0.450803 0.412984 0.479666 0.702887 0.0795341 : 0
0.203002 0.442519 1 0.249891 0.113938 -0.548848 0.164595 -0.122618 -0.328371 : 0
0.671933 0.456208 0.274401 -0.220577 0.156112 -0.0651461 1 0.0526568 -0.135623 : 0.2
-0.0619128 0.836984 -1 -0.946157 0.289003 0.992614 -0.036254 1 0.583247 : 0
0.0497405 -0.452459 0.624432 -0.206047 0.254071 0.16093 -0.185077 -0.0736547 0.296686 : 0.3
0.745124 -1 -0.488527 0.296786 -1 -0.00555617 0.298342 -0.968572 -0.772681 : 0
0.050995 1 -0.206133 -1 0.829287 -0.282642 -0.218323 -0.583766 0.188761 : 0
0.0987693 0.879218 -0.797918 -0.0309284 0.54185 1 -0.697382 1 -0.261098 : 0
0.613901 0.993499 -0.891018 -1 -0.692854 -0.705043 -0.594146 -0.500852 -0.0476128 : 0
-1 0.0264974 0.276499 -0.16898 -0.991489 -0.796076 -0.237047 -0.0834662 0.187168 : 0.1
0.5151 0.941289 0.120901 0.211363 0.597064 -0.765797 0.671033 0.41799 -0.0928441 : 0
0.358669 0.28675 -0.647019 0.238847 0.283138 -0.517257 0.644735 -0.368548 0.115477 : 0
0.340313 0.924565 0.439395 -0.178361 -1.89096e-05 -0.266634 -1 -0.0320205 -0.817166 : 0
0.167008 0.41273 1 0.330165 0.536453 -0.0210643 0.0941969 -0.3982 0.703897 : 0
0.628084 0.611368 0.0553569 0.652487 -0.404505 -0.0811309 0.481059 0.616838 0.459053 : 0
0.0544204 1 -0.711373 -0.000131071 0.493034 -0.500897 -0.179902 0.950015 -0.0626198 : 0
0.602198 0.52269 0.0920089 0.283408 -0.611385 0.949801 0.695584 -1 1 : 0
0.909309 -0.332656 0.977536 0.631999 -0.123459 -0.560064 0.321821 1 0.834953 : 0
0.180878 1 0.120946 -0.166406 0.46668 0.018254 0.402314 0.175198 -0.686727 : 0
0.859052 0.183194 -0.411735 0.380241 0.217494 -0.371494 -0.229438 0.281246 0.0155354 : 0
-0.0557662 0.442191 -1 -0.949306 -0.143431 -0.620599 0.823092 0.113931 0.870445 : 0
0.736251 1 -0.773378 0.270376 -0.240714 -0.144651 -0.0195922 0.195867 0.821521 : 0
-0.020156 0.34254 0.206078 1 0.053517 -0.449576 0.19288 -0.849696 0.189477 : 0
0.0932316 0.0546944 0.118434 -0.122363 0.287007 0.719915 -0.169495 0.928741 -0.493785 : 0
0.751301 -0.0774978 0.984669 0.312981 0.324357 -0.217875 -1 0.482917 0.585238 : 0
0.361087 0.2918 -0.475678 0.261883 0.372661 -0.149975 0.773318 0.0180239 0.310901 : 0.1
0.652735 0.445117 -1 0.276981 0.631134 -0.0400679 0.321249 -1 0.302448 : 0
0.364632 -0.137105 -0.11435 -0.676982 0.565856 -0.76359 -0.21153 -0.112141 0.393282 : 0
0.0217071 1 0.158898 -0.119609 -0.00946015 0.0399973 0.139078 -0.786452 -0.333063 : 0
0.611765 0.531487 -0.439979 -0.556676 0.503833 -0.872657 0.252701 -0.666554 -0.697098 : 0
0.53573 0.062861 0.378054 0.483152 0.400233 -0.50758 -0.206816 -0.507707 -0.40972 : 0.3
0.5256 0.364375 0.217124 0.212497 -0.343957 0.00280762 -0.811882 0.424852 0.37964 : 0
0.510373 1 0.24128 -0.247508 -0.0923059 0.498376 1 -0.36342 0.99426 : 0
-0.528159 -0.227799 0.151607 0.152738 -0.752369 0.801457 0.923164 -1 0.394014 : 0.2
0.485327 0.225672 -0.112374 0.237344 -0.209902 -0.331321 0.170457 0.806646 -0.161677 : 0
0.764104 -1 0.313687 0.631744 -0.00180697 0.694657 0.23763 -1 0.0859552 : 0
0.600074 0.243751 0.519534 0.514383 0.592947 0.390932 0.940312 0.385834 -0.506268 : 0
0.897629 0.54202 -0.559427 -0.301594 0.215758 -0.791401 0.657822 0.430801 -0.73055 : 0
0.35695 0.587403 0.177568 0.563964 0.294621 0.258884 0.795289 -0.730407 -0.486579 : 0
0.50585 0.0954218 -0.64632 0.0257683 0.581172 -0.53521 0.479847 0.201376 -0.733574 : 0
-0.23381 -0.407087 1 -0.19915 0.337272 -0.039811 -0.0876772 0.04097 1 : 0
0.211899 -0.413825 -1 0.152454 -0.364942 -0.39169 0.118063 0.102858 0.345598 : 0
0.224907 0.720755 0.0468247 0.0477363 0.164911 -0.114841 0.308145 0.373496 0.414095 : 0
0.227934 0.6147 0.625957 0.382733 0.131755 0.867583 -0.12694 0.448497 0.21525 : 0.2
0.72278 0.310814 -0.240998 -0.562835 0.237836 -0.812634 0.742197 0.0238688 0.647311 : 0
0.465883 0.893343 0.259356 -0.164621 -0.0723036 -0.0168046 0.445004 0.108762 0.360499 : 0
0.900428 1 -0.81701 0.0765196 -0.369779 -0.204923 -0.718859 -1 -0.22659 : 0
-0.464506 1 -0.267597 0.291249 0.479612 0.247979 -0.175276 0.238664 0.152201 : 0
0.693629 -0.447788 0.121262 0.195317 -0.724932 -0.189712 0.90483 -0.987053 0.883739 : 0
-0.0755005 0.801633 0.348678 1 -0.340898 -0.903858 0.462421 -0.0688174 0.830224 : 0.2
0.842157 0.543786 -0.595896 0.230936 0.214804 0.993099 0.0299728 -0.966326 -0.841027 : 0
0.284495 1 -0.302206 -0.144471 0.314761 0.174257 -0.0851515 0.117194 0.955557 : 0
0.252474 0.365598 0.163778 -1 -0.744061 0.852744 -0.0695924 0.464638 -0.0199542 : 0
0.191889 -0.184112 -0.487028 -0.407108 -0.927565 -1 0.792558 0.95222 0.351845 : 0
0.695001 1 -0.821472 -0.24193 -0.209781 -0.647345 0.0281893 0.207747 -0.45822 : 0
0.997849 0.520027 -0.231468 0.287196 0.438983 -0.0996473 0.357723 0.68581 -1 : 0
0.45028 0.838509 -0.334324 -0.156436 0.0313837 0.369516 -0.0657475 -0.0442912 0.42225 : 0.5
0.441628 0.42721 0.0360851 0.053213 -0.505548 -0.0619551 -0.841259 0.395707 0.00329405 : 0
-0.0876842 0.105702 0.564288 0.157705 -0.816949 0.398738 -0.562855 0.038755 0.337158 : 0
0.145183 0.607007 -0.147107 0.615767 -0.882678 -0.0380934 0.29167 -0.888995 1 : 0
-0.430689 0.998063 0.0857481 0.439243 0.00880772 0.578625 -0.680157 -0.105394 -0.0995974 : 0
0.391068 -0.44578 -0.138935 0.129034 -1 -0.242626 1 0.370072 -0.549706 : 0
0.00448757 -0.469708 0.277884 0.0726952 0.422887 -0.178184 0.3604 0.189724 -0.137179 : 0.1
0.182235 1 -0.4681 -0.0245159 -0.202742 -0.277536 0.608547 0.940424 -0.741648 : 0
0.661088 0.152712 -0.171946 -0.598237 0.717611 -0.442784 0.0171088 0.44476 0.315734 : 0
0.528833 -1 0.229707 0.136132 -0.22643 0.12369 -1 0.184001 0.381634 : 0
-0.646442 -0.271081 0.0286965 0.78385 0.32143 -0.623553 -0.383653 0.456492 0.0279335 : 0
-0.804434 1 0.533918 -0.553957 -0.468636 -0.328017 -0.869735 0.0264682 -0.0764003 : 0
1 -0.0742562 0.0140702 -0.0416883 0.0392574 0.100935 0.202555 0.309186 -0.968697 : 0
0.00246128 0.799844 0.124578 0.633918 -0.370455 -0.618143 -0.096186 -0.0874109 0.594005 : 0
0.076234 0.386379 0.563298 -0.0167142 -0.528177 0.602468 0.580618 0.44639 -0.202821 : 0
-1 -0.0066269 -0.489111 -0.390858 -0.194219 -0.280933 -0.0334864 -0.0140233 -0.0909702 : 0
0.482803 -0.732897 -0.425063 0.309688 0.712283 -0.174417 0.461249 0.836768 -0.119891 : 0.1
-0.00365022 -0.199759 -0.804638 0.147608 -0.904957 -0.165166 0.875804 -0.377229 -0.0753732 : 0.3
0.597223 0.735499 0.0149478 0.0286905 -0.322193 0.795239 0.361296 0.00604182 0.0811596 : 0
1 0.691623 -0.392948 -0.0921396 1 -0.976358 -0.616359 0.912027 0.508164 : 0
0.277054 0.763292 -0.715582 -0.163132 0.56557 -0.0574007 -0.572095 -0.105546 0.103143 : 0
0.396068 -0.269752 -0.864528 -0.168287 0.801547 -0.311525 -0.0897512 0.306022 -0.439294 : 0
0.306457 -0.046236 -0.6853 -0.790271 0.318956 0.787848 -0.245627 0.528759 0.25957 : 0
-0.635784 0.0337567 -0.622134 -0.161771 -0.00999702 -0.240679 -0.256802 -0.12447 -1 : 0
0.510176 0.858431 -0.217457 -0.126567 0.752649 0.0173479 -1 0.500513 0.990817 : 0
0.626463 0.995994 0.0913669 0.363535 0.053828 -1 -0.0466881 0.288836 1 : 0
0.637831 0.40217 -0.672019 0.263068 -0.0867504 -0.287301 -0.130919 0.100117 0.552731 : 0
0.788363 1 -0.708498 -0.623412 -0.0454352 -0.147387 -0.166648 -0.357993 -0.620801 : 0
0.273074 -0.245206 0.890886 0.490731 -0.14763 -0.435089 0.00750914 0.610959 -0.611477 : 0
0.292891 0.810874 0.229384 0.0783244 0.270305 0.214263 0.398003 0.924927 0.060574 : 0
0.700066 -0.867422 -0.228158 0.313702 -0.987667 -0.365301 0.0369182 -0.912399 -1 : 0
-0.079832 -1 0.252666 0.358164 0.218974 0.0930668 -0.333405 0.123811 1 : 0
0.0982962 0.488755 0.0838566 0.0914788 0.232656 -0.471274 -0.152071 0.947536 0.644607 : 0
0.810792 0.147912 -0.109495 0.0221442 -0.422879 0.0778201 0.131902 0.0238649 -0.363235 : 0
0.341786 0.383262 0.0448745 -0.293862 0.931686 -0.419809 -0.113339 -0.0793302 0.438671 : 0
-0.368159 -0.181982 -0.56743 0.583348 0.0640521 0.513946 0.0351891 -0.056515 0.469437 : 0
0.413099 0.291237 -0.0373477 0.470478 0.00367048 0.397158 -0.301812 0.0621085 0.32926 : 0
-0.146581 1 -0.38995 0.387974 -0.753125 -0.0784839 -0.287104 0.243146 0.746644 : 0
0.250632 -0.140124 -1 0.0680339 0.521215 -0.553247 0.189301 0.251495 0.255562 : 0
0.53797 1 0.427986 0.191738 -0.359036 -0.134108 0.122198 -0.373119 0.636536 : 0
0.418386 0.151231 0.237009 -0.00999773 -1 -0.256076 -0.066575 0.157275 0.0506753 : 0.2
0.596073 0.631794 1 0.482227 -0.631672 -0.381238 0.460416 -0.902269 0.236825 : 0
-0.0510225 0.107787 0.163617 -0.159263 -0.731286 0.366551 0.125136 -0.161264 0.189349 : 0
0.435092 0.593891 -0.101084 0.19235 0.42434 -0.63938 -0.381331 0.986162 0.183039 : 0.1
0.527812 1 -0.452288 0.0341712 -0.509716 -0.303409 0.479969 0.0734143 0.223717 : 0
0.691622 1 0.221138 -0.224208 0.690832 0.115564 0.0569572 0.174209 -0.144686 : 0.1
0.207446 -0.231649 0.333583 -0.261813 0.633852 0.299577 -0.417369 0.0293134 0.371832 : 0
0.839719 0.00807336 -0.310194 0.193449 -1 -1 -0.291757 0.590663 0.324547 : 0.1
0.530411 0.097472 -1 -0.11812 -0.386606 -0.937918 -0.463233 -0.155422 0.204134 : 0
0.0996604 0.360661 -0.182853 0.142034 0.264228 -0.889566 0.0451927 -0.171591 -0.660552 : 0
0.379544 0.302347 0.205027 -0.466013 -0.399276 0.0247763 0.0188337 -0.507222 -0.580103 : 0
0.243625 1 0.413678 0.0370313 0.393077 0.860837 -0.0497751 -0.372743 0.290803 : 0
0.555773 -0.482646 -0.31809 -0.362989 0.336189 0.0867698 0.137302 -0.231685 0.245986 : 0.2
1 0.667754 0.396154 -0.4141 0.443694 1 -0.835293 0.294371 -0.299233 : 0
1 1 0.0628778 -0.521985 0.466058 -0.301059 1 1 -0.529037 : 0.2
-0.687729 0.314602 -0.905043 0.338811 -0.46716 -0.0904061 0.110258 -0.0878349 -0.0312691 : 0
1 0.159018 -0.16587 0.502252 0.455262 0.446813 0.646165 0.226835 -0.0396297 : 0
0.639714 1 0.731754 0.779886 0.0321165 -0.268794 0.796541 -0.00207393 0.368932 : 0
1 1 -1 -0.93876 0.0831544 0.701876 -0.159706 -0.672943 -0.10426 : 0.1
0.69511 1 -0.818412 -0.335841 0.25556 -0.93996 -0.251701 0.903147 0.0567285 : 0
0.560358 0.382021 0.641171 -0.965343 -0.590471 -0.234492 0.809134 -0.341718 -0.770845 : 0.4
0.587657 0.886898 -0.253625 0.600894 -0.425569 -1 -0.311831 -0.89581 0.50501 : 0
0.217413 0.69711 -0.880521 -0.690468 1 -0.650403 0.127307 -0.241415 0.0966702 : 0
0.918923 0.0696656 -0.123997 0.153448 1 0.406443 0.435831 -0.668561 0.598218 : 0.2
-0.0457381 1 -0.0931574 -0.0805387 -0.314662 0.186103 -0.0631467 -0.688565 -0.20948 : 0
0.634254 0.902269 0.224131 -0.602109 -0.249123 -0.965124 -0.870467 0.317071 -0.451255 : 0
0.0128819 1 -1 -0.0912579 -0.288913 0.490098 -0.988923 0.0403625 -0.590741 : 0
0.641918 0.63183 0.269392 -0.0749374 -0.406194 0.397444 0.531087 0.335185 1 : 0
-1 0.6535 0.0466271 0.319157 0.405918 0.394683 -0.186102 0.822415 0.487447 : 0
0.460256 0.43726 0.472598 0.778387 -0.556685 0.117715 0.427059 0.12805 0.187838 : 0
0.473281 0.415415 -0.86056 0.195998 0.0430748 -0.37902 0.328034 -0.136437 -0.031494 : 0.2
0.22169 0.100623 -0.747862 -0.285208 -0.812351 -0.148314 -0.271352 0.489186 0.289264 : 0
0.554382 0.314768 -0.676366 -0.338024 -0.0529119 -0.0804759 0.013587 0.617117 -0.0461386 : 0
0.535576 0.636287 -0.764691 0.0427567 0.312009 0.459702 -0.124725 -1 0.440322 : 0
0.0734603 0.184982 -0.43452 -0.305414 1 0.0714228 0.104553 0.0511333 0.4534 : 0.3
0.80857 0.546715 0.170535 0.429478 -0.642668 -0.047462 -0.730786 -0.103243 0.973764 : 0
0.584599 -0.314973 0.620962 -0.264883 -0.599021 -0.0907105 0.996221 0.638464 0.221506 : 0.1
-0.117051 -0.041189 0.362415 0.0913479 -0.449757 0.606085 -1 -0.381075 0.26699 : 0
0.798571 0.361489 -0.111208 -0.239235 -1 -0.0190678 0.659976 -0.686171 -0.213823 : 0
0.500429 0.523348 -0.70819 -0.0526915 -0.76494 0.32604 0.11686 -1 -0.0665371 : 0
0.946487 0.289607 -0.162305 -0.72644 0.6408 -0.290491 -0.20859 1 0.165977 : 0
0.656987 0.695322 0.399236 0.3752 0.0885389 -0.709683 0.792657 -0.144128 -0.242585 : 0
0.647095 0.861121 -0.302022 -0.156346 -0.817824 0.272244 -0.465417 0.136401 0.344914 : 0
0.617248 -0.226612 0.342398 -0.235262 0.162677 -0.780554 0.032279 0.453167 0.163698 : 0
0.210507 0.653684 0.178449 -0.35254 -0.557424 -1 0.326195 0.145594 0.150405 : 0
-0.398513 0.429869 0.296994 -0.328354 0.201302 -0.05585 0.309402 -0.234582 0.148926 : 0
0.342003 0.619395 0.00382181 0.156134 -1 0.0959978 -0.0720174 1 -0.210778 : 0
0.903016 0.453528 0.63479 0.149026 0.19281 0.568566 0.441779 0.363455 -0.0638584 : 0
0.63995 -1 0.122977 -0.187709 -0.592431 -0.324204 0.919529 -1 -0.117465 : 0.4
0.349675 -0.719459 -1 -0.125944 0.147599 -0.167236 0.752804 0.439716 0.361358 : 0
0.266678 0.525062 -0.874235 -0.052567 -0.61486 0.859698 -0.352555 -0.616432 -0.251235 : 0.1
0.548068 0.219532 0.457464 1 0.571826 -0.724246 0.196995 0.0153225 0.239125 : 0
0.821555 -0.364258 -0.559083 0.671168 0.233241 -0.275485 -0.261069 0.584177 1 : 0.1
0.66849 0.650674 0.617692 -0.801854 1 -0.942018 -0.703555 -0.680317 -0.142721 : 0.1
0.153762 0.888437 -1 -1 -0.85906 0.236757 0.71793 0.131272 0.0777062 : 0.1
0.634709 -0.029123 1 -0.284425 -0.894374 0.0424967 0.253787 -0.306121 -0.144154 : 0
0.523116 0.0380732 0.592226 0.111602 0.388209 0.541645 -0.934849 -0.493745 0.421001 : 0
0.362757 1 0.478622 -0.117758 0.398134 -0.0437388 -1 0.200324 -0.103165 : 0
0.732023 1 0.0054554 0.33078 0.404769 0.0666164 1 0.639787 -0.646516 : 0
-0.109389 0.163866 -0.614257 -0.31853 -0.30512 -0.831005 0.846687 0.0379237 -0.256288 : 0
0.311753 -0.465324 0.218377 0.104531 0.00597835 -0.113379 1 0.117577 0.0569906 : 0
-0.0474145 0.196846 -0.660738 0.711986 -0.562543 -0.805125 -0.463814 -0.859232 0.554836 : 0
0.116945 0.844754 -0.992821 -0.198222 -0.559616 -0.856167 -0.0128768 0.483705 -0.358258 : 0
0.482827 -0.766852 1 -0.129118 0.378784 -0.279727 -1 -0.355494 -0.543092 : 0
0.722339 0.954262 0.092752 0.957713 -0.351384 0.80577 -0.0146919 -0.128877 1 : 0
0.486298 0.00609758 0.214554 -0.932662 -0.586155 -1 0.814188 -0.0903918 0.718275 : 0
-0.0968443 -0.419631 -0.156349 -0.106521 -0.706778 0.805692 0.397655 -0.437593 0.410588 : 0
0.810724 0.576167 -0.333524 -0.000972271 0.304134 -0.627953 -0.479178 0.891659 0.55514 : 0.1
0.731995 0.429698 0.20012 -0.252746 -0.297776 0.273655 0.0985997 -0.938077 0.320858 : 0
0.381807 0.89721 0.0579548 -0.87305 -1 0.0216041 -0.156162 -0.0238506 0.0558167 : 0
0.613968 1 1 0.176498 -1 -0.665938 -0.0780544 -0.502118 0.140088 : 0
1 0.155763 0.873856 0.694384 0.995915 0.382807 0.285041 0.0342295 0.318308 : 0
0.381266 1 0.446445 -0.48292 -0.538294 -0.109337 -0.720077 -0.356698 0.740614 : 0
1 -0.628249 0.682577 -0.108692 0.724065 -0.279434 -1 -0.237493 -0.358534 : 0.1
0.810845 -1 0.126526 0.988725 -0.874379 -0.82423 0.599823 -0.620161 0.440003 : 0
-0.632872 0.98164 0.313118 0.440686 0.642841 -0.0207114 -0.558066 -0.135444 -1 : 0
0.566274 0.898365 0.534932 -0.176015 0.0382898 0.496009 0.956667 0.2468 0.350436 : 0
0.884378 0.816522 0.28355 -0.759979 0.795927 -0.124499 -0.104743 -0.126338 0.355793 : 0
1 0.77006 -0.078689 0.268407 0.30354 -0.297668 -0.238379 -1 0.0566221 : 0
0.175884 0.590745 0.916566 0.647825 0.198655 -0.112575 -0.0465399 -0.533118 0.57761 : 0
0.749184 0.352426 -0.0723134 -0.0976278 0.382916 0.0629247 -0.712471 -1 0.101585 : 0
0.528032 1 0.800191 0.350095 1 -0.66769 -0.0528716 0.234457 0.439895 : 0
0.543439 0.786544 0.905057 0.872314 -0.482658 -0.192411 -0.330875 -0.00663424 -0.314624 : 0
0.184413 0.794068 -0.247597 -0.119301 0.776636 -0.289111 0.0263346 0.225208 0.402985 : 0
-1 0.807404 -0.189945 0.1792 0.252629 0.405208 0.27793 -0.460525 -0.766442 : 0
0.795653 1 0.431778 0.252033 0.12442 1 1 -0.114991 0.139927 : 0
0.248091 0.818438 0.0887001 0.674892 -0.458074 -0.197452 -0.341427 0.593392 0.480634 : 0
0.70632 0.0145318 0.053142 -0.527646 -0.481096 -0.213351 1 -0.072517 0.509697 : 0
0.909202 0.881404 -0.241374 -0.105247 -0.570654 -0.258685 -0.649608 -0.841519 -0.586535 : 0.2
0.792379 0.353429 -0.916594 0.7048 0.158808 -0.693727 0.35286 -0.309207 0.293278 : 0
0.490851 0.00693904 0.163818 -0.269453 1 0.404095 -0.397096 0.656703 0.351698 : 0.2
0.402855 0.59135 -0.566045 0.0257951 0.0145289 -1 -0.0411528 0.0118121 -0.0629828 : 0
0.072352 0.357018 -0.0278586 0.424484 -0.0455307 0.221651 -0.280111 -0.309784 0.623917 : 0.1
0.650066 0.866787 -0.105921 -0.0750937 0.236712 0.324433 0.797487 -0.252329 0.515086 : 0
0.93903 0.911978 -1 1 -0.991939 -0.693475 0.193716 -0.472726 0.299509 : 0
0.673327 0.588127 0.523566 0.374694 0.439162 0.00615684 0.809792 -0.260477 0.588308 : 0
0.170956 0.0738991 -0.523707 0.172077 -0.459702 0.26228 0.497995 0.338903 -0.815773 : 0
0.660395 -1 -0.520165 0.00901628 0.748896 -0.234109 0.758087 0.225137 -0.0791414 : 0
0.529573 -0.442972 0.960858 -0.34251 -0.357279 -0.109837 0.774904 0.327046 0.666333 : 0.5
-0.37959 0.966678 0.897721 -0.144037 -0.331124 0.118489 0.389251 -0.0853612 0.807623 : 0
0.701307 1 -0.270458 -0.389481 0.0204183 0.0334855 0.940681 -0.460299 0.301701 : 0.5
0.339943 0.233471 0.430138 -0.494834 0.590239 0.819872 -0.341556 -0.215751 0.809874 : 0
-0.319895 0.395828 -0.301151 0.253708 0.161398 -0.0651124 0.452153 0.493408 -0.171679 : 0
-0.276 0.0961857 -0.560973 0.476771 0.316686 0.452566 -0.167493 -0.429789 0.455543 : 0
0.54989 0.642683 -0.621378 0.350052 -0.0373719 0.0295629 0.221734 -0.137418 0.955177 : 0
0.730973 0.811264 -1 -0.745525 0.062085 0.463184 -0.00166085 -1 0.442715 : 0
-0.681056 -0.257936 0.398399 -0.0833485 -0.0620955 0.697425 0.210301 0.0665962 -0.276955 : 0
0.450237 -0.319106 -0.428615 -0.386043 1 -0.011588 0.17972 0.412135 -0.461463 : 0
0.305155 -0.0227467 -0.856365 -0.503729 0.696684 -0.684193 0.669665 0.0872946 0.515678 : 0.2
-0.4971 -0.651174 -0.346878 -0.862302 0.453818 -0.436274 0.265993 0.143127 -0.139119 : 0
-0.199305 -0.559442 -1 -0.230712 0.38152 -0.786143 0.884074 0.128814 0.0863678 : 0
0.0325899 0.617493 0.385964 0.347592 -0.682758 0.3179 0.441565 -0.221637 -0.370475 : 0
0.456665 0.0362228 -0.857978 0.530807 0.413011 -0.235292 0.920539 0.953885 -1 : 0.1
-0.104053 0.122303 -0.220456 -0.107943 0.0207721 0.231834 -0.760346 0.483183 0.206481 : 0
0.295289 0.618904 0.186899 -0.262402 -0.245889 0.425155 0.366192 0.466724 0.574677 : 0
0.138074 0.945466 0.382107 -0.0440351 0.700417 -1 -0.627227 -0.580318 0.285123 : 0
0.606863 -0.174881 -0.66958 0.229127 -0.626407 -0.0755918 -0.414935 -0.259401 -0.03322 : 0
0.60708 1 1 -0.112256 0.208158 0.11834 0.375411 0.0277345 0.320155 : 0.2
-0.327528 0.237492 0.459218 -0.0366336 -0.163014 0.95576 1 0.265328 0.750315 : 0
-0.288712 0.362433 -0.0151969 0.212846 0.245305 0.246552 0.268492 -0.0596474 0.879237 : 0
0.629207 -0.620495 0.289783 -0.553786 -0.11298 -0.425758 -0.336055 -0.619992 -0.472643 : 0
0.0530203 1 -0.228015 0.297545 -0.861804 -0.00464284 -0.242806 -0.61105 -0.368904 : 0.1
0.126086 0.986883 0.583283 0.143959 0.859452 0.501755 -1 -0.344928 0.263369 : 0.1
0.239332 0.791716 -0.30168 -0.064107 -0.136351 0.606418 0.502204 0.601215 0.362658 : 0.1
0.630478 1 -0.391669 0.315927 0.375175 0.28437 0.164149 -0.0756709 -0.643979 : 0
0.587804 0.315838 -0.244449 0.669112 0.5617 1 -0.13278 -0.449114 -1 : 0
0.564304 0.68759 0.240321 -0.216176 0.134361 0.470028 0.39871 -0.111194 -0.611879 : 0
0.330327 0.159936 -1 0.222525 -0.270767 -0.440929 -0.633455 0.169724 0.462102 : 0
-0.106704 0.886715 0.734252 -0.251202 0.165679 0.655378 0.764755 0.484855 -0.134004 : 0.1
0.23325 -0.759393 0.292699 -0.313996 0.0139595 1 0.501119 -0.2424 0.107742 : 0
0.0730122 -0.201241 0.0307102 -0.493873 0.140121 -0.327429 0.158605 -0.626716 0.0742023 : 0
0.627569 0.417673 0.10566 0.357625 -0.330834 0.123951 0.228693 -0.999052 -0.0402577 : 0
1 -0.155668 -0.827913 -0.381127 0.420474 -0.179635 0.940752 0.278868 0.0199468 : 0.2
0.0162609 1 -0.039218 -0.238181 -0.65671 0.530473 0.0166476 0.461117 0.00996947 : 0
0.105719 0.709733 -0.492207 0.0747111 0.517407 -0.240829 0.116176 0.126433 -0.0648777 : 0
0.376347 0.193958 0.786169 1 -0.0765204 -0.778529 -0.0169975 1 0.309776 : 0.2
1 0.240476 -0.0343797 -0.151278 -0.273201 -0.570787 0.120649 0.105241 -0.565304 : 0
0.415651 0.800371 0.870946 -0.624416 -0.841325 -0.299825 0.40843 -0.587984 0.202164 : 0
0.651279 -0.149194 -0.0335598 0.047647 0.231637 -1 -0.468415 0.0575275 0.300102 : 0
0.436388 -0.519489 1 -0.17761 -0.347938 -0.318058 1 0.0415368 -0.364351 : 0.1
-0.192693 0.723256 -0.776941 -0.369592 0.191451 -0.220915 -0.268228 -1 0.777676 : 0
0.544097 0.254892 -1 -0.66194 0.104424 1 -0.718733 -1 0.632247 : 0
0.527484 0.447929 -0.0685322 0.684366 -0.428117 -0.995477 -0.0428577 0.811754 0.600928 : 0
0.237741 0.35588 1 -0.120843 0.108999 -0.0784225 -0.00108349 0.456534 0.540656 : 0
1 -0.0372962 0.453167 -0.404189 -0.107579 0.130873 0.846114 0.0142911 -0.180896 : 0
0.523019 -0.750883 -0.897666 0.376615 -0.024202 -0.0333765 -1 0.284685 -1 : 0.1
0.137268 0.64099 -0.291628 0.356319 -0.284045 -0.0632032 0.192828 0.59766 -0.0926711 : 0
0.30841 -0.450912 -0.292427 0.294996 0.451944 -0.47589 -0.163555 0.730383 0.09863 : 0.2
0.18926 0.630674 0.330849 0.267964 0.215928 0.899003 0.117593 -0.872889 0.109018 : 0
-1 1 0.465039 0.831752 1 0.231855 0.289206 -0.195453 0.296366 : 0
0.362073 0.0490131 0.168822 -0.269981 0.274917 1 0.618578 -0.171822 0.531128 : 0
0.327265 0.197216 -0.193221 0.456315 -0.143877 -0.556617 -0.64746 0.0535522 0.137483 : 0
0.141103 -0.16714 -0.424611 0.186421 -0.30219 0.0352629 0.0838956 0.341339 0.161308 : 0
0.809002 1 -1 0.505735 -0.356811 -0.209769 0.156084 0.151308 0.901745 : 0.3
0.724839 0.645152 -0.585774 0.433681 -0.219754 -1 1 0.254423 0.263423 : 0
-0.709068 1 0.308889 -0.15072 0.954387 0.194269 0.512961 0.101114 0.2374 : 0
0.639026 0.598267 -1 0.141318 -0.166255 -0.210716 -0.370518 -0.82169 -0.41096 : 0
1 -0.634453 -0.281455 -0.055133 0.405894 0.124295 -0.471662 0.69091 -0.447056 : 0.3
0.227509 -1 -0.377397 -1 -0.284706 -0.0219535 0.524643 0.61244 0.151496 : 0
0.439589 0.731792 0.156508 -0.0303037 -0.592608 -1 0.237227 1 -0.396377 : 0
0.118012 0.769036 0.0801004 -0.193301 -0.652182 0.461569 -0.596233 0.545657 -0.327093 : 0
0.867669 -0.0947976 0.738609 1 -0.216668 -0.840974 1 -0.433434 -0.53488 : 0.3
-1 0.617663 0.511156 -1 0.504655 -0.132637 -0.313955 0.455549 -0.692142 : 0
0.193589 0.89036 -0.00963509 -0.384603 0.498617 0.52602 -0.997711 -0.295801 0.0607229 : 0
0.518256 -0.335048 0.0405161 0.0391203 0.525271 0.137531 0.724538 0.348942 0.287153 : 0.4
0.491064 0.633513 -0.569167 -0.303157 0.533695 -0.432202 1 0.282546 -0.353585 : 0.1
-0.70571 -0.769845 -0.389468 -0.103988 0.039169 -0.581549 -0.0726264 0.095527 0.53409 : 0
0.212653 0.366967 0.409452 1 0.00504398 -0.330145 0.835657 0.215803 -0.57438 : 0
0.426203 -1 -0.439537 0.191064 -0.307598 -0.144224 -0.00365682 0.197814 -0.0179859 : 0
0.737717 0.972175 1 0.0370037 -0.0668331 -0.452853 0.153189 0.725664 0.467739 : 0
0.750454 0.0937192 -0.0050902 0.0432237 -0.397369 -0.285122 -0.126252 1 0.438292 : 0.2
0.969824 0.162844 0.0313084 -0.798156 -0.822065 -0.0345432 -0.0886847 -0.337101 0.515848 : 0
0.70533 1 -0.904602 0.125489 0.976155 -0.260567 0.193014 -0.0342872 0.396132 : 0
1 0.59752 -0.412727 -0.170804 0.00782597 -0.210012 -0.415128 0.0886712 0.412013 : 0
-0.0664065 -0.258764 0.336694 0.493187 0.671224 0.410987 0.134641 0.485528 0.0527931 : 0
0.549934 0.128508 -0.481408 -0.342909 0.33993 0.0245734 0.432036 0.079122 0.240267 : 0
-0.115034 1 0.287158 -0.198617 0.626796 0.189232 -0.175705 0.240231 0.927864 : 0
0.216955 -0.570755 -0.589711 0.0532226 0.719645 -0.0670442 -0.388196 0.0659273 -0.226318 : 0
-0.0515517 0.155946 0.494074 -0.328939 -0.441175 -0.392542 -0.330928 0.165315 -0.351987 : 0
-0.160342 0.171022 0.290358 -0.241554 -1 -0.7941 -0.271562 0.148229 0.35219 : 0.1
0.560938 0.743186 -0.0984599 0.12318 0.616425 0.207492 -0.337758 0.661771 -0.537695 : 0
-0.736627 -0.232373 -0.311214 0.317968 0.195856 0.336905 -0.570696 0.333116 0.747806 : 0
0.132201 -0.187673 -0.176037 -0.421876 -0.556043 0.825837 0.828706 0.329732 0.391507 : 0
0.551082 0.20661 0.236249 -0.66866 0.573214 -0.0513561 -0.0493122 0.156443 0.606493 : 0
0.772812 -0.422273 -0.222427 0.182775 0.179935 0.0578457 -0.854586 0.215064 1 : 0
-1 0.161038 0.0277264 -0.358667 -1 -0.716244 -0.420585 -0.078138 0.043787 : 0
-0.343742 1 0.302319 0.412117 -0.0873849 0.261645 1 0.527541 -0.382589 : 0
-0.0470675 0.624279 -0.00297408 0.0934 -0.475133 -0.40281 -0.347356 0.558427 0.804599 : 0
-0.356458 -1 1 0.294061 0.11779 -0.135182 0.800966 0.00761481 -0.381902 : 0.1
-0.992378 -0.430848 0.434971 -0.546289 0.171054 -0.394789 0.88402 0.441861 0.485365 : 0
0.417069 0.825603 1 0.611544 0.286911 -0.367499 -0.262491 -0.788564 -0.369452 : 0.2
0.458985 -1 -0.696793 -0.0607856 1 -0.0773477 -1 0.147167 -0.0962608 : 0
-0.706434 0.802199 -0.642344 -0.0416635 0.485494 1 -0.542354 -0.0439838 0.480363 : 0
0.308157 0.332587 0.83408 -0.138224 -1 -0.809817 0.339681 0.743845 0.47597 : 0.2
0.448267 0.806516 0.365831 -0.445615 -0.630788 0.117955 -0.258117 -0.0242166 0.617832 : 0.1
0.0539563 0.970441 0.538396 0.0180054 0.513297 0.302791 0.192385 1 -0.0274248 : 0.4
0.871097 0.909723 -0.591557 0.323735 0.539855 0.0533471 0.276879 0.999874 0.486108 : 0
0.117986 1 -0.192627 0.918407 -0.621231 -0.188338 0.0940421 -0.621907 -0.515084 : 0
0.434431 0.920017 0.331501 -0.21108 -0.85196 -0.277483 -1 -0.108313 -0.110452 : 0
0.0863381 0.526132 -1 -0.476479 -0.0994891 -0.552944 -0.672843 0.547376 0.569289 : 0
0.543824 0.427526 -0.270632 -1 -0.596814 -0.754952 0.0346367 0.331696 -0.0197531 : 0
0.02558 0.393856 0.439849 -1 -0.453349 -0.10002 0.000865765 -0.328559 -0.513436 : 0
0.854694 0.525111 -0.780973 0.982936 0.511869 -0.432189 0.224564 -0.617781 0.311047 : 0
0.36571 0.750078 0.353481 0.0501393 -0.0470839 0.673482 0.0343199 0.494582 -0.136729 : 0
0.9453 0.0795571 0.129857 -1 0.502698 -0.76563 -0.0912542 -0.543026 0.12318 : 0.2
0.519739 0.726873 -1 0.139541 0.763372 -1 0.455219 -0.00950965 -0.178975 : 0
-0.088145 0.544364 -0.47529 0.758616 -0.943789 0.280567 0.248 0.0943427 -0.558451 : 0
0.564741 0.506759 0.307695 -1 -0.197573 0.215364 -0.351832 0.228706 1 : 0
0.220548 0.720355 0.594857 0.187575 -0.396715 1 1 1 0.141893 : 0.1
0.0651958 0.859348 0.823548 0.251007 0.52536 0.790006 -0.0904134 1 1 : 0
0.610213 0.210226 0.452693 -0.198474 -1 0.117581 0.234296 -0.675104 -0.153374 : 0
1 1 0.29877 -0.509189 0.237948 1 -0.855729 0.35337 0.036433 : 0
0.59214 0.678398 0.333578 0.473374 0.549492 -0.0720055 -0.176756 -0.0921917 0.672031 : 0
0.210234 0.705821 0.224309 -0.0702585 0.017803 0.107487 -0.0938874 -0.0495492 -0.669544 : 0.1
-1 0.515168 0.606388 -0.12783 -0.0370163 -0.319171 -0.236894 -0.435173 0.0896242 : 0
0.318766 0.459127 -0.388543 0.16443 -1 0.0414423 0.137581 -0.448606 0.150957 : 0
0.168367 1 0.757385 0.408521 0.320577 0.0181954 0.873256 0.412207 0.278162 : 0
0.122696 0.525708 -0.280766 -0.0933114 -0.660189 -0.495557 -0.684747 0.729312 0.473073 : 0.3
0.393812 1 0.268603 -0.479078 0.783246 -0.450924 0.1488 -0.640952 0.345363 : 0
0.602162 0.584349 0.973791 0.399208 0.189384 0.492264 0.295516 -1 0.546958 : 0.3
0.605497 0.820149 0.0629912 0.115751 -0.888346 0.21671 1 1 0.632349 : 0.1
0.417824 0.910827 0.0301458 0.417781 -0.431698 -0.417969 0.119015 -0.13813 0.490333 : 0
1 0.417477 -0.547223 0.696632 -0.139847 -0.852906 0.198744 -0.197511 0.449469 : 0
0.449318 0.958571 -0.14547 -0.0199181 0.437813 -0.311109 -0.237644 0.451979 -0.0348474 : 0
-0.0815579 -0.0384838 0.683416 0.213171 0.731974 -0.42362 0.217041 0.679427 -0.19506 : 0
0.256125 0.32342 -0.412101 -0.221938 -0.535891 -0.441781 -0.284622 -0.0351957 -0.13214 : 0
0.132207 -0.62475 -0.256152 0.0533472 1 0.837685 0.802078 0.309012 0.221124 : 0
0.392058 0.829212 0.624543 0.129473 -0.675832 0.297325 1 1 -0.13725 : 0
0.464752 0.182282 0.313926 -0.225716 -0.594641 -0.0642867 0.359352 -0.68433 -0.131415 : 0
0.462596 -0.172866 -0.307792 -0.248939 0.33663 0.0602925 -0.391959 0.161558 0.435481 : 0
0.998753 0.753658 -1 -0.499939 -0.611944 -1 -0.326401 -0.170068 0.27703 : 0
0.638157 0.927417 -0.261316 -0.572806 -0.348725 -0.758684 -0.512907 -0.370652 -0.0388143 : 0
0.529492 0.848393 0.457369 -0.158929 0.181025 -1 0.95838 0.358511 0.408322 : 0
-0.243197 0.885367 -0.887238 0.149868 -0.378776 1 -0.0786394 0.9542 -0.339372 : 0
0.154475 0.663853 -1 -0.177761 -0.815375 -1 -0.211016 -0.49818 -0.771858 : 0
0.309375 0.256496 -0.0332071 -0.0195586 0.35582 0.457112 -1 0.474812 -0.264092 : 0
0.2247 1 -0.14644 0.105282 0.110965 0.0496122 0.388652 0.138677 -0.129101 : 0.1
1 0.101037 0.287411 -0.213165 -0.332812 0.252976 0.403076 0.307592 -0.711228 : 0
0.561867 -0.789208 0.554867 -1 0.530988 0.351128 -0.321943 0.151193 -0.437552 : 0
1 0.343853 -0.193716 -0.167761 -0.00870693 -0.143525 0.0310724 -0.483478 -0.295347 : 0
1 0.651445 -1 -1 -0.0665472 -0.24919 1 -0.580554 -0.0961115 : 0
0.446649 0.562623 -0.755371 0.274164 -0.323055 0.275271 -0.50043 0.440966 0.498445 : 0
-0.442901 -0.526964 -0.911903 -0.462374 0.632792 0.044358 -0.263162 1 0.320572 : 0
0.0454522 1 -0.235077 -0.35854 0.372938 -0.473008 -0.314784 -0.402495 0.102729 : 0
0.677928 -0.994865 0.443896 -0.784612 0.27721 -0.266964 0.719635 1 0.377046 : 0
0.435777 0.96557 -0.679437 -0.594143 0.731253 0.721864 0.201187 -0.365771 -0.0463875 : 0
-0.213679 -0.132891 -0.603059 0.196501 0.326364 0.0212986 0.342899 -0.19567 -0.0737221 : 0
0.47343 0.925443 0.102403 0.00219577 0.207849 0.184628 0.102366 -0.0858192 0.404907 : 0
-0.265781 0.479273 -0.104203 -0.196633 0.614002 0.219615 -0.023064 0.486745 0.19894 : 0
0.35138 1 0.392304 -0.245946 0.22476 0.573051 -0.434754 0.468309 0.383102 : 0
0.319255 0.398902 0.24128 -0.189261 -0.371681 -0.258234 0.18077 0.161946 0.139389 : 0
0.693436 0.862642 0.222262 0.0883789 -0.318235 -0.904299 -1 -0.150739 0.142119 : 0.2
1 0.770543 -0.761108 -0.497916 -0.166673 0.126987 -0.231865 -0.0816483 0.478314 : 0
0.549514 0.601007 -0.614593 -0.47265 -0.536495 0.127112 1 -0.683095 -0.29755 : 0
0.199416 0.161422 0.527321 -0.232583 0.694613 -0.0188797 -0.323768 -0.206426 0.554321 : 0
0.706502 0.591218 -1 -0.578404 -0.34719 0.331935 0.742824 0.217065 -0.155481 : 0.1
0.402614 1 -0.0010699 0.418555 0.19313 -0.0295029 -0.303028 0.364864 0.344175 : 0
-0.0394833 0.520088 -0.115009 -0.570483 -0.76132 0.288794 1 -0.289986 0.207775 : 0.2
-0.121167 0.955026 -0.0359538 -0.10097 0.138866 -0.919631 -1 0.270323 -0.0569659 : 0
0.469553 0.263812 -0.503481 -0.649544 0.685847 0.967332 0.104284 -0.233397 0.162845 : 0.1
0.272864 0.384946 -0.826312 -0.0133324 0.585076 0.262688 0.361793 -1 0.581778 : 0.1
0.361494 0.725013 0.193578 -0.44892 0.32386 0.128694 0.866868 -0.603583 0.209588 : 0
0.174941 0.985112 -0.0197527 -0.724279 -0.0562849 0.920651 -0.105589 -0.330922 -0.114436 : 0
0.100583 0.340934 0.0598845 -0.109813 0.228826 -0.597666 0.292494 0.383002 -0.0948529 : 0
0.227641 0.761697 -1 -1 0.343634 0.744416 0.0196191 0.865468 -0.171098 : 0.6
0.195 0.654454 -0.144576 0.0437883 -0.542785 1 0.108109 0.413082 -0.393765 : 0
1 -0.109328 -0.108664 0.202696 -0.749987 -0.195479 1 -1 -0.113019 : 0
0.937342 0.621641 -0.17849 0.230849 0.95378 0.261126 0.354151 1 -0.102147 : 0
-0.0645944 -0.015008 0.222846 0.0357155 -0.170781 0.559645 0.822352 0.0292507 0.185571 : 0
0.480997 0.880683 0.0362968 0.0632367 -0.508971 1 0.80929 -0.303092 0.158166 : 0
0.036851 0.966113 0.0202194 -0.813611 0.368538 -0.47091 -0.297932 0.315707 -0.240495 : 0.4
0.42626 0.339177 -0.332533 -0.0416803 -0.367353 0.144604 -0.289455 -1 0.589717 : 0
0.998916 -0.0807604 -0.0339993 0.375184 0.42802 -0.101303 0.915909 -1 -0.276281 : 0
0.801378 0.0340282 -0.474031 -0.682879 -0.0881294 0.148625 -1 -0.0887758 0.220875 : 0
-1 0.362295 0.745515 -0.0376778 -0.35369 -0.840136 -0.170734 0.694841 -0.0628868 : 0
0.65587 0.592649 -0.164019 -0.362951 -1 1 0.552597 -0.111278 0.815559 : 0
0.491309 0.443004 0.369985 -0.269147 0.270953 0.0648375 0.086648 0.674147 -0.431032 : 0
0.604855 0.970525 0.192572 0.488381 -0.423841 -0.126071 0.0652685 -1 -0.769932 : 0
0.27064 -0.140062 -0.312818 -0.498448 -0.0493689 0.105521 0.901951 -0.083909 0.688573 : 0.2
0.221821 1 0.328275 0.00986265 0.873364 -0.124977 0.330551 0.197079 0.184288 : 0
0.592064 0.865813 0.779231 0.14703 -1 0.0378374 -0.0715089 -0.315853 -0.453398 : 0
0.142692 -0.486695 1 -0.458387 0.433443 0.135564 0.851904 0.071293 0.193844 : 0
0.177879 -0.258868 -0.843284 -0.270608 -0.117488 -0.142204 1 0.931671 0.608815 : 0
0.640895 1 -0.0180465 0.516349 -0.0106881 -0.0756288 -0.558486 0.777179 0.141859 : 0.1
0.541521 0.316707 -0.344927 0.507387 0.383872 -1 0.83113 -0.10829 0.751599 : 0
0.6042 0.532832 -0.257497 -0.178552 0.906408 -0.0934048 0.0566139 0.00800937 0.298475 : 0
0.548166 1 0.471917 1 -0.768369 -0.362519 -0.485152 0.127131 -0.411184 : 0
0.366324 0.285778 0.00224559 0.239052 -0.293889 0.436753 -0.0458554 -0.152859 1 : 0
0.58758 0.746075 0.796001 -0.21959 0.359636 -0.679382 -0.336151 -0.806573 0.504721 : 0.1
0.612218 0.18658 -0.0446096 -0.854071 -0.501081 -0.327765 1 -0.251668 0.336555 : 0
0.206077 0.496772 0.212417 -0.457101 0.57303 0.761478 -0.0361181 1 0.400375 : 0.1
0.381598 0.109468 -0.426627 0.124505 0.248906 -0.684602 -0.361718 -0.558514 0.232784 : 0
0.269099 0.325467 -0.487717 0.354744 -0.184782 0.111788 1 0.530507 -0.27074 : 0
0.391286 1 -0.389371 0.0676385 -0.418822 -0.748048 -0.497418 -0.195694 -0.242925 : 0.2
-0.0929476 0.269414 0.0655088 -0.0772928 0.63748 0.393712 0.135545 -0.0249735 0.107626 : 0
0.546125 -1 -1 -1 0.930938 -0.432604 0.718201 0.197547 -0.555548 : 0.3
0.91532 0.707156 0.29677 -0.14141 0.0475355 0.890276 0.213071 0.713508 0.178493 : 0
-1 -0.820424 0.647268 -0.163424 0.419932 0.839731 0.826219 0.40572 0.639002 : 0
0.311734 0.51078 -0.682457 -0.158074 -0.302236 0.571621 -0.152139 0.458851 0.206423 : 0
0.447407 -1 0.174351 -0.0497121 0.227205 -0.0315721 0.26586 -0.277239 -0.0971725 : 0
0.504359 1 -0.0638003 -0.546744 0.125971 1 0.499112 -0.275562 -0.197406 : 0
-0.407243 0.918687 0.465621 0.16814 0.172172 0.405051 0.605039 0.101105 0.955454 : 0
0.767865 0.886668 -0.291067 -0.626597 -0.910414 -1 -0.00284829 0.333478 0.145951 : 0
-0.857453 0.868597 0.234139 -0.165373 -1 0.889771 0.0625933 -0.519029 -0.0477568 : 0.1
0.196254 -0.604081 0.059691 -0.30712 -0.330074 -0.22126 -0.345869 0.167718 0.0528888 : 0
0.562718 -0.34211 0.0800747 -0.0180162 -0.887673 -0.198834 0.187542 0.391138 0.128768 : 0
0.103566 1 -1 0.138563 0.156257 0.00592016 0.559685 -0.0877727 0.258923 : 0
0.804004 1 -0.335259 0.168522 0.0118797 -0.582887 -0.348646 -0.849576 0.548378 : 0.2
-0.527144 -0.262776 0.901464 0.711828 -0.819564 0.127014 0.0275396 -0.464407 0.130291 : 0.1
0.367758 0.819624 -0.19013 -0.10852 0.161977 0.366553 -0.300493 -0.871738 -0.384535 : 0
-0.797152 0.895137 -0.910692 0.295855 -0.85043 0.768437 0.0231144 -0.444886 0.360699 : 0
0.337117 0.544301 -0.139689 -0.604886 0.295443 -0.123562 0.38854 -0.671602 -0.291201 : 0
0.240187 0.288763 -0.114738 -0.0857293 0.138877 -0.0267552 -0.0165773 0.0571753 0.0448198 : 0
0.922206 0.965409 0.0269742 0.0250134 -0.824756 1 -0.000413485 -0.865077 -0.0319388 : 0
1 0.486193 -1 -1 0.0445269 -0.304473 -1 -0.41553 0.138755 : 0.2
0.0913593 -0.217035 0.452033 0.423107 0.0869712 1 0.449988 0.239822 0.501669 : 0.1
0.538822 0.249764 0.955481 1 -0.907766 -0.580915 0.794728 -0.0727776 0.159903 : 0
