0.611549 0.373876 0.72063 -0.986149 -0.265308 -0.04076 0.156624 0.368727 -0.212363 : 0.2
0.601405 0.279002 0.909252 -0.918222 -0.340019 -0.157324 0.527062 0.594712 -0.331454 : 0.5
0.55318 0.318517 0.608067 -0.860108 -0.272269 0.124089 0.353427 0.412237 0.478167 : 0.7
0.675831 0.473566 0.866142 -0.734833 -0.203789 0.0551215 0.224936 0.296796 -0.338972 : 0.4
0.629633 0.293138 0.903409 -0.869349 0.179895 0.344128 0.386925 -0.213368 0.607586 : 0.7
0.684513 0.479923 0.921951 -0.954119 -0.221189 0.600971 0.594805 0.427171 0.387956 : 0.8
0.695789 0.250194 0.681253 -0.880898 -0.133768 -0.0737085 0.302775 0.624392 0.581496 : 0.7
0.690766 0.378913 1 -1 -0.46622 -0.00859747 1 0.670664 0.393803 : 0.4
0.676672 0.40295 0.710037 -0.873227 -0.159053 -0.135382 0.453441 0.523268 -0.535594 : 0.6
0.652634 0.389251 1 -0.833798 0.124847 -0.0256969 0.95383 0.636585 0.00325841 : 0.6
0.578128 0.268288 0.928502 -0.878719 -0.177107 0.0435365 0.578526 0.262013 -0.333427 : 0.6
0.659367 0.456416 0.925438 -0.841207 -0.208133 -0.065004 0.612003 0.305747 0.169928 : 0.4
0.718384 0.382644 0.864128 -0.897782 -0.347516 0.174873 0.365083 0.103414 -0.659281 : 0.8
0.716399 0.368479 0.915948 -0.935949 -0.0271707 0.120845 0.485973 0.201341 0.524789 : 0.7
0.696594 0.364797 0.915586 -0.881061 -0.386683 0.008439 0.324156 0.766445 -0.311671 : 0.5
0.632369 0.441222 0.918362 -0.905335 -0.256483 -0.238778 0.451633 0.945291 -0.321476 : 0.5
0.644586 0.339897 1 -0.79405 -0.378119 -0.0412854 0.0377843 -0.567216 0.207765 : 0.8
0.653466 0.434658 0.895768 -1 -0.240119 0.0870661 0.665735 -0.22555 -0.100055 : 0.6
0.681258 0.444633 0.981196 -0.977825 -0.0385288 -0.220373 0.389539 0.605344 0.0747394 : 0.9
0.660286 0.354503 0.909184 -0.901718 -0.195061 -0.182059 0.262019 1 0.281813 : 0.5
0.616072 0.400271 0.963015 -0.839405 -0.584349 0.0178778 0.541202 0.708259 0.39542 : 0.3
0.607585 0.541671 0.941785 -0.956594 -0.5532 -0.120384 0.358034 0.716414 -0.117298 : 0.7
0.641312 0.231854 0.703424 -0.856945 -0.365553 -0.038485 0.667894 0.641182 0.422478 : 0.3
0.588242 0.518813 0.911203 -1 -0.358226 -0.0311502 0.0508885 -0.101373 -0.280656 : 0.6
0.684579 0.359434 0.737057 -0.997916 -0.397477 -0.0435515 0.607485 0.378052 0.87049 : 0.8
0.73512 0.420829 0.907497 -0.8155 -0.339555 -0.321339 0.389885 0.693727 0.230328 : 0.5
0.763058 0.425372 0.923363 -0.925001 -0.299104 -0.0725504 0.413694 0.531573 -0.0104358 : 0.4
0.799116 0.438382 1 -0.873944 -0.744507 0.074586 0.557838 0.762642 0.82375 : 0.7
0.663557 0.374333 0.952348 -0.959348 -0.429033 -0.0921764 0.427255 0.246625 0.425511 : 0.4
0.63843 0.417531 0.992449 -0.919003 -0.337582 0.219729 0.0432302 0.674885 0.481177 : 0.6
0.619431 0.408431 0.891946 -0.765259 -0.142949 -0.0470462 0.443994 0.311106 -0.210115 : 0.6
0.593247 0.478815 0.806374 -0.988779 -0.238297 -0.509997 0.448233 0.716838 -0.153843 : 0.5
0.687771 0.453755 0.890038 -0.74135 -0.305892 0.0707724 0.310987 0.681199 0.524753 : 0.4
0.642955 0.40359 0.942863 -0.730811 -0.341458 0.101667 0.593846 0.663256 0.587455 : 0.6
0.727248 0.471416 0.947374 -0.960511 -0.263839 -0.00873689 0.238546 0.381227 -0.659376 : 0.6
0.660462 0.435627 0.929989 -0.845971 -0.179765 -0.110927 0.563279 0.515211 -0.221585 : 0.7
0.739107 0.324848 0.886216 -0.935739 -0.0341291 0.0303677 0.431177 0.495313 -0.0153639 : 0.6
0.685884 0.403834 0.900459 -0.992794 -0.36433 -1 1 0.729699 0.295542 : 0.8
0.549521 0.375927 0.700381 -0.813869 -0.0489196 0.234263 0.491287 0.389451 0.278834 : 0.6
0.657399 0.352663 0.980819 -0.975879 -0.0517726 -0.0249444 0.426586 0.352214 0.165688 : 0.7
0.668742 0.436207 0.9034 -1 -0.0988545 0.0197265 0.425856 -0.150528 0.332364 : 0.5
0.61632 0.452655 0.801005 -0.86629 -0.351304 0.0347043 0.221689 0.433751 -0.42859 : 0.6
0.674204 0.432547 0.902609 -0.980795 -0.161798 -0.169606 0.320445 -0.332218 0.114878 : 0.6
0.692631 0.426535 0.761101 -0.967094 0.185559 -0.0233713 0.230646 0.654476 1 : 1
0.702247 0.409116 0.902139 -1 0.0299329 -0.231058 0.653859 0.417422 -0.0393258 : 0.4
0.710981 0.388192 0.938395 -0.768497 -0.0276083 0.0342085 0.997145 -0.0143839 0.279169 : 0.6
0.709805 0.469621 0.875332 -0.997105 -0.387888 -0.414117 0.105405 0.0820965 -0.205878 : 0.1
0.599247 0.319434 0.996448 -1 -0.317175 -0.550388 0.410833 0.55495 0.106976 : 0.7
0.679566 0.425613 1 -0.862982 0.0724254 0.0932084 0.808911 0.859114 0.949401 : 0.7
0.662867 0.310115 0.884461 -0.987983 -0.180818 -0.261761 0.371496 0.540712 0.0266449 : 0.8
0.55648 0.352346 0.903485 -0.843076 -0.0827542 0.0770444 0.186938 0.566334 0.110544 : 0.9
0.720272 0.306874 1 -0.949508 0.568522 -0.167896 0.21824 0.496444 0.138158 : 0.8
0.637724 0.408201 0.869439 -0.925397 -0.306596 -0.131053 0.423829 -0.0469805 0.393899 : 0.4
0.704118 0.387661 0.83508 -0.764212 -0.14572 0.0919957 0.322449 0.894325 0.933936 : 0.4
0.633996 0.398829 1 -0.868759 -0.248322 0.00344964 0.369989 -0.0910974 -0.367135 : 0.8
0.630711 0.360442 1 -1 -0.443946 0.198396 0.374397 0.634589 0.48425 : 0.6
0.696229 0.442231 0.803968 -0.888634 -0.0642823 0.0257948 0.718584 0.515643 0.566699 : 0.5
0.654415 0.537046 0.808647 -0.784087 -0.196538 0.110668 0.346255 0.686493 -0.0977101 : 0.3
0.685286 0.465939 0.860372 -1 -0.0334247 -0.173548 0.491581 0.801728 0.0668587 : 0.6
0.724677 0.190817 0.952225 -1 -0.616419 -0.238327 0.767534 0.622192 -0.88934 : 0.2
0.674177 0.523113 0.63562 -0.915681 0.386603 -0.16919 0.605155 1 -0.222416 : 0.5
0.601546 0.422435 0.756449 -0.946723 0.157354 0.0593992 0.0889142 0.450952 -0.183452 : 0.6
0.661547 0.492389 0.861342 -0.980757 -0.197193 0.0683869 0.400516 0.530923 0.737108 : 0.7
0.660434 0.18952 0.953732 -0.93065 -0.274841 -0.0587468 0.50783 0.46706 -0.256773 : 0.4
0.599517 0.567717 0.984925 -0.951152 -0.179252 0.175095 0.487624 0.820625 0.21404 : 0.4
0.685217 0.393745 0.881083 -0.92093 -0.263762 -0.019903 0.290057 0.948284 0.0491281 : 0.4
0.456846 0.433974 0.985261 -0.942675 -0.260931 0.0315627 0.193955 0.113215 -0.33762 : 0.7
0.630774 0.439871 0.982297 -0.69495 -0.471841 -0.0261764 1 0.391783 -0.295275 : 0.6
0.647013 0.473771 0.912738 -0.92536 -0.0365413 0.0788493 0.710894 0.272651 1 : 0.9
0.630249 0.532337 0.819694 -0.841235 -0.203796 0.0278949 -0.315465 -0.154167 -0.270106 : 0.5
0.63202 0.311016 0.900717 -0.876352 -0.318587 0.563806 0.625044 0.409283 0.151028 : 0.3
0.662341 0.434343 0.979389 -0.863471 -0.215227 -0.206988 -0.0429822 0.279973 -0.578448 : 0.5
0.679945 0.441273 0.922466 -0.836309 0.336895 0.217685 0.235208 0.691056 0.536927 : 0.9
0.611307 0.383283 0.836657 -1 -0.0443695 -0.0322909 0.764584 1 0.748594 : 0.5
0.765643 0.447692 0.932075 -1 0.171619 -0.233132 0.329276 0.640508 1 : 0.8
0.662114 0.539245 0.852113 -0.822536 -0.348748 -0.0119333 0.0954745 -0.201519 0.821782 : 0.5
0.59921 0.40221 0.852385 -0.901508 -0.379343 0.15469 0.256654 0.682911 0.225063 : 0.6
0.709982 0.478362 1 -0.906574 -0.188148 -0.498072 0.630205 0.471184 0.336852 : 0.5
0.646702 0.437211 0.950611 -0.870297 -0.248965 -0.322133 0.59238 0.339509 0.026466 : 0.6
0.630099 0.431134 0.896113 -0.891665 -0.380031 -0.580603 0.713063 0.805056 0.570797 : 0.6
0.71466 0.387489 0.983778 -1 -0.394058 1 0.40183 0.566958 -1 : 0.5
0.666032 0.451969 0.971914 -0.861687 -0.449152 0.0752954 0.238651 0.64838 0.0856449 : 0.7
0.624065 0.296465 1 -0.867423 -0.429899 0.415538 0.571604 0.513905 0.761756 : 0.5
0.575785 0.446758 0.900124 -1 -0.539069 0.011687 0.782549 0.337837 -0.186235 : 0.5
0.674819 0.332943 0.944152 -0.874603 -0.138826 -0.114102 0.612033 0.681952 -0.174904 : 0.4
0.694545 0.0659084 0.826443 -0.86066 -0.165956 0.142447 0.650287 0.632112 -0.0309309 : 0.6
0.664006 0.378006 0.771302 -0.931273 -0.287953 0.185739 0.455067 0.569993 -0.405734 : 0.5
0.640092 0.388964 0.966077 -0.901994 -0.294229 -0.000749074 0.809917 0.56347 0.226958 : 0.6
0.692816 0.0094261 0.917616 -0.951465 -0.4224 0.0292497 0.610596 0.761147 1 : 0.7
0.600387 0.290512 0.731032 -1 -0.396451 -0.199632 0.476722 0.648358 0.0107233 : 0.6
0.643847 0.458294 0.773904 -0.997556 -0.48095 -0.0869626 0.459779 0.352204 -0.188962 : 0.4
0.676342 0.431258 0.952095 -0.860539 -0.389847 -0.317259 0.137874 0.630937 0.386156 : 0.7
0.602201 0.360847 0.923514 -0.948804 -0.22399 -7.10785e-06 0.529177 0.623914 1 : 0.5
0.649236 0.432233 0.946669 -0.925914 -0.0167662 0.0835748 0.503311 0.377706 -0.00569487 : 0.5
0.548772 0.305777 1 -1 -0.10129 -0.0533685 0.468914 0.574442 -0.0498648 : 0.7
0.676844 0.399484 0.969129 -0.840183 -0.6317 0.0283203 0.167859 0.436713 -0.60888 : 0.6
0.709924 0.389385 0.927918 -0.910526 -0.409345 0.044203 0.360799 0.266035 -0.00766015 : 0.9
0.717412 0.426225 0.721103 -0.86516 -0.317733 0.0399573 0.900638 0.657472 -0.0594115 : 0.7
0.583424 0.357238 0.98899 -1 0.00710551 0.170112 0.634351 0.654919 -0.25447 : 0.5
0.769492 0.374853 0.941404 -0.801028 -0.263624 0.107642 0.31379 0.330357 -0.323339 : 0.5
0.665494 0.212055 0.949339 -0.971055 -0.240754 0.224316 0.0648289 0.519765 -0.155447 : 0.6
0.715698 0.434843 0.869562 -0.914497 -0.021275 0.704694 0.965103 1 0.363657 : 0.5
0.663755 0.466841 0.900928 -1 -0.0632437 -0.0445645 0.133535 0.92128 0.511798 : 0.6
0.666938 0.426428 0.989787 -0.858354 -0.392618 0.121063 1 0.718403 0.2544 : 0.5
0.753982 0.490108 1 -0.873713 -0.365187 0.14769 0.423328 0.267832 -0.0484706 : 0.5
0.577823 0.370878 0.822669 -0.896409 -0.0430339 0.167121 0.61931 0.620734 0.154734 : 0.6
0.6546 0.442165 1 -0.979006 -0.38219 -0.11269 0.543843 0.836486 0.842234 : 0.7
0.625625 0.41717 1 -0.88385 0.0145549 -0.246593 0.484989 0.945167 0.894489 : 0.7
0.690314 0.450866 0.895049 -0.929626 -0.481962 0.221846 0.441643 0.472989 -0.288237 : 0.7
0.704028 0.410229 0.923342 -0.795498 -0.262675 0.0467819 0.816253 0.584891 0.322633 : 0.4
0.662527 0.383471 0.760564 -0.98442 -0.0510994 -0.0235327 0.500905 0.593632 -0.196131 : 0.8
0.686619 0.401531 0.888041 -0.860129 0.262982 -0.0358866 0.521214 0.543095 0.896422 : 0.5
0.668692 0.468416 1 -0.80096 -0.298489 -0.143598 0.374999 -0.13517 -0.316963 : 0.4
0.647327 0.347397 0.701849 -0.893351 -0.137412 0.0654241 0.748643 0.487891 -0.689588 : 0.5
0.615626 0.438992 0.730928 -0.926092 -0.157694 0.0343152 -0.0752892 0.291854 0.803243 : 0.4
0.648803 0.40038 0.72013 -0.958208 0.0181353 0.0337483 0.564403 0.64863 0.710712 : 0.5
0.625843 0.427989 1 -0.954764 -0.553312 0.128544 0.450116 0.431955 1 : 0.6
0.673884 0.462087 0.909678 -0.87696 -0.312915 0.275114 0.399024 0.270606 0.757335 : 0.8
0.721684 0.390167 0.770079 -0.928387 -0.079268 0.0316055 0.390369 0.87746 0.571592 : 0.4
0.683698 0.426764 0.977108 -0.979166 -0.477539 0.359741 0.591923 0.595612 0.140278 : 0.6
0.705127 0.379203 0.917395 -0.929203 -0.178012 0.129424 0.301369 0.674695 -0.0853848 : 0.7
0.668979 0.56149 0.860062 -0.874321 -0.166838 0.0437274 0.409715 0.704107 -0.405558 : 0.5
0.697056 0.355454 0.711037 -1 0.0660022 0.208434 0.425543 0.592588 -0.0886177 : 0.8
0.68875 0.269928 0.918953 -0.808611 -0.380336 0.0227632 0.616881 0.470465 0.540972 : 0.3
0.673769 0.468567 0.816333 -0.851251 -0.347281 -0.013231 0.170967 0.605867 -0.555654 : 0.6
0.668648 0.434317 0.825748 -0.685932 -0.0437278 0.112233 0.533792 0.654208 -0.0332678 : 0.9
0.661934 0.392193 0.835724 -0.870505 -0.0818315 0.0587077 0.551059 0.871476 1 : 0.6
0.683969 0.305132 0.972965 -0.848676 -0.25172 -0.053921 0.792898 0.421031 0.387491 : 0.9
0.683347 0.402216 0.900278 -0.85804 -0.605578 -0.198832 0.212595 0.37229 0.378974 : 0.7
0.718484 0.240104 0.929012 -0.841873 -0.254141 -0.157127 0.121799 0.523204 -0.669392 : 0.5
0.654034 0.422241 0.966282 -0.966311 -0.375465 0.0724786 0.488149 0.430162 -0.201725 : 0.5
0.68534 0.171028 0.950196 -1 -0.407576 -0.0141055 0.786778 0.547148 -0.432657 : 0.6
0.667589 0.470314 0.899338 -0.884415 -0.0960314 0.00154519 0.33175 0.308261 0.344082 : 0.5
0.682793 0.494705 0.997894 -0.94952 -0.157953 -0.0772062 0.325162 -0.0997605 -0.224775 : 0.5
0.76822 0.322172 0.927407 -0.959044 -0.0522495 -0.10162 0.139418 1 -0.808481 : 0.8
0.488291 0.402254 0.893465 -0.906397 -0.270214 0.0239494 0.799145 0.975502 1 : 0.7
0.616186 0.334632 0.971201 -0.831704 -0.209647 0.0541339 0.635858 0.529564 0.00959712 : 0.4
0.668303 0.259325 0.884338 -0.853937 -0.651528 -0.0257067 0.424654 0.492182 0.729515 : 0.6
0.622189 0.292892 0.764775 -1 -0.046562 -0.127157 0.363149 0.583192 -0.180205 : 0.4
0.784942 0.327598 0.999434 -0.9463 -0.0882437 -0.00883222 0.558721 0.735637 0.177376 : 0.7
0.628153 0.391579 1 -0.916573 -0.147284 0.0381869 0.412444 -0.461347 -0.356679 : 0.2
0.737074 0.388976 0.876002 -0.974924 -0.434144 -0.0418141 0.398382 0.788415 -0.253007 : 0.7
0.604859 0.321811 0.944412 -0.860936 -0.0197415 -0.0109793 0.314151 0.197826 -0.220339 : 0.4
0.577028 0.467333 0.677111 -0.814961 -0.0692301 -0.029945 0.320266 0.455349 0.284918 : 0.5
0.655555 0.447686 0.85091 -0.862078 -0.219661 -0.0714388 -0.0560093 0.545401 0.623283 : 0.9
0.615102 0.429733 0.922617 -0.965394 -0.544441 0.0324873 0.354849 0.342434 0.091646 : 0.6
0.677879 0.35035 0.921485 -0.985686 -0.0612803 0.174332 0.425305 0.56926 0.638069 : 0.7
0.706103 0.385448 0.982134 -0.956714 -0.286162 -0.00354496 0.632839 0.797381 -0.0432368 : 0.3
0.601762 0.368904 0.790442 -1 -0.126545 0.119798 0.678078 0.825336 -1 : 0.9
0.666254 0.448047 0.978562 -0.862997 0.0660049 0.248476 0.371587 0.942907 0.226066 : 0.7
0.705782 0.521829 0.974149 -0.956002 -0.0907094 0.0487631 0.541266 0.595245 0.221533 : 0.9
0.660416 0.432604 0.959481 -0.849831 -0.606477 -0.258184 0.52014 0.782685 1 : 0.7
0.648111 0.424841 0.931976 -0.80673 -0.38074 0.0524913 0.782609 0.606732 0.388546 : 0.7
0.505234 0.371378 1 -0.960544 0.0947101 -0.00213281 0.465281 0.601423 -0.341863 : 0.2
0.719832 0.390513 0.810664 -0.861749 -0.365684 0.0519061 0.0748171 0.33766 -0.42727 : 0.5
0.567663 0.403164 0.850393 -0.738135 -0.336448 0.125429 0.150033 0.668794 0.774521 : 0.5
0.685025 0.424952 0.709006 -0.936299 -0.222139 0.193746 0.329519 0.902097 0.401362 : 0.6
0.619898 0.311865 0.858562 -0.850146 -0.0961574 0.0610301 0.783634 0.741428 -0.515287 : 0.6
0.658761 0.367441 0.853813 -0.991855 -0.113612 0.0865842 1 0.477838 -0.20199 : 0.4
0.675683 0.296766 0.982318 -0.875805 -0.105042 -0.00588844 0.414579 0.711623 -0.382902 : 0.7
0.704462 0.470063 0.808115 -0.978265 0.216685 -0.182114 0.471472 0.915814 0.000847995 : 0.7
0.639448 0.4232 0.70451 -1 -0.121652 -0.135027 0.261809 0.976365 0.611533 : 0.7
0.682523 0.520662 0.733523 -0.998897 -0.306543 0.00795501 0.250077 0.632037 -0.0862487 : 0.7
0.632735 0.398718 0.95274 -0.916661 0.0252215 0.0306894 0.513174 0.882535 0.518865 : 0.6
0.653592 0.385664 0.887812 -0.899687 -0.11022 0.0450146 0.324099 0.6555 0.219144 : 0
0.786871 0.39912 0.962511 -0.939275 -0.18071 0.133099 0.445419 0.385397 -0.0633676 : 0.9
0.673491 0.370932 0.894686 -0.889319 -0.275459 -0.0771911 0.36955 0.665121 -0.675136 : 0.6
0.565725 0.326414 0.939123 -0.895536 -0.241105 0.180118 1 0.711167 -0.25111 : 0.6
0.681354 0.359766 0.913654 -0.979501 -0.116263 -0.502833 0.745089 0.524989 0.801153 : 0.6
0.672741 0.397347 0.998645 -0.886173 -0.414588 0.0154913 0.51358 0.623605 0.66746 : 0.6
0.692427 0.197092 0.902563 -0.924912 -0.562708 0.0151649 0.121816 0.436444 -0.764086 : 0.9
0.668681 0.408132 0.914404 -0.84098 -0.659691 0.099351 0.463681 0.493602 -0.317864 : 0.5
0.640301 0.404485 0.904587 -0.962689 -0.304391 -0.175953 0.321165 0.517303 0.955733 : 0.6
0.679842 0.397905 0.914886 -0.866929 -0.281162 0.0457193 0.397658 0.468677 0.725063 : 0.8
0.647843 0.383641 1 -0.914011 -0.13915 -0.195478 0.392632 0.3309 0.229452 : 0.7
0.733374 0.451561 0.779649 -0.712856 -0.322036 -0.327192 0.00209194 0.619309 -0.284717 : 0.7
0.634568 0.380797 0.904149 -0.932926 -0.379545 0.317138 0.329147 0.169449 0.531019 : 0.5
0.707153 0.466593 0.862099 -0.855918 0.271939 0.396732 0.481705 0.854058 0.259676 : 0.6
0.675286 0.413643 0.887479 -0.85105 -0.379758 0.140621 0.585268 0.106274 0.139268 : 0.5
0.649731 0.443929 0.959302 -0.935839 -0.445141 -0.121223 0.392445 0.285543 -0.264417 : 0.6
0.644501 0.364637 0.913055 -0.927651 -0.263687 -0.0976045 0.577437 0.500335 0.75957 : 0.6
0.657079 0.37021 0.908546 -0.845648 -0.149498 -0.00457303 0.412557 0.323487 -0.0683445 : 0.8
0.697137 0.384012 0.969204 -0.992774 -0.288184 0.0619107 0.874742 0.0887652 0.424063 : 0.8
0.700507 0.428866 0.81916 -0.957246 -0.366123 0.443893 0.938854 -0.303828 0.285285 : 0.6
0.644419 0.437391 1 -0.937372 -0.0524958 -0.170367 0.477985 0.285563 0.283296 : 0.9
0.706919 0.393711 0.922263 -0.898744 -0.216779 0.0486072 0.405293 0.589189 0.91859 : 0.7
0.691953 0.413411 0.951082 -1 -0.839246 0.0385297 0.190213 0.454158 0.0861458 : 0.6
0.599545 0.415479 0.724416 -0.922552 -0.207446 -0.165655 0.582527 0.898503 -0.386779 : 0.6
0.519158 0.340873 0.942003 -0.684159 -0.323524 0.13111 1 0.884029 0.00573015 : 0.8
0.691823 0.383247 0.975793 -0.903299 -0.195887 0.045273 -0.413707 1 0.490389 : 0.5
0.611189 0.367569 1 -0.915304 -0.425227 -0.0782333 0.929708 0.675925 -0.0471802 : 0.8
0.648076 0.00367009 0.789143 -0.853136 -0.19849 -0.0426825 -0.100183 0.673647 0.803823 : 0.3
0.665746 0.291246 0.911405 -0.907497 -0.358509 0.170474 0.399086 0.639047 0.620635 : 0.6
0.66443 0.316822 0.937362 -0.869061 -0.372085 -0.105554 0.967272 0.265711 0.742516 : 0.6
0.76637 0.360016 0.888238 -0.852056 -0.622776 0.00498726 0.624801 1 0.552778 : 0.6
0.661817 0.285586 0.969373 -0.926329 -0.250998 0.114446 0.737913 0.675962 0.500649 : 0.8
0.645041 0.625439 0.930141 -1 -0.379832 0.0530984 -0.115608 0.678321 0.523386 : 0.6
0.613479 0.390743 0.908054 -0.928133 -0.186531 0.107192 0.532366 0.369476 -0.101223 : 0.5
0.509861 0.440537 0.91318 -0.81788 -0.388182 0.0435766 0.131266 0.566672 -1 : 0.7
0.817573 0.49231 0.957784 -0.914616 -0.320571 -0.00594863 0.656156 0.628696 0.420728 : 0.7
0.669846 0.270093 0.9615 -0.99193 -0.405923 0.501237 0.838563 0.762469 -0.100663 : 0.4
0.718408 0.419455 0.956286 -0.760718 -0.352047 -0.178807 0.644283 0.669391 -1 : 0.7
0.674539 0.50361 0.905197 -0.889832 -0.0882954 0.110956 0.953293 0.162402 1 : 0.6
0.633236 0.463872 0.95953 -0.845246 -0.357245 0.0705792 0.361683 0.454454 -0.0983812 : 0.5
0.693521 0.445185 0.940259 -0.88674 -0.219678 0.0591878 0.837298 0.23172 0.430245 : 0.7
0.639927 0.323313 0.93229 -0.989003 0.0104784 0.0108768 0.194042 0.733305 0.142895 : 0.6
0.695936 0.407416 0.903098 -0.783253 -0.8538 -0.15793 0.600082 0.539566 0.350317 : 0.8
0.618293 0.306242 0.893519 -0.870543 -0.251586 0.180549 0.871166 0.851379 -0.227505 : 0.6
0.666194 0.685693 0.915675 -0.845548 0.0389869 -0.0457495 0.594119 0.371643 0.314703 : 0.6
0.488214 0.359861 1 -0.87991 -0.154919 0.0237431 0.135619 0.483848 0.796224 : 0.4
0.659258 0.44595 0.916427 -0.986888 -0.14979 -0.972098 0.155217 0.898978 0.635139 : 0.8
0.705655 0.312837 0.933605 -1 -0.429343 -0.41706 0.865955 0.618872 -0.107926 : 0.3
0.530543 0.409318 0.766921 -0.782411 -0.502082 -0.032928 0.819192 0.966013 0.161963 : 0.5
0.784159 0.420405 0.936915 -1 -0.473588 -0.0282824 0.454982 0.599096 0.208937 : 0.4
0.631356 0.400234 0.890891 -0.883266 -0.335472 -0.0461217 0.542216 0.411566 -0.0486163 : 0.7
0.637933 0.458621 0.927296 -0.894617 -0.195393 -0.0776538 0.471026 0.0281736 0.326407 : 0.5
0.677483 0.453485 0.873101 -0.876179 -0.152446 -0.065221 0.294361 0.215169 -0.0615582 : 0.7
0.564114 0.366219 0.830484 -0.871079 -0.304205 0.140418 0.31636 0.651635 0.969296 : 0.7
0.636255 0.453073 0.894588 -0.873523 0.327685 -0.222684 0.356255 0.76854 -0.175644 : 0.8
0.829128 0.357268 0.919327 -0.942483 -0.00636223 0.11159 0.37307 0.254624 0.266421 : 0.7
0.641492 0.411862 0.875814 -1 0.0974398 -0.0119328 0.429863 0.380579 -0.787857 : 0.6
0.581526 0.411023 0.975559 -0.851067 -0.206255 -0.0727524 0.264241 0.592984 -0.080997 : 0.7
0.53491 0.384696 0.807389 -0.769533 -0.12596 0.0828816 0.645489 0.664012 0.239953 : 0.8
0.634395 0.367517 0.928811 -0.861994 -0.290936 -0.205833 0.143131 0.587457 -0.102029 : 0.5
0.730516 0.456336 1 -0.96923 -0.0776605 -0.0880542 0.511992 1 0.00822897 : 0.7
0.650382 0.444189 0.965906 -0.831761 -0.564764 -0.0081623 0.406227 0.795811 0.377292 : 0.6
0.674899 0.440555 0.968392 -0.840196 -0.414777 -0.233429 0.417446 0.48709 -0.24944 : 0.7
0.705493 0.46322 0.916119 -1 0.0489579 -0.402377 0.296768 0.547389 -0.0483675 : 0.5
0.575984 0.425977 0.987634 -0.901378 -0.499868 0.143629 0.535707 0.477661 -0.0240369 : 0.5
0.667929 0.309522 0.949912 -0.894165 -0.540928 0.306646 0.378347 0.452091 -0.442261 : 0.7
0.558342 0.336032 0.919013 -0.898855 -0.120617 -0.469252 0.35193 0.417043 -0.614382 : 0.7
0.62817 0.420448 0.910388 -0.846288 0.573101 -0.018715 0.118354 0.383462 1 : 0.6
0.700508 0.417151 0.905306 -0.906661 -0.429926 0.0300431 0.604784 0.55842 -0.047549 : 0.5
0.714066 0.435155 0.861968 -0.962772 -0.214152 -0.529367 0.656164 0.702582 0.511074 : 0.7
0.688009 0.43872 0.884629 -0.985768 -0.357308 -0.321414 0.140379 0.732523 -0.217561 : 0.6
0.738179 0.365362 0.8013 -1 -0.0637493 0.0841444 0.606774 0.704014 -0.329546 : 0.8
0.716748 0.255295 0.922429 -0.826194 -0.361616 -0.248237 0.225883 0.598918 0.709147 : 0.1
0.65493 0.349646 0.924388 -0.890151 -0.404275 0.0466656 0.808838 0.493909 0.396207 : 0.8
0.687442 0.44927 0.926467 -1 -0.413975 -0.249406 0.0508132 0.624874 0.238419 : 0.5
0.612998 0.397853 0.904758 -0.968905 -0.37152 -1 0.966081 0.30572 -0.483145 : 0.8
0.652599 0.346311 0.90474 -0.797153 0.0856186 -0.232061 0.807622 0.335948 -0.0584599 : 0.3
0.714794 0.468561 0.974333 -0.931188 -0.302152 -0.290949 0.713895 0.43805 0.211457 : 0.7
0.597303 0.396963 0.92699 -0.980762 -0.493979 0.105663 0.16558 0.580941 0.510437 : 0.7
0.630988 0.399032 0.9311 -0.964162 -0.34425 -0.0538415 1 0.396997 -0.0848683 : 0.5
0.605332 0.504399 0.915489 -0.816317 -0.4182 -1 0.304491 0.875678 0.898478 : 0.6
0.672003 0.434239 0.931732 -0.91644 -0.130984 -0.183751 0.395521 -0.412141 0.0262476 : 0.4
0.676816 0.256495 0.995218 -0.898746 -0.359761 0.0615545 1 0.440471 1 : 0.4
0.725801 0.413011 0.925362 -0.897596 -0.203713 0.0896749 0.379503 0.656855 -0.0598656 : 0.7
0.670216 0.459878 0.974152 -0.878146 -0.300193 -0.0133515 0.47014 0.764619 0.189037 : 0.4
0.68106 0.155729 0.930909 -0.980366 -0.281982 -0.0635098 0.474483 0.603619 -0.00318101 : 0.8
0.749406 0.432947 0.840638 -0.981807 -0.214398 -0.0700781 0.348742 0.738038 0.369804 : 0.8
0.702758 0.436514 0.912088 -0.938947 -0.124198 -0.0851693 0.247486 0.30602 0.0499209 : 0.5
0.675128 0.356654 0.958547 -0.875201 -0.313062 0.0240518 0.417958 0.648895 0.828387 : 0.5
0.616088 0.405826 0.817269 -1 -0.348 -0.00865927 0.3827 0.741598 0.013704 : 0.6
0.730782 0.420272 0.836317 -1 -0.624982 0.19025 0.403471 0.476729 -0.376983 : 0.6
0.703302 0.462398 0.880831 -0.859941 -0.063513 0.198119 0.181157 0.272307 0.0879873 : 0.5
0.683977 0.353318 0.849391 -0.980987 -0.321191 -0.0274131 0.366855 0.326319 0.168108 : 0.7
0.650365 0.350395 0.784153 -0.784562 -0.453075 0.072858 0.639155 0.311623 0.363018 : 0.7
0.574577 0.23399 0.93688 -0.871292 -0.550232 -0.0174744 0.409889 0.625936 -0.12235 : 0.3
0.616713 0.449157 0.86692 -0.886631 -0.289607 0.0822799 0.62525 0.684516 0.365314 : 0.2
0.725269 0.420768 0.920302 -0.927024 -0.2148 -0.0139425 0.38998 1 -0.201023 : 0.6
0.659778 0.378989 0.917444 -0.972635 -0.118619 0.413057 0.49487 0.761674 -0.463207 : 0.7
0.660604 0.441019 0.925482 -0.882195 -0.0883445 0.11326 0.245821 0.611106 0.763523 : 0.8
0.652234 0.409574 0.865908 -0.719434 -0.30492 -0.22505 0.611605 0.635943 0.849158 : 0.7
0.574306 0.279016 0.80876 -0.874289 -0.195413 0.166246 0.7507 0.860331 -0.84176 : 0.7
0.624177 0.259729 0.876461 -0.925152 -0.0474348 0.190002 0.188018 0.206854 1 : 0.5
0.673897 0.490215 0.91462 -0.849307 -0.398605 -0.0640903 0.566183 0.216448 -1 : 0.6
0.578839 0.321934 0.850181 -0.89095 0.129927 -0.0500948 0.198409 0.317153 0.244404 : 0.9
0.690847 0.295036 0.953139 -0.923653 -0.742261 0.381686 0.255207 0.414734 -0.274369 : 0.6
0.650315 0.423039 0.960062 -0.970892 -0.412189 0.0704343 0.471624 0.417828 0.224393 : 0.7
0.666735 0.410873 0.941397 -0.858771 -0.392349 -0.0374922 1 0.536531 0.0741456 : 0.6
0.684082 0.368192 0.879729 -0.91501 -0.207208 0.140969 0.686985 0.557659 -0.0704803 : 0.6
0.551528 0.3932 0.877568 -0.875892 -0.310022 0.346129 0.345458 0.721542 -0.0217642 : 0.4
0.69733 0.333389 0.952055 -0.899208 -0.242996 0.0289289 0.84209 0.269823 0.300149 : 0.2
0.658228 0.420974 0.999354 -0.91443 -0.249459 0.188885 0.0967285 0.323864 0.328279 : 0.6
0.586261 0.466367 0.827122 -1 -0.271996 0.334348 0.587053 0.758647 0.444859 : 0.3
0.650503 0.398215 0.949024 -0.954238 -0.286888 -0.142044 0.770165 0.27705 0.547737 : 0.9
0.681906 0.373557 0.984819 -0.951843 -0.076286 0.0898605 0.580925 0.578048 0.127782 : 0.6
0.685038 0.433184 0.963749 -0.857306 -0.388617 0.171046 0.565194 0.344818 -0.426595 : 0.6
0.727665 0.476662 0.904409 -0.827213 -0.570789 -0.00739815 0.550647 0.244682 0.461853 : 0.7
0.810014 0.465828 0.937653 -1 -0.239083 0.185937 0.707716 0.490919 -0.122684 : 0.6
0.645562 0.43308 0.896328 -0.905822 -0.0916141 -0.29456 0.354738 0.735803 0.156796 : 0.4
0.688869 0.472358 0.873425 -0.945941 -0.26796 -0.032478 0.738768 0.694436 -0.0815959 : 0.9
0.749617 0.392767 0.923212 -0.783062 0.0889511 -0.115108 0.256636 1 -0.0654864 : 0.5
0.658709 0.336962 0.881753 -0.842789 -0.336961 -0.0641759 0.473657 0.314203 -0.762927 : 0.7
0.544957 0.431959 1 -0.829525 -0.535203 0.187875 0.795858 0.736336 0.177313 : 0.6
0.694905 0.336022 0.923904 -0.822292 0.0218576 -0.11902 1 0.776406 0.206442 : 0.3
0.667657 0.431699 0.860187 -0.844736 -0.65127 -0.0419358 0.493525 0.412326 0.901257 : 0.8
0.714787 0.452404 0.850472 -0.890169 -0.0910588 0.00779497 0.30946 0.737669 -0.45746 : 0.7
0.642886 0.418662 0.908058 -0.939405 -0.485047 -0.0535504 0.188685 0.219274 0.0475407 : 0.6
0.660877 0.324384 0.947157 -0.873657 0.0168852 -0.15994 0.589872 0.516507 -0.436234 : 0.8
0.692287 0.477095 0.972528 -0.895569 -0.0778753 0.036107 0.332052 0.831495 0.209401 : 0.9
0.634419 0.431592 0.927422 -0.913011 -0.0885995 -0.0218936 0.413101 0.714272 1 : 0.6
0.662101 0.377804 0.828706 -0.858464 0.194696 0.164364 0.569544 0.415934 0.586851 : 0.5
0.517066 0.408835 0.923069 -0.939014 -0.389111 -0.186824 -0.641908 0.528993 -0.295614 : 0.7
0.680115 0.529403 0.859327 -0.935991 -0.0783125 0.10502 0.230989 0.18064 1 : 0.2
0.601379 0.254694 0.957991 -0.972661 -0.403583 -0.109993 0.509383 0.467189 -0.18654 : 0.5
0.643274 0.234981 1 -0.847586 -0.26604 -0.192697 0.425789 0.303398 -0.150259 : 0.8
0.627983 0.449211 0.939213 -0.850157 -0.192425 0.339706 0.576352 0.729164 0.779652 : 0.9
0.701998 0.0429948 0.913732 -0.849942 -0.222833 -0.102813 0.415679 0.516618 -0.69111 : 0.5
0.692841 0.451394 0.925685 -0.922828 -0.343746 0.0668432 0.897968 0.537075 -0.206718 : 0.9
0.626683 0.274092 0.938551 -0.918796 -0.00987881 0.249291 0.618916 0.0254672 0.981627 : 1
0.643147 0.399752 0.916858 -0.92746 -0.231554 0.0713334 0.379942 0.572274 0.920181 : 0.8
0.68658 0.358684 0.717699 -0.929775 -0.0758833 -0.0888693 0.992731 0.425171 0.338074 : 0.5
0.634197 0.316721 0.92685 -0.850859 -0.561078 0.459256 0.373246 0.752493 0.223935 : 0.6
0.687625 0.466931 0.89452 -0.888877 -0.15526 -0.333448 0.349121 0.460909 0.284605 : 0.6
0.602764 0.298116 1 -0.958462 -0.53232 0.0538616 0.885245 -0.0992685 -0.438235 : 0.8
0.684503 0.459461 1 -0.897317 0.103002 0.0631121 0.662935 0.279757 -1 : 0.6
0.582625 0.413205 0.973115 -0.973624 -0.180998 -0.0131572 0.257716 0.825274 -0.0178494 : 0.6
0.640296 0.510547 0.959979 -0.948006 -0.277849 -0.155035 0.129778 0.415632 1 : 0.8
0.74522 0.483358 0.945739 -0.973218 -0.361411 -0.0920423 0.909136 0.329591 -0.111443 : 0.6
0.610793 0.414267 0.899705 -0.897363 -0.41241 -0.0909539 0.326611 0.258751 0.69691 : 0.7
0.611673 0.591261 0.907036 -0.841568 -0.374906 -0.0558697 0.632437 0.131187 0.549646 : 0.2
0.696248 0.422615 0.941596 -0.982721 -0.688806 0.0938032 -0.157686 0.193549 0.436777 : 0.3
0.494366 0.281354 0.978603 -0.923868 -0.339391 0.095025 0.566374 0.710366 0.790582 : 0.6
0.794477 0.302483 0.914017 -0.758719 0.140347 -0.816084 0.272614 0.343684 0.769943 : 0.6
0.643462 0.325089 0.915515 -0.927287 -0.410847 -0.345993 0.0188446 0.698164 -0.345183 : 0.7
0.674272 0.454995 0.766161 -0.880697 -0.13357 0.0766855 0.607533 0.621788 0.0752772 : 0.5
0.713119 0.455385 0.86782 -0.870458 -0.139693 0.164114 0.4914 0.96723 0.184773 : 0.7
0.634505 0.370193 0.962827 -0.900749 -0.24895 0.147986 1 0.916654 -1 : 0.7
0.679282 -0.0285815 0.657643 -1 -0.161286 -0.0130024 -0.204331 0.301884 -0.00790352 : 0.7
0.731083 0.20444 0.90907 -0.95211 -0.561371 1 0.532077 0.330652 0.982359 : 0.8
0.658651 0.447892 0.931197 -0.996259 -0.195116 -0.03589 0.216387 0.860958 0.538775 : 0.7
0.64911 0.366545 0.894816 -0.866953 -0.0779024 -0.137294 0.474918 0.195613 0.426445 : 0.6
0.635089 0.43625 0.870497 -0.92386 -0.661174 0.0772047 0.446178 0.464537 -0.330901 : 0.7
0.614663 0.324032 1 -0.854322 0.107954 0.455146 0.595708 0.640344 -0.593014 : 0.5
0.695928 0.452833 0.824802 -0.90418 -0.0654228 -0.109452 0.417245 0.650668 -0.617838 : 0.8
0.612887 0.428476 0.924296 -0.744575 -0.0757151 -0.0721476 0.39059 0.626744 0.573012 : 0.7
0.734086 0.400595 0.982103 -0.853576 -0.376582 0.0752747 0.60292 0.341982 0.51004 : 0.6
0.633028 0.194357 0.908328 -0.946385 -0.174673 0.144053 0.804158 0.303675 -0.0512496 : 0.6
0.673305 0.346596 0.911566 -0.986767 0.629506 -0.068344 0.509733 0.391933 -0.672172 : 0.6
0.578301 0.324009 0.58882 -0.916559 0.262304 -0.04923 0.11138 0.557952 -0.20935 : 0.8
0.57682 0.480192 0.857464 -0.996712 -0.174197 -0.00788719 0.36619 -0.126185 -0.263814 : 0.6
0.563448 0.164999 0.918724 -0.917294 -0.191766 -0.0215788 0.540629 0.578863 -0.702411 : 0.9
0.639691 0.486159 0.859208 -0.645315 -0.484025 -0.331705 0.567845 0.667677 -0.118319 : 0.5
0.540095 0.371829 0.760429 -0.988338 0.325091 -0.0421346 0.63592 1 0.544201 : 0.6
0.645172 0.426312 0.867398 -0.681037 -0.241189 0.0448802 1 0.45006 -0.774942 : 0.7
0.581623 0.0420551 0.841221 -0.759131 -0.514217 -0.118514 0.811409 0.52801 -0.167524 : 0.5
0.736256 0.461706 0.923829 -0.903635 -0.887464 0.0645978 0.829787 0.428726 0.216128 : 0.5
0.576045 0.436495 0.772969 -1 -0.308182 -0.110773 0.299236 0.476619 -0.641864 : 0.4
0.65743 0.342776 0.935577 -0.881582 -0.515908 0.114749 0.939689 0.270784 0.0289542 : 0.8
0.720756 0.40645 0.749812 -0.928317 0.00887132 -0.0269102 0.384696 0.358202 -0.41168 : 0.6
0.640092 0.422203 0.920356 -0.869313 -0.166196 0.0525217 0.364237 0.138694 -0.104734 : 0.8
0.787065 0.427312 0.84713 -0.807593 -0.726754 0.21449 0.301478 0.646157 -1 : 0.6
0.644349 0.496714 1 -0.855399 -0.461643 -0.00868947 0.49536 0.724794 0.138066 : 0.5
0.578638 0.263837 0.967026 -0.963361 -0.216864 0.281616 0.525155 0.47056 1 : 0.4
0.706251 0.332712 0.950776 -1 -0.266691 0.285065 0.527236 0.558627 0.781948 : 0.5
0.734655 0.423678 0.80057 -0.762788 -0.150157 0.150489 0.429315 0.584671 -0.205523 : 0.8
0.653194 0.369839 1 -0.750767 0.098838 -0.0101744 0.537575 0.693613 0.972718 : 0.6
0.615067 0.337027 0.920349 -0.929214 -0.0881754 0.246975 0.467849 0.535822 0.526488 : 0.6
0.6496 0.355453 0.928832 -0.913842 -0.0645967 -0.00383696 0.438295 0.684281 -0.228322 : 0.6
0.580247 0.456313 0.987142 -0.960458 -0.00881243 0.0421002 1 0.786504 -0.362981 : 0.4
0.656948 0.338625 0.793044 -0.848145 -0.0403576 0.191537 0.61166 0.673342 -1 : 0.5
0.60711 0.350287 1 -0.896587 -0.328524 -0.05417 0.994285 0.739711 1 : 0.7
0.68733 0.38701 0.909637 -0.963655 -0.440082 0.0284991 0.464843 0.494159 -0.501006 : 0.6
0.602175 0.372398 0.960155 -0.981172 -0.380161 -0.354895 1 0.882878 0.346704 : 0.2
0.68649 0.390261 0.927765 -0.921157 -0.348198 -0.107163 -0.0871903 0.49382 -0.227531 : 0.6
0.688791 0.343704 0.933175 -0.808464 -0.209467 -0.181206 0.987802 0.374842 0.287969 : 0.7
0.6937 0.424982 1 -0.964212 -0.611168 0.025713 0.376929 0.479665 -0.775363 : 0.8
0.635312 0.444409 0.895419 -0.905281 -0.311743 -0.0607958 0.306938 0.372115 0.708106 : 0.6
0.612377 0.271831 0.929684 -0.808697 -0.597645 0.158622 0.453466 0.535822 0.182271 : 0.8
0.674923 0.341418 0.911169 -0.90456 -0.181136 0.681074 0.456339 0.438393 0.381477 : 0.8
0.613419 0.47561 0.905251 -0.82393 -0.32735 0.124556 0.270703 0.562944 -0.169449 : 0.9
0.66291 0.44625 0.923199 -0.890225 0.0151719 -0.118208 0.461851 0.621769 1 : 0.6
0.690133 0.414649 0.752237 -0.852506 -0.256174 -0.0856426 0.548343 0.690585 0.0867175 : 0.7
0.516399 0.323263 1 -0.860221 -0.0875249 0.314546 0.479699 0.583726 0.425778 : 0.7
0.674637 0.425503 0.843865 -0.685134 -0.222793 0.116048 0.291383 0.616441 -0.149497 : 0.7
0.641323 0.391097 0.930321 -0.785021 -0.273657 -0.11371 0.278638 0.823323 0.910371 : 0.8
0.700962 0.38565 0.856215 -0.826828 -0.00847474 -0.0815498 0.650341 0.914998 -0.414754 : 0.7
0.637081 0.395754 0.922611 -0.879637 -0.184745 -0.0663489 0.277414 0.402 0.18871 : 0.7
0.551659 0.37506 0.920064 -0.997149 -0.119958 -0.542638 0.594432 0.229705 -0.774783 : 0.3
0.641586 0.360228 0.655907 -0.804435 -0.441533 -0.0460155 0.634884 0.391644 -0.0101005 : 0.4
0.658749 0.176406 0.991623 -0.869367 -0.206277 0.22633 0.254796 1 -0.146806 : 0.6
0.711251 0.33024 0.91333 -0.966144 -0.288373 -0.444362 0.615686 0.530242 0.868399 : 0.8
0.644595 0.323156 0.922369 -0.831742 -0.243948 -0.151238 0.191383 0.590065 1 : 0.4
0.654721 0.487279 0.904307 -0.875497 -0.278729 -0.0687543 0.680957 0.240674 -0.160032 : 0.5
0.655073 0.335069 0.934345 -0.85366 -0.276835 -0.149655 0.202375 0.485194 0.948749 : 0.4
0.719503 0.384187 0.95056 -0.804069 -0.0316813 0.166856 0.452921 0.736135 -0.299962 : 0.8
0.68619 0.35502 1 -0.839166 -0.157139 -0.320837 0.149682 0.827467 0.0851663 : 0.6
0.677233 0.32596 1 -0.972826 -0.282239 0.0139034 0.403209 1 0.000444338 : 0.7
0.548849 0.282853 0.869212 -0.964964 -0.229475 0.192785 0.327747 0.02106 0.252853 : 1
0.634638 0.467183 0.803968 -0.917196 -0.344484 -0.011742 0.538848 0.409206 -0.0378089 : 0.7
0.552722 0.368047 0.835502 -0.914364 -0.410908 0.0864818 0.55238 0.698618 -0.0286513 : 0.6
0.680824 0.333785 0.999611 -0.825412 -0.162259 0.11483 0.500897 0.670663 0.278689 : 0.6
0.596537 0.438113 0.857917 -0.908127 -0.384981 0.147136 -0.274297 0.866749 -0.468885 : 0.5
0.700572 0.4269 0.942819 -0.82721 -0.29454 0.00837369 0.760607 0.693975 -0.0690171 : 0.6
0.655263 0.47277 0.889674 -0.812119 -0.340739 -0.166626 0.653668 -0.000412107 0.87415 : 0.6
0.682443 0.333287 0.948898 -0.961751 -0.0455391 0.104156 0.742688 0.528578 0.751093 : 0.5
0.635821 0.361946 0.936069 -0.874835 -0.11537 0.0638433 0.275186 0.366625 1 : 0.6
0.820089 0.416231 0.945479 -0.940289 -0.29625 -0.0277384 -0.162493 0.294213 -0.0110561 : 0.6
0.696906 0.296956 0.889793 -1 -0.147368 0.00443049 0.5507 0.591134 -0.22012 : 0.6
0.669802 0.286541 0.898528 -0.869582 -0.325357 -0.102939 0.251959 0.332788 0.420608 : 0.7
0.722044 0.415722 0.908735 -0.833386 -0.776663 0.0473073 0.955869 0.571931 0.327205 : 0.6
0.686847 0.392167 0.923956 -0.825907 -0.330295 0.090281 0.881439 1 0.66213 : 0.5
0.681744 0.46431 0.908451 -0.913119 -0.0590742 0.405746 0.489713 0.025506 0.996997 : 0.6
0.680343 0.399379 0.846893 -0.823257 -0.242819 0.053054 0.330235 0.732812 -0.0165645 : 0.5
0.750207 0.462197 0.955809 -0.970424 -0.315705 0.0406182 -0.0165765 0.32409 0.566186 : 0.6
0.640614 0.464901 0.810205 -0.93756 -0.353364 0.177031 0.826968 0.0663797 -0.223447 : 0.5
0.672447 0.385642 0.821551 -0.963819 -0.0693567 0.263304 0.591556 0.463193 0.505462 : 0.6
0.694445 0.459229 0.863343 -0.793852 -0.339602 0.106173 0.287347 0.501784 0.404825 : 0.7
0.662066 0.444274 0.890712 -0.898112 -0.323427 -0.0110444 0.462045 0.107678 0.921215 : 0.3
0.678899 0.183708 0.93846 -0.814053 -0.173244 0.0484031 0.352671 0.453764 -0.722912 : 0.5
0.74114 0.356026 0.914771 -0.930641 -0.237428 -0.569097 0.32499 0.758686 -0.957593 : 0.5
0.585765 0.393021 1 -0.984518 -0.147689 -0.0478792 0.180177 0.550406 0.0108227 : 0.7
0.787525 0.418823 0.806076 -0.882634 -0.206581 0.137181 0.886381 0.570815 -0.00132202 : 0.7
0.768221 0.463886 0.969553 0.522838 -0.0833579 0.0292232 0.545098 0.0260573 0.336886 : 0.6
0.582864 0.427136 0.975394 -0.877737 -0.136798 0.0206287 0.854773 0.27459 0.0781295 : 0.6
0.830944 0.458457 0.813951 -0.917661 -0.00227741 0.0284441 0.408285 0.692093 -1 : 0.5
0.613031 0.399896 0.888023 -0.893594 -0.266273 -0.0320381 0.542581 0.709838 -0.506034 : 0.6
0.650626 0.344672 0.781443 -0.872762 -0.352893 -0.0405444 0.346399 0.587656 0.149342 : 0.3
0.655953 0.386903 0.865454 -0.812386 -0.377399 0.106354 0.460372 0.488146 -0.344891 : 0.3
0.676279 0.472742 0.904554 -0.920994 -0.346533 -0.13931 0.204631 0.266597 0.15374 : 0.2
0.676428 0.473394 1 -0.932553 -0.132278 0.10063 0.277764 0.515297 0.462265 : 0.5
0.737685 0.507895 0.928497 -0.982709 -0.318962 -0.0585096 0.307169 0.11319 0.580268 : 0.3
0.671474 0.311025 0.937276 -0.918856 -0.1553 -0.100801 0.294175 0.423536 0.461601 : 0.6
0.632777 0.382195 0.936762 -0.759149 -0.979244 0.011659 0.609101 0.845445 0.00623375 : 0.4
0.687328 0.325136 0.973598 -0.895972 -0.229605 0.0103638 0.283479 0.410776 0.505611 : 0.3
0.610585 0.372564 0.93526 -0.850429 -0.300099 -0.160393 0.509975 1 1 : 0.8
0.717961 0.26592 0.775781 -0.93557 -0.0484639 -0.0145352 0.419406 0.368511 -0.679754 : 0.5
0.67648 0.484439 0.951467 -0.924581 0.0582308 0.129397 0.324609 0.520521 0.0736285 : 0.6
0.630392 0.427819 0.840456 -1 -0.0288561 -0.076048 0.809441 0.674119 0.247542 : 0.6
0.576376 0.329316 0.875245 -0.242839 -0.383746 0.0124473 0.54199 0.0991129 -0.253972 : 0.7
0.709321 0.43185 0.849766 -0.873204 -0.159808 -0.118562 0.298041 0.347507 0.228915 : 0.8
0.721818 0.382945 0.828467 -0.826709 -0.331836 0.0592602 0.724412 0.755884 0.592205 : 0.7
0.86142 0.388179 0.923269 -0.979176 -0.300081 -0.089381 0.0506938 0.528062 -0.0983943 : 0.5
0.678105 0.37322 0.98761 -0.944988 -0.119775 -0.0149452 0.5889 0.747904 -0.15632 : 0.4
0.684529 0.375194 0.971974 -0.964598 0.0310984 -0.0338067 0.0903727 0.806574 -0.0723612 : 0.6
0.667262 0.393325 0.774859 -0.805408 -0.792412 0.11811 0.501643 0.353994 -0.474908 : 0.5
0.692724 0.175122 0.843509 -0.951685 -0.378282 0.0620672 0.917162 0.478216 0.139144 : 0.6
0.698551 0.413976 0.808344 -0.882826 -0.13984 0.0963927 0.445731 0.687558 0.0615304 : 0.6
0.691065 0.336725 0.879025 -0.942406 -0.263778 0.0123849 0.317054 0.544644 0.682167 : 0.7
0.743203 0.320126 0.972527 -0.947843 -0.172673 -0.118267 0.555487 0.565636 0.416255 : 0.4
0.70016 0.475614 0.928669 -0.983808 -0.385423 0.0971766 0.360862 0.464437 -0.954865 : 0.6
0.676126 0.312362 1 -0.786445 0.293574 0.0690959 0.426551 0.639009 -0.00335926 : 0.5
0.574489 0.312253 0.977936 -0.890971 -0.172874 0.29984 0.407452 0.436888 0.368591 : 0.5
0.665058 0.48587 0.872332 -0.918043 -0.0482518 0.216174 0.187867 0.563463 0.231993 : 0.7
0.6181 0.276563 1 -1 -0.19184 -0.0398327 0.536088 0.554311 0.559853 : 0.7
0.573615 0.374659 1 -0.92125 -0.276915 0.0958836 0.404908 0.664903 0.610401 : 0.8
0.674072 0.382912 0.921822 -0.906371 -0.079617 0.405634 0.418831 0.120125 0.0906212 : 0.6
0.68812 0.444779 0.963147 -0.928616 -0.130106 -0.166477 0.263629 0.909839 0.266958 : 0.4
0.676408 0.388827 0.956875 -0.926387 -0.272716 0.123172 0.239513 0.5902 0.174374 : 0.5
0.613553 0.348894 0.838508 -0.917958 0.211105 0.0426721 0.059297 0.612685 0.0311544 : 0.4
0.681462 0.394181 0.861526 -0.808366 -0.195946 -0.040854 0.269625 0.514966 0.430868 : 0.7
0.589082 0.39131 0.957306 -1 -0.116479 0.0530855 0.453231 0.59786 0.617405 : 0.5
0.710926 0.444485 0.634724 -0.957947 -0.2884 -0.143393 0.400897 0.17281 0.314717 : 0.7
0.638491 0.352444 0.924412 -0.850015 -0.232271 0.201097 0.664631 0.507734 -0.438628 : 0.5
0.724667 0.333883 0.870462 -0.928511 -0.132571 -0.147391 0.580405 0.479275 -0.157439 : 0.7
0.643384 0.392578 0.935294 -0.830842 0.00885618 0.0559732 0.907195 0.419219 -0.153973 : 0.8
0.695316 0.439251 0.99052 -0.957547 -0.486216 0.0243543 0.834631 0.639278 0.0581641 : 0.9
0.648493 0.447098 1 -0.920514 -0.31002 -0.0944522 0.710101 0.144362 -0.0308487 : 0.4
0.593714 0.383829 0.944303 -0.841944 0.00293636 -0.0191381 0.458936 0.501154 1 : 0.3
0.694692 0.443024 0.88223 -0.773945 -0.132644 -0.0215257 0.217656 0.557503 0.926376 : 0.6
0.650966 0.436166 0.827082 -0.905112 -0.0956902 0.0408792 0.734197 0.541573 0.00466132 : 0.6
0.738657 0.425384 0.906853 -1 -0.292714 -0.577755 0.588081 0.803758 0.623647 : 0.8
0.673221 0.377943 0.938198 -0.73594 -0.266326 0.154536 0.854622 0.137894 -0.593107 : 0.5
0.545981 0.425568 0.973927 -0.791836 -0.575099 -0.234095 0.402356 1 -0.20779 : 0.2
0.797285 0.374303 1 -0.902845 -0.321664 0.0544533 0.70006 0.610854 -0.152673 : 0.7
0.682305 0.408888 0.867659 -0.901096 -0.450094 -0.151516 0.541067 0.255374 -0.225323 : 0.3
0.595892 0.480123 0.904079 -0.962459 -0.195716 -0.104748 0.845903 0.717215 -0.183122 : 0.7
0.71984 0.415764 0.871034 -0.907924 0.187632 0.0163144 0.912379 0.357325 -0.43173 : 0.7
0.678908 0.418346 0.982638 -0.836942 -0.0639979 -0.23478 0.554595 0.611843 0.853397 : 0.6
0.665615 0.406939 0.946959 -0.876737 -0.34496 0.0677575 0.901938 0.420589 -0.248559 : 0.7
0.60472 0.420229 1 -0.880695 -0.187372 0.208146 0.414662 0.72985 -0.0167108 : 0.7
0.594402 0.367685 0.831876 -0.837287 -0.318299 -0.328994 0.146829 0.393612 0.130895 : 0.5
0.601157 0.368822 0.892313 -0.930495 -0.562896 0.00422344 0.383997 0.595742 0.130774 : 0.7
0.720411 0.301468 0.930235 -0.914832 -0.398037 0.418962 0.437046 0.430752 -0.467809 : 0.5
0.597783 0.377607 0.921882 -0.913363 -0.237883 0.111178 0.39034 1 1 : 0.6
0.764931 0.469625 0.921737 -0.910808 -0.0484217 0.424584 0.409559 0.351176 -0.0453009 : 0.6
0.63951 0.370719 0.767846 -0.863434 -0.544891 -0.00502995 0.79789 0.561853 -0.21818 : 0.8
0.677323 0.405155 0.885246 -0.892494 -0.299157 -0.130909 -0.623708 0.642207 -0.366558 : 0.5
0.66006 0.395308 0.804927 -0.900574 -0.0309772 0.0469175 0.576345 0.569611 0.0849091 : 0.4
0.665755 0.415839 0.836771 -0.908859 -0.247489 0.0638422 0.955844 0.270658 1 : 0.5
0.686651 0.375894 0.750238 -0.956398 0.0196361 0.314852 0.69811 0.48044 0.437486 : 0.3
0.613587 0.427776 0.900956 -0.858956 -0.419866 -0.0631199 0.740957 0.210677 0.783185 : 1
0.66561 0.36439 0.947463 -0.892835 0.0247419 0.00269033 0.556014 0.208512 -0.215674 : 0.5
0.638408 0.424639 0.81599 -0.980477 -0.0536489 -0.266097 0.301382 0.290806 -0.306368 : 0.8
0.647083 0.503588 0.898484 -0.934066 -0.332791 0.203556 0.49528 0.377102 0.417025 : 0.5
0.591546 0.414222 0.942757 -0.852617 -0.284134 0.00822569 0.657411 0.054738 -0.134778 : 0.6
0.722447 0.4257 0.863399 -0.959762 -0.366742 0.0692063 1 0.406615 -0.354032 : 0.7
0.710188 0.444039 0.831396 -0.88816 -0.376826 -0.0377483 0.290346 0.682518 0.100447 : 0.5
0.799725 0.413082 0.965209 -0.82424 -0.459459 -0.176207 0.817564 0.333412 0.326976 : 0.7
0.673768 0.61548 0.882775 -0.959337 -0.418823 -0.0758861 0.612812 0.307784 -0.549517 : 0.8
0.594968 0.347457 0.967316 -0.869475 -0.147077 -1 0.7087 0.903298 -0.0569919 : 0.7
0.677464 0.360652 0.800521 -0.894614 -0.0902303 0.065875 0.725235 0.446016 0.176214 : 0.7
0.593876 0.305193 0.902848 -0.815246 -0.47193 0.263466 0.630319 0.384104 -0.0083642 : 0.4
0.682884 0.430842 0.954503 -0.87956 -0.241047 -0.233525 0.850544 0.261254 -0.0248756 : 0.6
0.653216 0.360376 0.765845 -1 0.0732694 0.0701456 0.55771 0.393921 1 : 0.6
0.639796 0.373262 0.863526 -0.966478 -0.17026 -0.0715636 -0.10016 -0.644538 0.423047 : 0.4
0.637109 0.415927 0.919062 -0.931101 -0.108716 0.158013 0.158741 0.391024 0.0140337 : 0.6
0.603085 0.437961 0.902078 -0.933882 -0.348765 -0.184568 0.750026 0.820752 0.0400788 : 0.6
0.690308 0.433809 0.818264 -0.834736 -0.310028 0.0703498 0.496844 0.752536 1 : 0.5
0.675324 0.450107 0.859009 -0.869617 -0.0732557 0.142218 0.181285 0.0341361 0.981689 : 0.7
0.646146 0.384587 0.941911 -0.980625 -0.257913 0.0297496 0.8717 0.298524 0.395338 : 0.6
0.674263 0.502525 0.912363 -0.890319 -0.566297 -0.0265414 0.738711 0.181247 0.741069 : 0.6
0.73759 0.341213 0.894594 -0.885479 -0.277002 0.0249816 0.281047 0.380282 -0.185377 : 0.5
0.613021 0.46112 0.774838 -0.967361 -0.252072 0.221344 0.335672 0.481188 -1 : 0.7
0.654096 0.472228 0.956597 -0.941531 -0.400487 -0.00174853 0.47537 0.547527 -0.315787 : 0.6
0.722819 0.319677 0.994762 -0.903575 -0.0901618 0.0935057 0.343933 0.790427 0.105118 : 0.8
0.617111 0.403837 0.879219 -0.936313 -0.193533 0.168751 0.576854 0.675759 0.213027 : 0.5
0.705268 0.462392 0.924008 -0.942747 -0.426745 0.0838421 0.26311 0.551284 0.553598 : 0.7
