0.610684 0.394904 0.859608 -0.97488 -0.0883165 0.0886215 0.19901 0.841433 -0.219258 : 0.9
0.7185 0.403953 0.902917 -0.949787 -0.188785 0.0881029 0.741971 0.887719 0.39556 : 0.5
0.694695 0.393936 1 -0.900534 -0.252744 0.0366589 0.317956 0.949118 0.0903678 : 0.9
0.691356 0.415908 0.834541 -1 -0.200702 0.377126 0.353616 0.765344 -0.435501 : 0.6
0.637555 0.34413 0.924606 -0.887793 -0.315147 -0.00398744 0.642302 0.386228 -0.26019 : 0.5
0.730611 0.166712 0.916476 -1 -0.267902 0.14193 0.562459 0.319527 0.539769 : 0.6
0.638889 0.386199 0.908675 -1 -0.0156763 0.0710592 0.630814 0.578392 -0.189686 : 0.6
0.683842 0.396411 0.867606 -0.932865 -0.333453 0.147839 0.460582 0.824242 1 : 0.7
0.711371 0.391404 0.895507 -0.766452 -0.205235 0.0998308 0.411295 0.494445 0.395547 : 0.6
0.738301 0.502939 0.953229 -0.831666 -0.171743 0.159212 0.449049 0.25191 -0.275158 : 0.9
0.657548 0.379081 0.959675 -0.825741 -0.135032 0.110389 0.72832 0.34843 0.943093 : 0.8
0.754966 0.426297 0.984678 -0.937256 -0.0462596 0.0902719 -0.107481 0.907544 0.00889409 : 0.5
0.711615 0.40164 0.953495 -0.780974 -0.0821933 -0.0197095 0.70549 0.411654 -0.22731 : 0.8
0.740147 0.38716 0.97364 -0.949512 -0.398042 0.0714862 0.560186 1 0.263318 : 0.7
0.771015 0.411267 0.824375 -0.844885 -0.187672 0.0518507 0.437995 0.6235 0.369018 : 0.6
0.71681 0.473632 0.998607 -0.884229 -0.217375 -0.217597 0.521981 0.728881 -1 : 0.7
0.693928 0.406601 0.885514 -0.899016 -0.192485 0.347412 0.567734 0.519753 0.874493 : 0.7
0.694784 0.437917 0.773091 -0.867583 -0.00444937 0.07555 0.442011 0.754733 0.600363 : 0.5
0.670499 0.412486 0.928626 -0.774895 -0.218959 0.0688396 0.890475 0.599027 -0.0945917 : 0.7
0.763617 0.400076 0.903225 -0.920862 -0.771715 0.0124265 0.477342 0.705117 0.235421 : 0.8
0.623228 0.387445 0.708657 -0.884222 -0.433157 0.153681 0.360179 0.804947 0.326756 : 0.6
0.66135 0.36151 0.916488 -0.937772 -0.327797 0.0676679 0.385816 0.717138 0.301593 : 0.6
0.645516 0.419423 0.752061 -0.903224 -0.0121727 -0.000533085 0.192167 1 0.20835 : 0.7
0.619845 0.409562 0.97822 -1 0.806627 0.0190116 0.373542 0.644831 0.983524 : 0.8
0.775084 0.31608 0.92764 -0.852173 -0.21527 0.081899 0.476234 0.295436 -0.272909 : 0.6
0.751014 0.386773 0.973 -0.966639 -0.140299 0.103433 0.659537 0.576875 -0.281282 : 0.8
0.643626 0.346301 0.914062 -0.982935 -0.250308 0.0503053 0.434967 0.647324 0.117978 : 0.7
0.705858 0.516508 0.934863 -0.892459 -0.348376 0.169371 0.233423 0.644959 -0.0215536 : 0.6
0.655748 0.297918 0.945073 -0.922588 -0.183237 0.135367 0.282925 0.708874 -0.280196 : 0.5
0.672565 0.41399 0.9659 -0.590484 0.112371 -0.197609 0.384773 0.690055 -0.0319234 : 0.4
0.743798 0.406438 0.938622 -0.896299 -0.339002 -0.151988 0.275874 1 -0.0257656 : 0.8
0.627311 0.472123 0.953569 -1 -0.197749 0.17613 0.741486 0.431008 -0.583193 : 0.6
0.690102 0.365365 0.997784 -0.939101 -0.0467481 0.0416059 0.404696 0.909559 0.256205 : 0.6
0.366953 0.380633 0.984715 -0.875997 -0.193132 0.0737518 0.858871 0.677246 0.843426 : 0.6
0.665386 0.390138 0.52654 -0.935448 -0.0363328 0.0580278 0.305189 1 -0.103637 : 0.6
0.677372 0.43388 0.913613 -0.802991 -0.200735 0.052243 0.285239 0.724193 -0.425597 : 0.6
0.760346 0.512099 0.950011 -0.931406 -0.0778985 0.0780824 0.607403 1 0.112257 : 0.7
0.830358 0.492623 0.961577 -0.944183 -0.249411 0.0725164 0.161793 0.535261 0.635588 : 0.8
0.755116 0.426362 0.830159 -0.830919 -0.3074 0.0222988 0.427059 0.664967 1 : 0.7
0.679067 0.38997 0.99222 -0.828513 -0.215764 0.134093 0.258656 0.684193 0.520216 : 1
0.682515 0.293738 0.891698 -0.876948 -0.0918959 0.084519 0.294823 0.828432 -0.0442759 : 0.8
0.672813 0.388313 0.986012 -0.84903 -0.28007 -0.0137035 0.0583465 0.402353 0.664335 : 0.8
0.705361 0.358826 0.879604 -0.975048 -0.574307 -0.0680603 0.0755044 0.283278 0.475365 : 0.8
0.654529 0.41892 1 -0.847029 -0.244291 0.0054009 0.227644 0.739487 -0.549733 : 0.8
0.668954 0.429103 0.912264 -0.974709 -0.1525 0.0834265 0.400527 0.090171 0.231215 : 0.6
0.721029 0.423867 0.967589 -0.913821 -0.25305 -0.0243039 0.490414 0.705383 0.807346 : 0.8
0.687313 0.413689 0.936173 -0.852198 -0.374642 0.0418853 0.535869 0.657375 0.0945439 : 0.7
0.734817 0.389877 0.994384 -0.824364 0.12158 0.0634585 0.268283 0.939356 -0.128445 : 0.4
0.661289 0.433723 0.884334 -0.92747 -0.250592 0.124199 0.469924 0.727948 0.792089 : 0.6
0.665357 0.342839 1 -0.848613 -0.0808694 0.087624 0.219066 1 0.169142 : 0.5
0.714345 0.432845 1 -1 -0.186718 0.0979281 0.157931 0.538327 -1 : 0.5
0.764118 0.453223 0.856426 -0.864971 -0.254994 -0.046934 0.271305 0.801211 0.12388 : 0.5
0.597135 0.411438 0.872494 -0.92163 -0.280029 0.240177 0.375498 1 -0.125799 : 0.7
0.714163 0.341514 0.985888 -0.971379 -0.311942 0.026499 0.498889 0.782096 1 : 0.7
0.69943 0.431054 0.767746 -0.766506 -0.31716 0.157943 0.432356 0.698958 -0.258063 : 0.7
0.709386 0.342871 1 -0.919572 0.00530267 0.120221 0.430056 0.482485 0.660685 : 0.6
0.287418 0.42381 0.951589 -1 -0.345023 0.0634757 0.210256 0.347762 0.243027 : 0.5
0.655119 0.45044 0.742291 -0.87162 -0.246107 0.0109163 0.322367 0.434967 0.71008 : 0.8
0.617399 0.386827 0.759002 -0.824461 -0.234699 0.00542876 0.532978 0.635777 -0.942129 : 0.5
0.712439 0.410008 1 -0.808859 -0.204521 0.0915764 0.353525 0.972842 0.383859 : 0.8
0.720252 0.322955 0.980393 -0.811889 -0.308961 -0.0639784 0.384967 0.517797 -0.128036 : 0.5
0.696006 0.484072 0.999338 -0.962367 -0.241446 -0.0125912 0.26267 0.856719 0.246954 : 0.7
0.582189 0.327478 0.869368 -0.523141 -0.186335 0.209679 0.100545 0.718164 -1 : 0.8
0.673986 0.349505 0.95226 -0.94177 -0.372111 0.072691 0.602824 0.636306 -0.0184369 : 0.8
0.694411 0.458357 0.888157 -0.878837 -0.33969 0.0472287 0.505029 0.624284 0.242853 : 0.5
0.658943 0.425762 0.973875 -0.937799 -0.2214 0.0814335 0.46103 0.475593 0.182865 : 0.8
1 0.370419 0.941344 -0.859055 -0.303082 0.0773619 0.647482 1 0.334341 : 0.7
0.721979 0.435179 0.990525 -0.90705 -0.24759 0.319641 0.0707169 0.626086 -0.190369 : 0.7
0.67416 0.404859 0.93802 -1 -0.157203 0.0950439 0.0431807 0.667805 0.546772 : 0.8
0.641012 0.466425 0.988729 -0.895479 -0.307451 0.0273846 0.324021 0.39288 0.109484 : 0.6
0.683697 0.413559 0.955473 -1 -0.185469 0.167859 0.599361 0.458395 -0.0128832 : 0.6
0.74056 0.429919 1 -0.883405 -0.225417 -0.00283623 0.674546 0.208161 -0.158768 : 0.7
0.701358 0.431561 0.966057 -0.928146 -0.239077 0.0413407 0.20597 0.737721 0.225412 : 0.6
0.814271 0.411859 0.921223 -0.919972 -0.233264 -0.0123835 0.163837 0.726499 -0.8693 : 0.7
0.706831 0.339439 1 -1 -0.171256 0.0307083 0.386303 0.775959 0.0768937 : 0.7
0.684323 0.34338 0.909428 -0.800305 -0.24752 0.0580765 0.15118 0.712326 0.371177 : 0.7
0.716161 0.472843 1 -0.944853 -0.201873 0.0745696 0.288268 0.798168 -0.154704 : 0.7
0.627316 0.411492 0.970018 -0.818663 -0.109763 0.0499646 0.545355 0.338325 -0.215613 : 0.4
0.655887 0.441586 0.921851 -0.937775 -0.222797 0.0631132 0.779062 0.756357 -0.374789 : 0.7
0.83272 0.395512 0.951651 -0.979083 -0.33206 0.0717699 0.42695 0.602217 0.618359 : 0.7
0.68408 0.468093 0.884816 -0.940325 -0.252945 -0.0603688 0.351073 0.692324 0.665398 : 0.7
0.621062 0.389196 0.941054 -0.968068 -0.174039 -0.0671285 -0.226701 0.380676 0.751556 : 0.7
0.655326 0.414974 1 -0.687601 -0.201215 0.103343 -0.155802 0.827395 -0.00468725 : 0.5
0.673305 0.403609 0.810015 -0.950526 -0.229002 0.0886784 0.21584 1 -0.694032 : 0.5
0.682697 0.418585 0.998108 -0.868153 -0.219357 -0.0482799 0.511457 0.994516 -0.835027 : 0.6
0.744484 0.432158 1 -0.900336 -0.110225 0.177297 0.444474 0.35179 0.0502832 : 0.6
0.710814 0.397544 0.913127 -0.952957 -0.0212867 0.0940404 0.603926 1 -0.635034 : 0.7
0.67822 0.486559 1 -0.916968 -0.274752 0.137254 0.462839 0.598832 -0.279603 : 0.7
0.637647 0.439286 0.902663 -0.6863 -0.186717 -0.0293669 0.506807 0.762684 -0.208449 : 0.8
0.653808 0.407267 0.861086 -0.996305 -0.314501 0.103717 -0.311618 0.29305 0.386624 : 0.8
0.655375 0.40369 0.99161 -0.970572 -0.215046 0.142554 0.572628 0.531314 0.279384 : 0.7
0.676771 0.433327 0.936947 -0.954538 -0.247015 0.111657 0.847798 0.48123 0.00949264 : 0.7
0.622531 0.417507 0.88839 -0.846005 -0.223494 -0.0545615 0.249722 0.823375 -0.668604 : 0.7
0.687974 0.436908 0.922988 -0.965281 -0.255545 -0.0394629 0.630329 0.736553 0.721869 : 0.8
0.72118 0.392941 0.744239 -0.878176 -0.260221 0.113634 0.403557 0.977941 -0.0413924 : 0.8
0.661808 0.407577 0.916956 -0.877681 -0.178543 0.159528 0.566555 0.483689 -0.744466 : 0.4
0.701911 0.394988 1 -0.806591 -0.0457568 0.0292951 0.357066 0.631632 -0.515577 : 0.6
0.703315 0.378988 0.899117 -0.738335 -0.256434 -0.00132756 0.578864 0.321807 0.482075 : 0.8
0.65042 0.385992 1 -0.832887 0.0445937 0.0923729 0.260912 0.547464 -0.299374 : 0.4
0.719095 0.419568 0.985639 -0.881773 -0.150117 0.112871 0.513859 0.47216 -0.434561 : 0.6
0.666248 0.424672 0.915781 -0.892615 -0.363585 -0.00476478 0.5152 0.576803 1 : 0.8
0.669828 0.364307 0.908475 -0.930076 -0.148499 0.0951867 0.879347 0.711679 0.788146 : 0.8
0.690336 0.403513 0.737682 -0.909215 -0.0993349 0.0580652 0.341823 0.608268 0.0556981 : 0.5
0.698254 0.39104 0.977892 -0.904552 -0.0347202 0.0535854 0.405584 0.77787 -0.0238342 : 0.5
0.613312 0.363407 0.930564 -0.540187 -0.182898 -0.074959 0.34346 0.510434 -0.65323 : 0.5
0.761923 0.499706 0.886477 -0.911336 -0.627016 -0.151011 0.684421 0.166856 0.70586 : 0.4
0.626305 0.395238 0.979706 -0.876221 -0.296763 0.0766552 0.786133 0.575546 0.109903 : 0.7
0.712408 0.379168 0.988674 -0.925552 -0.427998 0.00896916 1 0.615541 0.897753 : 0.8
0.704445 0.420953 0.973569 -0.87384 -0.144988 0.0304478 0.343348 0.637224 0.896327 : 0.6
0.724498 0.430304 0.900245 -0.848108 -0.107575 -0.0375441 0.65434 0.806052 0.410274 : 0.7
0.719309 0.382589 0.826822 -0.835591 -0.252155 0.103235 0.343844 0.72294 -0.781303 : 0.8
0.724944 0.409177 0.938549 -0.810145 0.00741956 0.12674 0.50183 0.568999 -0.229879 : 0.6
0.614808 0.358556 0.917266 -0.911785 -0.264407 0.0222174 -0.0700526 0.711776 0.438481 : 0.4
0.397113 0.389065 0.907179 -0.895326 -0.714129 -0.368628 0.555815 0.799803 -0.214236 : 0.9
0.754288 0.373179 0.848532 -0.878779 -0.249294 0.168715 0.430664 0.748538 0.297561 : 0.6
0.573555 0.389494 1 -0.96135 -0.256973 0.0685718 0.612356 0.67671 0.122754 : 0.6
0.628286 0.397796 0.957417 -0.880399 -0.298893 0.0696142 0.717875 0.848107 0.122213 : 0.6
0.66624 0.411698 0.825354 -0.910975 -0.123266 -0.0345115 1 0.725406 -0.4866 : 0.7
0.618291 0.361161 0.938366 -0.920979 -0.198024 0.0272621 0.800946 0.64895 -0.789776 : 0.5
0.738918 0.379516 0.930745 -0.877242 -0.235658 0.0811053 0.395498 0.707572 0.369047 : 0.6
0.652481 0.319191 0.971748 -0.984427 -0.246848 -0.11207 0.338354 0.793056 1 : 0.9
0.701287 0.332589 0.911784 -0.963013 -0.350826 0.0801034 0.543762 0.596549 0.69708 : 0.5
0.61166 0.393124 0.854327 -0.851824 -0.221378 0.0432189 -0.0677682 0.781551 0.291482 : 0.8
0.687714 0.429775 0.848799 -0.962306 -0.100597 -0.57306 0.23972 0.230231 -0.177389 : 0.9
0.715934 0.498172 0.89602 -0.865686 -0.223431 -0.012643 0.386532 0.598724 0.882809 : 0.6
0.724404 0.406746 0.835029 -0.857484 -0.225544 0.0302593 0.436113 0.661555 -0.00656527 : 0.4
0.677361 0.410517 0.949228 -0.794963 -0.193604 0.0446818 0.197039 0.517987 0.244667 : 0.6
0.709607 0.43702 0.793489 -0.909124 -0.425942 -0.00883337 0.43476 0.68029 -0.476954 : 0.6
0.675038 0.364836 0.944938 -0.982466 -0.0660233 0.0905079 0.400797 0.685904 -0.0953878 : 0.7
0.703642 0.387755 0.976999 -0.847953 -0.19185 0.0661566 0.357363 0.642676 0.0528265 : 0.6
0.713372 0.412578 1 -0.950098 -0.220748 0.0630704 0.175687 0.729141 0.1367 : 0.6
0.517377 0.322501 0.901051 -0.971389 -0.163641 0.0820218 0.986776 0.661043 -0.0701045 : 0.6
0.719337 0.468404 0.903955 -0.889429 -0.476444 -0.0509308 -0.0117027 0.487808 0.156305 : 0.4
0.701122 0.455633 0.751867 -0.951169 -0.492387 0.076364 0.279131 0.522623 -0.160363 : 0.8
0.676277 0.414378 1 -0.875287 0.13562 0.0513309 0.309305 0.710752 0.105838 : 0.5
0.710212 0.438588 0.922036 -0.917234 -0.16926 0.155803 0.0814828 0.662861 0.322758 : 0.7
0.617302 0.380806 0.929117 -0.907348 -0.201113 0.258818 0.537398 0.701018 0.301073 : 0.7
0.651491 0.22614 0.911101 -0.834271 -0.0462347 0.0880484 0.426598 0.684891 0.923155 : 0.7
0.787715 0.451771 0.903848 -0.809629 -0.141405 0.039432 0.476436 0.85228 0.599969 : 0.4
0.666793 0.418873 0.904061 -0.893042 -0.0735164 0.0730714 0.702688 0.483766 0.123486 : 0.5
0.681438 0.427927 0.993664 -0.922107 -0.511434 0.021186 0.41373 0.666824 0.534094 : 0.7
0.710726 0.41961 0.980924 -0.934344 -0.228558 0.0385309 0.528416 0.724308 -0.477244 : 0.7
0.701674 0.410048 0.872928 -0.896042 -0.214846 0.0750168 0.265191 0.962012 -0.141334 : 0.6
0.739282 0.405232 0.920908 -0.872173 -0.171257 0.157641 0.492486 0.748029 0.0214996 : 0.6
0.712089 0.431416 0.96329 -0.949534 -0.126576 0.025954 0.274257 0.394343 0.15529 : 0.4
0.731494 0.421142 0.728823 -0.856399 -0.186268 -0.0030303 0.110406 0.377888 -0.175552 : 0.7
0.693877 0.417891 0.978434 -0.920592 -0.206388 0.105756 0.75618 0.891068 0.663558 : 0.8
0.71458 0.514581 0.930779 -0.828702 -0.0770189 0.129759 0.427182 0.866527 -0.100095 : 0.7
0.687611 0.38124 0.882481 -0.900052 0.00996235 0.165189 0.290258 0.952698 -0.138564 : 0.7
0.7235 0.419699 0.970889 -0.90134 -0.235871 0.0427512 0.604326 0.820816 -0.301729 : 0.7
0.694823 0.39412 0.921854 -1 -0.173404 0.0624389 0.231347 0.693065 0.243638 : 0.5
0.701565 0.400633 1 -0.965719 -0.17851 -0.0926453 -0.101938 0.598994 1 : 0.5
0.70577 0.388951 1 -0.898505 -0.866256 -0.158161 0.956524 0.544125 -0.653339 : 0.6
0.630462 0.364963 0.930856 -0.855254 -0.192437 0.10268 0.394437 0.869379 -1 : 0.8
0.68412 0.393017 0.88569 -1 -0.346588 0.165659 0.232117 0.687066 0.265076 : 0.9
0.680589 0.426484 0.911047 -1 -0.282123 0.235108 -0.184576 0.498493 0.284827 : 0.7
0.696835 0.415028 0.86441 -0.823955 -0.78622 -0.12054 0.194313 -0.0874668 0.833662 : 0.8
0.737902 0.412023 0.933083 -0.776407 -0.22467 0.0735533 0.142048 0.73649 0.771597 : 0.5
0.66496 0.406509 1 -1 -0.074795 0.139661 0.430391 0.73792 0.127011 : 0.6
0.672158 0.401736 0.773417 -0.91738 -0.302816 0.0755289 0.429046 0.718575 -0.60765 : 0.5
0.644684 0.331329 0.937375 -0.899872 -0.309888 -0.0495465 0.374463 0.583984 0.291676 : 0.9
0.833385 0.43665 0.90647 -0.919055 -0.170042 -0.0207094 0.0492243 0.779014 0.853719 : 0.6
0.666385 0.334027 0.97349 -0.93196 -0.24023 0.0372721 0.586014 0.897738 -1 : 0.6
0.756767 0.368484 1 -0.899256 -0.120648 0.0960077 0.585908 0.791724 -0.195238 : 0.7
0.684656 0.374974 0.899656 -0.830684 -0.128273 0.0775027 0.553826 0.548143 -0.0191888 : 0.6
0.699651 0.398264 0.905751 -0.848313 -0.112242 -0.0842934 0.386053 0.801579 0.182455 : 0.8
0.643796 0.396043 0.808315 -0.933254 -0.261519 0.0516129 0.530208 0.999446 -0.340246 : 0.6
0.629028 0.366735 0.835037 -0.832779 -0.16616 0.0573325 0.422653 0.938965 -0.403279 : 0.7
0.69676 0.333106 1 -0.843256 -0.519809 0.0882299 0.505404 0.653928 -0.221892 : 0.7
0.625191 0.383422 0.915369 -0.871319 -0.191683 0.068426 0.689638 0.555154 0.639458 : 0.9
0.70298 0.363767 0.932603 -0.857914 -0.237517 0.0726218 0.415925 0.629549 0.216134 : 0.7
0.676054 0.363688 0.885931 -0.942945 -0.300234 0.0205265 0.585484 -0.0787188 -0.085262 : 0.9
0.692916 0.409945 0.802576 -0.871938 -0.119771 0.10027 0.331951 1 -1 : 0.5
0.634052 0.380172 0.695712 -0.906295 -0.301702 0.00835344 0.282445 0.44194 -0.536005 : 0.7
0.722604 0.386082 1 -0.897691 -0.232236 0.213372 0.605489 0.65001 1 : 0.7
0.754306 0.485895 0.984409 -0.930479 -0.163979 0.0677852 0.771933 0.238199 0.574862 : 0.7
0.642914 0.377561 0.847888 -0.996133 -0.00337903 0.0599346 0.4359 0.834826 1 : 0.8
0.590565 0.405316 0.95004 -0.909043 -0.0841033 0.052901 0.302068 0.678223 0.728425 : 0.8
0.725868 0.409724 0.986946 -0.837209 -0.211113 0.0878888 0.387721 0.466414 -0.494251 : 0.8
0.590715 0.373833 0.828234 -0.850027 -0.217235 -0.251385 0.419407 0.901051 -0.403674 : 0.6
0.679893 0.415403 0.93017 -0.813942 -0.150197 0.181787 0.427857 0.437308 0.110375 : 0.8
0.629219 0.408568 0.985834 -0.920048 -0.245091 0.1365 -0.155587 0.619478 1 : 0.7
0.720405 0.393468 0.918004 -0.890093 -0.438133 0.122693 0.284939 0.763209 -0.157046 : 0.7
0.671032 0.311589 0.91646 -0.884667 -0.375174 0.0704225 0.455147 0.490949 -0.228511 : 0.4
0.198562 0.557618 0.885686 -1 -0.345882 0.0700004 0.35308 0.443649 0.364566 : 0.8
0.747691 0.433522 0.8865 -0.885945 -0.162279 0.32572 0.125382 0.623256 0.103884 : 0.9
0.697769 0.430784 1 -1 -0.146516 0.125106 0.418937 0.654039 0.0967658 : 0.7
0.68759 0.367636 0.959025 -0.886694 -0.24958 -0.0185065 -0.564022 0.6986 -0.344173 : 0.6
0.650469 0.4012 0.953202 -0.861287 -0.249826 0.0411801 0.624669 0.879286 -0.350201 : 0.7
0.725917 0.414194 0.896771 -0.926284 -0.168946 0.0327839 -0.244554 0.458596 0.156704 : 0.4
0.710397 0.43491 0.989097 -0.901753 -0.244787 0.0644376 0.241273 0.45175 0.460636 : 0.4
0.668054 0.374287 0.958154 -0.908694 -0.16178 0.184073 -0.0573456 0.318442 0.845306 : 0.7
1 0.415403 0.938708 -0.962752 -0.221884 0.034831 0.24938 0.632853 0.410382 : 0.5
0.700875 0.383044 0.959773 -0.916753 -0.187398 0.0463303 0.45494 0.892572 0.330251 : 0.7
0.664246 0.403597 0.849033 -0.864798 -0.310067 0.0100489 0.258613 0.76503 0.233521 : 0.5
0.715579 0.381434 0.921251 -0.839799 -0.478199 0.0943521 0.212091 0.972427 0.766881 : 0.8
0.761849 0.413803 0.885304 -0.916259 -0.197232 0.209233 0.447973 0.471129 -0.504889 : 0.5
0.714513 0.439095 0.976722 -1 -0.225601 0.0526157 0.505764 0.35387 0.230376 : 0.5
0.598403 0.423408 0.963773 -0.893988 -0.137716 -0.0248366 0.218025 0.519589 -0.369712 : 0.5
0.763724 0.384707 0.928942 -0.924707 -0.473562 0.0492039 0.427146 -0.00753401 0.495841 : 0.7
0.688829 0.369531 0.952197 -0.862194 -0.296332 -0.109143 0.839886 0.580118 0.119912 : 0.5
0.666554 0.409062 0.876595 -0.856252 -0.0639216 0.0331285 0.357978 1 0.156748 : 0.8
0.654334 0.320904 0.917354 -0.919203 -0.302265 0.0611028 0.932359 0.875987 -0.09 : 0.5
0.659947 0.397167 0.959894 -0.748535 -0.347692 0.016727 0.0198583 0.536185 0.154406 : 0.6
0.770791 0.429313 0.79685 -0.892692 -0.157354 0.0415292 0.218801 0.296065 1 : 0.7
0.675463 0.412561 0.928316 -0.873751 -0.0594788 0.0340912 0.476091 0.701851 -0.173479 : 0.4
0.732388 0.418604 1 -0.897349 -0.198983 0.0458259 0.676874 0.926765 0.159998 : 0.7
0.735714 0.394327 1 -0.958964 -0.403545 0.0338164 0.752717 0.80037 0.807504 : 0.4
0.70435 0.396255 0.915025 -0.946632 -0.265328 0.0456441 0.337167 1 0.346184 : 0.7
0.66901 0.428544 0.916813 -0.9141 -0.065728 0.0771205 0.437434 0.53187 0.261803 : 0.6
0.781006 0.434483 0.871124 -0.890305 -0.606047 0.102253 0.921057 0.618835 -0.589634 : 0.9
0.668667 0.411949 1 -0.881744 -0.146473 0.135695 0.128651 0.188541 0.654468 : 0.7
0.70811 0.394322 0.953475 -0.861274 -0.544542 0.104734 -0.156549 0.663127 0.755736 : 0.5
0.662266 0.352927 0.991497 -0.914469 -0.167759 0.127845 0.79424 0.533828 -0.127993 : 0.7
0.670528 0.415751 0.992447 -0.980096 -0.187767 0.130313 0.532274 0.532129 0.807072 : 0.8
0.694872 0.360354 1 -0.874317 -0.201598 0.0463867 0.34439 0.971454 -0.0387005 : 0.7
0.777486 0.462576 0.891905 -0.78626 -0.260221 0.164923 0.377696 0.658474 1 : 0.9
0.664466 0.352766 0.941563 -0.992282 -0.226907 0.120325 0.44333 0.585052 0.79298 : 0.7
0.699813 0.384493 0.857333 -0.816174 -0.426441 0.0563628 0.790532 0.959729 -0.323737 : 0.6
0.587255 0.387953 0.935572 -0.883067 -0.262275 0.0226026 0.468031 0.744424 0.626904 : 0.5
0.743136 0.379627 0.860488 -0.893365 -0.323547 -0.198522 0.47685 0.191408 -0.08563 : 0.5
0.713938 0.379986 0.942009 -0.85397 -0.0544602 0.0768586 0.267886 0.708444 0.751009 : 0.7
0.74572 0.409978 0.89164 -1 -0.115401 0.2058 0.384186 0.764315 -0.297167 : 0.7
0.679057 0.317727 0.992811 -0.827693 -0.1222 0.0543062 0.660089 0.409793 1 : 0.6
0.603859 0.383942 0.830175 -0.837715 -0.354471 -0.0708619 0.665106 -0.0132555 -0.028052 : 0.9
0.760155 0.445888 0.888729 -0.86316 -0.144577 0.17115 0.599755 1 0.87674 : 0.7
0.65328 0.487954 0.949135 -0.919212 -0.356859 0.0669316 0.198595 0.651681 0.621051 : 0.4
0.792284 0.467078 0.953071 -0.782985 -0.0948384 0.0510165 0.59699 0.615976 0.873474 : 0.8
0.689394 0.350716 0.996394 -0.958197 -0.462131 0.0452557 0.55425 0.492119 -0.204064 : 0.8
0.716829 0.307312 0.955578 -0.799384 -0.25451 0.0950886 0.288592 0.806168 0.221013 : 0.9
0.658958 0.380755 0.570259 -0.86088 -0.241669 0.0414397 0.286271 0.591478 0.416558 : 0.7
0.728285 0.407102 0.917603 -0.962073 -0.104935 0.1539 0.715532 0.62635 -0.588738 : 0.5
0.77557 0.370269 0.918418 -0.955671 -0.0828308 0.066674 0.545905 0.843242 -0.894035 : 0.5
0.803896 0.41958 0.688203 -0.85242 -0.303395 0.0665323 0.470357 1 -1 : 0.6
0.898063 0.427274 0.993751 -0.588421 -0.276107 0.175648 0.234806 0.613517 1 : 0.4
0.733605 0.414525 0.867851 -0.815373 -0.22976 0.0714297 0.823771 0.734467 0.0377756 : 0.7
0.644109 0.478109 0.715454 -0.889251 -0.0763043 0.0869369 0.389897 0.404835 0.825455 : 0.8
0.425737 0.542479 0.990083 -0.936274 -0.225292 0.067831 0.228906 0.603055 0.806659 : 0.5
0.672166 0.375169 1 -0.859377 -0.350776 0.253107 0.363494 0.772623 0.303514 : 0.6
0.812402 0.326139 0.924991 -0.919775 -0.154804 -0.00661658 0.264902 0.729574 -0.476823 : 0.9
0.652187 0.404652 0.926876 -0.930563 -0.205163 0.0129065 0.210995 0.529135 -0.0162302 : 0.4
0.642836 0.437662 0.855197 -1 -0.197605 0.123053 0.442005 0.107494 -0.520305 : 0.7
0.710638 0.39549 0.874063 -0.908687 -0.29287 0.128576 0.844619 0.610344 0.957063 : 0.9
0.693848 0.422405 0.972909 -0.982341 -0.109301 0.145884 0.6254 0.582708 -0.516258 : 0.7
0.727582 0.387965 0.91733 -0.672758 -0.225104 0.0849391 0.666738 0.618977 0.0963332 : 0.7
0.696521 0.415133 0.819135 -0.805963 -0.139326 -0.0416671 0.500861 0.612005 -0.209643 : 0.7
0.689825 0.456211 0.974974 -0.937022 -0.213161 0.104926 0.624785 0.22519 0.673738 : 0.6
0.676146 0.463586 0.932256 -0.817388 -0.0733928 0.13951 0.495398 0.107159 0.381028 : 0.6
0.683017 0.481949 0.939545 -0.978364 -0.387381 0.0274466 0.634876 0.644257 0.404547 : 0.8
0.741787 0.405915 0.878896 -0.899327 -0.254561 0.0684462 0.374082 0.688984 0.0897971 : 0.7
0.683491 0.474402 1 -0.732025 -0.0675206 0.0531866 -0.066508 0.674591 0.428737 : 0.9
0.681834 0.440047 0.901259 -0.929706 -0.149134 -0.0344808 0.745454 0.22481 0.865689 : 0.8
0.443064 0.443865 0.883905 -0.914887 -0.228814 -0.00498617 0.585795 0.646337 -0.278382 : 0.9
0.662998 0.384441 0.953934 -0.994024 -0.241881 0.125764 0.362422 0.74947 1 : 0.8
0.637898 0.394977 0.966818 -0.938701 -0.244432 0.0397474 0.286324 1 0.0199541 : 0.4
0.680447 0.400452 0.81667 -0.911999 -0.235675 0.0485908 0.757171 0.951672 -0.0309064 : 0.6
0.612679 0.407526 1 -0.940195 -0.0499435 -0.0923806 0.502386 0.478789 0.592119 : 0.5
0.674789 0.40375 0.806771 -0.902345 -0.0787934 0.0898398 0.221183 1 0.674098 : 0.5
0.664615 0.409032 0.877483 -0.960009 -0.17727 0.0845705 0.434116 0.77576 0.393161 : 0.6
0.691215 0.403761 0.600444 -0.954517 -0.0489826 0.0681992 0.292503 0.785377 -0.182193 : 0.8
0.635458 0.357762 1 -0.896597 -0.264686 0.0313265 0.269186 -0.0201673 -0.204381 : 0.3
0.639179 0.410744 0.954307 -1 -0.148542 0.0432807 0.415652 0.458299 0.0699515 : 0.4
0.724997 0.262588 0.956264 -0.982583 -0.253902 0.105336 0.645872 0.548649 0.562846 : 0.6
0.594802 0.505783 0.904509 -0.822137 -0.104006 -0.393684 0.433014 0.484724 1 : 0.6
0.735392 0.293747 1 -0.883106 -0.116031 0.0506162 0.52017 0.43129 -0.376042 : 0.6
0.624802 0.338429 0.941705 -0.944277 -0.322544 0.0752577 0.387905 0.515831 0.804072 : 0.7
0.713422 0.448985 0.860675 -0.893137 -0.280241 0.153291 0.716028 0.303452 -0.612731 : 0.8
0.758581 0.403538 0.901393 -0.810195 -0.221992 0.048375 0.643883 0.765683 -0.572243 : 0.6
0.714615 0.454779 0.873867 -1 -0.377332 0.130459 0.42045 0.257841 -0.0812814 : 0.7
0.587033 0.444185 0.879466 -0.948614 -0.142944 -0.0477261 0.499092 0.715491 0.747957 : 0.7
0.716676 0.350663 0.926179 -0.886127 -0.274456 0.101814 0.185625 0.70031 -0.0889606 : 0.8
0.59296 0.379491 1 -0.970984 -0.215475 -0.0479695 0.134944 0.427004 0.415755 : 0.9
0.68979 0.434009 0.960173 -0.890907 -0.277818 0.0325513 0.874488 0.646182 -0.052964 : 0.5
0.400379 0.351989 0.951085 -0.899315 -0.345992 0.0700038 1 0.503007 0.0387805 : 0.9
0.74264 0.430258 0.960535 -0.910179 -0.0599276 0.023147 0.710547 0.762133 1 : 0.5
0.66878 0.407769 0.98228 -0.939897 -0.183371 0.0952507 0.264713 0.656044 -0.110253 : 0.8
0.697154 0.366825 0.938126 -0.737934 -0.246905 0.137553 0.0422548 0.704029 0.104191 : 0.7
0.686433 0.419486 0.900476 -0.943534 -0.823851 0.00987063 0.574889 0.525966 0.881903 : 0.9
0.664795 0.341794 0.871105 -0.883338 -0.157074 0.0676561 0.180808 0.738952 0.483573 : 0.5
0.680404 0.410767 0.85056 -0.894369 -0.267021 0.142823 0.763785 0.591074 1 : 0.6
0.652204 0.394079 0.858681 -0.936338 -0.301873 0.178106 0.712148 0.883245 1 : 0.9
0.676757 0.378512 0.94913 -1 -0.206774 -0.0611233 0.383185 0.78882 0.0362401 : 0.3
0.698434 0.356614 0.895507 -0.845607 -0.306765 -0.00866391 0.521072 0.86405 0.60572 : 0.6
0.753784 0.423887 0.945496 -1 -0.195172 0.0938048 0.490101 0.858024 0.788436 : 0.5
0.725925 0.396661 0.938195 -0.789693 0.0292953 0.216253 0.616858 0.232385 -0.173492 : 0.5
0.62965 0.345364 0.935756 -0.677463 -0.218558 0.0405108 0.17231 0.632151 0.456672 : 0.8
0.658117 0.407288 0.963239 -0.549656 -0.197059 0.119285 0.461873 0.877792 0.79322 : 0.9
0.66955 0.424173 0.986039 -0.98576 -0.176217 0.0846764 0.426505 0.537829 0.460228 : 0.7
0.624096 0.446027 0.956083 -0.988659 -0.120241 -0.0818328 0.328227 0.833194 0.782248 : 0.6
0.677301 0.415859 0.95811 -0.90662 0.0781231 -0.204851 0.371506 0.626395 0.786999 : 0.3
0.679522 0.39809 0.754186 -0.877767 -0.116987 0.14944 0.392391 0.667302 0.79664 : 0.5
0.640604 0.178442 0.943145 -0.878426 -0.266461 0.0642683 0.586414 0.838948 0.580514 : 0.9
0.667877 0.380396 0.716319 -0.892859 0.0330176 0.0938464 0.215458 0.910227 -0.397235 : 0.6
0.647378 0.326813 0.970315 -0.866552 -0.154452 0.0849325 0.689508 0.861179 -0.476839 : 0.6
0.602199 0.405039 0.855214 -0.952163 -0.100395 0.0672058 0.534277 0.808951 0.265459 : 0.9
0.593139 0.408343 0.951974 -0.926793 -0.407641 0.0471867 1 0.0202525 1 : 0.8
0.73336 0.42708 1 -0.859898 -0.284983 0.0369811 0.390559 0.658881 -0.181196 : 0.7
0.702003 0.372759 0.90082 -0.912224 -0.317465 0.0826428 0.801707 0.485155 0.969378 : 0.6
0.629065 0.367829 0.890874 -0.88868 -0.211617 0.0131686 0.126299 1 -0.583503 : 0.7
0.66097 0.399763 1 -0.839076 -0.238016 0.0434191 0.579791 0.418538 -0.956652 : 0.3
0.690251 0.428435 0.94889 -0.999922 -0.268801 0.167098 0.432059 0.4189 0.366308 : 1
0.714842 0.405281 0.914139 -0.839171 -0.0987754 0.0910051 0.0770539 0.615149 -1 : 0.5
0.740583 0.477493 0.890686 -1 -0.0202602 0.113876 -0.081326 0.512062 -0.666418 : 0.5
0.742059 0.35814 0.903878 -0.775702 -0.711223 0.159834 0.354742 0.110184 -0.33892 : 0.7
0.65024 0.439159 0.89569 -0.956984 -0.149547 0.0361339 0.68235 0.801838 -0.336582 : 0.8
0.692132 0.216598 0.805693 -0.908881 0.0291044 -0.190571 -0.0645319 0.803524 0.858292 : 0.6
0.672512 0.34422 0.978121 -0.764747 -0.232087 0.0997243 0.389412 0.683762 0.260382 : 0.6
0.681633 0.463906 0.956015 -0.885302 -0.172433 0.0653368 0.31061 0.750083 0.64219 : 0.7
0.682848 0.504309 0.898348 -0.931806 -0.292511 -0.00120204 0.730592 1 1 : 0.5
0.801398 0.599283 0.885209 -0.89622 -0.404673 0.11696 0.439622 0.577134 -0.101957 : 0.6
0.718729 0.450391 0.932162 -0.840841 -0.163543 0.136788 0.438559 1 0.0112492 : 0.7
0.688643 0.446605 0.878712 -0.992032 -0.076562 0.0204515 0.469027 0.557341 0.248207 : 0.7
0.690719 0.409481 0.891304 -0.835691 -0.0982825 0.0807022 0.662409 0.77061 0.18672 : 0.9
0.705074 0.434489 0.96477 -0.800663 -0.153089 0.167045 0.475739 0.43428 0.31476 : 0.9
0.580748 0.150915 0.775919 -0.824442 -0.354446 0.112937 0.712953 1 0.518447 : 0.7
0.706958 0.49852 0.85225 -0.807715 -0.324688 0.0149527 0.144106 0.699141 0.271598 : 0.8
0.692494 0.431512 0.960016 -0.928418 -0.203735 0.125128 0.384267 0.496797 0.441701 : 0.5
0.733835 0.344206 0.986025 -0.959803 -0.350268 -0.125928 0.502121 0.648967 0.6128 : 0.3
0.738728 0.471909 1 -0.779274 -0.183237 0.141502 0.347244 0.433827 0.471478 : 0.7
0.304065 0.415384 1 -0.970396 -0.354265 0.0716064 0.191054 0.491874 -0.196231 : 0.3
0.667289 0.401904 0.93298 -0.993211 -0.476416 -0.0990484 0.299031 0.354816 0.396439 : 0.6
0.671913 0.425995 0.966119 -1 -0.180232 0.136285 0.446236 0.510615 0.187104 : 0.7
0.607156 0.44534 0.951101 -0.882446 -0.149604 0.00859824 0.326037 0.556481 0.0566006 : 0.3
0.653519 0.368486 0.981398 -0.832253 -0.227171 0.0833441 0.491706 0.420071 -1 : 0.6
0.733516 0.43849 0.90784 -0.992051 -0.145083 0.0538729 0.937242 0.483196 -1 : 0.7
0.453982 0.4012 0.799849 -0.87519 -0.115127 0.120654 0.62813 0.985662 -0.402848 : 0.7
0.700992 0.365744 0.952667 -1 -0.166285 0.09376 0.282998 0.661628 1 : 0.3
0.694313 0.363469 0.904112 -0.790632 -0.248556 0.0700854 0.796713 0.831596 -0.105743 : 0.8
0.590203 0.436662 0.971043 -0.938606 -0.224886 0.0118774 0.566258 0.400346 0.134112 : 0.8
0.701351 0.394811 0.957238 -0.8322 -0.283713 0.00285408 0.557411 0.696108 1 : 0.5
0.68508 0.451205 0.945614 -0.948655 -0.11608 0.157783 0.622246 0.423949 0.977357 : 0.3
0.450556 0.378134 0.906481 -0.893403 -0.233328 0.0557816 0.160706 0.99529 0.76469 : 0.7
0.33554 0.418892 0.921451 -0.908856 -0.147341 0.0838681 0.311631 0.649335 -0.333069 : 0.7
0.740075 0.41347 0.982259 -0.928994 -0.220616 0.2286 0.602526 0.61544 0.182939 : 0.8
0.667895 0.371776 0.673449 -0.892679 -0.430433 0.0800498 0.152903 0.782863 0.705863 : 0.2
0.725556 0.400506 0.925854 -0.829702 -0.197358 0.231785 0.662846 -0.0154045 0.147123 : 0.6
0.615097 0.439599 0.936721 -0.901661 -0.0582123 0.0868677 0.231499 0.764455 -1 : 0.6
0.688776 0.429004 0.861042 -0.773563 -0.116639 0.0876406 0.456815 0.660615 -0.0299773 : 0.8
0.739302 0.396613 0.873309 -0.764365 -0.226717 0.0229161 0.364848 0.705502 -0.161244 : 0.7
0.670744 0.234943 0.956703 -1 -0.346469 0.0695746 0.203366 0.615082 0.634276 : 0.5
0.636549 0.374673 0.904411 -1 -0.211914 0.0545948 0.411309 0.943557 0.136548 : 0.6
0.600073 0.417553 0.945898 -0.702209 -0.168445 0.116895 0.511572 0.33254 1 : 0.8
0.652398 0.401347 0.957604 -0.857254 -0.4123 0.0712574 0.609451 0.208851 0.526066 : 0.8
0.828951 0.588134 0.919052 -0.841213 -0.145877 -0.00365477 0.424002 0.415374 0.493862 : 0.7
0.725201 0.337576 1 -0.854479 -0.364234 0.0730777 0.297241 0.899933 -0.417855 : 0.6
0.682312 0.378513 0.87968 -0.859275 -0.259 0.248871 0.331306 0.678851 0.207972 : 0.5
0.688697 0.370945 0.595381 -0.869982 -0.261526 0.0300777 0.383564 0.788669 0.847928 : 0.7
0.71349 0.34694 0.959254 -0.752061 -0.237099 0.178538 0.242643 0.468272 0.402307 : 0.7
0.68185 0.386551 0.957992 -0.908413 -0.190715 0.0405405 0.595974 0.754521 0.126325 : 0.7
0.642794 0.448243 0.915695 -0.8607 -0.16382 0.0638503 0.339551 0.782635 0.65251 : 0.7
0.741668 0.415083 0.913461 -0.680382 -0.344044 0.0590708 0.58427 0.740539 -0.178454 : 0.5
0.732764 0.435551 0.931799 -0.939733 -0.0101836 0.0688867 -0.00112242 0.887658 -1 : 0.5
0.670283 0.363634 0.941816 -0.911079 -0.624854 0.0691531 0.0989602 0.144931 0.211376 : 0.5
0.686819 0.37848 0.893172 -0.832614 -0.228342 0.0871362 -0.186995 0.732802 0.267137 : 0.5
0.718682 0.528286 0.922396 -0.96722 -0.232001 -0.169637 -0.0561687 0.669722 0.130766 : 0.9
0.675063 0.44157 0.93056 -0.85073 -0.195083 0.128224 0.435673 0.483225 0.200091 : 0.8
0.693858 0.457594 0.750237 -0.92905 -0.210647 0.0496713 0.386508 1 0.347182 : 0.5
0.632853 0.382029 0.961759 -0.999814 -0.216272 0.173095 0.239703 0.497404 0.760932 : 0.4
0.663939 0.406782 0.955766 -0.894271 -0.209417 0.122192 0.861196 0.896818 -0.104954 : 0.7
0.682095 0.380193 1 -0.836486 -0.107335 0.0785568 0.665515 0.707202 0.247367 : 0.5
0.676254 0.375327 0.895808 -0.911024 -0.331896 -0.113844 0.497394 0.736938 -0.0443032 : 0.7
0.649645 0.411267 0.887729 -0.924616 -0.282447 0.0413865 0.641381 0.675889 -0.114027 : 0.4
0.679784 0.431552 0.958526 -0.93917 -0.297516 0.0658398 0.554746 0.536897 0.665723 : 0.6
0.798424 0.419329 0.994083 -0.849139 -0.213688 0.161067 0.0600006 0.143683 0.715491 : 0.9
0.726702 0.371179 0.90993 -0.928902 -0.306597 0.142854 0.200192 0.686906 -0.354386 : 0.7
0.728193 0.413122 1 -0.762105 -0.315768 0.00759614 0.382739 0.764293 -0.321296 : 0.6
0.670882 0.457931 0.886621 -0.909938 -0.178563 0.151573 0.372457 0.807125 0.0474784 : 0.5
0.738154 0.41351 0.96504 -0.801364 -0.237955 0.108088 0.147873 0.704514 -0.312938 : 0.7
0.70956 0.437749 0.892065 -0.912095 -0.388661 0.0250924 0.445804 0.714779 0.9316 : 0.8
0.691279 0.475969 0.919314 -0.985659 -0.280812 0.117172 0.365969 0.670165 0.389727 : 0.5
0.648228 0.449116 0.969499 -0.956212 -0.131109 0.0823235 0.525306 0.424009 -0.147355 : 0.3
0.728626 0.395098 0.883981 -0.9221 -0.214835 -0.234923 0.514831 0.762505 -0.460081 : 0.2
0.710464 0.370167 0.913822 -0.763362 -0.413983 0.10092 0.452962 0.754539 0.435564 : 0.7
0.678188 0.387278 0.960954 -0.925676 -0.258981 -0.0251025 0.218292 0.45592 0.306376 : 0.9
0.730278 0.406222 0.976452 -1 -0.237378 0.098768 0.622422 0.723059 1 : 0.8
0.728639 0.408462 0.922361 -0.889272 -0.277188 -0.0466809 0.319736 0.798499 -0.534466 : 0.8
0.698559 0.432207 0.837007 -0.800824 -0.0924731 0.00353 0.139495 0.695835 0.0467485 : 0.4
0.70717 0.347134 0.98709 -0.932264 -0.306064 -0.0243687 0.1507 0.961048 0.671093 : 0.8
0.721519 0.372195 0.921424 -1 -0.305804 -0.0722249 0.33588 1 0.910499 : 0.5
0.641228 0.354725 0.886753 -0.969853 -0.243534 -0.0540133 0.372106 0.807588 0.608208 : 0.7
0.713003 0.454886 0.974443 -0.875946 -0.208347 0.154015 0.28175 0.688973 0.127272 : 0.4
0.727305 0.388555 0.894992 -0.990059 -0.458817 0.0544359 0.271455 1 0.71867 : 0.7
0.690689 0.437209 0.857341 -0.958112 -0.165605 0.0900363 0.309458 0.195819 0.265742 : 0.7
0.716728 0.350302 0.952892 -0.863234 -0.339211 0.0937526 0.363099 0.869878 0.810179 : 0.7
0.736687 0.413695 0.827654 -0.735722 -0.1196 0.0242566 0.346613 0.822181 -0.384574 : 0.7
0.722095 0.393339 0.914006 -0.836402 -0.262834 0.158691 0.528133 0.690968 -0.925056 : 0.6
0.698893 0.267952 1 -0.862812 -0.231209 0.0927718 0.417079 0.0665918 0.574359 : 0.7
0.698708 0.428447 0.961367 -0.807099 -0.267752 0.0382365 0.542722 0.666631 0.173425 : 0.5
0.800749 0.395527 0.906757 -0.920943 -0.237983 -0.0609379 0.215668 0.772526 -0.398198 : 0.9
0.646946 0.334906 0.960849 -1 -0.17326 0.0185254 0.573864 -0.0293677 -0.272388 : 0.8
0.710288 0.420895 0.914963 -0.821642 -0.282993 0.00398022 -0.288812 0.705392 0.181429 : 0.7
0.636166 0.388385 0.833125 -0.886548 0.0324346 -0.104122 0.339316 0.629097 0.903431 : 0.6
0.397553 0.363268 0.950834 -1 -0.336793 0.0673634 0.244816 0.469631 -0.719481 : 0.7
0.715174 0.359689 0.869301 -0.893417 0.137375 0.0527935 0.207842 0.0988556 -0.21001 : 0.8
0.707527 0.404542 0.944022 -0.856427 -0.222306 0.0460265 0.501502 0.653609 -0.670368 : 0.3
0.627192 0.361106 0.92915 -0.66761 -0.188567 0.0762327 0.287714 0.698508 -0.493539 : 0.8
0.668254 0.409626 0.873472 -0.886887 -0.256152 0.0732872 0.434243 0.571127 -0.0475993 : 0.8
0.716649 0.372577 0.959396 -0.967897 -0.532025 0.0823108 0.465289 0.655107 -0.0700648 : 0.8
0.655393 0.344163 0.862691 -0.872162 -0.342334 0.0619045 1 0.730853 0.386664 : 0.7
0.68452 0.396262 0.952145 -0.948917 -0.242148 0.152625 0.225107 0.503765 -0.28773 : 0.3
0.711325 0.395101 0.884537 -0.870131 -0.0642186 -0.541087 0.158674 0.223615 0.00632629 : 0.5
0.688947 0.378294 0.941733 -0.86542 -0.225657 0.0535543 0.737241 0.624293 -0.106486 : 0.4
0.731629 0.437867 0.920117 -0.885932 -0.283656 0.0694273 0.627845 0.441025 0.0767548 : 0.8
0.714032 0.378538 0.991972 -0.89045 -0.201806 -0.0383336 0.307854 0.687709 0.661263 : 0.8
0.7573 0.415057 0.949163 -0.895419 -0.131135 0.0252061 0.314362 0.657429 0.448017 : 0.7
0.74601 0.452502 0.9273 -0.982676 -0.233473 0.0558321 0.715722 0.213673 0.235189 : 0.7
0.632767 0.374802 1 -0.872924 -0.212074 0.0867435 0.0398497 0.614642 -0.807456 : 0.6
0.758077 0.431437 0.94921 -0.844412 -0.232376 0.0815885 0.571161 0.11609 -0.315552 : 0.9
0.697371 0.410253 0.947692 -0.80854 -0.148219 0.0111374 0.592509 0.665119 -0.023765 : 0.6
0.659272 0.436305 0.82871 -0.927179 -0.159148 0.0396462 0.409007 0.559511 -0.285552 : 0.5
0.643844 0.389101 0.956489 -0.777601 -0.208363 0.0882717 0.231202 0.844865 0.315416 : 0.8
0.651249 0.398915 0.805951 -0.92772 -0.0734493 0.0597063 0.179857 1 -0.376754 : 0.8
0.690983 0.413352 0.955739 -0.834769 -0.218526 -0.0200501 0.303204 0.31619 0.020449 : 0.8
0.472147 0.381093 0.894375 -1 -0.140153 0.141786 0.650038 0.674877 -0.0172976 : 0.2
0.674424 0.368177 0.858662 -0.807235 -0.480267 0.048306 0.226145 0.7536 -0.376153 : 0.7
0.644246 0.523408 0.946236 -0.995571 -0.178356 0.00773939 0.352112 0.747954 0.340163 : 0.6
0.723098 0.383534 0.913557 -0.905108 -0.270463 0.000589177 0.670507 0.70595 1 : 0.8
0.70937 0.432258 0.90946 -0.921412 -0.386743 0.092386 0.492828 0.887973 0.627157 : 0.8
0.771434 0.393103 0.993489 -0.992924 -0.147943 0.120878 0.405444 0.838725 1 : 0.6
0.647658 0.414401 1 -0.928926 -0.328857 0.0840858 0.196379 0.0991787 0.079473 : 0.8
0.661454 0.430848 0.90306 -0.783268 -0.223011 0.0347586 0.425936 0.798894 -0.938137 : 0.3
0.706102 0.377302 0.908784 -0.813252 -0.289823 0.0830751 0.439006 0.725456 0.261215 : 0.6
0.682097 0.452074 0.935281 -0.62471 -0.226847 0.0394892 0.166576 0.678908 0.729634 : 0.4
0.671601 0.403493 0.921368 -0.937472 -0.229338 0.0839148 0.50515 -0.0987224 -0.166932 : 0.8
0.728203 0.436584 0.930862 -1 -0.256315 0.081266 0.593538 0.153186 0.230726 : 0.4
0.709179 0.376642 1 -0.84415 -0.239705 0.140125 -0.110506 0.677894 0.544614 : 0.8
0.687582 0.439368 0.972354 -0.930236 -0.0715382 0.131458 0.387672 0.606757 -0.291736 : 0.7
0.658886 0.426362 0.911918 -0.95223 -0.213139 -0.052405 0.845885 0.126692 0.376817 : 0.7
0.674818 0.390642 0.997156 -0.882162 -0.323307 0.0752562 0.734875 0.509992 0.263919 : 0.4
0.719889 0.431278 0.941794 -0.877149 -0.267641 0.0309334 0.458324 0.713121 -0.31572 : 0.6
0.693727 0.415132 0.878699 -0.897344 -0.668008 0.0401244 -0.614008 0.58005 0.808743 : 0.6
0.736675 0.483732 0.88322 -0.907949 -0.268185 0.10501 0.648016 0.368086 -0.0029664 : 0.6
0.852132 0.416738 0.915765 -0.921059 -0.241441 0.190009 0.26049 0.616903 1 : 0.6
0.638218 0.417331 0.900003 -0.852149 -0.212926 -0.248805 0.349252 0.278912 0.327147 : 0.5
0.739139 0.459232 0.931511 -0.879164 -0.254018 0.0480735 0.268978 0.862898 -0.4871 : 0.7
0.740326 0.391533 0.98728 -0.908278 -0.217185 0.0458252 0.608067 0.764481 -0.411497 : 0.9
0.761663 0.387307 0.906199 -0.849984 -0.274232 0.0748711 -0.0398904 0.691684 -0.292064 : 0.7
0.719668 0.368098 0.989073 -0.934495 -0.649338 -0.0674117 -0.648041 0.378041 0.70813 : 0.3
0.694614 0.297312 0.941458 -1 -0.242611 -0.00238608 0.487197 0.603542 0.0831951 : 0.5
0.781385 0.411663 0.842006 -0.8308 -0.276852 0.120022 0.421334 0.67098 0.814085 : 0.7
0.717723 0.413054 0.970083 -0.915659 -0.242524 0.0677532 0.130141 0.704144 0.237449 : 0.8
0.648861 0.438678 0.923697 -0.89688 -0.0566401 0.0647498 0.432282 0.581133 -1 : 0.6
0.694824 0.439687 0.964058 -0.891237 -0.312765 0.0146144 0.666374 0.768792 -0.125193 : 0.8
0.698431 0.351047 0.970181 -0.968495 -0.181972 0.051905 0.561843 0.881559 -0.917706 : 0.8
0.658551 0.324989 0.839994 -0.815654 -0.241644 -0.0103168 0.361341 0.543426 0.781078 : 0.5
0.609157 0.439837 1 -0.946899 -0.233716 0.00889918 0.396501 0.930013 1 : 0.6
0.689049 0.417804 1 -0.93929 -0.152642 0.126011 0.484786 0.443491 0.784803 : 0.8
0.684464 0.372138 0.919878 -0.985694 -0.277614 0.0493427 0.786718 0.971838 -0.890308 : 0.7
0.724635 0.417546 0.718942 -0.88336 -0.0168386 0.0607839 0.479606 0.84059 0.280539 : 0.6
0.732246 0.37484 0.876487 -0.882412 -0.216581 0.0999964 0.741558 -0.0736171 -0.351131 : 0.6
0.694258 0.405739 0.928525 -0.824246 -0.153506 0.190083 0.378874 0.838978 0.979043 : 0.4
0.697201 0.463338 0.902202 -0.863928 -0.181208 0.0928454 0.529289 0.587241 -1 : 0.5
0.692915 0.423174 0.895269 -0.86272 -0.64674 0.0748615 0.48732 0.585305 -0.0833777 : 0.6
0.7035 0.39246 0.747039 -0.84409 -0.200193 0.0930977 0.618486 0.66908 0.753844 : 0.8
0.698729 0.396547 0.87635 -0.806585 -0.128655 0.198393 0.502927 0.64988 0.888114 : 0.7
0.644456 0.277946 0.699049 -0.95586 -0.135413 -0.0108283 0.0311757 0.647862 0.989545 : 0.5
0.698956 0.455828 1 -0.801794 -0.148858 0.172527 0.401779 0.878269 0.403607 : 0.5
0.745477 0.393646 0.886189 -0.894296 -0.72372 -0.290385 0.443857 -0.0392569 -0.106589 : 0.7
0.685555 0.383416 0.901148 -0.860843 -0.1174 0.0723985 0.448345 0.975296 -0.0214685 : 0.6
0.569105 0.379131 0.857434 -1 -0.263538 0.0767606 0.625921 0.139679 0.328299 : 0.8
0.693608 0.532335 0.976813 -0.908573 -0.246636 0.104541 0.243319 0.447664 0.935501 : 0.5
0.674045 0.303023 0.943009 -0.879538 -0.202476 0.0663445 0.0727951 0.68243 0.366067 : 0.7
0.786934 0.469898 0.932491 -0.713532 -0.188527 0.112112 0.30053 0.81334 0.456415 : 0.6
0.673459 0.485676 0.955841 -0.895619 -0.109274 0.0712213 0.312285 0.679614 -0.0823451 : 0.7
0.577143 0.398606 0.993406 -0.880762 -0.15254 -0.090763 0.254691 0.766231 0.333967 : 0.6
0.677578 0.282106 1 -0.882554 0.0261787 0.0489367 0.249555 0.223585 0.895676 : 0.6
0.663997 0.389094 0.839143 -0.942994 -0.130481 -0.0301891 0.375029 0.416879 0.59295 : 0.6
0.715103 0.382828 0.970105 -0.955515 -0.592668 0.105421 0.480424 0.472155 -0.171129 : 0.7
0.672046 0.433838 1 -0.878566 -0.411817 0.102273 0.35373 0.865156 0.957047 : 0.8
0.714002 0.41812 0.953748 -0.987236 -0.44904 -0.0459732 0.55326 0.010768 1 : 0.4
0.682752 0.405184 0.975293 -0.79814 -0.0654009 0.127138 0.336184 0.48285 -1 : 0.4
0.707368 0.451424 0.895147 -0.882656 -0.489871 0.0844432 0.690674 0.880068 0.778747 : 0.9
0.735993 0.409445 0.89734 -0.900649 -0.0929949 0.0574773 0.328279 0.937118 0.00338274 : 0.5
0.818965 0.298262 0.953704 -0.946012 -0.0126839 0.468911 0.67415 1 -0.582176 : 0.9
0.685037 0.467438 0.965799 -0.900943 -0.279291 0.0884229 0.326134 0.643432 0.0741082 : 0.8
0.679944 0.390806 0.951645 -0.735898 -0.192973 0.130068 0.228903 0.689771 -0.305602 : 0.9
0.714011 0.41239 0.865591 -0.862408 -0.311613 0.0209197 0.324779 0.723441 -0.087353 : 0.9
0.670372 0.435356 0.91839 -0.950464 -0.303411 0.164334 0.55231 0.352091 -0.115974 : 0.6
0.568568 0.487742 0.848079 -0.814317 -0.052105 0.0455334 0.258262 -0.101496 0.10066 : 0.4
0.650417 0.421398 0.909707 -0.922049 -0.225822 0.101793 0.588294 0.919469 0.194379 : 0.3
0.633423 0.369571 0.893024 -0.913214 -0.358757 0.0816866 0.484032 0.585958 -0.61908 : 0.8
0.61428 0.422732 0.977663 -0.926145 -0.206842 0.0536756 0.474989 0.48336 0.180687 : 0.6
0.723622 0.392857 1 -0.947537 -0.349901 0.0994632 0.123974 0.563517 -0.333232 : 0.9
0.724735 0.435411 0.976379 -0.963102 -0.212914 0.0614253 0.631599 0.47329 -0.0905627 : 1
0.66346 0.389025 0.538179 -0.912868 -0.267381 -0.020877 0.489982 0.735725 -0.225435 : 0.4
0.770028 0.375983 0.953449 -0.952833 -0.122064 0.0805207 0.618621 0.73652 0.0745899 : 0.6
0.754471 0.416629 0.924803 -0.813832 -0.0794991 0.110999 0.296918 0.750073 -0.1647 : 0.6
0.692639 0.119422 0.912925 -0.937728 -0.157585 -0.128741 0.768055 1 0.858171 : 0.7
0.727018 0.448282 0.936544 -0.841778 -0.0971076 0.112778 0.605302 0.564138 0.738759 : 0.9
0.860628 0.458392 0.945345 -0.879511 -0.245804 0.0696144 0.224658 0.775418 -0.00844872 : 0.7
0.632522 0.438482 0.993381 -0.896107 -0.148298 0.108764 0.387129 0.417796 0.0396383 : 0.4
0.572284 0.313922 0.867419 -1 -0.049281 0.214509 -0.00103467 0.952129 -0.974724 : 0.7
0.628608 0.421122 0.809124 -0.94072 -0.341387 0.0920888 0.559497 0.746919 0.819322 : 0.4
0.679312 0.327763 1 -0.840196 -0.170397 0.0602037 0.298842 0.955354 -0.0249192 : 0.6
0.654456 0.369984 0.93882 -0.953539 -0.235042 0.0873993 0.429309 0.362579 0.802982 : 0.8
0.683358 0.432143 0.928748 -0.852615 -0.13964 0.161022 0.629168 0.794888 0.248238 : 0.7
0.637402 0.381929 0.842362 -0.860586 -0.234775 0.0347507 -0.08317 0.807737 -0.227584 : 0.5
0.712674 0.43813 0.830563 -0.665931 -0.163467 0.0537232 0.224664 0.731984 -0.410213 : 0.7
0.724016 0.336669 0.978552 -0.949319 -0.310136 -0.127668 0.389023 0.689657 0.308951 : 0.7
0.738066 0.395156 0.934894 -0.964558 -0.248705 0.0838219 0.551716 0.67003 0.063871 : 0.9
