0.514926 0.399045 0.930401 -0.891569 -0.58456 -0.0229685 0.258331 0.456875 -0.494804 : 0.6
0.702614 0.327546 0.841099 -0.811395 -0.22234 0.00421678 0.513474 0.482475 -0.214527 : 0.4
0.662417 0.53317 0.859264 -0.841156 -0.0514897 -0.16961 0.608196 0.210548 -0.496221 : 0.6
0.678858 0.403443 0.891697 -0.864672 -0.200443 -0.0668198 0.44038 0.0508976 0.614053 : 0.8
0.678838 0.369794 0.930432 -0.843246 -0.0528996 -0.427393 0.77721 0.632816 0.340787 : 0.5
0.620465 0.411792 0.872379 -0.901694 0.321015 0.172519 0.798032 0.970657 -0.135707 : 0.5
0.606795 0.590466 0.891102 -0.740858 0.124542 0.0152382 0.300014 0.445728 -0.013736 : 0.4
0.641803 0.473042 0.829225 -0.466668 0.045953 0.0294731 0.0151637 0.737354 0.942512 : 0.7
0.671949 0.394171 0.927401 -0.997616 0.139606 -0.121262 0.776315 0.455007 -1 : 0.7
0.696491 0.318968 0.896827 -0.747131 0.180509 -0.0526686 0.44556 0.710576 -0.0767478 : 0.7
0.654577 0.506078 0.939163 -0.977902 -0.121146 0.0415789 0.245373 0.109018 -0.855255 : 0.7
0.685346 0.45169 0.897274 -0.886377 0.0837245 -0.12982 0.75777 0.517623 -0.212887 : 0.5
0.692371 0.391909 0.937537 -0.851393 -0.514265 -0.00108329 0.897783 0.517884 0.400485 : 0.7
0.712724 0.28255 0.974584 -0.93209 -0.201532 0.424272 0.545293 0.340908 -0.805849 : 0.7
0.647526 0.481402 0.562407 -0.83336 -0.432463 0.0781137 0.533383 1 -0.560877 : 0.5
0.580124 0.380615 0.983651 -0.690955 -0.278222 -0.259882 -0.258884 0.298795 -0.144286 : 0.5
0.621556 0.450912 0.90082 -0.766121 -0.263064 -0.035826 0.5126 0.458046 0.451704 : 0.7
0.628002 0.393368 0.800551 -0.964185 -0.121004 0.0411252 0.0799631 -0.0314378 -0.380435 : 0.7
0.641682 0.436398 0.913754 -0.799946 -0.0930497 0.000258461 0.858169 0.389351 0.145727 : 0.5
0.635006 0.43087 0.97829 -0.924112 -0.361885 0.314977 0.13604 0.652665 0.102453 : 0.5
0.633453 0.393157 0.922822 -0.911662 -0.077101 -0.0316892 0.355548 0.623586 -0.843975 : 0.6
0.648293 0.422347 0.96115 -0.937378 -0.305257 -0.143646 0.381951 0.707348 -0.0301706 : 0.4
0.826863 0.404639 0.927758 -0.831805 -0.390238 -0.396944 0.552004 0.298633 -1 : 0.7
0.640769 0.351363 0.895204 -0.920814 -0.389933 0.0240243 0.511982 0.639142 0.636406 : 0.5
0.683772 0.386961 0.894004 -0.834049 -0.30554 -0.0485887 0.240058 0.416774 0.236235 : 0.5
0.685232 0.328002 0.890003 -0.837471 -0.446246 -0.0711272 0.276662 0.220391 -0.095616 : 0.6
0.659138 0.318839 0.762113 -0.848481 0.0324914 -0.067623 0.608543 0.3302 -0.637242 : 0.5
0.599771 0.379609 0.945467 -0.704649 -0.451342 -0.0576321 0.0524942 0.617815 0.674874 : 0.7
0.603618 0.355472 0.987842 -0.95693 -0.390159 0.0527374 0.670077 0.688486 0.745314 : 0.8
0.612064 0.314697 1 -0.78022 -0.245962 -0.0345408 0.396414 1 1 : 0.5
0.700609 0.425833 0.993455 -0.889608 -0.0153084 -0.254922 0.17068 0.102571 -1 : 0.8
0.659533 0.397752 0.919134 -1 -0.264823 0.106049 0.346844 0.317478 -0.374897 : 0.6
0.691811 0.294213 0.840366 -0.934391 -0.026321 0.173602 0.416216 0.317849 -0.638706 : 0.8
0.674767 0.467572 0.839571 -0.97839 0.049815 -0.114934 0.754804 0.800349 0.662774 : 0.4
0.66387 0.619019 0.889202 -0.860687 -0.0538051 -0.167157 0.36051 0.284588 0.130993 : 0.3
0.610293 0.316547 0.6718 -0.913381 -0.345238 -0.0284092 -0.160128 0.26146 -0.512246 : 0.5
0.731381 0.41467 0.747929 -0.866995 -0.253654 0.181248 0.382596 1 -0.0687482 : 0.7
0.627686 0.391719 1 -0.908493 0.356453 0.149721 0.156215 0.557447 -0.613021 : 0.7
0.71593 0.438483 1 -0.95473 -0.383057 -0.100728 1 0.363277 -0.0806008 : 0.4
0.607911 0.498197 0.972284 -1 -0.197998 -0.35501 0.627176 0.483613 -0.649242 : 0.7
0.625629 0.430103 0.889602 -0.862354 -0.151943 -0.0797761 0.147236 0.287445 -0.13846 : 0.8
0.498044 0.599804 0.954444 -0.354919 -0.151373 -0.250664 0.305133 0.184321 0.84365 : 0.6
0.687149 0.435819 0.958281 -0.922986 -0.10648 0.216247 0.715042 0.497252 0.205814 : 0.4
0.70807 0.365693 0.882395 -0.925577 -0.516327 -0.0849001 0.517823 0.317148 0.362109 : 0.4
0.669885 0.337389 0.968745 -0.896395 -0.456701 0.00736925 0.56693 0.526063 -0.326899 : 0.2
0.613673 0.270226 0.854868 -0.881542 0.0155842 0.375728 0.664979 0.435699 -0.573499 : 0.6
0.614782 0.313906 0.689855 -0.943414 0.034812 -0.0374375 0.00562391 0.371059 -0.957051 : 0.5
0.668358 0.406953 0.77041 -1 -0.0733292 0.152032 0.0433013 0.554406 -0.172016 : 0.7
0.664088 0.315159 0.860893 -0.904081 -0.503049 -0.121055 0.336474 0.469755 -0.488761 : 0.6
0.638023 0.468525 0.967793 -0.878299 0.00891 -0.0656498 0.531401 0.101177 0.846277 : 0.8
0.721399 0.422025 0.887691 -0.856579 -0.49561 0.140458 0.259134 -0.0909022 0.388599 : 0.4
0.551594 0.370165 0.904415 -0.805668 -0.292182 -0.00463238 0.806211 0.466061 -1 : 0.6
0.645178 0.359575 1 -0.948862 -0.109972 -0.0141693 0.528959 0.0828248 0.968223 : 0.6
0.596298 0.554979 0.863977 -0.866184 -0.364472 -0.232926 0.522632 0.458129 -0.211081 : 0.8
0.669313 0.6128 0.957556 -0.858991 -0.278161 0.106402 0.748345 0.543515 0.216527 : 0.7
0.668051 0.332019 0.575389 -0.870709 -0.186762 -0.0403574 0.44846 0.628509 0.12839 : 0.6
0.675982 0.523602 0.978531 -0.89908 -0.134527 0.0187802 0.200635 0.219246 -0.263333 : 0.4
0.645977 0.35415 1 -0.868384 0.0532936 0.105032 0.42028 0.457703 0.717858 : 0.9
0.63015 0.22082 0.980989 -0.980092 0.102446 -0.137245 0.338522 0.367391 -0.132808 : 0.7
0.605619 0.272739 0.855154 -0.923907 -0.33056 -0.0051093 0.958029 0.499716 -0.0628687 : 0.2
0.682657 0.611521 0.878913 -1 -0.248376 0.0203833 0.287431 0.28967 -0.111876 : 0.3
0.648823 0.510374 0.933254 -0.963285 -0.100942 -0.0282385 0.291087 0.393306 -0.181212 : 0.5
0.738624 0.522977 0.862605 -0.848082 -0.180401 0.0130179 0.0103776 0.177244 0.46021 : 0.8
0.593536 0.389223 0.974118 -0.888343 -0.330449 0.0971628 0.832652 0.371938 0.384161 : 0.6
0.623847 0.331586 0.921956 -0.829787 -0.146985 -0.463377 0.586335 1 -1 : 0.7
0.67454 0.419702 0.955016 -0.93029 -0.319529 0.39453 0.0673291 0.237877 0.989663 : 0.8
0.697097 0.393489 0.646399 -0.948789 -0.0746594 0.153369 0.656646 0.514935 -0.429945 : 0.8
0.682189 0.474277 0.869873 -0.815605 0.0180578 -0.0917918 0.616096 0.511297 0.713845 : 0.6
0.663574 0.377072 0.830504 -0.887053 -0.159471 0.113214 0.359066 1 0.288506 : 0.7
0.6389 0.37537 0.883088 -0.915961 -0.161638 0.124705 0.443967 0.480475 -0.713125 : 0.7
0.718236 0.329816 1 -0.938281 -0.218154 -0.0750105 0.980653 0.506463 -0.0952156 : 0.7
0.595783 0.413212 0.843306 -0.906364 -0.262057 0.0326199 0.839406 1 0.0823296 : 0.5
0.694975 0.497686 0.733237 -0.832204 -0.167781 0.0370665 0.817439 0.5755 -0.0705738 : 0.6
0.665161 0.296391 0.815696 -1 -0.0842913 -0.0235047 0.108394 0.572037 0.334186 : 0.2
0.613091 0.407503 0.851921 -1 -0.0497078 -0.0348498 0.303595 0.0884513 -0.0607482 : 0.4
0.601661 0.420786 0.767407 -0.831109 -0.116009 -0.00740953 0.866713 0.676212 0.232067 : 0.5
0.630526 0.576827 0.915091 -0.93785 -0.0591037 -0.587741 0.575737 0.480856 -0.339481 : 0.5
0.530249 0.499384 0.95396 -0.860481 -0.371281 -0.480687 0.605437 0.450449 0.353874 : 0.5
0.604704 0.500261 0.908225 -0.891288 -0.101406 0.200989 0.251194 -0.019054 -0.108096 : 0.5
0.679508 0.326107 0.672539 -0.635946 -0.265052 0.123387 0.208106 0.0364241 0.93481 : 0.5
0.666678 0.481372 0.855066 -0.995529 0.0884377 -0.0971757 0.422263 -0.0182996 -0.706949 : 0.8
0.722422 0.291578 0.854909 -0.746 -0.222803 0.931384 0.167541 0.234271 -1 : 0.6
0.566864 0.267812 0.891062 -1 -0.134865 -0.30194 0.266422 0.0327981 -0.256009 : 0.7
0.587905 0.418727 0.951455 -0.890941 -0.318196 -0.319518 -0.051815 0.263217 0.680624 : 0.7
0.744335 0.431078 0.830017 -0.861984 -0.299505 -0.136874 0.424972 0.655574 0.0872624 : 0.5
0.659336 0.307932 0.90597 -0.924396 -0.240011 0.145251 0.360776 0.904452 0.184281 : 0.4
0.625954 0.46094 0.937875 -0.902294 0.0852373 0.00148022 0.207272 0.697589 1 : 0.7
0.659775 0.420556 0.859688 -0.900425 -0.00540973 0.0184337 1 0.840168 0.179357 : 0.2
0.658054 0.379133 0.919413 -0.875273 -0.293389 -0.153655 0.526283 0.366576 -0.331045 : 0.5
0.718591 0.409644 1 -0.760641 -0.167418 -0.111992 0.522456 0.586157 -0.0192181 : 0.4
0.635267 0.438277 0.858366 -0.871732 -0.317886 0.0628747 0.136895 0.221592 -0.0982158 : 0.8
0.615135 0.476065 0.984738 -0.938044 -0.334306 0.0913217 0.216313 0.531837 0.992958 : 0.5
0.563742 0.421623 0.938288 -0.937042 -0.198437 -0.453819 0.309796 0.0978397 -0.256323 : 0.4
0.668269 0.349267 0.655971 -0.836164 -0.525119 0.0462836 0.354129 0.218053 -0.570452 : 0.5
0.676513 0.382377 0.797033 -0.793009 -0.328689 -0.0168222 0.546754 0.546368 0.375417 : 0.6
0.62856 0.366899 1 -0.869075 -0.174644 -0.00998822 0.356955 0.626479 -0.468178 : 0.8
0.711217 0.394272 0.931161 -0.877081 -0.00947995 -0.0935202 0.297705 0.416093 -0.559561 : 0.8
0.666289 0.362852 0.851266 -0.960568 -0.124716 0.161871 0.705281 0.4844 -0.419716 : 0.7
0.593111 0.428143 0.868613 -0.895164 -0.15105 0.145933 0.651367 0.509031 0.0869086 : 0.6
0.657557 0.525989 1 -0.757382 -0.0927835 0.0653933 0.875433 0.499225 0.0987398 : 0.7
0.591479 0.420835 0.836251 -0.881141 -0.0631289 0.0618659 0.032426 0.936311 -0.859683 : 0.6
0.565929 0.399126 0.849359 -0.931207 -0.304229 0.165769 0.887541 0.0557856 0.727202 : 0.6
0.698598 0.356462 0.978695 -0.884763 -0.15286 0.449807 0.062243 0.255266 -0.0657394 : 0.6
0.613603 0.431554 0.89107 -0.927649 -0.281963 0.0181932 0.470305 0.360528 0.477992 : 0.3
0.805034 0.272902 0.970709 -0.913123 0.147516 -0.00253204 0.566275 0.307804 0.458008 : 0.7
0.645807 0.321819 0.93965 -0.902447 -0.434317 0.00187239 0.412104 0.378638 0.514849 : 0.6
0.741266 0.41637 0.771213 -0.672185 -0.324074 -0.0701205 0.661377 0.340118 -0.330243 : 0.4
0.665563 0.419442 0.814413 -0.888278 -0.381574 -0.37255 0.69798 0.62942 0.357127 : 0.4
0.63456 0.464763 0.91162 -0.881093 -0.248468 -0.212195 0.189747 0.490254 1 : 0.6
0.668655 0.442334 0.988034 -0.688543 -0.262079 0.152604 0.0595644 0.49834 1 : 0.7
0.624384 0.452526 0.86245 -0.950081 -0.190198 -0.33951 0.361799 0.618817 0.788286 : 0.7
0.762958 0.320421 0.963077 0.839443 -0.192458 -0.0518145 0.3957 0.457706 -0.471041 : 0.6
0.587689 0.323493 0.980525 -0.886634 -0.145575 -0.0405523 0.664027 1 0.356503 : 0.6
0.67684 0.316747 0.948225 -0.840875 0.249174 0.0688319 0.404431 0.218677 0.481439 : 0.7
0.643623 0.418849 0.899496 -0.898377 -0.174198 0.0552073 0.80859 1 0.917353 : 0.6
0.594142 0.424219 0.85375 -1 -0.2361 -0.151383 0.0432019 0.241142 0.0386062 : 0.7
0.627734 0.443135 0.899849 -0.935486 -0.371485 0.202178 -0.132406 0.538756 -0.960239 : 0.8
0.672003 0.451595 0.989482 -0.930444 0.126035 -0.359973 0.0136464 0.243741 -0.162694 : 0.9
0.692309 0.1939 0.866038 -1 -0.382153 -0.342415 0.356265 0.612229 0.742309 : 0.4
0.655851 0.52777 0.984031 -0.506794 -0.405837 0.320093 0.322733 0.46403 -0.7534 : 0.6
0.671834 0.503448 0.888594 -0.663787 -0.0690011 -0.113062 0.443805 0.50003 0.0562984 : 0.6
0.578902 0.411803 0.940926 -0.135376 -0.247958 -0.201814 0.0291649 -0.258078 0.101297 : 0.5
0.620899 0.322038 0.960588 -0.855747 -0.244921 -0.275141 0.853994 0.380785 -0.120103 : 0.7
0.716383 0.473078 0.935387 -1 -0.0891905 -0.0604486 0.315485 0.46365 0.189537 : 0.5
0.692907 0.288224 0.638194 -0.893842 -0.0847063 0.0870939 0.329229 0.648696 1 : 0.1
0.726992 0.458172 0.778149 -0.624364 -0.293344 -0.123388 0.147413 0.0415371 0.0807956 : 0.5
0.678132 0.289824 0.99993 -0.935515 -0.026819 -0.0308306 0.393736 0.700702 0.514007 : 0.8
0.658481 0.425154 0.868896 -0.617586 -0.360824 0.56763 0.377306 0.253057 -0.39196 : 0.5
0.606725 0.381944 0.889671 -0.995587 -0.583017 -0.0261 0.948093 0.559342 -0.909168 : 0.7
0.59888 0.290531 0.907615 -0.90779 -0.290804 -0.124633 0.556171 0.271057 -0.0225364 : 0.6
0.55182 0.376 0.80481 -1 -0.300384 -0.109755 0.462262 0.883588 -0.19292 : 0.5
0.657454 0.373862 0.796497 -0.84576 -0.288018 -0.0547573 0.466955 0.469837 0.28745 : 0.6
0.634893 0.45119 0.904619 -0.987519 -0.10323 -0.115443 0.394122 -0.314347 -1 : 0.4
0.604201 0.35578 0.819461 -1 -0.0347035 -0.109508 0.266448 0.292588 0.00993104 : 0.6
0.612231 0.440673 0.806445 -0.868595 0.0853519 -0.149425 0.483395 0.597859 -0.633411 : 0.4
0.646758 0.335679 0.987073 -0.846524 -0.00560848 0.0762185 1 0.741414 -0.133919 : 0.8
0.690619 0.479811 0.837611 -0.829686 -0.0711235 0.00354285 0.483073 0.44442 0.163582 : 0.5
0.603451 0.311259 0.860848 -0.887601 -0.10723 -0.03789 0.63903 0.281132 -0.0830779 : 0.6
0.63574 0.390848 0.967039 -0.879666 -0.343272 -0.126016 0.568334 0.90115 -0.764161 : 0.8
0.626863 0.316789 0.90014 -0.904599 -0.119592 -0.0322653 0.207538 0.320394 0.386637 : 0.6
0.778869 0.333106 0.894287 -0.942195 -0.684041 -0.304682 0.357295 0.590748 0.649219 : 0.5
0.626395 0.450325 0.929331 -0.891184 -0.159145 0.0525439 -0.136304 0.442378 -0.79314 : 0.8
0.621785 0.490882 0.917891 -0.948796 -0.241803 -0.248669 0.860566 0.508679 0.426198 : 0.6
0.663644 0.336948 0.712003 -0.87418 -0.111889 -0.030753 1 0.725242 1 : 0.4
0.577723 0.341974 0.915831 -0.706752 0.109511 -0.0267397 0.139608 -0.137389 -0.0852326 : 0.6
0.655357 0.389202 0.923671 -0.82124 -0.205293 -0.0766986 0.321378 0.376978 0.964418 : 0.8
0.634683 0.261654 0.706404 -0.793669 -0.0685097 0.00140434 0.128524 0.201984 0.382007 : 0.9
0.527628 0.564177 0.991497 -0.860241 -0.188459 -0.126026 -0.122074 0.202963 0.153181 : 0.7
0.634265 0.337151 0.868373 -0.850706 -0.305626 0.0428739 0.237581 0.860827 -1 : 0.4
0.598766 0.440466 0.82557 -0.815475 -0.439573 -0.068521 0.640719 0.526542 -0.596281 : 0.2
0.673256 0.561078 0.88558 -0.668091 -0.358833 -0.164824 0.520741 0.183684 0.413415 : 0.7
0.664042 0.38546 0.978216 -0.908419 -0.334258 -0.0730565 0.350713 0.696613 -0.157086 : 0.5
0.595044 0.487306 0.905666 -0.914074 -0.240892 -0.0344178 0.166273 0.55437 -0.841186 : 0.4
0.723405 0.478432 0.883791 -0.958456 -0.12897 0.169538 0.659227 0.446914 -0.142497 : 0.6
0.696488 0.436116 0.912019 -0.846738 0.134388 -0.0523724 0.607658 0.62308 1 : 0.7
0.744532 0.371294 0.791984 -0.964327 -0.593849 -0.166136 0.435465 -0.0851227 0.347708 : 0.4
0.66443 0.333028 0.920874 -0.97972 -0.669758 0.112239 0.320139 0.797406 -0.99491 : 0.8
0.67322 0.401307 0.917921 -0.881705 -0.175599 0.276263 0.0240604 0.453773 -1 : 0.2
0.608352 0.488859 0.977176 -0.908726 -0.318581 -0.341175 0.650917 0.701533 0.571863 : 0.6
0.645788 0.291028 0.792615 -1 -0.254116 -0.0563815 0.423016 0.561693 0.29464 : 0.8
0.707979 0.407483 0.774562 -0.899462 -0.0688153 0.0815626 0.641516 0.111948 0.107617 : 0.7
0.722225 0.317834 0.91903 -0.750134 -0.169573 -0.0467527 0.550829 0.446056 -0.281662 : 0.7
0.674041 0.389441 0.76774 -0.263411 -0.0585655 0.138794 0.892748 0.472396 -0.121907 : 0.3
0.55993 0.49534 0.716219 -0.805685 0.0367252 -0.0497524 0.618095 0.156839 -0.375317 : 0.7
0.694116 0.430099 0.946844 -0.928121 -0.228883 0.262446 0.221138 0.301425 -0.758249 : 0.7
0.670243 0.304322 0.742226 -0.900358 -0.258094 -0.0303636 0.608235 0.758328 0.221163 : 0.2
0.675523 0.453378 0.991146 -1 -0.224673 0.185474 0.269224 0.414406 -0.726282 : 0.6
0.715317 0.46616 0.747883 -0.787965 -0.031893 -0.00293749 0.344999 0.522398 0.162565 : 0.8
0.597738 0.34719 0.990185 -0.00637758 -0.32299 -0.077446 0.54204 0.469003 -0.0122587 : 0.7
0.613735 0.381183 0.948944 -0.885016 -0.256289 -0.091948 0.320276 0.573964 0.942208 : 0.6
0.671728 0.199392 0.865205 -0.990425 -0.028592 -0.101322 0.387563 0.50298 0.3653 : 0.8
0.702683 0.455474 0.908106 -0.861057 -0.0725903 0.0281218 0.546242 0.863178 0.467033 : 0.7
0.669249 0.421867 0.851015 -0.888651 -0.07645 -0.0997178 0.344278 0.445914 0.165064 : 0.5
0.585277 0.467968 0.923749 -0.90302 -0.297109 0.0341058 0.54899 0.404816 0.513114 : 0.5
0.700619 0.456528 0.884291 -0.870914 0.0241839 -0.5328 0.305603 0.466277 -0.416099 : 0.6
0.598402 0.39563 0.891681 -0.857316 0.107937 0.0312748 0.143433 0.695975 -0.17243 : 0.5
0.678551 0.397868 0.939627 -0.862782 -0.223847 -5.05447e-05 0.349792 -0.132234 -0.279269 : 0.6
0.666873 0.448732 0.919348 -0.876532 -0.372806 -0.381644 0.33467 0.315312 -0.323212 : 0.6
0.621691 0.402689 0.933912 -0.924496 0.358774 0.131936 0.0182506 0.70152 -0.683221 : 0.7
0.674468 0.401271 0.892694 -0.887834 -0.0518352 -0.0898557 0.435639 0.781948 -0.914823 : 0.8
0.615588 0.401953 0.943988 -0.942798 -0.434987 -0.0581911 0.037527 0.458994 -0.188704 : 0.6
0.651471 0.360956 0.974082 -0.837162 -0.297503 0.0406302 0.538577 0.664646 -0.399355 : 0.7
0.743437 0.576185 0.989868 -0.919174 -0.119357 0.0475672 0.0760968 0.472946 -0.0186328 : 0.8
0.624677 0.323327 0.92446 -0.834002 -0.0960045 0.185838 0.592496 0.901483 -0.133832 : 0.7
0.62696 0.548388 0.850181 -0.963896 -0.290376 -0.0719091 0.0496887 0.564654 0.949663 : 0.4
0.571187 0.436888 0.914984 -0.885109 -0.239774 -0.0542177 0.172006 0.334232 -0.598454 : 0.8
0.656539 0.382591 1 -0.937488 0.108606 0.0673953 0.249566 0.552073 0.949728 : 0.7
0.62399 0.42374 0.937245 -0.912265 -0.15071 0.0721305 0.424837 0.820838 0.0623837 : 0.5
0.665776 0.432305 0.837967 -0.931051 0.0170389 -0.182257 0.599156 0.0809705 0.47295 : 0.4
0.619469 0.373795 0.912939 -0.859024 -0.249708 -0.150096 0.604099 0.204964 -0.269686 : 0.7
0.583614 0.25289 0.843347 -0.854288 -0.170213 -0.296134 0.308762 0.206428 -0.0844845 : 0.7
0.701437 0.431243 0.806185 -0.841453 -0.283329 -0.100489 0.36136 0.667482 -0.218896 : 0.6
0.575605 0.402403 0.973306 -0.921661 -0.362358 -0.197354 0.310585 0.271401 0.434743 : 0.8
0.626291 0.302998 0.903697 -0.71607 -0.0840953 -0.101048 0.373673 -0.405863 0.783662 : 0.6
0.64971 0.480005 0.866638 -0.903908 -0.00759742 -0.0307967 0.542363 0.684443 0.0865953 : 0.6
0.542529 0.396725 0.910363 -0.857666 -0.500459 -0.0820413 0.509348 0.408661 -0.210101 : 0.6
0.706465 0.352493 0.892967 -0.792109 -0.321667 -0.0566871 0.525514 -0.551938 0.577767 : 0.5
0.681852 0.340447 0.853679 -0.937526 -0.161067 0.0915961 0.695471 0.441452 0.42498 : 0.5
0.587843 0.373783 0.937336 -0.981297 -0.857252 -0.354757 0.629909 0.70031 0.599043 : 0.5
0.694571 0.296215 0.934201 -0.978584 -0.215249 -0.312679 0.917204 0.358695 0.175475 : 0.7
0.61134 0.379289 0.924721 -0.97628 -0.0888429 -0.026444 0.341883 -0.00667017 -0.332937 : 0.5
0.673264 0.422776 1 -0.976362 -0.328576 -0.238118 0.380998 0.149435 0.570848 : 0.3
0.673064 0.540011 0.888689 -1 -0.0447179 0.300633 0.322993 0.552211 0.309843 : 0.6
0.683056 0.514659 0.773981 -0.795332 -0.0106533 0.00739729 0.931964 0.670062 0.091821 : 0.8
0.595861 0.299121 0.924305 -0.8666 -0.585699 -0.203743 0.726848 0.518179 0.277458 : 0.6
0.688146 0.356393 0.874636 -0.851097 -0.613446 -0.106984 0.41889 0.385494 -0.414483 : 0.7
0.684501 0.415046 0.934304 -0.767342 -0.237938 -0.116671 0.515886 0.151996 0.372462 : 0.4
0.661763 0.432524 0.564042 -0.996506 0.0839379 0.0669479 0.764843 0.445579 0.809833 : 0.3
0.627096 0.386753 0.96015 -0.898978 -0.56014 -0.115373 0.318455 0.774153 0.812452 : 0.4
0.609661 0.327248 0.696578 -0.97085 -0.0666206 -0.0912241 0.459856 0.825951 0.0307173 : 0.8
0.604039 0.291183 0.835493 -0.852713 -0.302077 0.194069 0.226175 -0.0122179 -0.074811 : 0.6
0.667453 0.491854 0.830747 -0.931404 -0.0699045 -0.0832344 0.426256 0.283298 -0.517262 : 0.6
0.684081 0.387102 0.943528 -0.863437 -0.437264 -0.0111023 0.390006 0.497603 0.699499 : 0.5
0.729285 0.328268 0.973665 -0.970212 -0.267197 -0.171805 0.537669 0.411051 -0.0619269 : 0.6
0.636159 0.393876 0.921862 -0.992977 -0.324096 0.225281 0.376647 0.197062 -0.546113 : 0.3
0.600081 0.221723 0.902074 -0.840287 -0.742987 -0.189431 0.231961 0.225392 0.104694 : 0.6
0.619117 0.327743 0.847525 -0.779247 -0.316819 -0.0211961 0.410725 0.375562 0.424586 : 0.5
0.611807 0.437395 0.899748 -1 -0.299752 -0.0525495 0.0841117 0.470923 0.980298 : 0.6
0.615175 0.424977 1 -0.884364 0.0533362 0.26096 0.11956 0.547837 -1 : 0.7
0.650499 0.501793 0.451246 -0.624392 -0.0668744 0.0256301 0.705041 -0.0212572 0.990215 : 0.6
0.606293 0.45333 0.850322 -0.918075 -0.302034 -0.0745873 0.259394 -0.157384 -0.214281 : 0.7
0.723518 0.435641 0.972424 -0.866858 -0.283342 0.00981864 0.439138 0.444052 0.585303 : 0.4
0.619559 0.420663 0.800762 -0.780104 -0.370104 -0.0579679 0.628136 0.494219 0.380523 : 0.8
0.656274 0.395716 0.918876 -0.835148 -0.57394 -0.0403165 0.15537 0.344982 -0.321916 : 0.5
0.670553 0.415364 0.883156 -0.914366 -0.124486 -0.14677 1 0.79161 -0.118485 : 0.7
0.754035 0.418099 0.952092 -0.872515 -0.269834 -0.117027 0.227731 0.171658 -0.0356475 : 0.4
0.659796 0.376878 0.943484 -0.91043 -0.101748 -0.0609234 0.535876 0.633838 -0.12758 : 0.3
0.633901 0.347507 0.952788 -0.857544 -0.423819 -0.077698 0.250226 0.426459 0.474847 : 0.5
0.696216 0.297798 0.986193 -0.885389 -0.69778 -0.0478293 0.362117 0.406136 0.806447 : 0.5
0.602061 0.427698 0.876426 -0.935021 -0.0122894 -0.141899 0.38449 0.57047 -1 : 0.2
0.587386 0.297718 0.949239 -1 -0.176201 -0.270949 0.310531 -0.05028 -0.256067 : 0.5
0.551676 0.440023 0.920006 -0.633064 -0.0910605 -0.214011 0.601554 0.556562 0.505664 : 0.4
0.632787 0.5033 0.762626 -0.849155 -0.0242317 0.101183 0.423312 0.420359 0.551693 : 0.6
0.612306 0.33665 0.89542 -0.88105 -0.150048 -0.0213884 0.370789 0.503651 -0.664755 : 0.5
0.607836 0.406498 0.873315 -0.899258 -0.161788 0.0330618 0.185211 0.720596 -1 : 0.8
0.690358 0.426238 0.764945 -1 -0.351314 -0.0447744 0.610784 0.439887 -0.341797 : 0.7
0.645283 0.601986 0.937972 -0.918933 -0.363245 -0.00151251 0.410687 0.0688752 -0.295066 : 0.5
0.644623 0.396195 0.939457 -0.94908 -0.169435 0.0315195 0.395332 0.511897 0.463631 : 0.7
0.66111 0.384416 0.877246 -0.882126 -0.121526 0.116502 0.976641 0.669162 -0.0806022 : 0.4
0.666373 0.395514 0.875241 -0.856557 -0.6409 -0.280675 0.212889 0.389692 0.236643 : 0.5
0.668135 0.420398 0.878576 -0.88514 0.0778037 -0.358294 0.232221 0.654411 0.0895724 : 0.7
0.614387 0.350825 0.885682 -0.913302 -0.322838 -0.0388202 0.389577 0.538171 1 : 0.4
0.879153 0.429337 0.888911 -0.906695 0.0220449 -0.459016 0.799521 0.480722 -0.40778 : 0.7
0.670852 0.379679 0.911439 -0.873103 -0.294539 -0.161499 0.529635 0.433033 -0.792242 : 0.6
0.733355 0.386803 0.925288 -0.851786 -0.46089 0.153979 0.230149 0.747046 0.323542 : 0.7
0.673218 0.374826 0.918957 -0.815488 0.000687152 -0.00499782 0.714669 0.545477 1 : 0.5
0.70305 0.379873 1 -0.889998 0.0345652 -0.104049 0.705113 0.539913 0.351355 : 0.7
0.583543 0.47033 0.831793 -0.857768 -0.430196 0.0107267 0.319379 0.746819 0.194751 : 0.8
0.664821 0.408813 0.904579 -0.902467 0.094951 -0.0959662 0.48615 -0.228363 0.00669968 : 0.6
0.658002 0.441204 1 -0.909998 -0.263448 0.00702573 1 0.494649 0.248657 : 0.6
0.688639 0.319535 0.788091 -0.746705 0.00127548 0.0480457 0.526293 0.55766 -0.328059 : 0.7
0.697865 0.320709 0.913879 -0.84792 -0.112291 -0.202386 0.211716 -0.228928 0.361768 : 0.3
0.63532 0.44228 0.724791 -0.825777 -0.118003 -0.011789 0.71475 0.360387 -1 : 0.6
0.643347 0.532047 0.387447 -0.62349 -0.0268175 0.0664768 0.435905 -0.210851 0.621044 : 0.7
0.706115 0.326432 0.917231 -0.889388 -0.400952 -0.268401 0.064935 0.394618 0.212407 : 0.5
0.651018 0.488255 0.652128 -0.860452 -0.307015 0.0130937 -0.131705 0.598635 0.486934 : 0.8
0.680073 0.443861 0.873339 -0.962843 -0.190679 0.13741 0.13454 0.170737 -0.165345 : 0.6
0.661107 0.496578 0.882156 -1 -0.173753 0.128827 0.381825 0.607129 0.24114 : 0.6
0.724715 0.476065 0.962552 -0.781195 -0.123563 -0.0926961 0.916266 0.543578 0.188636 : 0.7
0.615939 0.429529 0.878322 -0.935937 -0.260284 -0.25028 0.0256147 0.661238 0.279391 : 0.6
0.609723 0.347077 0.878022 -0.981227 -0.444818 0.318468 0.574715 0.316749 0.0111194 : 0.5
0.721839 0.509351 0.690646 -0.946588 0.019152 0.0311179 0.307487 0.882458 -0.343055 : 0.5
0.615197 0.44063 0.903877 -0.87207 -0.275493 -0.174968 0.368407 0.699261 1 : 0.6
0.645975 0.440484 0.835406 -0.93846 -0.197881 0.0091399 0.344383 0.88136 0.281156 : 0.6
0.596288 0.355834 0.922841 -0.830904 -0.320502 0.0742768 0.296464 0.217814 0.631806 : 0.7
0.770105 0.562505 0.758785 -0.761004 -0.0999953 0.0311241 -0.0443703 0.920566 -0.245635 : 0.5
0.607359 0.402452 0.920614 -0.741608 0.0800009 -0.0984801 0.124341 0.505063 1 : 0.9
0.669004 0.451064 0.914883 -0.855861 -0.155595 -0.385598 0.198804 0.545764 -0.19078 : 0.6
0.589493 0.346223 0.942365 -0.978961 -0.422217 0.189182 0.494696 0.268976 0.94558 : 0.3
0.708995 0.400811 1 -0.811603 -0.00187141 -0.151912 0.0560577 0.382623 0.318852 : 0.9
0.630582 0.42228 0.893484 -0.892282 0.0278031 -0.12945 0.26903 0.728137 0.0700952 : 0.8
0.635717 0.425772 0.880527 -1 0.151054 -0.0277133 0.63976 0.567538 0.662477 : 0.6
0.5862 0.427283 0.990361 -0.921794 -0.126606 -0.635771 0.287878 0.408919 0.239541 : 0.9
0.540502 0.303133 0.985666 -0.898896 -0.330209 -0.0744028 0.638526 0.175641 -1 : 0.5
0.606028 0.284292 0.895191 -0.924908 -0.387651 0.0225495 0.493779 0.532129 1 : 0.4
0.670082 0.405762 0.987589 -0.128234 -0.0478152 0.200199 0.189192 0.417401 -0.647267 : 0.3
0.719977 0.413387 0.993241 -0.892254 -0.297672 -0.0842589 0.478147 0.902045 0.407712 : 0.4
0.652131 0.330472 0.991302 -0.893331 -0.571425 0.177586 0.358914 0.268969 0.46691 : 0.4
0.629513 0.282502 1 -0.891042 -0.269034 0.0562657 0.655439 0.436683 0.44651 : 0.6
0.638309 0.288844 0.881982 -0.873294 0.196178 -0.0242319 0.762629 0.329752 -1 : 0.6
0.644625 0.390459 0.989141 -0.877704 -0.372924 0.04957 0.208742 0.465149 -0.722886 : 0.2
0.738307 0.347672 0.810958 -0.880944 0.504948 -0.00306122 0.877415 0.530371 0.819243 : 0.7
0.699579 0.472025 0.938483 -0.866276 -0.216347 -0.088286 -0.212092 0.684856 0.445657 : 0.8
0.675651 0.397914 0.759095 -0.775655 -0.45286 -0.0972268 0.651975 0.537529 -0.0638031 : 0.7
0.589422 0.403261 0.935636 -0.844139 -0.555528 0.378389 0.284871 0.129625 -0.541017 : 0.7
0.657639 0.432636 0.906007 -1 0.0995895 -0.111048 0.230034 0.537001 0.43272 : 0.7
0.759076 0.543265 0.849686 -0.855438 -0.340592 -0.0777701 0.508834 0.586728 -0.191064 : 0.5
0.611293 0.568633 0.929968 -0.947617 -0.310984 0.00156903 0.512181 0.426532 -0.238213 : 0.2
0.629765 0.357099 0.9347 -1 -0.118617 -0.126555 0.504657 0.307752 1 : 0.3
0.637316 0.557715 0.779306 -0.841787 -0.136115 -0.0836604 0.540047 0.577476 -0.195772 : 0.8
0.698608 0.38608 0.947271 -0.912723 -0.442444 -0.0684205 0.760341 0.546578 -0.00400329 : 0.4
0.670791 0.449601 0.798081 -0.510109 -0.195676 -0.0935308 0.62213 0.538094 0.264013 : 0.9
0.603592 0.315757 0.897906 -0.77338 0.203317 0.238216 0.315608 0.858882 -0.134458 : 0.5
0.659702 0.483033 0.774414 -0.642728 0.00645304 0.0906672 -0.00524812 0.232548 0.213836 : 0.6
0.680096 0.397066 0.909456 -0.87159 0.418576 -0.100288 0.376968 0.640671 -0.833663 : 0.4
0.681236 0.407886 0.886613 -0.85518 -0.27937 0.0394128 0.242792 0.531134 0.944464 : 0.7
0.502314 0.326334 1 -0.820051 -0.190752 -0.30892 0.54208 0.739672 -0.335398 : 0.5
0.662334 0.43552 0.936947 -0.928061 -0.314212 -0.018635 0.834048 0.47469 -0.611902 : 0.4
0.807642 0.489322 0.757657 -0.605971 -0.264208 -0.0366954 0.538675 0.33521 -0.923794 : 0.5
0.62309 0.400184 0.857429 -0.597689 -0.309681 0.352755 0.358558 0.190724 -0.078364 : 0.7
0.6598 0.369389 0.919775 -1 -0.553359 0.104562 0.615993 0.36718 -0.60212 : 0.4
0.583951 0.328326 0.858134 -0.897181 -0.205848 -0.0812713 0.139017 0.0917597 0.0255203 : 0.5
0.636284 0.318702 0.988189 -0.950678 -0.186989 -0.0954389 0.427007 0.439467 0.597322 : 0.6
0.658895 0.379228 0.824181 -0.960164 -0.0825413 0.0472125 0.355904 0.198285 -0.232242 : 0.5
0.653782 0.401963 0.952665 -0.873622 -0.297034 -0.0234395 0.519548 0.279331 -0.0303541 : 0.7
0.641763 0.40351 0.915475 -0.803512 -0.24732 0.0160472 0.571129 0.679888 0.202321 : 0.4
0.678221 0.476701 1 -0.976973 -0.0457512 -0.00290959 0.51369 0.233319 -0.478415 : 0.6
0.607134 0.372868 0.882647 -0.901615 0.486069 -0.0251984 0.492012 0.608392 1 : 0.6
0.745369 0.547152 0.957544 -0.951879 -0.0429678 -0.279411 0.353881 0.245102 0.132879 : 0.8
0.667565 0.37415 0.892919 -0.953029 -0.197531 -0.158482 0.437035 0.608009 0.0278562 : 0.6
0.666375 0.484625 0.931444 -0.82569 -0.325459 -0.270198 0.386791 0.132142 -0.363812 : 0.3
0.612101 0.208818 0.896616 -0.960369 -0.289922 0.0538904 0.449462 0.243994 -0.213225 : 0.7
0.616983 0.336712 0.892766 -0.722047 0.0460125 0.0482493 0.285266 0.572632 -1 : 0.6
0.587913 0.449091 0.845926 -0.878949 -0.300656 -0.0907001 0.00919963 0.176543 0.365591 : 0.8
0.646134 0.435903 0.924277 -0.791493 0.290478 -0.188923 0.462345 0.314376 -0.396452 : 0.7
0.665193 0.413194 0.91166 -0.889535 -0.720833 0.00438732 0.0555773 0.560669 -0.910478 : 0.5
0.671149 0.43857 0.550028 -0.737714 -0.315477 -0.212236 0.783461 0.416648 -0.100171 : 0.7
0.667654 0.49689 1 -0.850384 -0.103281 0.119454 0.125799 0.403018 0.249717 : 0.6
0.762659 0.303164 0.852595 -1 -0.52583 -0.22545 0.420524 0.530941 -0.318586 : 0.3
0.659405 0.357366 0.859762 -0.946091 -0.429864 0.185893 0.276005 0.62093 1 : 0.7
0.559528 0.300834 1 -0.95925 -0.753256 -0.429607 0.286038 0.444596 0.267334 : 0.3
0.602446 0.36834 0.893963 -0.907011 -0.313654 -0.0317081 0.650622 0.876114 -0.881203 : 0.8
0.578473 0.420222 0.927085 -0.861867 -0.04518 -0.206105 0.264395 0.728054 -0.34662 : 0.1
0.785769 0.399708 0.804848 -0.756131 -0.557983 -0.110774 0.504553 0.903026 -1 : 0.4
0.653519 0.392823 0.823207 -0.89212 -0.331776 -0.0724971 0.876215 0.733347 -0.18966 : 0.6
0.553154 0.392156 0.928946 -0.868629 -0.498061 -0.0878519 0.305276 0.41288 -0.543703 : 0.7
0.723271 0.38053 0.874573 -0.734711 0.072359 0.0868886 0.374174 0.60374 -0.157134 : 0.4
0.677883 0.37037 0.959507 -0.858813 -0.211884 -0.0417239 0.463232 -0.0483323 -0.0496751 : 0.7
0.629899 0.488119 0.874676 -1 -0.0728696 0.0920147 1 0.481443 -0.393629 : 0.8
0.631165 0.402481 0.95668 -0.761518 -0.705928 -0.053075 0.109037 0.407354 -1 : 0.6
0.61667 0.331626 0.872766 -0.923024 -0.199594 -0.465328 0.522494 0.774747 0.647801 : 0.6
0.572194 0.403531 0.761046 -0.967369 -0.127697 0.0126728 0.656478 0.304753 -0.0454745 : 0.7
0.633366 0.570164 0.927703 -0.795846 -0.0437345 0.0438793 0.312935 0.0826988 -0.591806 : 0.5
0.634109 0.357342 0.925361 -1 -0.338521 -0.024537 -0.0555788 0.672963 -0.188236 : 0.4
0.670857 0.305049 0.946633 -1 -0.174721 0.0479697 0.697698 0.622041 -0.264624 : 0.5
0.661335 0.397156 0.945627 -0.902023 -0.425784 0.0289323 0.4827 0.336438 0.427324 : 0.5
0.728872 0.404797 0.927545 -0.850194 -0.0946612 -0.0668951 0.353363 0.62195 0.137004 : 0.5
0.70723 0.4128 1 -0.097872 -0.0944481 -0.172852 0.587735 0.564377 -0.15065 : 0.7
0.678397 0.44996 0.866656 -0.899467 -0.151549 0.050865 0.497654 0.776595 -1 : 0.7
0.596096 0.390407 0.982295 -0.97953 -0.0810712 0.124039 0.650711 0.00426463 -0.320664 : 0.1
0.610594 0.337025 0.999736 -0.842869 -0.139042 0.0696781 0.544253 0.409372 -1 : 0.5
0.62629 0.44019 0.996044 -0.943327 0.168083 0.0111022 0.0684989 0.518763 -1 : 0.5
0.601766 0.544086 0.809335 -0.890256 -0.35253 0.247215 0.362501 0.488394 -0.433719 : 0.5
0.508846 0.365453 0.883508 -0.933821 -0.126723 -0.573847 0.871908 0.441705 0.0415969 : 0.5
0.667416 0.417812 0.995543 -0.95293 -0.121312 0.136885 0.243098 0.627943 -1 : 0.7
0.670331 0.396293 0.728047 -1 -0.561732 0.0392033 0.372352 0.279912 -0.0406544 : 0.3
0.707687 0.366217 0.944842 -0.940851 -0.122671 -0.0764984 0.525602 0.354861 -0.801365 : 0.9
0.65506 0.458499 0.888675 -0.983618 -0.0915656 0.286995 0.265844 0.54608 -0.422442 : 0.5
0.658067 0.438887 1 -0.902374 0.0826111 -0.0379153 0.484861 0.338915 1 : 0.4
0.597674 0.395092 0.905593 -0.802873 -0.390015 0.0304848 0.337979 0.666158 0.244283 : 0.3
0.626629 0.464494 1 -0.871311 -0.345468 -0.379892 0.698642 0.498685 0.452124 : 0.6
0.689575 0.404805 0.962015 -0.884053 -0.15971 -0.17483 0.63906 0.434832 0.721803 : 0.3
0.671415 0.320843 0.964372 -0.920916 -0.268694 -0.131218 0.45219 0.407361 0.33951 : 0.6
0.716267 0.445407 0.838052 -0.914339 -0.171348 0.0168638 0.377922 0.83097 0.143791 : 0.7
0.721188 0.375253 0.972298 -0.905425 -0.41173 -0.0606728 0.516117 0.539595 0.694559 : 0.5
0.762739 0.545476 0.765536 -0.903374 -0.136421 -0.0378478 0.735553 0.101984 0.402713 : 0.6
0.665959 0.382427 0.923789 -0.956552 -0.203593 -0.0557751 0.432522 0.124388 -0.317282 : 0.6
0.678911 0.435107 0.878596 -0.953058 0.730541 0.139233 0.359747 0.218463 1 : 0.7
0.664081 0.358393 0.903803 -0.947912 -0.600857 0.0449705 0.529508 0.32566 0.606892 : 0.7
0.603668 0.524869 0.860823 -0.836872 -0.170408 -0.0617056 0.140635 0.378582 -0.55151 : 0.7
0.673017 0.446402 1 -0.93581 -0.253912 -0.231441 0.748692 0.608535 0.757801 : 0.2
0.711004 0.566491 0.713132 -0.734017 0.00801104 0.063904 0.187674 0.149295 -0.176891 : 0.3
0.588859 0.382487 0.726013 -0.925223 -0.140334 0.0441944 0.959065 0.915396 -1 : 0.9
0.684662 0.436947 0.89083 -0.763902 -0.504505 -0.0963664 0.61424 0.743461 0.494663 : 0.7
0.618872 0.272283 0.822618 -1 -0.799286 -0.303556 0.312184 0.903407 -0.168898 : 0.4
0.657131 0.316112 0.93589 -0.95393 -0.0207656 -0.242156 0.573842 0.317003 0.8558 : 0.5
0.711642 0.421259 0.962299 -0.899718 -0.0434719 -0.308973 0.331763 0.403733 1 : 0.4
0.745219 0.297046 0.877114 -0.925662 -0.293938 -0.116128 0.500721 0.695058 -0.107096 : 0.6
0.600278 0.384296 0.817473 -1 -0.351811 -0.0535314 1 0.800286 -0.126146 : 0.5
0.673097 0.356411 0.911044 -0.838676 -0.339347 -0.124062 0.50661 0.345981 0.916572 : 0.3
0.67937 0.535684 0.972811 -0.913002 -0.100499 0.0916274 0.133038 0.446112 -0.43164 : 0.7
0.668809 0.32478 0.959882 -0.690543 0.143374 0.253039 0.217978 0.604583 0.247802 : 0.5
0.693389 0.304196 0.831292 -0.898717 -0.0736701 0.0377709 0.385114 0.687649 0.403545 : 0.7
0.686592 0.317757 0.834689 -0.883169 -0.185234 -0.109942 0.514378 0.459781 -0.22094 : 0.6
0.656234 0.391426 0.838587 -0.837486 -0.225838 -0.0903904 0.387652 0.640396 0.0232319 : 0.7
0.621719 0.438838 0.849484 -0.747442 -0.18505 0.252227 0.118661 0.408705 1 : 0.6
0.604984 0.54753 0.763401 -0.887302 -0.38074 0.158815 0.449606 -0.314422 0.732004 : 0.4
0.654925 0.386939 0.921152 -0.893534 -0.315541 -0.126607 0.528132 0.680033 0.196956 : 0.6
0.666675 0.397419 0.942168 -0.921648 -0.184393 -0.172887 0.498842 0.992815 -0.11789 : 0.6
0.720248 0.391255 0.860527 -0.931285 0.00173962 0.0673658 0.313981 0.0981188 0.162648 : 0.6
0.75953 0.496797 0.936495 -0.95317 -0.215356 -0.357569 0.301236 0.170106 -0.0713257 : 0.4
0.654351 0.392055 0.960654 -0.930632 -0.329329 -0.00326411 -0.0526124 0.691582 0.0959829 : 0.7
0.634872 0.519972 0.803248 -0.830564 -0.0198437 0.0436617 0.134892 0.184729 -0.124118 : 0.5
0.526192 0.394673 0.925157 -0.848206 0.0567316 -0.0350994 0.327245 0.437259 -0.657468 : 0.5
0.624752 0.412719 0.957921 -0.939838 -0.0857553 0.148986 0.279964 0.344246 -0.428209 : 0.3
0.601468 0.351837 0.924408 -0.954929 0.0960554 0.059127 0.537104 0.522054 0.424104 : 0.7
0.691264 0.548099 0.966805 -1 -0.631995 0.497111 1 0.502719 -0.182555 : 0.7
0.728576 0.443881 0.666669 -0.969565 -0.312564 -0.183133 0.194427 0.0416649 -0.110257 : 0.4
0.627211 0.498182 1 -0.938564 -0.289263 -0.0419049 0.298097 0.671202 0.685221 : 0.6
0.659744 0.463937 0.997716 -0.943931 -0.247571 -0.403017 0.475938 0.390185 -0.30996 : 0.3
0.694984 0.460753 0.920105 -0.760599 0.0305322 -0.404666 0.767894 0.446968 1 : 0.6
0.644168 0.462616 0.920591 -0.896616 -0.415334 -0.0043212 0.382885 0.781918 0.586871 : 0.6
0.610295 0.503723 0.805597 -0.879494 0.322911 -0.163002 0.140858 0.573005 0.845985 : 0.6
0.648415 0.372343 0.800136 -0.954177 -0.289153 -0.182414 0.27551 0.851021 -0.344729 : 0.7
0.69879 0.341857 0.772915 -0.999629 -0.180978 0.0136223 0.55799 0.848251 0.257847 : 0.8
0.664236 0.434781 0.96919 -0.962442 -0.215866 0.165932 0.282333 0.273006 -1 : 0.8
0.649898 0.394321 0.756262 -0.897988 -0.18175 0.106176 0.0198498 0.414682 -0.832948 : 0.2
0.730391 0.420696 0.961322 -0.890739 -0.300299 -0.13643 0.533439 0.2963 -0.445504 : 0.7
0.626528 0.437351 0.875259 -0.836469 -0.519862 -0.00951815 0.291579 0.184101 -0.387458 : 0.5
0.655209 0.358969 0.936519 -0.951111 -0.328306 -0.0233954 0.289077 0.711166 0.115821 : 0.5
0.509132 0.394759 0.978302 -0.943371 -0.161333 0.388868 0.355693 0.27985 -0.977632 : 0.4
0.647846 0.297422 0.896559 -0.82634 -0.299848 -0.243455 0.48883 -0.0943438 -0.68738 : 0.7
0.794505 0.59172 0.920662 -0.821026 0.0758954 0.0147917 0.30344 0.85596 0.2182 : 0.8
0.661696 0.462137 0.81907 -0.894141 -0.00112742 -0.0920894 0.0942955 0.124083 -0.762368 : 0.7
0.620693 0.415785 0.859079 -0.903686 -0.512846 -0.015325 0.831249 0.680887 0.0837155 : 0.5
0.648117 0.433062 0.948274 -0.880928 -0.213165 -0.389897 0.134714 0.322397 0.0341784 : 0.2
0.603402 0.372339 0.89988 -0.925218 -0.257907 -0.167544 0.284534 0.922786 -0.253429 : 0.5
0.582155 0.282783 0.945541 -0.851743 -0.313861 -0.361237 0.31343 -0.0394584 -0.506551 : 0.5
0.53694 0.491063 0.88321 -0.172596 -0.517972 0.0214961 0.332695 0.777184 0.571008 : 0.6
0.661887 0.37781 0.96311 -0.906987 -0.20265 0.00219399 0.00377931 0.0819361 1 : 0.8
0.688658 0.466983 0.866906 -0.635147 -0.138155 -0.151814 0.366324 0.694259 -0.0273631 : 0.8
0.67356 0.398547 0.823782 -1 -0.278304 0.0960061 0.327927 0.497375 0.990184 : 0.6
0.70595 0.476455 0.853056 -0.836815 -0.016396 -0.00362797 0.622438 0.644222 0.390641 : 0.8
0.643674 0.490527 0.813667 -0.916597 -0.198503 -0.091978 0.41554 0.552318 0.616757 : 0.4
0.617837 0.275691 0.793174 -1 -0.347562 -0.098998 0.520481 -0.0374883 0.393497 : 0.8
0.580452 0.332614 0.882649 -0.891734 -0.346075 -0.131841 0.629103 0.336045 0.211054 : 0.3
0.629138 0.388669 0.871576 -0.778924 -0.289668 0.0792832 0.13389 0.188714 -0.427116 : 0.6
0.640178 0.390731 0.876019 -0.905106 -0.377212 0.0813508 0.492274 0.651391 1 : 0.7
0.720152 0.304658 1 -0.847625 -0.143152 -0.251693 0.363653 0.526941 0.289843 : 0.4
0.625424 0.375176 1 -0.851866 0.0980343 0.00396653 1 0.681917 0.0649329 : 0.6
0.683471 0.419483 0.980732 -0.239612 -0.267187 0.194742 -0.186212 0.00727899 -0.0490904 : 0.6
0.665253 0.475339 0.976505 -0.890484 -0.0655114 -0.141664 0.563474 0.596558 0.268642 : 0.6
0.674609 0.331367 0.908524 -0.956729 0.0207333 0.102422 0.772692 0.523606 -0.291602 : 0.6
0.65454 0.328248 0.946298 -0.913668 -0.0781953 0.103417 0.819772 0.476777 -0.0702782 : 0.7
0.643029 0.266011 0.82592 -0.885452 -0.0567117 -0.34834 0.286821 0.837341 -0.105222 : 0.5
0.642617 0.36959 0.646971 -0.979369 -0.361209 0.843267 0.410992 0.370464 -1 : 0.7
0.46031 0.312075 0.966232 -0.928476 -0.286352 -0.976396 0.323136 0.655491 -1 : 0.4
0.582306 0.362701 0.983617 -0.838835 -0.14525 0.247787 0.344576 0.344646 0.303887 : 0.6
0.727294 0.415202 0.755795 -0.960551 0.0617207 -0.218991 0.142937 0.675123 -0.835661 : 0.7
0.673646 0.480405 0.974444 -0.437261 -0.361643 -0.0877579 0.416318 0.0107865 0.765352 : 0.4
0.624188 0.634702 0.873184 -0.894016 -0.276068 0.0424852 0.572622 0.613794 -0.646559 : 0.6
0.660247 0.349917 1 -0.199166 -0.617664 0.235345 0.412933 0.42741 0.599389 : 0.4
0.537134 0.400879 0.893825 -0.862266 -0.254719 -0.0722786 0.164122 0.427329 0.501251 : 0.5
0.600502 0.419936 0.917974 -0.9774 -0.209604 0.0962027 0.258568 0.414279 -1 : 0.5
0.680413 0.426793 0.668978 -1 0.0128044 0.277925 0.964298 0.231538 1 : 0.6
0.701154 0.357131 0.894564 -0.901827 0.278114 -0.0380199 0.51374 1 -0.10745 : 0.5
0.622053 0.370766 0.911673 -0.796301 -0.312663 0.0993988 0.250693 0.330258 -0.201098 : 0.7
0.60347 0.365428 0.886035 -0.861172 -0.289695 0.406754 0.39355 0.568747 -0.0535356 : 0.6
0.717475 0.410657 0.986928 -0.938981 -0.393344 -0.319743 0.487666 0.42984 0.336252 : 0.7
0.723807 0.432977 0.965008 -1 -0.0740598 -0.224799 0.276569 0.421163 -1 : 0.6
0.692435 0.333961 0.999444 -0.950611 -0.182254 -0.0117486 0.461941 0.30335 0.690843 : 0.4
0.669249 0.471054 1 -0.985451 -0.0920212 -0.06832 1 0.640688 0.171376 : 0.4
0.587382 0.382884 0.882878 -0.931905 -0.293516 0.0287943 0.381009 0.132167 -0.213739 : 0.5
0.757505 0.280373 0.954342 -1 -0.399839 -0.0164667 0.719581 0.518008 -0.257258 : 0.5
0.581164 0.419939 0.916899 -0.912837 -0.266073 -0.0504094 0.444853 0.658736 1 : 0.3
0.623946 0.495164 0.930518 -0.915781 -0.429849 -0.124122 0.533095 0.283254 0.276989 : 0.5
0.661424 0.3926 0.923365 -0.90658 -0.363409 0.153901 0.0146762 0.596786 -0.111998 : 0.5
0.597441 0.348227 0.922826 -0.943735 -0.368577 0.265761 0.314243 0.923369 -1 : 0.7
0.741283 0.396556 0.820887 -0.949142 -0.123858 0.0329559 0.511945 0.799583 0.13263 : 0.4
0.643386 0.37306 0.934464 -0.937573 -0.287391 -0.00520024 0.24458 0.168991 -0.733695 : 0.4
0.560735 0.428733 0.821698 -0.570893 -0.0378186 -0.282646 0.296942 -0.240126 -0.892151 : 0.5
0.686938 0.396746 0.851597 -0.869577 -0.170848 -0.0565056 0.663188 0.144563 -1 : 0.5
0.712905 0.343814 0.899196 -0.773376 -0.369194 0.050183 0.270247 0.570792 -0.367981 : 0.4
0.679908 0.413961 0.792145 -0.832977 -0.230138 -0.0876793 0.381789 0.533326 -0.308167 : 0.5
0.60201 0.24494 0.782509 -0.917254 -0.157473 0.442379 0.660967 -0.23174 0.0840087 : 0.4
0.701081 0.487896 0.889583 -0.638206 -0.202308 -0.00825391 0.228928 0.446865 0.172152 : 0.4
0.630758 0.463714 0.860589 -0.870215 -0.283824 -0.497012 0.46172 0.70466 -0.198795 : 0.6
0.588806 0.360437 0.836694 -0.749289 0.46557 0.760865 0.302402 0.313362 -0.457786 : 0.5
0.557904 0.428292 1 -0.893011 -0.154393 -0.1832 0.720381 0.483153 -0.641766 : 0.6
0.682208 0.543453 0.949468 -0.870363 -0.248001 0.121125 0.335838 1 0.217997 : 0.5
0.606232 0.203126 0.89234 -0.900973 -0.198639 -0.372743 0.211045 0.383211 0.133176 : 0.7
0.645534 0.35231 1 -0.95522 -0.275983 1 0.407888 0.350644 -0.267465 : 0.7
0.679434 0.277744 0.992397 -0.909786 -0.146237 0.084451 -0.315289 0.537022 -0.874939 : 0.7
0.6172 0.324493 0.971123 -0.899765 0.0632677 0.0727759 0.341016 0.535305 0.601634 : 0.5
0.643698 0.457833 0.776175 -0.811767 -0.295518 -0.0811898 0.501671 0.481695 0.0782395 : 0.3
0.71541 0.474603 0.99071 -1 0.168394 -0.0404337 0.704473 0.499711 0.354651 : 0.6
0.687879 0.513178 0.928739 -0.771922 -0.245182 -0.198595 0.534112 0.451375 -0.314069 : 0.6
0.666445 0.382801 0.822251 -0.843497 0.203143 -0.0865388 0.7744 0.440533 -1 : 0.7
0.531789 0.511996 0.803145 -0.337557 -0.169414 -0.176829 0.313442 0.367733 0.470971 : 0.8
0.647916 0.349663 0.866396 -0.919577 0.205954 -0.22154 0.400029 0.322638 0.517187 : 0.4
0.602497 0.39202 0.881615 -0.905459 -0.106659 -0.127178 0.1753 0.414998 -0.904463 : 0.8
0.666247 0.216454 0.909338 -0.879677 -0.0688638 0.304329 0.30968 0.460897 -0.118058 : 0.8
0.629707 0.36768 0.937274 -0.890018 -0.47076 0.0748601 1 0.518761 0.792005 : 0.6
0.650879 0.489431 0.880558 -0.439647 -0.0368527 -0.177937 0.356539 0.232794 0.658387 : 0.7
0.63609 0.436112 0.965551 -0.902443 -0.4403 0.0522115 0.257223 0.435149 -0.398412 : 0.6
0.67866 0.482155 0.970993 -0.841835 -0.214334 -0.124741 0.4978 0.402926 -0.0339147 : 0.3
0.625025 0.463534 0.809183 -0.497671 -0.344467 -0.157591 0.278593 0.494861 0.712379 : 0.9
0.653016 0.356169 0.906487 -0.846941 -0.381077 -0.0492642 0.443768 0.260275 1 : 0.4
0.661273 0.422004 0.897358 -1 -0.55787 0.299781 0.616396 0.432809 1 : 0.4
0.620709 0.451713 0.975914 -0.900544 -0.143991 0.196697 0.509272 0.606063 0.693982 : 0.6
0.652305 0.544636 0.358301 -0.772573 0.0493924 0.00173083 0.378457 0.600045 -0.0592477 : 0.8
0.60416 0.362952 0.910405 -1 -0.331191 -0.115503 0.4557 0.539587 0.498239 : 0.7
0.568874 0.408772 0.843175 -0.972679 -0.112639 0.150298 0.677036 0.628326 -0.931163 : 0.7
0.658575 0.375658 0.92027 -0.863397 -0.333444 -0.039407 0.490588 0.185324 0.429662 : 0.6
0.646171 0.440788 0.864937 -0.76086 -0.2642 0.101369 0.134142 0.547706 0.89905 : 0.4
0.669133 0.355604 0.98373 -0.887062 0.241972 0.0656022 0.429711 0.825482 0.772595 : 0.7
0.572188 0.363457 0.750987 -1 -0.199459 0.184214 0.397896 0.180463 -0.321542 : 0.6
0.65389 0.36688 0.763919 -0.991053 -0.497302 0.0974423 0.394519 0.857225 -0.222793 : 0.6
0.648924 0.392435 0.699928 -0.85747 -0.073848 0.33987 0.255323 0.735814 0.157245 : 0.2
0.650686 0.372811 0.985177 -0.953111 -0.144617 0.104438 0.305901 0.43262 -0.577137 : 0.7
0.593662 0.355171 0.941211 -0.864323 -0.358762 -0.146415 0.639133 0.579799 0.369105 : 0.6
0.737174 0.337193 0.741346 -0.994903 -0.440597 -0.270843 0.420302 0.0971222 0.860759 : 0.3
0.669601 0.447478 0.972563 -0.904722 -0.283011 0.0115867 0.8958 0.639267 0.606974 : 0.5
0.635752 0.383856 0.952084 -0.823358 0.0187044 0.261797 0.292395 -0.0889043 0.203916 : 0.7
0.672435 0.439377 0.993009 -0.907369 -0.0177891 0.190249 0.277073 0.32672 -1 : 0.7
0.58121 0.22126 0.905557 -0.922863 -0.457763 -0.0138312 0.364875 0.859297 0.63184 : 0.4
0.62834 0.418177 0.847612 -0.873648 -0.0243549 0.175186 0.296958 0.69547 -0.149554 : 0.5
0.649292 0.391716 0.740176 -0.936749 -0.254797 0.0795067 0.912387 0.640342 0.560013 : 0.4
0.560564 0.215939 0.874929 -0.9316 -0.357335 -0.260419 0.522373 0.863273 -0.321735 : 0.7
0.660729 0.440075 0.912435 -0.903149 -0.365227 -0.0400899 0.417637 0.612122 -0.472237 : 0.6
