0.632205 0.551355 1 -0.0981523 -0.196965 -0.470073 0.384047 0.304236 0.29695 : 0.7
0.489731 0.349147 0.905578 -0.594966 -0.510257 0.0992316 0.367815 0.470946 0.273426 : 0.5
0.488043 0.441066 0.673881 -1 -0.348975 -0.532459 0.784324 1 0.064046 : 0.3
0.610918 0.333043 0.91731 -0.578047 0.189648 -0.480443 -0.152768 0.553701 0.733684 : 0.5
0.698093 0.446087 0.890687 -0.664173 -0.616369 -0.525688 0.476359 -0.0798887 -0.060141 : 0.6
0.616148 0.495606 0.910447 -0.517673 0.0153557 0.129932 0.846683 0.475552 -1 : 0.3
0.683759 0.494238 0.893347 -0.904513 -0.628871 0.172724 0.665837 0.218119 -0.307006 : 0.4
0.814667 0.353055 0.811717 -0.938154 -0.380644 -0.485876 0.329424 -0.308864 -0.194635 : 0.1
0.565926 0.372949 0.814349 -1 -0.224059 -0.160509 0.0745821 0.639026 0.112336 : 0.4
0.718484 0.356998 0.753766 -0.780689 -0.650804 -0.22416 0.177237 0.952063 0.434771 : 0.3
0.612729 0.654811 0.721479 -0.72869 -0.160195 -0.173318 0.948263 -0.188224 0.279698 : 0.5
0.818026 0.532069 0.782837 -0.77064 -0.256892 -0.265719 0.367445 -0.547741 1 : 0.5
0.578136 0.564829 0.926149 -0.23983 -0.0153188 -0.750828 -0.229962 0.0663584 0.0274284 : 0.3
0.653326 0.619286 0.737612 -0.124844 -0.256638 -0.192264 0.490087 -0.0272237 -0.100452 : 0.5
0.529117 0.55384 0.770755 -1 -0.255104 -0.221363 -0.0997595 0.382004 -0.24179 : 0.3
0.560386 0.436827 0.896457 -0.860208 0.26698 -0.965612 -0.183109 0.539176 1 : 0.4
0.662993 0.351294 0.956707 -0.535344 -0.117349 -0.598931 0.173464 0.884542 0.142304 : 0.4
0.755252 0.380038 0.69873 -0.443625 0.453584 0.444499 0.0429277 0.0780953 -0.204125 : 0.4
0.742493 0.381579 1 -0.482406 -0.264989 0.0416858 0.455759 0.177505 1 : 0.6
0.60532 0.265921 0.873051 -0.414784 0.744245 -0.0531024 0.804514 0.205622 0.255404 : 0.5
0.575624 0.388215 0.743158 -0.448103 -0.464493 -0.173854 0.890738 -0.255187 0.0226818 : 0.3
0.958565 0.289059 0.956681 -0.172259 -0.235223 -0.128239 0.444902 0.306437 -0.542968 : 0.6
0.637849 0.374769 0.836981 0.189733 -0.195351 -0.476892 0.496377 -0.296328 -0.427614 : 0.5
0.664463 0.456581 0.755152 -0.394707 -0.111592 -0.333018 0.0539953 0.657967 -0.40599 : 0.2
0.739647 0.390122 0.86287 -0.826566 -0.603449 -0.506344 0.903521 0.451847 0.408808 : 0.4
0.595899 0.226563 0.777284 -0.225285 0.0173991 -1 0.241257 0.150817 0.333843 : 0.4
0.604075 0.243887 0.939362 -0.869186 -0.534459 -0.304214 0.710879 0.227398 0.0736879 : 0.4
0.706035 0.701333 0.785155 -0.782605 -0.28513 -0.121276 0.114659 0.22261 0.47227 : 0.3
0.613174 0.379808 0.72393 -0.274521 -0.407636 -0.269418 0.896619 -0.0930161 -0.348768 : 0.4
0.834944 0.457493 0.821361 -0.19381 -0.314581 0.284657 0.787309 -0.209132 0.140724 : 0.4
0.55587 0.35528 0.747603 -1 -0.197255 -0.466128 1 0.180326 0.158475 : 0.2
0.733845 0.360852 0.973715 0.0804659 -0.344442 -0.289841 0.318531 0.247985 -0.193938 : 0.2
0.673267 0.387227 0.955224 0.471493 -0.569991 -0.267763 1 -0.133414 1 : 0.5
1 0.393311 0.794153 -0.59267 -0.27066 0.268886 0.666933 1 -0.146608 : 0.7
0.581229 0.542655 0.761622 -0.774092 -0.343514 -0.504146 0.528615 0.0952717 -0.169605 : 0.2
0.751707 0.757918 0.858652 -0.0895086 -0.0856887 -0.221038 0.0623524 0.247263 -0.107785 : 0.6
0.677979 0.401053 0.813807 -0.0331184 0.0333152 -0.223932 0.314843 -0.983241 -0.525494 : 0.7
0.71188 0.31343 0.848563 -0.441956 -0.273543 -0.0177851 0.194735 0.0485286 0.107101 : 0.6
0.678681 0.557184 0.795194 -0.598628 -0.0736698 0.617131 0.205639 -0.176141 -0.91024 : 0.2
0.83405 0.358431 0.799819 -0.828666 -0.664025 -0.100599 1 -0.810372 0.195746 : 0.1
0.720742 0.481928 0.770934 -0.670035 -0.509385 0.14544 -0.0975111 0.483768 0.574874 : 0.2
0.571611 0.42009 0.875034 -0.659478 0.0594327 -0.493872 0.724014 0.373939 0.513747 : 0.4
0.768979 0.306624 0.936174 -0.31686 0.0285238 -0.536357 1 0.442944 0.19268 : 0.4
0.660422 0.475511 0.797355 -0.57294 -0.257931 -0.499749 0.339206 -0.61755 -0.572414 : 0.3
0.489736 0.606936 0.655707 -0.921047 0.308748 -0.563335 0.221202 0.392766 0.452143 : 0.4
0.550721 0.331359 0.81245 -0.666463 -0.44754 -0.25164 1 0.250174 0.491437 : 0.5
0.580843 0.463207 0.923623 -0.233884 -0.081023 -0.420239 0.839364 -0.343739 0.219538 : 0.6
0.509793 0.447067 0.841034 -0.832151 -0.122044 -0.503445 0.827776 0.480431 -0.17273 : 0.6
0.60454 0.394502 0.846904 -0.469114 -0.426656 -0.323258 -0.571182 0.433932 0.181025 : 0.5
0.789718 0.385835 0.72362 -0.0648911 -0.331813 -0.686705 0.0503425 -0.998987 0.424327 : 0.7
0.561719 0.429874 0.896466 -0.198752 -0.0480369 -0.461571 -0.00340115 0.509261 1 : 0.2
0.964488 0.63759 0.905708 -0.716891 -0.74875 -1 0.024324 0.631598 0.291524 : 0.6
0.611865 0.371499 0.722083 -0.0542711 -0.506627 -0.312128 0.209055 -0.62669 -0.404229 : 0.5
0.483234 0.357263 0.702113 -0.821023 -0.702918 -0.536357 0.946232 0.561233 -0.0680365 : 0.1
0.673452 0.231437 1 -0.53068 -0.293544 -0.109912 0.200542 0.213065 -0.0682315 : 0.4
0.548145 0.3679 0.834295 -0.377924 -0.470569 -0.476294 -0.0315238 0.224439 0.0200716 : 0.2
0.57248 0.335173 0.863663 -0.464751 0.692704 -0.717068 0.647309 0.498112 -0.506825 : 0.4
0.61365 0.281242 0.875035 -0.281459 0.215977 0.334579 0.194367 0.410664 -0.97941 : 0.7
0.704277 0.586879 0.893886 -0.277775 -0.282323 0.140908 -0.245646 0.675259 -0.618367 : 0.4
0.664692 0.392853 0.807839 -0.581465 -0.546092 -0.163432 1 -0.42499 1 : 0.2
0.585155 0.447612 0.831105 -0.00947657 -0.565722 -0.640998 0.872935 0.567581 0.103566 : 0.4
0.668254 0.344521 0.713115 -0.875265 -0.338686 -0.333197 -0.793512 0.759642 -0.0728888 : 0.3
0.556504 0.462013 1 -0.747856 -0.155502 -0.107466 0.742539 1 -0.341407 : 0.5
0.613488 0.762849 0.791663 -0.804621 0.153454 -0.325611 0.187524 0.70374 0.301462 : 0.7
0.575527 0.496355 0.87843 -0.690114 -0.464659 -0.141694 0.651113 -0.0162557 -0.177296 : 0.3
0.632306 0.359243 0.802025 -0.200056 -0.336207 0.138102 0.553897 -0.942522 0.539227 : 0.6
0.674942 0.410022 0.756132 -0.549506 -0.809099 -0.154382 1 -0.0937296 0.976248 : 0.1
0.715978 0.513267 0.72325 -1 -0.31648 -0.477505 0.192275 1 0.186559 : 0.6
0.584483 0.290308 0.779568 -0.985672 -0.669938 0.155649 0.490589 0.107396 0.678939 : 0.3
0.620734 0.470389 0.950856 -0.5482 0.03571 -0.517296 0.196854 0.63992 0.453096 : 0.2
0.593132 0.324279 0.839851 -0.504802 -0.566421 -0.496561 0.576671 0.524231 0.238776 : 0.6
0.670928 0.294829 0.745259 -0.883136 0.0512764 0.0426501 1 0.36616 1 : 0.3
0.7057 0.307937 0.927491 -0.749921 -0.231345 -0.643897 0.945684 0.204214 -0.255856 : 0.7
0.627492 0.676614 0.469929 -0.274259 -0.0875967 -0.295065 0.354586 0.141193 -0.218036 : 0.2
0.575353 0.434189 0.807368 0.124398 -0.0722204 -0.82641 -0.207482 0.261194 0.3005 : 0.4
0.637127 0.433621 0.844047 -0.000342548 -0.249686 -0.274331 -0.000203967 0.654893 1 : 0.4
0.621729 0.440613 0.720687 -1 -0.165205 -0.316753 0.411331 -0.518999 -0.0416041 : 0.3
0.674824 0.549757 0.803107 -0.695193 -0.0286497 -0.277165 0.512349 0.415804 0.944794 : 0.4
0.541633 0.399169 0.853334 0.302797 -0.229213 -0.180606 0.38505 0.404005 -1 : 0.6
0.600924 0.366789 0.872039 -0.624827 0.0408375 -0.663985 0.68394 0.197323 0.197224 : 0.4
0.591756 0.49804 0.949771 0.0382801 -0.243624 -0.44514 0.499325 0.414729 -0.605589 : 0.3
0.821981 0.324987 1 0.232787 -0.0425729 -0.635576 0.904454 -0.662594 0.836441 : 0.7
0.665515 0.470349 1 -0.589161 0.00666612 -0.461085 0.189001 0.341331 -0.00993595 : 0.4
0.541676 0.333723 0.852723 -0.801489 -0.136156 -0.28148 1 0.169859 0.360293 : 0.3
0.617858 0.383362 0.794021 -0.659428 -0.243195 -0.174259 0.194864 0.370997 0.0808265 : 0.2
0.744831 0.325154 0.975509 -0.877674 0.104225 -0.324704 -0.27396 -0.0661138 -0.234942 : 0.3
0.605613 0.56925 0.921023 -0.700283 -0.018151 -0.397743 -0.390118 -0.3128 -0.130804 : 0.5
0.913222 0.817571 0.866188 0.109497 -0.04605 -0.298848 0.330065 0.489831 -0.327197 : 0.6
0.716558 0.316331 1 -0.629913 -0.0304286 -0.136442 0.547581 0.219299 -0.140226 : 0.6
0.397318 0.314481 0.885777 -0.632178 -0.352144 0.101812 0.37471 0.414348 -0.35838 : 0.3
0.588807 0.553585 0.819862 -0.103706 0.863205 -0.42158 -0.230852 0.761045 0.280929 : 0.5
0.117899 0.39513 0.863516 -0.797903 -0.607272 0.146198 1 0.488983 -0.416379 : 0.4
0.685556 0.394271 0.78021 -0.828901 -0.576022 0.146223 0.909831 0.473958 0.370353 : 0.3
0.597448 0.396115 0.730324 -0.303985 -0.529249 -0.530823 -0.23969 0.276193 0.483975 : 0.2
0.599536 0.395538 0.710004 -0.657829 -0.547018 -0.0221896 0.813165 0.486637 0.18731 : 0.1
0.643776 0.597085 0.707821 -0.621618 0.0104676 0.168262 0.236257 0.430494 -0.288296 : 0.2
0.540822 0.529444 0.955156 -0.395027 -0.0347961 -0.346366 0.407203 0.466012 -0.773858 : 0.5
0.686586 0.327948 0.774359 -0.813615 -0.562305 0.027547 1 0.409251 0.9636 : 0.5
0.641514 0.368645 0.796216 -1 -0.0762734 -1 0.493055 0.843254 0.0185581 : 0.6
0.724431 0.471086 0.730923 -0.866825 -0.106928 0.119776 0.825308 0.599576 0.363779 : 0.5
0.442712 0.358462 0.813761 -0.66795 0.0370956 -0.193269 0.12164 0.44619 -0.379839 : 0.5
0.633669 0.306487 1 -1 -0.413763 -0.378027 0.916394 -0.602264 -0.30391 : 0.5
0.531103 0.533346 0.817928 -0.851719 -0.664111 -0.328156 0.567788 0.380703 0.117277 : 0.5
0.62786 0.379431 0.866009 -0.649927 -0.371048 0.370248 0.802019 0.422782 0.162774 : 0.5
0.566146 0.414546 0.81464 -0.43862 -0.091042 -0.324629 1 0.0409852 0.677337 : 0.5
0.593728 0.34882 0.896736 -0.982065 0.0253071 -0.50851 0.624241 0.0780467 -0.0477422 : 0.2
0.515027 0.385529 0.86675 0.0456619 -0.241801 -0.402628 1 -0.785854 0.923805 : 0.1
0.637543 0.331297 0.977316 -0.649317 -0.357835 -0.473698 0.484697 0.454799 -0.202966 : 0.3
0.643053 0.380472 0.732446 -0.751207 -0.246986 -0.337473 1 0.388572 0.553816 : 0.6
0.734321 0.359389 0.559 -0.612442 -0.23993 -0.349518 0.624784 -0.384237 0.297242 : 0.3
0.756088 0.631082 0.738919 -0.204417 0.00508727 -0.24427 0.384778 -0.344594 -0.528236 : 0.5
0.607921 0.39065 0.870791 -1 -0.630804 -0.40543 0.143867 1 1 : 0.5
0.631763 0.45378 0.726686 -0.176641 0.213289 0.180301 0.510337 0.345683 -1 : 0.1
0.599164 0.392145 0.681014 -0.365164 -0.14418 -0.358901 0.20502 0.416252 0.420643 : 0
0.739296 0.313701 0.762957 -0.859544 -0.237681 0.00223872 0.548675 0.32081 -0.328782 : 0.3
0.527512 0.384851 0.763631 -0.974528 -0.188264 -0.385424 0.278503 0.180972 -0.124187 : 0.4
0.805602 0.714712 0.773756 -0.89384 -0.476361 -0.453095 -1 0.300285 -0.211227 : 0.1
0.624438 0.26683 0.814904 -0.681183 -0.0581386 -0.422987 0.871953 0.283155 -0.729249 : 0.5
0.699359 0.340656 0.789754 -0.748205 0.682028 -0.811152 -0.00931288 0.0441698 0.651717 : 0.2
0.682097 0.408371 0.909868 -0.442216 0.360783 -0.297651 -0.0525743 0.278923 -0.00633907 : 0.2
0.662225 0.477999 0.701863 -0.966418 -0.178245 -0.233113 0.373742 0.594025 -0.136832 : 0.4
0.586417 0.497953 0.784173 -0.44744 -0.668419 -0.380704 0.877176 0.278467 0.115501 : 0.4
0.516385 0.346524 0.941089 -0.508601 -0.106507 -0.124326 0.717477 0.276844 -0.441585 : 0.5
0.572509 0.459464 0.746292 -0.791333 -0.563977 -0.149646 0.642512 0.263744 -0.123126 : 0.6
0.636302 0.38872 0.677043 -0.577752 -1 -0.622729 -0.59562 -0.104788 0.0247934 : 0.4
0.633417 0.420153 0.791729 -0.521 -0.112319 -0.0638842 0.305211 0.138102 0.093169 : 0.5
0.642553 0.613704 0.782542 -0.232623 -0.153735 -0.263518 0.25374 0.56146 -0.100843 : 0.3
0.714089 0.486917 0.836607 -0.022364 0.0200337 -0.137884 0.712957 0.334594 0.274209 : 0.5
0.568759 0.294936 0.790769 -0.886645 -0.632604 0.201813 -0.461606 0.321 0.0962019 : 0.6
0.57003 0.368547 1 -0.559401 -0.21175 -0.314529 0.0457611 0.735246 0.435973 : 0.5
0.450358 0.400393 0.785986 -0.619116 -0.310776 0.0388119 0.153183 1 -0.186343 : 0.4
0.584613 0.468112 0.766334 -0.833523 -0.575588 0.357366 -0.434381 0.739315 0.431091 : 0.1
0.712864 0.397288 0.756542 -0.900654 -0.723493 0.0290355 0.775559 0.247457 -0.915185 : 0.4
0.622732 0.491751 0.923436 -0.388772 0.448178 -0.246607 1 -0.734502 -0.397963 : 0.4
0.727907 0.2913 0.86425 -0.199674 0.580696 -0.394164 0.786283 0.111044 0.499926 : 0.6
0.607862 0.55405 0.591019 -0.975357 0.595846 -0.32685 0.65879 0.379604 -0.114977 : 0.8
0.463174 0.320517 0.853404 -0.457059 -0.222893 -0.675822 0.252577 -0.567597 0.223639 : 0.3
0.74917 0.281237 0.501479 -0.789124 -0.106477 -0.0803943 0.448362 0.0954015 0.535961 : 0.4
0.927319 0.39333 0.899835 0.0689632 -0.764192 -0.469512 0.164176 -0.707832 0.209515 : 0.4
0.604497 0.264386 0.908937 -0.196137 0.408972 -0.605173 0.199263 0.83668 -0.0917658 : 0.5
0.630265 0.52121 0.702915 -0.611333 -0.194076 -0.00856858 0.891064 0.161159 1 : 0.6
0.744887 0.494887 0.793451 -0.280663 -0.39565 -0.531155 0.384506 -0.408936 0.503598 : 0.4
0.705776 0.401898 1 -0.537977 -0.215063 -1 0.214358 -0.102934 -0.0340471 : 0.2
0.577435 0.389901 1 -0.603358 -0.323196 -0.551762 1 0.185103 0.0884466 : 0.6
0.572245 0.413111 0.749231 -0.312208 -0.473619 -0.922661 1 0.129957 -0.104674 : 0.3
0.688908 0.482639 0.868624 -0.856796 -0.113093 -0.130334 0.942297 -0.171017 -0.0794922 : 0.7
0.513283 0.17049 0.969454 0.19574 -0.283572 -0.144804 0.583998 -0.117429 0.760521 : 0.4
0.64858 0.731049 1 -0.365562 0.123585 -0.200053 0.317777 0.372618 0.0780799 : 0.3
0.699264 0.462734 0.929503 -0.637773 -0.0971313 -0.4727 -0.271456 0.399732 1 : 0.5
0.741572 0.588969 0.873182 -0.288703 -0.103196 -0.246261 0.282546 0.244853 0.0522146 : 0.3
0.637516 0.418672 0.931369 -0.730016 -0.114831 -0.052683 -0.323544 0.358418 -0.533164 : 0.5
0.842646 0.481989 0.804997 0.0678145 -0.380202 -0.440877 -0.144843 0.288701 -0.0251896 : 0.4
0.799874 0.394515 0.851252 -0.391216 0.440225 -0.359221 0.0816231 1 0.384764 : 0.5
0.69334 0.390785 0.880114 0.097812 -0.910806 -0.529855 0.178219 -0.134602 0.127582 : 0.4
0.568627 0.256163 0.767656 -0.709819 -0.0349703 -0.379534 0.845167 0.718018 0.282099 : 0.5
0.553414 0.514406 0.868854 -0.384361 -0.146248 -0.252921 0.109822 -0.469712 -0.163576 : 0.2
0.638139 0.437409 0.832354 -0.605466 -1 -0.232562 0.461056 -0.054547 0.642261 : 0.5
0.554815 0.337586 0.817702 -1 -0.314394 -0.60496 0.656119 -0.0625433 0.203831 : 0.3
0.624441 0.556087 0.998463 -0.727638 -0.0822508 -0.180528 0.807059 0.165974 0.310473 : 0.5
0.68468 0.296271 0.927245 -0.817947 -0.406964 -0.861945 0.196318 -0.704058 -0.431448 : 0.5
0.613572 0.554052 0.930894 -0.528363 0.0323416 -0.428016 0.552334 -0.0480942 0.130613 : 0.3
0.614919 0.369207 0.74823 -0.224727 -0.0489046 -0.373608 -0.966124 0.421151 -0.596559 : 0.2
0.588392 0.232491 0.773251 -0.28465 -0.119898 -0.24073 0.440189 -0.047543 -0.713345 : 0.2
0.565041 0.383173 0.851537 -0.356743 -0.217194 -0.510578 -0.568149 0.336508 -0.151921 : 0.7
0.633442 0.509121 0.878333 0.183332 -0.36008 0.0489283 0.0907193 0.158235 -0.118786 : 0.3
0.847573 0.388447 0.885075 0.160816 -0.288552 -0.148339 -0.0428228 0.412172 -0.871333 : 0.5
0.651918 0.382363 0.827131 0.0575366 -0.62203 -0.61597 0.299996 0.240698 -0.116253 : 0.5
1 0.360799 0.863852 -0.373166 -0.584636 -0.0974205 0.158985 0.354815 0.572616 : 0.3
0.674705 0.208482 0.729769 -0.782219 -0.143823 -0.455074 0.308109 0.405397 0.317042 : 0.4
0.61207 0.479588 0.910665 -0.520548 -0.425004 -0.627826 0.72013 0.36889 0.141278 : 0.4
0.451892 0.319671 0.821379 -0.700199 -0.594103 -0.387536 0.310698 1 0.459263 : 0.5
0.618723 0.408433 0.695071 -0.752753 0.285831 -0.106144 -0.0508946 0.0477806 0.677631 : 0.8
0.597381 0.418496 0.884906 -0.575986 -0.409154 -0.142175 0.296857 -0.0713526 0.303121 : 0.5
0.577801 0.410436 0.572835 -0.699372 -0.0700881 -0.343619 0.181068 0.819713 0.260644 : 0.6
0.621724 0.429434 0.852854 -0.705562 0.0775392 0.0802454 -0.101728 0.857488 -0.159709 : 0.5
0.74132 0.340028 0.901384 -0.487021 -0.0512187 -0.380661 -0.170033 0.317225 0.422633 : 0.1
0.594327 0.344157 0.95156 0.00422227 -0.429895 0.3922 0.543394 0.296526 0.710726 : 0.5
0.655725 0.409796 0.934021 -0.778003 -0.114777 -0.671051 0.692673 -0.072995 -0.0453471 : 0.6
0.820559 0.400911 0.997843 -1 -0.344537 0.273663 0.322927 -0.340602 0.831187 : 0.6
0.777462 0.395993 0.780436 -0.380239 0.372561 -0.162023 0.0695989 0.279365 0.841455 : 0.5
0.671058 0.374087 1 -0.632177 -0.391261 0.103251 0.434983 0.123471 -0.162363 : 0.5
0.820761 0.447225 0.933096 -0.107992 -0.235914 -0.534716 -0.0381627 1 0.553405 : 0.6
0.57035 0.384108 0.731115 -0.815943 -0.028443 -0.342109 0.357946 0.314404 -0.516795 : 0.5
0.821213 0.383544 0.772775 -0.506441 -0.783856 -0.601104 0.25688 0.694304 0.125747 : 0.3
0.544412 0.528465 0.840077 -0.887696 -0.762284 0.0940932 0.602489 0.654941 -0.0646498 : 0.7
0.635859 0.359445 0.528075 -0.597165 -0.310468 -0.102806 0.594545 0.346108 -1 : 0.1
0.710919 0.407939 0.565264 -0.624063 0.0914974 -0.458923 -0.0801915 1 0.406322 : 0.4
1 0.619008 0.586253 -0.959774 -0.612819 -0.566246 0.460349 -0.728766 0.114486 : 0.5
0.677579 0.398159 0.937129 -0.167324 -0.286744 0.266505 0.163215 0.104312 -0.342405 : 0.2
0.553695 0.663329 1 -0.357507 -0.434785 -0.505668 0.276991 0.333914 0.332785 : 0.2
0.441268 0.413974 0.606746 -0.818119 -0.401212 -0.362106 0.743291 0.372853 -1 : 0.5
0.522869 0.345206 0.819488 -0.242096 -0.0618785 0.0375096 -0.568906 -0.47018 0.455695 : 0.2
0.566411 0.313919 0.818602 -0.203326 -0.794449 -0.322491 0.923117 0.141259 0.414523 : 0.1
0.876244 0.39218 0.753085 -0.661407 -0.135749 0.0851008 0.817862 0.519526 0.831419 : 0.4
0.732209 0.512346 1 -0.905945 -0.332317 -0.407323 0.391586 0.26979 -0.40813 : 0.1
0.596159 0.379861 0.708028 -0.245629 -0.485475 -0.726337 0.721024 1 -0.312638 : 0.5
0.56704 0.470441 0.899073 -0.871241 -0.280989 0.0629547 0.0696405 0.519243 0.802217 : 0.1
0.555398 0.43952 0.825946 -0.615109 -0.907973 0.0903541 0.675208 0.567315 0.944166 : 0.1
0.584492 0.701086 0.705164 0.108525 -0.23572 -0.0768106 0.619856 0.539802 -0.711812 : 0.5
0.552786 0.581898 0.966293 -0.676695 -0.0821619 0.158976 0.137721 -0.00326774 -0.304356 : 0.5
0.594128 0.390407 0.80867 -0.32239 -0.415764 -0.35869 -0.163608 1 0.561682 : 0
0.659804 0.517078 0.852378 -0.527833 -0.266394 0.0616329 -0.0388478 -0.182848 -0.132101 : 0.3
0.529715 0.368899 0.770457 -0.387907 -0.317705 -0.100067 0.398766 0.0413653 -0.210478 : 0.4
0.42906 0.369794 0.708096 -0.618952 -0.58347 -0.162528 0.146827 -1 -0.0759634 : 0.3
0.482108 0.620069 0.707616 -0.664834 0.00865245 -0.391684 0.851188 0.364064 0.160796 : 0.3
0.599977 0.318009 0.741833 -0.270644 -0.0379712 -0.310916 0.191384 -0.615198 -0.546766 : 0.4
0.736792 0.554818 0.808863 -0.628771 0.128489 -0.16019 0.871356 0.677143 1 : 0.2
0.616495 0.434219 0.931054 -0.597274 -0.170961 -0.211885 0.531345 0.0913318 1 : 0.5
0.70638 0.297748 1 -1 -0.126055 -0.139128 0.536748 -0.501786 -0.0810217 : 0.4
0.555306 0.483236 0.833208 -0.742378 -0.22808 -0.194766 0.974802 -0.00737616 0.700013 : 0.6
0.573428 0.403774 0.949125 -0.180082 0.107804 -0.284225 0.38104 0.516417 -0.611287 : 0.3
0.555194 0.253716 0.851643 -0.653721 -0.20596 -0.647938 0.421971 0.404409 -1 : 0.4
0.723885 0.47562 0.790268 -0.472271 0.10917 0.0860554 0.00600701 0.340984 -1 : 0.6
0.538467 0.334402 0.786904 -0.144289 -0.462908 -0.225256 -0.612217 0.0224079 0.526894 : 0.6
0.527341 0.546825 0.738991 -0.216901 -0.158851 -0.622634 0.533663 0.127606 0.817179 : 0.2
0.626253 0.372723 0.744552 -0.311201 -0.242152 0.0190655 0.0282215 0.208195 -0.642186 : 0.6
0.582361 0.595252 0.847029 -0.532883 -0.293355 -0.50005 0.468387 0.874269 -0.133888 : 0.3
0.597713 0.028594 0.819337 -0.100619 -0.253435 -0.046382 0.734587 0.498993 0.04749 : 0.3
0.570067 0.519151 0.815447 -0.412624 -0.715054 -0.0507461 0.703956 0.144102 -0.225112 : 0.6
0.6095 0.646496 0.86377 -0.529226 -0.470475 -0.26449 0.825628 -0.20202 -0.894504 : 0.7
0.667331 0.452611 1 -0.488061 -0.214081 0.494818 0.467501 -0.272493 -0.584328 : 0.5
0.709519 0.578566 0.721081 -0.319339 -0.357167 -0.462767 0.5534 0.247465 -0.0557897 : 0.3
0.49617 0.403388 0.775219 -0.59545 -0.243563 0.0330709 0.531405 -0.977289 0.103721 : 0.1
0.631669 0.354702 0.782447 -0.400399 -0.0234899 -0.0632345 0.17978 0.701098 -0.0717768 : 0.7
0.803009 0.202197 0.855543 -0.376887 -1 -0.266868 0.4078 0.205063 0.080396 : 0.3
0.723757 0.327436 0.720847 -0.672671 -0.103179 -0.347586 0.695798 -0.116589 0.173449 : 0.4
0.520112 0.574447 0.707877 -1 -0.227686 -1 0.380827 0.544143 -0.0921725 : 0.5
0.500981 0.397667 0.796686 0.262161 -0.592831 -0.552845 -0.0831789 0.570699 0.00319564 : 0.5
0.715407 0.436204 0.767474 -0.751771 0.370937 -0.298228 -0.101096 0.65603 0.557881 : 0.5
0.764663 0.394764 0.696482 -0.267474 0.0769692 0.346157 1 0.41641 1 : 0.4
0.545521 0.579 0.890542 -0.820465 -0.195111 -0.315064 -0.566005 0.266117 0.362117 : 0.4
0.564094 0.346765 0.725489 -0.633366 -0.54954 -0.380403 0.152879 0.401468 -0.245896 : 0.5
0.661265 0.374982 0.883408 -0.635713 -0.0576498 0.21019 0.184864 -0.180274 -0.072955 : 0.5
0.631849 0.494975 0.736796 -1 -0.0791179 0.289393 0.782407 0.319398 0.304834 : 0.6
0.621531 0.409781 0.800392 -0.505369 -0.504895 -0.244142 -0.210958 0.329892 0.936966 : 0.5
0.632675 0.288406 0.80277 -0.360912 0.0411299 0.585455 0.392325 0.3384 -0.264096 : 0.3
0.732175 0.345177 0.859718 -0.848307 -0.872309 0.0573803 0.58475 0.0302075 0.112828 : 0.3
0.606825 0.431124 0.888591 -0.506755 -0.215194 -0.265066 -0.398505 0.270881 0.160216 : 0.2
0.911547 0.500914 1 -1 -0.389773 -0.105751 0.388509 -0.975332 0.434143 : 0.3
0.785184 0.386307 0.749485 -0.926288 0.61934 -0.454687 -0.627807 0.318907 0.229549 : 0.6
0.564579 0.371541 0.848811 -0.723412 -0.0318672 -0.467792 0.230851 -0.322991 -0.00209403 : 0
0.597567 0.384465 0.815857 -0.370891 -0.047359 0.435945 0.506347 0.317333 -0.1939 : 0.1
0.409551 0.332634 0.728689 -0.204103 0.0749249 -0.449883 0.245676 1 0.199453 : 0.4
0.681912 0.258823 0.872669 -0.667971 -0.0142098 -0.0302078 0.140416 0.45658 0.235381 : 0.6
0.644048 0.449481 0.924198 -0.589341 -0.187537 -0.278049 0.65941 0.482142 -0.730732 : 0.3
0.501227 0.283876 0.77169 -0.211723 -0.772144 -0.800477 0.8553 0.238244 0.142119 : 0.6
0.653604 0.280507 0.857288 -0.7381 -0.190268 -0.266768 0.509576 0.281329 -0.0580705 : 0.5
0.578185 0.323226 0.923571 -0.334445 -0.47627 -0.303897 0.631902 0.869063 -0.508467 : 0.5
0.604589 0.520483 0.822826 -0.981085 0.313083 -0.524093 -0.192023 0.394567 0.789596 : 0.5
0.490042 0.421752 0.807844 -0.647278 7.64132e-05 -0.140624 0.259389 0.147886 0.0324907 : 0.2
0.688951 0.39129 0.754131 -0.686893 -0.207168 5.72205e-06 0.0654309 1 -0.206987 : 0.6
0.77989 0.546389 0.69802 0.21889 -0.177634 -0.671489 0.610722 0.599266 0.574259 : 0.2
0.524119 0.393067 0.899065 -0.729653 0.00923032 -0.870026 0.346752 0.728779 -0.190255 : 0.6
0.618727 0.590335 0.839746 -0.755458 0.0589731 -0.690545 0.485887 -0.242037 0.0287721 : 0.5
0.53661 0.423814 0.940951 -0.748622 -0.252802 -0.263321 0.724035 1 -1 : 0.5
0.570565 0.588213 0.699546 -0.28445 -0.917233 -0.0716211 0.293578 0.0366226 -0.659022 : 0.3
0.93999 0.412398 0.706971 -0.686293 -0.355313 -0.902442 0.364534 1 0.120095 : 0
0.580896 0.482934 0.720505 -1 -0.668965 -0.330978 0.182944 1 0.121408 : 0.3
0.741438 0.226676 0.721673 -0.556187 -0.0323216 -0.344703 0.514564 1 -0.0266411 : 0.3
0.539437 0.428576 0.935035 0.102637 -0.100262 -0.35515 0.626886 0.339939 -0.911049 : 0.7
0.308338 0.235641 0.960875 -0.627145 -0.192159 -0.213317 0.496086 -0.0761327 -0.115279 : 0.2
0.472742 0.387769 0.665049 -0.841117 -0.526236 0.246574 0.330318 0.463535 0.24814 : 0
0.666319 0.295714 0.790858 -0.730987 0.00254415 -0.272419 0.212489 0.118418 0.488841 : 0.4
0.55107 0.57274 0.786155 0.0607486 -0.714704 -0.104557 -0.313863 -0.669336 0.602644 : 0.7
0.578915 0.36144 0.793098 -0.817145 -0.231238 -0.0300665 0.0187317 -0.43449 0.19914 : 0.5
0.5658 0.480754 0.920488 -0.853857 -0.226294 -0.220345 0.107659 -0.194775 1 : 0.3
0.604677 0.629432 0.728346 -0.309534 -0.334006 -0.173998 0.677953 0.135493 0.225753 : 0.3
0.675542 0.473894 0.791413 -0.708518 -0.226746 0.0950162 1 0.508236 0.283715 : 0.3
0.714819 0.572951 0.851105 -0.190615 -0.116704 -0.327407 -0.131061 0.248937 0.110126 : 0.6
0.579069 0.523631 0.907811 -0.879336 -0.21902 -0.444161 -0.52143 -0.0797942 0.559834 : 0.4
0.674234 0.508894 0.890539 -0.314095 -0.277769 -0.110922 0.434064 -0.481411 1 : 0.4
0.521018 0.365623 0.858046 -0.714705 -0.125362 -0.6112 0.467543 -0.192875 -0.316554 : 0.3
0.766481 0.435069 0.866705 -0.116332 -0.0222245 -1 -0.237473 0.0145728 -0.0167969 : 0.6
0.567436 0.438966 0.926837 -0.324742 -0.709485 -0.168456 0.0995602 -0.128418 0.266708 : 0.4
0.578561 0.341932 0.824025 -0.105381 -0.253487 -0.364201 0.498608 -0.115624 -0.0530339 : 0.4
0.485377 0.382864 0.641008 -0.506233 -0.0299534 -0.217207 0.82631 0.521004 1 : 0.6
0.764222 0.459117 0.899974 -0.338415 -0.101059 0.221914 0.283796 1 -0.269189 : 0.3
0.530733 0.443641 0.815818 -0.161165 -0.509833 -0.574124 0.737199 0.834231 -0.188494 : 0.4
0.557005 0.450932 0.805156 -0.633385 -0.336803 0.0450564 0.67196 0.0711179 -0.125726 : 0.5
0.723438 0.346529 0.841725 -0.853808 -0.356934 0.0696814 -0.288051 0.525386 0.292024 : 0.3
0.639476 0.354143 0.780329 -0.930224 -0.292908 0.0349652 0.701463 0.862313 -0.0871737 : 0.4
0.619073 0.47042 0.736955 -1 -0.0161137 -0.0197275 -0.365157 -1 0.625584 : 0.2
0.681568 0.883738 0.813239 -0.417768 -0.141217 0.0212051 0.507361 0.157006 0.125126 : 0.2
0.599428 0.370726 0.806913 -0.476175 -0.314778 0.267742 0.84084 1 -0.996097 : 0.5
0.542574 0.365901 0.916589 -0.572751 0.716641 0.0415317 0.795983 0.18353 0.0881234 : 0.7
0.655702 0.385751 0.808762 -0.791358 -0.253182 -0.0678248 1 0.347845 1 : 0.5
0.582225 0.27243 0.823207 -0.00776541 -0.281456 -0.604378 0.169335 0.355053 -0.25056 : 0.2
0.64544 0.367479 1 -0.533626 -0.262495 -0.818064 0.18936 0.192017 -0.120721 : 0.4
0.582572 0.472681 0.852226 -0.608671 -0.3907 -0.366796 0.00245675 0.452125 0.626404 : 0.2
0.623481 0.413662 0.900989 -0.434554 -0.939901 -0.49504 0.523091 -0.889406 0.712142 : 0.5
0.636881 0.329505 0.79113 -0.217615 -0.287319 -0.26565 0.807551 0.398461 -0.377263 : 0.1
0.560023 0.612617 0.659318 -0.351112 -0.62001 0.367966 0.929729 1 0.124159 : 0.4
0.643204 0.380344 0.812379 -0.848505 -0.133861 -0.360877 0.605476 -0.371818 -0.159775 : 0.5
0.551198 0.372212 0.870165 -0.595282 -0.0804804 0.436603 0.455794 -0.135686 -0.0518043 : 0.2
0.442334 0.543712 0.949069 -0.23835 -0.186421 0.168384 0.396799 0.270311 0.0901756 : 0.2
0.535602 0.578466 0.836081 0.155254 -0.247473 -0.564824 0.284829 0.671046 0.631921 : 0.4
0.49531 0.564836 0.911929 -1 -0.484799 -0.527853 0.40664 0.178863 0.00466502 : 0.6
0.666715 0.487862 0.888924 -0.433523 -0.278615 -0.243984 0.00365223 -0.151684 -0.919028 : 0.3
0.52511 0.443968 0.812207 -0.236738 -0.393478 -0.411405 0.398992 0.240077 -0.364981 : 0.6
0.438276 0.356492 0.747764 -0.670277 -0.375322 0.176008 0.348404 -1 0.403573 : 0.5
0.726968 0.31674 0.976252 -0.13619 -0.161222 -0.479427 0.608994 0.410357 0.269381 : 0.2
0.514868 0.343548 0.798051 -0.836811 -0.837042 0.00480157 -0.57211 0.282061 0.280296 : 0.2
0.793954 0.483445 0.727831 -0.855416 -0.341619 0.396051 0.701189 0.281483 -0.169688 : 0.5
0.594244 0.443982 0.865419 -1 -0.617684 -0.417434 0.445499 0.943816 -0.428377 : 0.4
0.603204 0.309953 0.770221 -0.268821 -0.569081 0.127716 -0.081905 0.0568102 0.185944 : 0.6
0.656246 0.459248 0.813793 -0.762258 -0.273003 0.20021 0.0613751 -0.878661 -0.140603 : 0.5
0.607338 0.410755 0.851266 -0.705628 0.149848 0.0868061 -0.0874258 0.855872 -0.00200632 : 0.7
0.26746 0.389813 0.760959 -0.846404 -0.321699 -0.194926 0.0311665 -1 -0.33755 : 0.5
0.566981 0.466095 0.929252 -0.621181 0.507712 -0.420286 0.174638 0.557394 -0.0808544 : 0.1
0.536893 0.322443 0.815525 -0.768393 -0.160933 0.0880899 -1 0.360523 0.263784 : 0.6
0.45495 0.36598 0.936271 -0.6777 -0.130473 -0.929025 0.138876 -0.459631 -0.0985077 : 0.4
0.593815 0.341909 0.799706 -0.54312 -0.221808 -0.0519245 -0.388625 0.0463005 0.63984 : 0.4
0.675168 0.34821 0.851542 -0.949589 0.123664 0.263493 0.6038 0.457094 0.30297 : 0.5
0.689362 0.205858 0.719951 -0.428657 -0.345287 -0.217865 0.242124 1 0.504388 : 0.5
0.78391 0.453982 0.969987 -0.760881 0.0359332 0.328602 0.138378 -0.0525647 0.476336 : 0.6
0.647326 0.382519 0.696156 -0.628657 -0.398311 -0.689958 -0.0280205 -0.019883 -0.307478 : 0.3
0.619301 0.23077 0.84109 -0.493024 0.854364 -0.852225 1 0.231807 0.764167 : 0.6
0.637721 0.474834 0.722087 -1 -0.12234 -0.600074 0.290587 0.59453 0.297284 : 0.4
0.605845 0.366877 0.826816 -0.938886 -0.629804 -0.0627764 0.612757 0.553725 0.527506 : 0.6
0.701104 0.267413 0.881768 -0.61412 0.176965 -0.130275 0.245396 0.192318 0.040236 : 0.6
0.602905 0.2583 0.958942 -1 -0.26128 -0.32706 0.848166 0.834403 0.538705 : 0.3
0.902918 0.472121 0.984315 -0.372728 -0.242346 0.0698502 0.268248 0.581189 -0.979827 : 0.7
0.698307 0.417131 0.927598 -0.594527 -0.640511 -1 -0.0372879 -0.452404 0.491384 : 0.5
0.878213 0.479505 0.771281 -0.35228 -0.273253 0.121269 0.0338757 0.319615 -0.739036 : 0.4
0.586636 0.447146 0.957282 -0.198323 -0.221638 -0.465739 0.0220299 0.432686 0.456722 : 0.3
0.624784 0.417663 0.848795 -1 -0.432186 0.0200871 0.59606 0.464524 -1 : 0.5
0.709742 0.338414 1 -1 -0.165308 -0.332572 0.494145 0.609081 -0.173139 : 0.1
0.535955 0.2675 0.817499 -0.769036 0.12056 -0.781823 0.177834 0.263106 1 : 0.5
0.585598 0.423711 0.811811 -0.970915 -0.981339 -0.505416 0.707149 0.0342204 0.658532 : 0.5
0.663418 0.311593 0.9733 -0.746121 -0.228893 -0.0777607 0.4481 0.375158 -0.259906 : 0.2
0.740114 0.289169 0.836691 -0.0810024 0.040516 -0.134233 0.260505 -0.162472 0.628476 : 0.4
0.781227 0.379879 0.777795 -0.321772 -0.604125 0.144185 -0.161669 0.380744 0.188649 : 0
0.883329 0.401372 0.719519 -0.664254 -0.278663 -0.0579114 0.644231 0.151519 0.557829 : 0.6
0.710902 0.55997 0.968973 -0.689238 -0.154576 -0.0228614 -0.546628 0.167733 -0.287184 : 0.5
0.577242 0.424967 0.722994 -0.789724 -0.570385 -0.51229 0.735893 0.267313 0.153747 : 0.5
0.672725 0.374491 0.92896 -0.721508 -0.183449 0.241607 0.905493 0.633794 -0.655495 : 0.4
0.641158 0.469761 0.872116 -1 -0.333796 -0.0966802 0.471101 0.35781 -0.0246614 : 0.5
0.582903 0.522355 0.970327 -0.510093 0.265616 -0.23727 0.790186 0.00366618 -0.218118 : 0.8
0.638295 0.680852 0.761979 0.0428109 0.0797164 -0.282132 0.619516 0.574684 0.644748 : 0.4
0.614184 0.441101 0.714126 -0.504249 0.00315982 0.206839 0.0893679 -1 -1 : 0.4
0.582174 0.454376 0.693177 -1 -0.00575471 -0.376784 -0.00798562 0.700693 0.674514 : 0.5
0.787201 0.31662 0.732895 -0.313981 0.218367 -0.389843 -0.0378356 0.157902 -0.20888 : 0.5
0.538691 0.392164 0.795208 -0.865655 -0.844554 -0.646725 -0.401096 0.283017 0.509885 : 0.3
0.627355 0.376285 0.887807 0.663881 -0.10366 -0.951346 0.199634 0.211001 0.0867045 : 0.4
0.731116 0.37997 0.959881 -0.544396 0.102313 -0.231577 0.248463 0.536011 0.271661 : 0.1
0.771859 0.188843 0.961131 -0.822462 -0.331696 -0.142729 0.509038 0.177506 0.264754 : 0.6
0.652681 0.804649 0.687232 -0.012676 -0.201659 0.0224044 0.542877 -0.0704364 0.207251 : 0.1
0.472347 0.52896 0.878258 -0.888235 -0.721953 -0.631228 0.571724 0.147114 -0.250886 : 0.4
0.628264 0.378488 0.945884 -0.0340035 1 0.324571 0.877841 -0.588886 -0.101858 : 0.5
0.64283 0.358366 0.90123 -0.254409 -0.173136 -0.0525489 1 0.546689 0.289332 : 0.9
0.499324 0.512998 0.849154 0.192503 -0.847239 -0.0155782 0.709629 0.854521 0.0389357 : 0.1
0.585887 0.436839 0.627155 -0.581797 0.159763 -0.207773 0.761554 0.286174 1 : 0.6
0.438873 0.318203 0.781808 -0.355026 0.0243584 -0.4215 0.195061 1 0.245404 : 0.2
0.582449 0.687947 0.700805 -0.15003 0.164641 -0.144261 0.305796 0.10302 -0.105126 : 0.7
0.572025 0.350978 0.855409 -1 -0.157004 -0.217428 0.924507 0.267529 0.571626 : 0.5
0.616793 0.0795538 0.405139 -0.670849 0.11016 -0.305997 0.270661 0.711548 0.544792 : 0
1 0.154374 0.950361 -0.721745 -0.627267 -0.0902554 0.410361 -0.719247 -0.319675 : 0.3
0.607205 0.580991 0.802085 -0.891634 -0.123444 -0.157197 0.606887 0.0226493 -0.264321 : 0.4
0.479674 0.400059 0.769144 -0.612712 -0.27355 0.102686 0.994989 0.334968 0.574931 : 0.4
0.62484 0.433417 0.826794 -0.0640098 -0.15898 -0.0160292 -0.342899 0.0546371 -1 : 0.5
0.445312 0.350127 0.784901 -0.562212 -0.706703 -0.170139 1 0.60301 0.564485 : 0.2
0.57462 0.338268 0.895752 -0.183942 -0.370892 -0.21799 -0.248241 -0.986858 -0.50099 : 0.5
0.76467 0.524357 0.739774 -0.445891 -0.257143 0.0842321 0.694673 0.808037 -0.170186 : 0.3
0.582748 0.428009 0.832031 -0.659549 -0.211552 -0.149482 0.146841 0.691325 1 : 0.3
0.701043 0.372071 0.805235 -0.206616 -0.144107 -0.555216 -0.920595 0.953726 -0.0543988 : 0.7
0.64321 0.457155 0.897849 0.235939 -0.142283 -0.816059 0.227919 0.0946746 -0.135949 : 0.3
0.704594 0.386463 0.97433 -0.457732 -0.594 0.0557521 0.11522 0.20756 0.195538 : 0.5
0.638945 0.1462 0.809034 -0.476349 0.96992 -1 0.603065 0.13384 1 : 0.5
0.176586 0.374647 0.637228 -0.218663 -0.344419 -0.350385 0.0763451 1 -0.157233 : 0.1
0.542843 0.323987 0.894747 -1 -0.714558 0.0509123 0.477281 0.45899 -0.560638 : 0.6
0.714664 0.419285 0.825208 -0.166718 -0.171194 -0.17112 -0.32739 0.402749 0.255437 : 0.3
0.622084 0.492604 0.772997 -0.816705 -0.13188 -0.177748 0.836207 1 -0.0116615 : 0.3
0.69863 0.45977 0.966719 -0.555053 0.122786 -0.0610216 0.908014 0.149851 0.0106554 : 0
0.588172 0.394294 0.786784 -0.662299 -0.614481 0.110054 0.991869 0.267731 0.463641 : 0.5
0.549974 0.439006 0.86764 -0.258511 0.0981753 -0.695881 0.303388 0.633728 -0.523548 : 0.4
0.566998 0.286786 0.903179 -0.584589 -0.344029 -0.204359 0.0144423 0.370975 0.524932 : 0.6
0.567125 0.473312 0.864799 -0.540255 0.115617 -1 -0.683 0.371584 -0.0663492 : 0.2
0.844243 0.335832 0.871478 -0.306251 0.113397 0.341207 0.281354 0.372532 0.476262 : 0.5
0.770773 0.537138 0.769077 -0.392982 -0.265952 0.208079 0.0993403 0.0549694 -0.875887 : 0.4
0.713377 0.345179 0.784148 -0.729217 -0.426101 -0.0636955 0.455272 -0.681418 0.108409 : 0.5
0.673718 0.195956 0.892501 -0.816372 -0.207718 -0.14935 0.938082 0.505654 0.285638 : 0.7
0.69778 0.452617 0.867483 -0.578161 0.33205 -0.388067 0.0815617 0.482723 1 : 0.2
0.465024 0.416231 0.759187 -0.750275 -0.233862 -0.481696 0.462677 0.330897 0.502503 : 0.8
0.815253 0.375526 0.869991 -0.50293 -0.312485 -0.155237 0.866586 -0.0625163 -0.211679 : 0.5
0.47988 0.310248 0.820553 -0.0984002 -0.298368 -0.28241 0.487139 0.305003 0.322099 : 0.6
0.82198 0.447751 0.924324 -0.255469 -0.105658 0.0493256 1 0.549161 -0.793484 : 0.5
0.619074 0.480333 0.810602 -0.452538 -0.257014 0.238027 0.854176 -1 0.897974 : 0.7
0.631894 0.346203 0.771447 0.0874317 -0.0553957 -0.324778 0.128036 -0.755503 -0.0152589 : 0.5
0.526791 0.56784 0.769003 -0.724135 -1 -0.331879 0.218448 0.634746 0.6202 : 0.5
0.630774 0.192669 0.818089 -0.500256 -0.18936 -0.0577655 0.674707 1 1 : 0.4
0.511746 0.298532 0.853542 -0.751832 -0.151755 -0.147441 -0.880252 0.33853 -1 : 0.4
0.711209 0.283904 1 -0.134156 -0.198452 -0.338844 0.409289 -0.764191 0.0157717 : 0.5
0.578022 0.424194 0.775928 -0.969794 -0.22485 -0.186368 0.462618 0.49513 -0.133644 : 0.4
0.897801 0.562172 0.709882 -0.0952897 0.281175 -0.406233 0.0122315 -0.237303 0.15031 : 0.4
0.770606 0.389746 0.934609 -0.523084 -0.233573 -0.247889 0.0583505 0.127587 1 : 0.4
0.465204 0.392925 0.887494 -0.200528 -0.166052 -0.490773 0.0388567 0.428017 -0.599041 : 0.2
0.704076 0.426362 0.832902 -0.100194 -0.418309 -0.658302 1 0.0136044 1 : 0.4
0.673065 0.407102 0.99138 -0.593069 -0.133874 -0.286304 0.192087 1 0.023866 : 0.4
0.568065 0.478613 0.760582 -0.257236 -0.502357 -0.0464696 1 0.254743 0.636391 : 0.7
0.629379 0.0460088 0.642813 -0.507556 -0.315305 -0.817255 0.511346 0.659691 0.391349 : 0.6
0.76741 0.361778 0.900712 -0.590457 -0.177768 -0.0617333 0.429375 0.0971057 -0.0929075 : 0.2
0.88654 0.466403 0.74523 -0.962681 -0.120209 0.125034 0.369302 -0.331697 0.755284 : 0.6
0.569577 0.405152 1 -0.743163 -0.11506 -0.541663 -0.00422746 -0.0790946 0.0981655 : 0.4
0.626282 0.666427 1 -0.51077 -0.187382 -0.28309 0.364301 0.408083 -0.590746 : 0.4
0.685561 0.418968 0.820536 0.128383 -0.694207 0.223009 1 0.374476 0.920627 : 0.5
0.869999 0.404988 0.992247 -0.150259 -0.579248 -0.405045 0.548221 -0.619133 -0.531025 : 0.6
0.543881 0.0871311 0.96854 -0.570784 -0.341782 0.236549 -0.368809 0.171455 0.577065 : 0.3
0.571519 0.205825 0.656174 -0.633818 -0.169115 -0.308507 0.473698 0.358874 0.21042 : 0.3
0.587548 0.500395 0.983735 -0.0952343 0.187133 -0.358795 0.12699 -0.786194 0.224256 : 0.5
0.594534 0.245447 0.785241 -1 -0.354356 0.0251605 0.242971 1 -0.460773 : 0.6
0.726178 0.165853 0.863656 -0.852253 -0.546877 -0.357508 0.0805577 0.699279 0.308506 : 0.4
0.705114 0.568057 0.784797 -0.888302 -0.0485256 -0.10005 -0.34626 0.333368 -0.226269 : 0.5
0.544793 0.385392 0.968579 -0.844394 0.130863 -0.361083 0.20073 0.117827 0.140026 : 0.5
0.472791 0.355788 0.916302 -0.363935 -0.288487 -0.518458 1 0.82863 0.638065 : 0.7
0.722794 0.332995 0.915545 -0.513601 -0.309672 -0.25831 0.0138005 0.299957 -0.906157 : 0.7
0.761222 0.379629 0.768441 -0.244658 -0.18306 -0.471552 0.025426 0.248509 -0.0855227 : 0.1
0.619713 0.466822 0.878035 -0.150139 -0.538399 -0.529859 0.0200689 0.980286 0.106973 : 0.2
0.530053 0.396903 0.896777 -0.18343 -0.911375 -0.337347 0.065354 1 0.553865 : 0
0.5639 0.314245 0.889269 -0.848046 -0.37233 -0.768637 0.695308 0.311209 0.139204 : 0.7
0.857934 0.527159 0.88786 -0.253557 -0.315693 0.074765 0.302877 -0.0355814 0.0306438 : 0.6
0.646958 0.156468 0.866619 -0.603805 0.213804 -0.800434 0.569333 0.420629 0.852985 : 0.4
0.575462 0.439969 0.977672 0.282469 -0.54559 -0.606565 0.590043 0.109112 0.103451 : 0.6
0.477187 0.240562 0.723731 -0.360967 -0.0535285 -0.517496 0.222401 0.256103 -0.167728 : 0.4
0.712279 0.273631 0.950038 -0.598303 -0.0647573 -0.364001 0.174724 0.226517 -0.0272697 : 0.4
0.639204 0.455656 0.778715 -0.228177 -0.289735 -0.364828 -0.132382 -0.0786089 -0.655155 : 0.1
0.573573 0.348446 0.639205 -0.505591 0.00241356 0.471311 -0.0218903 0.617707 0.0264437 : 0.3
0.769561 0.350484 0.97655 -0.821614 -0.387056 -0.32216 0.139101 0.429724 0.118545 : 0.4
0.653309 0.342046 0.819314 -0.906326 -0.0542589 -0.0576089 0.328368 0.119373 0.904045 : 0.6
0.58135 0.397877 0.836613 -0.425102 -0.236692 -0.638396 -0.0836946 0.0263504 0.279898 : 0.4
0.637966 0.20007 0.794932 -0.460221 -0.271563 -0.551101 0.542533 -0.227839 0.920802 : 0.4
0.634285 0.463087 0.874608 -0.548704 -0.0138862 -0.428875 0.522861 0.124822 -0.0473549 : 0.6
0.672847 0.415062 0.704239 -0.616487 -0.424721 -0.0828002 -0.109754 0.303126 0.10095 : 0.4
0.492688 0.179993 0.640163 -0.647966 -0.350016 -0.295347 0.486409 0.590573 -0.58278 : 0.7
0.657478 0.438909 0.940065 -1 -0.822981 -0.301497 0.97452 -0.0939405 0.24372 : 0.3
0.589216 0.44002 0.771759 -0.667101 -0.527374 -0.73569 0.476842 0.107336 0.973042 : 0.6
0.667101 0.370058 0.983892 0.569392 -0.325033 -0.208709 0.128493 -0.25154 0.821303 : 0.6
0.660894 0.382887 0.860435 -0.709676 -0.556119 -0.813175 0.361003 0.900009 0.358542 : 0.2
0.63361 0.6003 0.783742 -0.607933 -0.255147 0.151587 0.637581 -1 0.374633 : 0.6
0.647205 0.347706 0.965985 -0.637768 -0.305668 -0.304483 0.53377 -0.635273 -0.174832 : 0.3
0.562028 0.532615 0.877945 -0.88937 -0.189043 -0.46658 0.200219 0.271677 0.228605 : 0.5
0.60835 0.437498 0.788924 -0.154067 -0.150603 -0.292443 1 0.605627 -0.971224 : 0.6
0.588762 0.340149 0.775799 -0.211958 -0.526442 -0.208594 0.647558 0.347422 0.943251 : 0.6
0.579164 0.394656 0.864333 -0.316978 0.101751 -0.313473 0.175198 0.0672813 0.665566 : 0.6
0.590621 0.48164 0.876444 -0.510217 -0.265722 -0.212627 -0.181041 -0.181767 -0.681498 : 0.3
0.639469 0.236183 0.853249 -0.431306 -0.387087 -0.0946289 0.491087 0.12992 1 : 0.7
0.564765 0.323907 1 -0.583995 -0.268624 0.0272555 0.296039 -0.106725 0.395965 : 0.4
0.695825 0.424127 0.8005 -0.747069 -0.00646952 0.140775 0.835304 -0.0461614 -0.157193 : 0.3
0.496014 0.60252 1 -1 -0.391306 -0.185489 0.264078 0.0219162 0.419859 : 0.3
0.655385 0.366883 1 -0.203618 0.415036 -0.274022 -0.0707581 0.22169 0.0643196 : 0.2
0.670116 0.403818 0.744822 0.0101914 -0.26316 -0.0813769 -0.230522 0.345709 0.783256 : 0.5
0.652264 0.338745 0.879164 -0.650127 -0.275589 -0.600389 -0.424575 0.240911 0.0218987 : 0.6
0.521452 0.368243 0.817309 -0.785982 -0.435203 -0.477171 0.667807 0.34666 -0.296475 : 0.3
0.555898 0.473989 0.782437 -0.788777 -0.119163 -0.14816 0.823313 -0.173343 -0.118275 : 0.5
0.77666 0.394024 0.866699 0.107737 0.357834 -0.58833 0.246467 -0.142392 0.568696 : 0.4
0.569846 0.590817 0.903529 -0.315078 -0.618617 -0.41228 0.251606 0.710378 -0.740897 : 0.5
0.494814 0.396948 0.694469 -0.687022 -0.667398 -0.37554 -0.0280326 0.707781 0.64175 : 0.2
0.549154 0.351434 0.87504 -0.203812 -0.121257 -0.573378 0.493263 0.186316 0.531252 : 0.4
0.664645 0.457875 1 -0.626758 -0.138514 0.246457 0.835776 1 -0.189009 : 0.5
0.620105 0.45633 0.784198 -0.559818 -1 -0.0762204 -0.695225 0.0549967 0.915828 : 0.5
0.620086 0.348467 0.977011 -0.458437 -0.908249 -0.356828 0.558722 -0.87075 0.0797526 : 0.3
0.589215 0.455642 0.793623 -0.00496799 -0.151102 -0.484052 -0.39561 0.751745 -0.177967 : 0.6
0.621984 0.339498 0.549302 -0.913442 -0.455873 0.064967 0.441475 0.436259 -1 : 0.4
0.669122 0.714293 0.837409 -0.216892 0.0451855 -0.535471 0.915505 0.102614 -0.471272 : 0.4
0.557374 0.344329 0.931791 -0.201814 -0.197575 -0.405802 0.465663 -1 -0.441033 : 0.2
0.61688 0.408991 0.706329 -0.209157 -0.371462 -0.210352 0.45582 0.23071 -0.219017 : 0.1
0.502913 0.455016 0.989116 -0.395581 -0.235608 -0.580982 0.56257 0.341138 0.442741 : 0.2
0.662803 0.348549 0.913324 -0.737062 -0.0637814 -0.254006 0.405164 0.435898 -0.775222 : 0.6
0.618283 0.355604 0.678016 -1 -1 -0.456869 0.416333 0.369947 0.117529 : 0.6
0.655016 0.446711 0.823611 0.109435 0.0907413 -0.00293744 0.626998 -0.0141138 0.677165 : 0.7
0.655375 0.357991 0.903362 -0.257504 -0.162122 0.382556 1 0.163366 0.0816987 : 0.2
1 0.355359 1 0.0266756 -0.241138 0.035686 0.426558 0.120539 -0.899253 : 0.1
0.77724 0.279591 0.831676 -1 0.272859 -0.308545 -0.00224125 -0.0882785 0.576397 : 0.8
0.547458 0.380515 0.826537 -0.611328 -0.113155 -0.439013 0.611456 0.440362 -0.0165791 : 0.5
0.847323 0.356456 0.948103 -0.821 -0.216731 -0.22485 0.763564 0.268956 -1 : 0.6
0.714945 0.360141 0.734423 -0.452703 -0.584947 0.0828619 0.94635 -0.261592 0.810284 : 0.6
0.604409 0.353036 0.836885 0.0109067 -0.352721 -0.380642 0.622684 0.0920795 -1 : 0.4
0.670951 0.537348 0.652356 -0.478406 -0.41854 -0.199452 0.220153 -0.0955574 0.108552 : 0.5
0.694488 0.524207 0.783529 -1 -0.249531 -0.333385 0.0477128 0.569333 0.403396 : 0.4
0.528862 0.275931 0.73453 -0.197696 -0.678277 -0.180192 0.0453323 -0.0461242 0.796294 : 0.4
0.604017 0.377332 0.626694 -0.2891 0.78228 -0.29684 0.350337 0.0619192 0.609992 : 0.2
0.680189 0.611387 0.785533 -0.631032 -0.282868 -0.128901 0.461543 -0.101751 -0.752789 : 0.4
0.79511 0.516651 0.943481 -0.931454 -0.163574 -0.165034 0.190659 1 1 : 0.4
0.623201 0.340459 0.841142 -0.34306 0.120368 -0.341408 -0.415258 0.28946 0.151465 : 0.5
0.411915 0.473703 0.874358 -0.792807 -0.482069 -0.0238036 0.558741 0.792006 -0.262235 : 0.4
0.640581 0.378285 0.655992 -0.757123 -0.213855 -1 0.119377 0.600937 1 : 0.2
0.673744 0.383938 0.734434 -0.804177 -0.505224 0.131932 0.925592 0.281676 0.517999 : 0.5
0.681563 0.279382 0.777266 -0.0475751 -0.135885 0.437139 0.828486 -0.467852 0.374568 : 0.6
0.524441 0.459816 1 -0.101028 -0.931525 0.161901 0.680541 0.0743326 0.352863 : 0.3
0.635255 0.357539 0.834444 -0.554458 -0.346011 -0.102387 0.510524 0.0927069 0.131823 : 0.6
0.694018 0.531859 0.795286 -0.674086 0.0707937 0.132661 0.89659 0.574603 0.352424 : 0.6
0.610134 0.507712 0.789203 -0.611194 -0.226293 -0.961218 0.216118 0.142931 0.143097 : 0.5
0.556116 0.357104 0.628473 -1 -0.429214 0.194289 0.612996 0.848695 -0.166171 : 0.1
0.578602 0.426241 0.732935 -0.813347 -0.528062 -0.198419 1 0.536293 0.162935 : 0.4
0.423499 0.325944 0.843656 -0.891855 -0.424203 -0.369095 0.28556 0.393509 0.262136 : 0.5
0.839466 0.469192 0.975663 -0.493552 0.176459 0.32662 -0.283394 0.425225 0.726661 : 0.4
0.480807 0.371293 0.857025 -0.584194 -0.720034 -0.213962 -0.80018 0.0103176 -0.0706866 : 0.3
0.656509 0.486428 0.755264 -0.628273 -0.285922 0.0366869 -0.215665 0.778987 -0.756166 : 0.2
0.710587 0.36034 0.760143 -0.62847 -0.180815 -0.240293 0.213901 0.082787 0.0509029 : 0.4
0.637335 0.44619 0.757586 -0.486015 -0.19586 -0.6274 0.267641 0.518395 -0.092632 : 0.2
0.678748 0.390307 0.736912 -0.223804 -0.499292 -0.0421963 0.48227 0.570334 -0.494545 : 0.5
