0.625039 0.366931 0.985278 -0.920214 -0.290474 -0.0844252 0.431637 0.889091 1 : 0.8
0.641003 0.440407 0.931358 -1 -0.105613 0.0174415 0.188648 0.496889 1 : 0.6
0.615292 0.42838 0.953643 -0.834594 -0.403583 0.0347027 0.545137 0.795973 0.0656224 : 0.4
0.639105 0.326918 0.994674 -0.912429 -0.839634 0.0451576 0.0391855 0.450484 1 : 0.5
0.65725 0.394269 0.822691 -0.859473 -0.211561 0.203713 0.677028 0.271603 0.705864 : 0.7
0.694808 0.387362 0.857481 -0.832095 -0.251412 -0.00194129 0.656126 0.729895 0.208216 : 0.8
0.577378 0.447892 0.951549 -0.939152 -0.298237 0.0396624 0.46774 -0.28563 0.964401 : 0.5
0.788899 0.452993 0.869164 -0.883999 -0.506133 0.136169 0.494276 0.403935 0.451703 : 0.2
0.612574 0.450174 0.946698 -0.862481 -0.139715 0.167009 0.261614 0.784391 0.60983 : 0.7
0.662866 0.397402 0.906235 -0.8513 -0.182278 -0.152439 -0.319844 -0.170675 0.437338 : 0.5
0.669618 0.500272 0.927275 -0.89643 -0.0998367 0.352859 -0.0611354 -0.277894 0.308141 : 0.5
0.735956 0.390259 0.890797 -0.818135 -0.436395 0.170752 0.508538 0.462042 0.488327 : 0.6
0.428544 0.376712 0.881877 -0.847345 -0.348169 0.0052896 0.881438 0.257034 0.699741 : 0.3
0.535213 0.394284 0.805109 -0.891731 -0.303606 0.124591 0.299137 0.990546 0.27446 : 0.5
0.719996 0.415072 1 -0.783005 -0.462394 0.0665433 0.463971 0.652708 0.0641455 : 0.7
0.736339 0.403353 0.898459 -0.801 -0.0997677 0.1994 0.19718 0.473679 0.224524 : 0.4
0.690067 0.341548 0.980286 -0.903311 -0.548815 0.0127022 0.854411 0.989922 0.311322 : 0.4
0.555192 0.402847 0.861059 -1 -0.198095 0.00475629 0.65722 0.677555 0.129501 : 0.6
0.610126 0.34834 0.96092 -0.934396 -0.128082 0.197004 0.824753 0.703492 0.813967 : 0.5
0.67087 0.442399 0.990249 -0.901428 -0.839931 0.059119 0.346212 0.890615 0.268661 : 0.5
0.715034 0.460619 0.931375 -0.895302 -0.084652 0.0958833 0.390962 0.639554 0.46027 : 0.6
0.675884 0.384146 0.832156 -0.90278 -0.0814473 -0.0672294 0.512193 0.364356 -0.72818 : 0.2
0.697321 0.429403 0.791606 -0.856041 -0.232045 -0.00568118 0.702138 0.43389 1 : 0.8
0.713025 0.474182 0.894976 -0.891191 -0.480423 -0.0311312 0.467752 0.143394 1 : 0.6
0.561323 0.433284 0.866932 -0.828074 -0.109249 0.0696645 0.546592 0.703438 -1 : 0.7
0.715644 0.455452 1 -0.915699 -0.381128 0.16816 0.342845 0.605922 0.831143 : 0.7
0.678609 0.381217 1 -0.896445 -0.370317 0.0943743 0.931087 0.335252 0.597515 : 0.8
0.674084 0.384973 0.935151 -0.898197 -0.226891 0.0150472 0.410303 -0.0672181 0.341715 : 0.7
0.687717 0.444341 0.880089 -0.945805 -0.109925 -0.0583449 0.539507 0.672993 -0.747151 : 0.2
0.653207 0.345714 0.994252 -0.91374 -0.219026 0.154737 0.228992 0.646727 -0.159243 : 0.4
0.677726 0.366086 0.65569 -0.938908 -0.202691 -0.109639 0.809056 0.493849 -0.282694 : 0.6
0.655792 0.388364 0.895415 -0.993115 -0.240165 -0.0875618 0.325157 0.966369 0.298231 : 0.9
0.690453 0.412482 0.944326 -0.776261 -0.17558 0.31991 0.54134 0.738975 0.279827 : 0.8
0.614986 0.343776 0.909158 -0.964482 -0.0944939 -0.0692158 0.499568 0.367394 0.49444 : 0.6
0.475487 0.376316 0.946228 -0.866472 -0.178307 0.0411944 0.741099 0.623663 0.161631 : 0.5
0.676667 0.407705 0.930815 -0.978883 -0.406261 0.0297155 0.377074 0.555063 -0.405334 : 0.5
0.675837 0.425277 0.94535 -1 -0.335394 0.353442 0.116364 0.465577 0.245185 : 0.7
0.685556 0.466182 0.953874 -0.944633 -0.194549 0.167612 0.336207 0.520161 0.404258 : 0.7
0.570309 0.465456 0.94271 -0.939549 -0.224487 0.0999054 0.661497 0.646054 0.873612 : 0.4
0.645798 0.379197 0.935231 -0.930962 -0.152048 -0.113579 0.376381 0.718369 0.227175 : 0.5
0.585705 0.325851 0.91251 -0.842365 -0.311061 0.117368 0.473475 0.473065 0.538998 : 0.8
0.726791 0.469439 0.9227 -0.971671 -0.247481 0.12034 0.291689 0.240814 0.262428 : 0.8
0.662595 0.392603 0.89024 -0.866872 -0.316598 -0.120729 0.292828 0.586618 0.125518 : 0.7
0.706097 0.397979 0.844472 -0.955382 -0.289839 -0.0505481 0.452701 0.427021 -0.35189 : 0.7
0.632093 0.278816 0.920127 -0.864462 -0.0367465 -0.00250348 1 0.679381 0.988212 : 0.7
0.678389 0.369531 0.95123 -0.950621 -0.258331 -0.0549168 0.426041 0.687697 -1 : 0.6
0.578812 0.412871 1 -1 -0.321945 0.0939133 0.17526 0.608152 -0.31565 : 0.5
0.691813 0.439298 0.813456 -0.856465 -0.379656 -0.0511424 0.794592 0.675058 -0.592066 : 0.7
0.701557 0.370116 0.800995 -0.980167 -0.453949 -0.259992 0.85409 0.441958 -0.625938 : 0.4
0.669768 0.43614 1 -0.929532 -0.303055 0.00445832 -0.299939 0.346657 -0.712513 : 0.4
0.676782 0.418843 0.877727 -0.91105 -0.329299 0.0347517 0.456325 0.616387 0.691118 : 0.5
0.705241 0.373654 0.83223 -0.938339 -0.297174 0.193974 0.366523 0.468632 0.901132 : 0.6
0.655912 0.363528 0.915209 -0.831644 0.206843 0.0313181 0.0540644 0.657972 0.513518 : 0.8
0.657709 0.363224 0.93249 -0.871723 -0.287014 0.0732142 0.481296 0.410798 1 : 0.9
0.67182 0.366471 0.891158 -0.936186 -0.253213 0.599138 0.339324 0.690113 0.524989 : 0.5
0.678629 0.398671 0.881301 -0.984038 -0.356726 0.0666836 0.670815 0.64785 -1 : 0.6
0.544595 0.440117 1 -0.789694 -0.282688 -0.0380165 0.69313 0.301755 0.650138 : 0.8
0.575262 0.487345 0.934559 -0.837543 -0.409175 0.0176713 0.28926 0.131055 -0.294934 : 0.7
0.624381 0.4129 0.904441 -0.936215 -0.24591 0.0608485 0.217899 0.720903 0.763656 : 0.6
0.657794 0.340768 0.973623 -1 -0.215429 -0.117807 -0.180885 0.573639 0.651973 : 0.6
0.707294 0.377628 0.829399 -0.189538 -0.337986 -0.273235 0.227238 0.621103 0.477806 : 0.7
0.706862 0.401665 0.836838 -0.955455 -0.255147 -0.0833969 0.741061 0.624732 -0.616329 : 0.5
0.521788 0.324131 0.848255 -0.833187 -0.20923 0.036372 0.255419 0.507582 -0.320607 : 0.5
0.599266 0.363442 0.989992 -0.898083 -0.360361 0.000580542 0.458836 0.680238 0.288294 : 0.9
0.682176 0.401219 0.944779 -0.81988 -0.604241 -0.115266 -0.312409 0.664455 -0.294836 : 0.9
0.639992 0.336048 0.848278 -0.9993 -0.368039 -0.00526554 0.0310082 0.757283 0.627976 : 0.5
0.650908 0.420236 1 -0.962347 -0.330186 0.482106 1 0.611988 0.56033 : 0.9
0.781175 0.279825 0.96391 -1 -0.265962 0.0964393 0.429659 0.511959 0.304031 : 0.6
0.577973 0.405525 0.951667 -0.879168 -0.111427 -0.0550695 0.873496 0.869402 -0.188959 : 0.5
0.716351 0.374078 0.932096 -0.916815 -0.401552 0.0336005 0.582683 0.185033 0.458042 : 0.7
0.691251 0.428085 0.880363 -0.839534 -0.294926 0.0269413 0.469467 0.595297 -0.273033 : 0.8
0.638507 0.37508 0.773888 -0.602213 -0.130024 -0.00469995 0.671083 1 0.497761 : 0.5
0.633535 0.354302 0.834203 -0.990006 -0.259843 0.300751 0.287245 0.851256 -0.635689 : 0.8
0.626323 0.319268 0.892741 -0.9554 -0.200759 0.0951121 0.501016 0.430448 -0.23375 : 0.7
0.65767 0.441451 0.884994 -0.877841 0.0656515 0.0635715 0.575286 0.871391 0.847343 : 0.6
0.750484 0.391222 0.861083 -0.957204 0.226518 0.102765 0.281873 0.20546 0.158678 : 0.5
0.668077 0.373926 0.977497 -0.972562 -0.307911 0.027435 0.0961555 0.534671 0.28435 : 0.7
0.646376 0.300105 0.949963 -0.959179 -0.316248 0.199999 0.2945 0.31182 0.489503 : 0.6
0.663875 0.530725 0.921434 -0.914803 -0.167694 -0.286966 0.00312853 0.65836 -0.761118 : 1
0.609615 0.459088 0.898448 -0.974869 -0.334149 -0.0286293 0.429251 0.251061 -0.371658 : 0.5
0.737078 0.38209 0.941285 -0.878345 -0.330117 -0.00681746 0.654589 0.382976 1 : 0.6
0.621206 0.453288 0.541563 -0.828492 -0.469932 -0.0125597 0.591601 0.571747 -0.363492 : 0.5
0.691981 0.442029 0.812097 -0.77625 -0.161735 0.0842025 0.121248 0.388254 -0.175808 : 0.5
0.629383 0.316569 0.971277 -0.818203 -0.262602 0.0327938 0.431995 0.855329 0.0895817 : 0.3
0.720363 0.426168 0.931736 -0.876501 -0.191013 -0.0516086 0.377902 0.384553 -0.0154042 : 0.7
0.626922 0.38906 0.929534 -0.98636 -0.206045 -0.0782067 0.389708 0.92958 -1 : 1
0.732453 0.392721 1 -0.83925 -0.30572 -0.00944793 0.599419 -0.109537 0.839828 : 0.6
0.731857 0.370335 0.990993 -0.920008 -0.0562667 -0.0856148 0.427164 0.627086 1 : 0.5
0.645186 0.378639 0.871538 -0.926665 -0.199256 0.195457 0.457967 0.626599 -0.759162 : 0.6
0.570102 0.335031 0.943452 -0.833617 -0.487153 0.0215268 0.414828 0.700303 0.563911 : 0.6
0.574009 0.364301 0.898869 -0.954517 0.0481457 -0.0590247 0.459566 0.732435 -0.207086 : 0.7
0.495201 0.363365 0.899198 -0.949834 -0.192683 0.0475115 0.50193 0.467237 -0.155405 : 0.8
0.619248 0.374244 0.954219 -0.863936 -0.225458 -0.0252451 0.29793 0.682563 1 : 0.5
0.617926 0.364396 0.884045 -0.844848 -0.297686 0.0815926 0.50471 0.51275 0.162971 : 0.6
0.630235 0.423711 1 -0.931203 -0.244365 0.0886068 0.0168386 0.352529 0.626789 : 0.9
0.66497 0.410592 0.892847 -0.880987 -0.164093 0.137361 0.722913 0.412069 0.665287 : 0.7
0.587503 0.443443 0.915409 -0.948487 -0.489042 0.111608 0.639358 0.873401 0.157942 : 0.5
0.662082 0.386986 0.92673 -0.734652 -0.151409 -0.00655109 -0.111368 -0.210918 1 : 0.6
0.704126 0.329804 0.955595 -0.785097 -0.197566 0.0554562 0.206227 0.255235 0.829072 : 0.4
0.637178 0.579996 1 -0.989246 -0.155142 0.212801 0.71038 0.646836 0.488697 : 0.4
0.640134 0.37635 0.941792 -0.881474 -0.269846 0.17035 0.645212 0.409826 1 : 0.2
0.679533 0.353297 0.917145 -0.883038 -0.309112 0.0781379 0.547072 0.256747 1 : 0.3
0.613908 0.458544 1 -0.947678 -0.244173 -0.178825 0.362609 0.483174 1 : 0.3
0.655179 0.359967 0.900918 -0.941059 -0.266691 -0.0230007 0.50228 0.393373 1 : 0.5
0.692341 0.403137 0.934896 -0.879895 -0.195111 0.0868075 0.128756 0.75861 0.51813 : 0.8
0.68776 0.322051 0.988552 -0.815248 -0.366922 0.0578101 0.49201 0.0429889 0.591467 : 0.9
0.665522 0.431511 1 -0.890182 -0.316418 -0.0863839 0.353168 0.760135 0.27902 : 0.7
0.629064 0.541826 0.875242 -0.888885 -0.262299 -0.0554785 0.39458 0.47312 0.179668 : 0.6
0.686206 0.370909 0.956557 -0.86122 -0.234284 0.160473 0.746862 0.68482 0.600281 : 0.4
0.658884 0.333372 0.874692 -0.991983 -0.184731 0.109877 0.356487 0.522996 0.176955 : 0.6
0.671777 0.295247 0.907734 -0.932833 -0.251495 0.1936 0.315711 0.646227 -0.167178 : 0.8
0.477406 0.451447 0.982531 -0.930404 -0.0636499 -0.0238306 0.166941 0.6473 -0.972347 : 0.6
0.778094 0.311525 0.816344 -0.906908 -0.908083 0.0457141 0.628418 -0.101447 0.270949 : 0.8
0.623526 0.609879 0.929 -0.934311 -0.271264 0.114704 0.619009 1 0.373541 : 0.3
0.671185 0.469455 1 -0.921293 -0.279652 -0.105167 0.935306 0.611163 0.824467 : 0.8
0.673681 0.321577 0.844043 -0.950957 -0.168567 0.0487444 0.821314 0.688951 0.770267 : 0.6
0.689348 0.416365 0.86874 -0.984055 -0.291834 -0.0267037 -0.0381407 0.534953 0.899349 : 0.6
0.624284 0.425447 0.985489 -0.990234 -0.0836974 0.11399 0.270522 0.428598 0.721322 : 0.3
0.659855 0.404649 0.875448 -0.881335 -0.0522146 -0.105029 0.58625 0.941644 0.52203 : 0.7
0.674478 0.392608 0.89811 -0.838856 -0.125123 0.00746639 0.54865 0.805244 0.00849932 : 0.4
0.692271 0.451347 0.899888 -1 -0.166081 0.179226 0.32437 0.490632 -0.23258 : 0.7
0.733715 0.48581 0.957424 -0.843278 -0.1766 0.146614 0.417867 0.584496 0.427373 : 0.6
0.582252 0.38255 0.853974 -0.970965 -0.246741 0.136084 0.457091 0.559813 0.284768 : 0.4
0.62144 0.413993 0.986353 -0.880958 0.238648 -0.0225309 0.168627 0.71962 0.682626 : 0.5
0.668944 0.23238 0.902209 -0.933912 -0.543698 0.0492605 0.163399 0.503952 -0.817512 : 0.8
0.602942 0.411884 1 -0.919781 -0.234489 -0.249977 0.468723 0.409932 -0.0651861 : 0.5
0.657942 0.463211 0.960979 -0.93077 -0.370505 0.000233732 0.905095 0.609835 0.955336 : 0.8
0.688689 0.320346 0.916998 -0.922247 -0.429278 0.0695247 0.382194 0.584821 1 : 0.5
0.678274 0.426624 0.992825 -0.880651 -0.26608 0.0814065 0.656629 0.564095 1 : 0.5
0.697334 0.565711 0.908771 -0.998328 -0.19772 0.176518 0.410637 -0.27288 0.899498 : 0.6
0.665061 0.433816 0.906311 -0.868417 -0.120095 -0.073296 0.562759 0.683345 -0.319472 : 0.3
0.705376 0.454425 0.840341 -0.915525 0.518391 0.120559 0.539671 0.259702 -0.711566 : 0.7
0.68171 0.397347 0.970381 -0.865547 0.0277065 -0.032473 0.388606 0.109243 -0.659312 : 0.7
0.631436 0.301707 0.894734 -0.960513 -0.311988 -0.252095 0.151286 0.701279 0.446194 : 0.7
0.609563 0.415791 0.863909 -0.721788 -0.21129 0.128625 0.315522 0.723065 -0.407842 : 0.9
0.698757 0.447154 0.810084 -0.799782 -0.162984 0.143176 0.291376 0.767331 -0.438054 : 0.7
0.610969 0.352558 0.925636 -0.928509 -0.570918 0.0485829 0.542461 0.127703 0.300863 : 0.4
0.66814 0.36885 0.909539 -0.920375 -0.26891 -0.0776978 0.41976 0.529405 0.233471 : 0.6
0.618132 0.392722 0.960554 -1 -0.303263 -0.0663224 0.382574 1 0.0967073 : 0.8
0.674719 0.363434 0.969699 -0.934669 -0.235466 0.176469 0.530503 0.437189 -1 : 0.7
0.75987 0.489884 1 -0.957107 -0.354192 0.456052 0.872215 0.629349 0.174799 : 0.7
0.705621 0.401862 0.82183 -0.904994 -0.239738 0.0343619 0.596648 0.124382 -1 : 0.4
0.513663 0.332746 0.932867 -1 -0.230121 0.226986 0.84898 0.417186 -0.108832 : 0.7
0.649867 0.409961 0.930804 -0.95971 -0.139562 -0.033931 0.808852 0.335158 0.463399 : 0.7
0.668031 0.37611 0.828074 -0.87551 0.000169069 0.0522645 0.52078 0.408203 0.798467 : 0.6
0.666024 0.273025 0.88836 -0.919269 -0.367908 0.0882679 0.860244 0.649223 0.576941 : 0.6
0.609974 0.361073 0.952977 -0.937929 -0.350102 0.066512 0.36982 0.473671 0.560937 : 0.7
0.438307 0.382573 0.978074 -0.959982 -0.323192 0.187876 0.543659 0.658029 -0.166106 : 0.5
0.503439 0.448288 0.827263 -0.931935 -0.20629 -0.0801468 -0.186778 0.505038 0.708385 : 0.6
0.667916 0.37918 0.92732 -0.874116 0.0304265 0.302211 0.407441 0.571185 0.436324 : 0.4
0.679411 0.366643 0.828625 -0.84735 -0.133295 -0.0201943 0.709311 0.594405 -0.602611 : 0.4
0.585426 0.382902 0.750028 -0.903118 0.251203 0.0104696 0.403583 0.720181 0.261291 : 0.7
0.643669 0.398571 0.85851 -0.879209 -0.144454 0.0213235 0.580738 0.751701 0.385807 : 0.5
0.620295 0.42912 0.809849 -0.992764 -0.0424882 0.235653 0.776991 0.640795 0.392453 : 0.7
0.702252 0.340369 0.809187 -0.909885 -0.253118 0.06861 0.312504 0.600997 1 : 0.6
0.604399 0.425064 0.903245 -0.928967 -0.260456 0.373605 1 0.662011 0.500638 : 0.7
0.732706 0.358225 0.956037 -0.700815 -0.446207 -0.15546 0.464056 0.541844 0.534631 : 0.2
0.721616 0.393201 0.99148 -0.753328 -0.239283 0.0797115 0.308679 0.661214 0.180452 : 0.8
0.702982 0.503281 0.913061 -0.904786 -0.081757 -0.00877566 0.168091 0.689402 0.909609 : 0.6
0.656431 0.447978 0.956339 -0.766094 -0.167156 0.0301146 0.432534 0.731376 0.311926 : 0.4
0.670335 0.443532 0.945626 -0.893951 -0.0317279 -0.047906 0.281504 0.305248 0.163561 : 0.7
0.607417 0.428069 0.867683 -0.879089 -0.27368 0.105527 0.485598 0.0122689 0.101345 : 0.4
0.70532 0.330468 0.869941 -0.916123 0.0953337 -0.0531906 0.308518 1 0.262213 : 0.8
0.679941 0.418736 0.594627 -0.70912 -0.292437 -0.0138165 0.733456 0.732555 0.156824 : 0.7
0.851955 0.755655 0.808837 -0.974805 -1 0.110443 0.63624 0.706048 0.528576 : 0.8
0.572225 0.457544 0.805518 -0.859959 -0.221657 0.188869 0.588278 0.216157 0.930019 : 0.6
0.565646 0.211485 0.962876 -0.948543 -1 0.085632 0.521559 0.284468 0.075169 : 0.5
0.697695 0.412606 0.88359 -0.969884 -0.393088 0.050815 0.643952 -0.0159319 -0.567315 : 0.6
0.655333 0.372307 0.902996 -0.984052 -0.395009 -0.0167892 0.463534 0.708988 0.0591408 : 0.7
0.47222 0.424438 0.836132 -0.918172 -0.152448 0.757995 0.372447 0.50085 0.547946 : 0.7
0.669307 0.454099 0.921877 -0.840283 -0.143686 0.358103 0.37445 0.592767 1 : 0.7
0.600271 0.422203 0.991084 -0.898613 -0.702757 0.0212185 0.427907 0.7505 -0.355003 : 0.7
0.696339 0.406402 0.685401 -0.903406 -0.418889 -0.184792 1 0.952254 -0.0364303 : 0.8
0.653225 0.392127 0.936608 -0.924935 -0.0425003 -0.0450781 0.231065 0.942437 -0.111992 : 0
0.605197 0.419636 0.814897 -0.891301 -0.0349485 -0.0509388 0.481613 0.760456 -0.235855 : 0.6
0.667855 0.375805 0.825036 -0.933539 -0.189756 0.0801378 0.879752 0.352747 0.304315 : 0.7
0.668994 0.368497 0.891794 -0.83592 -0.194498 -0.0113245 0.585541 0.697398 -0.413242 : 0.7
0.750635 0.411465 0.920987 -0.94571 0.283341 -0.0249093 0.619351 0.26427 -0.641675 : 0.6
0.550329 0.344407 0.961418 -0.980338 -0.210416 -0.137049 -0.227033 0.425212 -0.897481 : 0.5
0.67763 0.382724 0.939727 -1 -0.300497 -0.0704533 -0.128179 1 -0.292376 : 0.7
0.696484 0.362857 0.841402 -0.903797 0.0310605 0.0521597 0.86215 0.746478 0.472169 : 0.6
0.636495 0.47155 0.836513 -0.940459 -0.0921632 -0.0157597 0.460694 0.258709 1 : 0.6
0.477168 0.456417 0.785892 -0.789363 -0.110086 -0.00906748 0.765463 0.362045 0.134957 : 0.6
0.650942 0.295343 0.931301 -0.814415 -0.375428 -0.217637 0.224942 0.698657 0.151605 : 0.5
0.565583 0.398605 0.92018 -0.827752 -0.373092 -0.0271726 0.829828 0.987716 -0.356688 : 0.6
0.785462 0.376338 0.783249 -1 -0.259668 0.0115173 0.741342 0.471667 0.898603 : 0.8
0.350229 0.494592 0.698922 -0.920482 -0.320544 -0.11644 0.0649205 0.844156 -0.470819 : 0.5
0.699551 0.392223 0.95882 -0.891329 -0.408654 0.301322 0.60582 0.44156 -0.439575 : 0.7
0.721065 0.299778 0.992804 -0.955281 -0.192066 0.0439163 0.547635 0.601915 1 : 0.6
0.688503 0.434955 0.889826 -0.732883 -0.172255 0.0263452 0.339171 0.0595706 1 : 0.6
0.652874 0.429921 0.953228 -1 -0.155622 0.0299005 0.334065 0.816679 -0.80335 : 0.6
0.685536 0.431056 0.772427 -0.905804 -0.280615 0.0234578 0.309289 0.765119 0.397861 : 0.5
0.762107 0.320517 1 -0.827327 -0.365027 0.274563 0.839006 0.732585 -0.595805 : 0.5
0.699987 0.346234 0.923275 -0.892472 -0.251493 0.00446289 0.387991 0.455169 0.624391 : 0.5
0.684145 0.424842 0.884328 -0.819389 -0.193808 0.264643 0.523224 0.886673 0.262036 : 0.7
0.674606 0.394101 0.87958 -0.830594 -0.00480229 -0.478958 0.413194 0.738421 0.763107 : 0.6
0.672055 0.396969 0.810546 -0.822003 -0.165316 -0.255106 0.180998 0.00691274 -0.361893 : 0.5
0.694627 0.573928 0.933516 -0.821519 -0.248754 0.00140208 0.739663 0.499567 0.98382 : 0.6
0.618962 0.46196 0.898424 -0.848477 -0.175677 0.0511082 0.244485 0.563776 0.884338 : 0.5
0.663791 0.42262 0.931005 -0.799349 -0.293223 0.0811512 0.210977 0.995568 -0.684896 : 0.6
0.651873 0.374525 0.847462 -0.942742 0.0214468 0.124425 0.905339 0.415988 0.527355 : 0.4
0.704422 0.428422 0.903329 -0.872856 -0.229431 0.00186642 0.777725 0.399073 0.0015619 : 0.3
0.614671 0.396825 0.969876 -0.9335 -0.736135 -0.349786 0.377143 0.676223 0.441118 : 0.6
0.61287 0.247103 0.912376 -0.903081 -0.162022 -0.0742949 0.144184 0.638444 -1 : 0.8
0.704887 0.353545 0.859958 -0.976931 -0.378989 -0.0347859 0.498851 1 0.363779 : 0.5
0.732379 0.510243 0.952967 -0.894845 -0.334387 -0.215176 1 0.45974 0.951102 : 0.6
0.680536 0.316736 0.927659 -0.808345 -0.318525 -0.0701985 -0.0882916 0.468516 0.867215 : 0.7
0.675208 0.321704 0.976456 -1 -0.290122 0.430666 0.491711 -0.0316539 0.512232 : 0.6
0.644305 0.384437 0.940953 -0.877922 -0.440977 0.106308 0.793786 0.407963 1 : 0.8
0.580539 0.441986 1 -0.983257 -0.285254 0.140388 0.0612054 0.462427 0.69948 : 0.5
0.721931 0.518956 0.880125 -1 -0.182031 0.0503302 0.330226 0.404541 1 : 0.7
0.595862 0.413094 0.959272 -0.902169 0.0310486 0.093935 0.798806 0.806147 -0.120752 : 0.4
0.67527 0.350037 0.937509 -0.950513 -0.128011 0.490195 0.395759 0.647568 0.426023 : 0.3
0.672379 0.469267 1 -0.939504 -0.211235 -0.0571801 0.689353 0.253226 0.36998 : 0.6
0.76473 0.383376 0.912107 -0.917866 -0.381723 0.0991893 0.527056 0.439064 -0.224776 : 0.6
0.730968 0.394375 0.871412 -0.866089 -0.158255 0.0463546 0.420106 0.814657 0.266116 : 0.7
0.624611 0.475179 0.790241 -0.944454 -0.223761 0.246521 0.751222 0.187121 0.294713 : 0.3
0.723209 0.364514 0.932616 -0.932066 -0.269149 0.0747297 0.275533 0.962438 1 : 0.6
0.672522 0.365776 0.89812 -0.947787 -0.0910489 0.394196 0.341136 0.957911 1 : 0.9
0.620356 0.483724 0.85279 -0.98576 0.126937 0.0283724 0.886671 0.721069 -0.466832 : 0.6
0.706841 0.375549 0.954275 -0.990522 -0.286768 -0.130453 0.049799 0.45751 1 : 0.7
0.417674 0.610621 0.875515 -0.878009 -0.263642 0.0106914 -0.378299 0.462213 0.789818 : 0.7
0.610229 0.344925 0.799781 -0.91357 -0.261999 0.0629667 0.74036 0.159908 1 : 0.8
0.680087 0.347229 0.912767 -0.929156 -0.488754 0.0795341 0.541475 0.206837 1 : 0.9
0.610653 0.298834 0.957611 -1 -0.356389 0.0560242 0.165389 0.636969 0.960441 : 0.6
0.629464 0.317505 0.984894 -0.92888 -0.375041 -0.0452923 0.449488 0.600292 -0.0604852 : 0.5
0.624776 0.359665 0.981525 -0.972598 -0.13278 -0.0940417 0.47039 0.392053 0.696748 : 0.7
0.687496 0.376053 0.861281 -0.81369 -0.349508 -0.0741298 0.618382 0.236628 0.605289 : 0.8
0.669707 0.434516 0.91718 -0.952682 -0.387102 -0.166813 0.308088 0.366135 0.0841527 : 0.5
0.671545 0.376068 1 -0.859541 -0.234982 -0.0256205 0.474139 0.57038 0.54856 : 0.7
0.78675 0.461211 1 -0.96561 -0.374246 0.0943044 0.323801 0.743735 0.151706 : 0.7
0.62075 0.409881 0.935135 -0.962286 -0.452204 -0.128812 0.502491 0.25456 0.346371 : 0.7
0.637915 0.494286 0.863347 -1 -0.30935 0.111822 0.611813 0.796344 0.855356 : 0.4
0.619328 0.416967 0.859958 -0.936023 -0.198679 0.201725 0.261664 0.769051 -0.127287 : 0.7
0.657299 0.409431 0.569254 -0.855764 -0.400792 -0.0554121 0.6806 0.138542 -0.594735 : 0.7
0.66344 0.412982 0.703861 -0.885563 -0.285484 0.342407 0.457968 1 0.357154 : 0.4
0.641129 0.340111 0.979549 -0.936465 -0.501791 0.0512555 0.454183 0.959486 0.251105 : 0.7
0.694571 0.364892 0.951826 -0.815203 -0.31491 -0.0323919 0.323262 -0.0172598 1 : 0.6
0.747086 0.372546 0.949674 -0.91648 -0.155504 -0.154027 0.565822 0.596643 0.870537 : 0.7
0.594286 0.413329 0.977344 -0.9009 -0.189712 -0.048697 0.637423 0.208942 -0.147445 : 0.4
0.625877 0.374433 0.833038 -0.969887 -0.222732 0.107574 0.420106 0.550084 0.234143 : 0.6
0.684959 0.381753 0.831899 -0.823821 -0.146222 -0.0338557 0.220635 0.371905 -0.0880089 : 0.4
0.682768 0.399733 0.944839 -0.794667 -0.592616 -0.12391 0.215926 0.738942 0.081304 : 0.3
0.673493 0.410414 0.866103 -0.826627 -0.168181 0.084191 0.321992 0.868512 0.346237 : 0.7
0.657276 0.35697 0.921103 -0.966735 -0.269066 -0.0552979 0.250059 0.598939 0.44451 : 0.7
0.616424 0.356491 0.954542 -0.895611 -0.380375 0.264661 0.902348 0.545358 0.842967 : 0.7
0.671392 0.331483 0.944938 -0.710752 -0.417676 0.0722121 0.975812 0.18647 0.475229 : 0.8
0.671562 0.505174 0.941014 -0.868297 -0.175835 0.135977 0.362079 0.645956 0.216114 : 0.6
0.637245 0.410191 0.902579 -0.907939 -0.199624 0.0776227 0.325417 0.706351 -0.529234 : 0.6
0.741253 0.365328 0.901819 -1 -0.596647 -0.0675516 0.207927 0.590904 0.68003 : 0.6
0.620257 0.383164 0.907874 -0.923477 -0.323281 -0.044115 0.530062 0.00432301 0.871042 : 0.5
0.620373 0.397753 0.885317 -1 -0.261975 -0.067245 0.25829 0.433369 0.700536 : 0.5
0.634026 0.375552 0.900351 -0.888492 -0.213963 0.260016 1 0.352169 0.251727 : 0.7
0.662789 0.479656 0.930943 -0.868869 -0.274678 0.299893 0.267122 0.61116 0.277219 : 0.4
0.641239 0.363531 0.956229 -0.89229 -0.0713128 0.153652 0.5093 0.961144 -0.398865 : 0.7
0.641489 0.484492 0.776567 -0.772881 0.0466813 -0.0645775 0.479767 0.91021 0.993685 : 0.7
0.648805 0.329768 0.967637 -0.883877 -0.281886 0.0775762 0.120642 0.936189 -0.560252 : 0.6
0.65327 0.343026 0.951634 -0.928894 -0.477274 0.0410957 0.732172 0.695145 0.534971 : 0.3
0.61766 0.342818 0.926252 -0.92745 -0.21755 -0.315932 -0.000713214 0.561102 0.992799 : 0.8
0.702017 0.420016 0.857912 -0.90333 0.225082 -0.036017 0.548647 0.883421 1 : 0.6
0.613768 0.460087 0.968241 -0.955716 -0.33691 0.0561522 0.447055 0.666864 0.321392 : 0.7
0.680172 0.435509 0.935933 -0.9517 -0.035026 -0.027151 0.109101 0.255023 1 : 0.7
0.612483 0.438625 0.922208 -0.973918 -0.287595 0.262481 0.374378 0.765052 -0.626868 : 0.5
0.832797 0.335138 0.925173 -0.973892 -0.21433 0.416973 -0.178121 1 1 : 0.7
0.623855 0.383515 0.907276 -0.86603 -0.28934 -0.14791 0.0240338 0.577105 0.274263 : 0.5
0.77166 0.428409 0.866335 -0.878033 -0.226567 -0.0394528 0.0098805 0.74646 0.53968 : 0.4
0.587982 0.429345 0.888063 -0.805512 -0.245783 -0.0379334 0.175922 0.959973 0.412947 : 0.6
0.663439 0.315008 0.846131 -0.892236 -0.154673 -0.00743936 0.466689 1 0.372386 : 0.5
0.616243 0.430917 0.87512 -0.927106 -0.573836 0.014852 0.514258 0.600147 0.989797 : 0.8
0.45176 0.373794 0.972277 -1 -0.10639 0.0169168 0.469433 -0.0344969 -0.0676438 : 0.6
0.637791 0.431457 1 -0.919283 -0.15041 -0.061872 0.313019 0.637573 -0.383157 : 0.5
0.708769 0.322246 0.880772 -0.850848 -0.00773188 0.232015 0.431365 0.482973 0.769926 : 0.6
0.659486 0.384937 1 -1 -0.281354 4.40562e-05 0.559901 0.579121 0.405497 : 0.4
0.667243 0.352245 0.93056 -0.876151 0.00782046 -0.00576843 0.387107 0.665119 -0.363408 : 0.8
0.647557 0.407119 0.978642 -0.879045 -0.165072 0.0069719 0.607017 0.406914 0.799319 : 0.8
0.606564 0.16522 0.968495 -0.963035 0.0268908 0.134134 0.749265 0.441331 0.538667 : 0.5
0.657741 0.363162 0.885005 -0.935902 0.505365 -0.0407853 1 0.113706 -0.728621 : 0.7
0.701626 0.413349 0.898066 -0.968443 -0.146615 0.185684 0.19352 0.461935 -0.387139 : 0.4
0.72011 0.518527 0.912151 -0.884828 -0.164761 0.112049 0.254809 0.821521 1 : 0.6
0.653176 0.308026 0.928184 -0.906384 -0.134209 0.66336 0.396325 0.83461 -0.370492 : 0.5
0.675265 0.39995 0.918255 -0.979367 -0.235078 0.0531712 0.137786 0.676815 -0.152836 : 0.6
0.670526 0.495813 0.959977 -0.900354 -0.359726 0.00884911 1 0.641532 0.025658 : 0.6
0.698584 0.422558 0.903687 -0.636568 0.204857 -0.0896964 0.0187332 0.66828 -0.78899 : 0.5
0.441753 0.381998 0.810797 -0.940345 -0.214036 -0.0876004 0.558303 0.444361 0.317465 : 0.5
0.647096 0.338398 0.867099 -0.923597 -0.204222 0.0796437 0.229198 0.467426 0.504502 : 0.8
0.683778 0.389315 0.906743 -0.717286 0.293703 -0.06481 0.733054 0.222197 -0.62267 : 0.1
0.609189 0.275684 0.992352 -0.952207 -0.161724 0.0699872 -0.0424196 0.785689 0.193423 : 0.6
0.642522 0.430345 0.740609 -0.864196 -0.201844 0.10686 0.159092 0.802657 -0.916772 : 0.8
0.696133 0.425047 0.890835 -0.912343 -0.171011 0.12282 0.261527 0.890066 -0.53578 : 0.5
0.683648 0.317654 0.950415 -0.931997 -0.0288464 -0.00041258 0.469554 0.941587 0.200684 : 0.5
0.655139 0.349455 0.892241 -0.920545 -0.281847 0.0356994 0.422946 0.693623 -1 : 0.8
0.735467 0.417943 0.93289 -0.799028 -0.521286 0.0670402 0.273854 0.577091 0.101147 : 0.7
0.646404 0.399742 0.870577 -0.833488 -0.35955 -0.13517 0.233694 0.404341 0.815105 : 0.6
0.842599 0.381442 0.974391 -0.968147 -0.252181 0.408794 0.029893 0.687075 0.946794 : 0.8
0.700103 0.604732 0.834806 -0.793843 -0.42464 0.00755889 0.350483 0.407951 -0.476321 : 0.8
0.733862 0.363249 1 -0.970147 -0.225529 0.0514041 0.258047 0.572724 0.184125 : 0.5
0.634106 0.310972 0.765786 -0.958068 -0.561618 0.185952 0.850862 0.501442 0.841663 : 0.4
0.665006 0.373106 0.864114 -0.756937 -0.461321 0.0271425 0.273866 0.445087 0.493376 : 0.6
0.710381 0.437522 0.821847 -0.968123 0.000479758 0.144158 0.404539 0.754712 0.816439 : 0.8
0.709375 0.465747 0.849496 -0.901495 -0.130843 0.268532 0.513988 0.659116 1 : 0.4
0.597495 0.477961 1 -0.969242 -0.406196 0.2567 0.178961 0.305753 0.895631 : 0.7
0.632837 0.344031 0.932739 -0.832447 -0.100883 0.132363 0.309361 1 0.970515 : 0.6
0.719385 0.52954 0.912284 -0.868568 -0.05717 -0.0316583 0.448792 0.831389 0.660035 : 0.8
0.533856 0.419154 0.826406 -0.982033 -0.0305153 0.0371386 0.262038 0.199518 -0.0777272 : 0.8
0.692122 0.384757 0.795501 -0.909154 -0.298573 0.0279954 0.430983 0.766234 1 : 0.4
0.645381 0.349394 0.980475 -0.902501 -0.645299 0.0804273 0.53087 0.561264 0.106391 : 0.5
0.657839 0.397259 0.928251 -0.819872 -0.292811 0.1391 0.483819 0.767616 -0.139479 : 0.7
0.666235 0.383721 0.954536 -0.970945 -0.133034 -0.0377297 0.292089 0.526036 0.686528 : 0.7
0.640815 0.465266 0.822535 -1 -0.231596 0.151631 0.302323 0.11127 0.80884 : 0.6
0.645058 0.381903 1 -0.831166 -0.175931 0.11456 0.976541 0.789384 -0.25876 : 0.5
0.671365 0.445459 0.842373 -0.900202 -0.256308 0.117283 0.328661 0.379119 0.994338 : 0.2
0.617407 0.61638 0.854134 -0.844437 0.0587223 -0.142039 0.685929 0.78933 0.597295 : 0.6
0.670235 0.375153 0.923925 -0.859087 -0.27634 0.234471 0.923269 0.429216 0.146875 : 0.6
0.642457 0.408069 0.963892 -0.913662 -0.376774 0.0797433 0.445485 0.804514 0.156715 : 0.3
0.697441 0.373349 0.9396 -0.914952 -0.166649 0.226377 0.0573899 -0.21801 0.531155 : 0.5
0.610955 0.467018 0.977319 -0.939728 -0.510037 0.174819 0.492498 0.749667 0.251473 : 0.8
0.61143 0.426547 0.91639 -0.973044 0.103537 0.0317749 0.942244 0.524108 0.648356 : 0.6
0.646806 0.436326 0.850603 -0.655251 0.0158803 -0.0475366 0.443385 0.627986 -0.337943 : 0.7
0.709978 0.401562 0.911119 -0.896473 -0.299622 0.0578997 0.290727 0.411855 1 : 0.8
0.63826 0.0563861 0.855556 -0.764211 -0.013842 0.0658913 0.365338 0.500723 0.584071 : 0.6
0.644772 0.408703 0.992606 -0.821476 -0.416492 0.0137231 0.735295 0.534574 0.476956 : 0.5
0.610478 0.490307 0.981907 -0.80145 -0.881428 0.0494008 0.583931 0.543809 0.918917 : 0.4
0.660218 0.284276 0.88797 -0.994147 -0.361761 0.0575009 0.520929 0.775251 0.252976 : 0.4
0.539079 0.333714 0.878106 -0.964094 -0.155765 -0.031237 0.412968 0.607227 0.228154 : 0.2
0.65524 0.343852 0.867366 -0.864122 -0.156602 0.0328837 0.320509 0.84559 -0.0960554 : 0.8
0.59611 0.433446 0.936118 -0.83505 -0.311361 0.0910155 0.715133 0.779088 0.809917 : 0.5
0.47548 0.412712 0.808949 -1 -0.0360812 0.0502037 0.823266 0.719083 0.966793 : 0.4
0.51415 0.398222 0.848524 -0.83786 -0.126 -0.0335383 0.696068 0.378477 0.207008 : 0.7
0.713547 0.329169 0.806221 -0.743881 -0.366832 0.0546327 0.0405893 0.691346 0.0304528 : 0.6
0.677551 0.499733 0.977593 -0.855722 -0.103573 0.0955821 0.719465 0.745129 1 : 0.8
0.728571 0.387206 0.855166 -0.901129 -0.181264 -0.0424238 0.217032 0.272249 0.0526074 : 0.8
0.458528 0.395796 0.892262 -0.910518 -0.0168243 0.0936793 0.51507 0.620777 0.492772 : 0.4
0.607702 0.407475 0.932129 -0.988629 -0.199064 0.0837846 0.466509 0.798245 0.932286 : 0.8
0.651591 0.398312 0.922783 -0.901445 -0.277199 -0.0370004 0.453829 1 0.496104 : 0.6
0.689458 0.423951 0.968819 -0.85126 -0.0493049 -0.0782157 0.406113 0.387108 0.524667 : 0.7
0.725056 0.408824 0.701007 -0.811234 -0.293094 -0.0290074 0.570059 0.423679 -0.368359 : 0.9
0.633691 0.406722 1 -0.843024 -0.337434 -0.161403 0.501795 0.604251 0.594089 : 0.6
0.646053 0.392711 0.891317 -0.826305 -0.304406 -0.025441 0.490763 0.654985 -0.416638 : 0.6
0.668152 0.465344 1 -0.922177 -0.350082 0.128351 0.115239 -0.323898 0.358977 : 0.7
0.601957 0.513806 0.92465 -0.951034 -0.145585 -0.000400426 0.341987 0.690123 -1 : 0.3
0.60819 0.462903 0.893179 -0.930006 -0.347875 0.051558 0.148912 0.719264 0.58943 : 0.5
0.722417 0.282633 0.848308 -0.921008 -0.226788 0.108125 1 0.56848 0.337958 : 0.8
0.69003 0.283357 0.726422 -0.96325 -0.165656 0.137183 0.267087 0.596444 0.134908 : 0.8
0.78794 0.379921 0.899284 -0.943692 -0.120596 0.219938 0.366448 0.501061 0.627129 : 0.9
0.69923 0.132529 0.853899 -0.994145 -0.328162 0.0258105 0.204288 0.869447 0.904829 : 0.7
0.757566 0.384012 0.807917 -0.873305 -0.275823 0.0455998 0.49532 0.892252 0.665634 : 0.8
0.583609 0.36991 0.923326 -0.961556 0.00925285 0.0889253 0.36349 0.442988 1 : 0.6
0.529587 0.288717 0.939697 -0.965047 -0.240082 0.0633541 0.459645 0.474 0.241263 : 0.6
0.69056 0.454688 0.922688 -0.804607 -0.140834 0.180475 0.499328 0.76194 0.284936 : 0.7
0.592441 0.412942 0.890152 -0.99171 -0.494642 0.0595533 0.359001 0.596602 -0.707925 : 0.7
0.6674 0.165299 0.875011 -0.887333 -0.38387 0.106862 0.243465 0.0554582 -0.528633 : 0.4
0.648167 0.365556 0.971041 -0.944434 -0.0563572 -0.112213 0.44354 0.042246 -0.733953 : 0.3
0.707883 0.431182 0.940733 -0.983303 -0.358101 0.00778441 0.311756 0.380297 0.736272 : 0.6
0.608071 0.322207 0.898783 -0.938028 -0.145945 0.0228904 0.432655 0.768255 0.429582 : 0.5
0.645575 0.518109 0.900521 -0.919279 -0.176946 0.160581 0.428323 0.588651 0.671564 : 0.8
0.715461 0.348716 0.867088 -0.944271 -0.41823 0.0519494 0.177647 0.927385 0.172483 : 0.9
0.681874 0.343739 0.922901 -0.884493 -0.347607 0.609484 0.699526 0.232637 -0.247817 : 0.5
0.591362 0.402757 0.989031 -0.980669 -0.306339 0.0533264 0.328559 0.484827 -0.102021 : 0.7
0.679918 0.447164 0.764556 -0.833378 -0.116512 0.115362 0.477804 0.996895 -0.708505 : 0.7
0.781785 0.437139 0.921963 -1 0.173121 -0.0802753 0.508082 0.493933 0.208409 : 0.8
0.580326 0.342914 0.924503 -0.946409 -0.319556 0.180076 0.116498 0.651199 -0.556631 : 0.4
0.638704 0.413639 0.927969 -0.921308 -0.144114 0.0624064 0.298607 0.81939 0.500899 : 0.5
0.592154 0.320736 0.847643 -0.968412 -0.522824 0.112921 0.77143 0.291209 0.704606 : 0.6
0.624333 0.376463 0.704767 -0.918064 -0.185772 -0.0667113 0.459678 0.42807 0.599997 : 0.3
0.698258 0.365481 0.935603 -0.810643 -0.28134 -0.173125 0.284861 0.144197 0.548266 : 0.5
0.729721 0.365507 1 -0.812446 -0.249845 -0.028168 -0.227384 0.545276 -0.114453 : 0.6
0.668769 0.375401 0.902851 -0.919363 -0.24329 0.0724458 0.267909 0.611143 0.714193 : 0.7
1 0.395612 0.859466 -0.888087 -0.373134 -0.0356562 0.954094 0.353871 0.286299 : 0.7
0.539231 0.352327 0.94223 -0.808372 -0.136185 0.255312 0.60599 0.698397 0.639221 : 0.6
0.721128 0.385732 0.830676 -0.977463 -0.330666 -0.0427699 0.521727 0.499505 1 : 0.7
0.673148 0.390898 0.945725 -0.913418 -0.192401 0.116826 0.384691 0.593659 0.337791 : 0.8
0.709034 0.475324 0.957566 -0.826251 -0.140039 0.150897 0.564977 0.769435 0.323648 : 0.7
0.640466 0.387982 0.965198 -0.93933 -0.163229 0.134994 0.53778 0.347252 0.838392 : 0.8
0.726926 0.489465 0.943802 -0.912208 -0.13912 -0.0684019 0.360634 0.714981 0.0451281 : 0.9
0.686539 0.384765 0.948073 -0.841628 -0.242779 0.0935258 1 0.230117 0.144546 : 0.6
0.629621 0.387789 0.971921 -0.835013 -0.385468 -0.0222199 0.608654 0.639141 -1 : 0.5
0.753902 0.313421 0.983807 -0.863411 -0.476327 0.116628 0.490468 0.929955 0.218654 : 0.6
0.62735 0.389027 0.813324 -0.822489 -0.216239 -0.0449781 0.816623 0.991555 0.525795 : 0.8
0.673489 0.356442 0.876764 -0.969081 -0.217423 0.0470719 0.604199 0.377065 0.5873 : 0.9
0.604916 0.432949 0.909368 -0.974639 -0.392567 0.257208 0.0772592 0.343286 0.743458 : 0.8
0.655083 0.312313 0.965508 -0.987814 -0.498554 -0.00277045 -0.16898 0.595947 0.0764912 : 0.6
0.66533 0.4844 0.931507 -0.899147 -0.222637 0.0301666 0.334138 0.311244 -0.10766 : 0.3
0.644834 0.406226 0.96579 -0.886921 -0.158307 0.178668 1 0.409843 0.204984 : 0.6
0.709505 0.457935 0.960066 -0.862 -0.00929862 -0.0217839 0.61756 0.454652 -0.320038 : 0.7
0.609586 0.437142 0.922385 -0.948085 -0.253936 -0.0128848 0.639306 0.883407 -0.384446 : 0.7
0.552811 0.476175 0.888277 -0.912418 -0.409485 0.125253 0.464823 0.850736 0.0416197 : 0.6
0.684581 0.362075 0.859354 -0.895458 -0.305595 0.0927356 0.0817097 0.566955 0.147444 : 0.6
0.649055 0.537978 0.974797 -0.958958 -0.411393 0.0843452 0.223036 0.545373 1 : 0.6
0.605838 0.416269 0.924743 -0.822455 -0.142981 0.289129 0.291434 0.644081 0.440225 : 0.6
0.649765 0.445953 1 -0.94349 -0.130513 0.0936003 0.382262 0.413632 0.497404 : 0.4
0.676947 0.385763 0.93917 -0.891497 -0.238292 0.14782 0.808869 0.0339912 0.457622 : 0.6
0.67954 0.368063 0.933125 -0.844273 -0.225928 -0.027498 0.572329 0.213206 0.361919 : 0.1
0.611423 0.371682 0.933667 -0.981804 -0.242459 -0.1214 0.252635 0.564515 0.199666 : 0.6
0.645445 0.352968 0.989014 -0.991247 -0.414124 0.0976004 0.225386 0.955517 0.575953 : 0.6
0.611502 0.342479 0.939416 -0.933562 -0.202813 -0.132266 0.161085 0.404008 0.786605 : 0.6
0.609491 0.367349 0.911302 -0.926189 -0.43063 0.0930586 0.762291 0.404634 -0.403894 : 0.6
0.471116 0.376358 0.9383 -0.924798 -0.281012 -0.0667458 0.470104 0.591073 0.73739 : 0.6
0.669421 0.412293 0.726447 -0.717889 -0.264053 0.085456 0.426511 0.659166 -0.644564 : 0.6
0.731191 0.556628 0.923253 -0.839531 -0.389162 -0.0699972 0.375183 0.762274 0.029245 : 0.8
0.707983 0.354834 0.893465 -0.903866 -0.235734 -0.0715862 0.648165 0.437321 0.408114 : 0.7
0.765371 0.426538 0.927068 -0.919783 -0.471099 0.0632404 0.0430061 0.329373 1 : 0.7
0.619125 0.37905 0.925306 -0.760167 -0.54171 -0.111195 0.383891 0.93081 -0.196722 : 0.7
0.697596 0.50605 0.947797 -1 -0.371816 0.139444 0.656877 0.278336 0.982887 : 0.7
0.656208 0.433485 0.930897 -0.848458 -0.0741794 -0.0273178 0.074156 0.615084 0.602866 : 0.5
0.647165 0.362177 0.90441 -0.960156 -0.259514 0.017493 0.647039 0.87308 0.468642 : 0.7
0.691921 0.2969 0.908021 -0.8318 -0.0849038 -0.102198 0.274301 0.3495 0.540759 : 0.7
0.659146 0.414776 0.954597 -0.888137 -0.132397 0.082443 -0.0365362 0.159446 1 : 0.4
0.668818 0.382834 0.827504 -0.901187 0.0908283 0.0374864 0.257922 0.528163 0.15587 : 0.3
0.7169 0.299763 0.987527 -1 -0.17119 -0.142549 -0.0426136 0.600286 0.157517 : 0.6
0.700149 0.407832 0.972896 -1 -0.304914 0.102594 0.135848 0.457203 0.464108 : 0.4
0.712877 0.571091 0.83813 -0.97127 -0.114082 0.193968 0.250077 0.407565 0.257375 : 0.5
0.551854 0.423289 0.960765 -0.874049 -0.424172 0.163885 0.858004 0.270033 0.638143 : 0.6
0.638355 0.251426 0.989668 -1 -0.270345 -0.0459635 -0.0574028 0.870082 -0.127298 : 0.7
0.801587 0.390224 0.835792 -0.936892 -0.464709 0.0124079 0.325583 0.648642 -0.6274 : 0.7
0.608299 0.399373 0.97172 -0.783822 -0.281995 -0.150609 0.669575 0.667711 -0.911362 : 0.7
0.49652 0.277822 0.884965 -0.814717 -0.330001 -0.0646813 0.455675 0.555373 0.275559 : 0.1
0.621141 0.396657 1 -0.88465 -0.346565 -0.202496 0.727286 0.485801 0.988978 : 0.4
0.605901 0.513438 0.895124 -0.923337 -0.214967 0.418648 1 1 0.250972 : 0.6
0.490176 0.392729 0.996045 -0.95351 -0.139678 0.260744 0.414026 0.673507 -0.996964 : 0.6
0.625622 0.399273 0.880581 -0.853913 -0.168641 0.150038 -0.0233394 0.296947 -0.186068 : 0.8
0.594334 0.344221 0.942009 -0.942532 -0.0939018 0.0535868 0.595638 0.601009 1 : 0.8
0.729221 0.477649 0.987913 -0.864139 -0.0254689 -0.00148315 0.439342 0.987449 0.868147 : 0.7
0.674173 0.439046 0.827714 -1 -0.0418609 0.0703715 0.537116 0.36884 -0.42223 : 0.4
0.687662 0.427666 0.95131 -0.850258 -0.330002 0.0252718 1 0.63882 0.854391 : 0.7
0.637211 0.469169 0.918727 -0.879534 -0.16867 0.0177014 0.792993 0.464511 0.59778 : 0.8
0.676493 0.350841 0.947377 -0.985084 -0.136895 -0.104927 0.641338 0.446911 -0.148984 : 0.6
0.669703 0.393136 0.867384 -0.921669 -0.163284 0.0127939 0.990451 0.780134 -0.171393 : 0.6
0.729424 0.390524 0.86326 -0.828416 -0.0764412 0.0679239 0.445965 0.446262 -0.0712029 : 0.6
0.548944 0.353513 0.986078 -1 -0.54277 -0.034568 0.363679 0.565843 0.76915 : 0.6
0.689185 0.468864 0.906651 -0.851107 -0.306778 0.140966 0.488135 -0.0461518 0.864183 : 0.8
0.727306 0.402332 0.821314 -0.888444 0.248829 0.00300589 0.569485 0.470496 0.447304 : 0.6
0.746273 0.367626 0.899862 -0.843177 -0.470105 -0.113463 0.395752 0.516398 0.985515 : 0.7
0.689317 0.491254 0.889581 -1 -0.300755 0.106684 0.620043 0.639349 0.987771 : 0.5
0.81178 0.424699 0.846445 -0.885403 -0.203172 -0.363942 0.56256 0.856437 0.630698 : 0.8
0.812147 0.389731 0.901006 -0.863076 -0.115337 0.408482 0.433787 1 1 : 0.5
0.719559 0.435563 0.932663 -0.886625 -0.211091 -0.0443852 0.419255 0.308188 -0.0756139 : 0.5
0.634642 0.383386 0.881208 -0.842725 -0.289629 0.0698053 0.570542 0.556673 0.431719 : 0.6
0.650336 0.359106 0.950269 -0.83161 -0.0225465 -0.0306798 0.887481 0.925989 0.451858 : 0.5
0.662297 0.421671 0.756155 -0.745371 -0.214883 0.119961 0.22349 0.768412 -0.127614 : 0.7
0.449561 0.322539 0.878539 -0.749572 -0.337534 0.0789385 0.200639 0.722535 -0.284217 : 0.7
0.590528 0.400744 0.854122 -0.728287 -0.160319 -0.146188 0.524556 0.64905 -0.118594 : 0.8
0.557165 0.393235 0.929534 -0.936889 -0.131163 0.108104 0.356112 0.6454 0.267462 : 0.6
0.728164 0.486427 0.864206 -0.926871 -0.207835 0.241604 0.372024 0.719797 0.0445087 : 0.7
0.709446 0.4174 0.722812 -0.836369 -0.464965 -0.0147851 1 0.898295 -0.328876 : 0.5
0.520159 0.235286 0.957191 -0.927326 -0.547257 0.119331 0.300708 0.59977 -0.679474 : 0.7
0.683826 0.3428 0.959162 -0.942244 -0.286571 0.194235 0.919167 0.838868 0.736628 : 0.7
0.655135 0.456216 0.922174 -0.892167 -0.013055 0.0428963 0.0610659 0.604607 0.164827 : 0.5
0.51842 0.415545 0.990409 -0.88967 -0.52869 0.0832079 0.371103 0.569488 -0.289095 : 0.7
0.654112 0.353053 0.898283 -0.907425 0.0138032 -0.102307 0.488999 0.320166 0.15066 : 0.3
0.618594 0.352272 0.936708 -0.913651 -0.199655 0.142726 0.294192 0.471089 -0.0680225 : 0.6
0.663114 0.334051 0.938179 -0.94735 -0.127156 -0.0395313 0.698157 0.387537 0.562803 : 0.9
0.672706 0.300406 0.899262 -0.939726 -0.202405 -0.143071 0.443603 0.153989 -0.282005 : 0.6
0.653778 0.376223 0.733453 -0.678558 -0.178815 -0.0437329 0.223463 1 -0.122177 : 0.8
0.639482 0.300776 0.901911 -0.806218 0.166179 0.0341299 0.540272 0.407436 0.71424 : 0.5
0.616635 0.389903 0.889496 -0.968627 -0.314666 0.0189294 0.396303 1 -0.756571 : 0.6
0.632217 0.355844 0.453381 -0.95672 -0.312407 -0.0225518 0.470779 0.525732 0.50612 : 0.4
0.642808 0.254643 1 -0.959346 -0.360565 0.0593765 0.546791 0.693051 0.440841 : 0.5
0.741566 0.398056 0.922531 -0.999243 -0.312565 -0.0868683 0.080668 0.551846 0.115334 : 0.7
0.450214 0.452367 0.79202 -0.872792 -0.17174 0.121775 0.53599 0.311228 0.601599 : 0.4
0.695444 0.382069 0.854436 -0.89887 -0.33979 0.165778 -0.0103796 0.448717 -0.216846 : 0.2
0.558635 0.373157 0.971138 -0.982346 -0.0211096 0.00503942 0.480871 0.327052 1 : 0.3
0.671555 0.369953 0.98394 -0.876449 -0.206736 -0.056676 0.40336 0.589667 -0.0412559 : 0.8
0.62541 0.205818 0.921556 -0.867171 0.0801664 0.119558 -0.0371246 1 0.220839 : 0.7
0.681009 0.257083 0.961636 -0.915462 -0.353581 -0.0610308 0.421404 0.618571 0.704896 : 0.5
0.689955 0.395064 0.676477 -0.906094 -0.351056 -0.290498 0.266237 0.536486 0.277288 : 0.7
0.609845 0.462633 0.931999 -0.813696 -0.258538 -0.228864 0.440321 0.568596 1 : 0.9
0.6883 0.426817 0.836377 -0.876777 -0.288974 -0.140147 0.715031 0.203329 0.736438 : 0.5
0.616513 0.39148 0.874242 -0.846782 -0.46279 -0.123511 0.453626 0.175478 0.375018 : 0.6
0.431083 0.348177 0.86112 -0.991952 -0.0967454 0.0124465 0.576545 0.279987 -1 : 0.6
0.677936 0.393837 0.942048 -0.971944 -0.283549 0.138511 0.216491 0.641584 0.374343 : 0.6
0.589391 0.646327 0.808142 -0.966166 -0.375798 0.185553 0.386929 0.258786 -0.558332 : 0.6
0.710813 0.375229 0.873288 -0.946941 0.0160418 0.257811 0.996266 0.282351 0.503018 : 0.9
0.652128 0.517477 0.957283 -0.907178 -0.048078 0.0385034 0.320071 1 0.198019 : 0.5
0.583603 0.430618 0.897253 -0.970231 -0.183891 0.0655222 0.535373 0.783475 0.375915 : 0.5
0.620907 0.521667 0.9882 -0.765747 -0.570582 0.254293 0.492967 0.565068 0.0384462 : 0.8
0.682805 0.415449 0.857739 -1 -0.216989 0.0480361 0.599208 0.349658 -0.978969 : 0.7
0.671422 0.314472 0.900864 -0.816258 -0.323039 -0.139675 0.393682 0.345418 -0.0451868 : 0.8
0.616066 0.388661 0.980875 -1 -0.563763 0.149696 -0.287954 0.848612 -0.338954 : 0.7
0.714517 0.383451 0.923579 -0.922754 -0.285311 0.232395 0.901614 0.421751 -0.147503 : 1
0.618389 0.398863 0.954877 -0.975383 -0.322754 0.0873538 0.0216066 0.488992 1 : 0.5
0.667176 0.495792 0.910497 -0.894396 -0.287202 0.0301536 0.336702 0.466718 1 : 0.7
0.671542 0.423455 0.934391 -0.877996 -0.281362 0.129195 0.596351 0.284963 -1 : 0.5
0.744092 0.392057 0.900638 -0.799665 -0.263977 0.0621164 0.2242 0.485331 0.0332485 : 0.8
0.611617 0.422395 0.835623 -0.711726 0.0474202 -0.102348 0.339921 0.277157 0.621157 : 0.8
0.719499 0.392893 0.899428 -0.852122 -0.361941 -0.0238901 0.595333 0.141236 0.219465 : 0.4
0.665899 0.448552 0.990176 -0.933271 -0.00288022 0.086219 0.4915 0.768758 0.304346 : 0.7
0.757963 0.42106 0.999619 -0.881203 -0.117924 0.255083 0.544626 0.365592 -0.741881 : 0.5
0.75508 0.40079 0.884556 -0.989936 -0.210045 0.0555492 0.18836 0.401325 -0.0609494 : 0.7
0.734065 0.41947 0.866349 -0.922901 -0.377578 0.155594 0.23694 0.357609 0.295491 : 0.3
0.630724 0.459353 0.912238 -0.816106 -0.186998 -0.218476 0.24616 0.361545 0.630509 : 0.4
0.693954 0.625498 0.882718 -0.969413 -0.531285 0.034154 0.460745 0.657917 0.668299 : 0.4
0.692706 0.468612 0.840496 -0.903844 -0.045557 -0.0782392 0.543457 0.972393 0.199748 : 0.5
0.483191 0.390746 0.932262 -0.941744 -0.159085 -0.00352115 0.423792 0.639082 -0.682091 : 0.4
0.679301 0.343318 0.982809 -0.747581 -0.261622 -0.0523248 0.859982 0.3414 1 : 0.5
0.705549 0.264317 0.935224 -0.837826 -0.30404 0.0531258 0.342627 0.331642 0.748814 : 0.6
0.612946 0.409783 0.903817 -0.897709 -0.164424 0.163655 0.521352 0.58137 0.638024 : 0.4
0.618481 0.326515 0.962212 -0.876389 -0.642866 0.0117496 0.813017 0.528756 0.417451 : 0.5
0.672705 0.46722 0.846552 -0.986477 -0.315646 0.159187 0.331011 0.396393 1 : 0.4
0.602485 0.314401 0.987497 -0.958076 -0.312424 0.0433937 0.650139 0.537138 -0.280166 : 0.7
0.690198 0.409107 0.871536 -0.888055 -0.121154 -0.0506397 0.638894 0.845234 0.167505 : 0.6
