0.635673 0.37157 0.853132 -0.876732 -0.205681 0.0913547 0.287145 0.604179 0.82589 : 0.8
0.666273 0.368339 0.753492 -1 -0.2634 0.115219 0.282491 0.640758 0.64092 : 0.6
0.761265 0.193228 0.793857 -0.928906 0.0238713 0.147507 -0.33414 0.912705 1 : 0.6
0.701911 0.394988 1 -0.806591 -0.0457568 0.0292951 0.357066 0.631632 -0.515577 : 0.4
0.811477 0.346171 0.910911 -0.813718 -0.230376 0.0636017 0.430762 0.728886 -0.187879 : 0.7
0.876095 0.444354 0.935977 -0.899256 -0.146199 -0.063677 0.455119 0.597444 0.423578 : 0.5
0.594706 0.420607 0.950042 -0.91382 0.0578088 0.0545393 0.750999 0.662636 1 : 0.8
0.769368 0.453267 0.86813 -0.865567 -0.167554 0.0268808 0.30907 0.617524 -0.778198 : 0.6
0.630402 0.424822 0.929122 -1 -0.169597 0.169858 0.309083 0.453096 0.977808 : 0.7
0.641555 0.411164 0.800427 -0.851085 -0.0445416 0.0574568 0.470394 0.866593 0.1088 : 0.7
0.705127 0.452664 0.938109 -0.945696 -0.345983 0.152477 0.535897 0.76295 1 : 0.6
0.717364 0.406658 0.944666 -0.739931 -0.157025 0.13577 0.615863 0.699142 -0.673351 : 0.5
0.5776 0.426808 0.832725 -0.836999 -0.0870667 0.0755559 0.430913 0.677489 0.643285 : 0.8
0.659212 0.421898 0.810744 -0.899442 -0.22124 0.0865633 0.292749 0.811502 -0.709204 : 0.7
0.668962 0.425643 0.96848 -0.838023 -0.268848 0.123092 0.403729 0.358562 0.220359 : 0.8
0.679893 0.415403 0.93017 -0.813942 -0.150197 0.181787 0.427857 0.437308 0.110375 : 0.6
0.721431 0.415964 0.835736 -0.867629 -0.302963 0.0674047 1 0.626438 -0.320753 : 0.8
0.74182 0.376441 0.83458 -0.911123 0.00258428 0.039289 0.886723 0.677235 -0.576054 : 0.8
0.694672 0.413362 0.968672 -0.89311 -0.110701 0.1252 0.211088 0.746494 0.947136 : 0.6
0.708381 0.445894 0.901395 -0.916828 -0.340596 0.00346045 0.372707 0.956903 0.379373 : 0.5
0.678989 0.372246 1 -0.876118 -0.234962 0.0752642 0.378672 0.518794 -0.049085 : 0.7
0.749354 0.705729 0.965595 -0.986991 -0.258725 0.102439 0.549754 0.46387 0.0422019 : 0.8
0.702166 0.407867 0.895421 -0.923411 -0.242279 0.0433913 0.394516 1 0.0800934 : 0.7
0.758055 0.372104 0.766875 -0.839553 -0.261794 0.0822332 0.336372 0.722143 -0.151634 : 0.5
0.706709 0.375838 0.891809 -0.979003 -0.201396 -0.0522361 1 0.0744957 0.0702308 : 0.3
0.604556 0.492559 0.850708 -0.972575 -0.202566 0.0668102 0.198603 0.663312 -0.497185 : 0.5
0.783902 0.554444 0.916764 -0.82045 -0.156454 0.201747 0.2394 0.840512 -0.139056 : 0.8
0.663156 0.415131 1 -0.79387 -0.138791 0.0048499 0.535802 0.532054 1 : 0.7
0.697697 0.432322 0.996287 -0.980989 -0.180931 0.165981 0.446196 0.790719 0.302507 : 0.5
0.700538 0.418211 0.896771 -0.787221 -0.144158 -0.0463538 0.456935 0.415146 0.319893 : 0.5
0.710722 0.331823 0.944625 -0.933274 -0.346827 -0.0316854 0.56033 0.647813 0.173629 : 0.5
0.692879 0.405985 0.926766 -0.824449 -0.188 0.272528 0.461851 0.41094 0.10996 : 0.5
0.713132 0.481091 0.914708 -0.553041 -0.121403 0.0475517 0.17547 1 0.218376 : 0.6
0.746551 0.402582 0.739496 -0.966176 -0.332571 0.0586604 0.301435 0.797046 0.209851 : 0.5
0.708078 0.453795 0.863692 -0.906956 -0.39217 0.0988904 0.41976 0.0408525 0.0524799 : 0.7
0.674629 0.43602 0.961208 -1 -0.106834 -0.00981317 0.356543 0.605317 0.665925 : 0.9
0.682653 0.452416 0.937233 -0.867562 -0.15643 0.160142 0.393896 0.783045 0.70918 : 0.7
0.706798 0.382234 0.908708 -0.898752 -0.517208 0.107963 0.298349 1 0.331271 : 0.7
0.68459 0.437772 1 -0.843502 -0.137238 0.0267947 0.601383 0.790622 -0.349039 : 0.7
0.701597 0.417181 0.875445 -0.942496 -0.097541 0.0696916 0.390142 0.950591 0.0387214 : 0.6
0.711649 0.400109 1 -0.839476 -0.17273 0.164442 0.629293 0.623951 -0.241328 : 0.7
0.711714 0.33763 0.897616 -0.831741 -0.150883 0.00107402 0.358742 0.801329 0.423187 : 0.6
0.666538 0.447827 0.764905 -0.856036 0.0418794 0.0605821 0.536601 0.820937 -0.0194518 : 0.9
0.697384 0.432316 0.851713 -0.862054 -0.165098 0.0992548 1 0.580969 0.176269 : 0.9
0.713002 0.396367 1 -0.826907 -0.247135 0.0845009 0.5479 1 0.390161 : 0.6
0.785629 0.394005 0.959918 -1 -0.123654 0.0956221 0.442992 0.561077 -0.323852 : 0.7
0.65763 0.347393 1 -0.835518 -0.290387 0.0861957 0.549348 0.174594 -0.284851 : 0.7
0.762389 0.411806 0.928123 -0.908333 -0.200109 -0.0565194 0.269346 0.707851 1 : 0.5
0.708915 0.445809 0.812356 -0.888283 -0.0463018 0.246909 0.389684 0.185609 -0.0163176 : 0.9
0.712729 0.401987 0.975762 -0.891604 -0.305948 0.147667 -0.000972033 0.610926 0.808535 : 0.8
0.755722 0.469304 0.861035 -0.706156 -0.154962 0.0799717 0.326537 0.822459 0.590694 : 0.7
0.667276 0.417751 0.998412 -0.833533 -0.209449 0.0313751 0.348162 0.83963 0.156118 : 0.8
1 0.30312 0.927009 -0.91848 -0.133539 0.0331961 0.242907 0.716042 0.574125 : 0.6
0.610264 0.40615 0.945115 -0.89603 -0.289295 0.0343881 0.30876 0.71537 0.115774 : 0.7
0.657405 0.523291 0.842405 -0.892754 -0.248356 0.0922852 0.160261 0.467529 0.666317 : 0.6
0.662898 0.403935 0.810635 -0.967693 -0.0584103 0.0804044 0.300712 0.809707 -0.250851 : 0.7
0.694269 0.357853 0.913653 -1 -0.0752517 0.099669 0.274926 0.554168 -0.616113 : 0.2
0.675897 0.46291 0.904459 -0.976557 -0.221255 0.122067 0.309705 0.588712 -0.0597767 : 0.8
0.698333 0.430134 0.98158 -0.954006 -0.216393 0.0626015 0.452172 0.688854 0.32935 : 0.6
0.678744 0.443606 0.977319 -0.845996 -0.0447756 0.0408982 0.317032 0.775851 0.883873 : 1
0.670221 0.412377 0.92422 -1 -0.124274 0.0481247 0.364517 1 0.33532 : 0.8
0.718986 0.427901 0.957258 -0.859191 -0.778065 0.130728 -0.508275 0.728514 0.757454 : 0.7
0.640406 0.330077 0.89867 -0.960317 -0.186102 0.00866482 0.619448 0.690006 -0.127157 : 0.6
0.685208 0.3954 0.912795 -0.81446 -0.0461819 0.0930992 0.318923 0.840637 1 : 0.8
0.690202 0.395729 0.99406 -0.879313 -0.246794 -0.0155398 0.352096 0.909523 0.339052 : 0.8
0.719489 0.378202 0.942097 -0.919201 -0.199595 0.0430325 0.567966 0.612534 0.129522 : 0.6
0.717117 0.416313 0.877545 -0.949805 -0.0532522 -0.138811 0.44766 0.342317 0.394716 : 0.3
0.754814 0.506855 0.946981 -0.912435 -0.0679877 -0.0786581 0.651021 1 0.644629 : 0.5
0.707582 0.494454 0.956843 -0.847327 -0.157877 0.07347 0.242768 0.893568 1 : 0.6
0.701955 0.391164 0.959677 -0.988381 -0.173682 0.13009 0.271269 0.54137 -0.0456081 : 0.7
0.645828 0.409695 0.965479 -0.831719 -0.219189 -0.00194225 0.299408 1 0.0200687 : 0.9
0.702708 0.429532 0.928917 -0.934379 -0.100703 -0.404277 0.17941 0.409498 0.0970691 : 0.7
0.719404 0.402238 0.957975 -0.880495 -0.189106 0.0109753 0.49131 0.748307 0.0847838 : 0.7
0.629251 0.288466 0.950999 -0.926993 -0.210339 0.0940123 0.434332 0.785496 1 : 0.6
0.819062 0.333077 1 -0.838841 -0.103823 0.0705549 0.611409 1 1 : 0.7
0.702685 0.358972 0.949107 -0.82115 -0.489555 0.124476 0.602664 0.624337 -0.0478656 : 0.7
0.618408 0.427624 0.941175 -0.819256 -0.0937862 0.00737393 0.288892 0.82364 -0.103592 : 0.9
0.698052 0.409171 0.725079 -0.820273 -0.43752 0.100891 0.573276 0.33817 0.230792 : 0.5
0.82933 0.29109 0.85168 -0.809888 -0.194256 -0.0410332 0.46675 0.731857 -0.705697 : 0.6
0.791287 0.441791 0.950006 -0.929165 -0.0754119 0.083463 0.654419 0.880405 0.741616 : 0.4
0.670387 0.415037 0.958819 -0.943913 -0.311862 0.164539 0.315046 0.22538 0.0869736 : 0.6
0.661922 0.437539 1 -0.905725 -0.346143 -0.00764723 1 0.740138 -0.115492 : 0.5
0.658253 0.385126 0.975009 -0.886515 -0.214891 0.0777149 0.564147 0.499519 0.256493 : 0.6
0.659485 0.413322 1 -0.912899 -0.0926555 0.0817846 0.33121 0.721154 0.169425 : 0.9
0.642696 0.40961 0.73919 -0.840604 -0.214912 -0.000811115 0.336004 1 0.252004 : 0.7
0.615793 0.386367 0.935318 -0.925535 -0.126209 0.093865 0.584673 0.435515 -0.726651 : 0.9
0.695062 0.406103 0.897838 -1 -0.199074 0.206362 0.466958 0.91683 0.139664 : 0.7
0.783811 0.387104 0.735469 -1 -0.187288 0.119351 0.422579 0.841167 0.471443 : 0.7
0.693428 0.420805 0.828494 -0.952149 -0.0708165 0.333071 0.233422 0.0319692 -0.141511 : 0.9
0.662316 0.435088 1 -0.805871 -0.221567 0.0408324 0.313364 0.637209 0.189315 : 0.5
0.779124 0.392196 0.960435 -0.941009 -0.251205 0.089661 0.191932 0.693796 1 : 0.9
0.760813 0.296296 0.889545 -0.972166 -0.0524632 0.104897 0.341808 0.148635 0.0650898 : 0.7
0.778376 0.465792 0.825257 -0.862661 -0.152576 0.0820704 0.101634 0.0791207 0.0684085 : 0.6
0.618208 0.43707 0.906503 -0.758426 -0.141724 0.0811024 0.419475 0.427939 0.699458 : 0.8
0.652497 0.415263 0.957668 -0.892328 -0.115971 0.0233345 0.709966 0.791594 0.297195 : 0.7
0.632804 0.438006 0.888376 -0.885071 -0.281853 0.0147412 0.429833 0.786362 -0.191216 : 0.7
0.678389 0.42059 1 -0.932713 -0.0916641 0.0481545 0.360386 0.484191 0.279213 : 0.8
0.676096 0.444435 0.784148 -0.930422 -0.209045 0.0600202 0.329674 1 0.153398 : 0.6
0.659998 0.32516 0.965287 -0.942062 -0.221574 -0.134833 0.296178 0.768432 0.336557 : 0.7
0.663881 0.390276 0.854192 -0.879485 -0.198625 0.068045 0.319215 0.796578 0.434539 : 0.7
0.704393 0.387157 0.935348 -0.859974 -0.407154 0.0496998 0.461526 0.0519581 0.604945 : 0.9
0.707527 0.404542 0.944022 -0.856427 -0.222306 0.0460265 0.501502 0.653609 -0.670368 : 0.7
0.695193 0.389276 0.405223 -0.959851 -0.200056 0.0170565 0.0579432 0.734349 -0.0826399 : 0.8
0.718267 0.408252 0.939585 -0.903166 -0.19866 -0.101139 0.745112 0.618704 0.993192 : 0.9
0.686352 0.427414 0.855695 -0.92093 -0.253003 0.135094 -0.183993 0.85526 0.0737362 : 0.7
0.846304 0.340273 0.928279 -0.951175 -0.155472 -0.0488057 0.35288 0.642336 -0.620787 : 0.6
0.690204 0.376742 0.97432 -1 -0.332799 -0.0446468 0.985 0.733531 0.137842 : 0.8
0.702598 0.3826 0.91114 -0.962194 -0.242404 0.0651046 0.00771764 0.815744 -1 : 0.4
0.692609 0.40761 0.511687 -0.953642 -0.0827784 -0.0287103 0.490377 0.792016 -0.194422 : 0.8
0.661317 0.372057 0.975909 -0.904632 -0.355675 0.201081 -0.0614766 0.206368 0.882409 : 0.8
0.779346 0.441187 0.939897 -0.876324 -0.0972321 0.212583 0.329037 0.593392 -0.0333691 : 0.9
0.720412 0.402139 0.996942 -0.838126 -0.286394 0.0266667 0.321475 0.672865 -0.08443 : 0.8
0.724592 0.387203 0.63613 -0.846478 -0.293563 -0.0391157 0.467711 0.716835 -0.199452 : 0.6
0.677218 0.33587 0.98788 -0.92625 -0.255028 0.0374545 0.364761 0.341664 -0.141603 : 0.5
0.684102 0.439016 0.988661 -0.830651 -0.152216 0.095522 0.344763 0.647952 0.935263 : 0.4
0.618276 0.379999 0.936189 -0.849289 -0.165572 0.106346 0.327289 0.655412 0.795543 : 0.7
0.704677 0.403488 0.931429 -0.905546 -0.0266019 0.0386209 0.465174 1 0.093082 : 0.8
0.67548 0.383884 0.979775 -0.86405 -0.29863 0.0473652 0.293922 0.681933 0.472794 : 0.7
0.700138 0.393853 0.793978 -0.858513 -0.0618439 0.0906982 0.351175 1 0.48071 : 0.6
0.649134 0.444912 0.910325 -0.743091 -0.205667 0.0807162 0.438865 0.885758 -0.599648 : 0.8
0.683321 0.452832 0.895044 -0.909375 -0.0493943 0.0639448 0.200879 0.925037 0.672885 : 0.6
0.783274 0.430151 0.955064 -0.920527 -0.0695725 0.022173 0.754568 0.704785 1 : 0.7
0.699039 0.417945 0.901404 -0.805941 -0.185945 0.107813 0.254926 0.756432 0.0178027 : 0.6
0.669217 0.420039 1 -0.885777 -0.229213 0.0520815 0.260562 0.752703 0.19554 : 0.6
0.679759 0.403113 0.777283 -0.912929 -0.0789335 -0.0468954 0.367102 0.824674 -0.364569 : 0.5
0.662455 0.404065 0.896752 -0.909737 -0.0840225 0.0501945 0.182209 1 0.351463 : 0.9
0.670171 0.316096 0.94486 -0.691838 -0.0604594 -0.149331 0.476726 0.723639 0.810127 : 0.8
0.746521 0.407412 0.983177 -0.97009 -0.0834958 0.0796213 0.294293 0.278459 0.130433 : 0.7
0.659774 0.363777 0.897172 -0.815391 -0.411895 -0.0419878 0.455941 0.09084 0.622644 : 1
0.688776 0.429004 0.861042 -0.773563 -0.116639 0.0876406 0.456815 0.660615 -0.0299773 : 0.7
0.640078 0.428072 1 -0.890306 -0.146696 0.0898738 0.179669 0.174125 0.0834749 : 0.8
0.68815 0.378642 1 -0.934475 -0.373837 0.0865025 0.667601 0.571048 -0.0847678 : 0.6
0.70305 0.42258 0.832915 -0.816979 -0.267415 0.0422818 0.36637 0.762773 -0.20909 : 0.6
0.819999 0.634495 0.92262 -0.7966 -0.113706 -0.0291584 0.372724 0.598044 0.960801 : 0.6
0.680072 0.39997 0.974606 -0.919757 -0.177039 0.0829252 0.260743 0.567816 0.0853897 : 1
0.655767 0.399248 0.811473 -0.91035 -0.365012 -0.075959 0.9994 0.7231 -0.853584 : 0.3
0.683865 0.391369 0.962339 -0.754696 -0.319614 0.0218284 0.450842 0.750982 -0.671386 : 0.6
0.693108 0.429033 0.899476 -1 -0.747174 -0.0654127 0.305956 0.874547 0.283377 : 0.5
0.683861 0.432785 0.913876 -1 -0.29655 0.303403 0.564772 0.480547 0.0354899 : 0.7
0.677859 0.401318 0.940809 -0.834498 -0.303139 0.152815 0.302038 0.678205 -1 : 0.6
0.686 0.411537 0.940932 -1 -0.2183 0.037588 0.649394 0.713009 1 : 0.9
0.620262 0.392004 0.916454 -0.899619 -0.108543 0.256616 0.290754 0.818115 -0.435472 : 0.8
0.715466 0.4334 0.929635 -0.902906 -0.0713512 0.447229 0.166802 0.617545 0.0367402 : 0.8
0.658646 0.401823 0.765155 -0.897168 -0.122698 0.0826088 0.610334 0.726142 1 : 0.9
0.584763 0.427537 0.977227 -0.860765 -0.192982 0.014243 0.160144 0.848329 -0.209658 : 0.6
0.703952 0.409434 0.973645 -0.823919 -0.142109 0.160089 0.0788961 0.266334 -0.303409 : 0.4
0.763138 0.405494 0.987443 -0.915992 -0.550821 0.114024 0.626646 0.903829 -0.955531 : 0.5
0.674876 0.359053 0.928039 -0.91165 -0.465712 0.0583658 0.513605 0.653945 -0.203965 : 0.6
0.665889 0.374606 1 -0.895214 -0.182459 0.162446 0.145901 0.912582 -0.0530398 : 0.8
0.681768 0.379997 0.947084 -0.815446 -0.241647 0.0637238 0.334281 0.568356 -1 : 0.8
0.768536 0.445998 0.882502 -1 -0.673815 0.275892 0.201363 0.18989 1 : 0.9
0.719959 0.437792 0.900847 -0.879667 -0.629941 0.166528 0.50221 0.682818 -0.755221 : 0.5
0.740048 0.429951 0.962965 -0.916713 -0.487196 0.00841148 0.605893 0.758386 0.475167 : 0.6
0.699217 0.377455 0.857533 -0.83891 -0.380184 0.0939879 0.253274 0.671751 0.761971 : 0.8
0.618081 0.432804 0.94416 -0.963168 -0.269756 0.0144025 0.128479 0.92962 -0.0230042 : 0.6
0.645051 0.458566 0.97453 -0.847325 -0.231727 0.0882201 0.231741 0.792695 0.133274 : 0.4
0.691946 0.417356 0.921143 -0.8566 -0.21202 0.0126995 1 0.640032 0.464624 : 0.4
0.646739 0.308453 0.917981 -0.895214 -0.32975 0.0916203 0.380776 0.598624 0.259927 : 0.6
0.618594 0.406959 0.836722 -0.927584 -0.20106 0.0513006 0.42275 1 0.392096 : 0.8
0.701164 0.431184 0.917674 -0.851563 -0.310387 0.00630203 0.310197 0.595996 -0.0923722 : 0.9
0.699727 0.402321 0.901331 -0.917887 -0.27938 0.0911274 0.542813 0.85026 0.496174 : 0.8
0.736267 0.457943 0.87126 -0.936214 -0.269263 0.0248456 0.227309 0.734152 0.0983277 : 0.5
0.656434 0.411498 0.930867 -0.98065 -0.137801 0.176897 0.897417 1 0.243027 : 0.7
0.830886 0.416215 0.875819 -0.967743 -0.0788009 0.0349146 0.24573 1 0.433538 : 0.7
0.697685 0.486047 0.994113 -0.839492 -0.309803 0.141468 0.385505 0.775261 0.486423 : 0.7
0.618087 0.346872 0.978288 -0.888027 -0.136058 0.094647 0.264069 1 -0.083453 : 0.9
0.69815 0.421665 0.990885 -0.927682 -0.0843812 0.0553976 0.660678 0.507882 -0.748779 : 0.6
0.829522 0.309578 0.924336 -0.91938 -0.402869 0.0974568 0.267985 0.661409 0.639596 : 0.6
0.711417 0.41708 0.658401 -0.853404 -0.233108 0.0637439 -0.0979358 0.706536 0.684683 : 0.7
0.605214 0.376371 0.95689 -0.89164 -0.0652603 0.0980599 0.652857 0.970419 0.0555533 : 0.7
0.777273 0.366231 0.937524 -0.883512 -0.160961 0.210521 0.0711343 0.871288 -0.0202238 : 0.5
0.673545 0.383189 0.816728 -0.912611 -0.288905 0.028901 -0.0281282 0.832932 -0.125299 : 0.8
0.723588 0.454483 0.709839 -0.920915 -0.177616 0.171116 0.380018 1 0.219746 : 0.8
0.737756 0.437384 0.881612 -0.964922 -0.185207 -0.0113146 0.405245 0.778461 0.226573 : 0.7
0.703763 0.364527 0.917409 -0.991244 -0.241786 0.0540379 0.402088 1 -0.205632 : 0.7
0.723306 0.382289 0.906381 -0.719924 -0.186625 0.0630522 0.72103 0.941706 -0.519616 : 0.6
0.675909 0.376245 0.994523 -0.8591 -0.0958797 0.0377641 0.204015 0.673646 0.353371 : 0.9
0.656552 0.405232 0.466056 -0.889767 -0.313016 0.0248447 0.236892 0.603593 0.0962946 : 0.8
0.702671 0.417649 0.920501 -0.858065 -0.230872 0.0551254 0.978473 0.624132 0.214547 : 0.6
0.691187 0.356245 0.893132 -0.89133 -0.263495 -0.00132998 0.223047 0.735786 -0.519573 : 0.8
0.74524 0.397416 1 -0.893174 -0.239218 0.164056 0.624144 0.602621 0.958168 : 0.9
0.654006 0.318585 0.848906 -0.852565 -0.188744 0.0528404 0.501438 0.671102 0.777966 : 0.7
0.730472 0.316452 0.978267 -0.7831 -0.228616 0.0977015 0.283026 0.757684 0.0430644 : 0.7
0.666911 0.292578 0.953693 -0.86732 -0.0369799 0.0776954 0.103905 0.72787 0.186213 : 0.7
0.651492 0.401323 0.866776 -0.896815 -0.215569 -0.0198544 0.493439 0.571486 0.26254 : 0.1
0.739722 0.459025 0.712492 -1 -0.311318 0.0255698 0.328672 0.401536 0.418678 : 0.5
0.697753 0.395918 0.777125 -0.957609 -0.168729 0.0775056 0.503445 0.353104 -0.161228 : 0.9
0.664874 0.444641 0.869454 -0.961602 -0.157449 0.158775 0.558571 -0.0168498 0.431692 : 0.5
0.584977 0.418579 0.929271 -0.516402 -0.205942 0.0324195 0.310915 0.450642 -0.330454 : 0.6
0.736475 0.484606 0.908441 -0.659271 -0.276231 0.100031 0.5087 0.750744 0.213771 : 0.8
0.680247 0.388473 0.943634 -0.771749 -0.184134 0.110508 0.617863 0.661566 -0.0397966 : 0.7
0.674401 0.415921 0.912911 -0.934025 -0.275053 0.0846288 0.8559 0.0437858 0.0968816 : 0.7
0.668738 0.385331 0.979611 -0.942131 -0.518722 0.137913 0.242644 1 -0.0142154 : 0.7
0.64175 0.404519 0.838335 -0.965399 -0.0199006 0.0882318 0.474982 1 -0.764124 : 0.8
0.615627 0.340436 0.938884 -0.578403 -0.0214698 0.0309659 0.427599 0.496335 0.612185 : 0.6
0.663516 0.367483 0.966556 -0.965938 -0.122039 -0.0286996 0.28335 0.792587 0.0333218 : 0.7
0.653338 0.39381 0.614216 -0.853403 -0.15677 0.107548 0.347651 0.982236 -0.0944383 : 0.7
0.74138 0.442771 0.914224 -0.848617 -0.262407 0.0627118 0.405363 0.856284 0.566997 : 0.6
0.750558 0.43258 0.852781 -0.893278 -0.160707 0.156299 0.508391 0.719036 -0.0609294 : 0.5
0.741302 0.383514 0.925214 -0.930854 -0.0988471 0.117109 0.66468 0.32832 0.975087 : 0.7
0.669305 0.401495 0.980052 -0.998771 -0.464007 0.097652 0.623263 0.619428 -0.624453 : 0.7
0.710975 0.408159 1 -0.809858 -0.293748 0.0805133 0.273835 0.463407 0.206464 : 0.9
0.771897 0.362611 0.893049 -0.921194 -0.210027 -0.0927758 0.220003 0.803131 -0.643175 : 0.9
0.820418 0.402725 0.903977 -0.855754 -0.129991 0.0465921 0.157198 0.681267 -0.0989069 : 0.5
0.690408 0.411006 0.872404 -0.878964 -0.213251 0.0128346 0.275187 0.441671 0.0868839 : 0.7
0.709651 0.432482 0.89376 -0.88344 -0.176268 0.0596504 0.370726 0.732466 0.640801 : 0.8
0.697096 0.419861 0.949087 -0.870783 -0.205896 0.134559 0.537166 0.732339 0.33916 : 0.8
0.71005 0.41726 1 -0.88437 -0.118275 0.0734766 0.500744 0.840172 0.0560356 : 0.7
0.715073 0.376773 0.917734 -0.830258 -0.69273 0.0626515 0.302351 0.818161 -0.489022 : 0.7
0.745124 0.411204 0.907004 -0.928684 -0.284359 0.0629718 0.267981 0.752783 0.0386716 : 0.6
0.72923 0.440246 0.85907 -0.802085 -0.312908 0.114939 -0.299097 0.783092 -0.0197455 : 0.6
0.715934 0.429734 0.943413 -0.885672 -0.270158 0.0162458 0.156718 -0.0618735 0.104574 : 0.4
0.781603 0.309621 0.928973 -0.392709 -0.253583 -0.120153 0.379095 0.505534 1 : 0.6
0.786586 0.35663 0.919173 -0.970567 -0.0931784 -0.0956656 0.357278 0.896933 -0.297687 : 0.8
0.654198 0.441453 0.96573 -0.920495 -0.35125 0.0901444 0.388473 0.554921 0.505304 : 0.7
0.689365 0.384607 0.830644 -0.905916 -0.105304 0.169091 0.343163 0.559479 -0.10146 : 0.7
0.662898 0.365587 0.958399 -0.893539 -0.178751 0.0284974 0.128099 0.774963 -0.49283 : 0.6
0.757849 0.568784 0.915787 -0.85112 -0.145036 -0.059365 0.478232 0.560917 0.460025 : 0.7
0.694154 0.261783 0.996276 -0.96881 -0.214233 -0.0023408 0.361564 0.93444 0.281985 : 0.4
0.752701 0.491439 0.970223 -0.9614 -0.176949 0.0378655 0.193493 0.524416 -1 : 0.8
0.704337 0.442756 0.961213 -0.828476 -0.200365 0.113044 0.127871 0.682694 -0.490009 : 0.5
0.678612 0.369612 0.811627 -0.9538 -0.32871 -0.22234 0.391663 0.760646 -0.286702 : 0.7
0.670968 0.409039 0.951792 -0.874036 -0.167777 0.0882301 0.603579 0.547039 0.679244 : 0.9
0.7351 0.674292 0.934691 -0.857763 -0.0991093 0.00497163 0.344483 0.239533 0.322723 : 0.6
0.728444 0.387184 0.883109 -0.984133 -0.557973 -0.00472993 0.167338 0.716643 0.365058 : 0.7
0.690625 0.403374 0.966234 -0.864128 -0.433242 0.0536852 0.491535 0.666223 0.33228 : 0.8
0.791108 0.394219 0.960639 -0.951815 -0.224265 0.866671 0.348711 0.775255 0.705915 : 0.8
0.657042 0.367343 0.946905 -0.949398 -0.251321 -0.0589567 0.46572 0.765651 0.297194 : 0.7
0.695987 0.378168 0.965455 -0.838699 -0.686541 0.0876084 0.545697 0.672127 0.0109349 : 0.7
0.701764 0.486346 0.933018 -1 -0.209333 -0.00329238 0.521409 0.615998 -0.183827 : 0.5
0.66333 0.437362 0.90321 -0.781607 -0.223056 0.075597 0.303847 0.79958 -1 : 0.7
0.675677 0.450276 0.90199 -0.896986 -0.301664 0.0577013 0.408012 0.75809 0.860067 : 0.8
0.683776 0.477222 0.975037 -0.89069 -0.0955439 0.0671794 0.386947 0.195966 -0.292033 : 0.7
0.569692 0.406341 0.943832 -0.938028 -0.0773247 0.0549325 0.262619 0.362141 -0.0290884 : 0.3
0.623942 0.415724 1 -0.66381 -0.213392 0.115405 0.519306 0.582245 0.606128 : 0.3
0.664625 0.398989 0.955288 -0.473699 -0.157087 -0.0701946 0.610157 0.659987 0.97478 : 0.7
0.586758 0.3347 0.873133 -0.908181 -0.308193 0.026391 0.269033 1 0.700927 : 0.8
0.718381 0.429242 0.970654 -0.753137 -0.089774 0.111306 0.442977 0.552845 0.547074 : 0.3
0.723396 0.423473 0.986823 -0.871773 -0.109207 0.0108935 0.492938 0.847643 0.644899 : 0.7
0.694326 0.379323 0.976678 -0.988527 -0.151745 0.0799436 0.472914 0.651824 0.846348 : 0.6
0.689332 0.421987 0.95705 -0.771218 -0.0690821 0.0868808 0.4173 0.683431 1 : 0.7
0.711677 0.407142 0.834317 -1 -0.0870895 0.0924729 0.381855 1 -0.383724 : 0.6
0.723263 0.407717 0.995746 -0.950619 -0.189152 0.0886923 0.290937 0.711204 -0.751154 : 0.7
0.650712 0.405133 0.948549 -0.903964 -0.0565802 0.1379 0.330217 0.817935 0.0745059 : 0.9
0.707811 0.439831 1 -0.878035 -0.35196 0.121143 0.323662 0.498349 -0.088572 : 0.8
0.853275 0.440558 0.950739 -0.979031 -0.33452 0.0263456 0.3796 0.148182 0.446956 : 0.8
0.691863 0.270725 0.865451 -0.926464 -0.290221 0.0637645 0.574223 0.786949 0.297389 : 0.6
0.694536 0.392536 0.910077 -0.861932 -0.208501 0.0369511 0.554077 0.587805 -0.755653 : 0.4
0.687852 0.355963 0.923769 -0.899099 -0.290474 -0.0338181 -0.679021 0.699346 -0.672763 : 0.6
0.669633 0.346483 0.517637 -0.875574 -0.38841 -0.0589747 0.508855 0.650669 -0.220668 : 0.9
0.632728 0.341712 0.966523 -0.915347 -0.183515 0.0127688 0.228902 0.703322 0.584174 : 0.4
0.647563 0.379181 0.885413 -0.877054 -0.22781 0.140076 0.0806957 1 -0.251764 : 0.6
0.603239 0.405848 0.978755 -0.771792 -0.0626402 0.032761 0.32483 0.930229 0.472951 : 0.3
0.684756 0.345071 0.961912 -0.786577 -0.564715 0.0999528 0.410431 0.678907 0.4818 : 0.8
0.766602 0.391477 0.925515 -0.927613 -0.336897 0.0360383 0.235736 0.772128 -0.190897 : 0.8
0.733141 0.388259 0.957771 -1 -0.205245 0.043378 0.3263 0.805371 0.724728 : 0.6
0.632507 0.415197 0.895621 -0.926238 0.0419121 0.00135734 0.41952 0.993876 0.214298 : 0.5
0.646012 0.392215 0.761359 -0.940569 -0.243877 0.0846875 0.260007 1 0.150464 : 0.8
0.62971 0.374069 0.926231 -0.87302 -0.284274 0.0678449 0.46319 0.784306 0.0346335 : 0.8
0.636145 0.473625 0.971174 -0.967089 -0.187129 0.0332202 0.268836 0.929521 0.462736 : 1
0.633695 0.416702 0.938652 -0.756345 -0.111749 0.11909 0.423697 0.855773 0.205316 : 0.8
0.693223 0.436355 0.986488 -0.991546 -0.188225 0.127902 0.584197 0.654257 0.533793 : 0.6
0.708373 0.401653 1 -0.873864 -0.321099 0.189731 0.651453 0.793738 0.0127434 : 0.8
0.791675 0.427896 1 -0.913532 -0.067446 0.0553679 0.534058 0.804343 0.493405 : 0.5
0.780169 0.41623 0.893 -0.965674 -0.199426 -0.0324414 -0.0287289 0.649109 0.7721 : 0.4
0.672249 0.275099 0.96362 -0.896543 -0.105358 0.0613493 0.292076 0.603597 0.19298 : 0.6
0.713466 0.408376 0.945137 -0.824713 -0.126688 0.803137 0.426349 0.98478 0.280967 : 0.7
0.782009 0.359363 0.699201 -1 -0.112843 0.0717831 0.392606 0.7768 0.866442 : 0.8
0.589197 0.411383 0.962075 -0.885634 -0.137697 0.0872867 0.482404 0.798104 -0.154727 : 0.7
0.858137 0.44476 0.952488 -0.826091 -0.167255 -0.0199935 0.175121 0.903304 0.421445 : 0.7
0.748276 0.444169 0.930345 -0.873429 -0.147613 0.126113 0.673826 0.698899 0.486229 : 0.7
0.713521 0.435618 0.911298 -0.851508 -0.0697932 -0.000682525 0.659906 0.780577 0.203316 : 0.5
0.673658 0.426122 0.920213 -0.811967 -0.129675 0.0791369 0.559337 0.616299 0.484641 : 0.8
0.728329 0.400404 0.915146 -1 -0.213758 0.125421 0.831842 0.495145 -0.0980148 : 0.8
0.680134 0.372505 1 -0.956522 -0.421185 0.0105639 0.299856 0.799093 -1 : 0.7
0.721343 0.417919 0.918411 -0.655117 -0.142922 0.115775 0.548961 0.924384 0.152591 : 1
0.665361 0.403766 0.867548 -0.864676 -0.218876 0.0208482 0.320915 0.476317 -0.048113 : 0.4
0.659325 0.416835 0.909911 -0.843219 -0.0730102 0.116984 0.759999 0.786756 -0.0400431 : 0.4
0.64342 0.412858 0.979101 -0.875506 -0.0129438 0.0719682 0.24313 0.592359 0.106754 : 0.8
0.700847 0.364536 0.959709 -0.941094 -0.351371 0.00293421 0.611388 0.66929 1 : 0.9
0.759109 0.380152 0.853065 -0.911975 -0.440892 0.0369095 0.699955 0.00412887 0.481181 : 0.6
0.749507 0.365507 0.888674 -0.905055 -0.311799 0.166408 0.152835 0.496333 0.0124923 : 0.7
0.689828 0.24012 0.94844 -0.887341 -0.242582 0.0644514 0.120339 0.616831 0.302646 : 0.8
0.640537 0.407087 0.91998 -0.794559 -0.154113 0.182001 0.353054 0.414865 0.113858 : 0.9
0.709976 0.402108 0.930118 -0.805715 -0.184728 0.217469 0.445502 0.71265 1 : 0.3
0.75195 0.400053 0.937511 -0.917946 -0.240852 0.0672128 0.211243 0.766628 -0.93064 : 0.9
0.6326 0.411736 0.99917 -0.887087 -0.204522 0.0775534 0.532717 0.673788 0.264832 : 0.8
0.602735 0.351069 0.899063 -0.946007 -0.205666 -0.0608365 -0.0468811 0.790625 -0.354487 : 0.7
0.712555 0.412986 0.966468 -0.852516 -0.263454 0.0253233 0.46232 0.703952 0.600968 : 0.8
0.7522 0.27487 0.983932 -0.921568 -0.223793 -0.0159607 0.346403 0.839426 0.619667 : 0.7
0.699059 0.349948 0.878123 -0.866967 -0.157065 0.073303 0.548006 0.878518 0.0674158 : 0.8
0.646721 0.418741 0.906418 -0.916442 -0.397942 0.0293053 0.432982 0.63329 1 : 0.7
0.73114 0.413421 0.665783 -0.876387 -0.19034 0.0586866 0.343845 0.784442 0.361187 : 0.8
0.677967 0.386404 0.994228 -0.82055 -0.187385 0.0726421 0.556769 0.62798 0.859721 : 0.6
0.652433 0.384634 0.999088 -0.829074 -0.149077 -0.0623431 0.310645 0.742477 0.48811 : 0.9
0.695268 0.380997 0.957368 -0.833233 -0.177198 0.049175 0.488644 0.724229 0.0494213 : 0.5
0.679499 0.421357 0.876127 -0.589962 -0.0689316 -0.243597 0.532021 0.666164 0.0554255 : 0.7
0.779797 0.408603 0.869363 -0.874498 -0.741369 0.105272 0.610643 0.638662 0.449451 : 0.6
0.693458 0.377735 1 -0.856804 -0.343254 0.293221 0.326332 0.797988 -0.940045 : 0.7
0.639695 0.430612 0.984795 -0.917858 -0.329746 0.115618 0.343448 0.684123 0.251367 : 0.7
0.587455 0.452238 0.959193 -0.892997 -0.168215 -0.0796183 0.482688 0.815217 0.762509 : 0.5
0.727784 0.407416 0.926679 -0.806002 -0.218227 -0.0150154 0.590055 0.462879 1 : 0.6
0.657584 0.439205 0.924539 -0.973555 -0.264641 0.00189535 0.87329 1 -0.107109 : 0.6
0.689614 0.401908 0.952034 -0.965296 -0.413094 0.200298 0.476469 0.662522 0.651336 : 0.4
0.732155 0.403948 0.924978 -0.953333 -0.0908343 0.13355 0.400036 1 0.171166 : 0.4
0.601286 0.374651 0.981542 -0.923575 -0.240996 -0.0747176 0.404288 0.772521 -0.615882 : 0.8
0.598535 0.388246 0.922726 -1 -0.182466 -0.0960009 0.386058 0.452954 -0.405383 : 0.7
0.653577 0.375955 0.904546 -0.91808 -0.216003 0.0464009 0.391137 1 -0.656496 : 0.8
0.641958 0.414368 1 -0.939429 -0.187609 0.0782334 0.341451 0.498679 0.102158 : 0.7
0.650946 0.406206 0.893783 -0.967833 -0.229553 0.0941014 0.933659 0.830611 -0.625591 : 0.5
0.741748 0.398662 0.897975 -1 -0.249583 0.11414 0.305307 1 -0.150345 : 0.8
0.761699 0.36571 0.962399 -0.55889 -0.305694 -0.130584 0.41254 0.643089 0.223394 : 0.6
0.681974 0.465379 0.728547 -0.914881 -0.207254 0.0552737 0.373054 0.844491 0.0990119 : 0.7
0.829921 0.386529 0.919774 -0.92374 -0.166583 0.202594 -0.0903228 0.152758 0.851619 : 0.6
0.6577 0.410793 0.838369 -0.957117 -0.171515 0.0752113 0.771421 0.733133 0.501357 : 0.7
0.725083 0.419934 0.944873 -0.856377 -0.0817346 0.114647 0.33825 0.798874 0.673756 : 0.7
0.576864 0.452079 0.919687 -0.562409 -0.201621 0.0303475 0.332968 1 -0.0524238 : 0.7
0.770517 0.448293 1 -0.831531 -0.109056 -0.0400804 -0.00398351 0.685752 0.0618826 : 0.7
0.706606 0.431254 0.766591 -0.863548 -0.262131 -0.0181627 0.783684 0.993887 -0.356143 : 0.8
0.696649 0.452647 0.876385 -0.919133 -0.298358 0.00728653 0.707924 0.769625 0.607895 : 0.2
0.757863 0.409102 0.885354 -0.886989 -0.137595 0.0062263 0.266282 0.629925 0.591727 : 0.5
0.590753 0.421914 0.883248 -0.919156 -0.125667 -0.0137293 0.157422 0.534971 0.993071 : 0.8
0.766321 0.403923 0.88846 -0.826281 -0.103614 0.111552 0.23194 0.503677 -0.024369 : 0.4
0.678761 0.394132 0.981852 -0.911497 -0.370042 0.0405739 0.284812 0.92088 -0.0125997 : 0.6
0.693706 0.425334 0.900732 -0.856406 -0.167911 -0.0293845 0.344981 0.446677 0.686064 : 0.7
0.694458 0.438511 0.927223 -0.896616 -0.231794 0.0514909 0.314908 0.84512 0.580594 : 0.2
0.81122 0.485122 0.889201 -0.816426 -0.159571 -0.0589974 0.432242 0.3266 0.29648 : 0.9
0.674544 0.45099 1 -0.879822 -0.213985 0.135404 0.404283 0.750251 -0.418132 : 0.5
0.698254 0.405537 0.957082 -0.888548 -0.343191 0.128062 0.22443 0.826279 -0.118108 : 0.5
0.649811 0.476256 0.88202 -0.867134 -0.21925 0.0208049 0.139095 1 1 : 0.8
0.704779 0.566752 0.944427 -0.855245 -0.28187 0.155966 0.404901 0.848758 -0.67297 : 0.8
0.712999 0.390855 1 -0.741319 -0.230373 0.102084 0.383179 0.665863 0.602215 : 0.3
0.68196 0.403718 0.989295 -0.965083 -0.275854 0.0783637 0.725741 0.346605 0.382842 : 0.4
0.623705 0.381573 0.796821 -0.904645 -0.249782 0.0560551 0.39641 0.813439 1 : 0.6
0.693658 0.422518 0.962719 -0.91946 -0.0990717 0.155829 0.596255 0.567983 -0.0639703 : 0.7
0.695784 0.406171 1 -0.941039 -0.181737 0.0714198 0.361134 0.630868 -0.100986 : 0.5
0.717157 0.395612 1 -0.775351 -0.0180233 -0.0453666 0.325277 0.641223 -0.351466 : 0.6
0.677316 0.57297 0.917649 -0.91126 -0.224911 0.0858147 0.207365 0.440221 -0.821617 : 0.9
0.614407 0.400945 0.966224 -0.880785 -0.040414 0.0877255 0.226157 0.617367 0.000437453 : 0.6
0.703959 0.307965 1 -0.845201 -0.541107 0.0972055 0.111172 0.703046 0.27104 : 0.7
0.729289 0.472317 0.893241 -0.778152 -0.354391 0.0575092 -0.229175 0.456052 0.157947 : 0.6
0.76636 0.455544 0.969298 -0.871868 -0.270108 0.0766456 0.387173 0.577762 -0.0123109 : 0.6
0.688914 0.528342 0.979403 -0.894468 -0.139819 0.0668921 0.269288 0.383463 1 : 0.6
0.713204 0.457433 0.957573 -0.911955 -0.203508 0.0533817 0.31114 0.713931 0.677625 : 0.6
0.594188 0.374454 0.996102 -0.869865 -0.274864 0.0356432 0.358919 0.780233 0.218832 : 0.8
0.670041 0.439604 0.918017 -0.917564 -0.133796 0.123731 0.722839 0.588399 0.206145 : 0.4
0.63607 0.39924 0.928651 -0.91954 -0.23206 0.129935 0.215674 0.783471 -0.748794 : 0.5
0.718288 0.414149 0.964042 -0.827394 -0.245954 0.0570005 0.305446 1 0.407119 : 0.6
0.685648 0.385339 0.906693 -0.860597 -0.33018 0.20301 0.865588 0.977413 -0.232179 : 0.7
0.601382 0.435678 0.939664 -0.895761 -0.146465 0.0973177 0.341545 0.430715 0.336591 : 0.9
0.631699 0.397999 0.980524 -0.882589 -0.57963 0.0547689 0.547377 0.772719 0.0212314 : 0.6
0.714114 0.383071 0.938065 -0.887731 -0.236603 0.0858148 0.459536 0.666212 0.363967 : 0.5
0.6593 0.377323 0.949953 -0.876252 -0.196429 0.11337 0.183079 0.903135 -1 : 0.5
0.704597 0.489093 0.884997 -0.856353 -0.206426 0.177645 0.300088 0.812187 0.743842 : 0.5
0.649415 0.392441 0.977704 -0.952169 -0.294514 0.11262 0.246307 -0.0590494 0.0766352 : 0.6
0.729415 0.426192 0.914579 -0.915166 -0.377955 0.06706 0.428487 0.580387 0.528379 : 0.7
0.673283 0.383553 0.954652 -0.857672 -0.182209 0.11611 0.607944 0.297675 0.300918 : 0.7
0.631524 0.404921 0.796343 -0.922345 -0.236139 0.152363 0.0327992 0.796805 0.341642 : 0.4
0.672213 0.432539 0.900523 -0.84712 -0.204692 0.0221622 0.327515 0.613528 0.0924606 : 0.8
0.857419 0.438832 0.990453 -0.817547 -0.161007 0.0273277 0.379875 0.54172 0.340317 : 0.8
0.696476 0.46167 0.637206 -0.904687 -0.127733 0.178273 0.435041 0.373373 0.5764 : 0.7
0.670428 0.492335 0.973031 -0.896267 -0.132867 0.0930459 0.281948 0.647105 -0.0864755 : 0.8
0.686561 0.403297 0.942682 -0.851377 -0.616835 0.0325343 0.183506 0.644737 0.096029 : 0.7
0.726137 0.4402 0.958877 -0.889843 -0.233554 0.00183736 0.235403 1 -0.510972 : 0.7
0.692406 0.390398 0.83389 -0.892873 -0.348264 0.109977 0.714706 0.978218 -0.250591 : 0.7
0.723195 0.39915 0.912633 -0.99785 -0.369286 0.0683298 0.28885 0.955995 0.555481 : 0.7
0.617634 0.378917 0.960297 -0.925767 -0.09108 0.0214845 0.208883 0.882221 0.693891 : 0.8
0.702055 0.375834 0.947807 -0.800554 -0.285573 0.0579668 0.686962 0.742481 -0.0181834 : 0.6
0.693676 0.367197 0.972848 -0.920995 -0.285585 0.0310089 0.211146 0.566548 0.265434 : 0.6
0.686925 0.446276 1 -0.853769 -0.146924 -0.151523 0.302978 0.519038 0.166435 : 0.7
0.620957 0.382577 0.766671 -0.868088 -0.0168269 0.0598864 0.498514 0.841845 1 : 0.6
0.725455 0.414911 0.941665 -0.926993 -0.241862 0.0702919 0.156316 0.741049 0.034488 : 0.6
0.748399 0.398888 0.874853 -0.884446 -0.394701 0.0430112 0.379653 0.434768 -0.126514 : 0.8
0.695013 0.42062 0.925152 -0.733663 -0.186539 0.0470098 0.188141 0.350827 -0.230432 : 0.6
0.648501 0.392303 0.493644 -0.8608 -0.165798 0.0378125 0.326968 0.549512 0.728375 : 0.7
0.674915 0.370259 0.929257 -0.87372 -0.122798 0.0930225 0.619554 0.451067 0.179053 : 0.7
0.679801 0.445433 0.908935 -0.674306 -0.226299 0.979768 0.452452 0.663189 0.918956 : 0.6
0.709577 0.268226 1 -0.768642 -0.178234 0.111091 0.300862 0.959565 0.236505 : 0.7
0.684079 0.425457 0.940645 -0.951685 -0.213095 0.162061 0.557228 0.309401 1 : 0.7
0.640424 0.371755 0.896358 -0.926196 -0.535703 0.0742512 0.278214 1 0.899967 : 0.7
0.83332 0.475519 0.903677 -0.812058 -0.229734 0.0947523 0.300961 0.741718 0.199653 : 0.7
0.662942 0.379334 0.986472 -0.956152 -0.091314 0.0973891 0.555005 0.863432 0.190258 : 0.7
0.735265 0.413584 0.87846 -0.8904 -0.64387 0.0216519 0.236977 1 0.663287 : 0.6
0.66227 0.407993 0.662649 -0.796944 -0.241982 0.20111 0.401973 0.448419 -1 : 0.6
0.716404 0.404745 0.892672 -0.909466 -0.255869 0.159618 0.296309 0.877277 -0.402108 : 0.9
0.631236 0.342511 0.906726 -0.682626 -0.186511 -0.0132193 0.270212 0.71086 -0.238487 : 0.9
0.608913 0.385026 0.915173 -0.881176 -0.266748 -0.0139575 0.69267 0.547028 0.963992 : 0.4
0.694964 0.405091 0.832216 -0.866774 -0.228656 0.0540079 0.259268 0.231509 -0.617273 : 0.8
0.599232 0.382716 0.931211 -0.587697 -0.203545 0.0740909 0.938354 0.700618 -0.177271 : 0.6
0.654356 0.366881 0.89035 -0.743742 -0.171762 0.0710923 0.357283 0.709801 -0.405711 : 0.9
0.726503 0.483234 0.811659 -0.891836 -0.297362 0.110271 0.349717 0.715638 -0.143221 : 0.5
0.555959 0.436812 0.934582 -0.830738 -0.0303204 0.0837375 0.378978 0.733053 0.449956 : 0.6
0.715158 0.525866 0.973598 -0.930519 -0.145166 -0.0902273 0.175349 0.686341 0.620906 : 0.6
0.694756 0.573441 0.942142 -0.867198 -0.160185 0.0966695 0.472096 0.426077 0.759944 : 0.3
0.684552 0.426734 0.974005 -0.991444 -0.182058 0.0783594 0.386934 0.714218 -0.234918 : 0.8
0.687876 0.379998 0.957495 -0.920083 -0.230298 0.104986 0.431926 0.501744 0.40553 : 0.8
0.741581 0.427661 0.716638 -0.929508 -0.0592729 0.069094 0.549964 0.782965 0.259391 : 0.7
0.669049 0.343372 0.948128 -0.931942 -0.247291 0.0837375 0.192601 -0.196575 0.0335528 : 0.6
0.66711 0.437967 0.832084 -0.736882 -0.125309 0.104088 0.49141 0.678237 -0.199528 : 0.8
0.818558 0.512221 0.921895 -0.937171 -0.0482237 -0.0190382 0.226128 1 0.210336 : 0.7
0.666314 0.334016 0.971235 -0.956439 -0.257096 0.110205 0.541436 0.714162 -1 : 0.4
0.667006 0.42278 0.915352 -0.873588 -0.181144 0.0263745 0.508675 0.577324 -0.984332 : 0.5
0.701462 0.416659 0.73275 -0.880996 -0.0773612 0.0868777 0.105167 0.872642 0.692588 : 0.7
0.691724 0.379727 0.861058 -0.995722 -0.303376 -0.0143875 0.10877 0.164385 0.798518 : 0.6
0.734842 0.371048 0.978871 -0.958617 -0.220115 0.0116514 0.703187 0.686516 -0.141067 : 0.8
0.787969 0.432992 0.874663 -0.890508 -0.480812 -0.00972363 0.330023 0.612403 0.071881 : 0.7
0.691347 0.434156 0.904977 -0.91184 -0.274898 -0.0474085 0.173586 0.471806 -0.619774 : 0.5
0.682693 0.436182 0.959102 -0.899645 -0.137679 0.0511228 0.682809 0.771617 0.539244 : 0.6
0.636977 0.376822 0.952219 -0.855137 -0.19163 0.0112539 0.258313 0.807979 -1 : 0.8
0.690167 0.466452 0.883713 -0.93174 -0.211702 0.0338853 0.0404423 1 -0.999084 : 0.7
0.662406 0.401005 0.976202 -0.81871 -0.260426 -0.0295859 0.185056 0.739019 -0.208912 : 0.9
0.69821 0.41042 0.977214 -0.928008 -0.268452 0.0265579 0.571205 0.721786 0.444281 : 0.9
0.713317 0.399852 0.912615 -0.83974 -0.411039 0.122569 0.256601 0.892711 0.384168 : 0.6
0.671698 0.338931 0.953242 -0.94817 -0.16237 -0.0175478 0.605 0.345425 -1 : 0.7
0.646401 0.41354 0.971276 -0.953042 -0.0211643 0.0966215 0.171288 0.720307 0.121617 : 0.8
0.706528 0.408146 0.833479 -0.938721 -0.0970835 0.123042 0.609026 0.626425 -0.620235 : 0.6
0.647117 0.383026 0.907587 -0.856568 -0.317383 0.0662416 0.679675 0.848358 0.700795 : 0.7
0.613266 0.397063 0.993863 -0.924451 -0.178695 0.1495 0.283895 0.806972 -0.166521 : 0.8
0.699507 0.464146 0.866082 -0.878371 -0.146938 0.0672508 0.0910433 0.627927 0.477987 : 0.7
0.649221 0.395698 1 -0.841518 -0.295201 0.0333751 0.0899 0.827822 0.724536 : 0.9
0.79306 0.500996 0.921057 -0.919101 -0.330082 0.0658765 0.0114815 0.69376 0.800972 : 0.8
0.772064 0.292357 0.946545 -0.87165 -0.00821316 0.0844821 0.181356 0.768439 0.857992 : 0.8
0.652497 0.470762 1 -0.836381 0.0791977 0.0615062 0.295027 0.722566 0.650844 : 0.8
0.641489 0.413799 0.738082 -0.882546 0.0704963 0.00483027 0.260399 0.844669 0.0970739 : 0.7
0.623899 0.391784 0.968012 -1 -0.272042 0.0598357 0.786375 0.440581 0.261658 : 0.6
0.711204 0.377925 1 -0.888415 -0.171141 -0.0360955 0.293668 1 0.682168 : 0.6
0.729216 0.350172 0.968718 -0.812198 -0.559103 -0.0495295 0.331657 0.416692 -0.364625 : 0.5
0.696281 0.341102 0.88884 -0.770095 -0.336451 0.0662291 0.610403 0.286763 -0.019186 : 0.5
0.700103 0.369534 0.944423 -0.754435 -0.205648 0.0495597 0.949082 0.590887 -0.228655 : 0.7
0.687427 0.42052 1 -0.865541 -0.218349 0.167885 0.0519425 0.0444055 0.406006 : 0.8
1 0.405329 0.940705 -0.964394 -0.27991 0.0565512 0.229354 0.704718 -0.202294 : 0.4
0.729009 0.391177 0.80997 -0.964331 -0.277984 0.118841 0.223496 0.759715 -0.801923 : 0.6
1 0.419812 0.940023 -0.889126 -0.229377 0.136858 0.528232 0.733646 0.304889 : 0.4
0.688635 0.441269 0.981446 -0.839332 -0.173553 0.107667 0.369264 0.706152 0.261996 : 0.7
0.724138 0.355669 0.868724 -0.896053 -0.551177 -0.0755607 0.821827 0.68652 0.686218 : 1
0.659086 0.415309 0.89909 -0.855953 -0.114741 0.0799288 0.576189 1 0.204887 : 0.7
0.655887 0.42449 0.914574 -0.874452 -0.0856329 0.0720649 0.588977 0.779493 0.175384 : 0.7
0.718529 0.277492 0.88455 -0.86079 -0.203373 -0.0187608 0.304368 0.989024 -0.00750627 : 0.4
0.671324 0.410573 1 -0.815909 -0.0793714 0.0128355 0.850102 1 0.250533 : 0.7
0.725351 0.385026 0.955832 -0.85651 -0.161134 0.0141124 0.499396 0.783715 -0.827877 : 0.6
0.690568 0.414229 0.946382 -0.903256 -0.157895 0.0765238 0.310207 0.882747 0.610265 : 0.8
0.626714 0.411979 0.824243 -0.878076 -0.12938 0.0679645 0.360208 0.547866 0.514903 : 0.7
0.74364 0.418929 0.991464 -0.950033 -0.105468 0.178221 0.63388 0.342142 0.0401323 : 0.7
0.798262 0.426955 0.826995 -0.914319 -0.187565 0.0796938 0.258474 0.812576 0.33068 : 0.6
0.653458 0.438727 1 -0.880051 -0.139355 0.115929 0.510623 0.575649 0.113692 : 0.4
0.64541 0.416812 0.947153 -0.887337 -0.212964 0.0295953 0.175835 0.765758 -0.537446 : 0.5
0.765195 0.390219 0.904487 -0.713232 -0.165651 0.129678 0.631921 0.759171 1 : 0.5
0.57948 0.376658 0.802577 -0.866628 -0.239541 0.0578617 0.268652 1 0.157993 : 0.7
0.691352 0.428982 0.875848 -0.81199 -0.231112 0.0676573 0.720416 0.627162 0.458359 : 0.8
0.68128 0.380905 0.901025 -0.93498 -0.237163 -0.0835297 0.37349 0.695155 -0.226541 : 0.7
0.679922 0.44277 0.931369 -0.884168 -0.180928 -0.0153234 0.343214 0.756886 0.694037 : 0.9
0.692161 0.372126 0.748358 -0.972243 -0.238896 0.0199203 0.523162 0.696687 1 : 0.9
0.723756 0.413906 0.957378 -0.862429 -0.0471928 -0.184315 0.261667 0.740196 0.0316142 : 0.7
0.661962 0.379132 0.990699 -1 -0.173834 0.00563149 0.260718 0.780645 0.231815 : 0.9
0.679084 0.348008 0.92781 -0.66893 -0.173744 0.0257066 0.18184 0.655512 0.818452 : 0.7
0.685873 0.40487 0.885669 -0.897253 -0.187955 0.0720877 0.413937 0.507134 -0.335617 : 0.7
0.632288 0.435709 0.957817 -1 -0.239709 -0.16183 0.314262 0.802924 0.637011 : 0.7
0.801589 0.452669 0.936131 -0.874557 -0.0756464 -0.00873824 0.267473 0.73839 -0.0729266 : 0.8
0.743096 0.473315 0.887501 -0.941603 -0.347419 -0.00400777 0.427666 0.708921 0.548325 : 0.7
0.682954 0.405613 0.600632 -0.919702 -0.000406146 0.080657 0.499346 0.651026 0.256177 : 0.5
0.694204 0.479284 0.841058 -0.87411 -0.192215 0.062541 0.302196 0.567647 0.547066 : 0.6
0.744968 0.408115 0.92545 -0.933586 0.0532728 0.151356 0.737122 0.969585 -0.206495 : 0.7
0.705654 0.375504 0.94131 -0.913845 -0.0571841 -0.0464964 0.423419 0.656864 0.536744 : 0.8
0.679789 0.396974 0.896707 -0.812127 -0.252098 0.0319901 0.350905 1 0.0771906 : 0.9
0.693939 0.467716 1 -0.825639 -0.229497 -0.0678525 0.233138 0.660636 -0.54049 : 0.8
0.634915 0.346154 0.957802 -0.982844 -0.156623 -0.0525983 0.0558833 0.645207 0.781526 : 0.5
0.679281 0.326444 0.945629 -0.92608 -0.368972 0.238267 0.583561 0.617148 -0.324603 : 0.3
0.665828 0.432652 0.950216 -0.920959 -0.211617 0.131883 0.577252 0.497373 0.469026 : 0.7
0.653339 0.437172 0.913956 -0.897333 -0.189566 0.00769471 0.563259 0.65081 0.477729 : 0.8
0.697744 0.388137 0.887369 -0.917792 -0.190966 0.044971 0.43347 0.844379 0.348739 : 0.7
0.607446 0.434259 0.907319 -0.940352 -0.159349 -0.108705 0.386112 0.555066 0.530927 : 0.8
0.685372 0.375407 0.861931 -1 -0.238132 0.154622 0.378229 0.717499 0.0540428 : 0.8
0.703591 0.388377 0.951107 -0.873853 -0.142024 0.0467508 0.540554 0.525128 0.774505 : 0.9
0.747547 0.370245 1 -0.839818 -0.145224 -0.0761297 0.435311 0.669894 0.29374 : 0.6
0.722665 0.395305 0.960173 -0.852817 -0.263322 0.115044 0.37522 0.430194 0.0234203 : 0.8
0.716608 0.42074 0.907112 -0.458757 0.105844 -0.0821119 0.340356 0.661363 -0.0294027 : 0.7
0.803364 0.359237 0.968168 -0.687729 -0.219616 0.0294451 0.227758 0.695516 0.400189 : 0.7
0.67297 0.413033 0.752224 -0.903679 -0.0384879 -0.00761704 0.178125 1 0.290727 : 0.5
0.730773 0.34 0.973387 -0.661099 -0.243404 0.106037 0.473826 0.848662 0.0866544 : 0.6
0.699515 0.398579 0.947781 -0.889453 -0.305772 0.0581407 0.444059 0.665758 0.534989 : 0.5
0.68255 0.398219 1 -0.923635 -0.332832 0.029783 0.265138 0.588377 -0.529572 : 0.7
0.592014 0.442105 0.935831 -1 -0.200614 0.121337 0.535225 0.507129 -0.0517724 : 0.7
0.727806 0.410756 0.862729 -0.943361 -0.228457 0.102262 0.549836 0.594994 -0.551334 : 0.8
0.718187 0.420271 0.929942 -0.839935 -0.456799 0.0952749 0.462926 1 0.949326 : 0.6
0.600721 0.428074 0.918284 -0.797987 -0.152353 0.0664667 0.81634 0.597669 -0.0808595 : 0.8
0.730716 0.457722 0.777578 -0.862518 -0.197777 0.112306 0.406725 1 0.299053 : 0.2
0.654862 0.395476 1 -0.915933 -0.228795 -0.0313387 0.548121 0.54987 -0.468385 : 0.9
0.643753 0.461723 0.987514 -0.994768 -0.144454 -0.0525612 0.435965 0.533475 0.838287 : 0.4
0.724701 0.370576 0.952845 -0.816245 -0.337131 -0.0364714 0.387068 0.929645 -1 : 1
0.681345 0.385591 0.988727 -0.880333 -0.0656869 -0.0116497 0.716375 0.715713 0.00862879 : 0.6
0.636498 0.35748 0.926923 -0.894865 -0.15364 0.0155293 0.317764 0.756255 0.164896 : 0.7
0.679769 0.430162 0.940105 -0.891341 -0.367739 0.0622002 0.492363 0.660042 0.734239 : 0.3
0.711554 0.384471 0.999653 -0.816773 -0.370498 -0.0731613 0.0379482 1 0.27795 : 0.7
0.631883 0.359907 0.937991 -0.878195 -0.192129 0.0697123 0.624786 0.720715 -1 : 0.8
0.656956 0.480186 0.875487 -0.745899 -0.197189 -0.0965869 0.341112 0.796107 0.032249 : 0.6
0.680177 0.366632 0.902363 -0.866038 -0.197837 0.0694123 0.423178 0.673382 0.674168 : 0.9
0.775414 0.451946 0.90272 -0.88528 -0.576297 0.0214891 1 0.584456 -0.404756 : 0.8
0.760746 0.416938 0.926431 -0.97264 -0.117532 0.0976443 0.27952 0.560676 -0.67429 : 0.8
0.706109 0.400698 0.875857 -0.860297 -0.192614 0.10598 0.39193 0.685081 -0.513005 : 0.7
0.758406 0.400722 0.941792 -0.932308 -0.16024 -0.0175782 0.354355 0.674548 0.708947 : 0.4
