0.574598 0.31253 0.750232 -0.909895 -0.467919 0.143106 0.635114 0.94768 -1 : 0.6
0.678368 0.443606 0.862714 -0.921629 -0.274555 0.174965 0.317909 0.424924 0.393654 : 0.7
0.633951 0.389283 0.929104 -0.905752 -0.23837 -0.34001 0.395546 0.768119 0.49294 : 0.6
0.693331 0.500687 0.907997 -0.831529 -0.14168 0.123861 0.335059 0.127766 1 : 0.7
0.684498 0.456336 0.853628 -0.94287 0.0179465 0.0104124 0.286366 0.660719 0.086058 : 0.2
0.660552 0.537584 1 -0.91731 -0.064224 0.165042 0.142848 0.560465 0.244634 : 0.7
0.684574 0.38859 1 -0.813879 0.330754 0.0456104 0.44339 0.636041 0.401436 : 0.3
0.637863 0.310834 0.880889 -1 -0.482217 0.173879 0.704756 0.679169 0.46887 : 0.5
0.636758 0.395216 0.920758 -0.867124 -0.172266 -0.287687 0.0753589 0.6894 -0.103694 : 0.4
0.663404 0.381292 0.665617 -0.965964 -0.0989803 -0.0700573 0.487624 0.446186 0.0490803 : 0.6
0.675624 0.313016 0.926075 -1 -0.449664 -0.18368 0.643795 0.703369 0.188017 : 0.7
0.708109 0.268065 0.813713 -0.889418 -0.0314899 -0.0268693 0.583312 0.315415 -0.329987 : 0.6
0.662628 0.416209 0.952716 -0.933731 -0.0889533 0.128725 0.966575 0.253892 0.12599 : 0.6
0.622415 0.31756 0.924487 -0.975193 0.0628958 0.0626687 0.522247 0.595584 0.015942 : 0.4
0.635482 0.439681 0.780012 -1 -0.0106072 0.0547588 0.308124 0.896464 0.502241 : 0.8
0.680329 0.220004 0.892013 -0.796023 0.133205 0.872883 0.462495 0.638091 0.55216 : 0.7
0.746207 0.293767 0.93354 -1 -0.10101 -0.589923 0.931196 0.0995936 -0.400977 : 0.4
0.623276 0.454971 0.948838 -0.936105 -0.533253 -0.613848 1 0.753365 -0.0583412 : 0.4
0.639914 0.375341 0.786927 -0.890745 -0.208765 0.0819314 0.662601 0.561804 -0.00418428 : 0.8
0.71477 0.474607 0.884526 -0.88938 -0.0730792 0.0212002 0.371848 0.757 0.2099 : 0.6
0.626052 0.461343 1 -0.808254 -0.361972 -0.218359 -0.0338227 0.510657 -0.12126 : 0.6
0.711035 0.378156 0.904816 -0.964501 0.0494165 -0.164599 0.409499 0.555422 -0.448969 : 0.5
0.605929 0.235497 0.850006 -0.929276 -0.225743 0.188359 0.810951 0.67574 0.63477 : 0.6
0.648259 0.360504 0.765563 -0.969802 -0.286917 0.153128 0.570945 0.642005 0.797741 : 0.6
0.627332 0.368264 0.906662 -0.89434 -0.2004 0.00647231 0.834377 0.715317 -0.720005 : 0.5
0.696314 0.384589 0.864259 -1 -0.0807145 0.0504215 0.165502 0.208357 0.549862 : 0.3
0.62923 0.434697 0.90613 -0.841127 -0.269365 -0.0254027 0.23351 0.924853 -0.377801 : 0.6
0.616708 0.31188 0.858071 -0.907354 -0.226751 0.0264072 0.105853 0.202914 0.844951 : 0.6
0.663734 0.393278 0.876923 -0.995456 -0.184572 -0.0364078 0.425906 0.902656 0.541895 : 0.8
0.645657 0.467486 0.893933 -0.929154 -0.306811 0.0862226 0.292997 0.275471 0.45514 : 0.5
0.613833 0.438679 0.946084 -0.810448 -0.375982 -0.0604378 0.370675 0.441237 -0.227887 : 0.7
0.753276 0.262069 0.944719 -0.971778 -0.241403 -0.120659 1 0.384633 -0.14426 : 0.6
0.629817 0.39614 0.859756 -0.935867 -0.304216 0.266006 0.481967 0.608618 0.320383 : 0.8
0.605776 0.29017 0.92884 -0.8661 -0.181824 0.0448825 0.300491 0.250217 -0.00223836 : 0.9
0.704681 0.389738 0.982466 -0.810539 -0.134737 0.0477655 0.410278 0.971367 0.677773 : 0.7
0.598679 0.431288 0.98118 -0.839478 -0.416219 -0.233374 0.488359 0.562366 -0.0206941 : 0.7
0.692415 0.324063 0.739794 -0.990436 -0.125369 -0.220805 0.378909 0.691968 0.612476 : 0.5
0.656815 0.444257 0.995741 -0.928315 -0.476554 -0.0113642 0.463199 0.480411 0.46654 : 0.2
0.667008 0.412674 0.94725 -0.875694 -0.0750897 0.0357974 0.798666 0.473716 -0.165056 : 0.5
0.712759 0.456865 0.84762 -0.828633 -0.293981 -0.0237881 0.293628 0.444298 0.22576 : 0.5
0.576538 0.432985 0.832224 -1 -0.2518 0.0135712 0.473167 0.6389 -0.0481528 : 0.8
0.663835 0.327969 0.948173 -0.912267 -0.384806 -0.0436292 0.974545 0.553996 0.580563 : 0.8
0.655344 0.334892 0.885501 -0.912253 -0.257279 0.157347 0.315509 0.666171 0.536132 : 0.2
0.628517 0.450435 0.870208 -1 0.112832 -0.0380984 0.678795 0.32405 -1 : 0.6
0.61598 0.389967 0.853489 -0.919789 -0.442731 -0.019264 0.210896 0.152976 0.0891176 : 0.5
0.665892 0.341191 0.956369 -0.915276 -0.348773 0.138102 0.125 0.653437 0.541039 : 0.8
0.697354 0.365888 0.909738 -0.846462 -0.195649 -0.0286046 0.394699 0.488768 0.49787 : 0.3
0.69863 0.315199 0.999958 -0.895415 -0.2535 0.0847897 0.321283 0.867135 0.633225 : 0.7
0.772779 0.355376 0.973109 -0.953735 -0.327003 0.0416216 0.745755 0.698761 0.147274 : 0.5
0.616318 0.431937 0.88032 -0.867015 0.407488 -0.244172 0.330994 0.720873 -0.187779 : 0.5
0.62481 0.413892 0.924233 -0.930784 -0.3852 -0.298628 -0.0694487 0.459384 0.0290378 : 1
0.677189 0.359082 0.951209 -1 -0.170103 -0.356835 0.437774 0.532908 0.0616297 : 0.3
0.580193 0.406248 0.793095 -0.93675 -0.189648 0.0250846 0.58597 0.251859 0.0821852 : 0.5
0.64792 0.348183 0.741775 -0.865688 -0.304028 0.0537158 0.557245 0.463633 0.678703 : 0.9
0.656738 0.488026 0.976933 -0.925806 -0.0762497 0.0730451 0.296124 0.758956 0.326619 : 0.7
0.666514 0.396671 0.715113 -0.945985 0.0639594 0.0358317 0.098667 0.396423 0.807622 : 0.7
0.682112 0.444857 0.83278 -0.764122 -0.347229 -0.0145893 0.28789 -0.32618 0.0663295 : 0.8
0.584942 0.387181 0.93299 -0.779217 -0.45038 0.117345 1 0.776956 0.0615943 : 0.4
0.60199 0.283447 0.763944 -0.807971 -0.256093 0.273992 0.777782 0.183371 0.323334 : 0.5
0.677064 0.415291 0.867254 -0.811565 -0.251457 0.00551781 0.674539 0.49061 -0.0373089 : 0.5
0.682043 0.394149 0.96131 -0.767707 -0.553167 0.0425544 1 0.0574246 0.262831 : 0.3
0.626724 0.447048 0.843225 -0.934087 -0.0836794 0.105021 0.665884 0.538013 0.256338 : 0.8
0.679253 0.432795 0.909385 -0.868315 -0.405233 -0.0602716 0.70916 0.541707 0.259134 : 0.7
0.614362 0.314009 0.904279 -0.946622 -0.267578 0.0608906 0.307629 0.732595 0.266859 : 0.6
0.647059 0.335595 0.924424 -1 -0.0133744 0.0621249 0.421234 0.496373 0.19434 : 0.5
0.706204 0.443684 0.918525 -0.910375 -0.42051 0.0288252 0.800588 0.586611 -0.237848 : 0.5
0.64122 0.388532 0.974992 -0.999197 -0.53742 0.00831371 0.464238 0.602241 0.212804 : 0.2
0.707426 0.370514 0.934527 -1 -0.0311058 -0.00499079 0.405075 1 -0.600575 : 0.6
0.694814 0.195446 0.936842 -0.677028 -0.185384 0.169993 0.891857 0.596206 -0.274267 : 0.7
0.721349 0.393743 0.762108 -0.862224 0.0401818 0.491596 0.357906 0.706367 0.636014 : 0.4
0.78789 0.433149 0.845067 -0.932166 0.136987 -0.0224489 0.166044 0.541578 -0.140745 : 0.3
0.474109 0.457416 0.892359 -0.923173 -0.380724 0.17401 0.57791 0.724856 0.320731 : 0.5
0.649827 0.452559 0.893785 -0.869432 -0.527351 0.0264803 0.263166 0.72928 -0.661255 : 0.5
0.656575 0.40517 0.762236 -0.729562 -0.0143895 -0.0464716 0.163488 1 1 : 0.5
0.69666 0.375649 0.838705 -0.859881 -0.339023 -0.0221169 0.00955359 0.628478 0.220557 : 0.5
0.710567 0.458988 0.986603 0.65629 -0.470369 -0.195703 0.856804 -0.172618 0.334165 : 0.6
0.701591 0.301413 0.959224 -0.83714 -0.5289 -0.0863411 0.850891 0.226408 0.106135 : 0.6
0.574292 0.257424 0.887909 -1 -0.357787 0.0881777 0.692913 0.918444 -0.198443 : 0.7
0.666664 0.36496 0.981081 -0.932937 -0.274334 0.0976556 0.453583 0.554564 0.213044 : 0.5
0.702454 0.438946 0.760522 -0.971313 -0.293495 -0.11797 0.286454 0.307986 -0.683553 : 0.7
0.643009 0.349883 0.791641 -0.944555 0.0785943 -0.0672678 0.195787 0.973185 0.720066 : 0.4
0.818711 0.431802 0.989092 -0.880589 -0.290278 0.0444665 0.648312 0.549153 0.436637 : 0.6
0.624732 0.424556 0.952525 -0.879547 -0.209033 -0.0594478 0.382413 0.383259 0.404501 : 0.6
0.732442 0.477002 1 -0.886902 -0.938584 0.076455 0.603409 0.854486 0.723545 : 0.7
0.559982 0.295396 0.929627 -0.883206 -0.190383 -0.00738132 0.711273 0.314821 -0.110521 : 0.8
0.547562 0.343628 0.872963 0.0532308 -0.223017 0.0464414 0.579279 0.105472 -0.398901 : 0.6
0.583188 0.352532 0.704335 -0.927994 -0.276854 0.166914 0.389007 0.745946 1 : 0.7
0.690189 0.290202 0.638846 -0.898169 -0.242931 0.187983 0.837271 0.902973 -0.274938 : 0.8
0.583438 0.487589 0.830846 -0.991338 -0.0839601 -0.00181756 -0.0577879 0.590331 0.242843 : 0.4
0.691408 0.464674 0.969123 -0.961867 -0.289093 0.0543866 0.742999 0.664473 0.435131 : 0.6
0.673759 0.530305 0.898023 -0.853704 -0.16048 -0.147791 0.286523 0.712193 0.203327 : 0.5
0.675402 0.427471 0.939289 -0.835417 -0.423519 0.0852103 0.398287 0.46521 -0.555359 : 0.5
0.765143 0.413932 0.822206 -0.889097 -0.96032 0.0508162 0.607999 0.763743 0.928215 : 0.6
0.639014 0.376706 0.892306 -0.958088 0.189465 0.0609243 0.470639 0.311695 -0.349757 : 0.5
0.66211 0.554351 0.957965 -0.890999 -0.206936 0.0465042 0.150724 0.483341 0.67641 : 0.5
0.724053 0.523293 0.848032 -0.822954 -0.479491 0.0137255 0.628417 0.422226 0.0568386 : 0.8
0.576604 0.469606 0.976829 -0.881408 -0.0934949 -0.0787841 0.264682 0.757074 0.251902 : 0.7
0.663732 0.210277 0.909783 -0.900365 -0.169311 0.17765 0.3686 0.263453 0.0370782 : 0.6
0.448066 0.379275 1 -0.840291 -0.0544655 -0.0390801 0.288848 0.272247 -0.307486 : 0.9
0.70971 0.377034 0.977698 -0.858797 0.0498129 0.00446239 0.41909 0.42814 -0.153697 : 0.6
0.656072 0.368395 0.975528 -0.980888 -0.242765 -0.121199 0.252258 0.257979 0.460578 : 0.5
0.667275 0.42015 0.861425 -0.669428 -0.2948 -0.131625 0.694661 0.46095 0.503875 : 0.6
0.702798 0.390525 0.830989 -0.87302 -0.0523205 0.0645375 0.365801 0.897433 0.566025 : 0.7
0.794954 0.281716 0.932826 -0.976843 -0.0663312 -0.243016 0.158718 0.887998 0.60877 : 0.8
0.716343 0.378455 0.917492 -0.860238 -0.26699 0.199137 0.439026 0.647766 0.0418546 : 0.8
0.574342 0.42096 0.91533 -0.977142 -0.489874 0.0732558 0.343585 0.602567 -1 : 0.8
0.728624 0.461073 0.878684 -0.895735 -0.0400069 -0.178872 0.226765 0.158595 0.343071 : 0.8
0.682273 0.371111 0.565791 -0.825075 -0.437711 -0.0853797 0.502135 0.386933 0.0814537 : 0.6
0.683522 0.432959 0.847635 -0.935511 -0.168876 0.10984 0.625574 -0.265453 0.169199 : 0.5
0.67553 0.581057 0.867848 -0.861253 -0.341891 0.22798 0.669661 0.102311 -0.187927 : 0.7
0.777393 0.482634 0.969077 0.275656 -0.360477 0.0373648 0.562266 0.274019 0.40245 : 0.5
0.619898 0.311865 0.858562 -0.850146 -0.0961574 0.0610301 0.783634 0.741428 -0.515287 : 0.6
0.63505 0.447982 0.913565 -0.890355 -0.554453 0.204491 0.563865 0.47994 -0.251432 : 0.7
0.654276 0.421529 0.912508 -0.924961 -0.285905 -0.414255 0.0526136 0.46576 0.412634 : 0.6
0.676688 0.38822 0.923182 -0.891359 -0.0881479 0.17986 0.464485 0.527791 0.413092 : 0.6
0.638341 0.346259 0.850965 -0.898603 -0.0715382 0.171636 0.507094 0.671882 -0.0157959 : 0.9
0.840711 0.445228 0.820323 -0.864 -0.661242 0.0769888 0.554562 0.686372 0.0342115 : 0.5
0.630394 0.416947 0.916078 -0.824285 -0.256505 -0.156568 0.552952 0.687846 0.266722 : 0.5
0.649265 0.44352 0.885114 -1 -0.318137 0.0254468 0.510471 -0.282577 0.246494 : 0.7
0.688909 0.330574 0.925668 -1 -0.159866 0.181087 0.221821 0.48581 0.609663 : 0.7
0.644904 0.412313 0.916854 -0.786919 -0.680198 -0.0543088 0.392502 0.588252 0.203884 : 0.8
0.600998 0.424782 0.909094 -0.974025 -0.548343 -0.185721 0.570067 0.73564 -0.429887 : 0.6
0.636871 0.384531 0.988357 -0.84826 -0.375418 0.0511064 0.63624 0.558252 0.301159 : 0.5
0.547582 0.404555 0.835555 -0.793963 -0.496595 0.0966568 0.452747 0.619898 0.000113368 : 0.6
0.648936 0.387929 0.945006 -0.906482 -0.0531633 0.0284204 0.421376 0.665236 0.096643 : 0.7
0.721092 0.173584 0.905061 -0.899714 -0.107719 0.138892 0.123202 0.407517 -0.0344772 : 0.9
0.673192 0.377789 0.962938 -0.871613 -0.242257 0.0425125 0.521615 0.2791 -0.254249 : 0.8
0.661849 0.347784 0.986254 -0.744851 -0.676722 -0.000579331 0.645949 0.671829 1 : 0.8
0.6456 0.434025 1 -0.932963 -0.202112 0.0763436 0.288669 0.756138 0.516006 : 0.6
0.658912 0.300622 0.871365 -0.870139 -0.302346 -0.102841 0.182997 0.462159 1 : 0.5
0.624665 0.374333 0.990595 -1 -0.339864 -0.104888 0.45487 0.470257 0.573679 : 0.6
0.691713 0.415289 0.905761 -0.959105 -0.278948 -0.0358584 0.763311 -0.146714 0.5214 : 0.7
0.534785 0.340811 0.902993 -0.970005 -0.130258 0.0406433 0.646673 0.566625 -0.0701233 : 0.6
0.693109 0.320302 0.948652 -0.941446 -0.29534 0.0971641 0.427773 0.435904 0.521408 : 0.6
0.578164 0.372147 0.828239 -0.904587 -0.176254 0.118307 0.638308 0.226483 -0.53791 : 0.9
0.653133 0.466724 0.939835 -0.736977 -0.696811 -0.0471979 0.549142 0.846638 -0.170463 : 0.4
0.674113 0.399271 0.899566 -0.932532 -0.378513 -0.0437369 0.67291 0.430447 0.57872 : 0.6
0.594079 0.458955 0.943358 -0.961258 0.00284375 0.118999 0.196125 0.473162 1 : 0.4
0.66441 0.374459 0.939293 -0.959368 0.115889 -0.256636 0.326347 0.496934 0.424705 : 0.5
0.743307 0.408771 0.841464 -0.945793 -0.0741038 0.0265814 0.477684 0.695591 -0.0686262 : 0.3
0.627134 0.100638 0.952781 -0.930653 -0.273236 0.0421511 0.633857 0.430688 -0.0967495 : 0.6
0.598249 0.408953 0.942005 -0.901366 -0.47598 0.158851 0.344427 0.736477 0.125714 : 0.8
0.496845 0.353892 0.936514 -0.844745 -0.172549 0.0766202 0.313183 1 0.801948 : 0.4
0.636206 0.308861 0.846526 -0.819449 -0.575036 0.0347661 0.515283 0.634478 -0.500739 : 0.5
0.64084 0.29616 0.753186 -0.862252 -0.122064 0.0762693 0.932956 0.678195 -0.114963 : 0.5
0.652995 0.445185 0.935563 -0.858657 -0.179054 -0.224923 0.0807158 0.485087 0.356981 : 0.6
0.643028 0.392305 0.941378 -0.887012 -1 0.0662493 0.937255 0.423544 0.218419 : 0.6
0.639234 0.402975 0.926935 -0.893611 -0.222689 0.0430889 0.681473 0.536645 -0.47969 : 0.8
0.677123 0.292579 0.848957 -0.864274 0.0283093 0.108758 0.531742 0.652896 -0.0603367 : 0.6
0.530877 0.4305 0.883787 -0.859253 0.0342587 0.0577754 0.103472 0.687758 0.140211 : 0.4
0.65582 0.426332 0.971435 -0.946847 -0.188644 -0.119843 0.410477 0.734473 -0.226037 : 0.4
0.792621 0.419343 0.771969 -0.862497 -0.770521 0.0424163 0.48489 0.830663 -0.703395 : 0.3
0.703929 0.415635 0.951222 -0.941433 -0.247399 0.249234 0.601046 0.224387 0.326242 : 0.6
0.685979 0.436523 0.965737 -0.839963 -0.396771 0.365062 0.466768 0.495893 -0.235407 : 0.6
0.651789 0.390538 1 -0.860421 -0.430289 0.0276492 0.403116 0.378307 -0.063957 : 0.8
0.651339 0.44791 0.952118 -0.953135 -0.52784 -0.0948066 0.290525 0.162318 -0.448508 : 0.5
0.655942 0.458838 0.875244 -0.859064 -0.187328 0.0228234 0.695608 0.343575 0.636525 : 0.9
0.627891 0.448404 0.926374 -0.998583 -0.367036 0.240306 0.392657 0.451408 -0.08254 : 0.7
0.638061 0.398213 0.847905 -0.90283 -0.197347 -0.113731 0.452942 0.583615 0.80574 : 0.9
0.671131 0.430369 0.729704 -0.885386 -0.254318 -0.00413133 0.262557 0.72325 -0.178718 : 0.4
0.687922 0.455283 0.989446 -0.857954 0.080132 0.00137722 0.197676 0.320356 0.245926 : 0.2
0.74705 0.343674 0.867837 -0.791051 -0.310199 0.173818 0.48344 0.621115 1 : 0.8
0.666736 0.4519 0.924052 -0.881395 -0.0898375 0.0122591 0.353379 0.305123 0.473017 : 0.7
0.709603 0.371796 0.760403 -0.806952 -0.320034 -0.158363 0.667939 0.410878 0.0913937 : 0.9
0.693979 0.418495 0.900193 -0.906591 -0.230402 -0.485253 0.566322 0.480954 0.569777 : 0.9
0.632653 0.438803 0.944557 -0.885137 -0.294012 -0.122686 0.290986 0.403723 0.845414 : 0.5
0.514895 0.307902 0.927051 -0.988378 -0.111931 -0.0527009 0.342845 0.736134 0.0549095 : 0.8
0.641134 0.447427 1 -0.826599 -0.722671 -0.0117065 0.39844 0.539546 0.877939 : 0.3
0.543456 0.295256 0.764827 -0.886483 -0.168042 0.123227 0.787761 0.533021 -1 : 0.3
0.677068 0.471923 0.885867 -0.999266 -0.416497 -0.0792052 0.557588 0.392671 1 : 0.8
0.740091 0.381955 0.892024 0.27339 -0.363291 0.094913 0.485785 0.130268 0.473868 : 0.4
0.697737 0.465057 0.991692 -0.942723 -0.885846 0.0646908 0.877233 0.461382 0.488203 : 0.8
0.698686 0.347638 1 -0.81411 -0.117001 -0.0324443 0.332789 0.387799 1 : 0.7
0.663856 0.458178 0.932214 -0.9471 -1 0.108087 0.431688 0.102357 0.485317 : 0.7
0.645717 0.452384 0.940718 -0.865719 -0.383157 0.0105987 0.617139 0.53609 -0.460373 : 0.5
0.815273 0.42414 0.715777 -1 0.035565 0.222122 0.273022 0.795449 -0.501274 : 0.4
0.63513 0.394883 0.984781 -0.829222 -0.532374 0.139292 0.253607 0.861083 0.364153 : 0.4
0.663612 0.546539 0.90477 -0.86488 -0.35695 0.14487 0.404244 0.637928 -0.204839 : 0.4
0.542555 0.375258 0.897274 -0.911764 0.00506347 0.149485 0.437695 0.755669 -0.0799447 : 0.7
0.579603 0.290122 0.819617 -0.876301 -0.00442837 0.145436 0.671077 0.158615 0.0592921 : 0.6
0.65707 0.370926 0.747044 -1 -0.083562 0.0147666 0.298883 0.826772 0.834232 : 0.8
0.764463 0.249581 0.928638 -0.957013 -0.288436 -0.0176867 0.300063 0.89895 -0.762817 : 0.4
0.714134 0.407357 0.909768 -0.671859 -0.297275 0.119744 0.704917 0.761137 -0.958676 : 0.7
0.558035 0.410248 0.918932 -0.783147 -0.483891 0.0327037 1 0.630857 0.236129 : 0.6
0.663719 0.363831 0.755494 -0.711605 -0.237124 -0.287844 0.743629 0.691885 -0.244982 : 0.5
0.646205 0.33035 0.915507 -0.906557 -0.115999 -0.0820352 0.161288 0.396578 -0.173053 : 0.7
0.625802 0.387045 0.919227 -0.849185 -0.21992 0.100064 0.666612 -0.0151808 -0.21824 : 0.4
0.608685 0.32212 0.944697 -0.966866 -0.033293 0.0568803 0.453867 0.72817 0.293565 : 0.6
0.64936 0.348396 0.842625 -0.876351 -0.433595 -0.0355784 0.619223 0.47374 -0.0441144 : 0.6
0.621319 0.398456 0.824103 -0.932791 -0.302039 0.122382 0.586955 0.501495 0.417134 : 0.3
0.652657 0.239621 0.999615 -0.900451 -0.289095 0.196795 -0.193368 0.384079 0.292784 : 0.7
0.537023 0.413243 0.867595 -0.879236 -0.126748 0.0766718 0.532669 0.668277 -0.226544 : 0.1
0.689289 0.367584 0.848748 -0.989141 -0.376124 -0.0735717 0.415503 0.471922 -0.0958152 : 0.8
0.663735 0.342824 0.94338 -1 -0.23415 0.148674 0.335155 0.516726 0.534103 : 0.6
0.659998 0.415826 0.596233 -0.850455 -0.57804 -0.0671538 0.420247 0.398928 -0.138215 : 0.6
0.647985 0.387543 0.855406 -0.915728 -0.0574585 0.139062 0.32016 0.458967 -0.0270824 : 0.7
0.648347 0.376808 0.929637 -0.968057 -0.126192 0.250981 0.433733 0.766986 0.0876353 : 0.4
0.656048 0.449503 0.95552 -0.999907 -0.414256 -0.024155 0.353687 0.424514 -0.148001 : 0.6
0.626383 0.316154 0.937908 -0.683168 0.049124 -0.198217 0.581509 0.695244 -0.93729 : 0.7
0.594824 0.491661 0.855823 -0.765841 -0.41751 -0.0127512 0.185087 -0.467924 0.0373582 : 0.7
0.704908 0.409642 0.852424 -0.863706 -0.259928 0.182186 0.335602 1 0.389781 : 0.7
0.668362 0.353775 0.945424 -0.83514 -0.260924 0.0426726 0.297183 0.665883 -0.276666 : 0.8
0.682837 0.381913 0.840633 -0.834058 -0.498935 0.0375575 0.406524 0.683772 0.145172 : 0.6
0.599315 0.561897 1 -0.931995 -0.0579877 0.0876491 0.0620231 1 -0.684498 : 0.8
0.652113 0.392358 1 -0.896404 -0.0339899 0.0730457 0.30353 0.804618 0.144685 : 0.6
0.737608 0.484534 0.881982 -0.911994 -0.237755 0.0301303 0.260895 0.581048 0.925749 : 0.9
0.607432 0.400108 0.869339 -0.815412 -0.251987 0.0130084 0.296866 0.743328 0.198982 : 0.8
0.618619 0.342833 0.887923 -0.888154 -0.404085 0.108372 0.190458 0.50855 0.088143 : 0.9
0.577812 0.333974 0.854965 -0.869288 -0.188109 0.105437 0.576544 0.676536 0.337829 : 0.2
0.74602 0.415879 0.951823 -1 -0.717657 0.162283 0.432583 0.329586 -0.421755 : 0.6
0.681829 0.387691 0.978272 -0.726866 -0.234513 -0.0245629 0.591187 0.440715 0.427729 : 0.7
0.701415 0.449866 0.885227 -0.870353 -0.00430295 -0.0726407 0.651791 0.587869 -0.464576 : 0.5
0.624707 0.450455 0.737491 -0.860981 -0.0464416 0.0504586 0.672403 0.696573 0.132415 : 0.2
0.600309 0.415021 0.898016 -0.886099 -0.133965 0.11813 0.59697 0.432192 -0.0755786 : 0.8
0.648705 0.337171 0.793343 -0.897518 0.161588 0.0777253 0.170204 0.451919 0.635048 : 0.8
0.653939 0.398956 0.832516 -0.880149 -0.154477 0.00680037 0.493713 0.695456 0.278476 : 0.7
0.710385 0.390037 0.896481 -0.825463 -0.304165 0.110193 0.568893 0.327487 0.0850792 : 0.7
0.650461 0.448948 0.872823 -0.964756 0.0361118 0.0570306 0.185191 0.503246 0.180268 : 0.5
0.586307 0.390143 0.80526 -0.84864 -0.305004 -0.490409 0.442751 0.642279 0.79331 : 0.6
0.719121 0.374596 0.934782 -0.936025 -0.435763 -0.087174 0.410311 0.232999 0.0258325 : 0.2
0.62689 0.353017 0.82713 -0.923021 -0.0568115 -0.044983 0.317843 0.318525 -0.589846 : 0.7
0.662615 0.370294 0.94422 -0.949639 -0.30273 -0.0742547 0.969661 0.638744 0.367345 : 0.5
0.634333 0.328918 0.829871 -0.901074 -0.213579 0.20308 0.496164 0.576852 -0.180502 : 0.3
0.677759 0.38738 0.999862 -0.913704 -0.341572 -0.113597 1 0.840548 0.177 : 0.7
0.663907 0.459456 0.883679 -0.772905 -0.336562 0.00951357 0.284148 0.470531 -0.789495 : 0.7
0.65312 0.359339 0.85795 -1 -0.0400179 0.0691742 0.513774 0.657284 0.735993 : 0.8
0.732936 0.489171 0.934943 -0.926238 -0.352364 -0.0942054 1 0.131189 -0.218951 : 0.9
0.626691 0.321072 0.799077 -0.8704 -0.0855888 0.0649334 0.61684 0.648909 -0.0317647 : 0.4
0.659484 0.30468 0.866768 -0.733689 -0.299192 -0.281744 0.482963 0.533879 -0.523208 : 0.5
0.717757 0.449278 0.78543 -0.922905 -0.137531 0.227845 0.466042 0.958895 0.659936 : 0.6
0.66125 0.42211 0.7307 -0.970284 0.0747749 0.1472 0.71893 0.318969 0.689669 : 0.4
0.665834 0.352771 0.837991 -0.786681 -0.114325 -0.157579 0.611538 0.662923 -0.103507 : 0.2
0.613206 0.428183 0.984488 -0.916483 -0.242259 0.2315 0.793498 0.414962 -0.0553899 : 0.7
0.618274 0.344165 0.88681 -0.925218 0.40557 -0.00137125 -0.0840684 0.436912 0.0265986 : 0.2
0.646962 0.339508 0.954182 -0.897736 -0.0194199 0.110215 0.622301 0.603064 -0.317471 : 0.6
0.776376 0.429284 0.790954 -0.969216 -0.814832 0.293269 0.269042 0.581586 1 : 0.5
0.696836 0.437641 0.853724 -0.88599 -0.259941 0.232957 0.770773 0.501332 -0.591561 : 0.6
0.659332 0.461914 0.866071 -0.82618 -0.416327 0.129847 0.393346 0.240328 -1 : 0.8
0.783939 0.37354 0.677849 -1 -0.447237 -0.0282664 0.509646 0.317991 0.113864 : 0.8
0.677394 0.442646 0.848598 -0.740338 -0.154281 -0.341757 0.41487 0.768297 -0.12562 : 0.4
0.674548 0.372047 0.979519 -0.872567 -0.312822 0.0660842 0.324193 0.4026 0.798837 : 0.7
0.680708 0.29406 0.904364 -0.856754 -0.25987 -0.276761 0.714185 0.46451 0.430555 : 0.5
0.635581 0.458885 0.884109 -0.886372 -0.00560361 -0.338581 0.359316 0.873246 -0.172153 : 0.6
0.651972 0.245936 0.960607 -0.834503 -0.104865 -0.100886 0.57579 0.153771 -0.178035 : 0.4
0.725549 0.413129 0.846041 -0.979105 -0.354702 -0.000876099 0.889638 0.660926 -0.197547 : 0.5
0.680823 0.387647 0.878796 -0.834416 -0.0530382 -0.27389 0.364685 0.653094 0.0713262 : 0.5
0.550899 0.37309 0.779238 -0.898103 0.00857037 0.0196641 0.648538 0.585907 0.129498 : 0.4
0.778279 0.489534 0.87406 -1 -0.370326 0.0311081 0.635371 0.467331 -0.189012 : 0.8
0.687225 0.544486 0.806763 -0.972691 -0.0215269 -0.0223969 0.728258 0.468322 0.728416 : 0.6
0.635672 0.365594 0.966583 -1 -0.124793 0.115796 0.646919 0.615079 0.454978 : 0.7
0.576163 0.390263 0.974852 -0.998071 -0.0406219 0.0226289 0.333483 0.833933 -0.112804 : 0.7
0.724543 0.525928 0.826975 -0.951531 -0.502114 0.19429 0.37612 0.309196 0.805692 : 0.8
0.731384 0.444246 0.950195 -0.936756 -0.286189 0.0293927 0.358034 0.727724 0.26602 : 0.7
0.692516 0.402203 0.991941 -0.87787 -0.576815 0.0737294 1 0.262131 -0.464661 : 0.9
0.67261 0.357639 0.630402 -1 -0.42807 -0.124585 0.712487 0.727202 -0.0140488 : 0.7
0.619957 0.444979 1 -0.835573 -0.42124 -0.0240664 0.468491 0.417318 -0.395422 : 0.2
0.657121 0.417144 0.925424 -0.934431 -0.264769 0.0715159 0.688768 0.417357 -0.195215 : 0.3
0.636704 0.513289 0.852927 -0.809323 -0.160921 -0.0466185 0.237511 -0.10346 -0.856196 : 0.6
0.692917 0.458248 0.948167 -0.846987 -0.275473 -0.110239 0.675181 0.459317 0.329118 : 0.6
0.699004 0.347706 0.836263 -0.945366 -0.19597 -0.358434 0.286007 0.588513 0.174468 : 0.8
0.686525 0.328451 0.899199 -0.898331 -0.16592 -0.0856452 0.401957 0.552172 -0.371319 : 0.9
0.660385 0.0847361 0.980222 -0.939839 -0.279791 -0.0685378 0.499789 0.278014 0.470882 : 0.8
0.611947 0.420936 0.924301 -0.865618 -0.517828 0.0153622 0.361814 0.226705 0.484444 : 0.7
0.672535 0.419593 0.890086 -0.98472 -0.102187 -0.105958 0.427865 0.296305 -0.0724891 : 0.5
0.622825 0.525185 0.981495 -0.88816 -0.317581 -0.0978624 0.911856 0.935835 0.535827 : 0.9
0.674629 0.169749 0.930961 -0.911662 -0.210708 0.103445 0.197848 0.397268 -0.662284 : 0.5
0.639317 0.435025 0.824109 -0.707547 0.130235 0.0732683 -0.070879 0.602786 -0.0154189 : 0.6
0.695497 0.42229 0.955252 -0.880193 -0.462158 0.0291187 1 0.383007 -0.123231 : 0.7
0.708 0.339463 0.784391 -0.94071 -0.11363 0.0107193 0.392445 0.955414 0.499035 : 0.8
0.653959 0.326665 0.910964 -0.808181 -0.701228 0.128462 0.698695 0.539185 0.836003 : 0.5
0.812878 0.388761 0.836281 -0.928332 -0.509667 0.1213 0.469032 0.484168 0.093595 : 0.7
0.703903 0.384683 0.958199 -0.987242 -0.447746 -0.0991149 0.930044 0.292323 0.425328 : 0.6
0.554128 0.374806 0.925295 -0.913848 -0.185778 0.090572 0.384789 0.70145 0.295075 : 0.6
0.65303 0.427912 0.910342 -0.645596 -0.569643 -0.0402374 0.294694 0.561998 0.126711 : 0.7
0.577824 0.280729 0.920512 -0.895613 -0.553753 0.158781 0.679253 0.813821 0.519221 : 0.7
0.664956 0.344429 0.959911 -0.862448 -0.39321 0.113671 0.303361 0.418382 -0.173661 : 0.6
0.623775 0.278053 0.927675 -0.985631 -0.541569 -0.154379 0.348422 0.713767 0.0523896 : 0.7
0.650771 0.385736 0.857448 -0.842577 -0.0678553 -0.164572 0.571319 0.714149 -0.423929 : 0.9
0.771051 0.434118 0.973792 -0.899016 -0.345145 0.0920563 0.402689 0.794562 0.783856 : 0.7
0.602568 0.366607 0.801114 -0.953739 -0.267986 0.114842 0.579828 0.912268 -1 : 0.5
0.741333 0.429919 0.993062 -0.97736 -0.872622 0.0582128 0.970774 0.984166 0.958432 : 0.6
0.468007 0.398432 0.853274 -0.964844 -0.0713336 0.0516303 0.32001 0.13755 -0.342254 : 0.6
0.686753 0.346351 0.793109 -0.817646 -0.0824625 -0.0768287 0.676547 0.807964 0.13148 : 0.6
0.619265 0.465857 0.802941 -0.984155 -0.342349 -0.0728257 0.285786 0.571462 -0.0104957 : 0.3
0.713655 0.386446 0.821909 -0.863127 -0.0682011 0.189314 0.61954 0.638117 0.559939 : 0.8
0.618165 0.311177 0.91699 -0.746858 -0.340181 0.113258 0.622961 0.760025 1 : 0.8
0.568814 0.356117 0.903439 -0.827709 -0.247881 0.14055 0.192045 0.599728 0.468218 : 0.2
0.666813 0.335618 0.940614 -0.868713 -0.389578 -0.0582605 0.991578 0.661956 -0.180244 : 0.6
0.704626 0.384819 0.763248 -0.982611 -0.102866 -0.0117347 0.356326 0.636406 0.716331 : 0.8
0.676267 0.316194 0.932695 -0.886616 0.0574958 -0.115533 0.770022 0.674715 0.948779 : 0.4
0.621664 0.355443 0.940196 -0.912218 0.361377 0.021897 0.534665 0.541286 -0.527308 : 0.7
0.592555 0.362151 1 -0.902762 -0.248284 0.21739 0.299214 0.79386 0.65962 : 0.8
0.63457 0.334642 0.924669 -0.842716 -0.549405 -0.0395638 0.366696 0.395628 0.00561646 : 0.7
0.817938 0.412152 0.862625 -0.731972 -0.979608 0.166216 0.269187 0.570911 1 : 0.6
0.652404 0.383691 0.849999 -0.829349 -0.221758 -0.0985794 0.424836 0.494214 0.835807 : 0.4
0.608233 0.489091 0.968734 -1 -0.282393 -0.0939867 0.62324 0.605006 -0.17618 : 0.9
0.69152 0.476385 0.958305 -0.923759 -0.271905 0.169997 0.329409 0.857792 0.49528 : 0.5
0.697292 0.411764 0.902667 -0.935939 -0.395471 0.0653179 0.515731 0.425034 0.521681 : 0.6
0.653835 0.378656 0.996504 -0.822953 0.0978632 -0.00937242 0.445078 0.643969 -0.960304 : 0.6
0.654402 0.272021 0.930084 -0.868295 -0.119713 0.0272896 0.690822 0.336317 -0.435728 : 0.2
0.675806 0.336185 0.881604 -0.854235 -0.591331 0.486737 0.238509 0.35023 0.254509 : 0.8
0.722814 0.459745 0.817921 -0.909635 -0.381244 0.176009 0.356531 0.855487 -0.34466 : 0.6
0.654304 0.407382 1 -0.771565 0.12014 -0.0194378 0.0633436 0.555517 0.497088 : 0.7
0.649134 0.329812 0.944849 -0.857174 -0.129274 -0.0896693 0.636156 0.684031 -0.183578 : 0.3
0.64778 0.383352 0.95992 -0.820398 -0.0963913 -0.177502 0.612211 0.700727 0.0131908 : 0.5
0.691232 0.389736 0.872682 -0.911699 -0.159723 -0.192477 0.619812 0.764429 -0.134334 : 0.6
0.793437 0.390166 0.904376 -0.821863 -0.413202 0.0399128 0.453584 0.616608 0.55729 : 0.5
0.68682 0.0375137 0.904354 -0.818156 -0.398257 0.0399576 -0.0247249 0.585822 -0.438718 : 0.6
0.668023 0.461175 0.819151 -0.64552 -0.0937671 0.127115 0.478085 0.75182 0.297136 : 0.7
0.661227 0.22754 1 -0.911848 -0.414345 0.00942313 1 0.75867 -0.301627 : 0.7
0.646746 0.420824 0.929925 -1 -0.227265 0.105488 0.602485 1 0.385892 : 0.8
0.657002 0.541364 0.910268 -0.89495 -0.0426042 0.00946465 0.212939 0.69358 0.308197 : 0.7
0.65778 0.326997 0.981805 -0.84115 -0.415982 0.326702 0.305144 0.694678 0.411788 : 0.3
0.777694 0.327737 0.93786 -0.814421 -0.324107 0.108041 0.44668 0.570679 -0.0697896 : 0.3
0.637328 0.403173 0.905341 -0.889294 -0.329741 -0.0737625 0.435974 0.587118 0.919048 : 0.7
0.597355 0.378309 0.82986 -0.886481 -0.409959 0.18339 0.623102 0.611477 0.468946 : 0.4
0.765219 0.493132 0.954454 -1 -0.728852 -0.14337 0.386906 0.436638 -0.189801 : 0.5
0.753695 0.391776 0.847878 -0.900006 -0.662022 0.346722 0.404409 0.216532 -0.421586 : 0.8
0.780844 0.411821 0.959006 -0.854546 0.0364853 0.0143596 0.570904 0.836533 0.579833 : 0.9
0.706187 0.274128 0.956446 -0.857709 -0.0715353 0.057316 0.590475 0.302256 0.797053 : 0.7
0.760851 0.452289 0.949902 -0.879815 -0.853198 0.0969277 0.582767 0.607299 0.789718 : 0.2
0.651542 0.208961 0.975763 -0.950761 -0.26273 -0.206603 0.419055 0.46508 -0.285826 : 0.4
0.65725 0.379721 0.907693 -0.815791 -0.285922 -0.108521 0.26723 0.669247 -0.582898 : 0.7
0.768938 0.432057 0.834675 0.846646 -0.0583368 0.0121245 0.563512 -0.26116 0.365431 : 0.5
0.610453 0.421511 0.751468 -0.955559 0.400732 0.185273 0.0956196 0.4519 -0.430976 : 0.5
0.700165 0.458324 0.868686 -0.904973 -0.229058 0.0532833 0.249413 0.438177 0.15411 : 0.6
0.587807 0.369177 0.973052 -0.930387 -0.131297 0.042544 0.440274 0.593524 0.788114 : 0.6
0.643034 0.311142 0.962186 -0.800001 -0.438846 -0.00967951 0.263649 0.457526 0.515987 : 0.6
0.67897 0.296378 0.706005 -0.76365 -0.215302 -0.0833153 0.646654 0.355049 0.579114 : 0.8
0.500345 0.35108 0.910718 -1 -0.0722433 0.0933164 0.115491 0.565061 0.685392 : 0.6
0.537886 0.442761 0.901687 -0.890243 -0.17723 0.211367 0.669582 1 -0.212707 : 0.2
0.684794 0.4452 0.975411 -0.902308 -0.293167 -0.248407 0.268487 0.815161 0.193728 : 0.6
0.600651 0.452325 0.93925 -0.923775 -0.270227 0.0800183 0.887443 0.719836 0.0463556 : 0.5
0.685346 0.195126 0.900182 -0.89876 -0.220045 0.0240992 0.620387 -0.354699 -0.0814549 : 0.4
0.662248 0.409073 0.894535 -0.925506 0.521781 -0.0105492 0.481488 0.325301 -0.290232 : 0.7
0.620394 0.224052 1 -0.923482 0.523368 -0.0382464 0.535665 1 -0.428997 : 0.7
0.726299 0.424434 0.960598 -0.987032 -0.495717 0.280937 0.601031 0.651548 -0.313533 : 0.5
0.602506 0.471375 0.908954 -0.953183 -0.285404 0.108847 0.391571 0.300279 0.717424 : 0
0.735955 0.394369 0.911455 -0.849664 0.0204521 0.273825 0.135118 1 0.455294 : 0.6
0.682164 0.422279 0.912637 -1 -0.0181045 0.124719 0.662454 0.266767 -0.312211 : 0.7
0.736656 0.379758 0.782312 -0.859621 -0.380466 0.15411 0.859846 0.562051 0.401053 : 0.6
0.577738 0.389157 0.94857 -0.90415 -0.00044113 0.166676 1 0.696916 -0.537656 : 0.4
0.720999 0.455749 0.864277 -0.846569 -0.28719 -0.464787 -0.212422 -0.233169 -0.215295 : 0.5
0.662507 0.462969 1 -0.993881 -0.187758 0.18806 0.136006 0.478724 0.558608 : 0.7
0.682988 0.261624 0.816159 -0.949018 -0.0446134 0.104165 0.945255 0.524347 0.684857 : 0.7
0.660059 0.362667 1 -0.931706 -0.666761 0.056108 0.546392 0.498596 0.382756 : 0.9
0.62253 0.453203 0.998483 -0.774247 -0.461539 -0.104854 0.454023 0.0615305 -0.264513 : 0.7
0.689539 0.191184 0.993811 -0.873704 -0.737274 0.0877324 0.403684 0.509874 0.00615346 : 0.7
0.665315 0.441717 0.999316 -1 0.0177707 -0.0914118 0.0880507 0.559361 0.481585 : 0.7
0.634298 0.435497 0.929141 -0.935087 -0.127716 -0.226269 0.439532 0.289722 -0.0171158 : 0.8
0.676053 0.377961 0.987925 -0.915098 -0.226509 0.158819 0.4876 0.538062 0.0958835 : 0.8
0.674662 0.359024 0.934823 -0.90419 -0.254006 -0.0381132 0.773901 0.524364 0.315342 : 0.7
0.668776 0.410971 0.840959 -0.756457 -0.403325 -0.257273 0.498957 0.560136 0.796733 : 0.7
0.676055 0.334693 0.918737 -0.867073 -0.126944 0.187863 0.642501 0.482591 -0.119541 : 0.8
0.488358 0.342143 0.903076 -0.796628 0.109219 0.171756 -0.317464 0.597022 0.0190389 : 0.7
0.74839 0.294454 0.873863 -0.885444 0.118166 -0.022557 0.628088 0.381787 -0.678309 : 0.5
0.658816 0.441266 0.942298 -0.960935 -0.254015 0.0572483 1 0.899911 -0.556815 : 0.4
0.674322 0.420772 0.976349 -0.881117 -0.381633 0.0851817 0.70543 0.544367 -0.0126201 : 0.6
0.660532 0.397598 0.923411 -0.81389 -0.114796 0.0673716 0.949367 1 0.91923 : 0.7
0.6708 0.340287 0.916688 -0.877413 -0.0983748 -0.272671 0.649567 0.827115 -0.224621 : 0.5
0.669534 0.442318 0.894833 -0.881233 -0.0871608 0.131566 0.268753 0.495276 0.517589 : 0.7
0.726346 0.410329 0.83766 -0.894322 -0.607506 0.12135 0.479596 0.163429 0.627371 : 0.6
0.614746 0.363573 0.811893 -0.91889 -0.189699 0.0356109 -0.123713 0.610644 0.946494 : 0.8
0.60526 0.45245 0.866116 -0.919143 -0.244094 0.0194688 0.71996 0.529577 0.0405491 : 0.6
0.645678 0.427407 0.833496 -0.896448 -0.0285624 -0.00740005 -0.00943859 0.479823 0.252015 : 0.8
0.679887 0.367508 0.747262 -0.899385 -0.038101 0.0931405 0.735978 0.473875 0.587429 : 0.4
0.624977 0.480782 0.879524 -0.941231 -0.0694356 0.0337954 0.229759 0.246843 1 : 0.7
0.659766 0.405996 0.871074 -0.799281 -0.300414 -0.3504 0.646537 0.644169 0.373766 : 0.5
0.65089 0.370428 0.979817 -0.787898 -0.00941509 0.00942518 0.589956 0.458505 0.762851 : 0.7
0.672724 0.362043 0.958514 -0.865825 -0.278472 0.0894057 0.645295 0.747591 1 : 0.5
0.653464 0.387741 0.939857 -1 0.0299011 0.0554003 0.878944 0.130401 0.177506 : 0.7
0.580707 0.361289 0.99206 -1 -0.233257 0.184566 0.261136 0.449263 -0.0940604 : 0.7
0.736996 0.265535 0.928222 -0.953632 -0.560465 -0.39277 0.825501 0.434869 -0.0603322 : 0.6
0.641697 0.307735 0.900633 -0.945851 -0.160147 -0.050902 0.353663 0.436409 0.0520747 : 0.3
0.72791 0.269685 0.86236 -0.924797 -0.208978 0.0858023 0.330121 -0.0815034 0.258357 : 0.7
0.66055 0.380705 0.917019 -1 -0.253192 0.464889 0.522733 0.341619 -0.515554 : 0.5
0.640341 0.337406 0.926704 -0.961358 -0.0443772 -0.101404 0.738481 0.981203 0.937454 : 0.8
0.617418 0.449621 0.890083 -0.919822 -0.223374 0.223825 1 0.80077 -0.314373 : 0.7
0.77604 0.349924 0.820626 -0.932466 -0.0970086 0.0115933 0.310868 0.928663 -0.49661 : 0.7
0.693146 0.440736 0.863034 -0.932799 -0.325493 0.231179 0.220436 0.238753 1 : 0.6
0.658931 0.395251 0.876996 -0.815859 -0.225804 0.0476703 0.41655 0.271389 0.164954 : 0.6
0.680059 0.447756 0.922198 -0.931232 -0.00997534 -0.0879629 0.19329 0.59897 0.929321 : 0.5
0.685671 0.427883 0.924362 -0.813324 -0.432092 -0.227455 0.159323 0.57091 0.860195 : 0.9
0.688654 0.442735 0.94738 -0.894077 -0.103084 -0.025367 0.292627 0.619299 0.94402 : 0.6
0.685046 0.397045 0.972184 -0.99403 -0.101544 0.029983 0.574725 1 0.0104532 : 0.3
0.750143 0.417538 0.908756 -0.715084 0.0973755 0.0453514 0.429865 0.595855 0.0823735 : 0.7
0.612935 0.444969 0.980107 -1 -0.475423 0.012594 1 0.745372 -0.331841 : 0.5
0.619789 0.412139 0.855241 -0.855444 -0.359117 -0.13606 0.413586 -0.112752 0.697819 : 0.8
0.634577 0.306057 0.815026 -0.85562 -0.243021 0.115882 0.698984 0.957161 -0.210626 : 0.6
0.620729 0.343656 0.870847 -0.950987 -0.300051 0.0195408 0.534752 0.451867 0.669606 : 0.3
0.622497 0.448794 0.987536 -0.930832 -0.6091 0.0283848 0.795884 0.383627 0.238849 : 0.7
0.667126 0.348208 0.927844 -0.851494 -0.405859 0.0379621 0.448097 0.623421 0.0595439 : 0.7
0.641301 0.361762 0.916362 -0.873121 -0.0422398 0.192265 0.413235 0.811313 0.687585 : 0.5
0.684476 0.455789 0.940889 -0.930626 -0.142986 -0.142529 0.252179 0.405275 -0.542222 : 0.5
0.66352 0.392612 0.771285 -0.897326 -0.0210873 -0.0437803 0.16499 0.0899051 -0.401257 : 0.4
0.603137 0.477597 1 -0.930034 -0.105453 -0.0376518 0.326983 0.361959 -0.033638 : 0.8
0.677064 0.359872 0.891695 -0.915424 -0.298629 0.0667171 0.458756 0.639308 0.814911 : 0.7
0.688349 0.423939 0.986345 -0.95946 -0.160989 -0.0851822 0.180555 0.638258 0.0339662 : 0.5
0.721091 0.405438 0.882632 -0.875905 -0.175591 0.137192 0.321096 0.479563 -0.125885 : 0.5
0.588137 0.384185 1 -0.949987 0.142607 -0.0619332 0.598891 0.597111 1 : 0.7
0.658421 0.418045 0.96605 -0.901383 -0.237351 0.201564 0.265657 0.280055 0.26551 : 0.8
0.702133 0.594535 0.842113 -0.804258 -0.189468 -0.0191633 0.227907 -0.150869 0.968648 : 0.6
0.686153 0.399889 0.818873 -0.892559 -0.0902533 0.0335824 0.254447 0.606822 0.316372 : 0.4
0.614073 0.431835 0.851128 -1 -0.136562 0.315392 0.114074 1 0.107371 : 0.8
0.704465 0.380181 0.949495 -0.815497 -0.321457 -0.0481145 1 0.4905 -0.00553539 : 0.3
0.607372 0.437854 0.920684 -0.86112 -0.170194 0.0233293 0.326164 0.0873738 -0.189608 : 0.3
0.715211 0.4414 0.828057 -0.878917 -0.130837 -0.0712269 0.250828 0.541316 0.407174 : 0.5
0.665864 0.369117 1 -0.96513 -0.437037 -0.0116442 0.284892 0.926473 0.641962 : 0.7
0.624404 0.388992 0.915674 -0.879656 -0.285165 0.014605 0.693798 0.167818 0.0966789 : 0.8
0.671976 0.321009 0.917588 -0.976562 -0.302307 -0.00581157 0.474295 0.479429 0.653092 : 0.5
0.48719 0.398985 0.843508 -0.92593 -0.461894 0.127304 0.611396 0.518974 0.188121 : 0.5
0.67043 0.363931 0.879813 -0.913887 -0.348487 -0.0181511 0.0878336 -0.466764 -3.46899e-05 : 0.5
0.54174 0.360875 0.705451 -1 -0.373675 -0.0586039 0.992442 0.85879 0.347182 : 0.8
0.647432 0.314393 0.996792 -1 -0.244701 -0.0884332 0.421668 0.0890194 -0.035639 : 0.7
0.660396 0.391839 0.908075 -0.905943 -0.228163 0.0449426 0.439268 0.651197 1 : 0.6
0.666319 0.409687 0.797564 -0.797109 -0.262265 0.0582372 0.0925848 0.545425 0.623742 : 0.3
0.676662 0.531867 0.845629 -0.895178 -0.0856727 0.0241224 0.0247064 1 0.733417 : 0.7
0.660361 0.249094 1 -0.89324 -0.421614 0.0741713 1 1 0.154443 : 0.7
0.661028 0.498264 0.907693 -0.796899 -0.0586912 0.00570942 0.0117466 0.0324454 0.676658 : 0.6
0.605237 0.421876 0.884454 -0.87572 -0.197232 -0.0372918 0.942834 0.94247 0.599058 : 0.8
0.710977 0.356426 0.960229 -0.875873 -0.44008 -0.0155968 0.419565 0.738824 -1 : 0.7
0.563838 0.437943 0.84127 -0.891088 -0.16572 0.156062 0.896232 0.66987 0.634886 : 0.7
0.683014 0.368502 0.904206 -0.845248 -0.2979 0.265113 0.740355 0.596378 -0.0833151 : 0.5
0.725926 0.354882 0.94578 -0.824214 -0.219403 -0.115286 0.212844 0.68945 -0.0130815 : 0.9
0.55057 0.444508 0.955225 -0.744178 -0.362709 0.0555097 0.536978 0.550373 -0.109163 : 0.7
0.658449 0.452204 0.916293 -0.880292 -0.233732 0.0815116 0.34456 0.635738 0.455525 : 0.6
0.683408 0.380042 0.915943 -0.804194 -0.271404 -0.0260459 0.304652 0.713483 -0.203516 : 0.9
0.717016 0.434958 0.925424 -0.910299 -0.152033 -0.139009 0.161296 0.877362 0.449595 : 0.6
0.682722 0.327961 0.980517 -1 -0.113546 -0.0410788 0.230576 1 0.805581 : 0.7
0.631273 0.463622 0.943003 -0.896014 -0.612623 0.137837 0.403076 0.858778 0.472056 : 0.7
0.709074 0.505384 0.861846 -0.86731 -0.456647 0.46192 0.474805 0.875754 0.313893 : 0.5
0.791836 0.426374 1 -0.99976 -0.394831 -0.0689422 0.481439 0.616817 0.424835 : 0.2
0.676166 0.353389 0.952469 -1 -0.364978 -0.229141 0.363918 0.50049 -0.327963 : 0.7
0.51276 0.377594 0.817505 -0.808569 -0.1244 -0.112583 0.309552 0.436328 1 : 0.3
0.64357 0.28843 0.916393 -0.909973 -0.158829 0.214234 0.889592 0.608542 -0.179651 : 0.7
0.647897 0.33828 0.927848 -0.906842 -0.206571 -0.0412988 0.334068 0.769027 0.224961 : 0.7
0.637499 0.336272 0.902864 -0.861441 -0.302617 0.0662291 0.253818 0.659743 -1 : 0.5
0.688221 0.405153 0.896163 -0.968316 -0.0668284 -0.173285 0.601381 0.659608 0.0857776 : 0.7
0.605009 0.338076 0.886923 -0.90635 -0.0102884 -0.539283 0.813336 0.620514 0.174257 : 0.6
0.571046 0.358098 0.945512 -0.974175 -0.320512 -0.172351 0.723154 0.166801 0.204257 : 0.7
0.656449 0.385603 0.909852 -0.905713 -0.0896766 0.124659 0.732065 0.546772 0.36058 : 0.5
0.700149 0.47124 0.955328 -0.890734 -0.0714103 0.00283465 0.332036 0.549103 0.329669 : 0.9
0.640639 0.417734 0.978745 -0.918896 -0.210654 0.197592 0.0874674 0.383304 0.0304571 : 0.5
0.679151 0.409964 0.978254 -0.837761 -0.40998 -0.0230773 1 0.75066 0.0109154 : 0.8
0.650232 0.311704 0.936953 -0.859776 -0.310546 -0.0877784 0.0612012 0.545605 -0.0196353 : 0.4
0.598146 0.404643 0.704451 -0.964175 -0.202205 -0.0691186 0.149689 0.370185 -1 : 0.7
0.733847 0.403014 0.834637 -0.997622 0.0802492 0.0682125 0.385365 1 1 : 0.3
0.679459 0.410178 0.930342 -0.87709 -0.317613 0.0266186 0.491174 0.630922 -0.295386 : 0.8
0.631541 0.458057 0.956958 -0.855829 0.0393612 0.103206 0.462686 0.669732 -0.149192 : 0.8
0.686747 0.448206 0.865796 -0.86597 -0.122557 -0.00766332 0.301358 0.058265 0.176299 : 0.4
0.640069 0.416505 0.897521 -0.966147 0.248718 -0.263195 0.38246 0.836408 -0.452863 : 0.4
0.620705 0.365697 0.834318 -0.929496 -0.23459 0.129993 0.69622 0.668585 0.448204 : 0.5
0.672628 0.465552 0.928784 -0.962123 -0.0467604 0.00456036 0.739923 0.525355 -0.528172 : 0.8
0.635325 0.376745 0.827387 -0.884442 -0.330572 0.0723996 0.681493 0.699159 0.470212 : 0.3
0.650647 0.406031 0.91495 -0.890625 -0.0981627 0.126913 0.318603 0.608828 -0.0227086 : 0.8
0.680947 0.439869 0.967917 -0.833803 -0.558426 -0.250503 0.413832 0.920814 0.189609 : 0.5
0.614577 0.391721 0.939336 -0.93955 -0.189424 0.0486352 0.919502 0.850685 1 : 0.5
0.648519 0.395261 0.931809 -0.886003 -0.283794 -0.0612421 0.744852 0.223861 0.741553 : 0.8
0.680037 0.432002 0.849913 -0.864574 -0.227733 0.0754074 -0.00548175 0.730121 0.206875 : 0.6
0.695649 0.457846 0.868672 -0.804238 -0.259116 0.0773431 0.260274 0.667873 0.493818 : 0.4
0.739064 0.454956 0.810719 -0.889522 -0.284192 0.401761 0.446714 0.535623 -0.203785 : 0.7
0.694944 0.572134 0.711942 -0.855213 -0.256768 0.0410694 0.0994688 0.4238 0.592776 : 0.7
0.736256 0.461706 0.923829 -0.903635 -0.887464 0.0645978 0.829787 0.428726 0.216128 : 0.7
0.689311 0.413622 1 -0.80223 -0.226432 -0.00277519 0.615251 0.124572 0.425438 : 0.5
0.746255 0.37426 0.816792 -0.956091 0.0710714 0.2093 0.340298 0.459943 0.318064 : 0.7
0.753913 0.322587 0.87303 -0.821903 -0.401487 0.0458877 0.331508 0.337943 -0.249581 : 0.6
0.682573 0.473556 0.910319 -0.984982 -0.591931 -0.176999 0.380024 0.404837 -0.285877 : 0.6
0.625779 0.315518 0.954051 -0.806081 -0.147766 -0.0913076 0.485752 0.304979 -0.022696 : 0.6
0.659186 0.384046 0.823348 -0.759283 -0.0330252 0.0723776 0.72552 0.478722 0.606297 : 0.5
0.703293 0.448011 0.859012 -0.798792 0.0116666 -0.054369 0.42107 0.7119 -0.46376 : 0.4
0.653498 0.41073 0.743478 -0.831921 0.138062 0.269974 0.409247 0.584502 -0.103487 : 0.7
0.693018 0.381033 0.871743 -0.834516 -0.240894 -0.0498069 0.297092 0.560309 0.5899 : 0.7
0.668088 0.515043 0.82625 -0.797971 -0.232804 -0.0126046 0.768226 0.455601 -0.107689 : 0.6
0.494026 0.431742 0.907808 -0.988759 0.104613 -0.0480387 0.529326 0.803277 -1 : 0.7
0.551724 0.397744 0.95405 -0.913621 -0.0235017 0.120151 0.693202 0.594954 0.519984 : 0.6
0.647875 0.430314 0.892239 -0.952705 -0.213969 -0.102753 0.165254 0.94046 0.391767 : 0.2
0.689298 0.487298 0.873242 -0.924386 0.0230745 0.0542319 0.648812 0.680045 0.10122 : 0.4
0.651404 0.31632 0.937032 -1 -0.269798 -0.047012 0.551097 0.0909703 -0.0231912 : 0.7
0.666308 0.404389 1 -0.916324 -0.299882 -0.112247 0.535111 1 -0.0328149 : 0.7
0.658296 0.392129 0.969759 -0.899768 -0.345082 0.0194125 0.759477 0.244052 0.595709 : 0.7
0.756021 0.426053 1 -0.732729 -0.147521 0.164668 0.438535 0.666498 -0.528922 : 0.4
0.639216 0.263468 0.974648 -0.843756 -0.232759 -0.0310736 0.427556 0.301837 0.105526 : 0.2
0.576778 0.469597 0.937502 -0.805957 0.0965158 -0.00288301 0.500148 0.973906 -0.239081 : 0.3
0.622105 0.416519 0.859247 -0.934269 -0.17723 0.0159358 0.438955 0.684185 0.314922 : 0.6
0.767267 0.347938 0.913027 -0.957015 -0.348607 0.00318742 0.10572 0.79214 0.913982 : 0.7
0.681672 0.417086 0.746614 -0.891022 -0.149812 0.00130919 0.578339 0.648895 -0.209799 : 0.4
0.697138 0.383241 1 -0.998962 0.126075 0.256547 0.959346 0.825403 0.676648 : 0.6
0.672367 0.373091 0.940311 -0.921126 0.041558 0.136728 0.620118 0.633325 0.157912 : 0.3
0.653185 0.446253 0.840971 -0.848573 0.000533789 -0.0751963 0.489848 0.542894 0.47475 : 0.6
0.562945 0.312422 0.91888 -0.870579 -0.141653 -0.136647 0.627467 0.648044 -0.231357 : 0.8
0.735492 0.394612 0.911012 -0.832785 -0.113796 0.0311389 0.47476 0.576018 0.353945 : 0.9
0.677862 0.452246 0.889327 -0.937149 -0.11334 0.285404 0.514005 0.560139 0.0766638 : 0.7
0.609967 0.406765 0.922089 -0.947047 -0.229864 -0.223576 0.335469 0.994036 -0.734986 : 0.8
0.624025 0.420615 0.921071 -0.811029 0.139105 0.0333171 0.582213 0.25683 0.210145 : 0.5
0.612039 0.323217 0.990316 -0.658818 -0.312293 -0.00474504 1 0.437677 0.530682 : 0.6
0.460633 0.412453 0.918882 -0.773837 -0.160802 0.147375 0.929676 0.200895 -0.0772369 : 0.2
0.777136 0.411954 0.943041 -0.767061 -0.563082 -0.0651411 0.0159447 0.865253 -0.124521 : 0.5
0.691059 0.473808 0.961423 -0.886171 -0.0137583 -0.0029228 0.677364 0.693496 0.285807 : 0.7
0.665576 0.499502 0.884969 -1 -0.113563 -0.0344479 0.0431144 0.852168 0.131389 : 0.7
0.673709 0.511211 0.968447 -0.972593 -0.350814 -0.0616638 0.121738 0.760158 -0.642307 : 0.6
