0.637058 0.287791 0.884918 -0.515225 -0.379809 -0.102204 0.0556383 -0.113745 0.887038 : 0.6
0.564396 0.204458 0.785473 -0.913734 -0.0465324 -0.39381 0.274131 0.756975 -0.311051 : 0.2
0.678102 0.277463 0.855837 -0.839376 0.537696 0.154493 0.646294 0.157343 -0.33503 : 0.5
0.679619 0.675772 0.912566 -0.800741 -0.148486 0.379791 0.763892 0.386808 0.23822 : 0.6
0.68861 0.2996 0.989005 -0.939876 -0.252453 0.441094 0.54745 0.956903 -0.0426855 : 0.6
0.668792 0.603017 0.960079 0.0783812 -0.42351 -0.180294 0.422324 0.892226 0.116473 : 0.3
0.614436 0.338871 0.824578 -0.4124 -0.103681 -0.248462 -0.393797 0.525641 0.129403 : 0.3
0.608658 0.378684 0.837898 0.048573 -0.896233 -0.45555 0.367716 0.448953 0.347038 : 0.6
0.648088 0.404457 0.727684 -1 -0.178791 -0.0677847 0.136948 0.532275 0.971176 : 0.5
0.651949 0.389372 1 -0.830094 -0.140662 0.110846 0.133667 0.207795 0.852457 : 0.6
0.581301 0.347716 0.854215 -0.971811 0.0912155 -0.0888013 0.479316 0.332541 0.242072 : 0.4
0.610101 0.359504 0.909897 -0.473743 -0.0682792 -0.418118 -0.44503 0.730208 -0.583357 : 0.4
0.758606 0.331104 0.987086 -1 -0.418605 -0.172511 0.526488 1 0.040964 : 0.4
0.541461 0.252822 0.853255 -0.76246 -0.501969 0.387159 0.492032 0.147505 0.0804953 : 0.2
0.677624 0.542996 0.866033 0.118462 0.343888 0.0396215 0.174856 0.657739 -0.076496 : 0.7
0.647111 0.36802 0.921801 -0.870393 -0.235755 0.063605 0.286398 0.873597 0.815801 : 0.2
0.648274 0.528494 0.856257 -0.993974 -0.443441 -0.679063 0.130367 0.522531 0.842367 : 0.6
0.55403 0.44636 0.810773 -0.49823 -0.280674 0.187162 0.627477 0.344297 0.218697 : 0.1
0.590364 0.42057 0.862396 -1 -0.755576 -0.833731 1 0.551554 -0.362507 : 0.5
0.628347 0.550348 0.865827 -0.780563 -0.138111 -0.335086 0.484097 0.770152 -0.436043 : 0.8
0.531402 0.414528 0.966416 -0.992402 -0.184271 -0.765737 1 0.866959 -1 : 0.6
0.652836 0.429225 0.737272 -0.384142 -0.262969 -0.178391 0.260874 0.546934 -0.322985 : 0.4
0.470788 0.465939 0.96189 -0.883616 -0.294981 -0.234629 0.206572 1 -0.197737 : 0.1
0.517287 0.349779 1 -0.872557 -0.31015 -0.0913207 0.0340456 0.757998 -0.519015 : 0.6
0.757045 0.286391 0.845595 -0.78091 -0.144814 -0.247019 0.302022 0.455692 -0.202858 : 0.6
0.529132 0.605307 0.894197 -0.819095 -0.196443 -0.531653 0.810333 0.000688344 -0.692903 : 0.5
0.634804 0.238254 0.726221 -0.775018 -0.809464 -0.142174 0.234343 0.29624 0.217269 : 0.2
0.681771 0.566766 0.854714 -1 -0.225228 -0.260687 -0.303404 0.207622 0.468286 : 0.3
0.508294 0.394684 0.829281 -1 -0.463583 -0.531922 0.0782392 0.854337 -1 : 0.6
0.59468 0.317392 0.770524 -0.855679 -0.295782 -0.333893 0.448992 0.97694 -0.413686 : 0.5
0.851752 0.341816 0.824044 -0.718891 -0.48278 -0.0777432 0.727319 0.460063 0.238801 : 0.6
0.604607 0.218657 0.42772 -0.926496 -0.386682 -0.237857 0.521026 0.354017 -0.25587 : 0.5
0.653767 0.457224 0.846309 -0.530794 0.135571 0.12178 0.311811 0.220584 0.353003 : 0.3
0.56021 0.198773 0.887503 -1 -0.0485755 0.0113933 0.553366 0.80788 0.204712 : 0.5
0.595707 0.417424 0.830221 -0.562673 0.194184 0.0265302 0.839198 0.0472715 0.0260915 : 0.5
0.737119 0.447394 0.920313 -0.960584 -0.0756971 -0.776348 0.38564 0.217951 -0.155632 : 0.6
0.821123 0.199102 0.745381 -0.975867 -0.60121 -1 1 0.54571 -0.523174 : 0.5
0.525038 0.306952 0.951679 -1 -0.521132 0.293384 0.198838 0.041695 -1 : 0.5
0.615472 0.353157 0.84284 -1 -0.089072 -0.0632986 -0.291858 0.404173 -0.165229 : 0.2
0.641061 0.36051 0.815741 -0.768542 -0.331457 -0.305563 1 0.304782 0.1725 : 0.5
0.717414 0.405501 0.665303 -1 -0.185373 0.00103682 -0.214315 0.354948 -0.0954668 : 0.3
0.921683 0.435415 0.84147 -0.9999 -0.409173 0.226057 -0.150321 0.311985 0.200068 : 0.5
0.748013 1 0.936207 -0.0820552 -0.133511 0.844802 0.509837 1 -0.277624 : 0.5
0.602858 0.467351 0.890676 -0.576965 -0.0799711 -0.319759 0.0498777 0.318408 0.445196 : 0.3
0.702048 0.338732 0.824759 -0.262086 -0.108797 -0.30316 0.186193 0.620075 0.914096 : 0.5
0.713132 0.408173 0.826254 -0.935811 -0.874732 -0.881849 0.101939 0.367742 -0.580403 : 0.3
0.588199 0.392793 0.875504 -0.925604 -0.175671 -0.225279 0.313221 0.469459 -0.583153 : 0.3
0.644349 0.57975 0.92939 -0.656342 -0.344684 -0.072597 0.435798 0.157093 -0.937925 : 0.3
0.566577 0.485165 0.82218 -0.193442 -0.11548 -0.399632 0.219307 0.451892 -0.759175 : 0.4
0.538158 0.451161 0.827974 -0.831722 -0.460599 0.11096 0.623859 0.376429 -0.95483 : 0.3
0.570912 0.383878 0.899258 -0.990615 0.105615 -1 0.42506 0.577374 0.482193 : 0.4
0.638356 0.486703 0.700807 -0.99773 -0.279842 0.0079928 0.285087 0.163668 0.473026 : 0.7
0.582154 0.379535 0.83195 -0.50347 0.509527 -0.555844 0.178228 -0.0608228 0.0028836 : 0.6
0.595367 0.549446 0.884356 -0.454943 -0.177735 -0.381237 0.23851 0.167832 0.241675 : 0.3
0.652283 0.527468 0.838417 -0.768415 0.422424 0.109047 -0.0933762 0.149145 0.381432 : 0.3
0.646074 0.557567 0.899284 -0.939407 0.295229 0.00710663 0.27435 0.137636 0.235836 : 0.6
0.598228 0.258467 0.80313 -0.4491 -0.622672 0.349011 0.536446 0.429212 0.41238 : 0.6
0.561468 0.562153 0.751095 -0.671557 0.0539413 -0.284769 0.70007 0.219026 0.248098 : 0.5
0.833999 0.581825 0.767077 -0.419611 -0.257441 0.0087961 0.935358 0.362922 -0.327283 : 0.7
0.696318 0.40497 0.90898 -0.849929 -0.249032 0.207232 0.360092 0.902581 -0.983027 : 0.4
0.582269 0.263437 0.856826 -1 -0.146036 0.0166793 0.580072 -0.109315 1 : 0.5
0.801241 0.498002 0.991527 -0.851418 -0.274073 0.0686791 0.285068 0.44251 -0.23554 : 0.5
0.645343 0.385191 0.891558 -0.977751 -0.225166 0.116625 0.333393 0.655025 0.119144 : 0.5
0.622831 0.410262 0.809669 -0.930432 0.0393767 0.0457403 0.647575 0.379774 -0.427361 : 0.6
0.944493 0.625577 0.674462 -0.912708 -0.072859 0.0503747 0.542206 0.154239 0.253933 : 0.4
0.635212 0.421183 0.806943 -0.822281 -0.421302 -0.509182 0.110775 0.536176 -0.780428 : 0
0.594454 0.353548 0.889383 -0.667212 -0.23921 0.0863716 0.352313 0.173615 0.14169 : 0.4
0.659262 0.19345 0.943572 -0.977692 -0.22305 0.0719579 0.441046 0.237634 0.00692775 : 0.5
0.521041 0.393101 0.861241 -1 -0.75953 -0.395813 0.182655 0.477339 0.305198 : 0.2
0.84271 0.44922 0.924051 -0.523388 -0.406881 -0.654054 0.365947 0.464008 0.989008 : 0.3
0.598837 0.259405 0.906789 -0.934765 -0.478252 -0.290212 0.716936 0.477436 0.345108 : 0.4
0.641609 0.378297 0.809389 -0.781712 -0.529967 -0.300168 0.238655 0.777735 1 : 0.6
0.923642 0.607951 0.832426 -0.880153 -0.0878833 -0.241859 0.511564 0.249564 0.271708 : 0.3
0.649856 0.398161 0.889493 -0.960139 -0.439293 0.098843 0.466624 1 0.395259 : 0.5
0.573822 1 0.802756 -0.724093 -0.831486 -0.284641 1 0.114881 0.393715 : 0.4
0.600526 0.417994 0.857863 -0.927673 -0.361324 -0.142826 0.192678 1 0.335527 : 0.6
0.777744 0.383295 0.86931 -0.580363 -0.547046 -0.0263908 0.478548 -0.917572 0.0151996 : 0.4
0.660941 0.174251 0.826702 -0.947865 -0.0586169 0.327631 0.451916 0.77577 0.288288 : 0.5
0.428456 0.300464 0.960745 0.0973437 -0.290915 -0.0275996 0.545858 0.542607 -0.721311 : 0.3
0.647389 0.459066 0.884565 -0.411763 -0.392856 -0.0633867 0.278322 0.430111 -0.200582 : 0.5
0.74137 0.416626 0.992332 -0.824688 -0.633819 -0.210987 0.188722 0.491131 1 : 0.7
0.751517 0.450865 0.906904 -0.958368 -0.810988 -0.295143 0.563823 -0.472278 0.752278 : 0.4
0.596295 0.381899 0.804271 -1 -0.361027 -0.390226 0.205037 0.293127 0.344203 : 0.3
0.597029 0.398407 0.881522 -0.997188 -0.30436 -0.878244 -0.0513044 0.820844 -0.262416 : 0.8
0.633192 0.407437 0.8901 -0.377956 -0.545128 -0.707109 0.29515 0.341646 -0.0187047 : 0.6
0.691191 0.448249 0.97138 -0.755955 -0.265296 -0.0669803 -0.102476 0.326588 -0.101055 : 0.4
0.603221 0.476831 0.84266 -0.609976 -0.401688 -0.305692 0.380532 -0.0723951 0.414793 : 0.5
0.615817 0.359565 0.831154 -0.362442 -0.153129 -0.0224209 0.644187 1 0.316329 : 0.2
0.667539 0.334321 0.875899 -0.718946 -0.370778 0.00424135 0.140629 -0.183659 -0.487106 : 0.1
0.647521 0.323185 0.917363 -0.679883 0.283359 0.0489227 0.399811 0.74471 -0.0991559 : 0.6
0.599097 0.234942 0.912875 -1 -0.270064 -0.347975 1 0.252734 -0.515441 : 0.7
0.606114 0.238628 0.815125 -0.644464 -0.310302 -0.176147 0.574476 0.620981 0.320324 : 0.6
0.605109 0.478904 0.837121 -0.737884 -0.508732 0.180787 0.116477 0.411214 0.387515 : 0.6
0.507659 0.460642 0.863176 -0.142548 -0.00160211 0.422599 0.407719 0.444996 -0.352227 : 0.2
0.60459 0.537536 0.848467 -0.901267 -0.182521 -0.323582 0.543708 0.352538 -0.0481694 : 0.4
0.965208 0.345925 0.660678 -0.593802 -0.648916 -0.0767029 1 0.260002 0.746235 : 0.7
0.600027 0.429612 0.846859 -0.922715 -0.124656 -0.376577 0.339445 0.450963 0.0907198 : 0.5
0.712805 0.356303 0.993681 -0.70929 -0.237711 -0.0406851 0.445157 0.538223 0.955898 : 0.6
0.63752 0.533375 0.85765 -0.752118 -0.139001 -0.373056 0.409535 0.674698 -0.111318 : 0.6
0.638346 0.489188 0.982515 -0.460758 -0.187488 -0.272778 0.22339 0.215703 -0.349322 : 0.7
0.526547 0.461384 0.828983 -0.915253 -0.386195 -0.718857 0.464817 0.186696 0.124035 : 0.4
0.588552 0.467202 0.911455 -0.427256 -0.286842 -0.127311 0.39305 0.688077 -0.0832742 : 0.2
0.636783 0.48219 0.775047 -0.433084 -0.473818 -0.369777 0.283422 0.272603 0.327131 : 0.3
0.58463 0.341113 0.867477 -0.141798 -0.238109 0.297883 0.187173 0.710334 -0.49232 : 0.3
0.978983 0.557955 0.860303 -0.883661 -0.384334 -0.0574807 0.235248 -0.186239 0.172568 : 0.6
0.633779 0.457185 0.94705 -0.748986 -0.261463 -0.104603 0.376479 0.450465 -0.301241 : 0.5
0.621263 0.30335 0.964395 -0.969287 -0.133721 -0.184684 0.495927 0.356602 0.412756 : 0.4
0.72639 0.403812 0.860216 -0.944325 -0.122391 -0.303948 0.658226 0.572127 -0.265616 : 0.7
0.73251 0.461294 0.886766 -0.177997 -0.204626 0.144176 0.0541588 0.126585 0.376281 : 0.8
0.654748 0.177312 0.775517 -1 -0.213055 -0.308376 0.143351 0.130072 0.185032 : 0.3
0.645384 0.344054 1 -0.903948 -0.0699008 -0.17368 -0.384874 0.625236 -0.12383 : 0.7
0.648752 0.320073 0.874772 -0.870942 -0.608904 0.0674783 1 0.804906 0.349762 : 0.5
0.685557 0.359663 0.889719 -0.438603 -0.240226 0.581901 0.816582 0.367573 0.072538 : 0.4
0.657143 0.456941 0.919013 -0.914566 -0.170228 -0.208004 -0.291945 1 -0.122757 : 0.7
0.603992 0.438824 0.966124 -0.695399 -0.314887 0.412351 0.236207 0.127117 0.194398 : 0.5
0.650164 0.390179 0.993211 -0.254923 -0.400148 -0.0951525 0.541668 0.435277 -0.152669 : 0.6
0.575285 0.452098 0.925789 -0.972317 -0.430897 -0.0318834 0.525592 -0.0682573 0.346594 : 0.3
0.545198 0.339002 0.99251 -0.609747 -0.278219 -0.339979 0.513022 0.166637 0.634339 : 0.2
0.634619 0.401608 0.807919 -0.974734 -0.262645 -0.22344 0.170378 0.204018 -0.238103 : 0.5
0.663087 0.452669 0.896673 -0.995754 -0.383649 0.0408865 0.27478 0.0468134 -0.201186 : 0.4
0.640003 0.320523 0.803119 -0.688325 -0.171121 -0.157689 0.358492 0.0446222 -0.0201802 : 0.7
0.591732 0.386693 0.801431 -0.863822 -0.094026 -0.0689205 0.207785 0.0489774 -0.280557 : 0.4
0.690056 0.330686 0.828334 -0.801755 -0.428353 0.0138305 -0.446017 0.522814 0.157125 : 0.5
0.547962 0.373434 0.743314 -0.989227 -0.0883726 -0.32246 0.374159 0.988984 -1 : 0.4
0.540934 0.28859 0.888614 -0.918349 -0.241919 -0.329188 0.764763 0.771337 -1 : 0.4
0.661559 0.396771 0.920743 -0.998434 -0.151886 -0.163835 0.230482 0.631616 -0.720926 : 0.6
0.590609 0.389639 1 -0.867817 -0.798237 0.0370467 1 0.148525 -0.584392 : 0.7
0.539652 0.385255 0.779967 -0.83873 0.143108 -0.0409718 0.632939 0.291677 -0.209014 : 0.3
0.869508 0.349076 0.727406 -0.512697 -0.459738 -0.331363 0.227714 0.275802 -0.0230352 : 0.6
0.692518 0.340384 0.783311 -0.958136 -0.264759 -0.00287282 0.679224 0.590853 -0.357542 : 0.2
0.800576 0.787541 0.873789 -1 -0.263337 -0.540714 0.353445 -0.448441 0.0348399 : 0.6
0.588505 0.520267 0.999125 -0.951172 -0.449713 -0.181477 0.477472 0.147519 0.0713258 : 0.4
0.644826 0.286063 0.874443 -0.869129 -0.52665 0.022544 0.0503631 -0.0613441 0.0316476 : 0.7
0.719469 0.348352 0.830303 -0.972975 -0.135135 -0.0341784 0.259466 -0.105276 0.472511 : 0.5
0.720636 0.428021 0.909962 -0.47295 -0.389706 -0.385252 0.827373 0.111254 1 : 0.5
0.608066 0.60263 0.91538 -0.642577 0.117029 0.374794 0.318506 0.210369 -0.248446 : 0.6
0.647111 0.282705 0.823676 -0.595624 -0.538226 -0.272284 0.44712 -0.0943284 0.238654 : 0.1
0.65399 0.343991 0.839772 0.14555 -0.295412 -0.592985 1 0.188714 -1 : 0.7
0.622593 0.508573 0.867168 -0.586839 -0.179908 0.0938057 -0.0147045 1 0.0576249 : 0.6
0.61839 0.324973 0.874445 -0.888651 -0.236059 -0.225827 -0.338345 0.47791 0.457945 : 0.8
0.823286 0.245424 0.814919 -0.741864 -0.141967 -0.266828 0.223756 0.025016 -0.131646 : 0.5
0.70198 0.317792 0.964615 -0.927325 -0.168655 -0.427666 0.397464 0.868456 0.10747 : 0.5
0.904424 0.423633 0.869089 -0.758048 0.457414 0.10803 0.395827 0.0731054 0.942858 : 0.4
0.666887 0.287013 0.863348 -0.790042 -0.138287 -0.117022 0.421724 0.457872 -0.729147 : 0.3
0.612939 0.686497 0.970682 -0.926652 -0.111564 0.0855049 0.667271 0.235921 -0.809975 : 0.5
0.571848 0.392637 0.885714 -0.892928 -0.350404 0.0482407 0.433374 0.203239 0.188621 : 0.5
0.57834 0.179424 0.803588 -0.711099 -0.248125 0.110138 0.418129 0.993962 0.110608 : 0.3
0.620113 0.341958 0.864805 -0.650456 -0.550082 0.407342 0.666827 0.444892 0.217411 : 0.6
0.660729 0.275179 0.819368 -1 -0.298874 0.348758 0.376735 0.0926101 0.100389 : 0.3
0.619042 0.345843 0.950706 -0.711219 -0.119282 -0.722182 0.494972 0.65447 -0.0570713 : 0.4
0.741171 0.485533 0.971668 -0.843229 -0.326073 -0.70472 0.330543 -0.12987 -0.27498 : 0.6
0.596944 0.312131 0.880715 -0.959986 -0.399437 -0.0331413 1 0.313146 -0.0639821 : 0.6
0.787059 0.410214 0.878763 -0.507809 -0.193567 -0.140424 0.0527704 0.0055632 -0.37325 : 0.6
0.652746 0.389758 0.846806 -0.955597 -0.0979839 -0.114109 0.319128 0.355022 0.691148 : 0.3
0.809774 0.476933 0.975895 -0.926394 -0.0331112 -0.298444 0.735909 0.0988595 0.921283 : 0.5
0.564735 0.371217 0.914566 -0.999375 -0.580516 -0.0999651 0.413896 0.699509 -0.82516 : 0.2
0.603179 0.377432 0.934062 -0.991028 -0.0846938 -0.452427 0.574984 0.727238 -0.404886 : 0.4
0.966075 0.541957 0.857644 -0.785062 -0.451845 0.0953658 0.214113 0.632553 0.790177 : 0.7
0.632465 0.365402 0.883799 -0.521455 -0.46305 0.0896583 0.312842 0.354666 0.26909 : 0.4
0.386903 0.392262 0.837628 -1 -0.214412 0.0901313 0.0203724 0.836793 0.133771 : 0.3
0.885655 0.473576 0.871057 -0.453769 0.0360912 0.00230335 -0.0326942 0.647539 -0.144014 : 0.5
0.598471 0.589505 0.870523 -0.403233 -0.122036 0.0866982 0.566976 0.516209 -0.424261 : 0.7
0.446887 0.405241 1 -0.899721 -0.26844 -1 0.332389 0.810465 -0.506034 : 0.8
0.408361 0.306032 0.939778 -1 -0.151708 0.978508 0.298187 0.618386 -0.464347 : 0.7
0.572728 0.275447 0.822548 -0.802716 -0.0354768 -0.162119 0.597164 0.496453 0.733231 : 0.6
0.605283 0.48162 0.848743 -0.927087 -0.176936 0.0943587 0.605511 0.140046 0.389945 : 0.5
0.651939 0.39133 0.803917 -0.789657 -0.171877 -0.213195 0.727577 -0.132694 0.105949 : 0.5
0.59689 0.375164 0.760199 -0.832119 -0.189951 0.395139 0.457815 0.0204552 0.144807 : 0.8
0.523996 0.321688 0.902014 -0.878888 -0.539957 0.371184 0.647103 -0.228258 -0.346014 : 0.2
0.750328 0.332144 0.988842 -0.802441 -0.267986 -0.0429696 0.327385 0.410221 -0.180335 : 0.6
0.508426 0.495005 0.923019 -0.311115 -0.437732 -0.575692 0.0847372 0.543437 -0.00595756 : 0.5
0.606089 0.252362 0.759487 -0.700306 -0.123754 -0.0884327 0.444703 0.435373 0.215888 : 0.7
0.804842 0.492374 0.894191 -0.480634 -0.204873 -0.609757 0.567285 -0.000621557 -0.454618 : 0.5
0.617122 0.402299 0.767141 -0.947546 -0.165636 -0.109885 0.68131 0.141932 0.786555 : 0.8
0.768616 0.439099 0.870764 -0.621994 -0.876377 -0.340033 0.0468688 0.245321 0.000276506 : 0.5
0.489385 0.402569 1 -0.840676 -0.230119 -0.222225 0.268481 0.854078 -0.343619 : 0.5
0.592695 0.335958 0.898131 -0.823168 -0.331704 -0.255015 0.547539 0.336236 0.854925 : 0.2
1 0.345814 0.92009 -0.390393 -0.227706 0.0367051 0.581577 -0.450204 0.878921 : 0.7
0.609359 0.323862 0.902894 -0.562692 -0.443545 0.333897 0.342265 0.752938 -0.0404074 : 0.5
0.653448 0.222831 0.837164 -1 -0.185141 0.323971 0.0463575 0.139508 -0.481966 : 0.5
0.770987 0.418973 1 -0.377767 0.33045 0.152897 0.441954 0.824254 1 : 0.5
0.749168 0.407197 1 -0.865854 -0.200019 0.00494909 0.594062 0.32588 1 : 0.2
0.606865 0.359116 0.914794 -0.789312 -0.362462 -0.0536112 0.482204 -0.468186 0.793869 : 0.6
0.537569 0.459182 0.842698 -0.759531 -0.249833 -0.173879 0.52159 0.262721 0.161188 : 0.3
0.653465 0.379655 0.860768 -0.929024 -0.146041 0.115596 0.166664 0.154177 0.267727 : 0.6
0.765058 0.354045 0.845918 -0.500895 -0.459967 -0.193954 0.811839 0.1522 0.702003 : 0.6
0.585386 0.379425 0.762738 -0.708393 0.0605426 -0.129135 0.570059 0.632029 0.102532 : 0.6
0.6145 0.34545 0.718044 -1 -0.203974 0.0545509 0.748429 0.190856 0.337038 : 0.3
0.615406 0.477832 0.82407 -0.941188 -0.00140435 0.361255 0.963954 0.094516 0.252679 : 0.4
0.664032 0.412095 0.876496 -1 -0.286217 -0.178693 0.622132 0.319503 -0.517292 : 0.6
0.663358 0.641751 0.8113 -0.954071 -0.150096 -0.128964 0.385064 0.583584 -0.792117 : 0.7
0.598779 0.438736 0.871174 -0.64114 -0.615126 -0.312615 0.694785 -0.0737788 0.0152229 : 0.4
0.729719 0.749311 0.874662 -0.543092 -0.214619 -0.317018 0.491866 0.70072 0.0273844 : 0.5
0.763769 0.461942 0.916433 -1 -0.375253 -0.153562 0.307681 0.376214 0.613091 : 0.6
0.680303 0.380999 0.84138 -0.28814 0.590685 0.13163 0.426808 0.410524 0.0751475 : 0.5
0.582745 0.450593 0.87775 0.36481 -0.310315 0.314577 0.169863 -0.416331 0.495201 : 0.3
0.531414 0.275402 0.88815 -0.250204 -0.510149 -0.590292 0.0902759 0.415268 -0.629649 : 0.6
0.659514 0.608155 0.800679 -0.332769 0.121761 -0.324975 0.143478 -0.260037 1 : 0.3
0.689153 0.561451 0.827017 -0.496387 -0.214273 -0.258144 0.4325 0.227441 0.285985 : 0.7
0.616433 0.523973 0.90223 -0.234704 0.379226 -0.0981067 0.114452 0.336566 -0.117171 : 0.3
0.664957 0.46598 0.900463 -0.894693 -0.282393 -0.00938062 0.354764 0.177879 0.409472 : 0.1
0.558874 0.43808 0.852418 -0.782602 -0.358448 -0.207207 0.0864991 -0.506774 0.450513 : 0.6
0.700046 0.317054 0.835863 -0.976443 -0.161772 -0.0274723 0.0795605 0.0938406 -0.415204 : 0.5
0.444689 0.515788 0.96416 -0.947417 -0.31681 0.152837 0.547158 0.239134 -0.186956 : 0.5
0.685722 0.484112 0.858804 -0.595548 -0.591365 -0.128505 -0.0682304 0.245869 0.0392657 : 0.6
0.551496 0.432092 0.810859 -0.671549 0.290334 -0.672355 0.613731 0.768298 0.378816 : 0.6
0.584652 0.389713 0.884374 -0.10812 -0.41001 -0.0825899 0.269712 0.550545 0.051867 : 0.5
0.650546 0.356388 0.92413 -0.260905 -0.115423 0.0999564 0.136738 -0.086434 0.474229 : 0.7
0.613089 0.415306 0.874803 0.153515 -0.135882 0.240198 0.578921 -0.428577 0.216039 : 0.3
0.609028 0.603331 0.873416 -0.918576 -0.160639 -0.178748 0.506725 0.378802 0.253217 : 0.7
0.790288 0.471388 0.777284 -0.821744 -0.0641301 -0.203909 0.291824 0.267035 -0.154433 : 0.5
0.752348 0.325744 0.83613 -0.566459 -0.257334 -0.0954392 0.38432 0.252578 0.367919 : 0.4
0.605656 0.344674 0.85955 -0.498173 -0.209225 -0.0548742 0.489512 0.779124 -1 : 0.2
0.608207 0.480444 0.786558 -0.930864 -1 -0.0943622 0.439815 0.983271 0.336319 : 0.5
0.534445 0.388722 0.731631 -0.745612 0.201945 -0.350849 0.10857 0.278596 -0.110333 : 0.3
0.669299 0.424906 0.963037 -1 -0.225873 -0.0763172 -0.0672959 0.101202 -0.257389 : 0.7
0.640472 0.310118 0.987449 -0.243262 -0.268868 -0.287591 0.879704 -0.899623 0.251992 : 0.5
0.548821 0.582799 0.777704 -0.460057 -0.174904 -0.277221 1 0.163698 0.226709 : 0.5
0.933217 0.550348 0.859387 -0.36647 -0.405558 0.230864 0.323965 1 -0.0890044 : 0.5
0.630333 0.281445 0.65944 -0.797508 -0.867193 -0.134745 0.121267 0.53038 -0.140644 : 0.5
0.634697 0.241863 0.852712 -0.319101 -0.639253 0.313431 0.767064 0.152252 -0.167344 : 0.5
0.636061 0.367988 0.94075 -0.632051 0.00739163 -0.0734758 0.264222 -0.135916 0.21554 : 0.2
0.626877 0.32812 0.759548 -0.454296 -0.101065 -0.270106 -0.517466 0.188831 0.360148 : 0.6
0.643092 0.31316 0.96032 -0.657525 -0.277494 -0.200217 0.577065 -0.169635 -1 : 0.8
0.613663 0.38199 0.897635 -1 -0.237505 0.138266 0.427669 0.782782 -1 : 0.5
0.56678 0.559636 0.871593 -0.423246 -0.0649018 -0.134869 0.237948 -0.0504014 -0.250647 : 0.5
0.665243 0.347543 0.77994 -0.864902 -0.459449 -0.050171 0.534453 1 -0.148135 : 0.7
0.606419 0.514853 0.901483 -0.665388 -0.574052 -0.11484 0.231664 0.554087 0.00398791 : 0.6
0.610166 0.394431 0.811124 -1 -0.0867358 -0.130536 0.672143 0.718154 0.254678 : 0.4
0.707219 0.35067 0.917419 -0.627334 -0.302793 0.00579443 0.75364 0.695812 0.901233 : 0.7
0.634783 0.440195 0.852384 -0.815616 -0.466366 -0.141981 0.290729 0.220043 0.183942 : 0.5
0.657656 0.349293 0.794997 -0.961682 -0.202072 -0.104786 0.223735 -0.340005 -0.613474 : 0.6
1 0.328509 0.859258 -0.899344 -0.210385 0.83976 0.177536 0.814136 0.220743 : 0.1
0.645997 0.416181 0.875489 -0.16268 -0.205604 -0.133242 0.480207 -0.0477557 -0.361248 : 0.7
0.508363 0.428993 0.840639 -0.974923 -0.226552 -0.264068 1 0.820155 -1 : 0.1
0.781563 0.48127 0.889448 -0.764306 0.380032 0.027401 0.592399 0.245018 -0.53711 : 0.5
0.649074 0.408427 0.881188 -0.856682 -0.117398 -0.343939 1 -0.267501 -0.69252 : 0.2
0.787548 0.323518 0.752928 -0.835609 -0.292749 0.100704 0.112622 0.258386 -0.0481099 : 0.3
0.770763 0.285093 0.891989 -0.75918 -0.235917 -0.103179 0.333448 0.171391 -0.906132 : 0.5
0.587165 0.304062 0.846739 -0.383868 0.188232 -0.334415 0.190906 -0.0211205 -0.18274 : 0.5
0.404207 0.47477 0.859099 -0.765559 -0.136378 0.249658 0.284714 0.621596 -1 : 0.1
0.663149 0.348643 0.717682 -0.837932 -0.521984 -0.0639953 0.759878 0.363205 -0.143935 : 0.6
0.61308 0.327252 0.968935 -0.73431 -0.477193 -0.255289 0.84277 1 -0.345167 : 0.6
0.676824 0.480071 0.884805 -1 -0.120197 -0.0183705 0.25459 0.158364 -0.177361 : 0.5
0.617798 0.683906 0.863878 -0.733477 -0.217846 0.310124 0.560948 0.740681 0.0670896 : 0.5
0.822065 0.431247 0.837694 -0.595345 -0.505084 -0.0728332 0.445074 0.132351 -0.299896 : 0.5
0.707414 0.358394 0.81769 -0.500873 -0.383753 0.0225138 -0.178039 0.167135 0.585545 : 0.4
0.565297 0.364564 0.912018 -0.68367 -0.851086 -0.559698 0.216754 0.717173 -0.383721 : 0.6
0.376071 0.289334 0.845198 -0.890482 -0.145648 0.74136 0.267433 0.213698 -0.100326 : 0.4
0.618705 0.357509 0.898012 -0.793341 0.082785 0.0785823 0.0643787 0.468438 0.41478 : 0.5
0.639439 0.423481 0.782348 -0.760728 -0.618244 -0.0429761 0.682669 -0.230033 -0.629043 : 0.5
0.609432 0.334071 0.858064 -0.940759 -0.29558 -0.0629598 0.445922 0.26703 0.415739 : 0.7
0.63387 0.414173 0.740802 -0.799837 -0.237064 -0.279782 1 -0.0380962 -1 : 0.7
0.551383 0.449414 0.895131 -0.98384 -0.190405 -0.0739356 0.418402 0.0993366 -0.252206 : 0.4
0.579926 0.331765 0.872653 -1 -0.545834 0.137647 0.694073 -0.179385 -0.333487 : 0.3
0.697923 0.413232 0.877827 -0.903321 -0.510823 -0.289912 0.59778 0.311125 0.792026 : 0.6
0.652006 0.45803 0.783246 -0.920606 0.10963 -0.533607 0.407418 0.654283 -0.997987 : 0.6
0.731564 0.365503 0.845629 -0.582865 -0.172207 -0.238714 1 0.764933 -0.988236 : 0.4
0.59521 0.525242 0.78298 -0.994122 0.0518257 -0.209814 0.216604 0.236967 -0.308057 : 0.4
0.661084 0.464957 0.812029 -0.591321 -0.197884 -0.101389 0.22844 0.139805 0.959982 : 0.6
0.64532 0.467033 0.864839 -0.974297 -0.363326 -0.390152 0.44137 0.160416 -0.108994 : 0.3
0.582737 0.227684 0.926393 -0.867404 -0.491557 -0.273183 0.458744 0.401512 0.323992 : 0.4
0.490069 0.47249 0.88515 -0.751426 -0.466942 -0.148916 0.402487 1 0.891938 : 0.6
0.639064 0.418473 0.713177 -1 -0.0287287 -0.219954 0.759953 0.0959365 0.555531 : 0.3
0.66187 0.413482 0.849772 -0.567265 -0.146531 -0.211567 0.382099 0.192755 0.793862 : 0.1
0.601225 0.443506 0.804141 -0.566558 -0.43389 0.306192 0.444907 0.439723 -0.397759 : 0.6
0.494555 0.405124 0.810195 -0.831033 -0.599039 -0.535592 -0.310794 0.529113 -0.0926211 : 0.5
0.582959 0.435019 0.867165 -0.707492 -0.332648 -0.26134 0.598692 -0.184205 1 : 0.5
0.714167 0.490325 0.873136 -0.766156 -0.415683 -0.43483 -0.0535725 0.496626 -0.766726 : 0.8
0.639604 0.531291 0.814791 -1 -0.244222 -0.6535 0.450318 0.0501783 -0.168421 : 0.4
0.609576 0.284341 0.889441 -0.581136 -0.440125 -0.326548 0.48753 0.40262 -0.35332 : 0.9
0.689185 0.364528 0.861127 -0.484912 -0.216422 -0.249443 0.551873 -0.171385 0.658762 : 0.3
0.668202 0.384806 0.854785 -0.999867 -0.745443 -0.0685562 0.596089 0.70194 0.0934291 : 0.6
0.673012 0.542789 0.897991 -0.811084 -0.349612 -0.514822 0.52471 0.694942 0.892336 : 0.4
0.702199 0.349256 0.908379 -0.911949 -0.347582 -0.19213 0.488577 0.720253 -0.743545 : 0.5
0.691897 0.579968 0.825449 -0.838022 -0.163386 0.0688612 0.411451 0.208776 0.011212 : 0.4
0.677015 0.40635 0.846031 -0.921011 -0.0991404 -0.21422 0.433019 0.843077 -1 : 0.5
0.579062 0.395173 0.732214 -0.87737 -0.226131 -0.481512 0.501347 0.212445 -0.137133 : 0.5
0.714653 0.506391 0.886406 -0.448219 0.278844 0.570154 0.477483 1 1 : 0.4
0.650023 0.398599 0.870424 -0.866971 -0.360861 -6.31213e-05 1 0.0606716 -0.323132 : 0
0.535009 0.529194 0.780767 -0.442121 -0.177023 0.253166 0.42895 0.0674663 -0.0959461 : 0.3
0.625193 0.36768 0.86991 -0.982572 -0.070245 -0.184094 0.305712 0.756176 -0.72221 : 0.2
0.68459 0.503074 0.849475 -0.441907 0.14841 0.0264257 0.460881 0.748745 -0.307894 : 0.7
0.835167 0.480179 0.896986 -0.81222 -0.183245 0.0553017 0.229048 -0.0625956 -0.409522 : 0.2
0.665936 0.250754 0.843539 -0.991698 -0.127134 -0.456284 0.252552 0.639319 0.731664 : 0.6
0.683557 0.482525 0.892758 -0.444301 0.0042696 -0.328282 0.255549 0.273116 -0.197574 : 0.4
0.60152 0.484728 0.810973 -0.717745 -0.30213 0.0186386 0.219201 0.159128 0.154976 : 0.5
0.630459 0.392439 0.742822 -0.653121 -0.266838 0.0351173 0.703151 0.00193891 -0.149758 : 0.2
0.651497 0.272694 0.812937 -0.0523133 -0.633261 -0.133285 0.855101 0.671962 -0.214288 : 0.7
0.658622 0.355061 0.841962 -0.560886 0.0598034 -0.00107309 0.122592 -0.53899 -0.186773 : 0.3
0.604635 0.43849 0.905051 -0.892012 -0.0142871 -0.315643 0.582645 0.615903 -0.271332 : 0.4
0.633773 0.334847 0.948092 -0.942799 -0.298822 -0.106789 0.0524332 0.199363 -0.326382 : 0.4
0.6965 0.216833 0.845505 -0.85134 -0.613737 0.132123 1 0.636689 -0.0336299 : 0.6
0.454679 0.342971 0.865411 -0.369604 0.0324932 0.109445 0.267158 0.435893 -0.0323325 : 0.5
0.855511 0.382831 0.871023 -0.929377 -0.350462 -0.516145 0.252424 0.543213 0.367857 : 0.4
0.669228 0.383728 0.857844 -0.943897 -0.93882 -0.357183 0.661032 0.76933 -0.822587 : 0.6
0.625621 0.397876 0.902245 -0.769957 0.518883 -0.0254717 0.508228 0.131011 -0.754113 : 0.2
0.679353 0.418657 0.889305 -1 -0.426462 -0.300597 0.76803 1 0.0354334 : 0.3
0.647153 0.534954 0.866639 -0.856122 -0.0781311 0.167134 0.0975679 -0.0473395 -0.157682 : 0.8
0.539638 0.507946 0.878175 -1 0.0423769 0.262071 0.341094 -0.163158 -0.315431 : 0.8
0.627362 0.444043 0.935736 -0.998548 -0.409002 -0.168031 0.479349 0.184529 0.299719 : 0.5
0.651537 0.393032 1 -0.967537 -0.0558203 -0.139005 -0.234818 0.620847 -0.0237746 : 0.5
0.643391 0.440602 0.842755 -0.717815 0.463696 -0.0205548 0.726712 0.444036 -0.430381 : 0.5
0.654552 0.465206 0.839392 -0.998918 -0.0485872 -0.151294 0.408283 0.17035 -0.111119 : 0.7
0.795922 0.503025 0.763652 -0.735093 0.191218 -0.110282 1 0.188584 -0.107141 : 0.6
0.633431 0.473779 0.933343 -0.686762 -0.480352 0.232991 0.512277 0.195812 1 : 0.6
0.556815 0.449574 0.798142 -0.941389 -1 0.0826401 -0.00174294 0.919868 0.242485 : 0.4
0.742705 0.65268 0.851503 -0.545988 0.344962 -0.322596 0.499207 0.896917 0.00371718 : 0.5
0.866 0.451619 0.876815 -0.739019 0.134934 -0.00905323 0.589683 0.861764 -0.552957 : 0.3
0.633009 0.336944 0.892384 -0.573119 -0.0198173 -0.236545 0.140348 -0.0508706 -0.429955 : 0.8
0.788954 0.421549 0.986042 -0.74474 0.14722 0.154646 0.418711 1 1 : 0.4
0.66325 0.345154 0.847809 -0.539615 -0.326511 -0.381885 0.245222 0.689657 -0.0299801 : 0.5
0.390126 0.434486 0.917861 -0.878993 -0.16041 0.0867863 0.562671 0.572989 0.49516 : 0.7
0.622571 0.33338 0.898589 -1 -0.261818 0.130793 0.366933 0.97296 -0.322971 : 0.5
0.721258 0.32607 0.985114 -0.744618 -0.53613 -0.767161 0.438578 0.388028 0.0617433 : 0.2
0.633846 0.393077 0.81333 -0.530159 -0.190938 -0.259083 0.415377 0.382532 -0.0453556 : 0.5
0.540326 0.383045 0.671097 -0.834339 -0.276609 -0.00763366 0.660628 -0.648178 -0.0859071 : 0.5
0.647555 0.383894 0.898041 -0.956511 -0.238028 0.0756168 0.399579 0.312259 -0.0104668 : 0.2
0.604277 0.40386 0.919582 -0.762632 -0.180106 0.0467952 0.267984 0.224221 0.616053 : 0.6
0.59439 0.428873 0.662996 -0.984262 0.142628 -0.131126 0.603821 0.182975 0.0836919 : 0.1
0.435567 0.317015 0.887128 -0.77077 -0.44302 0.167586 0.471189 0.302153 0.178346 : 0.5
0.853322 0.535684 0.815612 -0.643028 0.0605755 0.00531062 1 0.248912 -0.725141 : 0.6
0.585613 0.451884 0.81525 -1 -0.307336 0.37025 0.119618 -0.472146 0.494195 : 0.5
0.603853 0.355709 0.873786 -0.237093 -0.351604 0.362142 0.541951 0.462858 -0.380267 : 0.3
0.707615 0.161368 0.800675 -0.489536 -0.524807 -0.355431 0.314496 0.00308475 0.555587 : 0.6
0.634347 0.278945 0.798273 -0.910753 -0.429151 0.0607131 0.46445 0.836612 -0.0252771 : 0.4
0.605652 0.44133 0.846925 -0.790477 -0.364523 -0.493971 0.919726 0.607594 0.0001688 : 0.6
0.731491 0.376665 0.916886 -0.765842 -0.353275 -0.323121 0.751406 1 0.182173 : 0.6
0.611109 0.455054 0.814902 -0.395243 -0.145816 -0.0305645 0.350345 0.072991 0.107203 : 0.4
0.59676 0.371408 0.87087 -0.842366 -0.387532 -0.0760992 0.342782 0.200754 0.534921 : 0.4
0.870099 0.446264 0.919714 -0.759995 -0.660781 0.156775 0.292225 0.551464 0.308197 : 0.4
0.609235 0.411099 0.987408 -0.852841 -0.387589 -0.507193 0.576769 -0.331139 -0.175934 : 0.6
0.741505 0.460063 0.864558 -0.463787 -0.309131 0.228861 -0.00745264 0.640232 -0.423194 : 0.6
0.626407 0.0471354 0.957903 -1 -0.119328 -0.00224322 0.597215 0.768131 -0.062555 : 0.8
0.587251 0.408782 0.995845 -0.675176 0.495026 -0.514575 1 0.629321 0.253058 : 0.6
0.646337 0.477337 0.855758 -0.962488 -0.301819 -0.235854 0.447174 -0.233941 -0.27602 : 0.4
0.662096 0.538062 0.833519 -0.691472 -0.0301466 -0.352169 -0.141816 0.95886 0.52393 : 0.6
0.677966 0.452289 1 -0.706946 -0.378506 -0.383679 0.61715 0.312533 0.855784 : 0.7
0.788711 0.705179 0.848301 -0.249615 -0.104259 -0.208912 0.369511 -0.0974175 0.185897 : 0.7
0.611027 0.439381 0.777428 -0.784685 -0.242279 -0.195795 0.299506 0.138363 1 : 0.5
0.707148 0.364329 0.859546 -0.320155 -0.589088 -0.30393 0.223777 0.675459 -0.00722531 : 0.3
0.583953 0.393856 0.665856 -0.952254 0.22384 -0.399607 0.521979 0.732693 -1 : 0.1
0.669792 0.326201 0.806436 -0.937827 -0.194062 -0.179706 0.486299 0.130989 1 : 0.9
0.68799 0.387493 0.860988 -1 -0.353615 -0.45074 0.546862 0.513164 -1 : 0.6
0.604372 0.447535 0.960046 -0.923709 -0.326961 0.0659778 -0.17426 0.802977 -0.0656594 : 0.4
0.597399 0.382321 0.793493 -0.934575 0.0142893 0.0615295 0.524504 -0.0958224 0.922922 : 0.9
0.606799 0.423074 0.905337 -0.393362 -0.276962 1 0.1788 0.114468 0.0829608 : 0.5
0.510348 0.260065 0.955968 -0.606288 0.0230761 0.181241 0.463342 0.48958 -1 : 0.4
0.667435 0.440212 0.924243 -0.534542 -0.0569383 0.128552 0.054995 0.181291 0.306474 : 0.4
0.63629 0.441735 0.531756 -0.979876 -0.149721 0.200879 0.591977 0.409296 -0.282121 : 0.4
0.724582 0.430166 0.949641 -0.796278 0.0262954 -0.21641 -0.550264 0.186512 0.902444 : 0.6
0.674341 0.426605 0.893279 0.443873 -0.356142 -0.194913 0.248954 -0.0447938 0.333258 : 0.5
0.638292 0.495826 0.794772 -0.908806 0.0977585 0.0440938 0.0133022 0.680054 -0.112088 : 0.7
0.662326 0.296803 0.952842 -0.518714 -0.418437 -0.372515 0.423402 0.27862 -0.256911 : 0.2
0.651796 0.855512 0.812003 -0.712919 -0.336087 -0.330518 0.437446 0.657711 -0.768464 : 0.4
0.721864 0.476659 0.924141 -0.423332 -0.6908 0.0314697 0.249085 -0.254477 -0.155487 : 0.6
0.928579 0.375671 0.871529 -1 -0.341574 0.225919 0.150396 0.458449 0.414388 : 0.5
0.548325 0.36942 0.827423 -0.151436 -0.107291 -0.0359083 0.643177 0.0915345 0.31585 : 0.8
0.622972 0.0708038 0.877959 -0.927337 -0.123456 -0.03841 1 0.547858 0.639267 : 0.3
0.625324 0.390663 0.798748 -0.432314 -0.130519 -0.193423 0.769966 0.584872 -0.0179014 : 0.3
0.638316 0.550156 0.896137 -0.836744 -0.761428 0.25815 1 0.376585 -0.203873 : 0.1
0.706847 0.342342 1 -0.518726 0.0516116 -0.244073 0.475462 -1 1 : 0.3
0.639585 0.277935 0.954532 -0.912304 -0.333232 0.0737802 0.481548 -0.148733 -0.330883 : 0.3
0.54844 0.444932 0.670811 -0.654351 -0.294487 0.0631185 0.310047 0.274631 0.532981 : 0.5
0.657139 0.3605 0.84434 -0.958441 -0.390589 -0.0797162 0.422982 0.109876 -0.274329 : 0.5
0.606634 0.326964 0.796764 -0.740356 0.0493941 -0.124605 -0.344239 0.429129 -0.00746065 : 0.6
0.677179 0.323047 0.827995 -0.815924 0.0226293 0.0117569 0.214867 0.136697 -0.0554251 : 0.5
0.975445 0.332301 0.924341 -0.524627 -0.55832 -0.106853 0.477396 0.297494 -0.337721 : 0.3
0.617288 0.340571 0.70857 -0.733724 0.176035 -0.195204 0.357855 0.399018 0.0829207 : 0.5
0.631897 0.297774 0.837871 -0.687845 0.115434 -0.313486 0.454486 0.480681 -0.495919 : 0.4
0.587313 0.333376 0.9901 -0.92463 0.0850419 0.218104 0.341517 0.548032 0.169274 : 0.7
0.58483 0.404031 0.819799 -1 -0.469395 -0.256045 0.306819 0.0802845 0.925462 : 0
0.341596 0.338155 0.833926 -0.841813 -0.157633 0.0655912 0.324572 0.570779 -0.0293292 : 0.1
0.643612 0.379385 0.857579 -0.716868 -0.381054 -0.0430631 0.451729 -0.0836709 1 : 0.5
0.634627 0.331827 0.90668 -0.529289 -0.895087 0.312741 1 0.675285 -0.19266 : 0.6
0.529727 1 0.834839 -0.792672 -0.539821 -0.596338 0.568799 0.145051 0.00296941 : 0.6
0.523349 0.38156 0.84677 -0.653729 0.0575051 -0.105396 0.209368 0.954747 0.00466796 : 0.5
0.570266 0.694846 0.852388 -0.515 -0.0462188 -0.129437 0.284893 0.256323 -0.076358 : 0.5
1 0.556824 0.895599 -0.640726 -0.259856 0.12883 0.122239 0.732822 0.22168 : 0.5
0.539715 0.464543 0.847141 -0.537709 -0.357592 0.367959 1 1 -1 : 0.6
0.52785 0.307486 0.95939 -0.759184 -0.371465 -0.173387 0.361669 0.749953 1 : 0.4
0.63894 0.533294 0.767668 -0.934719 -0.138215 -0.441951 0.416444 0.696837 0.238501 : 0.7
0.614273 0.44047 1 -0.839466 -0.309866 -0.431366 0.887679 0.71303 -0.501177 : 0.5
0.800218 0.462755 0.870311 -0.864449 -0.285617 0.0575727 -0.0293148 -0.72564 -0.0235884 : 0.7
0.488354 0.54649 0.805102 -0.602574 0.234504 0.00912433 0.0968634 0.0871321 0.126516 : 0.7
0.64537 0.426474 0.838654 -0.965221 -0.296854 0.102486 0.841341 0.615634 -0.477265 : 0.4
0.641914 0.465071 1 -0.56478 -0.231162 -0.376597 0.17329 -0.524804 0.49535 : 0.5
0.607981 0.580863 0.983761 -0.187239 -0.599821 0.0215361 0.524489 0.290643 0.351643 : 0.6
0.65051 0.318429 0.975952 -0.998328 -0.0573581 -0.178456 -0.116486 0.465311 1.69277e-05 : 0.6
0.679844 0.316842 0.622124 -0.493414 -0.437633 0.400838 0.201084 -0.566631 0.827049 : 0.4
0.600094 0.358981 1 -0.972927 -0.527554 0.15025 0.713293 0.423516 0.254045 : 0.4
0.664229 0.242991 0.798533 -0.867468 -0.398001 0.102109 0.398902 0.978058 0.0402654 : 0.4
0.732609 0.332524 0.927989 -0.493586 -0.209937 -0.234965 0.307162 0.512714 -0.0605477 : 0.3
0.57029 0.917965 0.641356 -0.865863 0.234555 -0.220281 0.379937 0.237415 -0.243255 : 0.7
0.604063 0.528008 1 -0.625956 0.131247 -0.275036 1 0.470925 0.43736 : 0.6
0.671158 0.502187 0.830125 -0.976034 -0.357832 -0.129079 0.495925 -0.220222 -0.0957967 : 0.7
0.791438 0.274333 0.925014 -0.915148 -0.239849 -0.255312 0.436041 0.241184 -0.280832 : 0.4
0.537245 0.453856 0.933516 -0.943202 -0.210028 -0.07973 -0.174746 0.928576 -0.0228503 : 0.4
0.624603 0.35771 0.764866 -0.771193 -1 -0.0457883 0.0719495 0.645724 0.155192 : 0.7
0.743035 0.552061 0.817677 -0.944826 -0.190528 -0.103294 0.437813 -0.11752 0.0692516 : 0.3
0.676605 0.508037 0.887313 -0.742698 -0.302324 -0.20991 0.578151 -0.0591778 1 : 0.5
0.628359 0.387016 0.936678 -0.952754 -0.390927 -0.104098 0.492432 0.910792 -0.930465 : 0.5
0.656205 0.469264 0.866549 -0.997232 -0.219347 -0.0201382 0.358196 0.121729 -0.215421 : 0.6
0.616243 1 0.682883 -0.756607 -0.244254 0.0475079 0.53877 0.804834 -0.446898 : 0.3
0.630309 0.132426 0.872035 -0.746419 -0.235938 -0.053026 0.242506 0.367469 0.725929 : 0.7
0.793553 0.411059 0.844747 -0.413277 0.154781 -0.166527 0.128368 0.0277343 0.267206 : 0.4
0.851054 0.383602 0.818526 -1 -0.0601379 -0.398697 0.53763 -0.138908 0.725545 : 0.6
0.717373 0.379048 0.829609 -0.212303 -0.173295 0.119699 0.711537 0.437949 0.712268 : 0.4
0.652373 0.467019 0.878854 -0.404677 -0.109715 -0.0598033 0.0769305 0.0229719 0.0972911 : 0.4
0.625591 0.342038 0.829834 -1 -0.260564 0.0549697 -0.127883 0.0936021 -0.135824 : 0.4
0.645286 0.48086 0.816751 -1 0.248034 0.0443751 0.0101654 0.345473 -0.00994068 : 0.4
0.761075 -0.0964703 0.847204 -0.816905 -0.480294 -0.0016126 0.533301 0.272315 -0.154044 : 0.3
0.583599 0.471734 0.961409 -0.767106 -0.408119 0.0539852 0.628716 0.365523 0.197979 : 0.8
0.552723 0.387863 0.881762 -0.721066 -0.0970339 0.0611473 0.588269 -0.237714 -0.572248 : 0.5
0.631122 0.356468 0.842755 -0.917061 -0.311519 0.0579333 0.0316563 0.177729 0.623163 : 0.3
0.672597 0.24469 0.815792 -0.737793 -0.471175 -0.0289061 0.666323 0.0379713 0.0165476 : 0.6
0.561447 0.414415 0.929022 -0.762437 -0.126748 -0.476301 0.46957 0.287396 -0.115757 : 0.7
0.719626 0.144345 0.887403 -1 -0.384198 -0.0255784 -0.0467327 0.576902 -0.0552262 : 0.5
0.476835 0.459077 0.91987 -1 -0.224612 -0.0814696 0.0655867 0.717593 -0.332361 : 0.4
0.526294 0.405276 1 -0.709527 -0.0201716 0.0916859 0.225937 1 0.550852 : 0.5
0.631225 0.562394 0.831841 -0.595983 -0.28531 -0.274455 -0.890816 0.0349895 0.0757402 : 0.4
0.624001 0.375764 0.873791 -0.788315 -0.338817 -0.181563 0.343124 0.612131 -0.0626941 : 0.6
0.603563 0.365932 0.880176 -0.63157 -0.134861 -0.171322 0.590375 0.10226 0.459371 : 0.4
0.634144 0.286214 0.78989 -0.916906 -0.179465 -0.302657 0.24829 -0.0773725 0.00187857 : 0.4
0.529389 0.430824 0.990538 -0.953314 -0.270088 -0.257876 0.668609 1 -0.429582 : 0.4
0.796656 0.368143 1 -1 -0.120237 -0.0949341 1 0.48805 -0.0818355 : 0.4
0.562892 0.43473 0.957975 -0.366544 -0.0551028 -1 0.995976 0.609571 0.206503 : 0.8
0.633387 0.69038 0.921242 -0.595878 0.0114999 -0.687331 0.533219 0.716126 0.121873 : 0.5
0.618569 0.53515 0.773332 -0.671248 -0.659663 -0.0888552 0.169052 -0.335971 -0.833926 : 0.3
0.644109 0.534619 1 -0.399122 -0.354251 -0.428578 0.555189 0.32219 0.0169381 : 0.2
0.440871 0.427881 0.85127 -0.206018 -0.29971 0.441717 0.15764 0.436797 -1 : 0.7
0.610373 0.427966 0.910972 -0.742653 -0.162832 0.0297551 1 0.549195 0.226528 : 0.6
0.579842 0.36723 0.872754 -0.467149 -0.353422 -0.67731 0.140382 0.932676 -0.514623 : 0.8
0.555094 0.406181 0.855413 -1 0.101544 -0.0229059 0.495086 0.879314 -0.848006 : 0.4
0.349265 0.283812 0.88709 -0.626198 0.109243 0.589476 0.240592 0.350294 -0.816607 : 0.3
0.819987 0.462509 0.875776 -0.951916 -0.0968377 -0.265002 0.419543 0.00628765 0.0920292 : 0.2
0.636682 0.230712 0.632732 -0.990607 -0.119464 -0.727828 0.307009 0.0999445 0.793488 : 0.2
0.644896 0.365537 0.876841 -0.772038 -0.247228 -0.0606362 0.439379 0.344066 0.0176998 : 0.6
0.730605 0.41446 0.821267 -0.867237 -0.275729 0.16529 0.213241 0.364674 0.0365361 : 0.4
0.659505 0.136076 0.995636 -0.965755 -0.0870941 -0.794549 0.606204 0.0591187 1 : 0.5
0.634013 0.416792 0.83091 -0.138203 0.309933 -0.139434 0.325074 0.552153 -0.557155 : 0.4
0.631949 0.27314 0.847482 -0.803214 -0.45252 0.140157 0.41555 0.596172 -0.477151 : 0.4
0.540163 0.407882 0.885149 -0.814378 -0.28691 -0.349835 -0.0146274 0.360105 0.195978 : 0.7
0.547912 0.534752 0.841129 -0.899199 -0.302591 -0.224643 0.401936 0.197294 -0.117424 : 0.6
0.728174 0.606491 0.878578 -0.834833 -0.414315 -0.181515 0.270915 0.184866 0.126039 : 0.2
0.666261 0.30696 0.844159 -0.564749 -0.238748 -0.264016 -0.146018 0.829469 0.440437 : 0.8
0.612757 0.340832 0.964458 -0.830024 -0.445313 -0.329133 0.850315 0.330326 0.858706 : 0.7
0.672618 0.362631 0.877805 0.24636 -0.124123 -0.207637 0.763124 -0.148989 0.263345 : 0.5
0.779941 0.131654 0.820894 -0.708753 -0.237381 -0.559006 0.337117 0.165406 -0.711415 : 0.6
0.576615 0.468702 0.90755 -0.0752709 -0.223916 -0.536127 0.0901811 -0.630936 0.0331056 : 0.5
0.557662 0.421615 0.834354 -1 -0.383833 0.3621 0.422237 0.407936 -0.289245 : 0.4
0.636889 0.38105 0.823357 -0.948565 -0.0957586 -0.159389 0.165541 0.610979 -0.602307 : 0.4
0.555209 0.264821 0.851657 -0.510219 0.255443 -0.26208 0.326754 0.0777445 -0.003658 : 0.6
0.956208 0.454367 0.971081 -1 -0.379834 0.393641 0.78115 0.589834 -0.440343 : 0.5
0.688133 0.2494 0.762237 -0.749068 -0.170949 -0.17919 0.504905 0.302255 -0.0184828 : 0.5
0.785441 0.382127 0.738403 -0.772726 -0.261567 -0.0387873 0.96714 0.310021 -0.288866 : 0.4
0.618349 0.479991 0.873154 -0.839379 -0.0562431 0.628295 0.345424 0.434109 -0.766329 : 0.4
0.607811 0.352991 0.836641 -0.754983 -0.300431 -0.0423382 -0.14044 0.681402 -1 : 0.2
0.67452 0.333331 0.864606 -0.712819 -0.36291 -0.0132023 0.396186 0.742301 0.202688 : 0.1
0.580804 0.562154 0.86792 -0.355145 -0.166638 -0.16905 0.179579 0.791737 -0.080764 : 0.1
0.709414 0.325273 0.67077 -0.945598 -0.614342 -0.238895 0.0724327 0.401662 -0.106175 : 0.9
0.557829 0.54218 0.733829 -0.4232 0.0818224 -0.738392 0.616438 0.17319 -0.0758518 : 0.5
0.59878 0.566475 0.912184 -0.773415 -0.248512 -0.618809 0.757414 0.777783 -0.11065 : 0.6
0.668729 0.350241 1 -0.617974 -0.0200044 0.035244 -0.00919798 -0.00487483 0.250226 : 0.2
0.654791 0.373768 0.862284 -1 0.200288 0.00127612 0.0588491 0.0755524 0.9267 : 0.4
0.636696 0.56755 1 -0.910709 -0.153702 -0.209534 1 0.774074 -0.559362 : 0.5
0.52935 0.245713 0.828079 -0.873639 -0.44624 0.152186 0.556271 0.817165 -0.552646 : 0.5
0.580924 0.403068 0.886124 -1 -0.267924 0.0983867 0.110146 0.880475 -0.133152 : 0.5
0.568614 0.63702 0.856343 -0.883333 0.190162 -0.904352 0.341407 0.277099 -0.737335 : 0.2
0.525329 0.326719 0.862484 -0.89042 -0.287141 -0.363015 0.543607 0.690948 0.661441 : 0.3
0.705567 0.427418 0.902705 -1 -0.589291 -0.00939184 -0.182892 0.516663 0.097043 : 0.6
0.478746 0.3476 0.954959 -0.0874345 -0.327994 -0.618582 0.527376 0.782247 -0.993468 : 0.5
0.615797 0.359808 0.893182 -1 -0.357807 -0.245126 0.561535 -0.0614668 -0.770023 : 0.5
0.658857 0.304984 0.865592 -0.86067 -0.296744 -0.678291 0.511978 0.03513 -0.0895978 : 0.3
0.585401 0.58294 1 -0.406464 -0.0885933 0.208018 1 0.648701 0.415766 : 0.7
0.671717 0.491456 0.874014 -0.811917 -0.430981 -0.0820993 0.236138 0.0362628 0.259346 : 0.2
0.553905 0.398151 0.804488 -0.252244 -0.623708 -0.195802 0.216502 0.383876 0.116907 : 0.3
0.461662 0.545951 0.928278 -1 0.681003 -0.400331 0.493254 -0.11164 -0.0449871 : 0.5
0.833147 0.293811 0.934409 -0.779574 -0.0648893 -0.403137 0.358449 1 -0.802636 : 0.3
0.585072 0.483052 0.866712 -0.79825 0.161827 -0.201691 0.324218 0.467621 -0.806776 : 0.5
1 0.511764 0.747903 -1 -0.435406 0.104968 0.166775 0.404319 0.530393 : 0.7
0.674599 0.328501 0.86921 -0.473193 -0.682766 0.21402 0.483246 0.710818 0.323487 : 0.7
0.594298 0.378612 0.916773 -0.892029 0.111658 -0.208933 0.635032 0.722435 -0.550043 : 0.4
0.20289 0.6839 0.866062 -0.804161 -0.38399 0.00880626 0.407609 0.618706 0.0779264 : 0.3
0.819621 0.30819 0.844197 -0.672701 -0.679875 0.547059 -0.202669 0.664573 0.1146 : 0.6
0.68312 0.271125 0.83153 -0.736296 -0.435015 -0.236659 0.404572 0.806225 0.252088 : 0.1
0.652176 0.253495 0.894816 -1 -0.152217 -0.0795129 -0.085083 0.144789 -0.134704 : 0.3
0.518538 0.416465 0.833927 -0.965623 0.0234715 -0.11296 0.979726 0.564037 -1 : 0.7
0.641172 0.503934 0.82615 -0.872993 -0.180261 0.0539964 -0.204498 0.566504 -0.126673 : 0.2
0.615099 0.656556 0.959756 -0.99879 0.437522 -0.255499 0.219146 0.561822 -0.183054 : 0.3
0.539427 0.659236 0.88989 -0.925212 -0.653212 0.613533 0.48102 0.390847 0.256685 : 0.3
0.609998 0.350672 0.877471 -0.832229 -0.411822 -0.0177265 0.218523 0.370184 -0.333362 : 0.5
0.598322 0.374567 0.931013 -0.764386 -0.206379 0.103997 0.420517 1 -0.175008 : 0.5
0.638443 1 0.829959 -0.121021 -0.47073 -0.494523 0.227129 0.516958 -0.295039 : 0.5
0.50854 0.44219 1 -0.622494 -0.383847 -0.150487 0.158708 -0.0175632 0.789785 : 0.5
0.697539 0.437235 0.818825 -0.36575 -0.567192 -0.0568401 -0.0688556 0.214273 0.764869 : 0.1
0.659829 0.527718 0.9403 -0.843887 -0.272618 0.0722002 0.522036 0.315646 -0.30259 : 0.3
0.672956 0.465204 0.818409 -0.832634 -0.56119 -0.00253113 -0.0448614 0.400049 0.116884 : 0.6
0.602183 0.376511 1 -0.583937 -0.460043 -0.455896 0.467926 -0.237318 0.0610768 : 0.1
0.635211 0.325809 0.916095 0.0138899 -0.556219 -0.440512 0.268681 0.688801 -0.0379424 : 0.2
