0.657634 0.431945 0.808752 -0.47659 -0.599438 -0.103629 0.529082 -0.145462 0.500413 : 0.3
0.701758 0.33176 0.932397 -0.668986 -0.326728 0.136973 0.763117 0.429464 -0.450905 : 0.4
0.740512 0.370025 0.927923 -0.813818 -0.0300875 -0.0638494 0.46097 0.972893 1 : 0.6
0.660857 0.52572 0.972924 -1 -0.288269 -0.421851 -0.315274 0.942324 -0.363667 : 0.6
0.664757 0.400767 0.900312 -0.92651 -0.178974 -0.108818 0.551172 1 -0.2741 : 0.4
0.727114 0.417302 0.786762 -0.560498 -0.427287 -0.252649 -0.158824 0.807029 -0.532886 : 0.5
0.57081 0.464252 0.870371 -0.187714 -0.150225 -0.324219 0.29952 0.33285 0.0433331 : 0.5
0.517965 0.47296 0.984269 -1 -0.265474 0.158104 0.528316 0.52098 0.424347 : 0.7
0.774431 0.383815 0.865585 -0.935388 0.0564373 -0.0502192 0.472568 0.553967 -0.251154 : 0.7
0.365181 0.360083 0.851831 -1 -0.628044 0.183734 0.320591 0.310188 -0.0516562 : 0.8
0.762789 0.417512 0.952873 -0.839716 -0.0245287 -0.17138 0.376095 0.501232 0.061865 : 0.4
0.626024 0.289947 0.908325 -0.758634 -0.330652 -0.0934658 0.752759 0.165293 0.856328 : 0.6
0.546519 0.479024 0.932214 -0.852788 0.189838 0.107265 0.439618 0.207877 0.24227 : 0.7
0.663143 0.435853 0.945674 -0.99004 -0.274601 0.328902 0.434899 1 0.38279 : 0.5
0.636731 0.485732 0.839363 -0.893995 -0.348973 0.0572934 0.490427 0.69021 -0.0740009 : 0.4
0.755342 0.407724 0.791902 -0.818817 -0.756787 -0.409509 -0.263086 0.531316 0.993145 : 0.4
0.674012 0.360565 0.86195 -0.890147 -0.482043 -0.656748 0.421346 0.425605 -0.0503936 : 0.3
0.489818 0.258133 0.806495 -0.717079 -0.648701 0.163499 0.395982 0.617248 -0.0717515 : 0.4
0.60312 0.439499 0.894814 -0.848517 -0.126875 -0.609696 -0.0438318 0.407818 0.0414392 : 0.6
0.616529 0.380335 0.684185 -0.908963 -0.42389 -0.0336115 0.59037 0.682646 0.0530889 : 0.9
0.681295 0.365093 0.836671 -0.739461 -0.43339 0.397982 1 0.0844616 -0.107817 : 0.6
0.589271 0.411435 0.868345 -0.954426 -0.602791 -0.072192 0.353128 0.126922 0.912349 : 0.5
0.712155 0.399194 0.816003 -0.947706 -0.204021 0.547726 0.420292 1 -0.366985 : 0.5
0.515876 0.46732 0.824374 -0.932437 0.109313 -0.211151 0.332168 0.875669 0.124352 : 0.6
0.703842 0.412011 0.786054 -0.393407 -0.187421 -0.0853347 0.639062 -0.0852038 1 : 0.3
0.792863 0.384857 0.897122 -0.87939 -0.295391 -0.157738 0.442213 0.479794 0.180744 : 0.4
0.714894 0.285038 0.863258 -1 -0.124064 0.0644605 0.735333 -0.265514 -1 : 0.5
0.718196 0.390082 0.600891 -0.951905 -0.500271 0.366622 0.844477 -0.231637 -0.228397 : 0.3
0.609533 0.210327 0.713953 -0.939843 -0.232296 0.0915578 0.820268 0.715416 -0.334148 : 0.5
0.62764 0.466739 0.747061 -0.867528 -0.147367 -0.455096 0.321605 0.661918 -0.0561479 : 0.5
0.587938 0.412007 0.934671 -1 -0.567329 -0.171664 0.552711 0.826403 0.382472 : 0.3
0.439008 0.418125 0.969053 -0.914388 -0.775277 0.366614 0.421667 1 -0.146826 : 0.3
0.618638 0.380907 0.968492 -0.781664 -0.453812 -0.148374 0.267448 -0.174756 0.887688 : 0.6
0.550928 0.475145 0.900324 -0.723051 0.164776 -0.050115 0.856633 0.257972 -0.711425 : 0.7
0.569615 0.459359 0.817202 -0.798944 -0.600316 -0.132086 -0.23271 0.512586 -0.61031 : 0.4
0.536133 0.414965 0.957768 -0.881773 -0.520947 -0.149234 0.376827 0.30217 0.777509 : 0.5
0.593332 0.32637 0.833947 -0.838454 -0.329436 -0.16376 0.234216 0.147463 -0.142095 : 0.8
0.611235 0.39651 0.815075 -0.917353 -0.128686 0.0342687 0.531861 0.548306 0.166113 : 0.7
0.735925 0.422674 0.846482 -1 -0.30955 0.618338 0.771167 0.422752 -0.462614 : 0.2
0.518821 0.535323 0.937001 -0.780821 -0.240213 -0.0824071 0.0303899 1 -1 : 0.6
0.57903 0.386291 0.842253 -0.841825 -0.255093 -0.273269 0.615886 0.458443 0.756507 : 0.4
0.68722 0.346772 0.902307 -0.883685 -0.138492 -0.12716 0.475014 0.475111 0.466973 : 0.7
0.466378 0.407296 0.813793 -0.925225 -0.256359 -0.310271 0.336414 0.919941 -0.0167127 : 0.4
0.528498 0.377838 0.878702 -1 -0.215469 -0.135515 0.278986 -0.112436 0.614314 : 0.7
0.510631 0.513962 0.838315 -0.850386 -0.563436 -0.17444 0.258085 0.143355 -0.111116 : 0.6
0.733978 0.393062 0.567066 -1 -0.224969 0.0781803 0.509142 0.295581 -0.760049 : 0.7
0.686691 0.452015 0.777781 -0.834693 -0.249265 -0.19871 0.768585 0.829243 -1 : 0.4
0.629049 0.559205 0.942605 -0.999225 -0.194355 -0.0524945 0.973047 0.893242 0.37984 : 0.6
0.744584 0.401121 0.740219 -0.946686 -0.160347 0.599199 0.316557 -0.164487 -0.588257 : 0.6
0.765823 0.384763 0.886942 -1 -0.09898 0.0980178 0.831623 0.0881228 -0.443339 : 0.5
0.534973 0.36528 0.84583 -0.864684 -0.243086 -0.235001 0.264555 0.356682 -1 : 0.4
0.651613 0.447586 0.832979 -0.915556 -0.289103 -0.213086 0.461877 0.0490946 0.718823 : 0.5
0.654107 0.435497 0.774681 -0.797077 -0.717822 -0.275964 -0.0626861 0.476402 0.748748 : 0.5
0.745217 0.336757 0.898652 -0.895658 -0.140392 -0.281369 0.41583 1 0.0177056 : 0.6
0.57804 0.260903 0.656635 -0.458902 -0.409471 0.281567 -0.029994 0.315346 -0.593076 : 0.3
0.714087 0.448715 0.625628 -0.709285 -0.223781 0.199453 0.759297 0.95443 -0.39004 : 0.4
0.703301 0.508923 0.936713 -1 -0.616742 -0.84529 0.209984 0.61686 -0.449175 : 0.5
0.609404 0.425286 0.850725 -0.88971 -0.383011 -1 0.157608 1 -0.251653 : 0.6
0.715981 0.481128 0.854542 -0.673261 -0.24453 -0.317213 0.351386 0.430941 0.708239 : 0.4
0.720937 0.415321 0.926653 -0.930306 -0.109383 0.368169 0.413694 -0.0566843 -0.302599 : 0.5
0.722013 0.405644 0.840728 -0.971616 -0.418139 -0.192966 0.604385 0.267654 -0.532872 : 0.6
0.655344 0.286661 0.760439 -0.548079 -0.147232 -0.0488455 0.611865 0.170964 0.154505 : 0.7
0.617177 0.533465 0.803498 -0.640661 -0.276686 0.0870281 0.337982 0.327664 -1 : 0.7
0.602379 0.50422 0.968719 -0.924349 -0.21772 0.161252 0.658739 -0.195897 -0.631927 : 0.7
0.520062 0.45621 0.820493 -0.91097 -0.58023 -0.151398 0.562216 0.284096 0.156072 : 0.4
0.581092 0.422286 0.894932 -0.906737 0.378297 -0.164278 0.509933 -0.148239 -0.280941 : 0.8
0.458261 0.453664 0.841536 -0.788525 -0.143202 -0.438918 0.0372172 0.682331 -0.0410438 : 0.4
0.583432 0.375966 0.804189 -0.925307 0.253578 0.0220425 0.4569 0.0393447 0.149609 : 0.6
0.652077 0.591756 0.825716 -0.812333 -0.211713 -0.183876 0.436721 1 -0.538482 : 0.4
0.652902 0.27914 0.941911 -0.819507 -0.365359 -0.298948 0.6464 0.492184 -0.139346 : 0.7
0.627258 0.310146 0.814063 -0.911797 -0.0176872 0.0875511 0.1906 0.304786 -1 : 0.8
0.608521 0.415831 0.842571 -0.805962 -0.574528 -0.0421771 0.520116 0.589803 0.175704 : 0.3
0.664657 0.393605 0.927628 -0.903083 -0.20249 -0.108489 0.606954 0.845966 0.812569 : 0.7
0.638353 0.492204 0.823997 -0.739145 0.0221581 -0.276244 0.502416 -0.0910089 -0.172101 : 0.6
0.601131 0.307872 0.727572 -0.84754 -0.209013 -0.0387536 0.257199 0.493253 -0.216326 : 0
0.595623 0.413979 0.883692 -0.54243 -0.397659 -0.147016 0.502376 0.402976 0.525262 : 0.5
0.607024 0.177783 0.878962 -0.870252 -0.0178721 0.0329982 0.688253 0.559757 -0.0124756 : 0.6
0.587097 0.436434 0.853171 -0.845485 0.0500672 0.00673451 0.246064 0.864033 0.472398 : 0.5
0.638418 0.274253 0.962313 -0.848866 0.0477743 0.231633 0.625694 0.327617 -0.297313 : 0.7
0.634027 0.489438 0.76502 -1 -0.317085 -0.125819 0.507513 0.996294 1 : 0.6
0.624394 0.361778 0.939298 -0.776704 -0.302787 -0.199378 0.491292 0.0718406 -0.94113 : 0.2
0.772077 0.391484 0.835183 -0.841102 -0.0669413 -0.0292987 0.477801 0.894301 0.438867 : 0.7
0.647021 0.380039 0.875943 -0.376227 -0.306538 -0.24674 0.492055 -0.35329 0.527663 : 0.5
0.611864 0.544108 0.936895 -0.900102 -0.353785 -0.708037 0.253059 0.70398 -0.235535 : 0.5
0.630054 0.3361 0.890992 -0.69296 -0.390959 -0.109312 0.508198 0.471781 -0.610315 : 0.3
0.699942 0.400748 0.876511 -0.942095 -0.351843 -0.191829 0.46579 1 -0.487532 : 0.3
0.831421 0.368804 0.911932 -0.788344 -0.50786 -0.0477665 0.241483 1 0.0341126 : 0.4
0.701301 0.372414 0.8905 -0.814363 0.232873 -0.0941999 -0.0134713 0.628569 0.69977 : 0.3
0.541549 0.382535 0.986848 -1 0.0584724 -0.095816 0.946429 0.401095 0.315 : 0.5
0.573171 0.419062 0.928565 -0.948922 -0.27526 -0.0479597 -0.0263517 0.234169 0.234783 : 0.4
0.586584 0.402545 0.622305 -0.933399 -0.12701 0.0647541 0.828792 -0.758263 0.505382 : 0.7
0.582935 0.390631 0.884256 -0.877184 -0.599838 -0.245219 0.27908 1 -0.334668 : 0.4
0.680837 0.228971 0.956993 -0.931248 -0.127618 -0.289341 0.503965 0.327822 -0.176054 : 0.6
0.577987 0.319107 0.846714 -0.725202 0.167248 -0.0810837 0.467071 0.164458 0.163154 : 0.7
0.660092 0.451607 0.758646 -0.873893 -0.336819 -0.0387672 0.53593 0.955076 0.31104 : 0.2
0.602314 0.351315 0.879463 -1 -0.437237 -0.198423 0.967201 0.364127 -0.463915 : 0.7
0.504421 0.318663 0.844596 -0.804489 -0.666564 -0.539663 0.298162 0.171911 -0.0029386 : 0.3
0.724998 0.43472 0.965482 -0.897202 -0.265537 -0.103481 0.469837 -0.035526 0.00914083 : 0.4
0.434257 0.320014 0.833305 -0.92738 -0.213501 -0.17279 0.32213 0.832096 0.590094 : 0.4
0.635531 0.359302 0.960663 -0.93969 -0.401309 -0.479169 0.311414 1 -0.0281807 : 0.4
0.584082 0.349713 0.86325 -0.211173 -0.223158 -0.460669 0.47113 0.493555 -0.181581 : 0.5
0.684376 0.506979 0.878343 -0.923241 -0.175667 -0.352064 0.233031 0.539929 -0.063277 : 0.3
0.709295 0.462907 0.854694 -0.818407 -0.274425 -0.130752 0.521673 0.04539 0.675998 : 0.6
0.59104 0.12683 0.857382 -0.601642 -0.270015 -0.0618934 0.553215 0.566266 -0.523661 : 0.2
0.549669 0.388476 0.962203 -0.765587 0.0927098 -0.335911 0.897984 0.658518 0.0325358 : 0.5
0.654262 0.334884 0.865688 -1 -0.419023 -0.668922 0.540173 0.812888 0.887936 : 0.4
0.586826 0.383548 0.902896 -0.854382 -0.626446 -0.199859 0.699771 0.24064 0.120661 : 0.6
0.517016 0.411537 0.830228 -0.800733 -0.237949 -0.0946037 0.311637 0.19816 -0.0671001 : 0.5
0.589585 0.478908 0.807054 -0.778316 -0.26543 -0.169601 0.110175 0.345672 0.647916 : 0.3
0.68641 0.394306 0.930146 -0.967544 -0.562822 -0.112919 0.474804 0.0247921 -0.255113 : 0.4
0.610656 0.260688 0.908072 -0.870299 -0.253557 0.0462749 0.627024 0.357465 -0.364356 : 0.7
0.542821 0.237884 0.808043 -0.744856 -0.245427 -0.0999014 0.723966 0.275301 -0.211476 : 0.7
0.573445 0.407763 0.859486 -0.956249 0.106309 0.010377 0.143359 0.200203 -0.0113214 : 0.6
0.619436 0.393016 0.980628 -0.898808 -0.188888 0.49548 0.105612 0.490344 0.389194 : 0.6
0.705139 0.237125 0.895649 -0.870279 -0.191924 0.176266 0.531113 0.377479 -0.445597 : 0.7
0.652416 0.440251 0.985098 -0.965244 -0.232267 0.336854 0.193624 -0.0888248 0.37795 : 0.6
0.768565 0.516381 0.81792 -0.85079 -0.743327 -0.400578 0.620927 1 -0.0982538 : 0.6
0.685751 0.437979 0.885287 -0.154304 -0.0613057 0.0201148 0.555563 0.20491 -0.369482 : 0.6
0.59733 0.413445 0.840639 -0.765273 -0.0172849 -0.235673 -0.0841015 0.136758 0.550366 : 0.4
0.656515 0.46904 0.834077 -0.869773 -0.0231655 0.162397 0.300784 0.418128 0.610161 : 0.8
0.635303 0.411714 1 -0.648039 -0.31937 0.376043 0.838212 0.601151 -0.53198 : 0.7
0.657637 0.526793 0.781809 -0.720926 -0.319953 0.0221635 0.719114 0.373216 -0.481704 : 0.7
0.6156 0.365122 0.972687 -1 -0.189869 -0.00761154 0.426584 0.488714 -0.0635629 : 0.7
0.623199 0.398146 0.685605 -0.933012 -0.149252 -0.237524 0.584735 -0.144881 0.853564 : 0.6
0.621943 0.465128 0.818025 -0.796376 -0.509954 -0.651799 -0.0501743 0.640696 -0.256831 : 0.4
0.647808 0.425426 0.802119 -0.850575 -0.274699 -0.0212636 0.300344 0.966479 -0.801759 : 0.3
0.706455 0.659526 0.870433 -0.906506 -0.195386 0.247926 0.864663 0.555696 -0.500524 : 0.5
0.676898 0.387286 0.815665 -0.895259 -0.21999 -0.0753172 0.732328 0.379609 -0.455387 : 0.6
0.681585 0.391408 0.997969 -0.742616 -0.198562 -0.0919675 0.384729 0.696515 -0.0681538 : 0.4
0.641652 0.526793 0.862346 -0.973616 -0.297822 0.0169653 -1 0.51482 0.424032 : 0.6
0.432567 0.409668 0.957679 -0.576128 -0.937095 0.345259 0.699811 0.733279 -0.55933 : 0.6
0.662552 0.466007 0.780927 -0.862579 -0.417774 0.533332 1 0.0225408 -0.0265376 : 0.3
0.69352 0.271135 0.799919 -0.706842 -0.204516 0.209891 0.270543 0.0882912 -0.151649 : 0.7
0.562234 0.391897 0.909658 -0.902948 -0.321279 0.465857 0.52305 0.527715 0.786094 : 0.3
0.579823 0.439799 0.902794 -1 -0.279541 -0.225485 -0.503666 0.223668 0.0116323 : 0.2
0.645758 0.368551 0.89942 -0.586803 -0.463376 0.052604 0.690411 0.08437 0.17285 : 0.4
0.365933 0.367622 0.853402 -0.884767 0.0162886 -0.0413563 0.31336 0.879144 0.543082 : 0.7
0.597236 0.289318 0.908544 -0.853047 -0.383449 -0.101266 0.623716 0.477932 -0.354882 : 0.5
0.813332 0.364321 0.828961 -0.878636 -0.179444 -0.14762 0.3525 0.436675 0.913604 : 0.4
0.632894 0.414262 0.768185 -0.913761 -0.400855 -0.51855 0.257532 0.431539 0.141858 : 0.7
0.623452 0.354112 0.854475 -0.952036 -0.66662 -0.0897596 0.103909 0.134858 1 : 0.4
0.615977 0.424308 0.737315 -0.407598 -0.468827 -0.188794 0.44087 0.290917 0.0408108 : 0.6
0.636659 0.390555 0.720798 -0.855333 -0.48774 -0.0201343 0.479289 0.244317 1 : 0.6
0.623843 0.272135 0.823723 -0.978161 -0.478359 -0.55402 -0.0107063 0.977921 -0.143317 : 0.5
0.538412 0.199134 0.862 -0.925719 -0.36016 -0.0131084 -0.0563383 0.366404 -0.550135 : 0.4
0.597508 0.464621 0.735223 -0.987457 -0.444648 -0.0981852 0.294598 0.305788 0.977369 : 0.3
0.308629 0.298471 0.837128 -0.860792 0.102976 -0.0951582 0.658823 0.83564 -0.736897 : 0.8
0.601114 0.42557 0.8958 -0.943946 -0.184371 -0.111597 0.0933638 1 0.508011 : 0.6
0.680612 0.364408 0.904786 -0.927759 -0.354936 -0.00590198 0.0706555 0.619222 -1 : 0.7
0.590832 0.334595 0.836699 -0.95462 -0.0478448 -0.0350697 -0.192723 0.360732 0.10613 : 0.6
0.668712 0.50061 0.917316 -0.982719 -0.150968 0.0545447 0.49179 0.387214 -0.368711 : 0.7
0.616004 0.3925 0.84454 -0.872084 -0.829622 -0.500719 -0.527793 0.201022 0.39523 : 0.6
0.608208 0.376774 0.966701 -0.925417 0.0152007 0.18101 0.794397 0.605255 -0.170563 : 0.5
0.62295 0.108444 0.935722 -1 -0.308709 -0.170217 0.370177 0.357478 0.4085 : 0.9
0.625129 0.411597 0.886527 -0.906357 -0.457724 -0.172527 0.281678 -0.229656 0.36117 : 0.4
0.73819 0.42825 0.943027 -0.592245 -0.340747 -0.075195 0.295817 0.968244 1 : 0.6
0.744588 0.574368 0.793714 -0.59692 -0.315027 -0.273793 0.513628 0.600071 -0.506638 : 0.7
0.597715 0.382762 0.884073 -0.846159 -0.189115 -0.154346 0.518868 0.22662 -1 : 0.4
0.658782 0.317415 0.88035 -0.630759 -0.219397 -0.2693 -0.0576722 0.0814276 0.859682 : 0.3
0.700691 0.404744 0.680983 -1 -0.481609 0.484288 0.417439 0.260627 0.970675 : 0.6
0.701501 0.452518 0.861876 -0.939432 0.0490108 -0.194897 0.0659296 0.0809923 0.710804 : 0.4
0.660146 0.336525 0.839664 -0.865134 -0.356349 -0.100055 0.196025 1 0.256016 : 0.3
0.68139 0.364186 0.898284 -1 -0.290325 -0.0429159 0.735918 0.16836 -0.433072 : 0.4
0.72921 0.41051 0.822958 -1 -0.208369 -0.145817 0.666945 0.0804178 -0.191896 : 0.7
0.682892 0.284364 0.965754 -0.914705 -0.46035 -0.238824 0.191672 0.0489724 1 : 0.7
0.718486 0.390822 0.916933 -0.97126 -0.150084 -0.201522 0.548079 0.94182 -0.0881562 : 0.3
0.53626 0.359151 0.824099 -0.994902 -0.470735 -0.173589 0.214565 1 -0.299462 : 0.5
0.562803 0.46462 0.793707 -0.876266 0.220892 -0.0929184 0.668886 -0.0374185 0.0929576 : 0.7
0.706418 0.471253 0.922467 0.0237256 0.319382 -0.0463241 0.518746 0.826162 -0.385857 : 0.8
0.632192 0.510708 0.768839 -0.817657 -0.199211 -0.214053 0.470857 0.307185 -0.364585 : 0.4
0.633648 0.483214 0.83143 -0.664879 -0.0200303 0.209604 -0.236939 0.565337 -0.7146 : 0.3
0.616716 0.321027 0.996865 -0.891676 -0.348966 0.0853948 0.3514 0.453664 -0.339159 : 0.4
0.645495 0.439613 0.848724 -0.949955 -0.512011 -0.0014675 0.24311 0.433105 -0.580221 : 0.3
0.680303 0.333838 0.812648 -1 -0.412351 -0.248362 -0.226465 0.107757 0.087045 : 0.8
0.593188 0.3768 0.92715 -0.939304 -0.340642 -0.141178 0.603602 0.249715 1 : 0.5
0.712598 0.382445 0.866865 -0.952587 -0.322261 -0.340344 0.452671 -0.272383 -1 : 0.8
0.624265 0.44377 0.934546 -1 -0.160344 -0.235336 0.556105 -0.232894 0.328982 : 0.6
0.655263 0.377331 0.889953 -0.818134 -0.244106 -0.0706431 0.48929 -0.0295108 -0.122937 : 0.5
0.615968 0.465099 0.928772 -0.875235 -0.707542 -0.27196 0.491562 0.408686 0.204894 : 0.4
0.607258 0.404591 0.81283 -0.973973 -0.252312 -0.0031828 0.378576 1 -0.405262 : 0.7
0.608952 0.420385 0.818486 -0.92212 -0.758865 -0.504775 0.215556 0.831604 1 : 0.8
0.706431 0.398542 0.895177 -0.780505 -0.0577248 -0.0505993 0.355816 0.513627 0.559869 : 0.7
0.528679 0.503727 0.924909 -0.838814 0.230218 -0.0396418 0.680476 0.468707 -0.403234 : 0.7
0.634728 0.214265 0.876395 -0.875781 -0.167339 -0.737738 0.0423515 0.33353 -0.272645 : 0.6
0.659576 0.482408 0.631738 -0.851687 -0.287637 -0.0704013 0.488403 0.75037 -0.24794 : 0.5
0.534562 0.340714 0.853838 -0.182523 -0.87886 -0.249688 0.993718 -0.0271047 -0.457345 : 0.6
0.630147 0.417181 0.869191 -0.782712 -0.173722 0.0860512 0.690226 0.690831 -0.459278 : 0.8
0.70821 0.389762 0.786016 -1 -0.185282 -0.140241 0.433409 -0.104594 0.666274 : 0.4
0.555438 0.38401 0.768659 -0.669263 -0.323542 -0.580966 0.496598 0.135566 0.00284976 : 0.4
0.840584 0.246711 0.806401 -0.925313 0.0986442 -0.259441 0.352057 -0.191352 0.11757 : 0.1
0.56545 0.200996 0.893233 -0.871111 -0.352612 -0.0453196 0.609957 0.56009 -0.218958 : 0.4
0.604863 0.246861 0.827569 -0.912401 0.0501331 -0.330081 0.11922 0.948582 0.180665 : 0.6
0.639219 0.577421 0.879404 -0.856742 -0.490829 -0.228902 0.661436 0.438308 -0.0794886 : 0.2
0.616113 0.455805 0.89264 -0.745695 -0.0838654 0.143808 -0.22449 0.321097 1 : 0.9
0.715406 0.511664 0.810209 -0.460747 -0.433271 -0.0129561 0.536303 0.0802244 1 : 0.5
0.583906 0.193704 0.791089 -0.941016 0.011598 -0.549102 -0.0587732 0.305762 0.155002 : 0.6
0.672016 0.456245 0.803027 -0.931355 -0.426932 -0.205277 -0.157545 0.535056 0.797146 : 0.2
0.623534 0.349584 0.907604 -0.943368 -0.406112 -0.031058 0.866405 0.875883 -0.990315 : 0.8
0.650051 0.425448 0.932657 -0.875122 -0.226366 -0.341647 0.472721 0.477908 -0.266946 : 0.6
0.656925 0.39559 0.856349 -0.857403 -0.459914 -0.442648 -0.00476348 0.428279 -0.227621 : 0.3
0.614203 0.352164 0.880375 -0.484506 -0.350539 0.0650213 0.436115 0.495511 1 : 0.6
0.621302 0.492223 0.785848 -0.999126 -0.145976 -0.0628341 0.324251 0.245602 0.143632 : 0.4
0.686933 0.417931 0.887558 -0.891992 -0.200965 0.348907 0.168479 0.919875 -1 : 0.7
0.500451 0.45707 0.882388 -0.820322 -0.594717 -0.051231 0.339544 0.476285 -0.221133 : 0.6
0.749046 0.173673 0.748706 -1 -0.123828 0.0379316 0.430813 0.295232 -0.0803098 : 0.6
0.673238 0.404695 0.895295 -0.67837 -0.0422318 -0.280292 0.378978 0.86522 0.335078 : 0.6
0.62679 0.275123 0.837292 -0.830101 -0.211749 -0.0245192 0.400673 0.98462 1 : 0.4
0.573747 0.495092 0.943516 -0.888188 -0.231445 0.00390489 0.511269 0.528726 0.55064 : 0.6
0.58001 0.348975 0.840284 -0.88868 -0.493641 -0.0277485 0.505003 0.670559 1 : 0.5
0.474145 0.385724 0.862939 -0.760713 -0.59113 -0.064524 0.675973 -0.339934 0.683636 : 0.6
0.696608 0.394818 1 -0.964336 -0.874914 -0.144226 0.627583 0.38086 0.166172 : 0.3
0.755329 0.309175 0.70443 -0.832307 -0.207366 0.333197 0.520019 -0.487422 0.535331 : 0.6
0.531773 0.541565 0.742352 -0.944907 -0.263954 -0.0387028 0.260064 0.327506 0.676645 : 0.6
0.552602 0.419239 0.899356 -0.974639 -0.34194 0.857968 0.137341 0.0176005 0.291257 : 0.5
0.535014 0.332263 0.994521 -0.820407 -0.0924684 0.254719 0.826906 0.430305 0.962406 : 0.5
0.75273 0.367726 0.789767 -0.667639 -0.297474 0.134597 0.403993 0.763619 -1 : 0.6
0.634377 0.313282 0.793395 -0.975842 -0.66862 -0.0968227 0.128698 -0.0336286 0.277534 : 0.4
0.655531 0.334782 0.843667 -0.94606 -0.0968115 -0.315688 0.845386 0.359757 -0.29007 : 0.7
0.611799 0.367947 0.835898 -0.902738 -0.422185 -0.138573 0.313012 -0.459785 1 : 0.4
0.712756 0.37454 0.72825 -0.641387 -0.228585 0.0330109 0.521053 0.816135 -0.0114069 : 0.3
0.753065 0.415695 0.365118 -0.897542 -0.269355 -0.214009 0.950118 0.732269 0.407289 : 0.5
0.457129 0.41078 0.831037 -0.870441 -0.198799 -0.523888 0.0164798 0.156771 0.97819 : 0.6
0.64313 0.359577 0.928521 -1 -0.725955 -0.211751 0.312399 0.287832 -1 : 0.8
0.593158 0.246689 0.866813 -0.752067 -0.518535 -0.21024 0.665127 0.635296 0.434255 : 0.5
0.740315 0.388805 0.868321 -1 -0.512867 0.00205153 0.583217 0.112189 -0.614635 : 0.5
0.573678 0.390565 1 -0.472694 -0.825843 -0.022987 0.401618 0.110814 0.65181 : 0.5
0.439591 0.297609 0.828215 -0.780125 -0.277923 0.0896732 -0.120652 -0.0386977 0.149534 : 0.3
0.711505 0.381988 0.886491 -0.154465 -0.403806 -0.232183 0.610292 0.946923 -0.189268 : 0.6
0.604353 0.366125 0.911183 -0.924732 -0.336411 -0.0635994 0.568385 0.312904 -0.216415 : 0.8
0.662761 0.444147 0.840827 -0.864127 -0.179901 -0.190323 0.747928 0.924816 0.55738 : 0.5
0.435046 0.387314 0.84607 -0.399877 -0.100163 -0.351434 0.338054 0.73051 -0.205016 : 0.7
0.581731 0.434625 0.912391 -0.757251 -0.297187 -0.139817 0.599704 0.317579 -0.685431 : 0.9
0.5773 0.633307 0.864552 -0.895579 -0.526335 0.0273776 0.535957 0.565784 0.245853 : 0.2
0.587814 0.542577 0.845272 -0.573717 -0.420579 -0.228803 0.374787 0.46518 -0.49709 : 0.7
0.741465 0.464764 0.795241 -0.515547 -0.301658 -0.180037 0.588234 0.442959 0.118958 : 0.4
0.679024 0.413506 0.885126 -0.924672 -0.187705 -0.0641395 0.458664 0.868207 -0.775695 : 0.3
0.612346 0.375969 0.99627 -0.753407 -0.254131 -0.048135 0.406545 0.663491 1 : 0.7
0.680115 0.372743 0.659786 -0.756387 -0.269853 -0.18987 0.30292 0.539456 -0.193643 : 0.6
0.704872 0.465302 0.850082 0.46794 0.687842 -0.281327 0.688678 0.311718 -0.556628 : 0.3
0.63502 0.496988 0.908008 -0.916119 -0.234836 -0.11844 0.268014 0.698023 1 : 0.8
0.590716 0.241295 0.723516 -0.936296 -0.30965 -0.117575 1 0.579592 0.0483711 : 0.4
0.59406 0.375235 0.862977 -0.661199 -0.22228 -0.0705653 -0.261705 0.54162 0.212932 : 0.5
0.582458 0.524233 0.813903 -0.757848 -0.272601 0.432963 0.391561 0.761831 -0.607403 : 0.7
0.562866 0.271195 0.863517 -1 -0.203058 -0.0449192 -0.0209214 0.0665693 0.480555 : 0.3
0.58874 0.362958 0.828924 -0.829326 -0.242915 0.0253655 0.261475 -0.118396 -0.416041 : 0.7
0.607723 0.476863 0.853137 -0.689225 0.0615927 -0.276913 0.289392 0.287588 -0.807682 : 0.6
0.409951 0.408352 0.829484 -0.881078 -0.154419 0.155477 0.313168 0.702608 -0.364116 : 0.5
0.534048 0.33529 0.842769 -0.752244 -0.258452 0.255428 0.543139 0.537387 -0.769188 : 0.5
0.747701 0.356929 0.962203 -0.879824 -0.43124 -0.157782 0.953966 0.38295 0.34567 : 0.3
0.610481 0.394965 0.863561 -1 -0.352135 0.0597668 -0.430765 -0.214746 -0.324162 : 0.7
0.696604 0.476682 0.848056 -0.869451 -0.164051 0.094705 0.405795 0.315596 -0.301812 : 0.7
0.761542 0.462265 0.872649 -0.80847 0.21586 0.130191 0.567699 0.397983 1 : 0.6
0.616306 0.364683 0.707653 -0.27626 -0.171342 0.221883 0.320214 0.233783 -1 : 0.1
0.626539 0.393057 0.901382 -0.588339 -0.62307 -0.116911 0.517869 0.00665593 0.541265 : 0.7
0.702604 0.416327 0.91686 -0.957791 -0.285872 -0.154308 0.267529 1 0.381001 : 0.6
0.621215 0.368925 0.985414 -0.781098 -0.0750752 -0.109719 0.457759 0.476926 0.275973 : 0.4
0.693858 0.222654 0.794226 -0.957315 -0.23316 0.145879 0.581654 0.491054 -0.629647 : 0.6
0.612289 0.250862 0.843893 -0.813599 -0.320434 -0.421968 0.0475075 0.802058 0.731165 : 0.5
0.67927 0.369697 0.906057 -0.966998 -0.199249 -0.224451 0.190582 0.502818 -0.431461 : 0.5
0.721589 0.3847 0.78717 -0.903352 -0.273863 -0.0588543 0.289232 0.788662 -0.209519 : 0.6
0.64846 0.451239 0.911866 -0.70473 -0.424925 -0.199124 0.266473 0.281893 1 : 0.7
0.54079 0.327549 0.833248 -0.95094 -0.0856844 -0.250732 0.255965 0.828662 1 : 0.5
0.587908 0.387673 0.885096 -0.997447 0.170613 -0.157689 0.799111 0.642139 -0.436837 : 0.7
0.634154 0.288407 0.903065 -0.951566 -0.24204 0.216686 0.589637 0.537434 -0.399246 : 0.4
0.609706 0.282318 0.933499 -0.981974 -0.467522 -0.0329283 0.59362 0.369623 0.55057 : 0.6
0.65002 0.445051 0.899974 -0.454482 -0.0128475 -0.929831 0.0642327 0.334847 0.131493 : 0.4
0.628234 0.419305 0.843077 -0.281757 0.0576733 -0.390224 0.330799 0.714526 -0.591634 : 0.7
0.592 0.457503 0.960561 -0.984599 -0.386403 -0.190835 0.411676 0.30282 -0.41406 : 0.7
0.606236 0.440334 0.875273 -0.860966 -0.300719 -0.268948 0.180766 -0.233031 -0.095358 : 0.3
0.669959 0.427748 0.913848 -0.991741 -0.120871 0.114133 0.147269 -0.0373903 0.317722 : 0.3
0.631158 0.245594 0.996168 -0.97078 -0.474193 -0.143299 0.453864 0.46196 0.305755 : 0.3
0.48479 0.332463 0.86839 -0.904964 -0.441223 -0.102011 1 0.39142 -0.667175 : 0.4
0.706094 0.217423 0.951265 -0.846049 -0.24445 0.237714 0.594668 0.257442 -0.387998 : 0.6
0.729323 0.411087 0.721338 -0.816733 -0.630723 -0.0336929 0.493661 0.558725 1 : 0.5
0.58143 0.260898 0.759419 -0.880317 -0.0532207 -0.00522128 0.281881 0.419364 -0.524125 : 0.6
0.589952 0.531906 0.835973 -0.728833 -0.303045 -0.181214 0.238601 0.351498 -0.348413 : 0.5
0.660512 0.394354 0.937807 -1 -0.304115 -0.0697308 0.556509 0.0839994 0.165363 : 0.5
0.590372 0.461317 0.87661 -1 -0.167347 -0.173427 0.621127 -0.0928493 0.571415 : 0.4
0.614137 0.389393 0.812716 -0.60726 -0.334515 -1 0.641096 0.462096 0.837332 : 0.4
0.593321 0.371705 0.996281 -0.755202 0.267771 0.293036 0.720476 0.309666 0.417127 : 0.5
0.67299 0.40947 0.891418 -1 0.0087969 -0.115679 0.733103 1 -0.828333 : 0.5
0.516469 0.272499 0.914494 -0.991088 -0.2499 -0.164049 0.788574 -1 0.379747 : 0.4
0.700537 0.226896 0.902877 -1 -0.358762 -0.226997 0.548452 0.21696 0.372728 : 0.5
0.617207 0.536441 0.73965 -0.888265 -0.00513184 -0.347127 0.51184 0.248989 0.0411083 : 0.2
0.518413 0.41781 0.922089 -0.798036 -0.641698 0.144798 0.324303 0.371731 -0.16541 : 0.6
0.467378 0.390191 0.844951 -0.763907 -0.189763 -0.255924 0.736122 0.546831 0.368096 : 0.5
0.56597 0.39493 0.841567 -0.700756 -0.181571 0.229059 0.260323 0.241584 -0.612502 : 0.3
0.605261 0.401225 0.810037 -1 0.0127592 -0.414355 0.270902 0.337783 1 : 0.5
0.606747 0.459533 0.907166 -0.912064 0.0386561 -0.243243 -0.00215904 0.727441 -0.181202 : 0.2
0.582198 0.310904 0.910353 -0.892575 -0.534774 -0.29214 0.46864 0.282756 -0.651871 : 0.4
0.609191 0.297521 0.926323 -0.915583 -0.122954 0.011748 0.683227 0.295932 -0.681941 : 0.6
0.61813 0.296822 0.89529 -0.985052 -0.497556 -0.0881153 0.233437 0.207416 -0.338218 : 0.8
0.648962 0.377095 0.877133 -0.863526 -0.119708 0.512231 0.188745 0.555269 0.400966 : 0.5
0.598692 0.328355 0.939856 -0.970866 -0.212314 -0.0537668 0.519638 0.498428 -0.511931 : 0.3
0.659816 0.448972 0.872152 -0.874816 0.114255 0.0326492 -0.051243 0.0415766 -0.37007 : 0.6
0.567353 0.278014 0.803123 -0.947597 -0.408546 -0.307397 0.321223 -0.385058 -0.736061 : 0.3
0.665289 0.48406 0.962047 -0.99204 -0.19028 -0.0575024 0.682163 1 0.686994 : 0.7
0.588924 0.379728 0.919763 -0.855523 -0.245282 0.118546 0.444031 0.683991 0.568063 : 0.8
0.712579 0.375473 0.858939 -0.467546 -0.651095 -0.170735 0.267986 0.415961 -0.00660881 : 0.6
0.727449 0.36716 0.769058 -1 -0.248388 -0.268075 0.751083 0.498199 0.473794 : 0.7
0.660685 0.367071 0.804656 -0.888964 -0.0392525 -0.0585005 0.280329 0.498812 0.125146 : 0.6
0.646072 0.496192 0.829015 -0.906554 -0.953066 -0.271235 0.912896 0.321077 -0.623197 : 0.3
0.696164 0.37705 0.916852 -0.846385 -0.452921 -0.268659 0.482143 0.340635 -0.491431 : 0.6
0.696385 0.380628 0.866959 -0.841754 -0.597674 -0.325774 0.111285 0.804138 -0.886768 : 0.7
0.733701 0.409 0.866676 -1 -0.447385 -0.00676216 0.442613 0.504286 -0.284792 : 0.6
0.434456 0.412634 0.835836 -0.805816 -0.288093 0.0718157 0.194126 0.333469 0.490349 : 0.9
0.549199 0.350623 0.894402 -0.0845766 -0.540021 -0.412287 0.152614 -1 -0.396511 : 0.6
0.641627 0.416043 0.908492 -0.92327 -0.518371 -0.0281579 1 0.45943 0.691036 : 0.5
0.589645 0.34078 0.910131 -0.729988 -0.221326 -0.718989 0.292161 0.13436 -0.0510147 : 0.5
0.692812 0.335032 0.867537 -0.544659 -0.515656 -0.0121806 0.537495 0.244102 0.887941 : 0.3
0.60862 0.421544 0.963098 -1 -0.418869 0.491599 0.662504 0.307791 0.819685 : 0.4
0.693439 0.403003 0.835316 -1 -0.369447 -0.179988 0.905588 0.313108 -0.671422 : 0.7
0.688292 0.350698 0.8945 -0.892977 -0.16732 -0.135657 0.275268 0.64633 0.376475 : 0.5
0.455531 0.365207 0.753079 -0.921453 -0.22252 -0.191774 0.302073 0.838226 -0.449571 : 0.6
0.543139 0.361462 0.890594 -0.971234 -0.171456 -0.262456 -0.363038 0.794173 -0.0803552 : 0.4
0.683536 0.3243 0.920408 -0.608195 -0.502699 -0.202093 0.260985 0.721831 -0.291922 : 0.5
0.690522 0.379992 0.849396 -0.824497 -0.358311 -0.545206 0.431402 0.530645 0.187345 : 0.5
0.601418 0.339837 0.936876 -0.655891 -0.170411 -0.0170633 -0.0925353 0.542296 -0.622644 : 0.5
0.570208 0.313845 0.964239 -0.944296 -0.506519 -0.0654264 0.370874 0.054371 -1 : 0.5
0.731934 0.393153 0.909543 -1 -0.332046 -0.0142494 0.683718 0.839103 -1 : 0.6
0.676466 0.373209 0.866734 -0.725445 -0.260279 -0.131294 0.142255 0.692629 -0.0370433 : 0.4
0.617436 0.581269 0.936088 -0.859288 -0.125693 -0.124167 0.392379 0.205724 0.171673 : 0.6
0.618324 0.0211471 0.818758 -0.763823 0.115295 -0.321608 0.0318086 0.453379 -0.0976789 : 0.6
0.714454 0.457261 0.911011 -0.965556 -0.415389 -0.0471378 0.899053 0.716921 0.337496 : 0.7
0.805127 0.353935 0.934101 -1 -0.403285 -0.0849326 0.430345 1 -0.929645 : 0.6
0.568564 0.435564 0.927542 -0.885115 -0.167606 -0.0490783 0.372969 0.432138 -0.361322 : 0.4
0.516972 0.46319 0.893039 -0.872996 -0.194166 -0.193154 0.557821 0.501205 0.12928 : 0.6
0.609896 0.349552 0.961609 -0.921462 0.00943547 -0.86944 0.117418 0.504447 -0.660153 : 0.4
0.546519 0.406514 0.903145 -0.836055 -0.24497 -0.218201 0.127594 0.457225 0.868889 : 0.4
0.718244 0.380146 0.970353 -0.955413 -0.178128 -0.253847 0.0375534 0.214301 -0.558668 : 0.6
0.616373 0.372188 0.836551 -0.617248 -0.150325 -0.790005 0.477454 0.644294 -0.69823 : 0.4
0.573843 0.39968 0.868732 -1 -0.65962 -0.144945 0.363286 -0.198974 0.663549 : 0.5
0.693444 0.359464 0.887657 -0.990501 -0.203116 -0.193635 0.580069 0.725621 -1 : 0.5
0.582154 0.354457 0.860303 -0.95056 -0.0843014 -0.0244633 0.197289 0.233245 -0.581491 : 0.7
0.67681 0.366021 0.854074 -0.187607 -0.327908 0.0140901 0.324498 0.188752 0.609512 : 0.3
0.742558 0.785255 0.828146 -0.965209 -0.16887 0.202911 0.16124 0.00752141 0.39036 : 0.5
0.654718 0.532273 0.796291 -1 -0.0793628 -0.118086 0.35541 0.158445 0.226627 : 0.6
0.691996 0.45065 0.803273 -0.892677 -0.344275 -0.407136 0.449531 0.504297 -0.0949096 : 0.9
0.535585 0.402289 0.877383 -0.942332 0.0118269 0.0539885 0.715162 0.263104 0.692552 : 0.7
0.670009 0.434093 0.777146 -1 -0.210816 -0.225155 -0.541203 0.283618 0.283001 : 0.4
0.595479 0.320544 0.898895 -0.887698 -0.308077 -0.0462054 0.232765 -0.407592 0.488308 : 0.6
0.672423 0.33119 0.868614 -1 -0.16578 -0.0109095 0.223377 0.466972 -0.351623 : 0.4
0.666196 0.264867 0.924911 -0.962548 -0.0961299 -0.0681583 0.40035 0.859892 0.037268 : 0.7
0.673305 0.406197 0.900336 -0.903642 -0.0093891 -0.115904 0.439248 0.751493 0.137848 : 0.4
0.609499 0.617889 0.888705 -1 -0.212363 -0.69137 0.323604 0.397339 -0.253172 : 0.7
0.65253 0.377261 0.937831 -0.82405 -0.226225 -0.0980833 0.519811 0.637774 0.0376928 : 0.5
0.568003 0.366641 0.870957 -0.70256 -0.515132 -0.0805106 0.338963 0.248628 0.575102 : 0.7
0.543345 0.388253 0.905116 -0.895624 0.0136038 -0.250244 0.395946 -0.0865418 -0.742515 : 0.6
0.624762 0.38745 0.663568 -0.919549 -0.41721 -0.0872138 0.214677 0.61201 -1 : 0.6
0.580036 0.406764 0.925201 -1 -0.205199 -0.158593 0.426211 0.360115 0.0695263 : 0.5
0.63426 0.278349 0.837843 -1 -0.0271011 -0.0490071 0.278365 0.688909 -0.712661 : 0.5
0.672447 0.143233 0.907126 -1 0.013429 0.258617 0.0992582 0.13098 0.659081 : 0.7
0.590683 0.38895 0.985419 -1 0.104292 -0.0626176 0.519655 0.365115 0.35959 : 0.6
0.690121 0.276426 0.991926 -1 -0.228056 -0.214737 0.372874 0.0709721 0.274889 : 0.3
0.603372 0.608394 0.9506 -1 -0.172789 -0.23062 0.548716 0.298829 -0.368243 : 0.2
0.6994 0.387813 0.904466 0.21822 0.777792 -0.174712 0.957513 0.590246 0.807381 : 0.5
0.705723 0.377166 0.709349 -0.759515 -0.552986 -0.201512 0.768853 0.599688 0.10173 : 0.4
0.677254 0.538291 0.88604 -0.527077 0.123337 -0.279417 0.0567527 0.380506 -0.306441 : 0.2
0.647605 0.45 0.439086 -1 -0.203363 -0.301707 0.768159 0.00202658 -0.325286 : 0.4
0.657782 0.296983 0.914061 -0.998537 -0.170145 0.0893221 0.476636 0.58591 -0.122125 : 0.7
0.713091 0.371376 0.924644 -0.88132 -0.190329 -0.16867 -0.00453103 0.449267 0.464951 : 0.7
0.593138 0.442826 0.920809 -0.914248 -0.10508 -0.0106889 0.595596 0.71811 1 : 0.6
0.650431 0.380118 0.862434 -0.855441 -0.364798 -0.922799 0.280832 0.642968 0.933928 : 0.6
0.763054 0.394098 0.686398 -0.880927 -0.0614451 -0.185343 0.288298 0.598377 -0.0333351 : 0.5
0.588056 0.353785 0.779203 -0.516288 -0.544829 -0.169835 0.468799 0.537969 -0.0767833 : 0.6
0.629678 0.35535 0.89457 -0.855348 -0.0271852 -0.209637 0.404199 -0.101924 0.483905 : 0.5
0.689867 0.350004 0.852926 -0.0784831 -0.36942 -0.40682 0.189644 0.917347 -0.508196 : 0.5
0.627421 0.44599 0.917492 -0.434817 -0.0276352 -0.0575226 0.231905 -0.501799 -0.301179 : 0.6
0.658949 0.358037 0.87379 -1 -0.192611 0.118285 0.722052 0.696948 -0.222001 : 0.4
0.569038 0.418502 0.833824 -0.988851 -0.749038 -0.464823 0.115309 0.41703 0.890093 : 0.4
0.671902 0.38312 0.826361 -0.725456 -0.574977 -0.130673 0.3701 0.249802 -0.612509 : 0.1
0.663878 0.43304 0.911308 -0.921292 -0.211521 -0.105293 0.221729 0.887299 -0.0240685 : 0.6
0.624917 0.3262 0.844122 -0.748871 -0.338706 0.0296365 0.335515 0.761992 -0.327125 : 0.6
0.539045 0.430939 0.882574 -0.870537 -0.237303 -0.299815 0.535833 -0.0999006 0.693167 : 0.7
0.615111 0.438024 0.867026 -0.901502 -0.35909 -0.786059 0.292364 0.478966 0.220931 : 0.6
0.602393 0.733399 1 -0.955504 -0.0858693 0.0521366 0.375793 0.450768 0.552656 : 0.6
0.722075 0.323991 0.858209 -0.685243 -0.442636 0.0845186 0.68708 0.271563 -0.413263 : 0.5
0.654095 0.415063 0.76068 -1 -0.523604 0.0339481 0.559332 0.0674848 0.254073 : 0.1
0.617799 0.392426 0.912403 -0.952368 -0.201864 0.055472 -0.13297 0.164283 0.181957 : 0.4
0.603795 0.433731 0.863104 -0.886253 0.0712707 0.162406 0.00839517 -0.751449 0.103418 : 0.7
0.755411 0.34317 0.860696 -0.960085 -0.306243 0.203817 0.618976 0.369504 -0.288285 : 0.8
0.66423 0.445249 0.811015 -0.610466 -0.791616 0.831841 0.360342 0.663157 -0.438743 : 0.7
0.745989 0.414037 0.701733 -0.887555 -0.611317 0.0272266 0.709056 -0.0278987 0.561547 : 0.5
0.670571 0.184017 0.830122 -0.261992 -0.278903 0.01802 0.674448 0.0328876 0.316036 : 0.1
0.537696 0.596114 0.857932 -0.937711 -0.297081 -0.382199 -0.107003 0.623003 -0.395458 : 0.4
0.709042 0.111329 0.806763 -0.466721 -0.323195 0.0522881 0.491794 0.823643 -0.63652 : 0.5
0.654582 0.440823 0.840686 -0.91303 -0.0726464 0.128657 0.251477 0.302953 0.0814611 : 0.5
0.549662 0.447785 0.860489 -0.747206 -0.347803 -0.0672498 0.561469 0.104245 0.645157 : 0.5
0.569772 0.319383 0.831933 -0.87946 -0.87902 -0.38754 0.275451 0.378306 -1 : 0.3
0.635564 0.426713 0.85598 -0.627154 -0.445529 -0.201166 0.431428 0.344771 0.676525 : 0.8
0.432457 0.379801 0.90829 -0.899185 0.122642 -0.240673 0.510298 0.12263 -0.612562 : 0.3
0.483546 0.597931 0.885264 -0.313739 -0.0958149 -0.363441 0.321093 0.0768561 -0.459324 : 0.5
0.715651 0.354555 0.981398 0.0180875 0.990104 0.171987 0.381254 0.192522 -0.258966 : 0.5
0.656931 0.311326 0.913439 -0.946491 -0.302512 -0.151257 0.229811 0.72553 -0.139897 : 0.4
0.593198 0.434175 0.91094 -0.963232 0.211284 -0.114342 0.577343 0.497323 0.322254 : 0.3
0.730206 0.422072 0.894245 -0.949831 -0.414645 -0.00226827 0.55423 -0.108924 -0.661517 : 0.6
0.640062 0.34951 0.827421 -0.992252 0.332205 0.186348 0.553439 0.306327 0.899589 : 0.5
0.612795 0.345593 0.935288 -1 -0.173324 -0.200431 0.516021 -0.168261 0.303386 : 0
0.579902 0.387703 0.863497 -0.847051 -0.281368 -0.120401 -0.468294 0.355269 -0.0113606 : 0.6
0.487968 0.394114 0.890782 -0.917667 0.0667677 -0.264169 -0.228756 -0.00165708 0.00637686 : 0.4
0.617968 0.418773 0.870104 -0.838164 -0.257248 -0.847343 -0.130826 0.0854786 0.279306 : 0.6
0.741799 0.40204 0.793057 -0.898165 -0.236595 0.0957766 0.332438 0.48345 -1 : 0.5
0.599525 0.416053 0.940453 -0.984621 -0.195981 0.575094 -0.0800325 -0.0554616 -0.288774 : 0.4
0.689747 0.386844 0.841389 -0.987308 -0.442956 -0.579202 0.483543 0.221511 -0.0720912 : 0.4
0.678675 0.360754 0.899492 -0.978683 -0.663634 -0.201274 0.409956 0.874914 -0.192524 : 0.6
0.551709 0.366936 0.84449 -0.965535 -0.264937 -0.0585249 -0.0368863 0.549642 0.848687 : 0.6
0.602224 0.298358 0.922744 -0.880622 -0.0779617 0.00279024 0.19252 0.288963 -0.678895 : 0.6
0.75195 0.298916 0.825289 -0.627632 -0.410985 0.521518 0.331525 0.604746 -1 : 0.7
0.673383 0.307257 0.832226 -0.675914 0.129628 -0.156193 0.38637 1 -0.400466 : 0.6
0.576122 0.439908 0.902239 -0.909218 -0.0441942 -0.0739566 0.653951 0.184008 -0.185948 : 0.4
0.673739 0.337276 0.73305 -0.94705 -0.560239 -0.0612558 0.310566 0.600517 -0.390661 : 0.3
0.755942 0.403005 0.740973 -0.938454 -0.156876 -0.201552 0.285198 -0.144563 0.48328 : 0.5
0.625854 0.280403 0.916434 -0.86549 -0.211652 -0.0942015 0.480975 0.414357 -0.402733 : 0.6
0.672172 0.383711 0.982809 -0.860537 -0.279301 -0.130594 0.869039 -0.308994 0.664523 : 0.5
0.710783 0.469594 0.8248 -0.900597 -0.400208 -0.893712 0.336845 1 -0.298794 : 0.1
0.613598 0.372538 0.794357 -0.68634 -0.310041 -0.429586 0.474074 0.457504 -0.0882781 : 0.4
0.652058 0.281421 0.647801 -0.902068 0.0390672 0.025528 0.286627 0.351325 0.556769 : 0.4
0.652023 0.443023 1 -0.573431 -0.414184 -0.195459 0.672532 0.551791 0.485848 : 0.4
1 0.250565 0.891894 -0.871989 -0.241107 -0.149015 0.588994 0.295636 -0.324885 : 0.3
0.64638 0.396174 0.813909 -0.993351 -0.430182 -1 0.42469 0.874053 -0.418973 : 0
0.509828 0.40157 0.868038 -0.896122 -0.0606549 -0.199214 0.544057 0.564415 -0.655673 : 0.6
0.593717 0.724627 0.912184 -0.919786 -0.292914 -0.457157 0.262846 0.489843 -0.173636 : 0.5
0.675752 0.360846 0.701985 -0.894428 -0.274734 0.0281225 0.186724 0.735174 -0.532331 : 0.6
0.676385 0.462315 0.83973 0.325761 0.0257653 0.00609964 0.713914 0.16028 -0.122829 : 0.5
0.731202 0.440456 0.798838 -0.937925 0.0460481 -0.282613 0.975972 0.0669538 -0.199492 : 0.5
0.679303 0.328527 0.918036 -0.935388 -0.205964 -0.144073 0.263797 0.732436 -0.29307 : 0.6
0.666016 0.555822 0.943862 -0.915413 -0.302267 0.0404369 0.031856 0.663232 -0.141435 : 0.5
0.676623 0.373243 1 -0.803463 -0.467253 -0.480069 0.427276 0.418406 -0.375481 : 0.4
0.667912 0.401995 0.810546 -0.841136 -0.0386942 -0.100692 0.46019 0.908729 0.585189 : 0.4
0.646795 0.378474 0.96168 -0.741581 0.430199 -0.134597 0.597653 0.677675 0.00875205 : 0.5
0.575192 0.478649 0.867611 -0.956162 -1 -0.133789 0.510287 0.248229 0.0435842 : 0.6
0.503149 0.363309 0.856112 -1 -0.19172 -0.413392 0.458628 0.422852 -0.0652523 : 0.5
0.610914 0.597345 0.829879 -0.733 -0.135352 -0.132755 0.29227 0.760545 0.0737783 : 0.8
0.557426 0.262413 0.902338 -0.853358 0.233592 -0.0145886 0.600947 0.633827 0.883853 : 0.5
0.748247 0.547487 0.923496 -0.861927 -0.600411 -0.117746 0.607288 0.477181 0.149053 : 0.3
0.729145 0.474974 0.871901 -0.343871 -0.37094 0.0767637 0.349958 0.463778 -0.396173 : 0.2
0.601727 0.452428 0.907692 -0.980925 -0.159547 -0.132126 0.774979 0.222694 -0.686551 : 0.5
0.422028 0.377634 0.82426 -0.921171 -0.253796 -0.132269 0.411783 0.60231 0.729563 : 0.6
0.645678 0.437529 0.868066 -0.939243 -0.205801 -0.217573 0.509797 0.7873 0.905452 : 0.6
0.65545 0.297983 0.940416 -0.784458 -0.924791 0.200607 0.109685 -0.0632239 0.567813 : 0.8
0.494803 0.380298 0.886269 -0.693175 -0.458138 -0.0905578 0.252196 -0.0848038 -0.917981 : 0.6
0.633066 0.425118 0.968892 -0.960265 -0.197493 0.0744968 0.201477 0.525682 0.492218 : 0.4
0.620641 0.463499 0.894732 -0.964712 0.0376091 -0.568448 0.946594 0.278312 -0.146883 : 0.2
0.577373 0.327465 0.817079 -0.984134 -0.0661839 -0.244232 -0.0800576 0.0210195 -0.0692338 : 0.6
0.559782 0.453983 0.846147 -0.912473 -0.211376 -0.0466947 0.437411 1 0.308954 : 0.6
0.57216 0.407491 0.741704 -1 0.111946 -0.306589 0.236662 0.280246 0.286507 : 0.5
0.587196 0.848278 0.819059 -0.960382 -0.0754639 -0.0659819 0.541919 0.383659 0.73527 : 0.5
0.597914 0.360471 0.895438 -0.630675 -0.177754 -0.0975593 0.286624 0.45781 -0.779489 : 0.4
0.622311 0.321711 0.874815 -0.769601 -0.343477 0.121722 0.336856 0.398564 -0.917175 : 0.6
0.576188 0.353987 0.828181 -0.908646 -0.174031 0.0951758 0.510686 0.355928 -0.459331 : 0.6
0.640355 0.423734 0.883727 -0.795868 -0.260983 -0.0474397 0.431235 0.948021 -0.55101 : 0.7
0.656382 0.342578 0.690875 -0.68756 -0.325405 0.0857697 0.36894 0.387976 -0.29731 : 0.4
0.582369 0.246469 0.857755 -0.93742 -0.258887 0.0148883 0.461852 0.350147 -0.239463 : 0.6
0.642166 0.399459 0.847639 -0.58362 -0.499438 -0.0160705 0.476864 -0.151793 -0.0273286 : 0.2
0.634802 0.256147 0.722798 -0.888934 -0.235586 -0.142829 0.582549 0.803702 0.623113 : 0.8
0.675443 0.365836 0.910492 -0.883772 -0.386074 -0.077308 0.560458 0.123997 -0.360771 : 0.3
0.595748 0.421335 0.744212 -0.88637 -0.55609 -0.419801 -0.112232 0.095353 0.531632 : 0.5
0.661105 0.355046 0.898469 -0.941061 -0.288807 0.192222 0.132718 -0.104986 0.526776 : 0.2
0.693232 0.456968 0.80957 -0.736278 0.0321212 -0.256026 -0.151402 0.288379 -0.565887 : 0.5
0.622305 0.306632 0.798385 -0.945755 -0.398147 -0.69737 -0.135023 0.210059 0.149746 : 0.6
0.887588 0.491872 0.816608 -0.871189 -0.273933 -0.174199 -0.0179824 0.652113 0.838541 : 0.6
0.601781 0.414754 0.965195 -1 -0.543169 -0.150645 0.7743 0.159595 -0.6034 : 0.4
0.70928 0.401306 0.76949 -0.59928 -0.385138 -0.218955 0.825109 0.609048 0.116102 : 0.5
0.716633 0.416041 0.816104 -0.913921 -0.370991 -0.26754 0.157136 0.272141 -0.399253 : 0.5
0.577011 0.471265 0.970836 -1 -0.10189 -0.139269 0.547156 0.432987 -1 : 0.6
0.631447 0.333963 0.837528 -0.623345 0.358707 -0.0631331 0.436757 0.447031 -0.090935 : 0.5
0.56132 0.429469 0.788849 -0.848198 -0.196632 0.0804361 0.665206 0.516539 0.476387 : 0.6
0.721917 0.544715 0.731244 -0.877925 -0.299029 -0.141203 0.789464 0.623492 0.330825 : 0.5
0.710571 0.356822 0.876452 -0.792543 -0.39369 -0.102392 0.162046 0.244487 -1 : 0.7
0.470424 0.396945 0.755221 -0.903702 -0.0464532 0.0951978 0.505367 -0.142962 -0.0981096 : 0.5
0.705199 0.411459 0.885354 -0.738795 -0.212396 -0.0481216 0.334235 0.721891 0.773184 : 0.5
0.649484 0.298627 0.842031 -1 -0.205603 -0.141417 0.61505 0.178735 0.360676 : 0.4
0.634611 0.435586 0.916752 -0.989841 0.0895808 -0.311737 0.0218801 0.695657 0.785174 : 0.4
0.669628 0.56454 0.938764 -1 -0.276303 -0.0914448 0.685373 0.452158 0.682937 : 0.4
0.565131 0.485755 0.903289 -0.686769 0.265967 -0.338019 -1 0.0226839 -0.551992 : 0.4
0.574689 0.325232 0.902548 -0.686141 -0.369173 -0.124713 0.463368 0.7428 1 : 0.5
0.586878 0.467224 0.92042 -0.824421 -0.544675 -0.32473 0.601605 0.693834 0.530596 : 0.4
0.719274 0.37442 0.845882 -0.875247 -0.312953 -0.114723 0.484614 0.629232 0.702648 : 0.4
0.613136 0.464593 0.933686 -0.83829 -0.664761 0.0133259 1 0.167728 1 : 0.6
0.629537 0.295802 0.952043 -0.914098 -0.421084 -0.176388 0.545841 0.258383 -0.328354 : 0.6
0.587139 0.463162 1 -0.595918 0.0144818 -0.700212 0.808209 0.34823 -0.549456 : 0.4
0.617002 0.427998 0.851025 -0.556277 -0.580381 -0.360629 0.532506 0.0451345 -0.0448149 : 0.9
0.619595 0.323432 1 -0.937031 -0.0832448 -0.204575 0.324464 0.368535 0.281103 : 0.4
0.567887 0.370382 0.891187 -0.797238 -0.299435 -0.00846696 0.357486 0.563871 -0.0379028 : 0.4
0.621157 0.555052 0.834059 -0.996783 -0.214155 -0.0399265 0.299606 0.165042 0.158392 : 0.5
0.638045 0.269383 0.85243 -1 -0.202862 -0.21596 0.403351 -0.0828842 0.657216 : 0.6
0.56446 0.440848 0.87033 -0.924357 -0.0991446 0.0839981 0.205705 0.468287 1 : 0.4
0.597179 0.329121 0.742608 -0.876077 -0.196509 -0.247164 0.178583 0.797928 -0.254806 : 0.5
0.642076 0.492017 0.938505 -0.818282 0.0247326 0.0133231 0.199079 0.749474 -0.277959 : 0.7
0.450538 0.208047 0.76816 -0.891377 -0.61411 0.0873046 0.269868 0.163471 -1 : 0.6
0.604044 0.46171 0.947004 -0.924329 -0.569965 0.0612796 0.564416 -0.153984 -0.362422 : 0.7
0.688297 0.648147 0.934774 -0.980576 -0.12219 0.0279294 0.854012 0.755216 0.365686 : 0.4
0.632882 0.406582 0.836188 -0.883656 -0.314206 -1 0.208053 0.9809 0.378668 : 0.5
0.657301 0.393654 0.843417 -0.889836 -0.213115 0.215897 0.169774 0.77993 -0.513765 : 0.7
0.559127 0.353404 0.866343 -0.138972 -0.320895 -0.0596733 0.381493 0.525725 -0.735873 : 0.5
0.75709 0.310137 0.905911 -1 -0.212019 -0.218762 0.304003 0.936487 0.225431 : 0.2
0.689424 0.366855 0.877179 -0.720273 -0.634284 0.0447226 0.2748 0.649066 -0.246398 : 0.6
0.754844 0.417705 0.970357 -0.850529 -0.228033 -0.530335 0.438638 0.387429 0.41109 : 0.6
0.596148 0.356582 1 -1 0.017432 -0.643324 0.406736 0.396739 -0.718078 : 0.3
0.657007 0.438445 0.41143 -0.914333 -0.338662 -0.0930548 0.919626 0.159882 0.224222 : 0.7
