0.446831 0.398015 0.763786 -0.0840654 -0.408062 0.314313 0.710924 0.347107 0.133953 : 0.4
0.633412 0.40406 0.847508 -0.860316 -0.255137 -0.466158 0.0599803 0.655276 0.485355 : 0.1
0.587269 0.105576 0.789437 -0.929108 -0.0841698 -0.255614 0.3665 -0.45915 0.149271 : 0.2
0.599043 0.348832 0.779263 -0.582055 -0.404264 -0.228129 0.0595366 -0.743592 -0.0672873 : 0.4
0.587955 0.427848 0.799147 -0.518008 -0.0166358 0.249364 -0.0120747 0.26297 0.399483 : 0.2
0.789854 0.373352 0.941726 -0.972635 -0.252679 -0.856857 -0.0924808 0.0749047 -0.197103 : 0.4
0.57695 0.668182 0.954181 -0.240574 -0.27874 -0.665967 0.256843 0.440127 -0.558351 : 0.1
0.636913 0.511294 0.797559 -0.268955 -0.439717 0.110222 0.25872 1 -0.0870409 : 0.5
0.574203 0.425741 0.890167 -1 -0.461159 -0.184972 0.795122 0.549319 0.7639 : 0.3
0.56867 0.36536 0.98767 0.107017 -0.391117 -0.362304 0.222911 0.30485 1 : 0.3
0.682378 0.310326 0.878572 -0.548982 -0.126391 -0.38398 0.0740758 -0.596562 0.0797661 : 0.5
0.56909 0.602138 0.783713 -0.886227 -0.285859 0.163261 -0.0177065 0.795773 0.873321 : 0.5
0.474159 0.385949 0.744796 -0.438473 -0.345952 0.289327 0.949939 0.418956 0.651668 : 0.5
0.659689 0.341712 0.791756 -0.716792 -0.41777 -0.340702 1 0.381788 0.0465274 : 0.1
0.679022 0.354163 0.762532 -0.375132 -0.0694337 -0.628656 0.946223 -0.0150959 0.241761 : 0.5
0.606985 0.370213 0.898425 -0.783146 0.00501454 -0.718913 0.546467 0.144812 0.138665 : 0.3
0.777629 0.281118 0.925384 -0.85454 -0.379183 -0.285927 0.290537 0.358911 0.245844 : 0.3
0.610399 0.397192 0.656384 -0.749586 -0.346049 -0.429764 0.865529 0.328167 0.0772027 : 0.4
0.615213 0.175233 0.943542 -0.831398 -0.476447 -0.321617 0.894097 0.172586 -0.0925486 : 0.7
0.559895 0.285494 0.764441 -0.0493302 -0.251776 0.169641 0.432743 0.593102 0.240642 : 0.4
0.67454 0.357673 0.799073 -0.869953 -0.246778 -0.303967 0.964279 -1 0.318019 : 0.3
0.67247 0.478179 0.855895 -0.719186 -0.440073 -0.292605 -0.167473 -0.14985 -0.474231 : 0.5
0.587086 0.32265 0.809899 -0.457638 -0.579516 -0.368881 0.0825438 -0.135219 0.371006 : 0.2
0.614968 0.301432 0.899756 -0.681568 -0.255012 0.0708854 0.489465 0.529443 -0.585629 : 0.3
0.570855 0.522212 1 -0.901528 -0.306059 -0.0569608 0.650425 -0.18731 0.511643 : 0.2
0.384999 0.549676 1 -0.386348 -0.0480742 -0.689226 0.163856 1 0.0248543 : 0.7
0.568198 0.482449 0.965396 -1 -0.230626 0.00875276 0.580891 0.659417 0.611031 : 0.1
0.609843 0.443504 0.905008 -0.880667 -0.628605 -0.0856024 0.956883 1 -0.366286 : 0.4
0.572109 0.491001 0.958663 -1 0.150727 -0.383162 0.378172 0.795693 -0.0762918 : 0.7
0.553251 0.43172 0.713378 -0.245373 -0.37655 -0.365153 0.440713 0.0436211 0.30824 : 0.4
0.67208 0.578117 0.899103 -0.330657 -0.0173208 -0.515081 0.795823 -0.093218 1 : 0.5
0.697609 0.438332 0.737418 -0.710107 -0.240154 -0.0844359 0.467064 0.335235 0.157464 : 0.6
0.542468 0.235987 1 -0.273701 -0.533931 -0.373508 0.174499 0.767345 -0.347537 : 0.3
0.60255 0.627762 0.78256 -0.509676 -0.192635 0.182983 0.913019 0.145052 0.889763 : 0.5
0.583894 0.328806 0.83898 -0.97688 -0.35134 0.152437 -0.0886915 0.270028 0.438344 : 0.2
0.611367 0.304287 0.917462 -0.128549 -0.394441 -0.312367 0.613405 0.613386 0.411306 : 0.6
0.611823 0.404721 0.697351 -1 -0.378457 0.0239995 0.866879 1 -0.176963 : 0.3
0.561176 0.369187 1 -0.695589 -0.114904 -0.327483 0.740925 1 -0.184255 : 0.2
0.558486 0.282041 0.750428 0.146567 -0.181484 -0.380286 0.658156 0.423951 0.215788 : 0.5
0.704014 0.467142 0.75345 -0.603458 -0.237725 0.729988 0.279909 0.421348 0.752797 : 0.4
0.632037 0.428775 0.755958 -0.998784 0.0673842 -0.292244 0.663368 0.179606 -0.217526 : 0.5
0.597928 0.443006 0.919484 -0.573778 0.282707 -0.27738 0.288194 0.938413 -0.156099 : 0.5
0.638134 0.44578 0.887901 -0.784722 -0.239754 -0.187795 0.351444 0.38964 -1 : 0.4
0.526351 0.42578 0.809559 -0.827697 -0.244333 -0.372032 0.118188 0.593837 0.576312 : 0.6
0.503168 0.260417 0.731739 -0.382441 0.254171 -0.410048 0.040588 0.381849 1 : 0.6
0.562112 0.380851 0.764678 -0.44954 0.0157524 -0.0821686 0.677478 0.367675 0.244067 : 0.4
0.80605 0.559506 0.994702 -0.974716 0.138509 -0.139468 0.466292 -0.571799 0.386307 : 0.3
0.771763 0.462666 0.984876 -0.0495449 -0.401105 -0.450578 0.294316 0.183159 -0.161315 : 0.5
0.630436 0.238213 0.837602 -0.278201 -0.578927 0.703811 0.813804 -0.651111 -0.268186 : 0.4
0.580859 0.455339 0.861889 -1 0.333014 -0.305371 0.402693 0.321542 -1 : 0.3
0.777041 0.438047 0.956565 -1 -0.21088 0.178322 -0.189781 0.395857 -0.809334 : 0.6
0.55786 0.354815 0.95361 0.0632391 -0.297975 0.573037 0.452685 0.942735 -0.0883356 : 0.2
0.712299 0.467679 0.918738 -1 -0.290473 -0.250209 0.247078 -0.257241 0.835281 : 0.7
0.692692 0.596345 1 -0.724533 -0.366667 0.218773 0.842792 0.0600525 0.402082 : 0.7
0.403318 0.452792 0.968071 -0.443331 0.00551808 -0.196137 0.285439 0.623882 0.118932 : 0.5
0.596741 0.363002 0.912018 -0.934133 -0.0721627 -0.0548803 0.172247 -0.0877855 0.0756788 : 0.3
0.632778 0.574212 0.763935 -1 -1 -0.0765404 0.00112827 0.53593 0.916111 : 0.5
0.680933 0.351675 0.834692 -0.615796 -0.328436 0.398999 0.792208 -0.267121 0.51293 : 0.6
0.566238 0.435087 0.863748 -0.310287 -0.581829 -0.199665 0.16732 -0.843559 -0.767102 : 0.3
0.620012 0.134847 0.775946 -0.0280336 -0.17688 0.0887472 0.694279 0.840087 -0.240093 : 0.6
0.599805 0.298368 0.752658 -0.534923 -0.380794 -0.282025 0.484465 0.172836 -0.242562 : 0.5
0.701317 0.360303 0.896686 -0.971825 0.166274 0.207124 -0.0678813 0.556199 0.115189 : 0.5
0.737155 0.525084 0.910785 -1 0.00443121 -0.539555 0.810278 0.812734 0.764181 : 0.4
0.639041 0.361186 0.996626 -0.812239 -0.275534 -0.535803 0.367853 0.985393 0.120932 : 0.2
0.568971 0.335147 0.880355 -0.782639 -0.682041 -0.473273 0.169927 -0.146535 -0.434789 : 0.3
0.610014 0.523078 0.785965 -0.607047 -0.138888 -0.183132 0.479571 0.401798 -0.0414163 : 0.6
0.648431 0.450082 0.82976 -0.386827 -0.305737 -0.16819 0.0796498 -0.146414 0.809957 : 0.3
0.769361 0.49012 0.73073 -1 -0.149796 -0.732134 0.236232 0.158304 -0.0778166 : 0.5
0.584243 0.39158 0.908583 -0.885819 0.205819 -0.160212 0.494439 0.329524 1 : 0.6
0.57964 0.482338 0.855051 -0.933002 -0.271963 0.446232 0.146971 0.38943 0.22676 : 0.6
0.585003 0.243547 0.985181 -0.957674 -0.331437 -0.285463 0.0939081 -0.101269 -0.541107 : 0.4
0.54708 0.333249 0.92488 -1 -0.380872 -0.424882 0.33384 0.624785 -0.34891 : 0.5
0.607517 0.376619 1 -0.912446 -0.226075 -0.160078 0.338485 0.276589 0.251581 : 0.4
0.648789 0.438214 0.8911 -0.795397 -0.017575 -0.767295 0.0990162 0.524794 -0.266041 : 0.3
0.583517 0.404871 0.748143 -0.86614 -0.382293 0.238351 0.940797 1 1 : 0.3
0.682952 0.320805 0.872112 -1 -0.41456 -0.191454 0.598961 -0.470135 -0.671109 : 0.5
0.566777 0.316658 0.904568 -0.850526 -0.329991 -0.372446 0.197805 0.042692 -0.0863236 : 0.2
0.764683 0.446659 0.845147 -0.711332 -0.161101 -0.198745 0.321221 -0.275146 0.758549 : 0.4
0.631603 0.427493 0.820226 -0.882995 -0.353035 -0.0830939 0.288193 0.437778 0.0674452 : 0.4
0.722372 0.308045 0.922026 -0.14081 -0.0748572 -0.372357 0.704078 0.586128 -0.366563 : 0.3
0.550822 0.298407 0.991352 -0.0293565 -0.454574 -0.736831 -0.116262 0.675356 0.371652 : 0.4
0.616771 0.496584 0.763125 -0.678991 -0.172782 0.817011 0.861377 0.483398 0.630909 : 0.8
0.601849 0.426573 0.804832 -0.878408 -0.300877 0.164416 0.790259 1 0.117808 : 0.7
0.647936 0.46138 0.79361 -0.68863 -0.296995 -0.19899 0.496701 -0.204435 -0.319472 : 0.4
0.524807 0.431835 0.808489 -0.295372 0.257015 0.131295 0.281005 0.639613 0.786725 : 0.6
0.660269 0.398557 0.778366 -0.85866 -0.192404 -0.0667363 0.467079 -0.051199 -0.509933 : 0.1
0.660559 0.45124 0.724366 -0.546985 -0.37981 -0.354311 0.892191 0.113508 -0.742748 : 0.3
0.550801 0.413084 0.953018 -0.987356 0.1402 -0.55147 0.671188 0.391244 0.493428 : 0.5
0.545441 0.343549 1 -0.77722 -1 0.119083 -0.0711847 -0.808969 0.627752 : 0.5
0.579562 0.459173 0.763853 -0.495468 -0.245595 -0.144758 -0.0118453 0.480712 1 : 0.7
0.559611 0.355126 0.829411 -0.0478706 0.261392 -0.456971 0.354827 -0.390846 0.660955 : 0.3
0.552229 0.266657 0.89305 0.0572252 -0.309349 -0.340053 0.37851 -0.202482 -0.381121 : 0.3
0.640563 0.338385 0.859687 -0.325773 -0.140798 -0.336867 -0.0594457 0.341723 -0.0641099 : 0.5
0.598422 0.507791 0.899981 -0.888497 -0.794217 -0.00731185 0.575894 -0.923356 0.156276 : 0
0.670137 0.342471 0.772763 -0.61385 -0.647808 -0.244298 0.58424 0.162974 -0.324239 : 0.5
0.57064 0.426056 0.713095 -0.494686 -0.650256 -0.218354 1 -0.0102164 0.307439 : 0.3
0.660204 0.323255 0.932795 -0.872835 -0.198999 -0.175816 1 0.0386406 -0.486484 : 0.3
0.664425 0.57261 0.969889 -1 -0.274935 -0.126926 0.199417 0.363508 -0.411154 : 0.4
0.533615 0.247935 0.737938 -0.890896 -0.660454 -0.423427 0.107924 0.371248 0.876024 : 0.3
0.696954 0.225056 0.777927 -0.95669 -0.24119 -0.270957 0.458332 -0.464282 0.146201 : 0.1
0.635467 0.331951 0.649306 -0.821502 -0.447155 -0.469677 0.616499 0.414315 -0.740986 : 0.5
0.588579 0.379742 0.970997 -0.891086 -0.490714 -0.364762 0.972859 0.346484 0.08973 : 0.7
0.671239 0.449708 1 -0.315869 0.072534 -0.445619 0.226945 1 0.198188 : 0.4
0.623317 0.621781 0.977752 -0.899876 0.478173 -0.386953 0.378036 0.24965 0.351104 : 0.4
0.689388 0.431903 0.933193 0.240344 -0.0853307 -0.412266 0.63805 0.461414 -1 : 0.5
0.651192 0.335948 0.696886 -0.909282 0.177081 -0.197409 0.00695782 0.284546 0.173984 : 0.4
0.581774 0.371928 0.800498 -0.839825 0.127597 0.243139 0.230301 0.349605 0.841719 : 0.5
0.646856 0.380224 0.8649 -1 -0.293397 0.994562 0.49296 0.324674 0.256889 : 0.3
0.688765 0.46544 0.913585 -0.562362 0.00550801 -0.177617 -0.632887 0.461901 0.261719 : 0.4
0.563784 0.436215 0.884592 -0.526095 -0.130539 -0.147704 0.298725 -0.279442 -0.294636 : 0.5
0.620255 0.399428 0.75195 -0.771239 -0.440913 -0.258455 0.493047 0.96493 -0.0880945 : 0.6
0.497877 0.301904 0.768559 -0.438822 -0.442697 -0.261936 0.748877 0.538617 0.413748 : 0.5
0.580183 0.327463 0.75222 -0.531412 -0.014933 0.666024 0.509935 0.255545 0.233932 : 0.6
0.679061 0.453047 0.855408 -1 -0.317622 -0.817004 0.367247 0.180402 -1 : 0.6
0.702256 0.338939 0.805791 -0.448583 -0.246885 -0.29057 0.358948 -0.418348 -0.0906516 : 0.3
0.799129 0.439582 0.786427 -0.987997 -0.281036 -0.472126 1 -0.802232 -0.0190819 : 0.3
0.639133 0.716849 1 0.218088 -0.0203273 -0.178688 0.865394 0.463538 0.648832 : 0.4
0.585074 0.44192 0.863674 -0.979731 0.203428 -1 -0.213256 0.454438 0.233236 : 0.6
0.563622 0.34026 0.774791 -0.394416 -0.435461 -0.392386 0.481971 -0.0300349 -0.432487 : 0.5
0.642297 0.472887 0.983637 -0.982834 -0.294001 -0.0730068 1 0.707434 0.010887 : 0.6
0.580373 0.408836 1 -0.423518 -0.335732 0.778962 0.480446 0.018621 0.096514 : 0.4
0.65162 0.357243 0.744146 -0.626876 -0.320943 -0.154629 0.283137 0.536656 -0.193336 : 0.6
0.556084 0.349464 0.889672 -0.960741 -0.130474 -0.361651 0.403686 1 -0.367676 : 0.7
0.546749 0.381126 0.98687 -0.217411 -0.184503 -0.152313 0.503182 -0.0502785 0.76263 : 0.5
0.537258 0.442788 0.840875 0.118082 -0.24834 0.0268638 0.172183 -0.040788 0.900457 : 0.1
0.556601 0.351499 0.858048 -0.359109 0.203701 -0.202105 0.658574 0.243057 -0.69799 : 0.5
0.77421 0.319796 0.836096 -0.120037 -0.333735 -0.765778 0.0888261 -0.365156 0.444596 : 0.5
0.783356 0.468183 1 -1 -0.268732 -0.0810022 0.385622 -0.807489 -0.0554883 : 0.2
0.600005 0.354543 0.889086 -0.619465 -0.292381 -0.313816 0.501921 0.160527 0.596437 : 0.4
0.642928 0.391523 0.861455 -0.701499 -0.0589735 -0.284695 0.730677 0.348404 0.260947 : 0.3
0.593646 0.313521 0.793901 -0.602703 -0.466666 -0.370798 0.548284 0.635662 0.241632 : 0.2
0.635013 0.460973 0.838768 -0.887215 -0.274659 0.0720634 -0.0535007 0.449417 0.889032 : 0.4
0.630978 0.582827 0.887471 -0.543337 -0.172011 -0.229384 -0.0246934 0.0489882 0.445746 : 0.3
0.588837 0.706119 0.862556 -0.598861 -0.176969 -0.29455 1 0.21039 -0.479851 : 0
0.641648 0.458098 0.969554 -1 -0.390185 -0.810798 0.732448 0.312067 -1 : 0.4
0.625866 0.366039 0.993989 -1 0.00472629 -0.0240582 0.233704 0.0586839 0.724765 : 0.2
0.620199 0.443342 0.829617 -0.550873 -0.136809 -0.0375478 0.665062 0.866667 -0.108944 : 0.3
0.363122 0.429462 0.613841 -0.777621 -0.0586294 -0.480746 0.790506 0.0890906 -0.928068 : 0.6
0.569926 0.365002 0.903472 -0.792908 -0.107864 0.195682 0.602061 0.208757 -0.328691 : 0.4
0.754285 0.343462 0.669591 -0.573691 -0.24167 0.226317 0.624305 0.45192 1 : 0.3
0.686398 0.464659 0.960254 -0.800339 0.403631 -0.00307056 0.865514 0.557621 0.843862 : 0.6
0.60487 0.431132 0.94208 -0.513014 0.277533 -0.0522175 0.0598808 1 -0.000284001 : 0.4
0.617312 0.443659 0.908834 -0.938621 -0.361497 0.121373 0.803864 0.485806 -0.181817 : 0.5
0.469927 0.380772 0.807788 -0.400492 -0.518115 0.614133 0.635226 0.504638 -0.389037 : 0.7
0.768374 0.476655 0.858536 -0.961635 -0.00788558 0.221525 0.00454658 0.425939 0.399189 : 0.3
0.515196 0.393905 0.871195 -0.970888 -0.83031 0.188178 -0.0535466 0.151936 0.979758 : 0.3
0.776664 0.538481 1 -0.556671 -0.525593 -0.0670977 0.491757 0.834649 -0.39893 : 0.5
0.616615 0.172043 0.722116 -0.328062 0.0392791 0.00745561 0.697781 0.499702 -0.344881 : 0.5
0.658299 0.435909 0.956134 0.612356 -0.313503 -0.292264 0.237666 0.022808 0.0717765 : 0.6
0.572066 0.41517 0.824153 -1 -0.124463 -0.329478 0.150113 0.590103 1 : 0.7
0.80365 0.425919 0.855823 -0.805185 0.267159 -0.300624 0.158474 -0.365749 0.142819 : 0.4
0.619305 0.370638 0.928557 -0.0538849 -0.29991 0.627358 0.651053 0.293994 -0.126917 : 0.4
0.559431 0.535145 0.868363 -1 -0.0991955 0.0655177 0.451336 0.0485286 0.947404 : 0.6
0.598524 0.297835 1 -1 -0.0377252 -0.283364 0.710283 -0.350309 -0.940223 : 0.7
0.650972 0.422187 0.958054 -0.958058 -0.0916543 -0.418076 -0.17357 0.663015 -0.0672668 : 0.7
0.79853 0.54788 0.841563 0.147305 -0.309492 -0.551677 0.428179 0.572622 -0.0758722 : 0.5
0.631982 0.422983 1 -0.94987 -0.513584 -0.0961308 0.666811 0.137368 0.69343 : 0.7
0.68761 0.342029 0.991424 -0.106527 -0.557361 -0.433583 0.516596 -0.185476 0.36638 : 0.5
0.656469 0.413801 0.804484 -0.946723 -0.0727747 -0.239654 0.507007 0.286442 -0.403814 : 0.6
0.528167 0.64559 0.776766 -0.649246 -0.368869 -0.661503 0.377913 0.322896 0.0561575 : 0.5
0.642309 0.551477 0.913992 -0.232192 -0.625478 -0.237307 0.898854 0.611493 -0.278767 : 0.4
0.620736 0.517362 0.7871 -0.933102 0.0999266 -0.206506 0.447465 0.341753 0.595453 : 0.3
0.69119 0.464894 1 0.0152686 0.223451 -0.386261 0.613964 0.23774 -0.122698 : 0.5
0.746254 0.616954 0.759851 -0.555071 0.251908 0.203476 0.82143 0.192609 0.529915 : 0.4
0.700214 0.34857 1 -0.791173 -0.399793 -0.199713 0.0158411 0.128077 0.370912 : 0.3
0.579559 0.408245 0.911451 -0.436543 -0.548092 -0.617669 1 0.378626 -0.212189 : 0.6
0.545571 0.355614 0.920036 -1 -0.593411 -0.43637 0.416031 0.278453 0.587087 : 0.4
0.78505 0.421346 0.941832 -0.551887 -0.137845 0.141363 0.354988 -0.45503 -0.997396 : 0.4
0.577528 0.351209 0.850149 -1 -0.114238 -0.734325 0.572194 -0.176381 -0.167486 : 0.3
0.512522 0.465624 0.921421 -0.191667 -0.372331 -0.405115 0.92592 0.310144 -1 : 0.5
0.623685 0.492175 0.839074 -0.283669 -0.303708 0.185911 0.0261783 0.448824 -0.310095 : 0.1
0.779774 0.599273 0.825215 0.0350662 0.1343 -0.515315 0.159 0.521004 1 : 0.5
0.918045 0.452496 0.774239 -0.489808 0.158825 0.395488 0.243595 0.462858 -0.196132 : 0.3
0.574382 0.163613 0.855016 0.0465124 -0.144875 -0.409724 0.201975 0.429461 0.370968 : 0.3
0.594556 0.4062 0.893425 -0.417983 0.118941 -1 1 0.195973 0.139446 : 0.3
0.731791 0.391035 0.857681 -0.802309 -0.199055 0.177251 -0.124697 1 -0.765303 : 0.6
0.634936 0.388319 0.965689 -0.751649 -0.545873 -0.306894 0.769427 0.841436 -0.0536094 : 0.2
0.607007 0.426424 0.841568 -1 -0.213544 -0.94226 -0.0530994 0.438867 1 : 0.5
0.572998 0.309341 0.953253 -0.930246 -0.32665 -0.211865 0.520354 0.620866 -1 : 0.6
0.612249 0.35866 0.966194 -0.56343 -0.0502051 0.135437 0.406885 0.338127 0.278067 : 0.5
0.585617 0.398964 0.827061 -0.738691 -0.528582 -0.170731 0.986862 0.436012 0.0860071 : 0.6
0.65554 0.378595 0.876851 -0.575212 0.00715303 -0.348123 0.64051 0.403554 -0.694753 : 0.7
0.638569 0.440718 1 -1 -0.421873 0.448465 0.42842 0.407073 0.208844 : 0.1
0.584821 0.43582 0.918511 -0.927698 0.0667982 -0.0994797 0.295582 -0.415602 0.67483 : 0.2
0.523917 0.498232 0.961186 -0.224677 -0.203991 -0.234294 0.054466 -0.403519 -0.373253 : 0.2
0.549689 0.364765 0.908691 -0.871996 -0.101035 -0.474344 0.262777 0.307551 0.297039 : 0.5
0.551599 0.448913 0.892622 -0.195728 -0.164816 -0.443127 0.0909409 0.776022 -0.269403 : 0.3
0.632622 0.393041 0.828564 -0.408041 -0.220955 -0.726563 0.454258 0.397773 0.110948 : 0.6
0.710119 0.304994 0.841034 -0.686732 -0.358864 -0.134131 0.720673 0.0709046 -0.310551 : 0.2
0.720471 0.446942 0.946567 -0.857146 -0.368887 -0.427278 0.00473136 -0.570668 0.119518 : 0.4
0.598231 0.375851 0.925339 -0.885606 -0.782111 -0.115962 0.645557 0.407493 0.744888 : 0.5
0.560534 0.631744 0.818024 -0.912066 0.527805 -0.332107 0.822048 0.374131 -1 : 0.2
0.769691 0.328379 0.621341 -1 -0.250474 -0.24846 0.538261 0.920677 -0.0148554 : 0.4
0.770484 0.489785 0.865537 -1 0.0798372 0.170605 0.117225 -0.529532 0.763469 : 0.6
0.767733 0.444925 0.806003 -0.321194 0.136692 0.466951 0.328515 -0.351322 0.627408 : 0.4
0.531082 0.270973 0.656168 0.634936 0.0421634 -0.369143 0.853817 -0.687889 1 : 0.4
0.640088 0.396046 1 -0.882075 -0.377572 -0.158836 0.395216 0.0500713 -0.112356 : 0.5
0.588716 0.411964 1 -0.837597 -0.397943 0.163996 1 1 0.828446 : 0.6
0.64428 0.375674 0.808004 -0.549862 -1 0.140011 0.775553 0.187724 -0.110542 : 0.2
0.746861 0.522965 0.947361 -0.446581 -0.12542 -0.540477 0.402334 0.207704 0.656123 : 0.3
0.640113 0.474038 0.970156 -0.373506 -0.32785 -0.672957 0.679621 0.254457 0.0324876 : 0.5
0.602616 0.6466 1 -0.353797 -0.341468 -0.305085 0.444638 1 0.0685357 : 0.2
0.581042 0.377369 0.832927 -0.513722 -0.727077 -0.303649 -0.165089 -0.771852 -0.0507219 : 0.6
0.630623 0.430949 0.881939 -0.618638 -0.0781316 -0.219739 0.403253 0.0535969 -0.362077 : 0.6
0.587924 0.599593 0.841859 -0.245845 0.0632666 -0.611466 0.416983 -0.0642248 0.530472 : 0.5
0.659743 0.361455 0.794259 -0.341475 -0.00226507 -0.480496 0.249178 0.607806 0.140939 : 0.3
0.649505 0.453139 0.92724 -0.866354 -0.406539 -0.280276 1 0.458301 -0.757742 : 0.4
0.653354 0.461846 0.850618 -0.670375 -0.276502 -0.643866 -0.349553 -0.0806757 -0.601639 : 0.3
0.655575 0.582906 0.829803 -1 -0.606344 0.207709 0.535276 0.481776 -1 : 0.4
0.697102 0.473927 0.802374 -0.504848 -0.433571 0.149011 1 0.566281 0.383254 : 0.6
0.471033 0.42438 0.762599 0.119421 -0.470458 0.554799 0.403833 0.6054 -0.00344555 : 0.4
0.527707 0.455125 0.808386 -0.210614 -0.603684 0.860746 0.282237 0.284693 0.0729265 : 0.2
0.573616 0.39314 1 -0.276001 -0.424497 -0.596655 0.422102 -1 0.596627 : 0.3
0.557559 0.47265 0.836642 -0.977437 -0.074175 0.19034 0.192309 0.321296 -0.294752 : 0.7
0.624439 0.389971 1 -0.741774 -0.196261 0.615901 -0.307461 -0.304949 -0.24265 : 0.7
0.657174 0.475289 0.873048 0.169247 -0.0602294 0.330806 0.704342 -0.0767604 0.763095 : 0.5
0.667139 0.380071 0.808044 -0.530724 -0.358732 -1 0.878759 -0.241795 0.406456 : 0.5
0.587316 0.399389 0.799082 -0.182255 -0.399328 -0.340054 0.372713 -0.0376434 -0.185547 : 0.7
0.681474 0.358373 0.641161 -0.246588 -0.29727 0.0743831 0.108733 1 0.366396 : 0.4
0.628244 0.487578 0.839812 -1 0.0737621 -0.361359 -0.671589 0.575916 1 : 0.2
0.63404 0.474069 0.802288 -0.548834 -0.393544 -0.657249 0.108613 0.583456 1 : 0.4
0.724798 0.445437 0.826845 -0.218582 0.139567 -0.112308 0.644135 0.392795 0.666155 : 0.6
0.414632 0.263113 0.763849 -0.908409 -0.233814 0.72216 1 0.298643 -0.0573896 : 0.3
0.662781 0.63184 0.709948 -0.51891 0.536664 -0.349215 -0.083543 0.401412 1 : 0.6
0.612498 0.218994 0.900103 -1 0.301834 -0.152607 0.376229 0.156879 -0.12588 : 0.7
0.597554 0.395003 0.882757 -0.691753 -0.193709 -0.287085 0.624207 0.245129 0.243184 : 0.3
0.554109 0.36918 1 0.231805 -0.388981 0.328646 0.523109 0.252766 0.772914 : 0.5
0.618127 0.389452 0.776156 -0.851422 -0.183321 0.51638 0.149506 0.728422 1 : 0.5
0.627206 0.41189 0.783156 -0.907752 -0.103117 0.189266 0.618388 -0.0458895 0.636255 : 0.6
1 0.404989 0.766162 -0.567091 -0.0211869 -0.427206 0.783072 0.575054 -0.0323357 : 0.5
0.609338 0.673236 0.751672 -0.916031 0.532419 0.0418944 0.71056 0.00743788 -0.112382 : 0.5
0.883469 0.356394 0.650951 -0.241856 0.987396 -0.40973 0.361805 0.492255 0.0802624 : 0.6
0.700623 0.261794 0.819515 -0.60434 -0.00282138 0.358249 0.19922 0.304087 1 : 0.4
0.639775 0.253019 0.828264 0.290701 -0.413143 0.529014 0.352572 0.590855 0.0380139 : 0.5
0.648587 0.361465 0.961563 -0.54012 1 -1 0.515663 0.0884707 -0.567108 : 0.5
0.913738 0.46108 1 -0.646884 -0.299129 -0.704428 0.420687 0.712423 0.0962025 : 0.4
0.649002 0.45538 0.778138 -0.0573779 0.134486 0.157017 0.600244 0.65652 -0.469324 : 0.6
0.529848 0.36442 1 -0.585511 -0.161579 0.0880574 -0.0652368 -0.589629 -0.472757 : 0.4
0.55974 0.427069 0.647427 -0.688244 -0.441487 -0.682295 0.714113 0.751831 -0.00124772 : 0.6
0.368998 0.491543 0.618416 -0.125509 -0.509101 0.542926 0.654861 0.224436 0.173849 : 0.2
0.596787 0.373948 0.98319 -0.933372 -0.503439 -0.476722 0.981154 0.263034 0.0201261 : 0.3
0.784577 0.56455 0.967107 -0.984123 -0.172765 0.0537289 0.330256 0.0629305 0.0850279 : 0.2
0.441994 0.352191 1 -0.83534 -0.575934 0.167601 0.150532 0.481356 0.638315 : 0.5
0.786064 0.631056 0.721151 -0.831528 0.103708 0.0557607 0.646154 0.119356 -0.645804 : 0.5
0.651496 0.518028 0.919584 -0.952963 -0.0757419 -0.534397 0.487532 0.749156 -0.0731353 : 0.4
0.585379 0.393727 0.763266 -0.429677 0.0445415 -0.52618 1 0.658188 0.646909 : 0.4
0.570921 0.3684 0.923084 -0.922223 -0.759665 -0.271439 0.694 0.63096 -1 : 0.9
0.571018 0.435545 0.884774 -0.325838 -0.510933 -0.304495 0.216695 0.26729 0.0651013 : 0.6
0.510081 0.352059 0.768168 -0.429833 -0.26963 0.145724 0.503892 0.490421 -0.222709 : 0.7
0.645156 0.460118 0.778837 -0.967255 0.234079 0.129937 -0.118347 0.358939 -0.174696 : 0.6
0.493077 0.288891 0.661281 -0.632451 -0.321346 -0.302028 0.819423 0.752468 0.2384 : 0.4
0.763544 0.480096 0.704948 -0.404802 -0.794112 0.2443 0.376203 -0.462112 0.488106 : 0.4
0.478056 0.431771 0.837366 -0.215401 0.0050832 -0.2118 0.61084 0.250895 -0.847443 : 0.4
0.578027 0.405944 0.832955 -0.750787 -0.28875 0.00217956 0.735234 0.467097 -0.0507082 : 0.5
0.591512 0.462209 1 -0.969942 0.189419 -0.881456 0.361317 0.0557616 0.594189 : 0.6
0.638065 0.394036 0.983875 -0.662053 -0.0727271 0.332732 0.612047 0.614512 -0.113357 : 0.6
0.571095 0.447749 0.984405 -0.287296 -0.838877 -0.531437 0.331015 0.58632 0.1584 : 0.6
0.622353 0.456784 0.835614 -0.420011 -0.27237 0.329518 0.307662 0.117793 -0.248863 : 0.4
0.566567 0.478746 0.841198 -0.569376 -0.101411 0.339972 0.524983 0.662604 0.0675184 : 0.3
0.637771 0.529165 0.736433 -0.764535 -0.397354 -0.510895 -0.414466 0.182928 0.0141724 : 0.3
0.579975 0.340075 1 -0.421843 -0.540165 0.12993 0.737483 0.267178 0.308919 : 0.6
0.625126 0.322419 0.998184 -1 -0.213845 -0.149247 0.872082 0.0175099 -0.180768 : 0.6
0.610543 0.309739 0.693238 -0.850408 -0.436737 -0.326475 0.375831 0.805944 -0.105661 : 0.4
0.464617 0.550318 0.817311 -0.68845 -0.468467 -0.311905 0.520708 0.568577 -0.45298 : 0.2
0.580318 0.288646 0.849225 -0.344303 -0.245416 -0.332941 0.201644 0.499579 0.240026 : 0.6
0.72811 0.505084 0.813066 -0.375265 -0.419038 -0.52066 0.384422 0.899905 -0.334597 : 0.5
0.546794 0.373199 0.987682 -1 0.122193 -0.627491 0.469258 0.343382 0.39322 : 0.2
0.675064 0.305534 0.701113 -0.689629 -0.288795 -0.405733 0.109942 0.216074 0.809925 : 0.3
0.634774 0.335953 1 -0.337169 -0.205694 -0.466979 0.691023 0.338247 0.262458 : 0.4
0.790679 0.384534 1 -0.343543 -0.261061 -0.193381 0.604329 0.0718756 0.40832 : 0.4
0.554332 0.424801 0.758546 -0.847058 -0.784945 0.13543 0.0865373 0.720808 0.552809 : 0.3
0.688385 0.39159 0.877031 -0.22983 0.10383 -0.321314 0.518612 0.0402023 0.823388 : 0.4
0.587168 0.353648 0.974944 -0.390529 -0.503681 -1 1 0.366911 -0.128681 : 0.1
0.503151 0.463649 0.80377 -0.682662 -0.31563 -0.208946 0.321187 0.282017 0.267817 : 0.6
0.573102 0.280552 0.830084 -0.438252 -0.139687 0.215113 0.118459 0.635893 -0.0955873 : 0.7
0.763001 0.33425 0.903978 -0.102771 -0.192835 -0.176899 0.321714 0.441136 0.396386 : 0.7
0.555003 0.440916 0.737416 0.0250802 -0.61618 -0.376463 0.283162 0.320596 0.977341 : 0.3
0.576145 0.344718 1 -0.143298 -0.158008 -0.262508 0.730343 -0.67248 0.894483 : 0.6
0.576072 0.496205 0.878932 -0.888543 -0.283118 0.0368676 -0.0712785 0.287289 0.353503 : 0.7
0.580832 0.452431 0.855593 -0.743355 -0.126187 0.144655 -0.03224 -0.113586 1 : 0.4
0.619472 0.510957 0.747073 -0.580635 -0.219212 -0.414982 0.372183 0.938268 -0.278704 : 0.3
0.62529 0.519903 0.936183 -0.806654 -0.0884488 -0.192219 0.555425 0.348954 -0.148037 : 0.6
0.583424 0.421616 1 -0.959358 -0.753852 0.524121 0.537623 0.779772 0.827219 : 0.7
0.68585 0.343921 0.981331 -0.742069 -0.460283 -0.117042 0.141282 0.382486 -0.00186136 : 0.5
0.606017 0.36494 0.842788 -0.807494 -0.171113 -0.491736 0.407738 -0.0340444 -0.48155 : 0.5
0.619546 0.399787 0.827635 -0.147997 -0.88292 -0.109025 0.634759 0.508558 -0.215065 : 0.5
0.6656 0.529298 0.828012 -0.569197 -0.0767476 -0.158679 0.28413 -0.00187196 0.492224 : 0.4
0.559211 0.365056 0.508441 -0.608224 -0.359543 0.126666 0.0214793 0.136915 0.796088 : 0.4
0.489444 0.392579 0.974647 -0.75853 -0.578144 -0.724607 0.726861 0.387064 -0.0698148 : 0.2
0.640983 0.600192 0.795813 -0.114735 -0.317693 -0.0709614 0.270303 0.849141 1 : 0.1
0.739578 0.217723 0.89342 -0.0153733 -0.720789 -0.139334 -0.318718 0.383858 0.254258 : 0.4
0.501116 0.355222 0.759714 -0.47636 -0.556465 -0.422336 0.503295 1 -0.734332 : 0.5
0.630205 0.413206 1 -1 -0.318877 -0.0630843 0.621715 -1 0.79759 : 0.5
0.802739 0.398819 0.869328 -0.541119 -0.201699 -0.656461 -0.158433 -0.336665 0.116204 : 0.5
0.649794 0.408351 0.762756 -0.945565 -0.483016 0.0406813 0.976382 0.380347 -0.0693136 : 0.6
0.588651 0.400236 0.865048 -0.489313 -0.210321 -0.217419 0.570411 0.602138 -0.203665 : 0.1
0.655655 0.524334 0.892417 -0.0454323 -0.289512 0.367256 0.363813 -1 0.505731 : 0.4
0.56919 0.385086 0.78492 -0.882091 -0.129509 -0.314713 0.181004 0.349454 0.176623 : 0.4
0.65811 0.529746 0.858341 -0.0103211 0.411866 -0.596601 0.307962 0.48446 0.502595 : 0.4
0.622937 0.399185 0.872495 -0.583152 -0.222936 -0.406816 -0.0321538 0.466915 0.55113 : 0.4
0.475932 0.46715 0.753708 -0.520692 -0.149046 -0.16729 0.326179 0.566316 0.720778 : 0.7
0.65916 0.360049 0.841536 -0.723986 -0.482565 0.489024 0.992426 0.153476 0.227333 : 0.7
0.638612 0.477144 0.887893 -0.700343 -0.0448841 -0.490344 0.385452 0.585517 0.0483085 : 0.5
0.625219 0.64547 0.77309 -0.877103 -0.303359 0.0939419 0.656754 0.568055 0.391437 : 0.5
0.641789 0.365914 0.855387 -0.903244 0.0159176 -0.323462 0.428997 0.170602 0.724739 : 0.4
0.578052 0.496112 0.892261 0.270944 -0.241038 -0.243987 0.212917 0.477037 0.380856 : 0.3
0.602517 0.309941 0.972178 -0.718584 -0.144194 0.172199 -0.242332 -0.185955 0.041037 : 0.4
0.752368 0.339375 0.827466 -0.334926 -0.305353 -0.180249 0.553601 0.152443 0.134238 : 0.4
0.568233 0.358856 0.741762 -0.620687 -0.342212 0.622786 0.50645 0.417957 0.686122 : 0.3
0.608694 0.582326 0.785958 0.0340421 0.169015 -0.512478 0.0984724 0.183485 0.127226 : 0.6
0.916496 0.556776 1 -0.543667 0.0750357 -0.369761 0.66038 0.330485 0.247239 : 0.3
0.72791 0.494797 0.955232 -0.282699 -0.28339 0.0621552 0.359719 -0.642369 0.589654 : 0.2
0.761643 0.423701 0.927248 -0.544051 -0.649392 -0.0292501 0.182841 -0.0640044 -1 : 0.1
0.650549 0.593937 1 -0.109384 -0.148409 -0.78505 0.790101 0.128938 -0.0411164 : 0.1
0.531942 0.419877 0.820984 -0.413898 -0.20848 0.418329 0.607333 -0.818234 -0.153267 : 0.6
0.597092 0.260031 0.903423 -0.998441 0.631625 0.167944 0.368459 -0.180993 0.472328 : 0.6
0.618758 0.507895 0.88222 -1 -0.434115 0.052015 0.631297 0.471123 0.556191 : 0.5
0.661027 0.430926 0.798732 -0.133599 -0.754329 -0.00538993 0.177617 0.624895 -0.626905 : 0.6
0.864883 0.369304 0.868075 -0.144703 -0.54442 -0.548837 0.276138 0.492017 0.158617 : 0.7
0.61321 0.536969 1 -0.797326 -0.375075 -0.989115 0.325647 0.237128 0.16943 : 0.4
0.649958 0.385138 0.861353 -0.601578 -0.540326 -0.548735 0.472098 0.0614804 -0.675386 : 0.3
0.628306 0.514549 0.976922 -0.655628 -0.092478 -0.212099 0.774544 0.0283269 -0.464778 : 0.4
0.700523 0.334273 0.935681 -0.876279 -0.273772 -0.0731695 0.574812 -0.415047 -0.19094 : 0.1
0.633166 0.378383 0.949711 0.0046913 0.89077 -1 0.665788 0.0755621 -0.19664 : 0.4
0.600023 0.36431 0.950968 -1 -0.261506 -0.517419 0.200268 0.285471 -0.505506 : 0.6
0.617492 0.297784 0.86087 -0.399138 -0.260228 0.456654 0.328996 0.559329 0.868326 : 0.5
0.60126 0.443549 0.815623 -0.503259 0.725446 -0.414504 0.597376 -0.31665 0.315862 : 0.5
0.643804 0.426696 0.71457 0.0712357 -0.179911 -0.044782 0.508265 0.543302 -0.325704 : 0.5
0.559279 0.344104 0.840842 -0.880423 -0.270585 -0.688408 0.995613 0.31823 -0.0144591 : 0.1
0.59516 0.597504 0.891631 -1 0.247975 -0.124937 0.409494 0.0173682 0.63476 : 0.5
0.608463 0.555332 0.90911 -0.882753 -0.505293 0.467439 0.627716 0.501252 0.354219 : 0.5
0.774724 0.252783 0.927039 -0.726746 0.195307 -0.163875 0.293268 0.280528 0.458234 : 0.7
0.625898 0.434626 0.890784 -0.185087 -0.552037 -0.347132 0.137492 0.702315 0.104489 : 0.4
0.650845 0.372536 0.799726 -0.135151 -0.1818 -0.555303 0.407341 0.260437 0.113121 : 0.6
0.698467 0.402795 0.767557 -0.232245 -0.473096 -0.139878 0.84013 -0.677407 -0.0236232 : 0.4
0.586126 0.650279 0.799069 -1 -0.844697 -0.748696 0.582914 0.351187 0.403504 : 0.4
0.86033 0.522629 0.678914 -0.655342 -0.448129 -0.290156 0.999888 -0.0273417 0.445483 : 0.6
0.580813 0.344063 0.763168 -0.883653 -0.0621811 -0.269535 -0.0324045 0.573592 0.270099 : 0.7
0.66428 0.514513 0.85599 -0.89409 -0.558855 0.0949944 0.25612 0.124319 0.371788 : 0.3
0.534677 0.402487 0.733867 -0.729204 -0.104064 -0.589592 0.231314 -0.246072 -0.0288686 : 0.5
0.750123 0.370005 0.874871 -0.48821 -0.284885 -0.291402 0.178025 -0.299237 -0.455887 : 0.4
0.621172 0.539544 0.823311 -1 0.476268 0.124426 -0.161605 0.586032 -1 : 0.6
0.686053 0.464544 0.751577 -0.2088 0.47727 0.497943 0.804003 -0.188283 -0.186507 : 0.5
0.640038 0.444841 0.892142 -0.228396 -0.289666 -0.491955 0.345901 0.849292 -0.739653 : 0.6
0.611038 0.43699 0.786233 -0.642048 -0.514185 -0.217519 0.280469 0.702783 0.70735 : 0.7
0.65818 0.49505 0.738887 0.242514 0.463218 -0.0447005 0.744828 0.612276 -0.494115 : 0.8
0.718749 0.310508 0.923274 0.0606204 -0.309276 -0.356259 0.436297 0.125024 0.0674942 : 0.5
0.591579 0.343896 0.857219 -0.423407 0.0718534 -0.0865569 0.0563161 0.492383 0.146147 : 0.5
0.655555 0.581185 0.765365 -0.10447 -0.007779 -0.413631 0.841482 0.622004 0.590548 : 0.4
0.663172 0.349788 0.862801 -0.135047 -0.0520766 0.532312 0.672255 -0.293552 0.0475169 : 0.7
0.894971 0.484513 1 -0.904019 -0.323864 -0.124831 0.826397 -1 -0.505935 : 0.2
0.631631 0.288868 0.811532 -0.493003 -0.125546 -0.278566 0.677314 -0.226147 0.255693 : 0.6
0.657767 0.34089 0.953354 -0.881552 -0.144425 -0.456102 0.454217 0.176478 0.193874 : 0.1
0.75689 0.532784 0.762745 -0.744086 -0.166192 -0.367039 0.311809 0.465999 0.0391226 : 0.5
0.801321 0.548244 1 -0.547481 -0.178298 -0.371645 0.395759 0.253563 -0.255563 : 0.4
0.54621 0.361998 0.810105 -0.197218 -1 0.129939 0.647207 0.276959 1 : 0.2
0.599831 0.522092 0.914776 -0.479817 0.028093 -0.385909 0.0291935 0.638939 -1 : 0.7
0.698523 0.456172 0.777954 -1 0.352399 0.0359687 0.310698 0.601721 0.527218 : 0.3
0.710157 0.491469 0.742444 -0.663682 -0.0918866 -0.353939 0.308522 0.460569 0.332719 : 0.6
0.53613 0.366603 0.76773 -0.308341 0.539295 -0.421474 0.199169 0.719028 0.0816479 : 0.7
0.727216 0.9048 1 -0.911215 -0.661921 -0.114089 0.341587 0.274424 0.710915 : 0.7
0.969826 0.482525 1 -0.607632 -0.308868 -0.168045 0.524997 0.951722 0.131272 : 0.3
0.642655 0.528889 0.702359 -0.504305 -0.242686 -0.49952 0.350356 0.38554 0.984888 : 0.3
0.66641 0.4106 1 -0.34917 0.924789 -0.463753 0.183498 -1 -0.0529203 : 0.6
0.696133 0.375437 0.901281 0.222368 -0.17925 -0.333636 0.561352 0.316866 0.0940999 : 0.5
0.66425 0.31566 0.861014 -1 -0.298267 -0.376944 0.0648686 0.173263 0.306217 : 0.2
0.739416 0.27568 0.898295 -0.99353 0.110748 -0.310004 0.128751 0.501173 0.68645 : 0.6
0.542612 0.413689 0.935931 -0.284112 -0.998068 -0.595676 0.66149 0.259623 0.492412 : 0.3
0.771322 0.501906 0.933904 -0.905873 -0.33228 -0.463671 -0.900006 0.446605 -1 : 0.4
0.611326 0.346429 0.807225 -0.783032 -0.577361 0.237739 0.814871 -0.266046 -0.34324 : 0.3
0.779852 0.398334 0.936839 -0.825951 -0.146591 -0.575878 -0.592028 0.670828 1 : 0.5
0.665383 0.402294 0.833023 -0.452061 -0.293229 -0.0606133 0.0378545 0.71877 -0.160712 : 0.1
0.46315 0.386264 0.831055 -1 -0.110398 -0.47923 0.515051 0.447898 -0.12223 : 0.5
0.562362 0.412477 0.949056 -1 0.0700697 -0.0927658 0.34124 0.0538095 0.662477 : 0.6
0.843326 0.531196 1 -0.523151 0.49812 -0.0353231 0.355899 0.785425 0.243197 : 0.1
0.514298 0.295185 0.782996 -0.000183493 -0.0873212 0.534861 0.282493 0.650357 0.0793371 : 0.6
0.568272 0.237411 0.825931 -0.1981 -0.39007 -0.115454 0.241858 -0.136556 0.28072 : 0.6
0.524738 0.369139 0.768641 -0.883456 -0.28281 -0.392203 0.203883 0.629873 0.178075 : 0.3
0.551049 0.286285 0.827479 -0.091945 -0.540032 -0.199015 0.634634 0.579047 -0.0524326 : 0.8
0.63764 0.510032 0.746172 -1 -0.147649 0.00625913 0.499548 0.602997 -0.463473 : 0.3
0.629801 0.516377 0.72839 -0.633143 0.208539 -0.198633 0.673355 0.359946 -0.181155 : 0.4
0.638722 0.363642 0.943236 -0.782264 -0.270179 0.0613099 0.824918 0.28168 -0.790882 : 0.6
0.748314 0.508415 0.8692 -0.955667 -0.270161 0.201237 1 -0.0114527 0.404033 : 0.4
0.866676 0.476074 1 -0.635938 -0.166428 -0.0750337 0.670155 -0.328291 -1 : 0.4
0.598523 0.361302 0.816526 0.375986 -0.347602 -0.26092 0.865233 0.0371693 0.541615 : 0.6
0.642216 0.313266 0.846762 -0.855419 -0.36409 -0.452107 0.682939 0.5477 0.0393019 : 0.5
0.582538 0.382972 0.670675 -0.813296 -0.283331 -0.273523 0.740955 0.710648 0.123994 : 0.7
0.600458 0.384005 0.823686 -0.426138 -0.596679 -0.540035 0.25349 0.910104 0.169805 : 0.6
0.56536 0.492608 0.819878 0.0626182 0.0152949 -0.0689704 0.788251 -0.00353968 -0.612782 : 0.7
0.621238 0.370632 0.573197 -0.428638 0.0409645 0.0235724 0.704971 0.273191 -0.597346 : 0.6
0.594851 0.562433 0.851579 -1 -0.599557 -0.176799 0.161908 0.833665 0.856833 : 0.2
0.644882 0.627164 0.991606 -0.576637 0.0735596 -0.37194 -0.0162181 0.448999 0.171215 : 0.4
0.590698 0.258615 0.864752 -0.9318 0.185075 0.0948742 -0.116965 0.426563 0.223604 : 0.3
0.626487 0.52007 0.737902 -1 -0.0792119 -0.429597 0.304571 0.53883 0.107212 : 0.5
0.59458 0.462963 0.880542 -0.867004 0.0853509 -0.132351 0.397759 0.727899 -0.0948686 : 0.3
0.64511 0.319806 1 -0.828457 -0.505728 -0.33282 -0.0994109 0.171035 0.890283 : 0.7
0.60876 0.468371 0.953344 -0.984709 -0.29107 -0.309392 0.38118 0.394966 -0.542941 : 0.6
0.614767 0.444796 0.645014 -0.968966 0.567682 -0.840273 0.748838 0.621018 -0.480131 : 0.7
0.633317 0.626898 0.7698 -0.880889 -0.19599 -0.559141 0.595538 0.423044 1 : 0.4
0.654873 0.219694 0.786049 -0.920224 -0.0785479 -0.207051 0.239773 0.000874318 0.594089 : 0.3
0.576344 0.548693 0.721625 -0.729328 -0.046759 -0.23266 0.168558 0.496351 0.353213 : 0.3
0.764245 0.856222 1 -0.784222 -0.460685 0.0810373 0.307631 0.387349 0.352021 : 0.8
0.608737 0.682349 0.844172 -1 -0.331824 0.225051 1 0.44647 -1 : 0.6
0.680778 0.55317 0.665519 -0.93669 -0.701187 0.00109953 0.928188 -0.388809 -0.270625 : 0.4
0.732931 0.432251 0.58637 -0.591519 0.149791 -0.655483 -0.54371 0.883598 1 : 0.5
0.641632 0.338594 0.954626 0.0515599 -0.158528 -0.350696 0.242498 0.247597 0.227776 : 0.1
0.819891 0.583614 0.735428 -0.262819 0.154566 0.452447 1 -0.536421 -0.147115 : 0.2
0.63747 0.192668 0.701768 -0.385896 0.0970042 -0.158681 -0.26462 -0.282324 0.56734 : 0.5
0.687506 0.451593 1 -0.686398 -0.737368 0.134661 0.472737 0.205819 0.222291 : 0.5
0.632723 0.343565 0.910804 -0.423006 0.199014 0.0998838 1 0.505859 0.0581831 : 0.6
0.613917 0.349202 0.752728 -0.775597 -0.235442 0.11269 0.368808 1 1 : 0.5
0.555295 0.343508 0.727418 -0.0929309 -0.0553783 0.311642 0.268943 0.499119 -0.23173 : 0.3
0.562662 0.339011 0.89149 -1 0.0940147 -0.0784853 0.150026 -0.0619203 0.696354 : 0.6
0.692951 0.510035 0.738709 -0.622073 0.0426359 0.0596676 0.45184 0.469866 0.410866 : 0.5
0.614289 0.513055 0.866627 -0.264933 -0.114413 -0.485972 -0.0412196 0.647153 0.188434 : 0.6
0.745266 0.442583 0.773418 -0.154507 -0.662409 -0.33194 0.700544 0.602961 1 : 0.7
0.473163 0.356808 0.748186 -0.27018 1 -0.385377 0.253609 0.810699 0.093185 : 0.3
0.736937 0.344207 0.946087 -1 -0.117283 -0.399875 0.466916 0.247931 0.340554 : 0.8
0.631062 0.388452 0.925037 -1 -0.30077 0.160048 -0.714948 0.391133 -0.635521 : 0.2
0.637889 0.410726 1 -1 -0.549696 -0.421486 1 0.493506 0.508302 : 0.4
0.66967 0.428616 0.815956 -1 -0.262597 -0.322988 0.354217 -0.0628608 0.00571093 : 0.5
0.749489 0.418908 0.778526 0.23848 0.1067 -0.657645 0.162802 0.410444 0.338841 : 0.6
0.593026 0.429352 0.75825 0.512473 0.588543 -0.394321 0.711563 -0.100975 -0.177257 : 0.4
0.721439 0.321726 0.94067 -0.797868 0.162529 0.267941 0.691779 0.834125 -0.443667 : 0.4
0.592967 0.603934 0.928768 -0.609325 0.23899 -0.148089 0.176418 -0.577125 0.492071 : 0.2
0.845203 0.337881 0.731085 -0.235463 -0.348468 -0.318804 0.648987 0.499705 0.595894 : 0.4
0.682215 0.332542 0.786712 -0.929701 0.0513951 0.143973 0.5873 0.0413858 0.874528 : 0.6
0.521317 0.240286 0.786471 -1 -0.674665 -0.0227027 0.62314 0.770646 1 : 0.6
0.545513 0.317225 0.769711 -0.096884 -0.0589887 -0.701564 0.568008 0.240409 -0.350869 : 0.3
0.977721 0.487447 1 -0.467593 -0.136239 -0.263014 0.491595 0.305566 -0.308883 : 0.3
0.62879 0.395164 0.871375 -1 -0.231967 0.121606 -0.102577 0.490711 0.680739 : 0.3
0.617239 0.464778 0.743479 -0.949524 -0.258525 -0.246906 -0.096473 0.864764 0.0406262 : 0.4
0.51808 0.434757 0.495298 -0.723549 -0.295161 -0.45249 0.234734 0.529301 -0.114188 : 0.3
0.626345 0.523727 0.798189 -0.731003 -0.384517 -0.2943 0.45184 -0.401415 -0.677204 : 0.6
0.542771 0.527843 0.810151 -0.525076 -0.452257 -0.0695739 0.0992847 0.611534 0.736976 : 0.2
0.704751 0.285423 0.899934 -0.887328 -0.518572 -0.367288 1 0.234995 -0.160138 : 0.3
0.626507 0.541245 0.799844 -0.653081 0.12837 -0.366276 0.599521 0.592284 0.750818 : 0.5
0.651411 0.458556 0.782962 -0.564314 -0.54977 -0.105615 0.402919 -0.163676 0.576158 : 0.7
0.52598 0.355327 0.863868 0.176739 -0.231421 -0.499793 0.386484 0.170839 0.233741 : 0.3
0.624276 0.436874 0.999709 -0.978069 -0.169732 -0.258546 0.0298188 0.509161 -0.231628 : 0.5
0.819538 0.198251 0.848987 -0.751581 0.0141352 -0.574841 0.194958 0.407011 0.22484 : 0.5
0.632412 0.479461 0.749544 -0.656973 -0.538992 -0.396407 0.192628 0.656136 0.250423 : 0.3
0.635225 0.562703 0.897866 -0.289198 -0.265724 -0.268336 0.517875 -0.206551 0.293897 : 0.6
0.618093 0.43867 0.907445 -0.68685 -0.0612135 0.224699 -0.0266021 0.48333 0.161729 : 0.3
0.711267 0.365779 0.993011 -0.515161 -0.309781 -0.473027 0.381476 -0.618966 -0.0264243 : 0.3
0.568415 0.318265 0.770786 -0.115331 -0.95911 -0.0292925 0.0212974 0.949376 0.162009 : 0.7
0.719596 0.459815 0.751659 -0.776189 0.455899 0.285524 0.260016 0.828046 0.126698 : 0.8
0.566323 0.409878 0.970768 -0.436769 -0.445228 -0.143641 0.66222 0.93852 -0.0347638 : 0.4
0.588373 0.379228 0.689876 -0.986933 -0.831685 0.00104921 0.0850653 0.33755 0.338642 : 0.7
0.70626 0.450751 1 -0.708507 -0.38385 -0.984145 0.33689 -0.553309 0.704545 : 0.4
0.592118 0.476222 0.857464 -0.438846 -0.427738 -0.404758 0.292243 0.642325 1 : 0.8
0.630051 0.669177 0.806784 -0.2542 -0.188626 0.342924 0.641241 0.220887 -0.865011 : 0.8
0.562953 0.53323 0.80546 -0.241415 -0.268387 -0.453898 0.0915974 0.0419495 -0.234229 : 0.2
0.543671 0.603849 0.747704 -0.551752 0.157738 0.408207 0.623357 -0.0640881 -0.447033 : 0.2
0.599866 0.349968 0.831324 -1 0.0725524 0.219126 0.755854 0.146438 0.511063 : 0.7
0.576763 0.521636 0.807795 -0.490637 -0.404476 -0.349518 -0.190459 0.794956 0.144519 : 0.4
0.611599 0.538984 1 -0.523232 -0.225651 -1 0.0127764 0.410608 0.667224 : 0.5
0.587147 0.419064 0.860641 -0.66182 -0.699878 -0.404965 0.399933 0.502102 -0.0815744 : 0.4
0.576275 0.361946 0.770799 0.247201 -0.447535 0.0991168 0.840516 0.0799574 0.78737 : 0.1
0.710082 0.666472 0.932954 -1 -0.0156805 -0.856938 0.364064 0.651876 0.35275 : 0.6
0.807576 0.287346 0.549997 -0.640882 -0.0680124 -0.375812 0.289871 0.223177 -0.272493 : 0.7
0.574051 0.368993 0.937528 -1 0.0431258 -0.566298 0.0701507 0.321027 0.233513 : 0.4
0.569523 0.355709 0.958878 -0.187948 -0.127428 0.0796404 0.14372 0.330271 0.199237 : 0.3
0.518928 0.350588 0.765263 -0.999528 -0.445626 0.0387639 -0.124216 0.601954 -0.351372 : 0.4
0.682756 0.406043 0.791659 -0.638374 -0.21957 -0.00311139 0.924807 -0.0992625 -0.208537 : 0.3
0.650267 0.569489 0.61338 -0.397175 -0.383522 -0.118571 0.986703 0.454937 -0.297011 : 0.5
0.557373 0.516943 0.835356 -0.792189 -0.608723 0.180952 -0.0857208 0.288054 0.344802 : 0.5
0.747684 0.255006 0.926289 -0.154408 -0.27879 -0.604407 0.22903 0.436729 0.487365 : 0.4
0.605867 0.352709 0.862494 -0.956691 -0.468189 -0.245276 0.836598 0.518138 -0.185638 : 0.5
0.564104 0.321199 0.886371 -0.957382 -0.311382 -0.60224 0.418566 0.340729 -0.413372 : 0.5
0.575135 0.467879 1 -0.977006 -0.291009 -0.112152 0.0202407 0.441805 0.179982 : 0.3
0.539636 0.734166 0.696228 -1 -0.144143 0.334862 0.685363 -0.278391 0.146864 : 0.4
0.640431 0.451729 0.78493 -0.0344743 -0.0977333 -0.564696 0.955802 0.516419 0.0743803 : 0.5
0.634155 0.272814 0.997845 -0.847524 -0.0266106 -0.220428 -0.267167 -0.0638741 0.376708 : 0.4
0.62592 0.631248 0.920707 -1 -0.0989726 -0.0877942 0.847558 0.419347 -0.86604 : 0.6
0.602581 0.331617 1 -1 -0.431752 -0.316605 0.953869 -0.327943 0.288464 : 0.5
0.665514 0.398493 0.839112 -0.149111 0.0916573 0.179205 0.521922 0.125031 -0.435796 : 0.5
0.553414 0.356231 0.97692 -1 -0.0883833 -0.184322 0.717394 1 -0.398076 : 0.5
0.561586 0.419225 0.657791 -0.677541 -0.309655 0.299331 0.398345 0.543456 -0.0647774 : 0.2
0.684137 0.444512 0.497805 -0.690583 -0.335934 -0.2673 0.528879 0.672212 -0.928095 : 0.6
0.693775 0.498069 0.80692 -0.592564 -0.71821 0.0103449 0.139995 -0.823478 0.0811687 : 0.3
0.57687 0.441897 0.740847 -0.864116 -0.210804 -0.175868 0.0204431 0.0300959 0.296914 : 0.2
0.687078 0.343464 0.864901 -0.806232 -0.38795 -0.231396 0.485298 0.924836 0.484526 : 0.6
0.599849 0.372983 0.99238 -1 -0.0952414 0.0528761 0.0122695 0.220885 -0.155738 : 0.6
0.628345 0.405627 0.940634 -0.999639 -0.182481 0.390895 0.135236 0.383297 -0.269688 : 0.3
0.668859 0.633493 0.802698 -0.164933 -0.494236 -0.430194 0.41842 0.356288 0.22996 : 0.4
0.511866 0.354768 0.956477 -0.344835 0.165046 -0.322766 0.417204 0.334421 0.357998 : 0.5
0.749468 0.369065 0.810907 -0.335111 -0.293068 -0.146112 0.126883 -0.421379 1 : 0.6
0.635127 0.440493 0.653107 -0.0687197 -0.62294 -0.616528 0.311321 0.825072 -1 : 0.6
0.662236 0.411507 0.924799 -0.871563 -0.337081 -0.117818 0.729082 -0.0145519 -0.264342 : 0.4
0.691192 0.392397 0.774433 -1 -0.045564 0.265442 -0.219865 -0.0450496 -0.0396943 : 0.3
0.65242 0.354907 0.840858 -0.321266 -0.426525 -0.450675 0.758787 0.409222 0.0740711 : 0.4
0.802485 0.464058 1 -0.794098 -0.276909 0.456033 0.273276 0.194306 0.817311 : 0.3
0.634672 0.24291 0.934187 -0.347923 -0.099651 -0.252429 0.32226 0.470584 -0.114909 : 0.6
0.605689 0.6349 0.727746 -0.895292 -0.385891 0.0937275 0.709593 0.392983 -0.211682 : 0.3
0.687131 0.44049 0.797729 -0.298386 -0.376799 -0.299352 0.647749 0.535518 1 : 0.2
0.552479 0.500047 0.933295 -1 -0.0331394 -0.117679 0.743608 -0.0349495 0.0625163 : 0.6
0.680478 0.503673 0.694074 -0.774618 -0.242584 -0.350875 0.0416859 0.756589 0.629903 : 0.7
0.562467 0.505724 1 -0.67392 0.0540413 -0.611641 0.517164 0.394806 -0.286766 : 0.4
0.657269 0.370324 0.69685 -0.963954 -0.229984 0.127552 0.211284 -0.0976073 -0.474861 : 0.8
