0.772843 0.437679 -0.472642 1 -0.94003 -0.295025 0.580969 -0.169718 -0.37522 : 0
0.660969 0.259947 0.889288 -0.305717 0.641697 -1 0.75911 0.151212 0.393292 : 0
0.820878 0.964276 0.751494 -0.364163 0.426697 -0.248944 0.775418 -0.0335958 0.33241 : 0.5
0.195604 1 -1 -0.667198 -0.12468 0.554779 0.586602 0.306429 0.42727 : 0.2
-0.339859 0.587125 -0.217901 -1 -0.141737 -0.100507 1 -0.711431 -0.413847 : 0.4
0.510521 0.298502 -0.117243 -0.345299 0.600195 0.205368 0.921432 0.823984 0.181652 : 0
0.387516 -0.101511 -0.380473 0.59507 0.207655 -0.846635 0.697816 0.132001 -0.210085 : 0
1 0.399637 -0.404512 -0.644513 0.968454 -1 0.394219 0.377556 -0.617357 : 0.1
-0.0748159 0.327056 0.149384 -0.515361 0.108724 -0.807205 0.410179 -0.221825 -0.153375 : 0.3
-0.591132 1 1 -0.319568 -0.881111 -0.135553 -0.595932 0.368152 0.418084 : 0.1
0.92539 0.792757 0.168349 -0.676058 0.277283 0.0947579 0.476387 -0.234814 -0.153768 : 0
1 0.994868 0.659847 -0.13104 -0.0118169 -0.93025 0.239547 -0.23511 -1 : 0
1 0.0444318 0.0890563 0.194966 -0.0303343 0.409293 0.43931 -1 1 : 0
0.445421 1 0.464681 -0.223059 -0.771911 0.592569 0.066091 -0.326123 0.403447 : 0
-0.799695 0.468303 -0.72792 -0.143728 0.617362 -0.215441 0.918429 -0.395523 -0.487508 : 0.3
0.270168 0.407682 1 -1 0.198005 -0.42433 1 -0.192708 -0.432654 : 0.3
0.884655 0.582242 1 0.234921 -0.840856 -0.746971 0.996881 -0.37257 -0.585128 : 0
0.324661 0.970192 0.486864 -0.00136989 0.876675 0.0807242 0.00690927 -0.449377 0.228277 : 0
0.989251 0.737504 0.231528 0.0385741 0.821459 -0.58855 -0.229578 -0.409148 -0.378972 : 0.1
0.0697939 0.0692261 -0.227924 -0.187536 0.266052 0.178703 0.399732 0.121971 -0.145035 : 0
0.568969 0.549459 0.924055 -1 -0.549626 -0.790168 0.961187 -0.108869 0.511411 : 0.2
0.616922 0.417927 -0.239695 -0.400771 -0.272101 -0.235709 0.444007 -1 0.574378 : 0.3
0.962099 0.937221 -0.0934066 -0.734723 -0.650466 -0.546304 0.320895 -0.542767 0.0701833 : 0.1
0.515754 0.197777 -0.357485 0.0469434 0.41231 -1 -0.228676 -0.408543 0.560164 : 0.1
0.566673 -0.896975 0.120627 0.38865 0.124233 -0.923099 -0.500742 0.608989 -1 : 0.2
-0.457943 0.803299 -0.412635 0.070285 0.769091 -0.058842 1 0.12932 -0.39277 : 0.1
0.795538 0.834592 0.0921505 -0.404629 -0.52478 0.70459 -0.55785 -0.356095 -0.0446311 : 0
0.734794 1 0.0883572 -0.0586311 0.372658 -0.192676 0.0700143 -0.995314 0.413331 : 0.1
0.293946 0.389369 0.830815 -0.146797 -0.0390452 -0.488463 0.775555 0.0973394 -0.825769 : 0
0.954333 0.677389 0.0715244 -0.0351991 0.291955 -0.883317 0.468504 -0.928856 -0.423117 : 0
0.318126 0.349476 -0.596115 -0.306835 0.700713 -0.694436 1 0.347578 0.696306 : 0.1
1 0.913662 0.938881 0.0588229 0.0333507 -0.386976 -0.0855038 -0.207065 0.603788 : 0
0.695107 0.374056 -0.543754 -0.63785 -0.620139 0.0115109 -0.026155 -0.077083 0.26749 : 0.4
0.472695 0.568655 -0.741694 0.355938 0.242931 0.752576 -0.599233 0.383211 0.0818011 : 0
0.419316 0.957672 1 -0.678772 -0.341294 -0.190331 0.629603 -0.645623 0.491284 : 0
0.98581 0.154912 -0.848268 -0.0504886 -0.357393 -0.340328 0.684196 -0.365755 0.236113 : 0.1
0.855248 0.332673 1 -0.166226 0.70019 -0.26919 -0.282273 -0.335129 1 : 0
0.875816 0.991423 0.622918 -0.0410683 -0.481331 -0.737357 -1 0.237689 0.262884 : 0
1 0.624525 0.111464 -0.21489 -0.207902 0.188341 0.340933 0.276148 0.717009 : 0
0.84736 0.356467 0.467952 -0.0328801 -0.687902 0.123977 0.159155 0.182609 0.343191 : 0
0.285037 0.842048 -0.200066 0.375018 -0.665169 -0.320841 0.366422 0.0821261 0.735434 : 0
0.41126 1 0.711528 0.078584 0.2215 -1 0.732887 -0.288837 0.916453 : 0.4
0.573058 0.114789 -1 0.00275442 0.584996 0.369856 -0.110688 -0.11018 0.243357 : 0
0.498111 0.900349 0.439683 -0.263787 -0.80928 0.251753 0.594486 -0.859362 0.382573 : 0.1
0.701754 0.255191 0.63656 0.79492 0.386237 -0.27074 0.482352 -0.258164 0.460489 : 0
1 -0.366973 1 -0.432333 0.214595 0.139475 0.612496 -0.203561 0.967655 : 0.1
0.355342 0.305058 1 0.0940167 0.553312 0.0806023 0.739022 0.645619 0.547618 : 0
0.027074 -0.421994 0.482852 0.270658 -0.154403 -0.0840726 0.504166 -0.624469 0.219594 : 0.2
1 -0.082643 -0.299932 -0.932398 -0.0843229 -0.154666 0.909941 0.482257 -0.519455 : 0
0.581057 0.450638 0.201708 -0.0149504 -0.767187 -0.504334 -0.111206 -0.632646 0.584331 : 0
0.706894 -0.337315 1 -0.247536 -0.732739 -0.473891 -0.111397 0.197408 -0.175861 : 0.4
0.878319 0.369244 0.547565 0.360168 0.918064 -0.117697 0.999989 -0.138039 0.260949 : 0
1 -0.0196919 0.592644 0.343075 0.621673 -0.624013 -0.301357 -0.531075 0.372618 : 0
0.80596 1 0.472299 0.118391 0.137467 0.772173 -0.215311 1 -0.175473 : 0.1
0.700199 0.195035 -0.907396 0.152789 0.232649 0.0990217 0.258474 0.190345 0.326607 : 0
0.785635 0.184475 0.946095 -0.00914824 -0.618613 -0.0526073 0.540533 -0.51669 0.241532 : 0.1
0.735767 -0.0769992 0.833595 0.487719 -0.18882 0.32321 -0.178783 0.050692 0.286316 : 0
0.935854 0.721837 -0.428499 -0.495344 -0.262462 0.237805 0.336409 -0.0440705 -0.569008 : 0
0.99717 0.529431 0.590541 1 -1 -0.222293 -0.809498 0.143406 -0.38972 : 0
-0.667601 0.930884 -0.0387107 -0.656776 -0.177565 -0.447555 0.611896 -0.742894 0.301594 : 0.1
0.51066 0.994071 0.492404 -0.0533507 -1 -0.317024 0.399867 0.67745 -0.188374 : 0
0.26377 0.936632 -0.0579545 0.622158 -0.779241 -0.260176 0.140106 -0.31275 0.330085 : 0
0.84857 0.267167 0.75943 0.272687 0.997093 0.709215 0.444334 -0.162515 -0.106555 : 0.1
1 0.0521734 -1 0.0624169 -0.367707 -0.0351671 -0.267401 -0.327373 0.4378 : 0
0.429909 0.342562 0.357673 -0.509531 1 -0.231881 1 0.0317189 0.423869 : 0
0.51309 0.946083 1 0.311362 -0.0127478 -1 0.151152 0.156848 -0.123359 : 0.3
0.775469 1 -0.431895 0.225534 0.0181255 -0.113262 -0.0440838 0.319383 0.117622 : 0
0.215307 0.328596 -0.0719218 -0.220473 0.340675 0.173666 0.24733 0.127646 0.337981 : 0
0.905125 1 -1 -0.641529 -0.219258 -0.454187 0.450559 0.00696933 0.156333 : 0
0.483146 0.333916 0.596402 -0.266732 0.108439 -0.543914 0.0543862 0.321293 0.780666 : 0
1 -0.805038 -0.531167 -0.199214 -0.980384 0.166567 -0.0642132 0.137616 -0.0130954 : 0.1
0.0814496 0.179499 0.868905 -0.909347 0.227225 -0.302332 -0.0220991 -0.0518861 0.265006 : 0.1
0.987075 0.182415 0.110694 0.226999 0.443038 0.179265 -0.528724 -0.249505 0.908869 : 0.2
0.758536 0.259469 -0.319924 0.236399 -0.0454928 -0.424068 0.795728 0.510163 0.161102 : 0
-0.859312 -0.809492 0.310147 0.413243 -0.139539 0.835844 -0.166663 0.614308 0.246966 : 0.4
0.187791 0.98044 0.495312 -0.037017 -0.278059 0.523488 0.00464545 -0.167872 0.0912635 : 0.3
0.660715 0.241025 0.521066 -0.080558 -0.798662 -0.31012 -0.973499 -0.871247 -0.0847116 : 0
0.494577 0.129991 -0.259334 0.113977 0.288222 0.647076 0.636799 1 0.688799 : 0
-0.453863 0.422922 0.31837 -0.984049 -0.152825 0.507189 0.397847 -0.0339723 0.461976 : 0.1
1 0.972124 -0.690485 -0.622736 -0.445768 -0.700595 1 -0.011598 -0.143941 : 0.1
1 0.907898 0.670805 -1 -0.0121119 0.0686413 -1 -0.338256 -0.141285 : 0
0.484377 0.915766 1 -0.196263 -0.745727 0.706914 0.325214 -0.248867 0.580987 : 0
0.530865 0.0901679 0.579437 0.330911 1 -1 -0.193608 0.218029 -1 : 0
0.534413 0.543812 -1 -0.134598 0.100136 -0.742595 1 0.0921381 0.144859 : 0
0.424365 0.344905 0.08633 -0.109029 -0.607481 0.126647 0.0538353 -0.00657192 0.671275 : 0
-0.0508357 0.914774 0.0312759 0.863591 -0.306551 0.23054 0.436458 -0.206683 0.407896 : 0.3
1 0.233254 0.251085 -0.0355476 -0.27173 -0.460974 0.893425 -0.349954 0.17256 : 0
0.986204 0.525451 1 -0.515296 -0.58479 0.282796 -1 -0.293219 0.109863 : 0
1 0.278882 0.694489 0.662476 0.109564 0.390294 0.194771 -1 0.545772 : 0
0.441177 -0.77489 0.207292 0.54707 0.421662 -0.222885 -0.324938 0.194385 0.0275836 : 0
0.693437 0.936212 -0.558482 -0.463884 -0.323196 0.593086 0.921312 -0.762048 0.016268 : 0.1
1 0.893593 -0.237834 -0.355062 -0.372809 -0.513636 0.743496 -0.391485 -0.0413496 : 0.3
0.727201 0.494743 1 0.256973 0.159934 -0.29622 0.518725 -0.116564 0.148133 : 0.1
0.4972 0.573812 -0.249193 -0.568055 -0.0753074 -0.226639 0.436374 -0.183867 0.839564 : 0.2
0.31228 0.827302 0.0724314 0.0280048 0.38434 -0.130339 -0.0326667 -1 -0.362284 : 0.1
0.601621 0.339826 0.337465 -0.189232 -1 -0.940696 0.107802 -0.0573428 0.0556964 : 0
0.724378 -1 0.328666 -0.211808 -0.73923 1 0.358616 0.0574171 0.222073 : 0.4
0.474471 0.813064 0.491079 0.216729 -1 0.554063 -0.745654 -0.094034 -0.224507 : 0.3
0.297932 0.176006 0.674906 -0.186927 -0.8552 0.324984 0.401502 0.121471 0.259211 : 0
1 0.324609 0.237561 0.388378 0.315454 -0.0227357 0.504292 0.355641 0.174504 : 0
0.824475 0.190992 0.875111 -0.407741 0.021775 -0.193555 -0.0380959 -0.301773 0.186235 : 0.1
0.71042 0.254667 1 -0.446595 -0.675901 -0.589327 0.484705 -0.582483 1 : 0
-0.0694579 0.382123 -0.427218 -0.743288 0.0323391 -0.604477 -1 -0.055004 0.21305 : 0.1
1 1 0.581778 -0.391569 0.113471 0.573754 1 -0.32356 -0.364657 : 0.2
0.201827 0.432441 0.546442 -0.00276589 -0.797554 -0.103 -0.0967154 0.0171443 0.0485909 : 0
0.735347 -1 0.272768 0.242027 -1 -0.491967 0.594661 0.0230383 1 : 0.3
-0.167053 0.311212 0.304778 0.222437 0.300981 -0.120521 -0.484109 1 0.683307 : 0.1
0.88551 0.800929 0.891027 0.0771216 0.418764 0.269591 -0.0593087 0.135259 0.66248 : 0
0.852854 0.208031 0.917416 0.193541 -0.0472014 -0.94088 1 -0.215832 0.310072 : 0.1
0.502023 0.289001 0.372905 0.0816566 -0.777833 0.249739 0.600247 -0.0375877 0.374986 : 0.1
0.915624 0.788836 -0.479504 -1 -0.940785 -0.519832 0.0355636 -0.66507 -0.270064 : 0
0.823371 0.955425 0.0162556 0.0669124 0.0172377 1 0.0196998 0.693892 0.308046 : 0.1
0.978116 0.987354 0.586935 -0.706801 0.0734296 -1 0.768331 -0.378594 -0.189076 : 0
0.263687 0.382036 1 0.574932 -0.53269 -0.132029 -0.183158 0.0153701 0.354706 : 0.2
0.954893 0.629803 0.456665 0.228483 -0.0102159 -0.976439 0.530432 0.13453 -0.26708 : 0
-0.319607 0.478595 0.534751 -0.60758 1 -0.499097 -0.352777 -0.628725 0.105222 : 0.2
0.807966 0.754848 -0.628506 0.21152 0.0878485 -0.0161183 0.213312 0.183552 0.591632 : 0
0.488253 -0.952387 0.504273 0.270361 -0.216002 0.00128758 -0.412495 -0.078526 0.0203056 : 0.1
-0.367065 0.73335 0.286951 0.433761 -0.519345 -0.168676 -0.821329 -0.303489 0.0282997 : 0.1
0.865581 0.715671 -1 -0.691709 -0.120873 0.324554 -0.445557 -0.149487 -0.25394 : 0.2
1 0.218731 0.884916 -0.734448 -0.722335 -0.320703 -1 -0.0391567 -0.279288 : 0
0.36812 0.415308 0.509148 -0.639888 -0.995677 -0.269495 -0.00854464 -0.2393 0.243883 : 0
0.661968 0.656294 0.860288 -0.546978 0.133362 -0.875285 0.364796 0.548497 -0.0673759 : 0.1
0.364374 0.335809 0.80133 0.64008 0.167403 -0.102768 0.482644 0.454239 0.991187 : 0.1
-1 0.415399 0.664059 -0.0736398 -0.016167 0.759205 0.510321 -0.424688 -0.39444 : 0
0.942907 0.656206 0.438989 -1 0.0319034 0.753214 0.412918 -0.438927 -0.277379 : 0
0.833981 0.77883 0.420165 -0.368597 -0.589136 -0.142312 0.17442 0.823454 -0.163018 : 0
0.486329 0.668962 0.159189 -0.269865 -0.461413 -0.979942 -0.21481 -0.423079 0.796097 : 0
0.22243 1 0.239569 0.14312 0.496008 -0.0473562 0.448741 -1 -0.732109 : 0.1
0.374668 0.274593 0.729228 0.994807 0.354425 -0.480306 -0.10726 -0.520157 0.427418 : 0
0.5923 1 0.281971 -1 0.303865 -0.379976 -1 0.0215164 -0.431136 : 0.1
0.670999 0.298184 0.605323 -0.158684 0.422497 -0.53531 0.151415 -0.0696962 -0.14071 : 0
0.836768 0.866269 -1 -0.277772 0.996075 -0.205555 0.949968 0.178087 0.345913 : 0.1
0.623611 0.880122 0.0304575 -0.578026 0.741399 -0.332163 -0.33451 -0.744931 0.346906 : 0
0.513939 0.348506 0.493781 -0.634738 -0.152751 -0.49331 0.0624338 0.016791 0.117759 : 0.3
0.0827225 0.94966 0.954609 0.0631534 -0.0868032 0.232844 0.0370125 0.132091 0.199817 : 0.1
0.736782 -1 -0.705594 -0.343774 -0.367621 -0.467725 0.122066 0.441753 0.211366 : 0.1
0.351649 0.673619 0.184397 -0.135348 -0.427788 0.37404 -0.4898 -0.210688 0.234563 : 0
0.684085 0.412688 -0.256095 0.130035 -0.33656 -0.483261 0.0187396 0.203767 0.671772 : 0.1
0.793393 -0.235861 0.513845 -1 -0.506283 0.548096 0.242696 0.206321 0.776471 : 0
0.404474 0.776776 -0.176093 -0.143852 0.34048 -0.0232934 0.168625 -0.289765 0.780449 : 0.2
0.257891 0.4515 -0.175229 -1 -0.0792055 0.674457 0.268452 -0.226655 -0.0580069 : 0.5
0.869441 0.431821 0.551706 -0.986357 -0.734047 1 -0.818552 -0.18994 -0.256172 : 0
0.39333 0.320699 0.794096 -0.478128 -0.601293 -0.171356 0.122337 -0.274698 0.188304 : 0
0.187818 0.460679 -0.590361 0.33223 -0.0824541 0.704577 -0.227411 -0.152979 0.418177 : 0
0.98991 0.699158 -0.010396 -1 1 0.0488757 0.241128 1 -0.309555 : 0.1
-0.18526 0.128128 -0.291197 -0.235722 0.149362 -0.253748 0.531629 -0.176648 0.0220537 : 0.1
0.55184 -0.271522 0.86503 -0.112626 -0.599761 -0.0144087 0.444563 -0.814453 0.162956 : 0
0.808841 0.816134 0.0522069 -0.0925353 0.188944 0.483757 0.71362 0.707412 -0.00812262 : 0.1
0.47688 0.341016 0.484473 0.107977 0.174513 0.108809 -0.518842 0.700474 0.123533 : 0
0.968921 0.983989 0.964342 0.129109 0.677235 0.127093 0.0970861 0.774777 -1 : 0.2
0.443022 1 0.489743 -0.11862 0.140746 -0.241462 0.415416 0.631535 1 : 0.3
0.0604271 0.727796 1 -1 -0.2916 0.118903 -0.424956 -0.41452 -0.337104 : 0
-0.167087 0.991444 -0.150481 -1 -0.0778784 -0.373254 0.428186 -0.331101 -0.0530373 : 0.2
0.51104 0.445175 -0.293211 -0.575208 -0.194073 -0.58728 1 0.679051 0.262098 : 0
1 0.589948 0.400966 0.172673 1 -0.301281 -0.0783236 -1 -0.76686 : 0.2
0.760808 1 0.21238 0.0322831 0.280345 -0.271403 -0.131705 0.907281 -0.163885 : 0.3
0.880639 0.713497 0.354441 -0.794152 0.0271244 -0.465826 -0.0838225 -0.323938 0.559649 : 0.1
0.660065 0.715242 0.0305138 0.177774 -0.176498 -0.640347 -0.254994 0.0923408 -0.868274 : 0
0.22472 0.735186 0.0298557 -0.946515 0.125538 -0.256072 0.758606 -0.364328 -0.39423 : 0
0.840844 0.626989 0.314691 -0.146119 -0.526935 0.0383289 -0.795355 -0.132047 -0.166923 : 0
0.589472 -0.0990403 0.662315 0.41622 -0.955246 -0.630558 -0.353957 -0.188788 0.515603 : 0.1
0.707559 0.540621 0.562524 -0.09275 -0.0702022 0.00693595 0.475964 -0.276022 1 : 0
0.831415 0.446149 -0.234568 0.467512 0.289361 -0.128949 -0.285386 -0.377846 1 : 0.1
0.0416676 0.933781 0.406852 -0.351755 0.259457 -0.424877 0.23761 0.077229 -0.0568054 : 0.2
-0.0799299 0.606469 -1 -0.0863574 0.332002 -1 0.338207 0.522716 0.0565381 : 0
-0.696067 0.38245 0.739362 0.279896 0.883021 -0.0215492 -1 -0.205913 0.348924 : 0.2
0.525341 0.282521 0.646981 -1 0.0331979 0.805139 -0.295375 -0.466965 -0.240168 : 0.1
0.30132 0.239516 0.337394 -0.269689 0.907855 0.336613 -0.00263071 -0.00119957 0.442477 : 0
0.835705 0.450503 -0.790225 -0.88901 -0.132379 1 0.213365 -0.110304 -0.0837822 : 0
0.598483 0.342806 0.130425 0.285757 -0.276048 -0.216698 0.0635082 0.336917 0.169626 : 0.2
0.930974 0.115466 0.45751 -0.549048 1 -0.779961 0.29252 0.147357 0.452315 : 0
0.892524 0.747215 0.368389 -0.327837 -0.189219 -0.585146 0.0532468 -0.282599 -0.205942 : 0
0.35571 0.998044 0.0368238 0.0690664 -1 -0.216234 1 -0.384607 0.677191 : 0
0.84441 0.862172 0.439724 -0.878823 -0.141967 0.00477584 0.0833531 -0.274806 0.478339 : 0
0.544741 0.635215 0.595064 0.846756 -0.536385 -0.258772 0.378075 -0.383606 0.332308 : 0.3
0.0504345 0.936341 0.608745 0.226684 -0.0420857 0.689306 0.630917 -0.48621 -0.0388885 : 0.1
0.781553 0.399724 0.0717878 0.232885 0.302661 0.31399 0.31265 -0.23279 0.206991 : 0
0.858061 1 0.728034 -0.22662 -0.804792 -0.76385 1 0.161343 -0.282105 : 0
0.578662 0.87798 -0.554858 -0.0425351 -0.354358 -0.254936 1 0.932405 -0.212402 : 0
1 0.912791 0.571102 -0.340145 -1 0.213338 -0.495792 -0.210584 -0.0166739 : 0.1
0.038973 0.181055 -0.475654 0.835639 0.503728 -0.268488 -0.168344 -0.21105 1 : 0
0.371006 0.391334 -0.474741 -0.00816262 -0.343506 -0.617409 1 -0.498379 0.202539 : 0.4
0.334925 -0.498985 0.800758 0.505599 -0.122227 -0.205076 0.0025073 -0.245829 0.210113 : 0
1 0.685522 0.475569 -0.0023365 1 -0.462025 -0.671497 -0.441863 0.127085 : 0.1
0.209037 0.886834 0.428551 -0.448478 -0.0829998 0.0827655 -0.425073 -0.397462 0.202256 : 0.1
-0.0800538 1 0.577916 -0.101079 0.462424 -0.449038 -0.195469 -0.780999 -0.536231 : 0
0.837134 0.958191 0.486787 -0.0234689 -0.786396 -0.420261 -0.0586255 -0.578665 0.354522 : 0
0.456705 0.589094 -0.299396 0.574864 0.695402 0.32945 0.471517 -0.631136 -0.338603 : 0
-0.583772 0.0141763 1 -0.0589599 0.500754 0.193624 -0.304183 -1 0.400165 : 0
0.252733 0.115529 -1 0.417541 -0.0776697 0.615671 0.230725 -1 -0.267965 : 0
0.508489 0.465648 0.372372 -0.859627 -0.768326 -0.43636 0.861935 -0.00989911 -0.193917 : 0
0.762732 0.737499 0.577017 -1 -0.797687 -0.176914 0.00515997 -0.0171101 -1 : 0.1
0.568374 0.427911 0.89456 -0.00646263 0.0897995 -0.922145 0.438165 -1 0.825085 : 0
0.933268 0.800705 -0.0514104 -0.245779 -0.600629 0.571661 -0.0528868 -0.108464 0.0974925 : 0.2
0.278794 0.057074 0.397589 0.668611 0.360531 -0.881303 -0.703895 0.124982 0.521906 : 0
-0.0864581 0.972423 0.0697492 -0.104179 -0.399651 -0.439613 0.301647 0.531405 -0.397738 : 0
1 0.964344 0.358838 -0.919803 0.312566 -0.523303 0.701156 -0.536422 -0.301601 : 0
0.321625 0.283433 0.0710958 -0.163591 -0.834436 0.400807 0.577849 0.267309 0.0346387 : 0
1 0.339641 -1 0.142823 0.143185 0.540918 0.993326 -1 0.200167 : 0
0.905155 0.390305 0.422412 0.654572 0.235595 -0.665992 0.372394 0.063952 -0.647363 : 0
0.461517 1 0.622757 0.045185 0.062131 -0.573593 0.992884 0.665087 0.267568 : 0
0.446125 0.428899 1 -0.238847 0.681863 1 -0.371818 -0.0933482 1 : 0
-0.318495 0.497751 0.400934 0.416097 0.425858 -0.016093 -0.263798 -0.0853829 0.510633 : 0
0.530704 0.875708 0.337022 0.268108 0.374669 0.566887 0.310319 0.317207 0.27884 : 0
1 0.705626 0.598527 0.890777 -0.215641 0.88961 0.876965 -0.747607 -0.0740657 : 0.2
0.727068 0.28295 0.830591 -0.441365 -0.0119976 -0.83383 1 0.0120894 -0.0237715 : 0.2
0.478414 0.341914 0.681662 -0.12107 0.489908 0.19064 -0.22467 0.664483 0.615012 : 0.1
0.910693 0.250524 0.170922 -0.384097 0.807266 0.822076 -0.380515 -0.363343 1 : 0
0.1853 0.228427 -0.119384 -0.606282 -0.338792 0.169657 1 0.0143963 0.25034 : 0.3
0.592055 0.979749 0.553861 -1 0.143403 -0.277232 1 -0.586244 -0.388851 : 0.1
0.217913 1 0.650242 -0.306029 -0.729515 -0.15928 1 -0.512599 0.241251 : 0
0.774388 0.55004 0.447848 -0.0620159 0.108159 0.320578 -0.138807 -0.104331 0.452093 : 0
1 0.469815 -0.659562 0.46104 0.854075 1 -0.171501 0.104028 1 : 0.1
0.892729 -1 0.824063 -0.272426 -0.235686 -0.251497 -0.252674 -0.0442416 0.224009 : 0.2
-0.632271 0.422661 0.506336 0.668693 0.345929 0.591577 0.467278 -0.0649825 0.315293 : 0
0.518559 0.385093 0.512687 0.698383 0.375442 0.652604 0.597764 -0.0738079 -0.292543 : 0.1
0.231162 0.802852 1 -0.469063 -0.333779 -0.0858439 0.578004 -0.867155 0.460165 : 0.3
-0.0624014 0.968013 0.119131 0.115757 0.0644057 -0.452739 0.264149 -0.514756 -0.192164 : 0.3
0.863603 1 0.70185 -0.0979713 -0.077312 -0.562319 1 -0.587234 -0.522524 : 0.1
0.587878 1 0.726335 -0.226584 1 -0.867061 1 -0.320896 1 : 0
0.472761 0.257557 -0.341714 -0.0710174 0.0951642 -0.527363 0.428326 0.136379 0.358196 : 0.1
0.672823 0.858742 0.374291 -0.944032 0.0332082 1 -0.0933262 -0.291172 0.336815 : 0
0.280291 1 0.566415 -0.980376 -0.434787 -0.133393 0.669665 0.288072 0.235414 : 0
0.993874 0.827887 1 0.215349 -0.2372 0.000760019 -0.181638 -0.726919 0.118079 : 0
0.154497 0.0113606 0.974561 -0.02938 -1 -1 0.0725337 0.0471827 -0.508788 : 0.4
-0.171222 0.460344 -0.00108033 0.111367 -0.23441 1 0.0435001 -1 0.250933 : 0
1 0.476973 0.784391 -0.473053 -0.440778 0.384421 0.544204 0.14296 0.0424011 : 0
0.614906 0.880202 0.969296 0.44743 0.169787 1 0.313797 -0.236873 -0.476034 : 0.2
-0.517853 0.255684 0.0429555 -0.805298 0.5261 -0.355844 0.011893 -0.379559 -0.431972 : 0.2
0.162422 0.624392 0.819218 0.443813 -0.263416 -0.160353 0.153301 -0.653324 -0.612186 : 0
-0.0253329 0.591603 -0.67416 0.377117 -0.365097 0.0712554 -0.270374 0.241066 0.220694 : 0
1 0.345519 0.634901 -0.25206 0.697013 0.568893 0.955526 -0.680046 -0.325324 : 0
0.730621 0.424027 0.789782 0.345278 -0.316057 -0.296155 0.467803 -0.628616 0.0473055 : 0.2
0.300626 0.45153 0.877039 -0.413636 -0.373029 -0.917411 0.34058 -0.507559 0.250239 : 0
0.739742 -0.192239 0.575978 -0.648618 -0.466072 1 -0.210729 -0.114869 -0.716546 : 0
0.247224 0.874972 1 0.383989 0.0293657 -0.519557 0.223224 -1 0.81827 : 0
0.336952 1 0.44188 -0.100791 0.381378 0.588793 0.647982 -0.0584233 0.318011 : 0
0.0897391 0.642226 0.0482967 -1 0.657665 1 0.00345058 0.560429 0.2664 : 0.2
0.521921 0.798175 -0.265286 0.031012 0.387183 -0.886618 -0.0159798 0.197711 0.330287 : 0.3
0.214664 0.835935 0.947768 0.312435 0.464396 -1 -0.054577 -0.332136 0.236401 : 0
0.392151 0.397595 0.232443 -0.847332 0.45753 -0.667171 0.0656854 -0.202147 -0.362539 : 0.1
0.326503 -0.101892 0.0156014 1 0.0178323 -0.233031 0.729202 0.0902353 -0.266037 : 0
0.4132 1 0.555756 -0.125356 -0.565521 -0.233815 -0.0845857 -0.153605 0.64002 : 0.4
1 0.165125 0.256554 -0.398665 -0.0227406 -0.221691 -0.32765 -0.306865 0.400807 : 0.1
0.36132 0.268881 -0.0731505 0.643314 0.0485089 -0.577034 1 -0.695422 0.605973 : 0
0.336125 0.146164 0.208973 -0.0852351 -0.0191305 0.352245 0.368896 -0.152105 -0.228546 : 0.1
0.571063 -0.049001 0.0436492 -0.458345 0.457385 0.387611 -0.625121 -0.0545839 -0.977707 : 0.1
1 0.217831 1 -0.0172962 -0.402713 -0.474152 0.20849 -0.279694 0.174029 : 0
0.311574 0.91974 0.695003 0.223484 0.349826 -0.374466 0.309569 -0.261597 -0.328678 : 0.2
1 0.529309 0.70799 0.496613 -0.0287271 -0.203865 -0.166107 -0.301557 -0.390561 : 0
0.451553 0.0151372 0.713086 -0.975596 0.522183 0.551209 0.562935 -0.689522 0.508186 : 0
0.377446 0.00728917 0.0447354 0.205652 0.601151 -0.473988 0.706219 -1 0.244383 : 0
0.0473868 1 0.643865 -0.673135 0.426944 -0.053379 -0.183453 -0.563551 0.829326 : 0
0.148754 0.780967 0.301245 0.249758 0.469246 0.0906247 -1 0.355128 0.179097 : 0.2
0.593211 0.423587 0.0135135 -0.204277 -0.363846 0.0945035 0.092571 -0.625425 -0.341102 : 0
1 -0.393232 0.744126 0.00629857 0.212215 0.0140715 -0.206373 -0.50136 -0.168083 : 0.2
1 -0.0100395 0.715654 0.0447228 1 -0.950447 -0.575885 -0.0969984 0.685987 : 0
0.288639 0.770817 0.430961 -0.492065 -0.287759 0.0872666 0.685256 -0.20792 0.0605026 : 0
0.844451 0.509215 0.925062 0.266959 0.190011 0.219021 -0.448112 0.586953 -0.131289 : 0
0.481798 0.67918 0.723815 -0.852452 0.111256 -0.21696 -0.549239 0.0961806 -0.189543 : 0.3
0.114826 1 0.437075 -0.285669 0.532501 -0.440101 0.800573 -0.378981 -0.806104 : 0
0.260175 0.419812 0.492572 0.789418 0.470328 -0.213383 0.945272 -0.0149948 -0.31755 : 0
0.756667 0.505526 -0.545334 -0.651318 -0.369875 -0.313373 0.468951 -0.0897431 0.189721 : 0
0.722039 0.967793 -0.111312 -0.77298 0.407766 -0.0860728 0.392752 0.140139 -0.440586 : 0
1 0.247322 1 0.927143 -0.538228 -0.45208 0.527251 -0.0398523 -0.432874 : 0.6
0.769176 0.854347 0.559166 -0.169917 -0.925314 -0.117242 -0.0763719 -0.115973 0.0311399 : 0
0.424811 0.764245 0.315351 -0.282783 0.274768 -0.0929472 -0.128369 0.4706 0.198202 : 0
0.782209 0.189331 0.416033 -0.357322 0.834835 -0.207454 -0.234813 0.53698 0.488961 : 0.2
0.06631 0.266763 0.882472 -0.0329991 -0.782711 0.401013 0.822569 0.168937 0.334516 : 0
-0.0668047 0.652681 -0.0448815 0.870833 -0.307974 -0.0668789 0.556107 -0.0465489 0.272704 : 0.3
0.979676 0.656644 0.241189 0.422088 -0.0298543 -0.863744 -0.0111964 1 0.120719 : 0.4
0.901681 0.79411 -0.781105 -0.363158 -0.71568 -0.0840724 0.33916 -0.14059 0.367931 : 0.1
0.215177 0.0757903 0.81573 -0.121579 -0.0966331 0.0631061 0.297575 -0.300892 -0.0042329 : 0
-0.84703 0.825951 0.323293 -0.238601 0.72708 -0.366619 -0.254114 0.812411 0.464539 : 0.2
0.543596 -0.225439 0.0337432 -0.502802 0.408093 1 0.705291 -0.403608 -0.194898 : 0.1
0.661468 0.979944 0.185622 0.0687332 -0.556528 -0.0323655 -0.249731 -0.879864 0.118593 : 0
0.540437 0.447946 0.42018 0.263687 -0.0535133 0.608402 -0.25525 -0.0159504 0.0818092 : 0
1 0.686838 0.633933 -0.333302 -0.386678 -0.324997 -0.152417 -0.764393 0.254685 : 0
0.452828 0.434576 0.724787 0.141706 -0.100028 0.35992 1 0.0315816 -0.121536 : 0
0.261118 0.963597 -0.905908 -0.0529246 0.33648 0.0183964 -0.485768 0.244924 -0.972032 : 0
0.794835 0.11986 -0.636045 -0.74975 0.223345 -0.538296 -0.430962 1 0.0844098 : 0
0.695088 0.618349 0.957389 -0.049392 -0.254464 -0.510477 0.317844 -0.431239 -0.313336 : 0
0.760852 0.247458 0.884458 0.102756 -0.369197 -0.736321 0.0134451 -0.0468234 0.821706 : 0
0.526555 0.582607 0.743748 0.114967 1 0.748843 1 0.19747 -0.494206 : 0.2
0.783151 0.420644 0.441053 -0.0556956 1 0.126972 -0.236693 -0.565812 -0.0476194 : 0.1
0.409473 0.592093 0.480915 0.334739 -0.432828 -1 -0.597577 0.127242 0.13163 : 0
0.203845 0.0418682 0.542474 0.852504 -0.701875 -0.30008 0.994999 -0.707048 -0.0744704 : 0
0.515211 0.387523 -0.6239 0.117121 -0.330904 0.127723 -0.291447 -0.477029 0.164753 : 0.1
1 0.63636 -0.444491 -0.743179 -0.724001 -1 0.19793 -0.148048 -0.949495 : 0.2
0.570499 0.138415 1 -0.384653 -0.443124 -0.66637 0.172732 -0.0645252 -0.2321 : 0.1
0.56691 0.421491 -0.516919 0.544131 -0.2355 0.242323 -0.301932 -0.252054 -0.0277991 : 0.1
0.382819 0.111649 0.876318 -0.152699 0.352514 0.573927 -0.397628 -0.483543 0.0578859 : 0
-0.324061 0.593089 0.650037 -0.809366 0.017197 -0.588304 0.0799212 0.0535005 0.200177 : 0
0.735521 0.301634 0.460359 -0.0640541 -1 0.285637 0.624425 0.361689 -0.330224 : 0
0.61761 0.917313 -1 0.103635 0.349594 0.111307 -0.119266 -0.795531 -0.0793335 : 0.2
0.888073 1 -0.329254 0.548632 -0.472901 -0.368652 0.0288124 -0.380486 -0.292988 : 0
-0.0202758 0.30427 0.924973 -0.00222918 -0.710817 -1 0.941774 -0.615938 0.0602771 : 0.3
0.665933 0.141816 -0.160672 -0.756499 0.0652495 -0.107128 0.867499 -0.740404 -0.408829 : 0.2
0.830457 1 0.661713 -0.65212 -1 0.223059 0.650713 -0.176956 0.793174 : 0.5
0.975712 0.785379 0.172082 0.419559 -0.12068 -0.319572 -0.536927 0.851933 0.163608 : 0
0.564229 0.442812 0.99909 0.0265613 0.25761 -0.940416 -0.250768 0.219798 -0.248624 : 0.1
0.847894 0.906583 -0.56955 0.0218304 -1 0.289347 -0.00975946 1 0.100436 : 0.2
0.669316 0.478328 0.725925 -0.996535 0.141241 -0.205193 0.0576898 1 0.142333 : 0.3
1 0.973442 -1 -0.908502 0.118034 0.337179 0.237162 0.503828 0.0366575 : 0.2
0.677706 0.86654 -0.400851 0.832027 -0.419145 -0.439206 0.0807505 0.166526 -0.463502 : 0
-0.00620776 0.398649 0.604636 0.47416 0.497563 0.659445 0.51634 -0.0730065 0.379984 : 0
0.456143 0.779725 0.0643619 -0.549435 -1 -0.610276 0.465177 -0.390244 0.200146 : 0.1
0.800975 0.807754 0.419017 -0.117473 -0.688998 0.0438333 0.461557 -0.0110855 0.451333 : 0.2
0.502327 1 0.431944 -0.507681 -0.21813 -0.0420531 0.14252 0.415399 0.60341 : 0.1
0.559634 0.0392783 0.0913531 0.180307 0.202766 -1 0.566853 -0.057594 0.159744 : 0.1
0.117516 0.370538 0.818257 0.578626 0.355027 -0.156337 -0.667113 0.122716 1 : 0
0.522139 0.504062 1 1 0.0541632 -0.483899 -0.441697 0.848233 1 : 0.1
0.496131 -0.639678 1 -0.0622952 0.64199 -0.807872 0.79361 0.0350248 1 : 0.2
0.241556 0.406512 0.68097 0.0212643 -0.501307 -0.589164 -0.0849134 -0.286602 0.772915 : 0.1
-0.392246 0.798084 -0.437125 -1 -1 -0.205049 0.323298 0.185836 -0.2973 : 0
0.537326 0.573178 -0.606425 -0.116498 -0.0197687 -1 -0.58954 0.427537 0.246492 : 0.1
1 1 0.600056 -0.121355 -0.205763 -0.0799547 1 -0.0205785 -0.570235 : 0
0.727371 -0.120261 1 -0.375296 0.4334 -0.223626 0.219191 0.260538 0.53036 : 0.2
0.427441 0.340587 -0.581279 0.992648 -1 -0.189699 -0.672811 -0.388207 0.259229 : 0
1 0.318124 0.160386 -0.5563 0.990298 -0.774705 0.529126 0.271413 -0.437043 : 0
0.905271 0.446636 0.986429 -0.708128 -0.0431748 0.0728694 0.868501 -0.461051 -0.144174 : 0
0.512779 0.431157 0.564337 -0.0420352 -0.92495 1 0.821021 -0.427188 0.436648 : 0
0.463526 0.220609 0.484948 -0.127008 -0.792875 0.37142 0.377805 -0.0436116 0.403667 : 0.2
1 -0.0355201 0.823508 -1 -0.0165016 -0.450077 0.649829 0.0939621 0.520447 : 0
1 0.491321 0.544563 0.46283 0.107619 0.0129955 -0.0599388 -0.389904 0.209414 : 0.1
0.511029 0.658941 -0.106956 -0.859068 -1 -0.823919 0.719555 -0.0549249 0.497417 : 0.1
0.808393 0.231116 0.211362 -0.946613 0.58604 -1 0.734564 -0.966241 0.444683 : 0.2
0.83689 0.430768 -0.0684562 -0.262344 -0.443037 -0.265204 0.383318 -1 0.405122 : 0
0.435444 0.398839 -0.094003 0.585813 0.157557 0.234419 0.655249 -1 0.0957826 : 0.1
1 0.315504 0.808653 1 0.293042 0.0594314 -0.363247 0.0352062 0.76041 : 0.1
0.221084 -0.270327 -0.16942 0.231254 -0.0494461 0.166544 1 -0.233616 -0.158832 : 0
-0.523667 0.604655 0.113519 -1 -0.147074 -0.641245 0.131103 0.544758 -0.215327 : 0.4
0.387679 -0.073065 0.798094 0.0706553 -0.711112 -0.0829558 -0.419014 -0.156551 0.45625 : 0
0.983668 0.421955 -0.412934 -0.193345 -0.527776 0.104908 -0.145306 0.0281555 -0.0446727 : 0
0.761314 0.539148 -1 0.127995 0.305863 -0.593982 -0.638373 -0.047237 -0.353862 : 0
0.947644 1 -1 0.0643412 0.749599 0.087487 -0.494452 0.697208 -0.0464591 : 0
0.769163 0.552256 0.596156 -0.371043 -0.870178 -0.113854 0.210987 0.837181 0.811694 : 0.1
0.56423 0.348435 -0.109874 -0.69933 0.134812 -0.655061 0.10565 -1 0.202699 : 0
0.715622 0.224373 0.669556 -1 0.510987 -0.314813 -0.805396 -1 -0.226009 : 0.1
0.345785 0.893469 0.22354 -0.988487 0.406731 0.195312 0.0702065 0.467691 0.523631 : 0
-0.348931 1 0.693189 0.169288 -0.223491 -0.598526 0.327701 -0.269345 -0.351982 : 0.2
0.239757 0.585136 0.750036 -0.424978 -0.294996 0.172646 0.0742879 0.719555 -0.22354 : 0.3
0.236191 0.167764 -0.677115 -0.833061 0.69186 -0.117153 0.888536 -0.447108 -0.0666291 : 0
0.622779 0.239854 0.511278 0.0266137 -0.547412 -0.454334 -0.777875 -0.407589 0.579267 : 0.3
0.665285 0.738412 0.623778 0.571645 0.0941182 -1 0.311883 0.175997 0.108571 : 0.3
0.570954 0.0105058 0.511091 -0.703207 -0.531211 1 0.147888 -0.214042 -0.259699 : 0.1
0.942125 0.0778107 0.669083 -0.326266 -0.209791 1 -0.187408 0.124115 0.31622 : 0.2
0.801701 0.726229 0.547993 -0.564692 0.705821 -0.950071 -0.24663 0.221194 0.479243 : 0.1
0.337157 -0.00967804 0.28431 1 -0.487567 -0.563525 0.352729 0.0828931 -0.0115443 : 0
0.729602 1 0.235569 -0.507825 0.114906 -0.0320458 -0.155217 -0.584576 0.452762 : 0.2
0.734465 0.727576 1 0.179126 0.436839 -1 0.0662311 0.978376 -1 : 0.2
0.807856 0.0608488 0.816476 -0.652113 -0.517318 -0.0420108 0.255352 0.476339 1 : 0
-0.103128 1 -0.396453 -1 -1 0.140005 0.543523 -0.177831 0.159196 : 0.1
0.908668 0.504367 0.883605 -0.387764 -0.168959 -0.410464 0.531962 -0.243024 -0.124833 : 0.1
1 -0.0130543 -0.516936 -0.491813 -0.0638405 -0.235354 0.824583 -0.00634575 0.158269 : 0.1
0.370226 0.232148 0.383784 -0.490682 0.0538 0.0755404 -0.2012 0.644085 -0.215883 : 0
-0.362956 0.656346 0.61347 0.30752 0.197297 -0.244533 -0.527273 0.544254 0.760634 : 0
-0.0907488 0.124302 -0.566063 0.386377 0.164286 -0.649358 0.243565 0.697252 0.0525648 : 0.1
0.833377 0.385339 -0.916215 0.866437 -0.153862 -0.679206 1 -0.331224 -0.895996 : 0
0.799241 0.622179 1 0.1448 -0.0619485 0.792068 0.618888 0.113586 -0.071688 : 0
0.700071 1 0.305353 -0.0283539 -0.0560502 0.239872 0.412877 -0.00840682 -0.336372 : 0
0.678012 0.269626 -0.236018 -0.117782 -0.942055 0.724896 0.518741 -0.243292 0.154124 : 0
-0.315262 0.939356 0.359567 -0.303652 -0.869407 0.267445 -0.159628 0.32669 -0.307838 : 0.2
-0.151625 0.851448 0.708477 0.604094 0.404784 0.142714 -0.237317 -0.82313 0.0817514 : 0.1
1 0.625075 -0.29053 0.184898 0.0988933 -0.429528 -0.274521 -0.336639 0.919189 : 0.1
0.907556 0.266131 0.558877 -0.620766 -1 0.365067 -0.966016 -0.445114 -0.0560232 : 0
0.725147 0.410249 -0.243825 -0.382548 -0.876282 0.171432 -0.378255 -0.252749 0.247544 : 0
0.632873 0.117359 0.856141 -0.126036 -0.537363 -0.279499 0.055885 -1 0.82295 : 0
1 0.247904 -0.411199 -0.933056 0.112499 1 0.241552 0.0491661 -0.46272 : 0.5
1 0.699325 0.39741 0.210447 0.94279 0.104558 0.667367 -0.114464 0.535176 : 0.3
0.416694 0.382772 0.233136 -0.714056 0.186533 -0.354663 1 1 0.0690185 : 0
0.365353 -1 0.978234 0.470792 0.511577 -0.668238 -0.130562 0.0588483 -0.756682 : 0.1
0.573036 0.590943 -0.66352 0.00311999 -0.503684 -0.0548424 0.249412 -0.182074 0.105814 : 0.4
0.409156 0.60499 0.402608 -0.404711 0.664174 0.990898 0.422377 -0.219247 -0.815393 : 0.2
0.651353 0.777187 -0.545661 0.42868 0.503944 0.0467201 0.0151099 0.740622 0.288704 : 0.3
0.528082 0.645024 0.348017 0.317513 -0.455563 0.0976434 0.321852 0.0646495 0.0677289 : 0.2
0.605082 1 -0.426303 -0.975512 -0.343406 0.0482064 -1 -0.837081 -0.0145955 : 0.1
0.513316 0.919041 0.454534 -1 -0.250606 -0.182927 0.11101 0.251957 0.552138 : 0
0.533577 0.31674 0.351107 -0.79589 0.228732 0.351502 0.411119 0.112756 0.528102 : 0.4
0.71416 0.486301 0.663289 -0.0689508 0.396478 -0.552189 0.514802 -1 -0.19963 : 0.5
-0.882065 0.129225 0.456174 0.420896 0.531269 0.0190558 0.179552 0.69968 0.472354 : 0.1
0.0380826 0.664842 0.806997 -1 -0.10189 0.154453 0.284915 0.840538 -0.126097 : 0
0.641258 0.92726 0.333502 -1 -0.531565 0.155691 -0.0229857 0.25845 0.587211 : 0
0.760004 0.763023 0.959274 0.366439 -0.0429094 -0.305053 -0.551991 0.453716 -0.590106 : 0.3
0.484417 0.757788 -0.469248 -1 0.268828 -0.376716 0.169585 0.422588 -0.475249 : 0.1
0.426945 0.447114 -0.108956 -0.693295 0.360345 0.0532904 0.127164 -0.00184503 -0.350394 : 0
0.702707 -1 0.966482 -0.992631 1 -0.77143 0.971128 -0.0986193 0.82228 : 0
0.535582 0.736746 -0.200049 0.480019 0.121748 -0.750618 -0.488273 -0.485137 0.214452 : 0
0.935689 0.569134 0.0536958 0.235678 0.55776 -1 -0.82021 -0.317365 -1 : 0
1 0.514963 -0.361612 0.250696 -0.131229 -0.667955 -0.117617 0.567493 0.271701 : 0
1 0.655624 0.773437 -0.817584 -0.71338 -0.387102 -0.202305 0.147397 0.865472 : 0
0.554844 0.749253 0.48526 -0.439062 0.0746785 -0.649844 0.236635 -0.744635 -0.250254 : 0.2
0.222916 0.549821 -0.140683 -0.0413642 -0.434594 0.497576 -0.00292955 0.121552 0.789331 : 0
0.280441 0.739626 0.159392 -0.174815 0.369745 -0.698056 0.725152 -0.939126 0.490289 : 0
1 -0.304435 0.989327 -0.326013 -0.114384 0.217867 1 -0.0268053 0.00276086 : 0.1
0.402836 0.467398 0.404503 0.0181 0.254461 -0.182549 -0.0478081 -0.0767708 -0.132796 : 0
1 -0.0613754 0.345821 -0.922983 0.364534 0.654421 0.209727 -0.159826 0.745333 : 0.2
0.562521 0.425873 -0.851882 0.303932 -0.734694 1 0.145846 -1 0.386775 : 0.2
0.460199 1 -1 0.199249 0.627562 0.177111 -0.6435 -1 -0.200102 : 0
1 0.261209 -0.23114 0.228433 -0.486455 -0.57016 0.649524 -0.464966 0.155346 : 0
0.130052 1 0.264288 -0.119179 0.32414 0.303471 0.523827 -0.0294403 -0.472513 : 0
0.449032 0.146916 -0.635676 -0.427263 -0.618566 -0.792827 -0.384333 -0.148812 -0.151416 : 0
0.118509 0.372884 0.924768 -0.258386 -0.100112 0.469894 -0.333552 -0.555386 0.0667026 : 0
0.982665 0.554347 -0.329375 0.0685207 0.638604 0.80179 0.147783 -1 0.184042 : 0.5
0.646905 -0.220007 0.243199 -1 0.0510832 0.0495653 0.574884 -0.377884 0.576669 : 0.1
0.613051 0.620938 -0.885233 -0.655928 0.764359 -0.950834 -0.0201168 -0.473675 0.00377229 : 0.1
0.809603 0.735438 0.343541 0.168307 0.375096 -0.581322 0.585767 -0.902138 0.976022 : 0.4
0.519899 -0.389717 -0.512901 0.157288 -1 -0.362919 0.607554 -0.195547 -0.627646 : 0.2
0.44979 1 0.604505 0.338386 0.194674 -1 -0.113491 -0.293177 0.575048 : 0
0.524385 0.28206 -0.422314 -0.358197 0.87115 -0.112437 1 -0.385089 0.666842 : 0.2
0.694218 0.368372 0.768064 -0.110079 0.0665128 -0.652771 0.836284 -0.038412 0.411481 : 0
0.617853 0.806059 0.462432 0.0913543 0.237225 1 -0.145544 0.41403 0.522565 : 0
0.163741 0.320439 -0.240571 0.702289 0.107154 -0.576857 -0.363454 -0.317066 0.734104 : 0
0.0172604 0.854456 0.529915 -0.0650312 -0.107612 -0.00554729 0.430008 0.580941 -0.0340846 : 0
0.865221 0.765197 -1 -0.394572 -1 -0.490236 -0.215828 0.126274 0.167462 : 0
0.961502 0.362846 -0.208726 -0.64757 0.0746661 -1 0.775108 0.341863 0.424099 : 0
-0.375936 0.111072 0.386276 0.0832771 -0.0746 -0.794364 -0.423374 -0.850063 -0.206438 : 0
0.929065 0.567283 1 -0.0048008 -1 0.21517 1 -1 -0.682514 : 0.1
0.408561 0.873269 -0.251816 0.0719361 0.0265656 -0.623412 -0.164107 0.300242 0.212003 : 0
0.947199 0.737136 0.68346 0.125808 -1 0.888663 0.303868 -1 0.153053 : 0
0.0585087 0.492928 0.92235 -0.425501 0.449079 0.157925 0.068343 -0.0503677 -1 : 0
0.802873 0.272221 -0.631211 0.458561 -0.487366 0.358141 0.850896 0.328818 0.318726 : 0
0.972107 0.0885043 0.555377 0.348697 -0.265444 1 -0.209027 -0.726813 0.329672 : 0
0.851487 0.218554 1 0.0353355 0.619699 -0.695409 1 -0.67349 -0.0778689 : 0
0.680093 1 0.128771 0.0354978 0.722175 0.784817 -1 0.180588 -0.136239 : 0.2
0.828342 0.486131 -0.284077 0.927775 0.208064 -0.0976008 -0.314588 -0.115798 -0.346214 : 0.1
0.788435 0.588519 0.30272 0.263142 -0.930354 0.346264 -1 0.0623813 -0.861187 : 0.3
0.943059 0.195658 -0.404814 -0.747615 -0.912353 -0.118149 0.656523 0.935129 -0.946263 : 0.3
0.987953 0.374992 -1 -1 0.127283 -0.397478 0.453988 -0.283948 -0.206867 : 0
0.964013 0.732391 0.0469902 0.0353051 0.405858 1 0.923913 -0.355 0.330586 : 0.1
0.533764 1 0.624217 -0.254506 0.221202 -0.318808 0.220188 -1 0.462956 : 0
1 0.60252 0.366605 -1 0.464268 -0.548977 -0.0461103 -0.494498 0.289128 : 0
0.139217 0.47017 1 -0.195916 -0.732845 -0.132015 0.510794 0.22152 -0.118762 : 0
0.546691 0.742372 0.543489 -0.325082 -0.839543 0.484036 0.718204 -0.456591 0.597426 : 0
0.69896 0.25447 0.124524 -0.420538 0.543985 -0.431215 0.877625 -0.540552 0.0211706 : 0.3
1 0.831572 -1 0.0498014 0.517854 0.385041 -0.432088 -0.0502287 -0.476478 : 0
0.588607 0.49705 0.57396 -0.00161263 0.230341 0.553752 0.448988 0.684194 -0.72317 : 0
0.631311 0.720249 0.0694561 -0.29308 0.291044 -0.321362 0.598006 -0.739108 -0.34637 : 0.1
0.716499 0.302044 0.283687 0.840744 0.411449 -0.723798 -0.829043 -0.227055 0.0152447 : 0.1
0.719323 0.675586 -1 -0.503199 -0.366149 0.209783 -0.498296 -0.251438 0.48046 : 0
-0.682411 0.46019 0.610839 -0.365955 0.700071 -1 -0.572728 0.862223 0.461295 : 0
0.617512 0.16403 1 -1 0.602359 0.123245 0.526229 1 -0.29893 : 0.1
0.645667 0.841563 0.23091 0.053492 -0.659981 -0.113987 0.269545 -0.0101116 0.465652 : 0
0.993865 0.850951 0.319969 -0.569997 -0.19658 0.0677032 0.156658 -0.162742 -0.113198 : 0
0.944072 1 0.549183 -0.134685 0.176223 -0.187792 0.238889 0.0877523 0.377488 : 0
0.835197 0.185048 -1 -1 0.0673122 0.433415 0.453377 0.668782 0.10577 : 0
1 0.266008 0.843984 -0.330909 0.179433 -1 0.754232 -1 0.729687 : 0
0.571092 0.765359 0.341203 0.127588 0.632256 0.0507641 -0.641364 -0.541118 -0.254349 : 0
0.577108 1 0.499546 0.17883 -0.0768595 0.0372763 0.167742 0.259475 0.369729 : 0
0.756318 1 -0.709618 0.150264 0.203713 -0.051127 -0.227074 -0.990883 -0.390807 : 0
1 0.0348978 0.433411 -0.23815 1 -0.225033 -0.323175 -0.633613 -0.472925 : 0
0.976135 0.572462 1 -0.328301 -0.415851 -1 -0.423192 -0.216566 0.125211 : 0
0.835972 0.340141 1 -0.0781851 -0.492664 -0.0658645 0.701119 -0.459479 0.161045 : 0
0.366709 0.217993 0.811673 -0.375624 0.413035 0.208786 0.204448 1 0.360418 : 0
0.244945 0.304007 -0.250096 -1 0.155688 0.635546 0.254744 0.230683 -1 : 0.1
0.558285 0.143524 -0.281774 0.25416 0.560969 -0.277758 -0.997412 0.131243 0.604053 : 0
0.53947 0.281741 0.25155 -0.139064 -1 0.398029 0.670767 -0.153107 0.309477 : 0.1
0.27022 0.734594 -0.0995826 -0.729297 -0.551512 -0.331688 0.861471 0.325418 0.25631 : 0.3
0.844047 0.90153 0.595795 -0.125301 0.748191 0.120489 0.0424506 -0.322243 0.346175 : 0.1
0.726579 -0.135425 0.470598 -0.209963 -0.374872 0.431951 0.691115 -0.0256686 1 : 0
0.777517 0.390247 0.489141 0.554426 0.371333 -0.448681 0.415591 -0.00918835 0.0873354 : 0
0.138027 0.0254057 0.413248 0.00121328 -0.493532 -0.504934 0.253778 -0.196476 0.900062 : 0
0.300604 0.295828 -1 0.305852 0.145827 -0.545021 -0.0334496 -0.097396 0.780737 : 0
1 0.692539 -0.219337 0.0472592 0.0802828 -0.232921 1 -0.635891 -0.204886 : 0.2
1 0.557762 -0.506518 0.213699 -0.303351 -0.92402 0.151418 0.140927 -0.997595 : 0.4
0.516057 0.480605 -0.117728 -0.412621 0.0899069 -0.723843 0.980338 -1 0.00149387 : 0.1
0.431397 0.301998 0.582715 0.630448 0.39449 -0.200148 -0.995683 0.077341 0.159894 : 0
0.699772 0.77495 0.854813 -0.211902 -0.0389072 -0.349441 0.879375 -0.411874 0.453002 : 0.3
0.707899 -0.054643 -0.451426 0.0911067 -0.19764 -0.238007 1 0.766239 0.00253009 : 0.1
0.57586 0.66466 0.370703 -0.145714 -0.00637465 0.129918 0.407782 -0.137655 -0.33609 : 0
0.698179 0.578168 0.508103 0.357965 0.15295 -0.28008 0.744442 -0.992168 -0.211013 : 0
0.485457 0.116756 0.120902 0.211333 -0.230084 -0.225239 0.016981 0.135752 -0.898321 : 0
0.798705 0.672815 0.981312 -0.16468 -0.0798787 -0.229831 0.649611 0.21878 -0.0630983 : 0.2
0.970913 0.469444 -0.802458 -0.711631 0.190035 0.544792 0.466227 0.188703 0.0814545 : 0.2
0.667573 0.243291 0.952002 -0.1085 0.0577234 -0.0681667 0.675018 0.846878 0.457148 : 0
0.393245 0.38358 0.422131 0.106362 -0.353745 0.496398 0.0403999 -0.629719 0.183828 : 0.4
0.471663 0.566101 0.976764 -1 -0.816762 -1 -0.63609 -0.535292 0.553905 : 0
0.507378 0.602526 0.57031 -0.544834 0.645605 0.114191 0.998331 -0.535897 0.175991 : 0
0.901786 0.538258 0.897958 0.951492 0.0575654 0.0622281 0.995492 -0.932201 -0.149786 : 0
0.663693 0.126678 0.434132 -0.27023 -0.348379 -0.202703 0.41782 0.369486 0.383442 : 0
0.781924 0.991489 0.679081 -0.564025 -0.131049 -0.583033 1 -0.178671 -0.323701 : 0
0.295886 0.639055 0.69258 -0.422751 0.297414 -1 -0.0196165 0.0198331 -0.811973 : 0
0.741862 0.0204475 0.18156 0.335503 -0.539828 -0.373805 -0.316061 -0.74604 -0.0417976 : 0.1
0.515128 1 0.587106 -0.0476283 0.247789 0.338793 0.560777 -0.3959 0.269071 : 0
0.853963 0.197817 0.567992 -0.896142 -0.271007 -0.45944 1 -0.927726 0.187979 : 0.1
0.61029 0.55618 0.436082 0.135488 -0.743654 -0.337047 0.942447 0.760561 0.389988 : 0
0.816199 0.32221 -0.653294 0.33326 0.46157 -0.181376 -0.120384 0.350233 -0.469215 : 0
0.711902 -0.0829599 -0.165937 0.533174 -0.0816676 0.700361 0.834429 -0.0325124 -0.301189 : 0
1 0.150827 -0.0336218 -0.16596 -0.481553 0.874496 0.58211 -0.577168 0.265468 : 0.2
0.910836 0.358546 0.632772 -1 0.621834 -0.2385 0.858452 0.265767 0.350191 : 0
0.139476 0.392995 0.373277 0.627592 0.2652 0.149003 -0.000326186 0.0713602 0.269884 : 0.2
0.727457 0.965696 0.687698 -0.379622 0.314694 0.674298 -0.0677741 -0.184957 0.142424 : 0
0.663263 0.324046 0.318862 -0.420857 0.991055 -0.276771 0.802291 0.0037615 -0.545336 : 0.4
0.376476 0.508554 0.111869 0.194983 -0.0459008 -0.306223 -0.101911 -0.706482 0.335713 : 0.3
0.92079 0.544625 0.233298 -0.80248 -1 -0.887657 0.240779 -0.421946 -0.587733 : 0
0.513905 0.36075 -0.135578 0.183184 -0.224458 1 -0.478472 -0.14385 0.289708 : 0
0.84244 0.331955 0.4761 0.542887 -0.292625 -1 -0.214541 -0.770349 -0.264425 : 0
0.913847 0.684408 -0.171106 0.457187 -0.271243 -0.77705 0.521357 -0.123301 -0.343704 : 0
0.649152 0.560886 0.216239 0.319611 -0.0533154 -0.0805229 -0.467147 -0.596541 -0.219185 : 0.1
