0.597747 0.279772 0.897794 -0.267072 -0.242441 0.311993 0.59233 0.696164 0.505799 : 0.6
0.634822 0.368862 0.877782 -0.547802 -0.435627 -0.504029 0.339333 0.965838 -0.0364003 : 0.3
0.579776 0.392628 0.89264 -0.97746 -0.540389 0.153952 0.26871 0.383166 -0.422654 : 0.5
0.661332 0.503465 0.847358 -0.845676 -0.275977 -0.479812 0.551204 0.550439 1 : 0.4
0.651275 0.293881 0.861305 -0.927596 -0.586818 0.15585 1 0.144382 0.187347 : 0.3
0.558148 0.280308 0.819386 -0.667297 0.0454835 -0.928135 -0.851998 -0.111361 -0.468463 : 0.7
0.701507 0.351562 0.812203 -0.970054 -0.342565 0.79658 0.477846 0.888044 -0.779365 : 0.6
0.540837 0.355135 0.856056 -0.3877 -0.315006 0.17343 0.491267 1 -0.862206 : 0.2
0.603784 0.34598 0.847835 -0.0539929 -0.179924 0.14167 0.372797 0.530283 0.276457 : 0.3
0.657544 0.38369 0.86073 -0.921109 -0.135794 -0.42052 0.313136 0.655034 -0.958035 : 0.5
0.649164 0.405116 0.820686 -0.964759 -0.478986 0.758958 0.309736 0.947644 0.0650292 : 0.6
0.617643 0.428944 0.788572 -0.590968 0.113965 0.232776 0.859131 0.240002 0.24311 : 0.7
0.615131 0.295568 0.766678 -0.399615 -0.0876133 -0.241691 0.779166 0.438636 -0.238496 : 0.3
0.536153 0.400459 0.9055 -0.451537 0.0968658 0.208563 0.449404 0.172785 0.336327 : 0.4
0.602969 0.387675 1 -0.905016 -0.00476986 0.051555 0.910071 -0.243216 -0.838151 : 0.6
0.828841 0.424762 0.893495 0.325041 -0.219989 0.565455 -0.298049 0.55519 0.228122 : 0.5
0.576488 0.44478 0.814822 -0.884988 -0.564209 0.158143 0.33515 0.443396 -0.754877 : 0
0.652174 0.468262 1 -0.763753 -0.25391 -0.105751 1 0.229596 -0.122635 : 0.6
0.557806 0.659099 0.932154 -0.645455 0.135277 -0.584865 0.537103 0.937607 0.0897501 : 0.3
0.618305 0.310686 0.901839 -0.861591 -0.224536 -0.226281 0.422141 0.177089 -1 : 0.3
0.639328 0.363357 0.819562 -0.878536 -0.224245 -0.0893478 0.131183 -0.398056 -0.770793 : 0.4
0.540985 0.463485 1 -0.778664 -0.530319 -0.561882 0.611487 0.209697 0.0752202 : 0.6
0.655696 0.34425 0.789201 -0.980402 -0.155498 -0.842061 0.526166 0.71482 -0.198288 : 0.6
0.601497 0.297681 0.809058 -0.563144 -0.257212 7.33733e-05 0.788217 0.555475 0.089449 : 0.3
0.541853 0.389692 0.913355 -0.582352 -0.145859 -0.00335121 0.801373 0.318746 0.133628 : 0.5
0.592343 0.329702 0.920631 -0.977134 0.0425135 0.160686 0.159765 0.126766 0.0783603 : 0.6
0.742981 0.334762 0.849846 -0.87493 -0.562774 -0.280258 0.287738 -0.139331 -0.446685 : 0.6
0.7043 0.398252 0.614398 -0.993166 0.17382 0.134944 0.312293 0.356742 -1 : 0.4
0.594601 0.475331 0.863817 -0.910082 -0.307963 0.0296436 0.285142 0.176403 0.495426 : 0.5
0.429271 0.35384 0.854376 -0.283571 -0.194592 -0.276978 0.966039 0.398331 0.357983 : 0.7
0.6032 0.256274 0.843897 -0.580338 -0.0942515 -0.0938616 0.447509 -0.39906 1 : 0.2
0.61203 0.310112 0.907582 -0.939346 0.0532816 -0.423202 0.551954 0.37783 -0.0484177 : 0.7
0.652688 0.392732 1 0.337371 -0.0443293 -0.33712 0.572825 0.377786 0.267972 : 0.4
0.725529 0.399137 0.986998 -0.498336 -0.401602 0.0169881 0.595459 0.143162 0.291143 : 0.3
0.622141 0.325058 0.771479 -0.594748 0.0484233 -0.330666 0.253919 1 0.241747 : 0.5
0.613154 0.358671 0.872432 -0.94176 -0.493726 -0.173713 0.544954 0.481773 -0.662428 : 0.4
0.620039 0.31766 0.831689 -0.852912 -0.124183 -0.173083 0.514418 1 0.895787 : 0.5
0.554242 0.322222 0.985652 -0.632252 -0.409905 -0.504201 -0.610709 0.617804 -1 : 0.6
0.644624 0.377948 0.811913 -0.23712 -0.410203 -0.478754 -0.990969 0.561479 0.211583 : 0.2
0.597912 0.32491 0.811708 -0.832611 0.28046 -0.0848864 0.171309 0.159694 0.995472 : 0.5
0.620666 0.461507 0.88146 -0.779248 -0.672753 -0.481889 0.546747 -0.36652 -0.151246 : 0.7
0.581954 0.398123 0.689797 -0.956859 0.162898 -0.105963 0.518955 0.181832 0.0969179 : 0.7
0.527301 0.420063 0.805716 -0.382053 -0.529475 -0.495134 0.14738 0.711694 -0.695769 : 0.7
0.581936 0.344001 0.763538 -1 0.0528268 -0.304139 0.69649 -0.64709 0.85916 : 0.6
0.978826 0.519153 0.871153 -0.776849 -0.390425 -0.0506195 0.184055 1 0.297099 : 0.5
0.353937 0.388685 0.942426 0.567562 -0.0604033 0.674961 0.667867 -0.0750828 0.241825 : 0.6
0.643721 0.330331 0.871202 -0.743623 0.069867 -0.184606 0.585256 0.489708 -0.0136996 : 0.5
0.768933 0.584208 0.865209 0.123191 -0.379352 -0.282376 0.0391589 0.0836987 0.277696 : 0.6
0.450408 0.458827 0.821302 -0.797295 -0.548597 -0.163629 0.560083 0.379958 -1 : 0.6
0.582796 0.342764 1 -0.658136 -0.0708691 -0.57342 0.421157 0.654552 -0.191347 : 0.6
0.614781 0.467308 0.801564 -0.398291 -0.325509 -0.0168392 0.30467 0.332083 -0.94686 : 0.6
0.621167 0.460962 1 -1 -0.432907 0.13739 0.297728 0.251906 -0.301463 : 0.7
0.646707 0.485813 0.834684 -0.624743 0.237733 0.0366946 0.00917744 0.0912188 0.349928 : 0.8
0.622495 0.411569 0.769437 -0.981175 -0.0884949 -0.197181 0.456811 1 0.385316 : 0.4
0.693434 0.486801 0.588655 -0.481418 0.381466 -0.342815 0.269845 0.190196 -0.329628 : 0.7
0.613932 0.333675 0.814654 -0.42581 -0.148015 -0.157877 0.406332 -0.0483451 -0.0323108 : 0.5
0.678505 0.342686 0.791204 -0.202845 -0.770884 -0.365 0.232269 0.406637 -0.29638 : 0.4
0.575984 0.250146 0.735686 -0.711374 -0.0941809 0.323181 -0.455274 0.407441 0.339114 : 0.4
0.602773 0.38944 0.847769 -0.999829 -0.00418146 -0.0425518 0.419657 0.767196 -0.823918 : 0.4
0.748003 0.534402 0.919102 -0.563023 -0.310987 -0.115427 0.487574 0.424616 -0.304851 : 0.6
0.636568 0.529739 0.789996 -0.972026 -0.137941 -0.462422 0.432546 0.0345396 -0.129565 : 0.3
0.504936 0.269389 0.915712 -0.770153 -0.290593 0.231717 -0.157513 0.177804 0.947433 : 0.4
0.632221 0.325535 0.801555 -0.368223 -0.290004 0.0128526 0.487523 0.285171 -0.19638 : 0.7
0.625366 0.323443 1 -0.660031 -0.519119 -0.149583 0.264892 0.38696 0.00244614 : 0.3
0.605479 0.501376 0.958788 -0.803828 0.0850364 -0.277192 1 0.426865 0.422362 : 0.7
0.235871 0.356672 0.920678 -0.53376 -0.485186 -0.270355 0.336144 1 -0.35327 : 0.8
0.611471 0.412325 0.833771 -0.508851 -0.122827 -0.520377 0.318566 0.516949 0.10493 : 0.7
0.699059 0.319594 0.900048 -0.568628 -0.111634 0.0129922 0.16963 0.116627 -0.055795 : 0.5
0.447392 0.345457 0.92326 -0.257379 -0.113912 -0.122931 0.352194 0.641028 0.28396 : 0.2
0.877855 0.486096 0.666907 -0.731324 -0.357828 0.092105 0.710335 0.107524 0.274967 : 0.3
0.594672 0.376386 0.896338 -0.947152 -0.608171 -0.398091 0.392243 0.45774 -0.349034 : 0.6
0.540306 0.39693 0.875778 -1 -0.126916 0.227913 0.586638 -0.178717 -0.33485 : 0.6
0.563229 0.20026 0.986147 -0.999864 0.125568 0.11694 0.407072 0.671214 0.789327 : 0.3
0.602513 0.510008 0.761649 -0.334832 -0.704198 -0.110106 0.195594 -0.0174113 -0.605689 : 0.3
0.832811 0.702737 0.68976 -0.724788 0.104226 0.346335 -0.624536 0.595536 0.10428 : 0.4
0.63681 0.318528 0.99536 -0.572652 -0.283567 -0.567138 0.927153 0.55858 -0.623413 : 0.4
0.67951 0.402268 0.84248 -0.592705 -0.618307 0.155822 0.251886 0.220612 -0.455913 : 0.1
0.359661 0.239822 0.965722 -0.577798 -0.237586 0.000120373 0.513788 0.124799 0.137833 : 0.6
0.760831 0.265814 0.755142 -0.749697 0.180417 -0.13704 0.933934 0.301711 -0.144091 : 0.6
0.692289 0.435575 0.936972 -0.499534 0.161315 0.322228 0.486018 1 -0.035622 : 0.3
0.660442 0.239518 0.818965 -0.867161 -0.408962 0.0972299 0.415352 0.818467 0.0157305 : 0.7
0.652993 0.345303 0.875064 -0.607973 -0.279745 -0.322219 0.0761948 0.182849 -0.14959 : 0.6
0.644877 0.414526 0.88539 -0.229953 -0.0976161 0.313344 -0.437799 0.251304 -0.123223 : 0.7
0.6779 0.368188 0.853562 -0.887853 -0.186516 0.0909327 0.465501 0.545674 -0.799383 : 0.5
0.610813 0.340598 0.879676 -0.605818 -0.270049 0.422752 0.700685 0.721846 -0.583307 : 0.5
0.678046 0.468028 1 -0.857407 -0.733868 -0.220813 -0.985354 0.216513 -0.739685 : 0.4
0.61203 0.347745 0.872683 -0.391825 -0.458587 0.0289596 -0.428006 0.438276 0.403173 : 0.3
0.692323 0.492844 0.934655 -0.879494 0.188899 -0.943117 0.559393 0.143593 -0.885048 : 0.2
0.352546 0.540611 0.844614 -0.506919 -0.370963 -0.0834227 0.298066 0.35731 0.074961 : 0.3
0.58545 0.313987 0.98272 -0.979183 -0.00407919 -0.720177 0.499616 0.762683 0.0653252 : 0.6
0.59824 0.364116 0.769753 -0.721374 -0.295967 0.0573409 0.417401 0.0860648 0.10008 : 0.4
0.646094 0.42687 0.962346 -0.966633 -0.287477 -0.217392 0.205628 0.925907 -0.333269 : 0.7
0.60432 0.356724 0.977252 -1 -0.833347 0.115635 0.957398 0.323724 0.356291 : 0.5
0.758837 0.349207 0.947553 -0.457684 -0.329931 -0.340713 0.241892 0.219648 -0.477706 : 0.6
0.767918 0.361559 0.789113 -0.778878 0.179649 -0.0392344 0.388701 -0.527254 0.2816 : 0.6
0.584945 0.414159 0.88661 -0.721872 0.0670806 -0.422202 0.486669 0.525663 0.102975 : 0.4
0.763337 0.417372 0.792427 -0.824176 -0.593458 -0.0659033 -0.0495132 0.454835 0.0100204 : 0.4
0.751794 0.293939 0.937837 -0.173087 -0.229661 -0.213128 0.402159 0.184523 -0.817829 : 0.7
0.587204 0.598196 0.800231 -1 0.017211 -0.20928 0.333666 -0.015838 1 : 0.6
0.69034 0.351683 0.921242 -0.891513 -0.25969 0.0594926 0.484245 0.705804 0.906372 : 0.8
0.72787 0.362426 0.844681 -0.132965 -0.224403 -0.196819 0.474442 0.860801 0.317005 : 0.1
0.687737 0.411211 0.843469 -0.647313 -0.563597 -0.116376 -0.0426113 0.707366 0.414233 : 0.5
0.589788 0.346916 0.663219 -0.921885 -0.141236 -0.212238 0.937327 0.412841 0.0522322 : 0.3
0.610757 0.397273 0.860678 -0.58145 0.0279698 -0.221894 0.256378 1 -0.0841008 : 0.6
0.639222 0.365724 0.913988 -0.956595 -0.390023 0.0205413 0.299245 0.303178 0.183679 : 0.3
0.560113 0.289949 0.914573 -0.771964 -0.446373 -0.0390291 0.510043 0.546412 -0.390492 : 0.7
0.55427 0.457502 0.877892 -1 -0.857449 -0.311736 0.316262 0.632055 0.448772 : 0.2
0.493449 0.456627 0.995669 -0.730539 -0.368253 -0.341091 0.475621 -0.354928 0.646187 : 0.4
0.649952 0.470353 0.860702 -0.982478 -0.193792 0.00114878 0.452027 0.0372149 -0.272066 : 0.3
0.601933 0.445988 1 -0.803595 0.0867799 0.500684 -0.0145544 0.427339 0.473531 : 0.4
0.639161 0.505725 0.898711 -0.891706 -0.240467 -0.410037 0.317036 0.323606 -0.306443 : 0.5
0.662359 0.472561 0.860833 -0.917295 -0.118032 0.145858 0.392536 0.149408 -0.00312859 : 0.4
0.661659 0.351865 0.899165 0.100031 -0.479264 0.0121034 0.351044 0.47747 0.0204979 : 0.4
0.638292 0.495826 0.794772 -0.908806 0.0977585 0.0440938 0.0133022 0.680054 -0.112088 : 0.6
0.820593 0.473272 0.905647 0.0662812 -0.449029 0.0747611 0.519486 -0.15218 -0.486969 : 0.4
0.627036 0.435636 0.848521 -0.521137 -0.0540102 -0.228354 0.934111 0.252373 0.397784 : 0.6
0.591723 0.380271 0.935858 -0.988052 0.549356 -0.4081 0.487744 0.75882 0.806621 : 0.5
0.635081 1 0.944655 -0.729254 -0.280102 -0.742062 0.454314 0.384311 -0.180072 : 0.3
0.467866 0.338606 0.787981 -0.652691 -0.589918 -0.250117 0.371147 0.664907 0.16603 : 0.4
0.6764 0.333524 0.838305 -0.552549 -0.198956 -0.259144 0.30524 0.594999 -0.0709636 : 0.2
0.588582 0.504633 0.830252 -0.936106 -0.380883 -0.0946849 0.580026 0.147375 -0.8244 : 0.3
0.637012 0.343681 0.832867 -0.943689 -0.148875 -0.239093 0.0268453 0.155677 -0.22578 : 0.2
0.538586 0.318681 0.95994 -0.997499 -0.454865 0.20598 0.522069 0.245643 -0.824759 : 0.2
0.664812 0.364109 0.964551 -0.776182 -0.347609 -0.386483 -0.527692 0.873394 -0.297859 : 0.3
0.724902 0.499285 0.86153 -0.854921 -0.114169 -0.162953 0.149717 -0.290283 0.197824 : 0.7
0.769156 0.336219 0.91316 -0.429242 0.170649 -0.219421 0.150664 0.0259957 -0.149904 : 0.5
0.621977 0.359723 0.98431 -0.868442 -0.579145 -0.30475 1 0.283706 0.474963 : 0.6
0.347891 0.568935 0.883697 -0.460678 -0.229144 0.0374513 0.775977 0.622436 -0.200718 : 0.3
0.394563 0.555404 0.792531 -0.917034 -0.158468 -0.407222 0.448748 0.469522 0.103557 : 0.4
0.816641 0.431202 0.909631 -0.825664 0.729797 0.263031 0.29124 0.300759 -0.386559 : 0.5
0.639836 0.328539 0.815157 -0.759374 -0.41023 -0.158323 0.562515 0.551288 -0.19564 : 0.5
0.665818 0.273788 0.834628 -0.610021 -0.421831 -0.20367 0.355902 0.647475 0.446687 : 0.5
0.746111 0.443852 0.586524 -0.957857 -0.458848 -0.193614 0.657308 0.396025 -0.37526 : 0.4
0.54974 0.500242 0.83561 -0.970776 -0.277823 -0.224314 -0.00540749 0.413663 0.424003 : 0.3
0.547735 0.463489 0.867944 -0.539813 -0.236523 -0.325219 0.707588 0.201905 0.259111 : 0.6
0.523584 0.397945 0.875315 -0.350831 0.0368065 -0.210389 1 0.165795 0.368859 : 0.5
0.603467 0.44438 0.834034 -0.924983 -0.132558 -0.512291 -0.466477 0.126562 0.048126 : 0.4
0.598368 0.342753 0.893211 -0.892884 -0.363768 -0.0720178 0.48293 0.183423 0.200826 : 0.5
0.594177 0.392839 0.876351 -0.917402 -0.352742 -0.528078 -0.589209 0.675444 -1 : 0.2
0.840732 0.590481 0.777564 -0.56456 -0.398482 -0.0558982 1 0.446208 0.543254 : 0.6
0.815587 0.531895 0.854294 -0.477812 0.0847305 0.0382103 1 0.607691 -0.0101798 : 0.4
0.696025 0.466035 0.81062 -0.819959 -0.343494 0.348063 0.445234 0.431303 0.181887 : 0.1
0.522116 0.358335 0.776731 -0.6975 -0.391517 -0.0567664 0.67033 -0.164182 0.801393 : 0.7
0.622216 0.318263 0.871268 -0.912586 -0.36873 -0.234966 0.785029 0.558576 -0.535288 : 0.5
0.68582 0.350063 0.90111 -0.218766 -0.564306 -0.0927995 0.256638 0.637892 -0.0010426 : 0.4
0.57997 0.315405 0.720544 -1 0.0862234 -0.261298 0.180646 0.908434 0.0239881 : 0.3
0.596603 0.520715 0.851763 -0.804504 -0.431766 -0.0401065 0.667759 -0.05828 0.535792 : 0.5
0.591775 0.412469 0.948696 -1 -0.741667 -0.936044 1 0.617444 -0.532761 : 0.4
0.625315 0.463361 0.816207 -0.578334 -0.258574 -0.272619 0.212613 1 -0.392177 : 0.7
0.59777 0.378699 0.856193 -0.935952 -0.0830866 -0.581116 1 0.188311 -0.726384 : 0.2
0.638636 0.340298 0.873659 -0.80129 -0.0750095 0.140664 0.308159 0.450318 -0.545538 : 0.4
0.613096 0.39738 0.897567 -0.831735 -0.199584 -0.667253 -0.719532 -0.0246896 -0.925469 : 0.1
0.620835 0.598815 0.899411 -1 0.262349 0.0641205 0.262428 0.180679 0.335993 : 0.2
0.588046 0.436813 0.935997 -1 -0.477494 0.233744 -0.827733 0.707186 0.206331 : 0.3
0.420263 0.405329 0.684299 -0.968727 -0.408859 0.21259 0.773527 0.405059 -0.105975 : 0.4
0.645084 0.227371 0.920433 -1 -0.297614 0.944597 0.630162 0.312347 0.0221037 : 0.5
0.665856 0.468189 0.8299 -0.222866 -0.219064 -0.224857 0.243025 0.482143 0.364171 : 0.5
0.588676 0.399256 0.837589 -0.833822 0.0510046 -0.196651 0.174954 0.565465 -0.4584 : 0.3
0.626166 0.414317 0.902116 -0.688358 0.2921 0.0674063 0.487691 0.0903792 -0.469465 : 0.6
0.506347 0.374799 0.930095 0.0862841 0.132135 -0.235374 0.333271 0.235171 -0.0348668 : 0.2
0.751392 0.481989 0.89142 -0.303647 -0.421866 -0.294765 0.106029 0.328039 -0.125174 : 0.4
0.820968 0.513468 0.855823 -0.337885 -0.155767 0.142199 1 0.880103 -0.0119122 : 0.8
0.676824 0.480071 0.884805 -1 -0.120197 -0.0183705 0.25459 0.158364 -0.177361 : 0.7
0.594934 0.415867 0.852878 -0.846516 -0.452493 -0.231746 0.949579 0.711728 -0.874547 : 0.1
0.606374 0.390732 0.851959 -0.189315 0.117363 -0.374764 -0.193146 0.144428 0.420814 : 0.5
0.611272 0.390071 1 -0.999816 -0.0335689 0.276802 -0.277598 0.154102 0.852476 : 0.2
0.666249 0.335213 0.784354 -0.74543 -0.282962 -0.103591 0.151522 0.844303 -0.0614446 : 0
0.643182 0.351692 0.956394 -0.781809 -0.216794 0.0611851 0.5204 0.745761 0.0563705 : 0.4
0.561961 0.343287 0.832851 -0.739893 0.0184174 -0.451187 0.46871 0.788313 -0.757382 : 0.3
0.579081 0.394825 0.825998 -0.885897 -0.359479 -0.384066 0.506222 0.231736 -0.111333 : 0.3
0.665665 0.378237 0.819195 -0.479306 -0.490653 -0.445648 0.168313 -0.191527 -0.408251 : 0.5
0.642492 0.399719 1 -0.854447 -0.218547 -0.214667 0.272069 0.241369 0.853394 : 0.4
0.598092 0.412337 0.706011 -1 -0.468577 0.12668 0.301884 0.225503 -0.580084 : 0.2
0.653956 0.366412 0.945113 -0.645763 -0.280403 0.0367182 0.520346 0.920066 -0.80524 : 0.7
0.630689 0.563132 0.778096 -0.486425 -0.182698 -0.289366 0.44041 0.2104 0.295887 : 0.4
0.563779 0.41469 0.832965 -0.599788 -0.274884 -0.0973229 0.277902 0.833154 0.141861 : 0.4
0.833355 0.416565 0.837369 -0.776238 -0.136026 0.268698 0.26522 0.18373 -0.183602 : 0.4
0.604531 0.316863 0.85174 -0.835262 -0.433528 -0.443684 0.220973 0.334793 -0.0675223 : 0.2
0.603976 0.355727 0.590626 -0.672517 -0.229867 -0.559603 0.334834 1 -1 : 0.6
0.508363 0.428993 0.840639 -0.974923 -0.226552 -0.264068 1 0.820155 -1 : 0.4
0.417221 0.441693 0.973536 -0.60244 -0.421878 -0.460427 -0.760331 0.923479 -0.396918 : 0.4
0.384445 0.406798 0.692928 -0.612253 -0.386661 -0.170527 0.636761 0.814716 -0.310185 : 0.7
0.609672 0.416083 0.871597 -0.298067 -0.661106 -0.422859 0.205389 0.310412 0.0512528 : 0.6
0.832438 0.497213 0.848107 -1 0.0415444 0.108097 0.384715 0.307811 0.311428 : 0.4
0.66736 0.344666 0.889352 -0.620462 0.0330074 0.0273834 0.141279 0.306176 -0.883284 : 0.4
0.574627 0.503653 0.941907 -0.251493 -0.490195 -0.503828 -0.0181458 0.639175 -0.0319534 : 0.3
0.530983 0.353096 0.742696 -0.894479 0.172364 0.0609799 0.522408 0.361757 -0.449464 : 0.5
0.611277 0.42162 0.90592 -0.639178 -0.219994 0.322954 0.673803 0.805168 -0.0597073 : 0.5
0.443949 0.380201 0.851697 -0.605118 -0.460296 -0.00550576 0.359561 -0.110563 -0.832479 : 0.5
0.527063 0.349863 0.961295 -0.809334 -0.0704406 -0.576055 0.610209 0.91578 -0.398707 : 0.6
0.669935 0.428228 0.814202 -0.98046 -0.18516 -0.19527 0.911207 0.842219 0.981105 : 0.3
0.948198 0.352732 0.69821 -0.739323 0.117345 0.111134 0.42244 0.32988 -0.141452 : 0.6
0.64546 0.140646 0.931873 -0.915966 -0.240111 0.0708605 0.522983 0.332394 -0.293009 : 0.5
0.684003 0.35167 0.918134 -0.53934 -0.308964 -0.486181 0.462436 0.792822 0.728687 : 0.4
0.580627 0.313693 0.788419 -0.232481 0.406052 -0.0670875 0.268451 0.38643 0.0951005 : 0.7
0.701873 0.375024 0.611129 -0.863319 -0.401352 -0.0247058 -0.0851483 0.317039 -0.140877 : 0.4
0.66135 0.280369 0.867601 -0.471264 -0.232359 0.177368 0.606457 -0.0521421 -0.271992 : 0.5
0.605486 0.303585 0.924979 -0.18337 -0.399531 -0.442219 0.831709 0.733454 -0.586417 : 0.6
0.654103 0.313337 0.884577 -0.882914 -0.207858 -0.356672 0.280857 0.225965 -0.990381 : 0.6
0.611379 0.412898 0.712755 -0.372291 -0.263077 -0.2877 0.560935 0.799442 0.0271372 : 0.5
0.743037 0.502221 0.782372 -0.266373 0.154631 -1 0.0425684 -0.132849 1 : 0.5
0.730593 0.788367 0.875775 -0.569873 -0.217837 -0.436998 0.555261 0.709918 0.0672978 : 0.7
0.575121 0.298874 0.931171 -0.835858 -0.54748 -0.243165 0.513021 0.725284 0.24716 : 0.4
0.713659 0.448955 0.910345 -0.495375 -0.401701 0.337225 0.600271 0.369698 1 : 0.3
0.587247 0.36387 0.887284 -1 -0.0746696 -0.254489 0.441577 0.574457 -0.00432113 : 0.4
0.578249 0.392383 0.748188 -0.540008 -0.200465 -0.29211 0.881191 0.828056 0.0473062 : 0.3
0.667004 0.414221 0.821583 0.388772 -0.31919 0.293873 0.163818 -0.276744 0.497955 : 0.4
0.563056 0.404722 0.961847 -0.982621 -0.195761 0.169521 0.291401 0.71181 -0.061831 : 0.4
0.729045 0.404012 0.866253 -1 -0.705028 -0.282138 0.572636 0.544009 0.0717394 : 0.7
0.548821 0.439968 0.700306 -0.988753 -0.0671416 -0.300384 0.542023 0.15379 0.820306 : 0.5
0.639985 0.378223 0.837114 -0.494197 0.0722678 -0.231833 0.73025 0.133222 -0.0204331 : 0.8
0.765424 0.48046 0.977684 -0.354926 -0.359344 -0.392183 0.435198 0.45599 0.443276 : 0.1
0.651081 0.309511 0.69519 -0.409629 -0.803101 0.337069 0.558242 0.0965958 0.52094 : 0.5
0.863037 0.381549 0.712817 -0.837249 -0.576962 0.0502494 0.602089 0.585619 -0.12194 : 0.4
0.689146 0.494087 1 -0.330863 -0.308754 -0.0621045 0.631883 -0.0431928 0.132151 : 0.4
0.656307 0.357516 0.845595 -0.939086 -0.190382 0.124743 0.393098 0.974917 -0.0319762 : 0.4
0.312166 0.31263 0.933842 -0.862571 -0.299451 0.00122616 0.704454 0.405135 -0.0759649 : 0.8
0.686933 0.431952 0.840009 -0.397805 -0.43059 -0.130638 0.395097 0.244346 0.599961 : 0.8
0.648682 0.559502 1 -0.150704 -0.527893 -0.346837 0.54245 0.21276 0.0149977 : 0.6
0.647415 0.33104 0.905866 -0.873075 -0.474243 0.121464 0.44711 -1 -0.414429 : 0.4
0.603208 0.344416 0.85418 -0.593494 -0.446115 0.115878 0.00522523 0.21549 -0.521087 : 0.6
0.59023 0.354144 0.784795 0.208086 -0.122589 -0.284742 -0.0761473 0.846859 -0.295291 : 0.3
0.708181 0.382056 0.822025 -0.804231 -1 -0.385097 0.145014 -1 -0.21821 : 0.4
0.51814 0.307174 0.833938 -0.262455 -0.0707035 -0.316753 -0.0323465 0.115503 -0.68629 : 0.3
0.643079 0.433164 0.879911 -0.587538 -0.304504 -0.227686 0.500612 -0.190264 -0.607297 : 0.5
0.689053 0.391349 0.810195 -1 0.0244233 0.0216132 0.391036 -0.186317 0.0181053 : 0.4
0.631901 0.443194 0.887194 -0.612619 -0.311563 -0.265351 0.33187 0.607163 0.0768092 : 0.6
0.647475 0.375699 0.904786 -1 -0.0692686 -0.541514 0.503888 0.408147 -0.103288 : 0.2
0.82783 0.431221 0.902365 -0.726828 -0.547573 -0.10482 0.721515 0.523654 -0.087856 : 0.8
0.804829 0.443091 0.810915 -0.731302 -0.32763 0.0401359 0.176535 0.263883 0.381384 : 0.5
0.701906 0.38912 0.89437 -0.126237 -0.142974 -0.232011 0.841163 0.078891 0.0185918 : 0.6
0.656661 0.29313 0.851506 -0.664593 -0.381826 -0.383589 0.306814 0.932756 0.357999 : 0.5
0.392231 0.484141 0.877888 -0.418842 -0.596608 -0.203072 0.176995 0.387544 -0.150562 : 0.6
0.611136 0.435312 0.870225 -0.665373 -0.151776 -0.292088 0.444351 0.847904 0.0826774 : 0.1
0.3624 0.340546 0.966315 -0.826552 -0.431799 0.0948935 0.281859 0.623807 -0.682216 : 0.5
0.802875 0.247024 0.876297 -0.266306 -0.368837 -0.287681 0.10753 0.874167 -1 : 0.6
0.241943 0.391976 0.891836 0.377065 -0.658149 -0.294151 0.362996 0.259892 -0.994777 : 0.1
0.826422 0.285965 0.694216 -0.344819 -0.438557 -0.415718 0.140446 1 -0.837256 : 0.3
0.7117 0.473171 0.822736 -0.483854 -0.134163 0.173931 0.88869 0.671956 -0.238239 : 0.3
0.721354 0.444964 0.808697 -1 -0.484463 -0.128522 0.163067 -0.120316 -0.299161 : 0.5
0.343262 0.454587 0.864267 -1 -0.421161 0.0395065 0.317994 0.56687 -0.310304 : 0.5
0.696167 0.499442 0.879469 -0.522292 -0.440239 -0.241173 0.590205 0.35499 1 : 0.5
0.649802 0.463116 0.939411 -0.878965 -0.272915 -0.0663662 0.620601 0.346375 -0.310999 : 0.6
0.607883 0.440477 0.835879 -0.81935 -0.30269 -0.393894 0.868296 0.607588 -0.547696 : 0.4
0.581563 0.417861 0.615373 -0.685334 -0.0259318 -0.297698 0.377251 0.851606 -0.11739 : 0.5
0.521536 0.388598 0.876799 -0.393715 -0.0360995 -0.282543 0.585121 0.44789 0.427969 : 0.6
0.601279 0.413596 0.436041 -0.908932 -0.326834 -0.881155 0.405171 0.208427 0.958405 : 0.4
0.631881 0.445049 0.966191 -0.712359 -0.390886 0.214474 0.429755 -0.146289 1 : 0.4
0.615403 0.414199 0.837106 -0.48569 -0.141229 0.122607 0.394018 0.983121 0.0363683 : 0.4
0.522137 0.477136 0.966787 -0.851645 -0.294222 -0.059694 0.198402 0.340872 0.125866 : 0.2
0.562332 0.436237 0.885393 -0.556555 -0.330846 -0.157629 0.224614 -0.0656549 -0.365807 : 0.5
0.757055 0.442941 0.870192 -0.951445 -0.296157 -0.103552 -0.022158 0.242408 -0.232784 : 0.6
0.707711 0.338574 0.974068 -0.671074 -0.224402 -0.014829 0.580708 -0.239232 1 : 0.7
0.697188 0.535173 0.996454 -0.636066 -0.886031 -0.27896 0.0515329 0.474156 0.560176 : 0.8
0.62832 0.354305 0.913929 -0.632856 -0.399158 -0.476267 0.0151619 0.762847 0.183261 : 0.8
0.611451 0.445806 0.830679 -1 -0.116164 0.248981 -0.0140899 0.121623 -0.227644 : 0.3
0.49402 0.580785 0.945453 -0.412254 -0.0855304 -0.288988 0.185486 0.510696 0.261208 : 0.4
0.319062 0.348708 0.793409 -0.478478 0.228775 0.00594649 0.290961 0.0752706 -0.432472 : 0.3
0.75432 0.474362 0.854762 -0.973465 -0.322879 0.512887 0.231822 0.532625 0.011105 : 0.5
0.591854 0.362946 0.835781 -0.523174 -0.315711 -0.220071 0.605851 0.509339 -0.068423 : 0.5
0.550788 0.398815 0.87709 -0.357573 -0.235188 0.0330654 -0.167051 0.185325 -0.848245 : 0.2
0.843783 0.412547 0.9283 -0.882069 0.170033 0.100703 0.350878 0.850687 -0.887026 : 0.2
0.589016 0.318985 0.956906 -0.847064 -0.472117 -0.334615 0.32531 0.744943 -0.0633719 : 0.4
0.665308 0.311198 0.833233 -0.827485 -0.0096541 -0.132587 0.595086 0.737638 0.111204 : 0.3
0.849623 0.335335 0.777141 -0.761626 0.108069 -0.83291 -0.0165868 -0.847018 0.30189 : 0.3
0.721225 0.314147 0.748749 -0.323114 -0.579935 -0.422062 0.0992318 0.896143 0.481276 : 0.6
0.597848 0.41802 0.872097 -0.652166 -0.75835 -0.356281 0.0356376 0.56428 0.202393 : 0.3
0.434027 0.446932 0.849749 -0.683275 -0.139423 0.0581921 0.291458 0.623227 -0.0781999 : 0.4
0.545957 0.260397 0.905664 -0.327295 -0.405584 0.362728 0.396773 0.0702222 1 : 0.4
0.659261 0.378952 0.925535 -0.712117 0.0851915 -0.476719 0.654161 -0.440311 0.64102 : 0.5
0.727502 0.413376 0.913656 -0.851387 -0.217117 0.086278 0.302467 0.672568 -0.809943 : 0.3
0.641438 0.376855 0.766072 -0.646746 -0.387411 -0.373723 0.22598 1 -0.00820746 : 0.4
0.650578 0.36581 0.849169 -0.95176 0.309459 -0.00371679 0.397738 0.400586 0.179037 : 0.5
0.58511 0.305165 0.90562 -0.426886 0.00460237 -0.256152 0.471536 0.197965 0.232618 : 0.8
0.608974 0.349238 0.876836 -0.939735 -0.444516 -0.0388662 0.930881 0.399503 0.214918 : 0.6
0.63351 0.535466 0.86346 -0.392006 -0.280385 -0.205532 0.405996 0.0534105 -0.686831 : 0.5
0.435997 0.24649 0.887383 -0.648478 -0.357827 0.431994 0.417375 0.381061 -0.0326635 : 0.3
0.638706 0.684607 0.689699 -0.981551 -0.245206 -0.47619 0.15894 0.166884 0.612089 : 0.4
0.565147 0.606426 0.848632 -0.709789 0.0526235 -0.306869 1 0.16338 0.224529 : 0.5
0.239055 0.201321 0.910729 -0.544527 -0.116619 -0.346276 0.515939 -1 -0.246679 : 0.5
0.777524 0.469593 0.85031 -0.950756 0.134536 0.00962548 0.311448 -0.0644568 0.0922589 : 0.3
0.589784 0.384115 0.921097 -0.742738 -0.465213 -0.811478 0.631652 -0.0365341 0.301948 : 0.2
0.595909 0.393499 0.860548 -0.667038 -0.114539 -0.452589 -0.0262879 0.590696 0.0970574 : 0.6
0.751429 0.318764 0.431996 -0.865967 -0.93441 -0.360109 0.459858 0.476736 0.195869 : 0.5
0.604362 0.519079 0.86791 -0.85971 -0.751431 -0.451474 -0.037546 0.116132 -0.549982 : 0.1
0.620907 0.54226 0.777204 -0.536055 -0.841819 -0.268233 0.305637 0.894244 0.0897486 : 0.3
0.560758 0.271342 0.599823 0.549189 0.149881 -0.263849 0.250383 0.466894 -0.545564 : 0.5
0.797911 0.3196 0.808111 -0.753898 -0.0725872 0.0751439 0.415219 0.281654 0.174354 : 0.6
0.600384 0.374896 0.798643 -0.846477 -0.236653 -0.253372 0.677481 0.617853 -0.4347 : 0.5
0.636098 0.322386 0.843655 -0.779801 -0.276879 -0.33132 -0.773 -0.0388002 0.0839512 : 0.1
0.643633 0.325914 0.861685 -0.403992 -0.256023 0.143825 0.340357 0.79361 -0.0398013 : 0.4
0.587202 0.529083 0.848507 -1 -0.651159 0.373201 0.716371 0.610041 -0.486365 : 0.4
0.615806 0.396184 0.925212 -0.939201 -0.56039 -0.615479 0.363197 0.961495 -0.0121279 : 0.5
0.84325 0.495034 0.816078 -0.365186 0.292926 -0.0198691 0.416162 -0.0197501 0.408603 : 0.3
0.651271 0.185417 0.836943 -0.968209 -0.145721 1 0.251796 0.138619 -1 : 0.7
0.603899 0.361564 0.893909 -0.978519 -0.352626 -0.240645 0.297851 0.731498 -0.230728 : 0.3
0.626815 0.425549 0.739011 -0.975423 -0.313946 -0.246441 0.556015 -0.332992 0.272355 : 0.6
0.636003 0.379432 0.761094 -0.495655 -0.126985 -0.101613 0.77959 0.324314 -0.0311042 : 0.5
0.657946 0.237986 0.791272 -0.9547 -0.157836 -0.0639223 0.472995 0.546929 0.0366714 : 0.3
0.593003 0.400639 0.818873 -0.237502 0.473369 -0.122356 0.309405 0.722939 1 : 0.6
0.624789 0.347467 0.825901 -0.930226 -0.407765 -0.735249 -0.286326 0.737675 -0.542136 : 0.8
0.675046 0.474419 0.971249 -0.861014 -0.280045 -0.0930578 0.142384 -0.0614125 0.412987 : 0.5
0.773625 0.422653 0.781002 -0.986855 0.0906449 0.0224027 -0.266311 0.20499 0.244328 : 0.3
0.70313 0.393581 0.886598 -1 -0.213948 0.469319 0.660119 1 0.277512 : 0.4
0.60125 0.399805 0.864684 -0.692215 -0.929422 -0.553942 0.0935349 1 -0.148463 : 0.3
0.699209 0.346658 0.891818 -0.584798 -0.520302 -0.494277 0.413287 0.680697 0.693423 : 0.5
0.635729 0.3716 0.858988 -0.792962 0.0301466 0.231858 -0.888333 0.488768 1 : 0.5
0.727179 0.585248 0.88958 -0.270327 0.240571 0.611541 0.503489 0.900788 0.239931 : 0.5
0.395006 0.317244 0.889682 0.38267 -0.239689 -0.196126 -0.0827212 -0.129155 -0.697107 : 0.5
0.821983 0.574819 0.881043 -0.865499 -0.0717015 0.0221674 0.520828 0.184264 0.317376 : 0.4
0.584317 0.429345 0.861485 -0.931787 -0.167177 0.432104 0.0459099 0.131059 -0.0929186 : 0.2
0.585 0.338279 0.993363 -0.961288 -0.504084 0.0531167 0.495234 0.171376 0.125292 : 0.5
0.684608 0.451037 0.8147 -0.792132 -0.320422 -0.011616 -0.204812 0.309906 0.167974 : 0.6
0.678014 0.546908 0.907989 -0.346871 0.0169999 -0.6986 0.261798 0.335605 -1 : 0.8
0.67649 0.46613 0.864129 -0.906074 -0.248489 0.300616 1 0.24207 0.541555 : 0.2
0.601014 0.507367 0.911117 -0.821739 -0.16586 -0.209954 0.781379 1 -0.108252 : 0.4
0.639551 0.406884 0.808154 -0.253188 -0.407786 -0.628946 0.231516 0.39295 0.171256 : 0.7
0.31585 0.423764 0.870909 -0.83286 -0.173095 -0.152063 0.109909 0.204952 -0.791037 : 0.9
0.852054 0.2254 0.727614 -1 -0.198529 -0.490756 0.187017 0.784816 -0.00519042 : 0.5
0.526525 0.53458 0.902735 -0.536205 -0.262302 -0.485537 0.874416 0.19694 -0.105845 : 0.4
0.76284 0.505421 0.929281 -0.313451 -0.121937 -0.147399 0.583568 -0.228858 1 : 0.3
0.609987 0.373954 0.945797 -0.909613 -0.0767927 -0.54048 -0.0790527 0.728787 -0.286829 : 0.6
0.649104 0.324632 0.807797 -0.0586185 0.0495915 -0.197328 1 0.673808 0.386661 : 0.7
0.583782 0.639896 0.811499 -0.701506 -0.310556 -0.274982 0.510504 0.934317 -0.452634 : 0.8
0.79058 0.567 0.862091 -0.427099 0.230284 0.255465 0.880481 0.818268 0.250075 : 0.4
0.647634 0.342277 0.833397 -0.982023 -0.333028 -0.407346 0.941224 0.0691778 -0.977496 : 0.7
0.770785 0.329766 0.861057 -0.619152 -0.180449 0.503631 0.507575 0.0688385 -0.0679537 : 1
0.67219 0.440892 0.846927 -0.711234 0.339951 0.133798 0.426144 0.407431 -0.783072 : 0.6
0.712735 0.295847 0.831518 0.144142 -0.413265 -0.155564 -0.130982 0.425313 -0.720846 : 0.6
0.664937 0.323213 0.870379 -0.813116 -0.0371107 0.0504857 -0.251856 0.702438 -0.166196 : 0.5
0.548567 0.409136 0.899245 -0.355279 -0.29134 -0.660819 0.498506 1 0.192033 : 0.3
0.598384 0.284319 0.881489 -0.292488 -0.404651 -0.519398 0.43074 0.367343 -0.376782 : 0.3
0.788045 0.473162 0.862963 -0.923175 -0.309696 -0.129465 0.474367 0.426881 0.221165 : 0.5
0.61573 0.357456 0.821929 -0.987814 -0.0577496 -0.0398762 0.109194 0.413639 -0.54734 : 0.4
0.618151 0.433403 0.862234 -0.976902 -0.0809771 0.382026 0.336377 0.417392 0.186624 : 0.5
0.602912 0.405978 0.875744 -0.578249 -0.0819469 -0.449901 0.586513 0.859591 0.225556 : 0.4
0.633995 0.389282 0.845953 -0.532393 -0.186257 0.605683 0.640176 -0.0231391 0.326687 : 0.3
0.804101 0.324405 0.863744 -0.76818 -0.478407 -0.0796666 0.68912 0.174119 -0.572694 : 0.3
0.583931 0.272692 0.871008 -0.889854 -0.282969 -0.600617 0.218735 -0.42038 0.0299443 : 0.2
0.606065 0.493504 0.938417 -0.518504 -0.290422 -0.297961 0.197951 -0.37567 0.0688823 : 0.3
0.607933 0.33694 0.845762 0.186503 -0.532472 -0.456992 0.262434 -0.296807 0.219614 : 0.8
0.590493 0.304196 0.66718 -0.533323 -0.198894 -0.254889 0.520568 0.866972 -0.255336 : 0
0.655776 0.350028 0.767826 -0.903626 -0.226138 -0.0867732 0.325614 0.705122 -0.169358 : 0.3
0.618195 0.435241 0.78616 -0.907642 -0.328293 -0.567543 0.112768 0.437962 -0.280513 : 0.8
0.561225 0.502743 0.956677 -0.367319 0.237261 -0.244037 0.403873 -0.134081 1 : 0.5
0.635435 0.365597 0.980745 -0.995305 -0.416428 -0.120452 0.711828 0.659022 1 : 0.6
0.646673 0.34994 0.72256 -0.408408 -0.579242 -0.302653 0.165035 0.132731 -0.104579 : 0.4
0.512078 0.392698 0.8113 -0.637459 0.281136 -0.345152 0.729713 0.636915 -0.10737 : 0.4
0.698924 0.612963 0.913242 -1 -0.206967 0.0199197 0.495328 0.234728 0.360196 : 0.4
0.575258 0.436909 0.797917 -0.445351 -0.485217 -0.165343 0.742698 -0.500928 -0.267418 : 0.8
0.895013 0.338221 0.769674 -0.545674 -0.657419 -0.0879253 0.480835 0.390144 -0.0129761 : 0.4
0.647966 0.423463 0.775639 -0.247361 -0.442426 -0.132638 0.668362 0.557729 -0.202769 : 0.2
0.661294 0.374675 0.897795 -1 0.0160167 -0.00134979 0.352788 0.50164 -0.597738 : 0.3
0.673542 0.421239 0.887161 -0.167473 -0.357261 -0.222198 0.530051 1 -0.716163 : 0.4
0.626868 0.258229 0.857056 0.665195 0.0900988 -0.00315326 0.17125 0.254946 0.138045 : 0.3
0.621267 0.439823 0.813925 -0.947052 -0.0582317 0.0467511 0.635949 0.315192 -0.399451 : 0.7
0.668387 0.434072 0.786497 -0.987777 -0.405498 -0.14377 0.343658 0.188314 -0.0552234 : 0.6
0.54991 0.419242 1 -0.899821 -0.132744 -0.42446 0.607585 0.12414 -0.250686 : 0.5
0.323603 0.514126 0.832715 -0.466741 -0.263362 -0.00361912 0.505971 0.791397 0.101466 : 0.4
0.532915 0.347294 0.837397 -0.850201 -0.520032 0.0421662 0.246271 0.067304 -0.0332283 : 0.6
0.587553 0.437114 0.750393 -0.719189 -0.953144 0.11116 -0.25958 -0.053673 -0.503973 : 0.5
0.635717 0.482035 0.773031 -0.705519 -0.935323 0.0524005 0.0581959 0.876807 0.450758 : 0.7
0.644977 0.471557 1 -0.542853 -0.215379 -0.184294 0.24387 0.766414 -0.140985 : 0.5
0.524483 0.415581 0.744709 -0.7257 -0.203081 -0.170535 0.885024 0.748013 0.616532 : 0.6
0.581595 0.430519 0.808466 -0.615092 -0.0250493 -0.246114 0.13718 0.41161 0.801841 : 0.5
0.621298 0.54411 0.726049 -1 0.197668 0.166855 -0.041056 0.647138 1 : 0.7
0.572502 0.570719 0.870099 -0.435834 0.00162899 -0.816924 0.229911 0.26372 -0.116426 : 0.5
0.61568 0.483973 0.947083 -0.46353 -0.312927 -0.324526 0.765884 -0.00103651 -0.647243 : 0.3
0.720398 0.349578 1 -0.511671 -0.284886 -0.283959 0.576579 -1 0.013654 : 0.1
0.476616 0.338615 0.947536 -0.974166 -0.358853 -0.0968477 0.0688219 0.170287 -0.955687 : 0.8
0.599815 0.395764 0.806877 -0.318587 -0.123164 -0.062979 0.611099 0.223153 0.32039 : 0.2
0.252131 0.483311 0.8486 -0.327348 -0.262176 -0.0456208 0.288253 0.772163 -0.0836622 : 0.7
0.599333 0.546767 0.934428 -0.661337 -0.471218 -0.833487 0.923034 0.820911 -0.482056 : 0.3
0.674987 0.136098 0.951139 -0.998813 -0.126923 -0.635967 0.36525 0.0236033 0.888608 : 0.7
0.632071 0.348009 0.841739 -0.976644 -0.408875 -1 -0.419947 0.685033 -0.0442042 : 0.5
0.577652 0.47768 0.929653 -0.377977 -0.136547 -0.666823 0.322641 0.681967 0.739252 : 0.4
0.64484 0.623662 1 -0.656879 -0.275492 0.375215 0.532979 0.188598 -0.857621 : 0.4
0.616812 0.396803 0.806921 -1 0.205078 0.0229427 0.35073 -0.0325781 0.350797 : 0.7
0.634723 0.409847 0.825294 -0.666018 0.0833657 -0.151035 0.209623 0.574944 0.958504 : 0.4
0.755321 0.220895 0.80023 -0.817988 -0.431129 0.118888 0.641042 0.540941 0.0197933 : 0.6
0.603247 0.569316 0.869116 -0.625255 -0.342542 -0.29079 0.362083 0.96542 0.0855723 : 0.7
0.539116 0.47331 0.776103 -0.72256 -0.0387203 -0.283123 -0.0482491 0.830676 0.44367 : 0
0.668575 0.346382 0.763564 -0.608299 -0.52255 -0.303228 0.781009 0.713484 0.957421 : 0.3
0.590997 0.471255 0.826084 -0.720971 -0.587703 0.113072 0.823781 0.134577 0.52363 : 0.4
0.663724 0.373141 0.894272 -0.97856 -0.244502 0.0286882 0.355244 0.300586 -0.0399218 : 0.7
0.79626 0.48438 0.760218 -1 -0.192977 -0.426755 0.321292 0.865439 -0.158531 : 0.2
0.626364 0.310652 0.8472 -0.948315 0.228691 0.251384 0.326285 0.289667 -1 : 0.3
0.557371 0.647237 0.88882 -0.416723 0.00697121 0.0707585 1 0.334994 -0.00405017 : 0.4
0.433649 0.358512 0.961786 -0.191552 -0.281718 -0.418379 0.554936 0.723232 -0.640882 : 0.2
0.718628 0.375093 0.838163 0.219089 -0.34254 -0.471953 0.448443 -0.325733 -0.548459 : 0.6
0.620533 0.265824 0.903747 -0.203615 0.243341 -0.350104 0.0888474 -0.129405 -0.98178 : 0.5
0.611825 0.425521 0.873648 -0.286444 -0.36754 -0.477807 0.398335 0.684191 0.0391609 : 0.3
0.636418 1 0.701409 -0.74091 -0.566776 -0.224201 0.511452 0.125366 -0.247298 : 0.5
0.613967 0.604142 0.892213 -0.550415 -0.232842 -0.486467 0.230299 0.333248 0.0383157 : 0.3
0.652443 0.404352 0.601284 -1 -0.203434 -0.101355 -0.0346249 -0.0689869 0.166793 : 0.5
0.707807 0.409593 0.84222 -0.938343 -0.401388 -0.0265461 0.396108 0.38369 -0.337563 : 0.8
0.642581 0.317971 1 -0.26099 -0.128983 -0.103967 -0.904938 0.632441 -0.870699 : 0.5
0.659364 0.346994 0.864534 0.500812 -0.20955 -0.186831 0.362776 0.110587 0.192984 : 0.7
0.609305 0.28569 0.922557 -0.846651 -0.405846 -0.245823 0.393235 1 -0.255865 : 0.8
0.598883 0.630632 0.666345 -0.984755 0.0112905 -0.0348147 -0.157416 -0.103714 -0.0660317 : 0.1
0.624356 0.566843 0.795154 -0.465478 -0.113094 -0.2357 1 0.660271 0.0085948 : 0.5
0.698863 0.377186 0.754568 -0.721652 0.0174428 -0.206636 -0.0416832 0.51807 -0.00150718 : 0.2
0.649598 0.435109 0.837899 -0.338241 -0.303732 0.181176 0.158671 -0.298683 0.20052 : 0.6
0.605696 0.434952 0.590049 -1 0.16942 -0.233481 0.54139 0.280482 0.220951 : 0.3
0.740762 0.405189 0.823179 -0.891293 -0.330675 -0.212917 0.595477 0.690769 -0.135873 : 0.3
0.669723 0.380283 0.841752 -0.82347 -0.673705 -0.277436 0.597651 0.775315 0.67457 : 0.3
0.594603 0.418356 0.700298 -0.968641 -0.582813 -0.0397104 0.567343 0.0821391 0.311852 : 0.7
0.633642 0.302969 0.900523 -0.615385 0.127139 0.300889 0.25286 0.487864 -0.176108 : 0.5
0.847006 0.471648 0.855984 0.0726143 -0.418721 -0.0253516 0.333205 0.38286 0.395443 : 0.6
0.635391 0.551025 0.868431 -1 0.131889 -0.254188 0.315488 0.331508 0.616818 : 0.2
0.522574 0.342293 0.879787 -0.605197 -0.427701 -0.0976887 1 0.776438 -0.503125 : 0.6
0.642852 0.44645 0.87632 -0.76116 -0.598814 -0.175666 0.235827 0.477133 0.0356131 : 0.7
0.580261 0.458372 0.796691 -0.678883 -0.09771 -0.29396 0.677102 0.681815 0.102261 : 0.7
0.607097 0.310728 0.860901 -0.849578 -0.0157081 -0.136584 0.813719 0.210177 -0.583207 : 0.4
0.625063 0.344907 0.837084 -0.609695 -0.875041 -0.466849 -0.0515205 0.340347 -0.277426 : 0.3
0.635647 0.420935 0.857398 -0.950574 -0.258061 0.126089 0.528733 0.166678 -0.161534 : 0.5
0.601534 0.360939 0.87878 -0.633663 -0.210717 0.0593792 0.655838 0.0904492 0.179013 : 0.4
0.72071 0.346084 0.839971 -0.208122 -0.00804392 -0.309571 0.451413 0.311065 0.148207 : 0
0.644191 0.302643 0.856411 0.321411 -0.012961 -0.196048 0.129702 0.392689 -0.143605 : 0.5
0.870681 0.491429 0.951728 -0.895587 0.0544644 0.0362805 0.428057 0.194459 0.396421 : 0.2
1 0.432432 0.933532 -0.968014 -0.358044 -0.0961049 0.00258428 0.0677887 0.160814 : 0.7
0.591784 0.32329 0.919577 -0.959206 -0.696097 -0.332398 0.675166 0.640419 0.336415 : 0.4
0.616542 0.649572 0.862563 -1 0.0327676 0.0866622 -0.0234767 0.497283 -0.0875593 : 0.3
0.655229 0.35867 0.849441 -0.918269 -0.106631 0.239915 0.14108 0.980685 -0.105229 : 0.4
0.642226 0.336517 0.679453 -0.978771 0.23439 -0.0140751 1 0.0383316 -0.0556992 : 0.6
0.837882 0.416711 1 -0.748861 0.127911 0.0976865 0.391173 0.899433 1 : 0.8
0.664928 0.34828 0.880141 -0.86083 -0.351484 0.101268 0.274856 1 -0.0935074 : 0.5
0.61757 0.580391 1 -0.980734 -0.190083 0.186876 0.537973 0.591598 0.231474 : 0.6
0.60686 0.368048 0.816862 -0.560202 -0.520903 -0.468366 -0.114882 0.121139 0.225886 : 0.1
0.575105 0.475174 1 -0.631531 -0.2539 -0.766658 0.894778 0.61364 0.0966249 : 0
0.573951 0.365586 0.874288 -0.820212 -0.190654 0.248574 0.703068 1 -0.0428733 : 0.5
0.607591 0.323306 0.886316 -0.914669 -0.163128 -0.0929857 0.354965 0.220936 0.0557687 : 0.6
0.642926 0.363012 0.767135 -0.925243 -0.507989 -0.301403 0.664123 1 0.192422 : 0.9
0.570739 0.526723 0.946594 -0.582491 -0.19428 -0.428331 -0.040802 0.637588 0.783375 : 0.3
0.6844 0.156069 0.849135 -0.748221 -0.668532 -0.0101991 0.365525 0.543344 -0.352424 : 0.2
0.641295 0.363215 0.915993 -0.701744 -0.251371 -0.703692 -0.478313 0.378749 -0.199351 : 0.5
0.622079 0.367245 0.666783 -0.263182 -0.517648 -0.383772 0.151059 0.465998 -0.58443 : 0.4
0.581841 0.262557 0.841377 -0.975941 -0.0658825 0.0245032 0.580308 -0.0697231 1 : 0.4
0.631753 0.466254 1 -0.966859 -0.117187 -0.510533 0.465191 0.307093 0.111782 : 0.4
0.545129 0.426166 0.771186 -0.97621 0.421765 -0.00332438 0.355251 0.138544 0.0979246 : 0.7
0.641791 0.363659 0.95374 -0.899498 -0.319417 0.485625 0.889748 0.647597 -0.495773 : 0.5
0.569436 0.372532 0.970756 -0.961306 -0.657595 -0.413766 0.358542 0.234845 -0.0658647 : 0.3
0.818752 0.551376 0.945283 -0.854198 -0.338669 -0.816466 0.833493 0.198773 0.0149428 : 0.2
0.61932 0.481639 0.928983 -0.68617 0.334428 -0.235328 0.787338 0.677664 -0.446095 : 0.6
0.67096 0.632573 0.741719 -1 -0.211754 0.118813 1 0.0649154 -0.0542199 : 0.6
0.526657 0.355033 0.599222 -0.840119 -0.0823088 -0.234013 0.285279 0.563729 -0.181425 : 0.4
0.674048 0.429863 0.896128 -0.92069 -0.0572264 0.206174 0.471184 0.00435442 0.0178795 : 0.5
0.798945 0.39157 0.871571 -0.907388 -0.0923603 0.122658 1 0.334124 0.269331 : 0.6
0.665871 0.327492 0.906838 -0.868164 -0.535075 -0.00426984 -0.277405 0.08289 -0.403113 : 0.3
0.58212 0.419915 0.898777 -0.686547 -0.265653 -0.199511 0.580592 -0.23198 1 : 0.3
0.591864 0.400827 0.78965 -0.846267 -0.367223 0.102327 0.561576 0.206078 0.0911513 : 0.5
0.632327 0.397268 0.705944 -0.745317 -0.561304 -0.275958 0.741935 0.592679 0.945936 : 0.4
0.607044 0.439669 0.888243 -0.615572 -0.168663 0.15039 0.128828 0.181545 0.240963 : 0.4
0.543339 0.372713 1 -0.632193 -0.284799 0.107483 0.271894 0.355178 -0.312995 : 0.5
0.509796 0.348476 0.863945 -0.848668 -0.241695 0.0595217 -0.0108437 0.670445 0.0757898 : 0.3
0.605384 0.489594 0.956866 -0.49519 -0.420436 -0.12733 0.589123 1 -0.236063 : 0.5
0.612444 0.315318 0.889159 -0.832389 -0.58277 0.0435038 0.468016 -0.238654 0.105092 : 0.6
0.595422 0.343741 0.909668 -1 -0.721799 0.190388 -0.122603 0.201041 -0.113116 : 0.8
0.41769 0.377513 0.7967 -0.959926 -0.142589 0.138252 -0.131601 0.451969 0.0275828 : 0.5
0.641187 0.359792 0.928388 -0.392866 0.367862 -0.59992 -0.0300647 0.382889 0.772975 : 0.6
0.635368 0.319259 0.867273 -0.841106 -0.293097 -0.148351 0.634723 0.319449 -0.0594398 : 0.6
0.666904 0.308646 0.823885 -0.740556 -0.185007 -0.262568 0.58856 0.86348 0.0252217 : 0.4
0.597692 0.340671 0.980222 -1 -0.0424636 -0.226956 -0.287442 0.572369 -0.0810843 : 0.4
0.618301 0.33343 0.511513 -1 -0.409082 0.197278 -0.174734 -0.113546 1 : 0.4
0.502246 0.377565 0.977262 -1 -0.300696 -0.0541356 0.323971 0.271932 -0.357438 : 0.3
0.772432 0.59193 0.746966 -0.828372 -0.550945 0.112863 -0.0699926 0.125639 0.235544 : 0.7
0.602558 0.361816 0.792287 -0.82184 -0.264295 0.340246 0.532421 0.991033 1 : 0.6
0.519973 0.357732 0.874726 -0.69286 -0.268083 -0.248541 0.34669 1 -0.642471 : 0.3
0.728952 0.381448 0.824711 -0.532858 -0.75749 -0.602414 -0.0165227 -1 -0.578132 : 0.5
0.750136 0.332342 0.979279 -0.904341 -0.0193633 0.0466223 0.537439 0.119631 0.452214 : 0.3
0.62138 0.316586 0.700799 -0.770714 -0.669505 -0.0884395 0.228785 0.383109 -0.140466 : 0.5
0.59629 0.341822 0.908923 -0.957522 0.0636246 -0.672612 0.708927 0.735266 -0.0640101 : 0.3
0.650591 0.380014 0.510903 -0.880283 0.10595 0.0690756 0.0754336 0.176625 -0.294234 : 0.6
0.572335 0.518392 0.752357 -0.31879 -0.0369658 -0.666771 0.599261 0.714076 0.584235 : 0.6
0.711475 0.490846 0.847989 -0.880609 -0.394183 0.0225291 0.281064 0.303132 0.0340932 : 0.6
0.585953 0.314518 0.822904 -0.629295 0.617605 -0.197807 0.405996 0.00107881 0.00262177 : 0.7
0.632861 0.458639 0.54115 -0.688687 -0.24917 0.281836 0.0802054 -0.323628 1 : 0.5
0.609404 0.568554 1 -0.392574 -0.482989 -0.30472 1 0.161255 0.0443004 : 0.2
0.674782 0.330203 0.793571 -0.371452 -0.623585 -0.145393 0.222883 0.353302 -0.253316 : 0.3
0.553862 0.322685 0.999996 -0.898221 -0.0809347 -0.263559 1 0.227841 0.243495 : 0.6
0.586965 0.356574 0.994074 -0.909875 -0.109697 0.00850549 0.524969 0.715756 -0.239213 : 0
0.598862 0.366999 0.569925 -1 -0.520398 -0.165279 0.683698 0.570147 -0.788722 : 0.3
0.645397 0.350962 0.881039 -0.638458 -0.0204495 -0.847133 0.391717 0.378639 1 : 0.6
0.751675 0.402008 0.775917 -0.252931 -1 -0.223336 0.316712 0.933351 0.143539 : 0.4
0.616337 0.34006 0.861545 -0.990429 -0.425878 -0.0234159 0.214348 0.132046 0.0860265 : 0.5
0.568783 0.44994 0.743187 -1 -0.499881 0.501514 0.0792776 0.204728 0.35113 : 0.8
0.600868 0.23181 0.847362 -0.494106 0.00628608 -0.329638 1 0.979636 -1 : 0.7
0.586197 0.413213 0.859313 -0.345197 -0.138004 0.00408488 0.0679298 0.0950917 0.181006 : 0.5
0.607149 0.293993 0.896732 -0.935436 0.391237 0.110303 0.72251 0.501804 0.0506961 : 0.7
0.620258 0.149716 0.872755 -0.980357 -0.151496 -0.0317433 -0.0466065 0.0903399 0.59106 : 0.3
0.640485 0.471498 0.891981 -0.85102 -0.238281 -0.0357916 0.305853 0.288305 0.148604 : 0.6
0.598697 0.32589 0.844332 -0.120658 -0.175482 -0.193227 0.31255 1 -0.184909 : 0.5
0.463484 0.31651 0.938747 -0.514119 0.0343293 0.0772924 0.532809 0.427974 -1 : 0.6
0.604844 0.345172 0.869795 -0.851674 -0.356903 -0.710588 0.284218 0.562956 -0.774524 : 0.7
0.681055 0.266524 0.772835 -0.521268 0.0415131 -0.229261 0.638794 0.550407 -0.211464 : 0.5
0.610041 0.438629 0.937579 -0.628919 -0.294869 -0.792721 -1 0.576644 0.665282 : 0.6
0.85647 0.496013 0.857865 0.0475707 -0.0959814 -0.399845 0.681971 0.73839 -0.0164238 : 0.3
0.645233 0.546303 1 0.370142 -0.395873 -0.33133 1 0.126056 0.0955431 : 0.4
0.61345 0.330377 0.932382 -1 -0.241591 -0.640363 0.515298 0.902628 -0.512901 : 0.3
0.653802 0.319696 1 -0.0740058 -0.146563 -0.872967 -0.62734 0.662947 -1 : 0.7
