0.491866 -1 0.156698 0.385329 -1 -0.0291668 0.0618428 0.979532 0.298818 : 0
0.511285 -0.36169 -0.962832 0.515716 -0.408482 -0.106043 0.370521 -0.806647 0.323956 : 0
-0.139978 -0.132605 -0.292816 0.665112 -0.630565 -0.0548095 1 -1 -0.0874327 : 0
0.537859 1 0.448759 -0.109369 -1 -0.0839657 0.425427 0.355001 -0.636017 : 0
0.262497 0.393025 -1 -0.345869 0.719744 1 -0.436797 0.0544324 0.653011 : 0
0.238501 0.113317 -0.13319 0.0975184 0.221723 -1 0.565474 -0.745257 -0.352039 : 0
0.42933 0.909905 0.159059 0.211414 0.385217 -0.308934 0.131012 -0.0966016 -0.359987 : 0
0.802953 -0.764786 -0.493468 0.620884 0.269393 0.223474 0.0403621 -0.147097 0.117769 : 0
0.2628 0.203837 0.167132 -0.0386903 -0.0576701 -0.872502 -0.680497 0.6772 0.236937 : 0
0.604941 0.0832367 -0.539197 -0.301226 -0.31439 -0.0362496 1 -1 -0.648658 : 0
0.321433 0.269038 1 0.28929 -0.119156 -0.329282 -0.377386 0.933581 0.595449 : 0
-1 0.813263 -0.325313 0.0418973 0.137707 -0.296116 -1 0.123117 0.147413 : 0
-0.605624 0.645902 0.28279 -0.241801 0.127335 -0.398591 -0.283745 0.332167 0.131204 : 0
1 1 1 -0.0742106 0.183302 0.435075 0.811315 0.385165 -0.146673 : 0
0.349934 0.426302 0.189475 -0.833094 0.398715 0.174217 -0.907993 0.410946 0.200907 : 0
0.218175 -0.11216 -0.650359 0.235675 0.398203 0.0452956 0.0390939 0.104641 -0.662365 : 0.1
0.751905 0.966395 0.638037 -0.354001 -0.209801 -0.389105 -0.622726 0.65603 0.416875 : 0.4
0.405256 0.471207 -0.509342 0.511279 0.51763 -0.187549 0.951933 0.300108 0.674273 : 0
0.999254 -0.677258 -0.459351 -0.292511 0.781956 -0.529577 0.283606 1 1 : 0
0.167801 0.820575 0.674083 0.385796 0.755354 0.708151 0.546335 0.0384833 0.953478 : 0
0.399272 -0.13667 0.163788 0.455112 0.455438 0.105319 0.207017 -0.574764 0.84858 : 0
0.369521 -0.597959 -0.613342 0.351938 -0.0216229 -0.349758 -0.261611 0.226733 1 : 0
0.445547 0.268213 -0.509163 0.167778 0.0914832 0.267274 -0.0185521 -0.598429 0.587413 : 0
0.971916 -0.941064 -0.606448 -0.106055 0.147873 0.056665 0.847129 0.275314 -0.423355 : 0
0.236274 -0.336778 0.321667 0.255259 0.0846436 0.212273 -0.408088 0.209762 -0.1091 : 0
-1 -0.38181 -0.829214 -0.936776 0.528676 0.0165418 0.390153 -0.0402243 -0.31462 : 0
0.258487 -0.37227 -0.439998 -1 0.1715 0.50798 0.652758 0.164874 0.747935 : 0
-0.328864 0.325493 -0.179552 -0.135472 -0.549667 0.0878027 1 0.055713 0.447137 : 0
0.489789 0.307997 -0.44912 0.522027 1 0.390538 -0.0379987 -0.59564 0.226406 : 0
-0.0843082 0.159667 0.293876 -0.325965 -0.217726 -0.45711 -0.911128 0.294778 -0.0919951 : 0
0.140492 -0.0678396 0.0918845 0.0823084 0.273747 0.743776 -0.576819 0.133292 0.0855116 : 0
-0.851559 -0.10211 1 0.366743 0.760564 -0.0211949 0.40437 0.967201 0.273094 : 0
-0.47075 -0.381152 0.878331 0.0921891 0.578638 -0.348893 -1 0.0780246 0.139917 : 0
0.217766 0.759799 -0.686785 0.528199 0.338319 -0.0907428 0.0395592 0.0531407 -0.318722 : 0
0.305748 0.880027 -0.120308 1 -0.380968 -0.84456 0.22235 -0.962506 0.582044 : 0
0.60005 0.115659 -0.575211 0.722202 -0.566332 -0.672016 0.0985044 0.903627 -0.855142 : 0
-0.527457 0.791776 -1 0.167036 0.147759 -0.165832 -0.537194 0.361144 -0.685249 : 0
0.169043 0.799052 0.198531 0.570277 0.337622 1 -0.205932 -0.387694 -0.81482 : 0.1
0.614127 -0.737599 0.359645 -1 1 -0.0724831 -0.139758 -1 -0.575342 : 0
0.149573 0.478469 -0.149314 0.157601 0.88571 0.0904478 0.343342 0.320504 0.478375 : 0
0.95358 1 -0.0228593 0.333362 0.693645 0.355525 0.773139 -0.152136 0.752762 : 0
0.218658 0.577177 -0.345213 0.251785 0.0180207 0.0123752 0.244045 -0.348374 -0.0501806 : 0
0.200541 0.670713 -1 -0.0743361 0.750454 1 0.893241 0.347556 0.724477 : 0
0.612153 0.308439 -0.623026 0.188313 1 -0.338821 -0.63141 0.370248 0.857765 : 0
-0.185522 0.261271 1 0.274072 0.381361 -0.0214235 0.19884 0.663031 -0.151884 : 0.2
0.61045 -1 0.13183 0.465183 0.00237372 0.46103 0.464392 0.332461 -0.381667 : 0
0.635122 0.469199 -0.701365 -0.63641 -0.562562 -0.332874 1 -0.203119 0.723995 : 0
0.746397 0.0483577 0.86668 -0.882309 -0.365098 0.970466 0.720554 0.339981 0.549475 : 0
0.945099 -0.386308 -0.782951 -0.86297 0.225644 0.766433 0.757125 -0.0719164 0.32597 : 0
0.617746 0.997277 -0.964101 -1 0.108057 0.278032 -1 0.424918 1 : 0
0.771154 0.110791 0.392332 0.245564 0.557024 0.29259 0.0349951 -0.685073 1 : 0
0.132405 0.4003 -0.262241 0.19589 -1 0.633035 -0.542935 -0.794327 -0.669392 : 0.1
-0.353867 0.711737 -0.317627 0.033824 1 0.580409 -1 -1 0.358049 : 0
1 -0.0501297 1 -0.155629 -0.740109 0.48086 -0.702446 -0.538193 0.254552 : 0
0.225018 -0.377828 -0.961694 -0.617335 -0.37159 0.0692904 -0.165798 -0.10824 -1 : 0
0.169852 0.196817 -0.276281 -0.0207199 -0.355381 -0.261619 -0.230458 0.335361 -0.251622 : 0
0.46695 0.139342 -0.129532 -0.147445 -0.150415 0.120219 -0.00666714 0.521298 0.0988531 : 0
0.150162 0.705303 0.170453 0.411305 -0.00218076 0.587708 -0.170144 0.358446 -0.342489 : 0
0.600333 -0.62305 -0.508348 0.157717 1 0.510724 1 0.322501 0.215975 : 0
-0.138394 0.980316 0.689615 -0.193608 0.364529 -0.313933 -0.0281511 0.453268 1 : 0
0.583878 -0.0544664 -0.367497 -0.171008 -0.56672 0.244406 -0.208881 -0.270029 -0.781833 : 0
-0.538563 0.15792 -0.0448757 0.746237 0.0583023 -0.56632 -0.615635 0.276547 0.157736 : 0
1 0.416358 0.617178 0.633775 -0.410432 0.42523 -0.503246 1 -0.502703 : 0
0.561284 -0.291898 0.0411769 -0.740371 0.719619 0.48465 -0.304432 -0.72085 0.388238 : 0
0.206419 0.693985 -0.276641 -0.103708 0.0180108 0.433709 0.374628 -0.0349064 0.96044 : 0
0.395809 0.406675 0.127016 0.580627 0.958508 -0.487361 -0.877402 0.440776 0.0896343 : 0
0.145508 0.1295 -0.103416 0.490317 -0.115953 -0.556203 0.210301 -0.0283631 -1 : 0
0.19828 -1 0.532139 -0.0873612 -0.0709317 0.585547 0.0340971 0.0999002 -1 : 0
0.760855 0.315415 -0.607681 -0.54462 -0.320639 -0.247418 0.604699 0.599852 1 : 0
0.287478 0.567848 -0.233186 -0.136083 -0.0698693 0.249883 0.193567 -0.443276 -0.94717 : 0
0.196028 0.41226 -0.284048 -0.552089 0.085307 0.445918 0.0903104 -0.416647 -0.215544 : 0
0.149505 -0.522684 -0.656219 0.779102 -0.205577 -0.207609 0.231946 -1 -0.977513 : 0
0.833844 0.458769 0.416231 0.603312 -0.432788 0.677075 -0.197129 -0.0479215 0.304099 : 0
-0.11607 0.653585 0.988743 0.544536 0.105047 -0.131473 0.790163 -1 -0.196946 : 0
0.114761 -0.0542682 -0.257801 -0.0930845 0.0870119 0.311296 0.295791 -0.589462 0.197741 : 0.1
0.490153 0.407727 -0.128173 0.00281516 0.282476 -0.376572 -0.532887 0.120297 0.626574 : 0
0.287958 0.454773 -0.487073 -0.189804 0.775439 -0.940748 0.332152 0.542516 -0.29874 : 0
-0.305366 -0.339369 0.908082 -0.0457687 -1 -0.448439 0.618962 -0.690276 -0.559473 : 0
0.943988 -0.281139 0.10966 0.017394 -0.709127 0.515236 0.568646 -0.616332 -0.0966403 : 0
-0.154484 0.914954 -0.460631 0.00531413 -0.301871 0.275857 0.549847 0.732196 1 : 0.1
0.267312 -1 0.0631385 0.198427 0.0593723 -0.0838118 -0.548724 0.186434 0.940695 : 0.1
0.281706 0.0685479 0.657558 -0.756653 -0.215128 0.445199 -0.462666 0.225065 -0.980339 : 0
-0.314161 0.686984 -0.776912 0.191342 -0.0211723 -0.440181 -0.0936795 0.00229727 1 : 0
-0.233573 -0.0603979 0.541277 -0.0369117 1 0.566593 -0.983428 -0.225783 0.592125 : 0
-0.194996 0.114859 0.461199 0.127629 0.81799 0.15181 -0.191525 0.779632 0.0349806 : 0
-0.730311 0.0859004 -0.223011 0.0156499 0.410913 0.529743 0.435935 0.664831 -0.148338 : 0
-0.377978 0.252941 0.104713 -0.0732269 -0.212442 0.712691 0.356206 0.351187 -0.235436 : 0
0.024561 0.784288 1 0.695764 -0.575437 -0.357209 0.362308 -0.543251 -0.762078 : 0
-0.210359 -0.899517 0.871811 0.105664 0.160948 -0.217236 -0.0774071 0.882842 0.49364 : 0
0.632283 0.781071 -0.0725664 -0.0372282 -0.409461 0.352727 -0.365569 -0.591794 0.327368 : 0
-0.523014 -0.286616 -0.0115985 0.266398 -0.288219 -0.330932 0.426384 -0.199686 -0.0433989 : 0
0.631265 0.610275 0.0654501 0.219899 -0.351174 0.455976 -0.123922 -0.496309 0.472224 : 0
0.647583 0.524007 -0.319355 0.0330964 -0.80264 -0.252153 -0.288892 0.389577 -0.683489 : 0
-0.648373 0.977841 1 -0.348693 -0.739161 0.0759546 0.662887 -0.417764 -0.561589 : 0
0.144976 0.0550262 -0.100726 0.467939 0.622699 0.0253758 -0.499926 -0.537584 -1 : 0
0.0581339 0.114231 -1 0.922674 -0.815396 0.247976 0.592849 -0.207048 0.366047 : 0
0.326315 0.579963 -0.257246 -0.00182271 0.833629 -0.16891 -0.273708 0.897196 0.291675 : 0
-1 0.825182 0.173915 -0.193001 0.356587 -0.278144 0.166636 0.57758 -0.446142 : 0.1
-0.197484 0.617831 0.928315 0.299515 0.112841 0.335168 0.250482 0.783253 1 : 0
-0.0323218 -0.0111053 0.304392 -0.91525 0.547089 -0.706871 -0.0347719 0.440291 -0.696354 : 0
0.72547 0.0163628 0.164187 0.627475 -0.994983 -0.247866 0.363511 -0.609342 0.939156 : 0
0.593318 -0.0380231 -0.432945 0.0352771 -0.390168 -0.13173 0.98613 0.90064 0.644639 : 0
0.899508 0.854757 -0.988341 0.837747 0.175054 -0.708112 -0.213677 0.0444096 0.688144 : 0
-0.302409 0.167616 -0.799194 -0.248211 -0.398239 -0.573559 0.715108 0.927188 -0.310364 : 0.1
0.844311 -0.233722 1 0.325779 0.736943 0.0177748 0.393378 -0.734408 1 : 0
0.42481 -0.0811074 0.0624834 0.137793 1 0.502608 -0.511913 -0.638066 -0.0789585 : 0
-0.284061 0.949507 0.60376 0.444605 -0.533233 -0.193825 -1 0.819736 0.354348 : 0
0.246775 0.500223 1 -0.196467 0.370525 -0.195556 -0.445544 0.463195 -1 : 0
0.249656 0.788529 -0.304202 0.499964 -0.185254 0.590099 1 0.417659 -0.193762 : 0
0.484685 0.264703 -0.267559 0.752403 0.767501 -0.433034 -0.0497332 -0.67019 0.580827 : 0
0.0601905 -1 -1 -0.144655 0.438733 -0.624123 -0.695171 -0.400954 0.846669 : 0
-0.0351071 0.331282 -0.53323 0.450857 -0.22031 -0.56599 -0.775406 0.921513 -0.714984 : 0
1 -0.211385 0.298661 0.369269 0.391921 -0.481529 0.0289103 -0.387714 -0.519501 : 0
-0.444636 0.290219 -0.253615 -0.421799 0.00846383 0.694659 -0.740911 -1 0.523881 : 0
0.745776 0.717924 -1 -0.947542 -1 -0.687536 0.0604888 -0.257217 -0.112737 : 0
0.244434 1 0.175856 -0.279885 -0.541933 0.850355 -0.201991 -0.939519 -0.093817 : 0
0.904151 0.705875 -0.604506 0.962008 1 -0.87218 -0.0533158 -1 -0.193454 : 0
0.442709 -1 0.0674376 1 0.358086 1 -0.24491 0.688301 -0.779831 : 0.2
-0.20064 0.71164 0.687081 -0.364915 -0.916059 -0.502008 0.0497308 0.0402026 -0.642506 : 0.1
0.351479 0.300679 -0.125407 -0.287176 0.264933 0.525599 -1 0.593474 1 : 0
0.252404 0.0288444 0.57947 0.365487 -0.0729484 0.251435 0.18436 0.381574 0.304745 : 0
0.85774 0.597278 -0.610034 1 -0.32037 -0.274702 0.895352 -0.430751 -0.466184 : 0
-0.443202 -0.104825 1 -0.693373 0.0266194 1 0.00543347 0.00377101 0.0455148 : 0
0.31954 1 0.296763 0.319056 0.707183 0.299397 -0.103452 0.142504 0.988584 : 0
0.308157 0.448364 0.277791 -0.215202 -0.744316 0.273023 0.568707 -1 0.523629 : 0
-0.942789 -0.371275 -0.0390849 0.352213 -0.355954 0.361917 0.583035 0.29164 -0.215927 : 0
1 -1 -0.693738 0.440742 -0.0748133 -0.383195 0.00921845 0.436611 -0.536081 : 0
0.693866 0.87062 -1 -0.957453 0.0348758 -0.700638 0.0682388 -0.106543 -0.326026 : 0
-0.0593837 -0.621964 0.53587 -0.514142 -0.618053 -0.219345 -0.944833 -0.0942076 -1 : 0
-0.783596 0.977966 -1 -0.0546222 0.559577 -0.765906 0.937786 -0.592071 1 : 0
-0.083028 0.288593 -0.270043 -0.294809 0.442572 1 1 -0.350086 0.412646 : 0
0.181117 -0.253965 -0.310775 0.682509 0.189533 0.238163 -0.5208 -0.533848 -0.928466 : 0.1
-0.133665 0.614461 1 0.582291 -0.923355 0.149779 -0.196242 -1 -1 : 0
-0.0276901 -0.131159 0.483439 0.304659 0.902005 -0.0628551 -0.228439 0.157476 0.00959018 : 0
-0.817719 -0.341657 -0.849379 0.462824 -0.975118 0.694033 0.541782 -0.736013 -0.211498 : 0
-0.207779 0.75643 1 -0.645234 0.255066 -0.506359 0.326432 0.981389 0.478978 : 0
-0.52991 0.178463 0.997048 -0.119778 1 1 0.0503 0.898607 0.138495 : 0
0.261678 0.0930744 -0.418124 0.482149 0.309753 1 -0.733336 0.316811 0.338116 : 0
-1 1 -0.42123 -0.250028 0.147551 -0.243403 -0.283585 -0.0599915 -0.523513 : 0
0.580691 0.941806 -0.358735 0.405389 0.390832 1 0.132508 -0.0556018 -0.541711 : 0
0.79879 0.988602 -0.742101 0.378787 0.114165 0.610294 -0.0513298 0.300181 1 : 0
0.773455 0.612958 -1 0.412526 -0.560702 -0.0568277 -0.123511 -1 0.429017 : 0
0.623542 1 -0.468121 0.272858 0.286445 0.965348 0.289575 -0.898274 -0.828634 : 0.3
0.103129 -0.0366104 0.597152 -0.0167732 -1 0.568218 0.589978 0.245421 -0.395936 : 0
0.82023 0.467171 0.483819 1 0.633216 0.711468 0.204931 0.489649 0.148362 : 0.1
-1 0.0746524 -0.12979 0.0023053 -0.574671 -0.985781 1 -0.533545 0.783148 : 0
0.617802 -0.250258 -0.454496 0.237386 1 -0.546758 0.150903 1 -0.609576 : 0
0.262998 -0.455456 -0.108056 0.605777 1 0.295952 0.122623 -0.0538938 -0.193618 : 0
0.634701 0.0915362 -0.213673 -0.225077 0.717189 0.279375 0.190253 0.892591 -0.686035 : 0.2
0.433356 0.597197 0.0245514 0.731958 -0.523754 0.745369 1 -0.0374604 0.860082 : 0
0.445871 -0.201477 -0.471291 0.863069 0.0368881 0.441077 -0.377713 -0.335143 0.40744 : 0
0.501541 -0.563889 0.36049 -0.903105 0.549161 -0.683894 -0.785147 0.48316 -0.777931 : 0
0.320675 1 -0.597194 1 -0.0984267 0.0193804 0.567121 0.671615 -0.194706 : 0
-1 -0.463409 -0.543447 1 0.117901 0.982736 0.502574 0.19112 -0.269344 : 0.1
-0.129528 -0.897384 0.735305 0.0124605 0.455633 -0.681803 -0.294803 0.879002 -1 : 0
-0.201657 0.773929 0.187447 -0.0773653 -0.594128 0.214295 0.0701149 1 0.129577 : 0
0.729128 1 -0.877028 -0.518165 0.210197 -0.112061 -0.0508451 0.684947 0.0247786 : 0
-0.484902 -0.686881 0.334343 0.628768 0.0629854 0.351754 -0.173321 0.0199107 -0.592175 : 0
0.391988 0.214466 -1 -0.808737 0.351606 -0.56642 -0.0621628 0.481805 0.0272863 : 0
0.97899 0.63703 -0.352454 -0.473482 -0.814395 -0.697222 -0.359627 0.931267 0.335139 : 0
1 0.996474 -0.112138 -0.242791 -0.421146 0.220134 0.479145 -0.0949082 -0.399799 : 0.1
0.447539 -1 0.109413 0.382887 0.219432 -0.345965 0.407773 -0.385007 0.496579 : 0
0.192409 0.417253 0.873993 -0.404063 -1 0.681734 0.0843902 -0.280015 0.644463 : 0
-0.332519 0.36765 0.618228 0.303574 0.944841 0.200516 0.350157 -0.309027 -0.558061 : 0
0.4385 1 -0.882923 0.850288 -0.223546 0.336777 -0.120799 -1 0.568085 : 0
0.0817168 -0.0266469 -0.395141 0.0816962 0.235627 0.259591 0.171477 0.672656 0.339346 : 0
-0.167467 0.138778 -0.563607 0.250519 1 0.125138 -0.593152 -0.404669 0.702241 : 0
-0.396589 -0.393235 1 0.555359 -0.132073 0.984646 -0.788625 0.10648 0.0808759 : 0.1
0.299557 0.410941 -0.249646 -0.463488 0.379437 0.273029 0.11108 -0.0496499 -0.106455 : 0
0.815087 0.000430942 -0.234873 0.394154 0.320422 0.0182623 -0.206134 0.829809 -0.653467 : 0
1 1 -0.79651 0.115621 0.292524 -0.0908369 -0.0727021 -1 0.403058 : 0.1
0.201505 0.0774881 -0.123884 -0.24777 0.0935844 0.373301 -0.270253 -1 -0.817357 : 0
0.498325 -0.00794601 -0.50939 0.86644 -1 0.12898 0.21537 -0.0231987 0.135303 : 0
0.768707 -0.691866 0.207107 0.157949 -0.0749809 -0.567041 0.438335 0.186115 0.611157 : 0
0.780707 0.958347 0.147096 1 0.743358 1 0.0646108 0.280929 0.218317 : 0.1
0.372466 0.962737 -0.51092 0.703461 -0.340491 0.849024 1 0.056817 0.0193936 : 0
-0.266127 -0.00689673 0.869175 0.622016 -0.46148 -0.781682 -0.865767 0.557118 0.55582 : 0
-0.120278 0.287352 0.284435 -0.0651642 -0.365488 -0.462451 -0.0765003 0.398635 -0.94854 : 0.2
-1 1 0.101425 -0.528231 0.153705 -0.307727 -0.0372429 0.00630236 0.208797 : 0
0.426033 0.144737 0.935468 0.178903 0.772395 0.153981 -0.837948 0.442346 0.409734 : 0.1
0.515209 -1 -0.618791 -0.352371 0.760719 0.0874659 -0.116614 0.657808 -0.378764 : 0
-0.32764 -0.44 -0.735329 0.327116 0.281839 -0.641539 -0.388606 0.291602 -0.453326 : 0
0.82693 0.0125632 0.117328 -0.467993 -0.349566 0.00941819 -0.224406 -0.173349 0.412871 : 0
-1 0.658104 0.432359 0.602276 0.0166232 0.344008 0.254737 0.064336 0.765556 : 0
0.999307 0.207931 0.113731 1 0.519432 0.614646 0.578587 -0.507661 0.143415 : 0
-0.218212 0.653371 0.491152 0.217876 -1 -0.0460934 -0.00191242 -0.680786 -0.267122 : 0
-0.202205 0.916331 0.180773 0.017498 0.114761 -0.958747 0.425732 0.910622 0.134629 : 0
0.164407 0.187297 0.931471 -0.465351 -0.265964 -0.191683 0.0144964 -0.196665 -1 : 0
0.313935 -0.207687 -1 0.083856 0.587682 0.444089 -0.320651 0.476864 0.580601 : 0.2
0.620046 1 0.660625 -0.154321 0.12512 0.383786 0.177773 0.937472 -0.776484 : 0
0.386004 -0.817809 0.181772 -0.172375 -0.666123 -0.34456 0.0929303 0.471726 0.429111 : 0
-0.00130111 0.713828 0.0996494 -0.423293 0.228763 0.259313 0.809741 0.0402602 0.309172 : 0
-0.997941 -0.206002 -0.0657673 0.339501 0.0153714 0.525468 -0.246027 0.740589 -0.558935 : 0
-0.513906 -0.204212 0.0982793 -1 1 0.587896 0.844269 0.712393 -0.238947 : 0
-0.23537 -0.357293 -0.720196 0.183867 0.506196 -0.0744427 0.343621 0.561632 0.157959 : 0.1
0.112006 -0.371688 -0.707609 0.381884 -0.881881 -0.151444 0.303091 0.735399 0.279102 : 0
0.065164 -0.329636 -1 -0.395347 -0.227726 0.654227 0.675742 -0.146493 0.582006 : 0
-0.192916 0.872062 -0.898489 -0.452539 0.622742 -0.377362 0.574593 -0.0958906 0.28704 : 0
0.68343 0.000671387 0.745078 0.0836304 0.705115 0.334467 -0.2481 -0.831542 0.12284 : 0
0.296009 0.194906 -0.112446 -0.36482 0.320156 -0.617208 0.924737 -0.325899 -0.0104394 : 0
-0.213783 0.0758196 0.259575 -0.411731 1 0.837001 -0.0662391 -1 -0.495213 : 0
1 0.713151 -1 -0.568759 -0.546351 -0.863356 0.79181 -0.103534 1 : 0
-0.141015 0.911041 -0.595392 -0.00539905 0.169311 -0.622998 0.27755 -0.794562 -0.190232 : 0.1
0.519547 0.310487 -0.328424 0.735518 0.218741 0.843848 0.874774 0.378812 1 : 0
0.335443 -1 0.0945433 0.0344692 0.786981 0.00776204 -1 0.263274 0.194299 : 0.1
0.592361 0.982753 1 0.239758 0.00731385 0.789214 0.140452 -1 0.622911 : 0
0.240666 0.903988 -0.643781 0.155472 0.075536 0.652313 -0.0124751 0.0515455 0.180589 : 0
0.522889 0.350847 0.252416 -0.749018 -0.706927 -1 0.941642 0.181772 0.510856 : 0.2
-0.174613 0.86725 1 0.33282 -0.176338 1 -0.361466 1 0.471727 : 0
0.740273 -1 0.130944 -0.333488 0.276819 -0.163808 0.0469744 0.446114 -1 : 0
0.16347 -0.359435 0.0103089 -0.39236 0.665476 -0.632919 -1 -0.182427 -0.00875056 : 0
0.275765 -0.76114 -0.582726 -0.143993 0.0849455 0.643417 0.152971 -0.00360477 -0.213143 : 0
-0.45442 -0.955035 -0.668743 -0.268865 0.0271527 0.775644 0.398832 -0.690945 0.374599 : 0
-0.7266 0.721506 -0.385054 0.872513 -0.808444 0.397715 0.378407 -0.409924 0.74067 : 0.1
0.26858 0.31848 -0.100247 0.430801 0.0618079 -0.476446 -0.429231 0.337431 -0.316831 : 0
0.840751 0.619449 -0.570469 0.0664651 0.557593 0.553044 0.425982 -0.276933 -0.507721 : 0
-0.506564 -0.118644 -0.582474 0.387287 0.110659 0.105232 1 0.713842 -0.420952 : 0
0.689419 -0.187466 -0.976574 0.0342979 0.289645 0.152934 0.231165 0.587789 0.324095 : 0.3
0.779503 -0.254774 1 -0.129334 0.150316 -1 0.196872 0.591773 0.269993 : 0
-0.905618 0.23837 0.406603 0.417109 0.256991 0.382451 -0.634244 -0.00086455 -0.407537 : 0
1 -0.123429 -1 -0.32092 0.689309 -0.207348 0.858526 -0.612211 -0.403675 : 0
0.147122 -1 0.14281 0.37544 -0.281491 -0.0851564 0.252923 0.127335 -0.0670083 : 0
-0.636896 -0.0428362 -0.491076 0.37043 -0.0310658 0.572579 -0.676844 0.41447 0.631095 : 0.1
0.926461 0.613975 0.0473686 -0.786213 0.275258 -0.547129 0.700182 0.202807 0.335215 : 0
0.798331 1 -0.385124 0.387752 0.162698 0.351265 -0.0286726 1 -0.743541 : 0.3
-0.124962 -0.205437 0.717078 0.852822 0.675381 0.00498176 0.160981 -0.701195 -0.589673 : 0
0.566529 -1 0.43232 0.267209 0.294461 -0.0713345 0.00201201 -0.76269 -0.748287 : 0
0.307516 -0.54671 -0.529509 0.337612 -1 -0.401228 0.259888 0.159464 -0.785547 : 0
-0.0936601 0.0332412 0.667172 0.0797608 0.893118 -0.597413 -0.0618304 -0.74418 -0.146366 : 0
-0.369613 -0.762419 -0.666707 0.185472 0.597013 -0.167265 -0.501503 0.192062 0.879811 : 0
-0.863941 0.565645 -0.123838 -0.359935 0.181964 1 0.701627 -0.677097 -0.671337 : 0
0.125973 0.256336 0.264285 -0.160458 -0.216771 0.19017 0.356122 0.259112 -0.804615 : 0
0.652888 -0.517933 -0.0370558 1 -0.391999 0.575111 0.152117 -0.778373 0.475776 : 0
1 0.414516 -0.24401 1 0.763004 -0.865544 -0.488115 0.43399 0.806492 : 0.1
0.195729 0.444638 0.187483 0.153255 -0.0224299 0.0844822 0.465174 -0.0910361 0.115223 : 0
1 -0.00626731 -0.0130087 -0.254416 0.323764 -0.0704824 -0.838467 -0.00968418 -1 : 0
0.724441 -0.308717 1 -1 0.324543 -0.736684 0.857734 -0.823148 0.566963 : 0
0.132191 -1 -0.453527 0.594371 -0.385082 -0.794937 0.0396039 -0.500122 -0.682717 : 0
0.374029 -0.487853 -0.055851 -0.6073 0.421977 0.604541 -0.280214 -0.784099 -0.929723 : 0
-0.00309618 1 0.734336 -0.342033 -0.753036 -0.455999 0.848155 -0.169809 -0.35319 : 0.1
0.708512 -0.43357 -0.0375083 -0.540453 -0.543144 -0.101454 1 -0.725165 0.35711 : 0
0.330433 -0.353327 0.871989 0.0738242 -0.789042 -1 0.486868 -0.596761 -0.646995 : 0
0.395368 0.656508 0.423909 0.486697 -0.491671 -0.306991 0.743338 0.150111 -0.802568 : 0
0.0660426 0.3837 -0.420013 0.697122 -0.419415 -0.241891 0.0763301 -0.459464 -1 : 0
-0.917356 1 -0.524067 0.545355 0.105914 -0.663484 0.374008 0.166282 -1 : 0
-0.271 0.680771 0.279857 0.558738 -0.107886 0.664732 0.920743 0.596612 0.166679 : 0
0.144753 -0.00703007 -0.0673421 0.123538 -0.823741 -0.374309 0.0796365 -0.964259 -0.274516 : 0
1 1 -0.136124 -0.444378 0.628632 0.475249 -0.954213 0.819566 -0.607502 : 0
-0.207594 0.614433 0.850135 -0.299375 0.47468 0.572207 -0.872737 -0.863594 -0.398859 : 0
0.424397 0.684018 -0.00700819 -0.109719 -0.5895 -0.470634 1 0.0650449 -1 : 0
0.143022 0.346218 0.147648 0.138492 -0.977332 0.198199 -0.759059 -0.00985011 0.535295 : 0
0.314185 0.662852 -0.328088 0.314051 0.123565 0.52192 0.681017 -0.0319417 0.41648 : 0
0.315613 0.712026 0.16192 0.245137 -0.27305 0.348382 -0.276641 -0.509511 0.446017 : 0
-0.119308 -0.240206 -0.634264 0.00852117 0.203206 0.194966 0.0913883 0.0602633 0.144995 : 0
0.544858 -0.27746 0.376268 -0.337641 0.0675094 -0.491573 -0.296192 -1 0.2986 : 0
0.425552 -0.207212 -0.483858 -0.0925671 -0.522408 0.364929 0.146624 -0.245594 0.271368 : 0
-0.309089 0.204007 -0.454488 -0.464115 0.350965 -0.267241 0.867611 -0.390776 -0.412024 : 0
0.495705 0.853729 -0.437906 -0.142273 -0.607924 -0.149825 -0.742873 -0.38493 -0.617717 : 0
0.706258 -1 0.066226 -0.996917 -0.0987027 0.44024 -0.456007 0.323118 0.161746 : 0
-0.414438 0.207886 0.0268804 0.312827 0.168537 0.226454 0.392052 -1 0.499534 : 0
-0.564307 -0.243879 0.618178 -0.42763 0.0778447 0.821429 0.480025 -0.163677 0.212472 : 0.1
-0.347447 0.406621 -0.468898 -0.139136 -0.723139 -0.395186 -0.106466 0.640238 -0.32178 : 0
0.165865 0.801379 -0.796238 0.0673332 1 0.51644 -0.386301 -1 -0.0953273 : 0.1
0.520264 1 0.0288178 0.879444 -0.130415 1 1 -0.696016 -0.61402 : 0.2
0.0273864 0.965607 0.324199 0.0371266 0.0358087 0.730712 0.663903 -0.155478 -0.55144 : 0
0.574683 -0.233783 -0.370595 0.0469931 0.350909 -0.21594 -0.291324 0.563279 -0.783289 : 0.1
-0.0328119 1 0.27256 -0.725748 0.255678 0.993781 -0.322652 0.134465 -0.802297 : 0.1
0.533684 0.237184 0.596399 0.88557 0.573715 -0.35454 -0.816005 0.245329 0.278631 : 0
-0.23525 -0.0651542 0.875828 -0.183819 -0.238977 -0.698098 0.293823 0.0497316 0.659688 : 0
-0.343666 0.913375 -0.471724 0.546243 -0.382854 -0.299718 0.288156 0.648193 -0.316411 : 0
-0.554337 0.151886 0.17429 0.344509 -0.444996 -0.171849 0.0807078 0.0163973 -0.481181 : 0
0.89115 0.491306 1 0.144444 1 0.499698 -0.273437 -1 1 : 0.2
-1 1 -0.837659 0.453436 -0.109635 -0.812429 -0.337888 0.816684 -0.189403 : 0
0.229415 1 0.595335 0.333243 -0.49788 -0.134878 -0.192854 0.195986 0.814555 : 0
0.564472 0.190375 -0.796637 -0.140615 0.273644 0.671014 -0.15712 0.482939 -0.481095 : 0
0.544048 0.408617 0.0513041 1 0.528951 -0.202425 0.23588 0.231398 -0.739125 : 0.3
0.158548 -0.672744 0.287081 0.0389606 -0.02857 0.288549 0.273907 -0.683694 0.0364568 : 0
0.531213 0.645387 -0.142059 0.914623 -0.388821 -0.736692 0.0111451 -0.521499 0.669559 : 0
-0.246668 -0.771952 -0.106897 -0.706283 1 0.685542 -0.468617 0.831537 -0.218098 : 0
0.17047 0.440966 1 0.386337 0.18863 0.551965 -0.283568 -0.697198 0.649916 : 0
0.335957 -1 0.103421 0.434266 -0.503352 0.805476 -0.062634 -0.493936 -0.380781 : 0
0.0395352 0.91139 0.404498 0.149806 -0.390096 0.151469 -0.306611 -0.917651 -1 : 0.4
-0.0216418 0.21977 1 0.315352 -0.211693 -0.232783 -0.52525 -0.136499 1 : 0
0.0942731 -0.143768 -0.98792 -0.0823331 0.0478547 -0.323451 -0.0325337 0.650568 0.0530423 : 0
-1 0.0731969 -0.429459 -0.0337664 -0.379854 -0.539067 -0.201691 -0.0874696 -1 : 0
0.666975 1 0.904598 -1 0.371167 -0.663383 -1 -0.632611 -0.543463 : 0
-0.424807 0.769844 0.388255 0.232979 -0.658707 0.114314 -0.305435 -0.945659 0.244145 : 0
1 0.799518 0.128141 -0.484773 -1 0.291932 0.0356735 0.0362319 -0.797638 : 0
1 -0.0955085 -0.364117 -0.133713 0.281148 -0.428102 -0.804533 -0.0398934 -0.793311 : 0
0.105849 0.875346 -0.228943 -0.121901 -0.223621 -1 0.471925 -0.863397 0.499299 : 0
1 0.917248 0.301376 0.151164 -0.34403 0.172054 0.822088 0.677314 0.0822305 : 0
0.188962 0.525405 0.781656 -0.117007 -0.278946 -0.895696 -0.881761 0.143838 -0.563502 : 0
0.523378 0.583222 -0.672493 0.0725567 0.76684 1 -0.497945 -0.103085 -0.150755 : 0.3
0.301843 -0.810169 -0.273991 -0.0532647 0.31581 0.648708 0.76874 0.895345 -0.0516945 : 0
-0.165287 -0.436233 -1 -0.518857 0.576683 -1 0.219371 0.0851974 0.121131 : 0
0.867941 0.709575 -0.0667326 0.649865 -0.1912 0.291953 0.158895 0.465418 -0.119493 : 0
0.915603 0.914753 0.511344 1 -0.00836715 -0.272108 0.173594 1 -0.435812 : 0.1
0.166194 0.38005 0.293952 0.347944 0.191791 -0.403792 -0.121346 0.0912286 1 : 0
0.694272 0.894826 -0.224687 -0.0858437 0.0125219 0.557619 0.749662 -0.197968 -0.139012 : 0
0.516882 1 0.131368 0.348444 0.172204 1 1 -0.240673 0.0536646 : 0.3
0.402887 0.425577 -0.3288 0.214493 1 0.729989 -1 0.689321 -0.0254814 : 0
-0.255471 0.557105 -0.2196 -0.28354 -0.550685 0.311289 -0.302726 -0.902592 0.420564 : 0
-0.229729 -0.124129 -0.817798 0.234094 0.546499 0.314349 -0.0266082 0.0270009 0.352094 : 0
1 0.775115 0.459878 0.968932 -1 0.144105 -0.149796 -0.290223 0.0738354 : 0
0.344977 -0.0474373 -0.0550732 0.327765 0.465987 0.306326 -0.173564 0.476832 -0.128616 : 0
-0.139165 0.589888 -0.0204053 0.114605 -0.0556896 0.233398 -0.0457326 0.823865 -0.685552 : 0.2
0.293916 0.140368 0.214676 0.0700496 0.393527 0.548813 -0.717043 0.500768 -0.368967 : 0.5
0.50817 -0.396683 -0.0210468 0.0399946 1 -1 0.755974 0.341049 -0.135406 : 0
-0.165198 0.236898 0.498676 0.694884 -1 0.432424 -0.39553 0.400083 -0.890878 : 0
1 0.76863 -0.662075 -0.51659 -0.173588 0.161455 -0.195725 -0.0103539 -0.575612 : 0
0.0317399 1 -0.0451413 1 0.00905659 -0.258244 -1 -0.809559 -0.752669 : 0
-0.29153 0.197664 -0.236382 -0.360006 -0.100988 0.295977 -0.115089 0.475401 0.722771 : 0
-0.311182 0.0970384 0.29507 -0.34248 1 0.571381 0.252955 -1 -1 : 0
0.600043 0.175931 -0.302522 0.194707 -0.228443 -0.488796 0.0569413 -0.789222 -0.976416 : 0
0.402571 0.641287 0.256255 0.286332 -1 0.818402 0.412314 -0.186155 1 : 0
0.140814 0.420831 0.275427 0.679772 0.199471 0.230801 0.341723 0.159664 0.268843 : 0
0.445528 -0.312074 -0.816754 -0.944573 -0.868184 0.108265 -0.117227 0.146462 -0.750692 : 0
-0.0692765 0.238335 0.398305 0.0460643 1 0.34647 -0.18356 0.385878 -0.349794 : 0
0.624731 0.300248 0.707211 -0.428402 -0.42053 0.481346 0.643956 0.701112 -0.68128 : 0
0.392498 -0.202567 0.277856 0.836722 0.3646 0.892618 -0.0631762 0.800461 -0.0137392 : 0
-0.863498 -1 -1 0.555013 0.834908 0.502288 0.214137 0.338593 0.192443 : 0
-0.310196 0.859899 -0.361101 0.122343 0.352659 0.221207 0.365215 0.352275 0.629938 : 0.1
0.317632 1 -0.191847 -0.149559 0.701907 -0.0923572 0.844386 -0.30124 0.220027 : 0
-0.17284 0.774345 -0.0171945 0.391882 -0.384512 -0.369018 -0.0714857 0.664675 0.39933 : 0
0.969948 -0.728579 -0.166741 -1 0.264424 -0.202722 -0.666031 0.214623 -0.00865054 : 0
-0.498757 -0.585501 -0.770776 -0.0284323 0.146572 -0.0896903 0.294283 -1 0.308662 : 0
0.425689 0.0332201 -0.731631 0.486796 0.656206 -0.19591 0.0883582 -0.801846 0.412118 : 0
-0.100562 0.0765558 0.074468 0.587175 -0.0694029 -0.769054 -0.294727 0.367007 0.378479 : 0
0.0211958 0.185689 -0.286496 0.0342407 -0.729056 1 -0.489469 0.86228 -0.56424 : 0
0.723832 0.41998 -0.772212 -1 0.853857 0.0802019 -0.808064 0.205965 -0.826448 : 0
-0.606556 1 0.179541 -0.330732 -0.512813 0.378974 -0.715632 0.945216 0.80598 : 0
1 0.797005 -0.901132 -0.17181 0.287952 -0.747641 -1 0.169133 0.244283 : 0.1
-0.247675 -0.0373829 -0.48924 -0.0267312 0.00699762 0.33541 0.198711 -0.483867 0.172328 : 0
-0.672606 0.193384 -0.20441 0.0575274 0.142276 0.542128 -0.714489 -0.631202 -0.479715 : 0
-0.324175 0.420884 1 -0.568858 0.35046 -0.646775 -0.235073 0.0201964 0.698266 : 0
0.848283 0.622991 0.0978073 0.306932 -0.606217 -1 -0.545194 -0.230148 0.315358 : 0.2
0.152928 0.257427 0.573569 0.0729913 -0.489922 -0.44554 0.0886091 0.0148857 -0.458658 : 0
0.0166293 0.0735296 -0.261925 0.307282 0.042574 0.332141 -0.0283533 -0.839559 -0.577856 : 0
0.282124 -0.597007 0.0422303 -0.945041 0.768313 0.625608 -1 0.577163 -0.346622 : 0
0.223963 0.651028 -0.157409 0.180817 0.207851 0.85864 -0.0662106 0.153877 0.404002 : 0
-0.673146 0.791426 0.926596 0.533234 -0.0814527 0.491087 -0.0172406 -0.338463 -0.505687 : 0
-0.983481 -0.947466 -0.162352 0.526692 0.116693 0.0159735 0.0549828 -0.164363 0.532704 : 0
0.672138 0.0392759 1 0.20622 0.400483 0.183116 -0.208491 -0.319001 0.988548 : 0.2
0.876185 0.331533 0.000926495 0.0874243 0.385099 0.249215 -0.176284 -0.0552561 0.0801061 : 0.2
-0.319873 0.972597 -0.123043 -0.414997 -0.764791 -0.368514 -0.372018 -0.687021 0.624382 : 0
0.306666 -0.133735 -0.24238 0.114478 -0.172167 -0.253989 -0.423831 0.188393 0.544772 : 0
-0.406173 -0.0945274 -0.141129 -0.65903 0.544325 -0.482429 -1 0.873768 0.148844 : 0
-0.0759314 0.281004 -0.182018 0.119022 0.703451 -0.213075 -0.465534 0.267924 -1 : 0.1
0.145385 0.616391 -0.456474 -0.408011 -0.262318 0.0711727 -0.430217 0.645028 -0.665333 : 0
0.346959 0.0863951 0.323045 -0.162002 0.598339 0.0243912 -0.0775092 0.165419 -0.0954601 : 0.1
-1 0.55039 -0.480925 0.341536 0.632446 0.0166568 0.27211 0.647412 -0.581918 : 0.2
0.406944 -0.197885 -0.371631 0.00936936 0.745315 0.705198 0.764736 0.415766 0.692393 : 0
0.0299893 1 -0.666167 0.270453 0.105528 -0.30598 -0.939772 0.473851 -0.559094 : 0
0.0991025 0.975424 -0.579616 -1 0.174856 0.908215 0.901911 0.735314 0.749568 : 0
1 0.882314 0.417507 -0.659491 0.290693 -1 -0.43005 -0.400107 -1 : 0
0.694828 0.530175 0.0334108 1 0.917235 -0.631592 -0.415534 -0.364141 -0.434396 : 0
1 -0.203518 0.313737 0.931928 0.741657 -0.222952 -0.619205 -0.207891 0.815099 : 0
-0.716554 1 -0.305635 0.358252 -1 -0.388139 -0.847752 0.212919 -0.288786 : 0.1
0.479667 -0.648862 0.909389 1 1 0.0372614 1 0.574246 -0.345907 : 0
1 -0.973617 0.107001 0.060617 -1 0.510387 -0.1403 -0.439404 -0.590243 : 0
0.0860374 -0.750558 -0.419281 -0.590654 0.403574 1 -0.287766 0.740011 -0.564528 : 0
-0.354554 -0.190811 0.876751 1 0.370424 -0.169365 -0.106381 0.305584 0.280025 : 0
0.258798 0.449554 -0.378406 0.036358 -0.0856373 -0.0810251 -0.506709 0.379231 0.494686 : 0
-0.837476 -0.301602 -0.555327 0.67696 0.00366187 0.243327 0.298026 0.302647 -0.0658749 : 0
-0.425803 0.749992 -0.463058 -0.125824 -0.885389 -0.416493 0.0736876 0.221011 -0.361068 : 0
1 0.687679 -0.641904 0.0451748 0.0195809 -0.24631 0.114964 0.287384 0.422929 : 0
0.297309 0.243551 1 -0.456113 0.821128 0.034588 0.464076 0.650063 -0.155134 : 0
0.136564 0.458247 0.383304 -0.284254 0.0010286 -0.771224 -0.640852 0.389538 0.199893 : 0
0.997181 0.466498 -1 -0.0332605 0.424083 -0.0634551 0.299976 0.226664 1 : 0.2
0.235654 0.782854 -0.398351 -0.173393 -0.246084 -0.32287 0.138824 0.434225 -0.0491174 : 0
0.135284 0.926495 0.364103 -0.0823838 0.355094 0.73566 -0.305476 0.382803 0.0880869 : 0.2
0.646216 0.495023 -0.965046 -0.0734811 0.044544 -0.243476 -0.0299776 0.711495 -0.100619 : 0
0.855574 -0.644817 0.273072 0.619927 -0.995654 1 -0.366049 -0.558999 -0.0171106 : 0
1 0.848868 0.760522 1 -0.57098 -0.682649 0.880343 -0.276736 -0.0746043 : 0.2
0.347917 0.119257 0.521458 0.681854 0.329578 -0.0472267 0.975115 0.250054 -0.01709 : 0
-0.621107 0.294878 0.298915 0.522178 0.086848 -0.755176 -0.39348 0.0578164 0.0510999 : 0
0.779976 -0.315091 0.969365 0.05407 0.451822 0.367028 0.375617 -0.927376 -1 : 0
0.212707 -0.169203 -0.761987 0.65535 0.253111 0.198313 0.404914 -0.567107 0.115454 : 0
0.509592 1 -0.873259 0.142117 0.74594 -0.392349 -0.579234 -0.420063 0.825992 : 0
0.469805 1 0.309762 0.707087 -0.93898 0.780951 -0.377426 0.670446 1 : 0
1 0.248882 -0.574713 1 -0.404533 -0.545443 0.582026 0.6576 -0.471959 : 0.2
-0.388618 0.0980586 -0.523216 0.0700645 -0.129141 0.301049 -0.0336554 -0.0791179 -0.560676 : 0
0.662431 0.6381 0.199597 -0.0961035 -0.284886 0.245986 -0.464374 0.277211 0.0508922 : 0
0.598664 0.726253 -0.46074 0.329019 -0.882792 0.575392 1 -1 1 : 0.1
-0.528366 -0.559457 -0.677999 1 -0.717734 -0.503506 -1 0.899055 -0.0174293 : 0.1
0.624786 0.452003 0.214719 -0.370521 0.377254 0.0523185 0.0293656 0.57823 0.177759 : 0
0.229479 1 -1 0.425474 0.348415 0.132367 1 0.0609195 0.449006 : 0
0.643257 1 -0.0126026 0.00245184 -0.711749 0.265198 0.824553 -0.3481 0.891468 : 0.1
0.645477 0.124463 -0.159491 0.443687 -0.118237 0.277998 -0.564086 0.205594 -0.0453876 : 0
0.6838 1 -0.428213 0.205004 0.484102 -0.317981 0.322854 0.434977 0.663067 : 0
0.715754 0.74968 -0.693543 -0.723374 0.231826 0.463955 0.490852 1 1 : 0
0.790397 -0.842908 -0.0227978 -0.159282 0.228562 -0.0293101 -0.369978 0.476596 0.630047 : 0
0.135456 0.433678 -0.446553 0.653339 0.245459 0.541532 0.268241 0.318707 0.36178 : 0
-0.86731 0.610029 0.010769 1 0.233066 -0.115091 -0.313647 0.450962 0.17863 : 0
0.189771 0.571982 0.280297 0.801967 0.0265773 0.743085 0.624999 0.212132 -0.0167696 : 0
0.396672 0.316043 0.299611 0.664738 -0.75339 -0.677547 -1 0.67072 -0.108654 : 0
-0.823597 -0.295641 1 0.058593 -0.926712 -0.160983 -0.11363 0.729921 0.226823 : 0.1
-0.137284 -0.216721 -1 -0.385568 -1 -0.414917 -0.967595 0.791136 -0.398341 : 0
0.170014 0.622589 0.343762 -0.0567179 0.0773863 0.821093 0.308462 -1 -0.51422 : 0
0.228936 0.0229806 -0.574853 -0.122653 0.809709 -0.523461 -0.125595 0.269544 -0.00783251 : 0
1 -0.724345 -0.016819 0.674567 0.496822 1 0.24144 -0.720916 -0.425486 : 0
0.107652 0.249083 -0.107532 -0.0909777 0.291943 0.540832 0.333869 0.447797 -0.305032 : 0
0.387492 -0.236637 -0.421023 0.281028 1 -0.549777 1 0.449397 -0.0409505 : 0.1
0.0468792 0.155284 -0.107691 -0.292711 0.651792 0.26359 0.081843 0.8986 0.16639 : 0
-0.530966 1 -1 -0.434217 0.547449 0.586163 -1 -0.19023 0.0403759 : 0
0.34682 0.502655 -0.611819 0.0150997 0.395905 0.721646 0.285787 0.600402 0.226487 : 0
0.464044 0.395847 0.39401 0.889983 -0.380623 0.256964 0.307516 0.468332 0.0977595 : 0
0.370322 0.289493 -0.427187 -0.462215 -0.540571 -0.394365 -1 0.273911 -0.551285 : 0
0.0982709 -0.617404 -0.790277 -0.183585 -0.460381 -0.759263 0.50795 -0.334348 0.193576 : 0
0.343084 -0.797233 0.133075 -0.0101935 0.870833 -0.252453 -0.363649 1 -0.203802 : 0
0.452793 0.359885 -0.115704 -0.406501 1 0.205148 -0.234806 0.106801 -1 : 0.2
1 0.369297 -0.457465 -0.55553 -1 -0.307557 0.435955 0.442333 -0.650993 : 0.1
0.399106 1 -1 0.397015 0.177142 0.3808 -0.0780148 -0.978974 0.236083 : 0
0.65245 1 -0.0839867 0.0730823 0.0614291 0.861832 -1 -0.515659 1 : 0
0.105726 -1 0.412521 -0.460288 0.549158 0.0810379 0.118229 0.259179 -0.419799 : 0
0.535803 0.887576 -0.372839 -0.623187 -0.0292708 -1 -0.216952 0.52851 0.0545077 : 0
0.422488 0.0756855 1 0.563799 0.615709 0.950272 0.744709 0.63669 0.508913 : 0
0.743204 0.460023 -0.263622 0.019958 -0.92637 0.324917 -0.0580466 0.452947 0.723136 : 0
0.432953 -0.302605 -0.249455 -0.376201 0.54838 0.594815 0.521094 0.551623 0.382616 : 0
0.319782 0.029158 0.284466 -0.935868 -0.515509 -0.0800072 -0.182405 0.00756077 -0.450592 : 0
-0.0627414 -0.228164 -0.637898 0.310657 -0.295498 -0.261321 -0.551685 0.220545 0.518556 : 0
0.687976 0.743779 0.16984 -0.0448323 0.0224144 0.586701 -0.126751 0.147893 -0.837159 : 0
-0.248326 0.656333 0.354729 -0.162505 -0.345243 0.312644 -0.215426 0.120504 -0.942681 : 0
0.461754 -0.243924 0.866491 -0.820082 -0.205725 -1 -0.714697 0.408708 0.175334 : 0
0.445672 0.165319 1 -0.0103915 -0.212282 -1 -0.61793 0.924065 -0.35818 : 0.1
-0.679345 -0.912513 0.0568246 -1 -0.641973 -0.775121 0.665174 -0.425733 -1 : 0
0.238167 -0.533427 -0.175162 -1 0.144375 0.599469 0.262266 0.869118 -0.346819 : 0.5
0.625313 0.741486 -0.636125 0.00905666 0.32759 -0.2366 0.0279826 -0.497781 -0.16492 : 0
0.0653679 -0.222502 -0.111308 0.292409 -0.0171272 -0.504868 0.67041 -0.5809 -0.74256 : 0
-0.864723 0.0119386 -0.40724 0.0509381 0.272413 0.266666 0.288939 0.491521 0.160798 : 0
-0.719444 0.559793 -0.160131 0.629837 0.465125 0.00789821 0.854492 0.284837 0.780641 : 0
0.064337 0.636312 -0.625992 -0.41408 -0.714874 0.586275 -0.840298 -0.402546 0.807338 : 0
1 0.402708 -0.475102 -0.365948 -0.434093 0.065383 0.706891 0.0828911 -0.829118 : 0
-0.141017 -0.757367 0.00304037 0.537714 0.0346952 0.815337 -0.442148 -0.334515 -1 : 0.1
0.460749 -0.902869 0.848432 0.964072 0.305785 0.0370466 0.500355 1 -0.49825 : 0
-0.248861 -0.720974 -0.906426 0.360388 0.377344 -0.233838 -0.215133 0.246026 -0.498498 : 0
0.648002 0.881356 -0.0646569 -0.0431561 0.135213 0.817682 0.300794 0.418875 -0.120305 : 0
0.831872 0.638817 1 -0.16363 0.230464 0.694061 0.342043 0.922969 -0.711459 : 0
0.698794 0.519255 -0.140737 -0.0496914 0.208696 0.482053 -0.332458 -0.403049 -0.171097 : 0
-0.232755 0.250449 0.397099 0.0736165 0.433416 -0.357397 0.421917 0.540661 -0.686857 : 0
-0.0218762 -0.19428 -1 0.667431 0.405611 -0.14048 -0.170216 0.241414 0.629042 : 0
0.668355 0.912437 -0.321442 0.268963 5.76004e-05 0.874745 0.0364435 -0.0320835 -1 : 0.5
0.882872 -0.237511 -0.72035 0.296978 0.311371 -0.358092 1 0.452012 -0.159193 : 0
-0.558121 -1 0.217727 0.0925764 -1 0.129619 -0.225484 -0.668317 -0.765182 : 0
0.206611 -0.624137 -0.381881 -1 -0.298467 -0.285781 -0.293485 -0.135504 -0.652786 : 0
0.669717 0.606785 0.278501 0.553903 -0.441291 -0.082945 -0.148302 -0.854888 0.268209 : 0
0.225087 -0.97092 -1 0.53529 0.4688 0.917175 -0.33461 0.629719 -0.290557 : 0
0.698408 1 0.822605 -0.430559 0.211147 -0.367455 -0.861135 0.432228 0.943651 : 0.1
0.291634 0.223388 1 -0.319749 0.302067 0.657629 -0.380811 0.359956 -0.105573 : 0
0.235252 -0.205563 -0.539109 -0.606677 -0.23399 -1 0.019225 0.292975 0.286448 : 0
0.25519 0.656528 -0.951885 0.508875 0.387304 1 -0.0708148 -0.693732 0.449211 : 0
0.127507 -0.870858 -0.82055 0.332202 0.529202 -0.533476 0.0260282 -0.530534 -0.614177 : 0
0.707777 0.462412 1 -0.0380671 -0.00364906 0.42112 0.0264615 0.137882 0.222493 : 0
-0.720499 -1 -0.280531 0.21998 -0.132889 0.0253997 0.665258 0.219059 -0.51917 : 0
0.176676 0.718436 -0.60495 0.112867 0.597237 0.322014 -0.22491 0.395565 0.816649 : 0
-0.240566 -0.437517 -0.26129 -0.724931 -1 -0.168006 -1 0.581867 0.267908 : 0
0.461286 1 0.253328 0.0861384 0.830898 0.385485 -0.0283509 0.836365 -0.0905092 : 0
0.417393 0.747911 -0.0411468 -0.107646 -0.558204 -0.33611 -0.292394 1 0.115743 : 0
0.26003 1 0.511598 0.622684 0.376592 0.0993402 -0.169915 -1 0.539374 : 0
0.434997 0.384074 0.328997 -1 -0.660685 0.0894545 -0.227005 -0.711015 0.223653 : 0
-0.044718 0.631282 0.823712 0.298767 0.0683666 -1 -0.760521 0.638963 0.23357 : 0
0.151961 0.721383 0.00885022 -0.149821 0.264205 -0.194299 -0.29592 0.316381 0.659091 : 0
0.350939 0.623673 -0.442721 0.128569 1 -0.190064 0.860102 0.0777472 0.173114 : 0
-1 0.106126 -0.526163 0.0177093 0.371986 -0.0835108 -0.244321 0.679169 0.440053 : 0.1
0.555742 -0.750182 1 -0.179656 -0.7562 -0.433714 0.411087 0.314259 -0.24056 : 0
-0.196456 -0.401036 0.67215 -0.799136 0.631873 -0.564649 -0.204332 -0.47072 -0.449166 : 0
0.493241 0.984385 -0.351207 0.351501 -1 -0.350522 1 -0.00397009 -0.272417 : 0
0.047833 0.352616 0.806726 0.69707 1 -0.371377 0.83601 0.364841 -0.0122806 : 0
-0.214637 0.561248 0.930279 0.0249623 0.48501 0.137959 -0.329357 -0.317971 0.119976 : 0
0.73524 0.771126 0.977722 0.774993 1 0.017107 0.811818 0.083792 -0.447176 : 0
-0.950468 0.93736 -0.89867 0.642867 -0.0359754 0.458341 -0.0156068 -0.297585 0.443479 : 0
0.558276 0.315768 0.64062 0.0147282 -0.431989 0.526773 0.578856 1 -0.856073 : 0
0.698509 1 0.30473 0.376349 0.234721 -0.036305 0.125727 -0.263595 0.899819 : 0
0.328119 0.509057 -0.202787 0.469212 -0.362757 0.862068 -0.401123 0.224258 -0.424966 : 0
0.126977 1 -0.263021 0.850484 -0.318386 -0.0649432 0.287861 -1 -0.859518 : 0
0.466472 -0.740168 -0.566357 0.94585 0.57252 -0.188812 0.595552 0.269661 -0.070489 : 0
-1 0.450166 -0.148132 0.73279 -0.0113855 -0.440729 -0.652893 0.32823 0.268597 : 0
0.865378 -0.0192283 0.15126 0.401373 0.532819 -0.594455 0.285345 -0.718135 0.76466 : 0
-0.189044 -0.719868 0.030725 1 -0.470787 -1 0.61624 0.0666904 0.774181 : 0
0.00791774 0.918596 -1 -0.730162 -0.367074 0.00130564 -0.279746 0.359067 -0.739728 : 0
-0.0566054 -0.370814 -0.355703 -0.0895386 0.869626 0.728894 0.122109 -0.500484 -1 : 0
1 0.0475696 -0.77774 -0.973392 -0.665751 -0.636346 0.0904915 -0.0348623 0.218135 : 0
-0.471784 0.385225 0.426801 -1 -0.123639 0.49217 0.0433181 0.101027 0.512433 : 0
0.476088 1 -1 -1 -1 0.137869 -0.305434 0.523024 -0.623281 : 0
0.507876 -1 0.60962 -0.0556507 1 -0.020126 0.421738 -0.66699 -0.332093 : 0
0.704229 0.891355 -1 -0.876285 0.417951 -0.379715 -0.0959848 0.232152 -0.874344 : 0
0.329342 -0.0207468 -0.318554 -0.0745919 -1 -0.540559 0.260695 0.335955 -0.220446 : 0
0.474215 0.486145 -0.375407 -0.568715 0.284538 0.698138 0.0303074 0.256462 -0.513623 : 0
0.519428 -0.601466 0.222465 0.120014 0.729135 -0.670872 0.127571 0.360526 1 : 0
-0.303819 0.0357964 0.487148 0.186302 -0.859724 -0.369667 -0.144163 -0.142047 0.433911 : 0
0.304781 0.997809 1 -0.4569 0.350019 0.749382 -0.1246 -0.873892 -0.115459 : 0
0.0111852 -0.61411 0.276641 -0.256148 -1 0.229265 0.215542 0.270366 0.204401 : 0.3
0.884124 0.565148 -0.313569 -0.331771 -0.506638 -0.590219 0.930242 0.157269 -0.598067 : 0
0.456329 0.227282 -0.441134 -0.0582523 -0.138811 -0.119612 -0.150443 0.441389 -0.376842 : 0
0.562209 0.0420267 -0.470583 -0.178002 0.851844 0.584551 -0.0661069 -0.449826 -0.550102 : 0
-0.0635421 0.573777 -0.255028 -0.0410439 -0.010789 0.290974 -0.0469806 0.330217 0.0860451 : 0
0.360909 0.836556 -0.532779 0.875039 0.0698413 -1 -0.491889 1 -0.278048 : 0
-0.846456 0.574758 -0.515217 -0.22269 -0.435591 0.102283 -0.454807 0.376141 0.621615 : 0
-0.0261572 -0.38141 0.0517828 -0.276762 0.392287 -0.984061 0.471726 0.161912 0.460282 : 0
0.830017 1 -0.816068 0.0899745 0.349228 -1 -0.360127 0.903063 0.0427085 : 0
