0.904588 0.365217 0.940068 -0.730988 0.361235 -0.691018 0.510847 -0.267923 0.637925 : 0.1
0.666394 0.169223 0.0339722 0.355099 -0.71145 -0.509553 0.306002 0.246435 -0.0624629 : 0.5
0.59218 0.579819 1 -0.202015 -0.32302 -0.606582 -0.525323 0.733636 0.555369 : 0.2
0.506517 0.448445 0.896392 1 0.0306145 -0.466402 0.535344 0.241124 0.049387 : 0.3
0.574585 0.344848 0.856627 -0.504203 -0.317099 -0.954577 -0.269081 0.222175 -0.527689 : 0.3
0.543478 0.676408 1 0.340727 0.26964 -0.912522 -0.592415 0.543361 0.160141 : 0.1
0.749169 0.266128 0.449322 -0.608708 -0.166171 -0.780326 1 0.321761 0.196642 : 0.5
0.637808 0.599059 1 0.417183 -0.363073 -0.556948 -0.922085 0.643055 -0.256862 : 0.2
0.602987 0.383457 0.645456 -0.651927 0.156065 -0.485965 -0.481881 -0.20752 0.155149 : 0.5
0.746362 0.498457 0.799109 -0.419294 -0.457676 -0.519383 0.319999 0.381594 -0.43933 : 0.5
0.697508 0.341892 0.923099 -0.779008 -0.0917087 -0.463936 -0.113631 0.761814 -0.418496 : 0.3
0.73057 -0.182159 0.973671 -0.637405 -0.534747 -0.101925 0.884771 0.55267 0.491625 : 0.4
0.687104 0.222282 1 -0.538802 -0.509478 -0.516392 -0.0865794 -0.771118 0.214963 : 0.5
0.618526 0.334188 0.391442 0.679971 0.715359 -0.285915 0.705126 0.966708 0.788343 : 0.4
0.61772 0.50791 0.805929 -0.232565 -0.444019 -0.321664 -0.0447354 -0.14848 0.0823188 : 0.5
0.607653 0.818634 0.787678 0.092309 0.387997 -0.283866 -0.430097 0.473776 1 : 0.4
0.634902 0.305627 0.958208 0.430742 -0.662736 -0.0310022 0.122398 0.0834844 0.106792 : 0.5
0.579647 0.457783 0.813532 -0.00865951 -0.478221 -0.34792 -0.00719842 0.146347 0.735323 : 0.4
0.651819 0.312465 0.546948 0.137113 -0.810162 -0.963971 0.258601 0.579762 -0.782137 : 0.4
0.754358 0.453127 1 -0.0195706 -0.229279 -0.424071 -0.0409603 1 0.302657 : 0.6
0.564776 0.345243 0.913713 -1 -0.962275 -0.251806 -0.315848 0.29241 0.102623 : 0.4
0.651231 0.287297 1 -0.225903 0.0379692 -0.862151 0.781036 0.231104 -0.132464 : 0.3
0.915662 0.369694 0.732648 0.108539 -0.390124 -0.842481 0.620428 0.588115 0.0697179 : 0.6
0.795508 0.249626 0.817167 -0.751912 -0.204721 -0.960855 -0.100127 -0.370973 -0.115506 : 0.5
0.626032 0.637416 0.722793 0.195223 -1 -0.0860641 0.140379 1 0.0160136 : 0.1
0.600509 0.297858 0.832077 -0.148985 -0.13488 0.168184 0.305835 0.165652 0.0846022 : 0.1
0.832988 0.739967 0.964003 -0.419072 0.221181 0.564111 0.667518 0.14786 0.272008 : 0.2
0.611556 0.515745 0.715106 0.449626 -0.208034 -0.138664 0.368881 -0.339061 -0.149759 : 0.2
0.827446 0.292926 1 -0.455916 -0.0833642 -0.334155 0.415716 -0.155009 0.275711 : 0.1
0.566339 0.37928 0.820999 -0.0718699 -0.895491 -0.289941 0.454048 1 0.0849757 : 0.1
0.548723 0.440774 0.811045 -0.219585 0.0728693 0.438678 0.0675984 0.0741885 0.567455 : 0.4
0.599155 0.442864 0.720768 -0.408012 -0.301482 -0.0619966 1 0.655094 -0.0658367 : 0.3
1 0.822728 0.907675 0.404362 -0.810309 0.00438738 -0.0228583 0.131124 1 : 0.4
0.566902 0.51606 0.840065 -0.535509 -0.640211 -0.00403053 0.325474 0.910203 -0.0942547 : 0.5
0.705728 0.362409 0.952797 -0.767319 -0.369079 -0.406276 0.190863 -0.49323 0.437094 : 0
0.613996 0.904812 0.730582 -0.822862 -0.391562 0.00867891 0.395878 -0.263734 -0.0486684 : 0.4
0.748409 0.405748 0.850864 0.108429 -0.880475 -0.297146 -0.027792 -0.126493 -0.377069 : 0.5
0.741924 0.782436 0.700054 0.204067 -1 -0.414334 0.291583 1 0.725909 : 0
0.368951 0.440992 0.893193 -0.682099 -0.58056 0.0324246 0.231044 -0.1407 0.315991 : 0.1
0.553589 0.325652 0.807945 -0.269159 -0.225649 -0.166146 -0.168114 0.478947 0.0605994 : 0.2
0.678553 0.229833 0.979758 -0.120498 -0.621599 0.450492 0.0738728 0.208001 0.369617 : 0.3
0.777262 -0.0514825 0.533595 0.221435 -0.867578 -0.148971 -0.0999982 -0.540393 -0.0753476 : 0.2
0.604112 0.263458 0.751204 -0.550438 -0.220211 -0.106326 0.170921 0.272756 0.485726 : 0.6
0.804395 0.935692 0.905981 -0.836369 -0.180724 -0.762371 0.389713 -0.124618 0.115289 : 0.6
0.569117 0.207539 1 -0.591275 0.0169417 -1 -0.208185 0.0452103 -0.833329 : 0.2
0.648811 0.241288 0.798862 -0.623601 -0.690911 -1 0.127735 0.0744081 0.623024 : 0.3
0.556166 0.414827 0.946633 0.0425342 -0.615843 -0.0158265 0.285987 0.0695133 0.470765 : 0.4
0.652935 0.420109 1 0.289235 -0.375821 -0.0162712 0.484757 0.764339 0.00908959 : 0.6
0.612849 0.386625 1 0.12774 -0.308343 -0.334156 0.500357 -0.399805 0.197097 : 0.1
0.59337 0.379807 0.772748 -0.228992 -0.131802 -0.0514549 0.642755 0.210958 0.21392 : 0
0.536317 0.29893 1 -0.337584 -0.440991 0.329424 0.513887 -0.0483375 0.0247876 : 0.2
0.5249 0.438426 0.840485 0.000924826 -0.63688 0.172366 0.427514 -0.102768 0.590374 : 0.1
0.75871 0.786736 0.826118 0.225313 -0.105751 -0.441066 -0.00898877 0.0230259 0.144891 : 0
0.589426 0.636255 0.800197 -1 -0.624283 -0.509997 0.624295 -0.100384 0.0639185 : 0.2
0.808303 0.104949 0.857863 -0.147519 -0.644229 -0.834894 0.502902 0.560804 -0.729485 : 0
0.861147 0.368721 0.998092 0.949875 -0.614094 -0.0509665 0.219259 -0.187784 0.617382 : 0.4
0.607199 0.21464 0.92034 -0.660546 -0.149766 -0.433234 0.454361 -0.135264 0.16041 : 0.2
0.420002 0.410348 0.862505 -0.574957 0.210398 -0.403001 0.371666 0.322521 -1 : 0.5
0.709897 0.797619 0.248546 -0.747829 -0.481661 -0.226398 0.190433 -0.198385 -0.0744566 : 0.3
0.822376 0.617222 0.568032 -0.14163 -0.180488 -0.882364 0.0754938 -0.236266 0.346768 : 0.5
0.503375 0.585397 1 -0.998327 -0.580829 -0.238759 0.579734 -0.0872821 -0.0727378 : 0.4
0.498534 0.275322 0.940249 0.0980363 -0.650884 -0.897442 0.246202 0.323277 -0.714608 : 0
0.633483 0.37869 1 -0.663329 -0.485114 0.106344 1 0.640833 0.581695 : 0.4
0.496089 0.493664 0.933438 -0.0495731 -0.881274 -0.724173 0.227846 -0.410244 -0.430164 : 0.2
0.468538 1 1 0.057634 -0.638315 -0.337528 0.190765 -0.373544 0.1113 : 0.2
0.779721 0.282878 0.511722 -0.472768 -0.483316 0.0376345 0.0594971 -0.120132 0.5529 : 0.5
0.65776 0.629359 0.910068 -0.874224 -0.131618 -0.0158966 -0.762991 0.209374 -0.106852 : 0.2
0.720924 0.601845 1 -0.242972 0.102361 -0.937968 0.245709 0.895063 0.0429419 : 0.2
0.714731 0.38605 0.96124 -0.590473 -0.262927 -0.019431 -0.0843043 -0.868124 0.723922 : 0.2
0.585933 0.354847 0.879172 -0.382371 -0.0116751 -0.338687 0.156286 0.362887 0.469343 : 0.4
0.620985 0.386275 0.88657 0.0296946 -1 -0.528013 0.239477 -0.231388 0.166697 : 0.4
0.637597 0.294956 0.876202 -0.241192 0.040831 -0.803159 0.173259 -0.244976 -1 : 0
0.634106 0.420815 0.978621 0.367609 -0.538519 -0.0941982 0.421456 -0.633128 0.202658 : 0.1
0.658023 0.056102 0.794809 0.496432 -0.197523 -0.555238 0.0453295 -0.42061 -0.218358 : 0.3
0.663811 0.263884 0.763697 -0.5324 0.569167 -1 0.646849 0.258332 -0.551793 : 0.3
0.648809 0.489283 0.98892 -0.0331019 -0.457615 -0.716856 0.427307 -0.117921 -1 : 0.5
0.706994 0.384898 1 0.376154 -0.0439488 -0.288385 -0.173461 0.129133 -0.260706 : 0.4
0.780576 0.260152 1 0.0605935 -0.0842327 -0.0548403 -0.54851 -0.250239 0.702794 : 0.5
0.81297 0.943445 1 -0.549657 -0.592886 -0.338773 0.0475606 -0.713974 0.253588 : 0.2
0.54541 0.814952 0.832325 0.563621 -0.348961 -0.226882 -0.893172 0.378912 0.839436 : 0.2
0.608421 1 0.11767 -0.437507 -0.703489 -0.245137 0.347288 0.534031 -0.961937 : 0.3
0.433706 0.0489292 0.741638 -0.643003 -0.686794 0.0886035 0.0846592 0.952379 0.291789 : 0.3
0.417358 0.533317 0.990746 -0.120184 -0.113355 -0.524067 0.193753 -0.326236 0.300991 : 0.5
0.707379 0.39728 0.936396 -0.477845 -0.239201 -0.217505 -0.029054 0.388634 0.369353 : 0.3
0.977897 0.449081 0.892652 -0.0370693 -0.454018 0.212664 0.593447 -0.033975 -0.106052 : 0.5
0.611607 0.705069 0.999631 -0.71553 -1 -0.371176 0.218751 -0.0304074 0.00459832 : 0.5
0.734432 0.625385 0.733293 -0.439596 -0.467592 -0.238047 0.284741 0.267791 -0.378896 : 0.3
0.608297 0.561216 1 -1 -0.0778925 -0.360267 -0.426837 -0.0432868 0.26505 : 0.2
0.579539 0.351459 0.681391 -0.376331 -0.291998 -0.381932 1 1 0.452135 : 0.5
0.669239 0.745264 1 -1 -0.608318 -0.561598 -0.194916 -0.320147 -0.169732 : 0.2
0.780797 0.662941 0.869269 -1 -0.28007 -0.453949 0.162741 0.0645632 1 : 0.4
0.641911 0.445707 0.748754 0.905983 0.944797 -0.34129 0.127877 0.138012 -0.131041 : 0.1
1 0.379051 0.808831 0.103545 -0.466462 -0.692459 1 0.208077 0.194581 : 0.2
0.886882 0.362075 0.620787 0.293622 -0.0257606 -0.535432 0.507327 0.973403 0.0257643 : 0.4
0.546553 0.313219 0.958297 0.0764631 0.0287164 -0.0801172 0.327209 0.132893 0.702666 : 0.1
0.47825 0.512912 1 -0.25754 -0.827684 -0.566673 -0.475815 0.345966 -0.195775 : 0.5
0.735108 0.679114 0.879636 -0.380255 -0.247894 -0.432409 -0.419047 1 -0.884101 : 0.2
0.813527 0.559703 0.922615 -0.703435 0.42633 -0.521927 0.982807 -0.269097 1 : 0.4
0.694886 0.397758 0.871082 -0.483295 0.0295438 -1 0.478413 0.338584 -0.793871 : 0.4
0.812618 0.42101 0.706501 -1 -0.169485 -0.370037 0.190226 1 -0.11681 : 0.4
0.377038 0.316426 1 0.430516 -0.495374 -0.784875 1 -0.991993 0.415483 : 0.2
0.783565 0.265384 0.687688 -0.454291 0.0354187 -0.0495973 0.209822 0.318148 0.265322 : 0.1
0.521488 0.541417 0.786439 -0.23158 -0.184716 -0.0165031 0.299229 0.227028 -0.998558 : 0.3
0.925818 0.458887 0.749984 0.154456 -0.391608 -0.448979 0.374652 1 0.280425 : 0.4
0.758364 1 0.90274 -0.490692 -0.183738 0.508823 0.0893133 0.324925 0.168832 : 0.4
0.613442 0.331637 0.790258 -0.351208 -0.262166 -0.949484 -1 0.14972 -0.993107 : 0.3
0.435777 0.374657 0.840128 0.284372 -0.717508 -0.768683 0.91989 0.247759 0.155938 : 0.1
0.641841 0.472817 0.928827 -0.00177725 -0.033969 -0.736301 1 0.499058 0.602432 : 0.4
0.811726 0.262432 0.944358 -0.502415 -0.671418 -0.26562 -0.127363 0.272107 0.195158 : 0.3
0.569232 0.457622 0.798211 -0.0534286 -0.699231 -0.102425 0.254503 0.449958 0.362446 : 0.3
0.587088 0.397709 0.668044 0.411453 -0.205746 -0.294971 0.288007 -1 0.517728 : 0
0.805074 0.475137 0.845744 -0.541328 -0.230315 -0.291308 0.476756 0.208332 -0.0952101 : 0.2
0.565812 0.835134 0.798925 -0.53475 -0.0900282 -0.296618 0.347262 -0.684504 -0.0769223 : 0.5
0.736286 1 0.810324 -0.110954 0.22644 0.24189 0.0950153 0.819369 -0.654186 : 0.3
0.709186 0.478476 0.796768 -0.115986 -0.220317 -0.114651 0.341552 -0.245015 -0.0498982 : 0.4
0.54968 0.361123 0.918585 -0.12749 -0.256552 -0.672233 -0.112782 -0.525131 -0.0576683 : 0.6
0.692638 0.934018 0.679492 0.520021 0.533121 -0.346466 0.252058 0.410712 0.220741 : 0.3
0.653442 0.487131 0.892328 0.0563106 -0.681214 -0.365537 0.456585 0.0445233 0.217717 : 0.1
0.509262 0.280985 0.952672 -0.0573204 0.235029 -0.230844 0.331696 0.419244 -0.147334 : 0
0.571898 0.985677 1 -0.505847 -0.356232 -0.409282 0.629189 0.330535 0.642556 : 0.3
0.651472 0.286892 1 -0.390286 -0.343183 0.0490754 0.0806956 -0.171674 0.627222 : 0.1
0.934832 0.472669 1 -0.166859 -0.0334324 -1 -0.259882 0.00263107 0.574837 : 0.4
0.47117 0.428153 0.60775 -0.254159 -0.0587006 -0.178234 0.591686 0.162014 0.271001 : 0.6
1 0.378052 1 -0.68803 -0.613503 -0.684549 0.624594 -0.100458 0.62404 : 0.2
0.630647 0.584645 0.485098 -0.079541 -0.162218 -0.479823 0.216857 0.858319 -0.231232 : 0.5
0.570352 0.272731 0.812717 -0.451107 -0.216112 -1 0.852538 0.934424 0.352659 : 0.1
0.785306 0.278689 0.937411 0.973903 -0.919023 0.455911 -0.724323 1 0.918084 : 0.3
0.696014 -0.183451 1 -0.210155 -0.558207 -0.746073 -0.203116 0.183701 -0.410737 : 0.3
0.664879 0.510943 0.962358 -0.829868 -0.11629 -0.251076 0.100823 0.0589481 -0.188315 : 0.3
0.764825 1 0.945215 -0.605927 -0.876776 -0.810233 0.0474735 0.0510105 0.0706931 : 0.3
0.575701 0.420465 0.719855 0.208403 -0.331696 -0.231821 -0.433993 0.476529 0.149437 : 0
0.579376 0.512171 1 -0.219617 -0.292328 -0.340237 0.0460229 0.609414 0.122665 : 0.5
0.614661 0.37278 0.851062 -0.455791 -0.634968 -0.204235 -0.0558811 -0.216641 -0.128234 : 0.4
0.570233 0.263838 0.951018 0.0580472 -0.112543 -0.162076 1 -0.0459368 0.614913 : 0.4
0.539314 0.461543 0.817926 0.504507 0.0418223 -0.380422 -0.554901 0.835601 0.517883 : 0.4
0.569986 0.470393 0.428785 -0.697593 -0.206349 -0.532693 0.438473 -0.50562 0.273199 : 0.3
0.548513 0.421217 0.877036 -0.161856 -0.331075 0.211828 0.239968 0.141842 0.42435 : 0.1
0.364243 0.438513 0.865846 0.482246 -0.832826 -0.263027 0.635073 0.252808 0.390282 : 0.2
0.520546 0.520832 0.89083 -0.197929 -0.463954 0.869571 -0.16146 0.27474 -0.104168 : 0.4
0.631158 0.682114 1 -0.975407 -0.446669 -0.52088 0.221892 0.00553682 0.259949 : 0.3
0.615179 0.295131 0.925218 -0.34972 -0.0664491 -0.432231 1 0.179717 -0.366489 : 0
0.635533 0.276093 0.910825 0.062572 0.582698 -0.384679 0.645649 0.439272 -0.692675 : 0
0.668129 0.314871 0.998932 0.158093 -0.736944 1 0.367601 0.261645 -0.130087 : 0.4
0.87581 0.547968 0.961564 0.271137 -0.480428 -0.168269 0.231206 -0.662229 0.833036 : 0.6
0.546548 0.350158 1 -0.530737 0.00322002 0.503657 0.299895 0.469594 0.193575 : 0.4
0.853229 0.511042 0.929955 -0.203617 -0.53646 0.107302 0.359631 0.157252 0.2273 : 0.1
0.614546 0.563932 0.823974 -0.0488549 -0.560734 -0.512425 0.324439 0.109042 0.00655448 : 0.2
0.628938 0.306293 0.627777 -0.448058 -0.186472 -0.335125 0.534376 -0.23775 0.280901 : 0.6
0.823325 1 0.952869 -0.405125 -0.163101 -0.29742 0.0794672 -0.242238 -0.128601 : 0.5
0.140001 0.600947 0.79858 -0.659227 -0.742063 -0.314004 -0.17319 0.283702 0.523763 : 0.5
0.854264 0.454794 0.8872 -0.842399 -0.242121 -0.516438 0.232863 -0.387441 -0.110696 : 0.2
0.579581 0.408016 0.550026 -0.591599 -0.676639 -0.779095 0.553884 0.3189 0.238785 : 0
0.778386 0.632039 0.574742 0.718122 -0.347409 -1 -0.0043695 -0.609188 -0.0950187 : 0.5
0.569772 0.445014 0.766258 -0.849647 -0.872663 -0.467268 -0.087352 0.0702921 0.812651 : 0.5
0.995154 0.422821 0.970256 -0.151246 -0.241591 -0.726705 0.250693 -0.124784 -0.866255 : 0.2
0.662329 0.666282 0.907829 -0.238034 -0.843716 -0.0721545 0.364145 -0.537162 0.684452 : 0.5
0.937214 1 0.634812 -0.855401 -0.125379 0.0544226 0.447829 0.0656768 -0.642613 : 0.1
0.602043 0.299992 0.9798 -0.206267 0.0320182 -0.683693 -1 0.689186 0.686877 : 0.1
0.459847 0.399088 0.87374 -0.203055 0.130137 -0.475059 -0.0635916 0.613836 0.584117 : 0.1
0.614927 0.498754 0.662154 0.504688 -0.130472 -0.169731 -0.394889 -0.0324798 -0.305617 : 0.4
0.613327 0.418915 0.93338 -1 0.79356 -0.241325 -0.315958 1 1 : 0.3
0.517377 0.429039 0.703995 -0.778737 -0.551336 -0.034155 -0.128678 0.619689 -0.0458954 : 0.2
0.437454 0.25625 0.852583 -1 -0.371375 -0.174787 0.137942 0.388249 0.301337 : 0
0.997049 0.278737 0.680692 -0.527745 -0.542318 -1 0.479193 -0.139819 0.693482 : 0.2
0.603966 0.486562 0.689267 -0.241531 -0.113163 0.0982195 -0.474953 0.376575 0.312325 : 0.5
0.671759 0.358268 0.950014 -0.678267 0.128656 -0.246293 0.157074 0.0854248 0.758828 : 0.6
0.394454 0.438382 0.837681 0.429097 -0.299379 -0.309486 -0.152962 0.364997 -1 : 0.3
0.539217 0.38694 0.907795 -0.287687 -0.22007 -0.0851725 0.242858 0.245554 0.603115 : 0.4
0.655718 0.426456 0.834174 -0.556041 -0.320348 -0.832411 -0.847925 0.294477 0.264863 : 0.5
0.673594 0.832531 0.44738 0.721663 0.277161 -0.833925 0.111947 0.015667 0.168366 : 0.2
0.539789 0.658001 0.937645 -0.706141 -0.452668 0.281045 0.133172 0.39303 0.457637 : 0.4
0.46988 0.548016 1 -0.766122 -0.497182 -0.325105 0.390487 -0.24195 0.162146 : 0.1
0.627413 0.492227 0.710446 -0.155349 -0.355984 0.00954723 0.544433 -0.253192 -0.185617 : 0
0.711578 0.354876 0.654075 -0.372978 -0.0870311 -0.128384 0.258742 0.329425 -0.128248 : 0.2
0.585006 0.638377 1 -0.667056 -0.0119444 0.039594 0.0146234 0.241441 0.116784 : 0.1
0.622346 0.337399 0.941953 -0.668889 -0.637623 -0.219075 0.374554 -0.58712 0.741316 : 0.5
0.655858 0.471856 0.841145 -0.496523 -0.498886 -0.65363 0.315204 0.74134 -0.446355 : 0
0.567967 0.326964 0.913956 -0.750497 -0.731876 -0.0624672 -1 0.856312 0.34743 : 0.4
0.557611 0.147349 0.675575 -1 -0.242313 -0.239339 0.388463 -0.276059 0.151798 : 0.6
0.650655 0.419549 1 0.975136 0.0461111 -0.361308 0.440805 0.711881 -0.914587 : 0.1
0.85302 0.311003 0.735432 -0.575849 -0.518103 -0.306704 0.140265 0.543649 0.0637325 : 0.3
0.565847 0.242315 0.72055 0.101976 -0.541547 -0.316561 0.236987 0.619325 -0.140951 : 0.2
0.603083 0.359015 0.828488 0.161172 -1 -0.764636 0.508421 -0.234181 0.713041 : 0.2
0.427692 0.357081 1 0.0215938 -0.15981 -0.535728 -0.00482625 0.805162 0.112397 : 0
0.627826 0.421658 0.839581 -0.816169 -0.293575 0.469797 0.260855 1 0.379784 : 0
0.480547 0.295356 0.979681 -1 -0.322069 -0.597218 0.194076 -0.733621 0.00240927 : 0.2
0.649569 0.491344 0.958359 -0.306325 -0.625622 -1 -0.0407855 0.202777 0.106278 : 0.4
0.66893 0.414067 1 0.986246 -0.703732 0.0692611 -0.0472069 -0.45538 -0.0934437 : 0.3
0.630678 0.347385 0.809755 -0.10463 0.50781 -0.342512 1 0.393839 0.790309 : 0.2
0.854255 0.411671 1 -0.55513 -0.180395 -0.486365 -0.379174 -0.917909 0.338485 : 0.3
0.617157 0.510092 0.667962 -0.638428 -0.797515 -0.0528269 0.0789099 -0.384179 0.170721 : 0
0.579997 0.337828 0.649314 0.144252 -0.819586 -0.10512 -0.444826 0.39921 -0.237572 : 0.1
0.804643 0.43943 1 -0.530265 -0.377812 -0.207368 -0.0651566 -0.0743836 -0.355964 : 0.1
0.636307 0.303047 0.753642 0.993263 -0.718772 -0.223053 0.652997 0.238475 -0.149315 : 0.3
0.60047 0.519622 0.987084 0.166982 -0.405668 -0.510739 0.517278 0.24268 0.436462 : 0.3
0.84898 0.37514 0.88783 0.421199 -0.413154 -0.661002 -0.17973 -0.069284 0.488887 : 0.5
0.623951 0.416726 1 0.327896 0.503559 -0.246654 0.0195198 0.377049 -0.874811 : 0.1
0.59582 0.32553 0.835141 0.0202702 0.1153 -0.373816 0.519966 0.508138 0.224921 : 0.3
0.806684 0.419444 0.644115 -0.394221 -0.364027 -0.613688 1 0.122815 -0.313088 : 0.6
0.621132 0.621621 0.723071 -0.473778 -0.892736 -0.596814 -0.262775 0.20595 -0.114955 : 0.2
0.545484 0.362581 0.398129 -0.832476 -0.0752476 -0.0245758 0.726001 0.926208 0.553533 : 0.5
0.790426 0.326715 0.723347 -0.373871 -0.200283 0.251001 0.239441 -0.00720717 0.796626 : 0.6
0.382723 0.514819 0.720793 -0.704241 -0.718899 -0.919894 -0.336696 -1 0.546315 : 0.4
0.646367 0.692389 0.733288 -0.936469 -0.168653 -0.163313 0.296257 -0.109415 0.555673 : 0.3
0.585373 0.478537 0.61671 -0.438343 -0.130361 -0.394403 0.954061 0.0878581 0.214332 : 0.1
0.628806 0.447889 0.855703 -0.114433 -0.664941 0.0141607 0.172389 0.317397 0.0824592 : 0.1
0.379177 0.391314 0.852583 -0.762292 -0.043505 -0.374778 -0.524416 0.0395275 0.308076 : 0.3
0.471914 0.974126 0.748743 -0.418655 -0.76682 -0.0800141 0.134587 -0.563501 0.237118 : 0
0.552096 0.443791 0.383491 0.321068 -1 -0.26265 0.14927 0.0328994 -0.193185 : 0.2
0.518284 0.415004 0.78377 0.942055 0.0313369 0.0472688 0.332926 -0.324474 -0.00225383 : 0.1
0.472576 0.427524 0.725683 1 -0.342174 -0.187488 0.268366 1 -0.331473 : 0.6
0.884642 0.194575 1 -0.368295 -0.188626 -0.373017 1 -0.222544 0.412392 : 0.1
0.465653 0.404066 1 -0.717749 0.244814 -0.183842 0.499883 -0.90461 0.389527 : 0
0.584413 0.326798 0.866709 -0.861488 -0.43186 -0.837563 -0.00593805 -0.515478 0.371311 : 0.3
0.835806 0.470946 1 -0.300695 -0.265294 -0.895323 -0.272194 0.204611 0.95008 : 0.5
0.821299 0.307894 0.856166 0.210868 0.0161997 -0.00810373 0.351206 0.0181672 0.79736 : 0.3
0.515063 0.407307 0.907522 -0.709431 -0.618669 -0.529413 0.655143 -0.235159 0.0307886 : 0.3
0.432905 0.421898 0.968588 -0.0245032 -0.313065 -0.880071 0.941338 0.642743 -0.489037 : 0
0.72996 0.473539 1 0.0689588 -0.455629 -0.0652494 1 0.0339442 -0.288109 : 0.4
0.645029 0.357711 0.8201 -0.638635 -0.223337 -0.793969 -0.152882 -1 0.987724 : 0
0.435027 0.997863 0.733292 -0.284451 -0.0139466 -0.221945 0.0795547 0.53745 0.436626 : 0.4
0.667881 0.413994 0.823003 0.0648006 -0.437423 -0.67904 0.615194 0.101286 -0.617407 : 0.4
0.561074 0.387961 0.672749 0.265667 -0.777633 -0.288773 1 -0.239545 0.503075 : 0
0.626053 0.368811 0.927334 0.0990843 -0.585052 -0.0409833 0.434532 0.555746 -0.638305 : 0.4
0.787357 0.526501 0.666143 0.523868 -0.280273 -0.511561 -0.202727 -0.0870416 0.011979 : 0.5
0.624347 0.448919 0.865887 0.769208 -0.411218 -0.753907 -0.383427 -0.383496 -0.659532 : 0.5
0.757098 0.438688 0.615857 0.00591686 -0.693123 -0.318119 -0.510984 0.266439 -0.304856 : 0
0.711424 0.222666 0.936705 -0.196177 -0.304025 0.118473 0.489297 0.599952 -0.125665 : 0.2
0.585671 0.487358 0.705193 0.156902 -0.437608 -1 0.368827 -1 0.846438 : 0.3
0.472597 0.446469 0.92546 -0.0892445 -0.979666 0.356173 0.269942 0.173412 -0.523193 : 0.3
0.486771 0.442755 0.822053 -0.144877 -0.732497 -0.627641 0.335623 0.255553 -0.65408 : 0.2
0.649793 0.304192 0.829504 0.0128091 0.229648 -0.219224 0.249402 0.395401 0.746796 : 0.6
0.560358 0.386642 0.760128 -0.0180828 -0.550254 -0.130313 0.0778449 0.435647 -0.344322 : 0.3
0.685578 0.193825 1 -0.796661 -0.775077 -0.431164 0.247594 -0.314422 0.362809 : 0.1
0.637637 0.510737 0.825759 0.841081 -0.440663 0.0865468 -0.136779 -0.0652494 -0.9008 : 0.1
0.671713 0.477852 0.916439 0.602704 -1 -0.541856 0.359538 -0.409768 -0.333236 : 0.2
0.727312 0.535961 0.876742 0.267074 0.188113 -0.151971 -0.372437 -0.921269 0.311778 : 0.6
0.807242 0.566187 0.896404 -0.354034 0.137297 -0.0960802 0.75254 0.127226 -0.148715 : 0.4
0.373281 0.341945 0.996552 -0.148172 -0.429057 -0.380279 0.141416 0.326482 0.240205 : 0.7
0.521038 0.463453 0.756941 0.284038 -0.371888 0.19921 0.33835 -0.806551 0.0471078 : 0.6
0.675588 0.383192 0.741376 -0.34403 -0.084219 -0.883417 -1 0.273922 0.159612 : 0.1
0.664419 0.258409 0.934079 1 -0.0992168 -0.010821 1 0.535973 -0.302561 : 0.4
0.603218 0.571596 0.970904 -0.223394 -0.920935 -0.495263 0.662371 -0.0689348 -1 : 0.3
0.630195 0.00355195 0.782515 0.0863862 -0.356921 -0.339928 0.4385 1 -0.451822 : 0.4
0.699729 0.446614 0.435079 -0.714665 -0.0398937 -0.631337 0.508249 -0.125967 0.0401958 : 0.4
0.653122 0.308489 0.439365 0.466472 -1 -0.238466 -0.106968 0.315228 -0.355196 : 0.5
0.77224 0.601859 1 0.640264 -0.021136 -0.635634 0.249009 -0.860924 0.783929 : 0.3
0.560539 0.47206 0.786937 -1 -0.175956 -0.0505479 0.612446 0.680318 1 : 0.1
0.457913 0.428657 0.843454 -0.250731 -0.391236 -0.712941 0.178396 -0.349253 0.151871 : 0.5
0.864054 0.836358 0.903758 -0.233627 -0.0878985 -0.329788 -0.0921364 -0.209727 0.237811 : 0.4
0.530866 0.204106 0.973693 0.961186 -0.547616 -0.873076 -0.792044 0.370686 0.700337 : 0.4
0.607728 0.441435 1 0.244349 0.0113499 -0.146999 -0.155018 1 0.151051 : 0.3
0.79979 0.433552 1 -0.850001 -0.650958 -0.0304755 0.240712 -0.35942 0.266944 : 0.5
0.639262 0.25035 1 -0.700103 0.238955 -0.608883 -0.185058 0.457449 -0.152292 : 0.3
0.939089 0.57245 0.8201 -0.604371 -0.918817 0.214604 1 0.604451 -0.474305 : 0.1
0.361467 0.62898 0.74721 -0.605133 -0.179817 1 0.055969 -0.0259914 0.545956 : 0.1
0.543333 0.483466 0.969664 0.173159 -0.643047 -0.149743 0.855848 -0.288094 -0.0193053 : 0.5
0.795301 0.359087 0.46161 -0.702717 0.462516 -0.745131 0.47547 -0.0717206 0.605467 : 0.2
0.579819 0.357373 0.863878 0.0604577 -0.302844 -0.161547 -0.731725 0.90772 -0.0230343 : 0.5
0.631585 0.379387 0.686167 0.953337 0.154506 0.239824 -0.519174 0.256293 -0.232908 : 0.4
0.596294 0.200902 0.996011 -0.787792 -0.27456 -0.450095 0.326357 -0.0257477 0.163275 : 0.5
0.622752 0.188459 0.801564 0.992552 -0.121841 -0.14882 0.330414 -0.597349 -0.25566 : 0
0.550858 0.207105 0.99833 0.0800255 -0.526751 0.0720563 0.464897 -0.395685 -0.817895 : 0.4
0.591998 0.808886 0.807914 -0.227613 -0.45517 -0.852116 -0.0664045 0.498898 -0.142684 : 0.1
0.70595 0.610123 0.325944 -0.0718261 0.0442119 -0.145741 -0.363707 -0.218791 0.755175 : 0.4
0.567047 0.441925 0.749823 -0.734759 -0.746611 -0.0664614 0.0819417 -0.645292 0.935716 : 0.1
0.565011 0.465842 0.714475 0.40663 -0.322984 0.429213 -0.808898 0.565119 0.0331819 : 0.7
0.907454 0.787791 0.878593 -0.676699 0.427374 -0.372574 -0.0503924 0.113136 -0.00840203 : 0.7
1 0.805409 0.747851 -0.784893 -0.805329 0.052966 0.266513 0.32097 -0.749413 : 0.4
0.586922 0.56855 0.827646 0.426595 -0.204034 0.131181 0.219967 0.305345 -0.114363 : 0
0.7072 0.499523 0.909487 -0.0900445 1 -0.408081 -0.10271 0.351413 -1 : 0.2
0.511763 0.625325 1 -0.543363 -0.0529647 -0.19371 0.514878 -0.0246901 0.000947237 : 0.4
0.638416 0.394762 1 -0.389213 -0.346253 -1 0.557988 0.087441 0.358979 : 0.2
0.478966 0.402085 1 0.622209 -0.299088 0.0623091 0.281335 0.327786 0.0462258 : 0.3
0.477293 0.284828 0.922719 -0.699377 -0.248453 -0.401948 0.812234 0.597016 0.195992 : 0.3
0.437732 0.31328 0.725383 -0.72908 -0.167992 0.275146 0.497851 0.206926 0.128324 : 0.4
0.173716 0.841337 -0.120403 -0.213621 -0.585724 -1 0.217545 0.164529 0.3924 : 0.5
0.804374 0.433089 0.996135 0.0407723 -0.0788977 -0.455898 -0.0314861 -0.116895 -0.455394 : 0.5
0.512385 0.163168 0.777035 -0.32205 -0.397556 0.232387 0.533442 1 -0.35674 : 0.6
0.869532 0.911334 0.690086 -0.522873 -0.191586 -1 0.0959671 0.107347 -0.419089 : 0.2
0.597082 0.526799 1 -0.540746 -0.380518 -0.619119 0.356762 -0.433631 -0.0352041 : 0.1
0.723617 0.578395 0.73882 -0.231475 0.154417 0.426592 0.906984 -0.444203 0.291359 : 0.5
0.727483 0.396679 0.951471 -0.742026 -0.356147 -0.488424 -0.15567 -0.787145 0.237094 : 0.3
0.66288 0.40695 0.475649 0.142014 -0.93243 -0.0522817 0.170686 0.30923 0.190004 : 0.5
0.58489 0.413331 0.78759 -0.210961 -0.14909 -0.219343 0.403992 -1 0.223115 : 0.1
0.637228 0.495232 0.503087 -0.859945 -0.117383 -0.0877451 0.516714 -0.403532 0.123552 : 0.3
0.681214 0.432311 0.848972 -0.97962 -0.361853 -0.0844435 -0.686851 0.145811 0.00469906 : 0.3
0.637832 0.420361 0.988729 0.238357 -0.0750859 -0.241935 -0.0201457 -0.95935 0.0855003 : 0.2
0.348955 0.439227 0.818347 -0.0815011 0.99125 -0.573519 0.180984 -0.0798607 0.672578 : 0.2
0.591498 0.417279 0.781075 1 -1 -0.802118 0.0107712 -0.299697 -0.286151 : 0.1
0.703441 0.217821 0.940503 0.00162923 -0.201499 -0.0592823 0.523146 0.776878 0.629534 : 0.4
0.63158 0.430716 0.703859 -0.321648 -0.833775 -0.0845205 0.519282 0.353041 -0.832268 : 0.3
0.669981 0.535358 0.930614 -0.362557 -0.420099 -0.430083 0.192852 0.636453 0.262412 : 0.5
0.691548 0.287025 1 -0.137252 -0.47172 0.889532 0.0894759 -0.14936 -0.232403 : 0.3
0.529859 0.46568 0.909184 -1 -0.0490814 -0.855091 0.479248 0.00665975 0.0621458 : 0.3
0.546597 0.441869 0.988152 0.246713 -0.636124 -0.761026 0.211262 0.334348 -0.568955 : 0.4
1 0.371034 0.245384 -0.660042 -0.139413 -0.51781 -0.320211 -0.0916163 0.195118 : 0.5
1 0.430308 1 0.227131 -0.537072 -0.99324 0.404483 -0.077199 -0.133116 : 0.4
0.693474 0.513452 0.521309 0.452468 1 -0.315092 0.0171599 0.209281 -0.091764 : 0.1
1 0.37908 0.830105 -0.605878 -0.614576 -0.734868 0.393223 -0.599673 0.146412 : 0.4
0.711069 0.618271 0.750835 0.95043 0.244003 -0.361671 0.241459 0.918058 -0.0982124 : 0.3
0.583888 0.303876 0.753784 -0.347431 -0.188605 -0.146756 0.547621 0.905878 -0.120237 : 0
0.645365 0.411299 0.872704 -1 -0.62649 -0.130907 0.0960516 0.0426622 0.367583 : 0.1
0.886762 0.349636 0.653259 -0.537091 -0.181474 -0.303412 -0.0507265 -0.238368 -0.0107607 : 0.7
0.60964 0.473557 0.929814 -0.278429 -0.176896 -0.154653 -0.314855 0.234333 -0.0987358 : 0.7
0.598469 0.340551 0.743018 -0.062613 -0.477955 -0.540081 0.190461 0.823084 -0.217641 : 0.3
0.576595 0.391136 0.89245 -1 -0.57921 -0.827083 0.300474 0.457596 0.614782 : 0
0.646353 0.251006 0.900436 -0.374191 -0.461799 -0.768703 -0.278104 -0.616566 0.819318 : 0.4
0.794495 0.202275 0.613576 0.527713 0.127647 -0.162909 0.120865 -0.482377 0.164291 : 0.4
0.67002 0.2395 0.927424 0.30726 -0.351647 -0.430643 0.28123 -0.204258 -0.266815 : 0.7
0.654441 0.376331 0.463006 -0.75376 -0.433228 -0.842877 0.84945 0.0481801 0.0950486 : 0.3
0.835518 0.375429 0.548217 -0.480301 -0.226641 -0.483359 0.0650327 0.676789 0.230866 : 0.6
0.566417 0.511686 0.676214 -0.33695 -0.26703 -0.194856 -1 0.225221 0.598598 : 0.4
0.597247 0.267496 0.916338 0.0451135 -0.509471 -0.996443 1 0.693892 -0.309025 : 0.6
0.606394 0.445972 0.830094 -0.869751 -0.546984 -0.921022 0.140292 -0.55288 -0.230593 : 0.2
0.532563 0.351258 0.99879 -1 -0.60337 -0.487523 -0.410266 0.845811 -0.350486 : 0.6
0.553763 0.457152 0.833656 0.408351 -0.416948 -0.161726 0.217843 -0.193697 0.507314 : 0.4
0.81031 0.437631 0.902217 0.0347071 -0.572844 -0.517685 -0.236816 -0.101305 -0.249178 : 0.1
0.688365 0.274317 0.593875 -0.42399 -0.00893894 -0.167237 1 0.229454 0.512714 : 0.2
0.578431 0.522265 0.935175 0.279581 -0.53355 0.289966 0.133086 0.69102 0.320337 : 0.1
0.311814 0.379641 0.542593 0.0625789 0.210998 -0.290137 0.0210622 -0.114427 0.129282 : 0.3
0.688411 0.434258 1 0.421102 -0.86072 -0.52653 0.253727 -0.495062 -0.324306 : 0.5
0.641062 0.68005 0.764127 -0.84459 -0.35714 -0.77697 0.469552 0.402676 0.906992 : 0.1
0.617283 0.441868 0.980267 0.0238811 -0.976284 0.0390816 0.295745 0.186831 -0.213298 : 0
0.677113 0.547701 0.733421 -0.3762 -0.443491 -0.685632 -0.085257 0.407681 -0.365398 : 0.4
1 0.350294 0.955454 0.00848138 -0.729792 -0.247461 0.638902 0.136964 -0.253154 : 0.6
0.539848 0.441407 0.942196 -0.076417 -0.236401 0.265011 0.18183 0.442276 -0.209431 : 0.6
0.499016 0.418226 0.767947 0.0838542 -0.398383 -0.714245 0.845547 -0.925359 0.492958 : 0
0.644954 0.802729 0.274817 -0.250489 -0.611437 -0.851627 -0.129215 -0.762634 0.137474 : 0.4
0.579413 0.282381 0.82055 -0.582995 0.314698 -0.742456 0.340175 -0.0493128 0.761288 : 0.6
0.623525 0.516165 0.915855 0.194019 -0.0937081 -0.350475 0.529521 -0.421322 0.504976 : 0.2
0.429177 0.987686 0.714587 -0.360929 -0.487753 -0.649292 0.1474 -0.469802 -0.214559 : 0.2
0.6593 0.263193 1 0.420318 0.125783 -0.465433 -0.0488572 0.296298 -0.219983 : 0.2
0.676332 0.343837 0.800568 -0.591546 0.706433 -0.644265 -0.492512 0.0433497 0.24169 : 0.5
0.449886 0.456128 0.873057 -0.869072 -0.815388 -0.364638 0.309792 0.275345 0.20288 : 0.5
0.757011 0.544913 0.598292 -0.251595 -0.397234 -0.362881 1 -1 -0.707311 : 0.4
0.643623 0.466294 1 0.259963 -0.66816 -0.352952 0.34855 -0.479796 0.651767 : 0.4
0.710896 0.0183895 0.804561 0.937894 -0.208351 -0.092139 0.430472 1 -0.0973943 : 0.2
1 0.389822 0.655527 -0.965362 -0.360773 -0.575567 0.36034 -0.616216 -0.0368302 : 0.3
0.502164 1 0.871451 0.539969 -0.150423 -0.120558 0.463394 0.106928 -0.283573 : 0.4
0.511037 0.485331 0.971015 -0.491667 -0.25751 -0.502475 0.119983 0.957993 0.412832 : 0.1
0.560735 0.898715 0.332023 -0.868168 -0.021422 -0.545873 0.604227 0.46302 0.464429 : 0.1
0.612079 0.44419 0.827323 -0.746804 -0.515679 0.0222491 0.30365 -0.258296 0.210212 : 0.4
0.596364 0.456938 0.876468 -0.545327 -0.575008 0.209075 0.844112 0.781738 -0.280874 : 0.5
0.484607 0.435825 0.866646 0.134377 -0.813679 -0.327047 0.471751 0.846363 -0.119991 : 0.1
0.596283 0.597957 0.982096 -0.603038 0.0534469 -1 0.637994 -0.562511 0.723301 : 0.6
0.610205 0.34486 0.835939 -0.519834 -0.51454 -0.625948 0.229639 0.162901 -0.198562 : 0
0.595873 0.411551 0.79907 -0.638539 -0.240162 -0.111012 0.517253 0.947934 0.00217143 : 0.1
0.221146 0.820133 0.899144 0.0446165 -0.0201421 -0.333206 -0.16568 0.344917 0.229154 : 0.3
0.603288 0.568347 1 -0.977776 -0.324283 -0.526999 0.332324 -0.09166 0.0473245 : 0.1
0.877 1 0.652172 -0.99454 -0.424001 -0.338233 0.0554788 -0.361796 0.113074 : 0.4
0.422148 0.511381 0.688149 -1 -0.166517 -0.506221 0.739503 0.100309 0.201299 : 0.4
0.722034 0.37334 0.817013 -0.532655 -0.182452 -0.707016 -0.13821 -0.209588 -0.113875 : 0.2
0.460961 0.286889 0.415323 0.259565 -0.99431 -0.452613 0.841633 -0.0235781 -0.725416 : 0.4
0.634948 0.421789 0.807811 0.0662848 -0.223778 -1 -0.199056 0.748731 -0.809149 : 0.5
0.565039 0.440477 0.836801 -0.866459 -0.424604 -0.753817 0.521414 -0.677193 0.0657016 : 0.3
0.545353 0.2789 0.984179 0.539996 -0.451234 -0.520053 1 0.972472 0.577656 : 0
0.585053 0.399968 0.978943 -0.0647027 -0.118158 0.0786449 0.371959 0.200699 0.723698 : 0.4
0.831285 0.370567 1 -0.219511 -0.272296 -0.837789 0.010341 1 0.199242 : 0.1
0.595961 0.34578 0.39312 -0.489113 -0.594906 -0.818674 0.550436 0.00220132 0.959795 : 0.1
0.886917 0.89406 0.848439 -0.115559 -0.220094 -0.02813 -0.0496614 0.507369 -1 : 0.4
0.522758 0.321363 0.997414 -0.101611 -0.173042 -0.4551 -0.303295 -0.0079022 -0.221875 : 0.1
0.626121 0.653037 0.775431 -0.712121 -0.975719 -0.267809 -0.874026 1 0.338571 : 0.5
0.540546 0.041453 0.836651 -0.46842 0.139583 -0.242737 0.726302 0.360822 0.840632 : 0.1
0.6613 0.624016 0.801747 -0.474141 -0.521328 -0.71315 0.409822 0.530248 -0.0942893 : 0.4
0.561646 0.313867 0.761272 -0.626812 -0.402326 -1 0.0469175 0.0323789 0.425058 : 0.2
0.439903 0.908806 0.780704 -0.496946 -0.314648 -0.168735 0.620708 -0.724915 0.116649 : 0.4
0.407772 0.555877 0.81824 0.242219 -0.355805 -0.262464 0.641248 0.535946 0.198378 : 0.1
0.691258 0.296238 0.960402 0.646421 -0.598312 -0.120851 0.214752 0.0870686 -0.281836 : 0.3
0.42541 0.469474 0.905581 -0.113971 -0.128127 -0.397102 0.272641 0.346261 -0.54215 : 0.4
0.246661 0.409917 0.511718 -0.634014 -0.802854 -0.398532 0.553582 0.654591 0.205617 : 0.2
0.689491 0.750022 0.933901 -0.485838 -0.447529 -1 -0.0177025 0.780223 0.342494 : 0.7
0.408578 0.266473 0.762214 -0.447045 -0.300319 -0.284284 0.221655 -0.121368 0.215402 : 0.3
0.589751 0.375372 0.782506 -0.0596564 -0.187786 -0.0454801 -0.265936 -0.982548 0.554649 : 0.2
0.628577 0.540095 0.850354 -0.18176 -0.492251 -1 1 -0.260921 1 : 0.3
0.574492 0.349292 0.773399 -0.264248 -0.785484 -0.336273 0.153207 -0.25625 -1 : 0.4
0.519346 0.476831 0.829981 -0.205898 -0.482526 -0.206745 -0.379037 0.0695423 -0.198816 : 0.5
0.88609 0.520704 0.979679 -0.0392361 -0.254207 -0.107668 0.0610162 -0.0379142 0.383485 : 0.2
0.862413 0.340901 0.958058 -0.0595443 -1 -0.72117 0.137943 -0.134138 0.962932 : 0.1
0.634261 0.53739 1 -0.408854 -0.444367 -0.596617 0.347265 0.417699 -0.0529367 : 0.3
0.626979 0.564424 0.785884 0.0856047 0.348174 -0.938579 0.262284 0.637484 -0.386416 : 0.2
0.616742 0.361751 0.832889 -0.935192 -0.587877 -1 0.0558474 -0.592823 0.563596 : 0.2
0.664385 1 0.694023 -0.95607 -0.174489 -0.532152 0.46897 1 0.366461 : 0.3
0.751577 0.495151 0.585281 -0.640271 -0.426723 -0.301291 0.851264 0.377607 0.312841 : 0.4
0.929225 0.269809 1 0.787115 -0.248027 -0.304507 -0.177742 0.183296 0.87662 : 0.3
0.69499 -0.0676602 0.732468 -0.973704 -0.197354 -0.430302 0.371076 -0.17636 0.274965 : 0.1
0.736932 0.430175 0.716778 -1 0.645665 -0.332129 -0.0011853 -0.209576 0.929103 : 0.3
0.457266 0.411804 0.907914 -0.245231 -0.667463 -0.548356 -0.0146905 0.347833 0.655767 : 0.3
0.66944 0.465606 0.730513 -0.308637 -0.471738 -0.488425 0.0550992 0.315747 -0.0733312 : 0
0.72267 0.148486 0.918698 -0.664375 -0.377236 -0.276115 0.191256 -0.240484 -0.168533 : 0.3
0.734045 0.660087 0.81792 -0.489661 0.212052 -0.167268 0.719778 0.24481 -0.906277 : 0.6
0.668263 0.639452 0.911918 -0.572663 -0.886755 -0.156818 0.370258 0.11981 0.870981 : 0.4
0.933957 1 1 -0.46894 0.1247 -0.3038 -0.00852887 0.0264719 -0.11024 : 0
0.649369 0.599584 0.733048 0.139068 0.734243 -0.698642 -0.0944753 1 0.0518291 : 0.3
0.572299 0.35423 0.796073 -0.81407 -0.351367 -0.10215 -0.310845 0.317552 1 : 0.4
0.654196 0.270937 1 0.0857247 -0.275597 -0.420016 0.0456903 0.657625 -0.489718 : 0.5
0.577519 0.330407 1 -0.033572 -0.794035 -0.418679 0.575451 0.249025 -1 : 0.5
0.62608 0.583913 0.924265 -0.712263 -0.328401 -1 -0.0588394 0.303689 -0.0296071 : 0.1
0.581435 0.671098 0.697277 0.0303323 -0.666714 -0.293485 0.782671 0.198047 1 : 0.3
0.503216 0.541129 1 -0.367493 -0.0996281 -0.665733 -1 -0.000852227 0.302293 : 0.1
0.790729 0.453113 0.874823 -0.535962 -0.188791 -0.0445955 0.162526 -0.289232 0.212259 : 0
0.569399 0.404631 0.819843 0.0824112 -0.0344128 -0.158799 -0.875548 0.258115 0.543717 : 0.2
0.793492 0.533888 0.803655 -0.65065 -0.234923 0.274005 -1 0.435597 0.929891 : 0.7
0.610887 0.317656 1 0.0791433 -0.215955 -1 0.285976 0.752676 -0.310948 : 0.2
0.584457 0.459904 0.947987 -0.720496 -0.13741 -0.823082 0.578137 -0.209382 0.0467065 : 0.1
0.248356 0.346399 0.990117 0.253635 -0.148766 0.108676 -1 0.34124 0.790054 : 0.1
0.651077 0.686865 0.139283 0.234166 -0.863745 0.301759 -0.0764175 1 0.0931582 : 0.1
0.908423 0.285641 0.264676 -0.295246 -0.806363 -0.337434 0.365627 -0.471436 -0.204582 : 0.2
0.908377 0.395736 0.94912 0.02905 -0.0246072 -0.0236071 0.305601 -0.624652 -0.16994 : 0.2
0.799816 0.567372 0.863749 -0.249563 -0.140878 -0.0263027 0.145056 0.316778 1 : 0.3
0.667816 0.49133 0.804841 -0.484938 -0.108358 -0.495237 -0.183214 0.688304 0.29879 : 0.2
0.578316 0.440436 0.951511 -0.111048 -0.265959 -0.555586 -0.239112 -1 0.518464 : 0.3
0.568051 0.37718 1 0.325867 -0.624112 -0.251999 0.412115 -1 0.224043 : 0.6
0.735193 -0.0695446 0.843503 -0.0086714 -0.181186 -0.823588 -0.897228 0.321234 -0.623949 : 0.5
0.632679 0.54809 1 0.0398619 -0.00752854 -0.0317264 -0.224654 0.0887779 -0.0819445 : 0
1 0.437522 0.549012 -0.00560904 -0.54182 -0.316726 0.416455 0.0860287 -0.259047 : 0.1
0.434284 0.310966 0.975124 0.202033 -0.322826 -0.450971 0.455336 -0.371065 0.350092 : 0.4
0.320205 0.257627 0.84269 -0.402382 -0.428591 -0.494609 0.519861 -0.0510165 0.363967 : 0.3
0.613631 0.579716 0.889403 -0.455077 -0.445904 -0.901836 1 -0.122919 1 : 0.5
0.499212 0.440658 1 0.6013 -0.450475 0.035099 0.33035 0.284447 0.00653523 : 0.4
0.528716 0.396746 0.758407 -0.782295 -0.446916 -0.309874 0.690225 0.438336 0.0160496 : 0.3
0.934056 1 1 -0.116424 -0.298333 -0.244483 0.331906 -0.803428 0.493254 : 0.5
0.69951 0.619247 0.793902 -0.401211 -0.591277 -0.302508 0.137207 0.659932 -0.0648169 : 0.2
0.652657 0.568116 0.807554 -0.119222 0.276612 0.189015 -0.281289 -0.118998 0.479708 : 0.3
0.54292 0.529185 1 -0.0849926 -0.517287 -0.0823271 0.543469 -0.82415 -0.0136335 : 0.3
0.217151 0.580994 0.696841 -0.586858 -0.401733 -0.644358 0.0581096 -0.21633 0.388006 : 0.5
0.795352 0.276119 1 0.136018 -0.612146 -0.629388 0.158033 -0.352763 0.308986 : 0.6
0.567137 0.598066 0.923711 -0.0613728 -0.913712 -0.224624 0.472453 -0.371274 -0.0415132 : 0.2
0.856907 0.440471 0.815668 0.0691709 -0.464632 -0.433885 0.247873 0.857473 -0.0937163 : 0.4
0.589066 0.344228 0.698607 -0.27527 -0.0772104 -0.579513 0.569966 -0.703045 0.0170704 : 0.1
0.602417 0.334166 0.968957 -0.694655 0.0745813 -0.212491 0.945075 -0.362399 -1 : 0.1
0.928481 0.374696 0.844895 0.588271 0.140049 -0.33872 0.207128 -0.0309678 0.82665 : 0.3
0.537889 0.469874 0.840314 0.0948263 -0.345932 -0.724156 0.295613 -0.167643 -0.379427 : 0.5
0.479821 0.60764 0.890643 0.075732 -0.498977 -0.808059 0.105354 0.736369 1 : 0.2
0.450775 0.438688 0.804062 0.70422 -0.380669 -0.343983 0.227022 0.609583 0.236755 : 0.2
0.802994 0.33361 0.290089 -1 -0.459202 -0.496963 0.576011 -0.49811 -0.192286 : 0.5
0.619511 0.889865 1 0.445385 0.143667 -0.414237 0.225394 -0.686993 0.540589 : 0.3
0.690446 0.560036 0.937338 -0.0946733 -0.285984 0.238408 0.654943 -0.589434 0.742889 : 0.2
0.656854 0.43918 1 -0.45834 -0.791428 -0.129407 -0.14117 0.102055 0.00217111 : 0.4
0.88335 0.995858 0.775049 -0.593366 -0.508096 -0.395346 0.810097 0.238078 -0.324273 : 0.4
0.577011 0.282668 0.982145 0.21954 -0.608048 -1 0.809354 0.103225 0.524863 : 0.2
0.688712 0.754521 0.831002 0.476145 -0.11686 0.14484 0.889978 0.229395 -0.33204 : 0.1
0.603378 0.545656 1 0.264296 -0.23696 -0.282002 -0.0963057 -0.194332 -0.427079 : 0.2
0.51897 0.453932 1 -0.248743 -0.653447 -0.52006 0.159629 0.285963 -0.0477118 : 0.4
0.539421 0.433845 0.839531 -0.954754 -0.985152 -0.748053 0.440714 -0.0145236 0.544828 : 0.6
0.720416 0.110053 0.822087 -0.807424 -0.255094 -0.0894141 -0.378431 0.452949 -0.163079 : 0.2
0.895891 0.32149 1 -0.627846 -0.238011 0.0188493 -0.0108891 0.238289 -1 : 0.4
0.683908 0.546147 0.616028 0.0331876 -0.571556 -0.454579 -0.149342 0.965311 -0.497167 : 0.2
0.641855 0.495249 1 -0.171453 -0.473908 -0.523022 0.581494 0.384165 0.0749812 : 0.4
0.514063 0.321985 0.905624 -0.135303 -0.88336 -0.0863475 0.544518 0.111343 -0.528916 : 0
0.567902 0.578808 0.583501 -0.616432 -0.321268 -0.408701 -0.984001 1 0.0925271 : 0.5
0.59205 0.904402 0.500189 -1 -0.709958 -1 0.618933 -0.490995 0.474878 : 0.5
1 0.331275 0.701173 -0.504399 -0.408907 -0.359869 -0.41034 -0.239866 -0.0766884 : 0.1
0.838709 0.436987 0.83884 0.20952 -0.22288 -0.621326 -0.0156629 0.545058 -0.102934 : 0.6
0.654976 0.567787 0.548918 -0.414364 -0.381451 -0.315034 -0.216166 0.15579 -0.441548 : 0.2
0.705057 0.648745 0.787042 0.522017 -0.148778 -0.876226 0.309898 0.59437 0.0361489 : 0.3
0.491951 0.344737 0.939664 0.254644 -1 -0.258012 0.33002 -0.192378 -0.0276737 : 0.2
0.520494 0.487766 0.610251 -0.00105441 -0.00636017 -0.744637 0.70113 -0.192988 0.162561 : 0.1
1 0.419822 0.929434 0.61511 -0.106055 -0.182617 -0.272598 -1 -0.711508 : 0.2
0.951943 0.374569 0.946925 -0.259202 -0.466267 -0.370445 0.250178 0.550859 -0.0815599 : 0.5
0.501731 0.488332 0.824591 -0.325037 0.930506 -0.5652 0.413668 0.698892 -1 : 0.6
0.395898 0.124332 0.84318 -0.412415 -0.851549 -0.230716 0.376519 0.242678 0.646003 : 0
0.908664 0.872205 0.480554 -0.871635 0.00450718 -0.334264 0.0388959 -0.0807098 0.97751 : 0.5
0.347158 0.438613 0.91982 -0.0110531 -0.370869 -0.284063 -0.0786076 0.340586 -0.39798 : 0.2
0.746849 0.469949 0.860318 -0.730515 -0.349958 -0.252922 -0.0608091 -0.43012 0.0811858 : 0.4
0.627428 1 0.971012 -0.462261 -0.110498 0.72085 1 0.551101 -0.247904 : 0.6
0.704462 0.808169 0.898394 -0.910991 -0.825426 -1 0.571733 0.522063 -0.301568 : 0.2
0.742626 0.197834 0.94255 -0.443273 0.307104 -0.273466 0.182921 0.382469 0.0955907 : 0.1
0.533239 0.386383 0.841294 -0.369966 -0.60988 -0.794291 0.402444 -1 0.937899 : 0
0.766263 0.588191 0.511346 0.00214404 -0.604813 -0.287652 0.320395 0.0415142 -0.636472 : 0.1
0.368437 0.258721 0.794956 -1 -0.840462 -0.160243 0.498447 -0.162534 -0.114276 : 0.2
0.601282 0.334043 0.938251 -0.880858 -0.522214 -0.128224 0.751278 -0.0665188 0.10957 : 0.1
0.630445 0.641789 0.911102 -0.625258 -0.384397 -0.810237 0.480167 0.516492 0.0174551 : 0.5
0.996827 0.354697 0.938362 -1 0.00846004 -0.467867 -0.0383897 0.0667574 0.508397 : 0.5
0.680108 0.369804 0.946799 0.337659 -0.36983 0.72104 -0.0095841 0.809873 0.210409 : 0.1
0.655909 0.443677 0.64617 1 0.0916453 -0.331654 0.440098 -0.629922 0.17544 : 0.5
0.609089 0.457128 0.454364 -0.821073 -0.253142 -0.233611 0.521354 -0.469784 0.0265577 : 0.4
0.641823 0.46847 0.989696 -0.251762 0.3786 0.543249 0.816195 0.085644 -0.360473 : 0.4
0.647445 0.151246 0.832255 -0.363971 0.131567 0.175465 0.30455 0.523222 0.297098 : 0.5
0.638953 0.818023 1 -0.775059 -0.452559 -0.296281 0.138931 -0.133076 -0.0195932 : 0
0.591986 0.485194 0.778796 -0.239628 -0.0231851 -0.935326 0.230121 0.319495 0.461608 : 0
0.565169 0.530432 0.998334 -0.474971 -0.0543338 -0.568196 0.318032 0.336923 -0.247097 : 0.4
0.863652 0.355873 1 -0.397717 -0.626234 -0.114466 0.151955 -0.117976 -0.321896 : 0.4
0.620739 0.55796 0.943195 -0.673633 -0.652626 -0.626621 1 0.696096 -0.272132 : 0.3
0.764518 0.518227 0.865229 -0.274399 -0.537493 -0.951772 0.0286545 -0.204391 -0.454172 : 0.5
0.742561 1 0.602806 -0.718454 -0.738516 -0.463749 1 0.591486 -0.20188 : 0.2
0.684518 0.170387 0.99511 0.459907 -0.231661 -0.0159518 0.510239 0.223931 0.380467 : 0.2
0.655975 0.469107 0.84676 0.645845 0.128413 -0.813834 0.348078 -0.899346 0.0266213 : 0.2
0.588313 0.381261 0.815962 -0.37131 -0.271681 -0.382909 1 0.228289 -1 : 0.2
0.582188 0.102739 0.753272 -1 -0.514004 -0.488553 0.326362 -0.151455 0.31105 : 0.5
0.782218 0.406364 0.866633 0.182458 -0.371744 -0.907385 0.865683 1 -0.354137 : 0.3
0.613456 0.150631 0.801909 -0.085111 -0.122287 -0.143405 -0.0037179 -0.812779 -0.0267535 : 0.4
0.545621 0.391834 0.686184 0.288428 -0.256764 -0.911423 0.456689 0.431071 0.0638719 : 0.3
0.68125 0.292831 0.616693 -0.120872 -0.542836 -0.343856 -0.146786 -1 0.639452 : 0.2
0.605314 0.365444 0.827392 0.42036 -0.72679 -0.85546 0.395841 -0.615937 1 : 0.5
0.804332 0.994594 0.867901 -1 -0.561465 0.0391196 0.435558 0.116764 -0.301113 : 0.6
0.644484 0.0638128 0.459137 -0.0638561 0.0724185 -0.50582 -0.1456 0.570498 0.204582 : 0.6
0.636425 0.21377 1 -0.417752 -0.459166 -0.127917 0.770198 -0.057589 0.0606838 : 0.3
0.629221 0.374446 0.507496 -0.482066 -0.0456004 -1 0.915873 0.636622 0.626562 : 0.6
0.598573 0.47591 0.639854 -0.690423 -0.992375 -0.102088 0.721851 -0.17603 -0.018704 : 0.1
