0.684179 0.40544 0.91577 -1 -0.0798534 0.00661907 0.417076 0.663152 0.356429 : 0.9
0.698623 0.408548 0.934944 -0.800833 -0.189347 0.0788196 0.406534 0.507415 0.170544 : 0.8
0.67239 0.428829 0.925266 -1 -0.1158 -0.129661 0.379279 0.967844 0.33549 : 0.4
0.690906 0.424627 0.839521 -0.700673 -0.111356 0.119722 0.12839 0.688014 0.471497 : 0.8
0.678359 0.41459 0.894575 -0.915804 -0.0699928 0.0666448 0.308548 0.825102 1 : 0.3
0.662124 0.403582 0.929812 -0.753041 -0.204668 0.0514377 0.4071 1 -0.600514 : 0.4
0.714974 0.380888 0.844391 -0.879642 -0.283301 0.162685 0.32527 0.777047 0.898143 : 0.7
0.634022 0.353414 0.944101 -0.944257 -0.078875 0.0513423 0.454665 0.351093 -0.0567515 : 0.7
0.710486 0.361307 0.87925 -0.866019 -0.33321 0.0851352 0.273972 0.750554 0.909205 : 0.5
0.663224 0.413187 0.951276 -0.937871 -0.370547 -0.0278629 0.558651 0.570113 0.237369 : 0.8
0.66787 0.457109 0.606398 -0.879467 -0.468142 -0.0491433 0.505368 0.637576 0.46401 : 0.8
0.674527 0.427136 0.805273 -0.84731 -0.277016 0.00976922 0.50538 0.883966 0.0900283 : 0.9
0.673362 0.439234 0.897793 -0.80918 -0.0928252 0.115151 1 1 0.068607 : 0.6
0.73821 0.359487 0.954115 -0.943134 -0.162413 -0.00701167 0.507048 0.308032 -0.754622 : 0.8
0.535484 0.368717 0.954335 -0.884502 -0.359512 0.0237042 0.235268 0.961963 -0.0934652 : 0.6
0.693184 0.486946 0.961779 -0.960141 -0.121795 -0.0282493 0.18732 1 0.337075 : 0.9
0.715948 0.402556 0.896928 -0.92657 -0.10772 0.0409157 0.427868 1 0.267018 : 0.8
0.65841 0.449649 0.858919 -1 -0.278444 0.0739646 0.219575 0.775435 -0.653975 : 0.6
0.71179 0.415734 0.930502 -0.913002 -0.0222578 0.0609402 0.307058 0.82069 0.340586 : 0.6
0.673863 0.396808 0.979661 -0.903548 -0.242558 0.0367074 0.900261 0.808536 1 : 0.6
0.691632 0.37626 0.959923 -1 -0.268918 -0.0127842 0.838064 0.734712 0.190798 : 0.6
0.687132 0.366313 0.928012 -0.882674 -0.0909131 0.0313602 0.213538 0.7305 0.186546 : 0.4
0.646972 0.418183 1 -0.868029 -0.136393 0.165936 0.467596 0.492719 0.108817 : 0.8
0.724162 0.38772 0.981833 -0.998334 -0.547969 -0.00966299 0.040587 0.779342 0.367412 : 0.5
0.681648 0.446173 0.930685 -0.834612 -0.156772 0.163875 0.454131 0.703733 0.2627 : 0.6
0.652645 0.429814 0.680655 -0.993305 0.0275749 0.0709146 0.365095 1 0.051186 : 0.3
0.670798 0.4499 0.900907 -0.947642 -0.275411 0.0766538 0.478888 0.67706 -0.537295 : 0.7
0.564977 0.453286 0.933686 -0.742361 -0.219984 0.0806163 0.288291 0.980889 -1 : 0.7
0.684027 0.439956 0.923484 -0.938146 -0.232117 0.0205009 0.588956 0.923787 0.383519 : 0.9
0.694989 0.394522 0.842408 -0.904834 -0.191532 0.0260255 0.31206 0.849881 -1 : 0.7
0.667882 0.377115 0.975972 -0.896938 -0.0626693 0.0623458 0.633071 0.694872 0.723035 : 0.7
0.769489 0.409275 0.95809 -0.82586 -0.302796 0.0854291 0.406916 0.873317 0.31216 : 0.5
0.721115 0.377462 0.855102 -0.750897 -0.896122 0.0908773 0.5429 0.679306 -0.839473 : 0.4
0.778778 0.438043 0.909172 -0.840144 -0.0690031 0.0793896 0.383485 0.381953 0.332544 : 0.7
0.664965 0.417162 0.90392 -0.649073 -0.153148 0.0451258 0.294184 1 -0.0413227 : 0.6
0.725229 0.382246 0.986015 -0.962635 -0.285728 0.110575 0.494941 1 -0.0418119 : 0.7
0.680638 0.439553 0.933429 -0.908256 -0.156686 0.0451743 0.312069 0.710946 0.963089 : 0.9
0.618332 0.387375 0.893006 -0.880857 -0.19512 0.0359179 0.358751 0.721157 0.271858 : 0.8
0.666144 0.440573 0.918268 -0.87972 -0.36529 0.156356 0.570119 0.842073 0.0139229 : 0.6
0.704334 0.394892 0.855963 -0.992354 -0.0652313 -0.0440444 0.330408 0.864902 -0.766175 : 0.9
0.693167 0.427736 0.964992 -0.864785 -0.0649539 0.0422275 0.0631015 0.666831 0.46501 : 0.9
0.638574 0.397999 0.801032 -0.9127 -0.215646 -0.0162787 0.442103 0.828337 0.261905 : 0.5
0.591262 0.432062 0.905502 -0.731576 -0.406149 0.00869719 0.308259 0.404378 0.121579 : 0.7
0.807187 0.45693 0.803769 -0.9929 -0.168419 0.0293941 0.310703 0.860259 0.639704 : 0.7
0.705711 0.396565 0.556392 -1 -0.354083 0.0927121 1 0.753665 0.38489 : 0.7
0.826657 0.494304 0.929662 -0.895667 -0.122794 0.0986883 0.40902 0.838555 0.264609 : 0.5
0.720445 0.412064 0.754516 -0.891058 -0.239115 0.168794 -0.0898856 0.741172 0.198176 : 0.6
0.646553 0.435745 0.73559 -0.902281 -0.226323 -0.0437473 0.419818 0.27578 0.365074 : 0.5
0.737194 0.40809 0.889913 -1 -0.108238 0.206176 0.275613 0.803572 -0.00654569 : 0.6
0.691643 0.388289 1 -0.860549 -0.241867 -0.0137606 0.541252 0.500823 -0.0240274 : 0.7
0.596207 0.359365 0.904089 -0.943979 -0.3702 -0.0672873 0.547719 1 0.661444 : 0.7
0.739769 0.465995 1 -1 -0.333536 -0.00681004 0.248759 0.530162 0.652996 : 0.8
0.723802 0.399306 0.871149 -0.973425 -0.132657 0.113117 0.295782 0.794113 -0.0413228 : 0.6
0.744501 0.446865 0.916221 -0.808139 -0.23564 0.0562274 0.318362 0.687257 0.311277 : 0.7
0.686364 0.453328 0.957099 -0.924387 -0.11922 0.0736481 0.162626 0.524638 0.955422 : 0.5
0.655994 0.39478 1 -0.931101 -0.28199 -0.0127431 0.109339 0.766104 0.473693 : 0.9
0.70807 0.40411 0.947077 -0.880517 -0.140959 -0.0432446 0.275657 0.774245 0.0737332 : 0.7
0.664854 0.4014 0.979929 -0.968367 -0.17928 -0.00917817 0.207889 0.611448 0.426058 : 0.6
0.741271 0.471637 0.944716 -0.92164 -0.0521287 0.0259612 0.563355 0.992628 0.539935 : 0.7
0.708535 0.341419 0.953468 -0.869946 -0.164882 0.701452 0.745877 0.745905 0.304383 : 0.9
0.666181 0.421062 0.944287 -0.832455 -0.188143 0.0721411 0.436062 0.887947 0.599245 : 0.9
0.63898 0.419586 0.976619 -0.824642 -0.37478 0.139963 0.43964 0.760821 -0.704762 : 0.5
0.69414 0.438349 0.847384 -0.735684 -0.111997 0.0557831 0.277941 0.323414 -0.193055 : 0.5
0.684331 0.377086 0.89647 -0.858869 -0.220143 0.0826864 0.437551 1 0.795893 : 0.8
0.795628 0.448743 0.747565 -0.925802 0.0899351 0.0274333 0.31779 0.705883 -0.257579 : 0.7
0.686834 0.39239 0.955241 -0.887277 -0.197359 0.0906715 0.125445 0.364101 -0.0246546 : 0.7
0.648852 0.38996 0.958898 -0.886321 -0.361657 0.0620567 0.0847377 0.753564 0.0336193 : 0.4
0.714911 0.407421 1 -0.890425 -0.206184 0.0525154 0.397822 0.639266 0.459435 : 0.7
0.707823 0.422312 0.768794 -0.889614 -0.0323133 0.0510372 0.0114306 0.623727 -0.406352 : 0.8
0.703693 0.355366 0.961028 -0.792346 -0.226332 0.0835588 0.360698 0.73018 0.11451 : 0.6
0.62066 0.437858 0.813318 -0.857757 -0.0938727 0.079206 0.5655 0.675232 0.497002 : 0.6
0.692765 0.439084 0.830258 -0.949577 0.00365335 0.0632139 0.410477 1 -0.71667 : 0.2
0.688805 0.439614 0.913716 -0.875964 -0.215079 0.0214411 0.223176 1 0.0329682 : 0.8
0.66952 0.411638 0.899662 -0.884618 -0.275257 0.0298808 0.519623 0.766754 -0.132678 : 0.6
0.641842 0.500371 0.958435 -0.994544 -0.0338885 0.13586 0.2581 0.930418 -0.0120985 : 0.5
0.706094 0.452667 0.963719 -0.909686 -0.309457 0.137108 0.5779 0.759967 0.956101 : 0.8
0.593445 0.424998 0.991157 -0.941143 -0.172448 0.0630046 0.388574 0.463967 0.232839 : 0.9
0.669523 0.410229 0.955217 -0.860667 -0.707556 0.061778 0.304378 0.746436 0.952094 : 0.6
0.664975 0.39632 0.91361 -0.806522 -0.198204 -0.0597496 0.499221 0.199912 1 : 0.6
0.644069 0.457748 1 -0.861336 -0.44456 0.0620472 0.581741 0.754958 -0.0987902 : 1
0.692013 0.456838 0.914684 -0.931599 -0.201065 0.144732 0.551239 0.803716 0.170488 : 0.6
0.701642 0.408121 1 -0.881581 -0.0328695 0.0429763 0.718511 0.909271 -0.169462 : 0.6
0.805338 0.378972 0.889334 -0.89122 -0.369576 0.045798 0.675231 0.737424 -0.00152072 : 0.7
0.670824 0.403566 0.915268 -0.921492 -0.0770628 -0.00426189 0.497891 1 0.228469 : 0.8
0.556284 0.382371 1 -0.917762 -0.196332 0.0712687 0.415335 0.855703 0.376927 : 0.5
0.635634 0.407895 0.818241 -0.757301 -0.201319 0.0288899 0.302095 0.391619 -0.525184 : 0.8
0.625484 0.386964 0.778512 -0.863385 -0.300948 0.0798789 0.475523 0.580323 0.256411 : 0.9
0.691066 0.406658 0.919158 -0.982283 -0.172924 0.111714 0.655667 0.614389 0.943827 : 0.4
0.718194 0.416383 0.978199 -0.760252 -0.319511 0.0584753 0.266558 0.407974 0.107891 : 0.5
0.623416 0.436115 0.959568 -0.874765 -0.0918462 0.27618 0.359809 0.744797 -0.0838718 : 0.8
0.69715 0.396616 0.895296 -0.873915 -0.0635763 0.0897167 0.360503 0.599402 1 : 0.6
0.813617 0.435817 0.904574 -0.855934 -0.20812 0.0455418 0.142106 0.858696 0.421345 : 0.5
0.656995 0.43823 0.87848 -0.881371 -0.301131 0.0254705 0.397557 0.765397 0.203098 : 0.5
0.623626 0.413851 0.926879 -0.930222 -0.261628 0.139253 0.332786 1 -0.38737 : 0.6
0.752548 0.413216 0.915008 -0.891062 -0.184386 0.0644383 0.364732 0.792355 0.149909 : 0.6
0.69434 0.420563 0.82163 -0.881472 -0.133847 0.0760314 0.456079 0.62116 -0.0542472 : 0.8
0.682746 0.434053 1 -0.963916 -0.157197 -0.201002 0.332819 0.506172 0.11898 : 0.9
0.653904 0.400312 0.971226 -0.794366 -0.352424 -0.0343065 0.498358 0.855625 -0.835415 : 0.8
0.726507 0.464764 0.984718 -0.845175 -0.24613 0.0247081 -0.412866 0.775526 0.664568 : 0.7
0.696387 0.398359 0.945605 -0.811579 -0.339418 0.16906 0.301787 0.723504 -1 : 0.8
0.613284 0.387014 0.952071 -0.856893 -0.107892 0.244234 0.199594 0.595404 0.228889 : 0.7
0.693599 0.373042 0.909025 -0.849611 -0.276466 0.0408767 1 0.731409 -0.934526 : 0.8
0.656595 0.422386 0.939718 -0.530882 -0.238111 0.0375629 0.500479 0.841468 0.736346 : 0.5
0.635928 0.397125 0.992881 -0.88921 0.0558396 0.071264 0.574677 0.69324 -0.197355 : 0.7
0.66091 0.4172 0.874308 -0.81761 -0.28797 -0.00667286 0.438321 0.789069 0.347985 : 0.5
0.706 0.419107 0.990376 -0.899335 -0.0369706 -0.0442755 0.0968396 0.779474 0.012629 : 0.4
0.696544 0.373232 0.927144 -0.912572 -0.271494 0.13049 0.309776 0.804092 0.156472 : 0.6
0.637936 0.471386 0.838423 -0.905363 -0.361911 0.155799 0.300278 -0.125808 0.0782174 : 0.6
0.702579 0.409636 0.882111 -0.895156 -0.139955 0.0287697 0.416221 0.868946 0.3436 : 0.3
0.644203 0.381145 0.896368 -0.754306 -0.426455 -0.101949 0.434272 0.862205 0.0887855 : 0.4
0.711207 0.453868 0.788693 -0.909987 -0.265865 -0.00337257 0.197641 0.742958 -0.580546 : 0.7
0.636559 0.40657 0.948904 -1 -0.42846 0.083749 0.57249 0.474816 0.748229 : 0.8
0.678422 0.403317 0.90804 -0.748769 -0.229253 0.0746868 0.583326 0.684352 0.405445 : 0.7
0.647517 0.39163 1 -0.909681 -0.245861 0.084721 0.573463 1 0.340955 : 0.6
0.576777 0.30669 0.864033 -0.906625 -0.0991229 0.101826 0.269264 0.685739 0.701332 : 0.8
0.686812 0.443159 0.89495 -0.911252 -0.154392 0.0623357 0.40782 0.935413 0.291476 : 0.8
0.700219 0.422146 0.857498 -0.885126 -0.123741 0.0895889 0.288824 0.952976 0.159026 : 0.8
0.766389 0.450876 0.950593 -0.920026 -0.107427 -0.132507 0.169494 0.659816 -0.578326 : 0.7
0.683947 0.430481 0.93915 -0.722545 -0.0133783 -0.0672368 0.444387 0.677725 0.536348 : 0.8
0.707249 0.383648 0.775387 -0.910403 -0.0321931 -0.0896411 0.177315 1 0.71542 : 0.6
0.679647 0.360297 0.931707 -0.844369 -0.129783 0.0764915 0.460311 0.442077 -0.209998 : 0.6
0.670171 0.409775 0.838186 -0.924629 -0.0291896 0.0494765 0.469182 1 0.0945933 : 0.8
0.716867 0.431667 0.968176 -0.879151 -0.201624 0.0406443 0.566916 0.837893 0.81649 : 0.9
0.610356 0.421058 0.795328 -0.969614 -0.214057 0.103624 0.485827 0.715733 0.304803 : 0.9
0.805735 0.447864 0.932237 -0.865451 -0.0736544 -0.0140134 0.422878 0.835869 0.228614 : 0.8
0.605674 0.378904 0.955213 -0.898082 -0.0610555 0.157708 0.365348 0.811796 0.104986 : 0.8
0.675231 0.278156 0.889995 -0.895974 -0.0734111 0.0569898 0.293031 0.823922 0.587188 : 0.7
0.702207 0.310651 0.963336 -0.862107 -0.168535 -0.128166 0.223224 0.592345 0.270752 : 0.8
0.661334 0.384977 0.937813 -0.885531 -0.181779 0.0112719 0.539145 0.750014 -0.0464769 : 0.8
0.642776 0.405165 0.97751 -0.896611 -0.190755 0.088231 0.542181 1 1 : 0.9
0.593202 0.4176 0.906231 -0.798079 -0.129642 -0.12872 0.409062 0.462601 0.181261 : 0.8
0.69038 0.406402 1 -0.866615 -0.184121 0.0746798 0.527349 0.740262 0.0759978 : 0.8
0.597612 0.494181 0.985512 -0.906508 -0.234245 -0.123897 0.231882 0.925034 -1 : 0.7
0.704925 0.452777 0.935308 -0.888005 -0.369917 0.129466 0.440194 0.824475 1 : 0.5
0.690867 0.369412 0.923036 -0.902095 -0.290893 0.0950456 0.566349 0.827637 -0.093716 : 0.9
0.695344 0.392416 0.806171 -0.857379 -0.400828 0.0979594 0.756853 0.913991 -0.0283012 : 0.6
0.718489 0.339299 1 -0.982263 -0.122313 -0.0788853 0.214307 0.841534 0.277907 : 0.7
0.643366 0.435075 0.792564 -0.87604 0.0746224 0.0657891 0.540682 0.672137 0.85487 : 0.6
0.671665 0.36975 0.939926 -0.893013 -0.252006 0.0138828 0.331352 0.84626 -0.0531296 : 0.8
0.66811 0.373899 0.883881 -0.765078 0.0592137 -0.0406419 0.42915 0.860682 -0.551345 : 0.6
0.67694 0.351101 0.908741 -0.850997 -0.143522 0.0990225 0.361871 0.483252 0.592872 : 0.8
0.705419 0.405968 0.941584 -0.884039 -0.185731 0.0812145 0.41884 0.737445 -0.114995 : 0.5
0.686007 0.434848 0.958857 -0.877021 -0.248266 0.0304776 0.29175 0.767998 0.737831 : 0.6
0.697861 0.386492 1 -0.945603 -0.188801 0.165062 0.377292 0.638637 0.0365726 : 0.8
0.691816 0.315249 0.966982 -0.955838 -0.34297 -0.0326341 0.970452 0.687446 0.185858 : 0.6
0.673353 0.381332 0.875503 -0.918271 -0.342596 0.106921 0.887213 0.740334 -0.476336 : 0.5
0.717093 0.341928 0.997698 -0.911028 -0.179432 0.0649071 0.236866 0.779077 -0.194178 : 0.6
0.685396 0.425449 0.949447 -0.951733 -0.137662 0.0809253 0.429762 0.71935 0.865285 : 0.6
0.706803 0.399181 0.916002 -0.980234 -0.0454024 0.0209289 0.36243 0.964803 -0.425557 : 0.5
0.700132 0.399776 1 -0.872428 -0.0384452 0.105904 0.58186 0.746645 0.141597 : 0.9
0.657303 0.443416 0.955472 -0.886333 -0.940037 0.132827 0.817518 0.561367 1 : 0.7
0.750238 0.402461 0.868853 -0.904275 -0.228699 0.00450914 0.491786 0.685912 0.156688 : 0.7
0.725435 0.427363 0.918886 -0.602835 -0.205038 0.0359578 0.50134 0.577681 -0.739322 : 0.7
0.688008 0.376806 0.750213 -0.967097 -0.175589 0.0751591 0.494707 0.831622 -0.676082 : 0.7
0.794814 0.508558 0.926367 -0.928724 -0.1371 -0.073997 0.176103 1 0.402878 : 0.5
0.603087 0.390431 0.925171 -0.798076 -0.321179 0.111165 0.206869 0.897361 0.320955 : 0.5
0.660167 0.431424 1 -0.928699 -0.14655 0.0997141 0.343165 0.680647 -0.20311 : 0.8
0.691237 0.401513 0.986398 -0.567357 -0.231169 -0.0633325 0.455225 0.826301 1 : 0.8
0.714062 0.373614 0.885235 -0.880857 -0.0346861 0.237733 0.335714 0.810486 -0.0818883 : 0.7
0.705217 0.452227 0.969471 -0.891054 -0.348129 0.0752205 0.390493 0.797934 0.898777 : 0.6
0.662451 0.426546 0.939074 -0.897686 -0.256523 0.0511274 0.149886 0.901983 0.861339 : 0.6
0.605957 0.386283 0.924519 -0.894138 -0.167929 0.0802639 0.0445929 1 -0.238007 : 0.9
0.657141 0.410731 0.747032 -0.86527 -0.0600055 0.0875187 0.517851 0.657279 0.256383 : 0.7
0.677617 1 0.965945 -0.798512 -0.0639903 0.0831471 0.379896 0.738558 0.136587 : 0.4
0.659622 0.328681 1 -0.916107 -0.187152 -0.0113323 0.138637 0.713688 -0.067287 : 0.7
0.747256 0.397543 0.953692 -0.916444 -0.156529 0.124814 0.423321 0.672817 0.581467 : 0.7
0.74559 0.389891 0.87136 -0.90247 -0.0899515 0.125161 -0.00122952 0.711185 0.552767 : 0.7
0.646771 0.404879 0.868251 -0.917738 -0.245967 0.131673 0.0878269 0.79758 0.0471336 : 0.6
0.704626 0.456535 0.93059 -0.917893 -0.144975 0.109924 0.555291 0.817457 1 : 0.6
0.672776 0.37693 0.940736 -0.909479 -0.245272 0.0560261 0.567197 0.835986 0.267148 : 0.8
0.774568 0.450641 0.913351 -0.897743 -0.0736446 0.158999 0.20462 0.845053 -0.233593 : 0.6
0.665572 0.421982 0.919747 -0.840586 -0.117555 0.0942947 0.371799 0.698053 0.413418 : 0.7
0.671746 0.425513 0.993815 -0.863452 -0.494178 0.0971844 -0.378169 0.662366 0.685535 : 0.9
0.715132 0.384857 0.934278 -0.898984 -0.261664 -0.00868744 0.390992 0.689549 1 : 0.7
0.621792 0.459136 0.955752 -1 -0.204788 0.0829573 0.458781 0.803153 0.421952 : 0.5
0.70364 0.411495 0.934735 -0.876185 -0.195079 0.100077 0.630322 0.437955 0.217649 : 0.6
0.739056 0.387718 0.948219 -1 -0.179746 0.100804 0.592664 0.880231 -0.0636673 : 0.9
0.726328 0.396372 0.972305 -0.904082 -0.162015 -0.0461132 0.316154 0.660755 -0.333756 : 0.3
0.740008 0.43058 0.972808 -0.735314 -0.112136 0.110788 0.442772 0.549077 0.633434 : 0.7
0.659479 0.360741 0.816873 -0.902158 -0.48741 -0.0432504 0.372216 0.202829 0.246025 : 0.6
0.681207 0.432883 0.900436 -0.84217 -0.763685 0.101232 0.512135 0.599141 0.217607 : 0.8
0.603042 0.376745 0.810509 -0.853365 -0.297693 0.0617133 0.588943 0.757418 0.00809647 : 0.7
0.734843 0.380071 0.819204 -0.777867 0.0800246 0.0549376 0.191104 0.717356 -0.0661564 : 0.6
0.706952 0.418774 0.962671 -0.778265 -0.178391 0.15807 0.290959 0.856346 -0.711976 : 0.5
0.532551 0.320882 0.874931 -0.898347 -0.289748 0.180128 0.139747 0.405824 0.890037 : 0.7
0.636162 0.345878 0.795027 -1 -0.183323 0.0312685 0.294025 0.392671 -0.560365 : 0.6
0.683459 0.372793 0.890888 -0.8359 -0.424799 0.0611297 0.393197 0.849063 0.744051 : 0.7
0.690363 0.94734 0.960969 -0.841232 -0.194838 -0.0328081 1 0.74399 0.399655 : 0.4
0.588644 0.438561 1 -0.782031 -0.13709 0.101431 0.419299 0.372455 0.132544 : 0.6
0.649579 0.36859 0.962684 -0.915249 -0.0666734 0.14532 0.401083 0.754407 -0.551186 : 0.5
0.675928 0.390719 0.904845 -0.945821 -0.220481 0.0116526 0.175113 0.64552 0.76021 : 1
0.668653 0.366394 0.981366 -0.923693 -0.122528 0.130837 0.227456 0.829186 0.1409 : 0.5
0.658206 0.380235 0.94898 -0.838976 -0.211432 0.119352 0.325287 0.7781 0.325563 : 0.6
0.656279 0.342991 0.876012 -0.886355 -0.289286 -0.0667612 0.137978 0.181584 1 : 0.9
0.750819 0.427507 0.897025 -0.947682 -0.737239 0.184031 0.39802 0.987063 -0.00861847 : 0.7
0.712698 0.405217 0.894189 -0.901049 -0.0904659 0.0414908 0.506114 0.900528 0.132956 : 0.9
0.720221 0.419251 0.815665 -1 -0.753255 0.116771 0.537771 0.974096 -0.861673 : 0.8
0.719404 0.402238 0.957975 -0.880495 -0.189106 0.0109753 0.49131 0.748307 0.0847838 : 1
0.699866 0.450138 0.972846 -0.840957 -0.159389 0.091233 0.385408 0.786381 1 : 0.9
0.698512 0.417888 0.929424 -0.93858 -0.156675 0.0522672 0.520238 1 0.413542 : 0.6
0.683529 0.452184 0.929272 -0.902757 -0.146835 0.0124137 0.337906 0.705962 0.840421 : 0.6
0.678393 0.397996 0.948499 -0.888294 -0.120203 0.0250026 0.398625 1 0.21954 : 0.9
0.659438 0.412694 0.734937 -0.83203 -0.0449909 0.0684699 0.558033 0.911437 0.274445 : 0.5
0.78817 0.508239 0.940996 -0.549356 -0.19896 -0.132339 0.253397 0.34325 0.61932 : 0.5
0.6906 0.432979 0.897016 -0.853896 -0.103287 0.0981464 1 0.572058 0.622458 : 0.6
0.708471 0.316837 0.997506 -0.799604 -0.0660953 0.0750577 0.249833 0.704233 -0.26004 : 0.8
0.661414 0.287106 0.903742 -0.841698 -0.332804 0.0228832 0.274199 0.853529 0.10636 : 0.9
0.715909 0.426208 0.864459 -0.881757 -0.176263 -0.00906318 0.323273 0.739872 0.622734 : 0.9
0.635611 0.408721 0.923285 -0.767558 -0.104659 0.0533712 0.285672 0.599376 -0.0628139 : 0.8
0.660707 0.379584 0.929453 -0.797436 -0.119591 0.154143 0.621516 0.938989 0.215968 : 0.9
0.74305 0.403632 0.924025 -0.886982 -0.0874428 0.0053217 0.419009 0.868185 -0.0427124 : 0.4
0.639767 0.475124 0.96159 -0.960924 -0.220123 0.0222682 0.360906 0.471254 0.469435 : 0.7
0.730202 0.419607 0.912135 -0.850997 -0.181865 -0.00979466 0.236493 0.984781 0.658895 : 0.9
0.693084 0.409858 0.898335 -0.926355 -0.277397 0.0190806 0.327267 0.808585 -0.161711 : 0.3
0.650719 0.385956 0.99629 -0.95192 -0.211404 0.0164272 0.396392 0.709449 -0.287274 : 0.8
0.701176 0.412778 0.97639 -1 -0.114498 0.061041 0.465919 0.545218 -0.0443222 : 0.8
0.665573 0.417512 0.903172 -0.814272 -0.247262 0.932622 0.334944 0.697644 0.279333 : 0.7
0.699093 0.412193 0.97091 -0.943157 -0.223545 0.0342394 0.35573 0.719756 -0.170596 : 0.5
0.60081 0.409449 0.918314 -0.678769 -0.235598 0.0355048 0.369652 0.751747 -0.200962 : 0.5
0.654662 0.388778 0.965657 -0.948701 -0.0612955 -0.0475146 0.499467 0.593274 1 : 0.8
0.756933 0.403929 0.908872 -0.979934 -0.117423 -0.138319 0.377851 0.307431 0.144553 : 0.6
0.671497 0.375712 0.966908 -0.849831 -0.0894064 0.0932804 0.518216 0.888641 0.0856586 : 0.4
0.716184 0.378697 0.992473 -0.781435 -0.147734 -0.0183709 0.324164 0.641477 0.456318 : 1
0.666265 0.360698 0.891006 -0.898263 -0.00701237 0.0316031 0.49563 0.0504331 0.774774 : 0.5
0.699365 0.40616 0.827916 -0.963898 -0.100869 0.16578 0.413362 0.636241 -0.531582 : 0.7
0.718137 0.403183 0.907784 -0.897481 -0.231143 0.0934986 0.442609 0.979082 -0.0556503 : 0.8
0.677071 0.444865 0.975442 -0.859173 -0.0232097 -0.0785581 0.32803 0.670774 0.883176 : 0.5
0.694833 0.394061 0.952866 -0.966962 -0.351081 0.0713436 0.460608 0.350597 -1 : 0.6
0.767288 0.440925 0.948111 -0.915468 -0.232359 0.0409483 0.858356 0.687967 0.154676 : 0.6
0.669244 0.400434 0.944649 -0.829348 -0.252614 0.0598223 0.419723 0.742356 -0.977854 : 0.8
0.700014 0.46503 0.945217 -0.844778 -0.139393 0.106561 0.360316 0.745856 0.457818 : 1
0.723976 0.415856 0.866585 -0.790476 -0.208456 0.183085 0.305638 0.296264 0.17339 : 0.8
0.681058 0.41026 0.973831 -0.848961 -0.197871 0.0908848 0.735047 -0.203316 0.600743 : 0.7
0.694891 0.424681 1 -0.866872 -0.27682 0.0352243 0.556463 0.755311 -0.0660079 : 0.8
0.743919 0.437924 0.905416 -0.871413 -0.692811 0.152993 0.629162 0.502048 1 : 0.8
0.740053 0.380534 0.913118 -0.986422 -0.27278 0.081622 0.345572 0.616682 0.0668516 : 0.8
0.700525 0.38879 0.95393 -1 -0.0642522 0.0201458 0.354921 0.87858 0.724984 : 0.6
0.66178 0.419409 1 -0.897625 -0.0883525 0.0779354 0.707107 0.791888 0.172252 : 0.7
0.756711 0.409884 0.945282 -0.8321 -0.125472 -0.0781145 0.422298 0.803582 0.864385 : 0.9
0.707868 0.347766 0.938286 -0.928212 -0.618928 0.00320813 0.19006 0.711407 0.321788 : 0.9
0.712027 0.476254 0.95752 -0.928098 -0.124817 -0.0168555 0.467131 0.680389 1 : 1
0.732461 0.4109 1 -0.993916 -0.184678 0.0663541 0.630499 0.699414 0.51261 : 0.8
0.713166 0.45136 0.953335 -0.888018 -0.22753 0.0737079 0.545266 0.980684 0.353775 : 0.9
0.627934 0.385398 0.966751 -0.84491 -0.00529891 0.0754407 0.64607 0.430386 0.0131747 : 0.8
0.705955 0.441249 0.857906 -0.865074 -0.375218 -0.0959896 0.799417 0.173525 1 : 0.8
0.664818 0.344233 0.866488 -0.880208 -0.165934 0.0620812 0.294525 0.555786 0.707749 : 0.7
0.645215 0.410416 0.855985 -0.868716 0.0104332 0.0474411 0.54258 0.658707 0.64908 : 0.5
0.70088 0.41685 0.619974 -0.902679 -0.0341354 0.0587438 0.310834 0.664202 1 : 0.8
0.73918 0.418224 0.875404 -0.987678 -0.754296 -0.0136002 0.497709 0.946989 0.339776 : 0.5
0.760583 0.443106 0.732584 -0.995469 -0.343511 0.139996 0.287276 0.656942 0.57506 : 0.8
0.700108 0.449536 0.951741 -0.934022 -0.216333 0.0203939 0.361741 0.727445 0.382875 : 0.8
0.746637 0.360822 0.947906 -0.926318 -0.284335 -0.0723091 0.60296 0.608617 0.574178 : 0.6
0.7216 0.443466 0.957314 -0.88133 -0.548668 0.0216439 -0.63755 0.733169 0.682932 : 0.8
0.694454 0.405864 0.916357 -0.929645 -0.189525 0.0747447 0.493299 0.804966 0.365311 : 0.8
0.696787 0.402545 0.96412 -0.861064 -0.235278 0.0106722 0.507948 0.957685 0.225733 : 0.7
0.711663 0.303506 0.927584 -0.710941 -0.296152 -0.0691274 0.577887 0.657146 0.528465 : 0.7
0.695838 0.393031 0.971286 -0.751109 -0.00433215 -0.0394063 0.311246 0.63957 -0.237453 : 0.4
0.633256 0.417698 0.913644 -0.89419 -0.313155 0.173243 0.320251 0.587751 -0.0800574 : 0.8
0.637429 0.380668 1 -0.941481 -0.193065 0.119368 0.215189 0.575693 -0.0257844 : 0.7
0.701386 0.428356 0.993974 -0.746053 -0.188355 0.116148 0.546694 0.582459 0.544234 : 1
0.765691 0.415436 0.874258 -0.942781 -0.241581 0.0437125 0.215397 0.685228 0.868363 : 0.9
0.703353 0.443933 0.917823 -0.833049 -0.467285 0.137186 0.625831 0.742263 0.578953 : 0.8
0.593232 0.42278 0.945261 -0.623743 -0.954797 0.137743 0.922959 0.604773 0.643769 : 0.8
0.654664 0.332084 0.965067 -0.876328 -0.168673 0.0350662 0.431659 0.718804 0.150515 : 0.7
0.678343 0.416926 0.926353 -0.821462 -0.177982 0.152092 0.471378 0.395166 0.166685 : 0.7
0.7708 0.302365 0.963918 -0.892667 -0.12668 0.0854872 0.422777 0.611254 0.0665812 : 0.8
0.749644 0.380435 0.971623 -0.895908 -0.199212 0.221844 0.521991 0.592977 1 : 0.6
0.695051 0.416847 0.896737 -0.986895 -0.247963 0.036667 0.434 0.718981 0.065736 : 0.3
0.664663 0.475495 0.961187 -0.9511 -0.406435 0.0332002 0.454716 0.698697 1 : 0.8
0.637673 0.409634 0.963884 -0.851949 -0.161983 0.134711 0.289111 0.702855 -0.844796 : 0.2
0.702411 0.403674 0.933924 -0.862723 -0.271913 0.00235994 0.573548 0.687386 0.793343 : 0.8
0.667898 0.361019 0.647895 -0.923118 -0.241915 0.0210572 0.540961 0.64352 -0.343345 : 0.6
0.616002 0.443253 1 -0.859915 -0.0688241 0.0657565 0.183196 1 -0.487042 : 0.8
0.721455 0.392224 0.908608 -0.924011 -0.267442 -0.106931 0.415064 0.553351 0.281076 : 0.7
0.69536 0.435099 0.938035 -0.851458 -0.173156 0.104495 1 0.74278 0.30364 : 0.9
0.705236 0.438976 0.937298 -0.959272 0.112347 0.162705 0.477512 0.966458 -0.144933 : 0.8
0.710684 0.377689 0.924592 -0.871982 -0.635587 0.0208125 0.495464 0.648905 -0.475137 : 0.7
0.722856 0.470585 0.906655 -0.788065 -0.265708 0.0777383 0.392991 0.836516 -0.0153493 : 0.5
0.700228 0.448984 0.945154 -0.933439 -0.200938 -0.088121 0.138563 0.68765 -0.409379 : 0.8
0.72062 0.452156 0.887014 -0.900409 -0.798152 0.0336654 0.469472 0.723246 -0.446301 : 0.8
0.672072 0.365217 0.941641 -0.885003 -0.298699 0.121469 0.403542 0.643742 -0.374685 : 0.7
0.687724 0.377628 0.952318 -0.978376 -0.396064 0.085636 0.746462 0.605716 0.103004 : 0.4
0.727633 0.34362 0.983638 -1 -0.249137 0.0985847 0.305143 0.912911 -0.0375557 : 0.7
0.625362 0.393048 0.942413 -0.942151 -0.195362 0.101731 0.235149 0.929537 0.141972 : 0.8
0.607706 0.521698 0.970437 -0.916954 -0.239183 -0.0632327 0.218125 0.958804 0.630271 : 0.8
0.692263 0.468005 0.826763 -0.949486 -0.180895 0.0780675 0.339363 0.963347 0.482279 : 0.9
0.707461 0.415958 1 -0.88145 -0.134359 0.0783322 0.262285 0.597565 0.0767958 : 0.7
0.667996 0.400409 0.96134 -0.716907 -0.148203 -0.011598 0.568574 0.571846 -1 : 0.6
0.614231 0.408949 0.95276 -0.742151 -0.147602 0.114611 0.300217 0.678248 0.983799 : 0.7
0.796687 0.459486 0.920615 -0.930125 -0.0720161 0.0774866 0.221482 0.868348 0.940325 : 0.5
0.641117 0.41781 0.995995 -0.854611 -0.0921302 0.0513632 0.1237 0.839135 -0.708667 : 0.6
0.603659 0.381189 0.96494 -0.871809 -0.223987 0.0887269 0.370848 0.683963 -0.0603666 : 0.7
0.716232 0.432302 0.96581 -0.849496 -0.235217 0.0570186 0.309914 0.878573 0.704963 : 0.9
0.643021 0.419554 0.99532 -0.976345 -0.0100681 0.0958829 0.500832 0.854885 -0.880902 : 0.9
0.713095 0.44078 0.860848 -0.855554 -0.962157 0.136596 -0.532961 0.424926 0.696925 : 0.7
0.717277 0.381553 0.975545 -0.816961 -0.307302 0.0214671 0.325838 0.667378 -0.342941 : 0.9
0.733545 0.371037 1 -0.905896 -0.213454 0.0370666 0.341852 0.764748 0.407066 : 0.5
0.662698 0.411438 0.98988 -0.947367 -0.235639 0.133424 0.107977 0.356121 0.00269651 : 0.6
0.667092 0.36113 0.863871 -0.80184 -0.28032 -0.0529253 0.368232 0.527997 0.559432 : 0.6
0.67185 0.383187 0.970798 -0.979695 -0.201541 0.139849 0.300591 0.687268 -0.0626879 : 0.6
0.661992 0.354146 0.970744 -0.928629 -0.418498 -0.00774813 0.47012 0.519786 0.199379 : 0.5
0.586264 0.402342 0.994994 -0.887433 -0.199214 0.0552513 0.373112 0.744288 0.500833 : 0.7
0.685469 0.417793 0.963461 -0.93183 -0.0151719 0.0387073 0.417935 0.618685 -1 : 0.7
0.699042 0.363726 0.914163 -0.987391 -0.239523 -0.125521 0.327733 0.702714 0.038702 : 0.7
0.694161 0.448799 0.962858 -0.845452 -0.0162564 0.100922 0.361305 0.782174 0.855542 : 0.9
0.783599 0.445918 0.925498 -0.878914 -0.090026 0.0874186 0.60756 0.908595 0.203387 : 0.9
0.666225 0.262686 0.962986 -0.920781 -0.173748 0.0210751 0.322973 0.624385 0.155116 : 0.6
0.709205 0.395834 0.998227 -0.773826 -0.0552278 0.215012 0.434212 0.453401 -0.353633 : 0.7
0.668915 0.408827 0.948789 -0.894016 -0.124386 0.241228 0.621263 1 0.445331 : 0.6
0.721763 0.417654 0.954551 -0.894826 -0.134868 0.0394594 0.275742 1 0.831886 : 0.6
0.694147 0.418719 0.927635 -0.920423 -0.134399 -0.0530182 1 0.672847 -0.347373 : 0.7
0.674643 0.412216 0.951226 -0.890346 -0.0932561 0.046482 0.247165 1 0.429147 : 0.4
0.699778 0.398208 0.966614 -0.962258 -0.28344 0.0762602 0.216279 0.624509 0.731345 : 0.9
0.681161 0.360205 0.926614 -0.826403 -0.328896 -0.0423256 0.356101 0.985386 0.81801 : 0.5
0.63162 0.446137 0.781466 -0.909813 -0.202088 0.06659 0.215997 0.70551 0.388691 : 0.9
0.697333 0.405054 0.888421 -0.918061 -0.325769 -0.00252302 0.779634 0.856985 0.363501 : 0.9
0.643063 0.358855 0.934282 -0.859518 -0.0979616 0.0532345 0.436944 0.831267 -0.995348 : 0.4
0.634363 0.393764 1 -0.93328 -0.189433 0.205004 0.158714 0.758893 0.329193 : 0.3
0.669881 0.423501 0.834149 -0.779385 -0.239658 0.0850042 0.334791 0.544733 0.482046 : 0.8
0.705432 0.363832 0.941199 -0.852901 -0.418492 0.110181 0.616672 0.728451 -0.0396568 : 0.8
0.676022 0.393174 0.967768 -1 -0.162712 0.11225 0.483218 -0.357076 -0.327414 : 0.8
0.680109 0.377152 0.891479 -0.878859 -0.132355 0.158885 0.432571 0.566397 -0.205096 : 0.7
0.604492 0.382298 0.840988 -0.902937 -0.288731 0.086559 0.0362634 1 0.267788 : 0.6
0.72473 0.432475 0.9756 -0.965666 -0.122218 0.141532 0.341492 0.61892 -0.129207 : 0.8
0.659291 0.475037 0.882854 -0.914238 -0.38747 0.075678 0.406895 1 0.431913 : 0.5
0.652815 0.41378 1 -0.860131 -0.0255308 0.0444114 0.35611 0.588062 -0.377467 : 0.9
0.805613 0.358508 0.952965 -0.917437 -0.21172 0.142317 -0.211661 0.631364 -0.211211 : 0.4
0.690497 0.398907 0.945853 -0.7856 -0.77598 0.0485693 0.561267 0.660209 0.041238 : 0.8
0.702337 0.383776 0.948359 -0.8221 -0.524848 0.119948 0.613691 0.616443 -0.032808 : 0.5
0.61896 0.419863 0.966419 -0.922878 -0.0906314 0.0705286 0.151678 0.747268 0.592021 : 0.9
0.574429 0.385967 0.978001 -0.890395 -0.273835 0.0965275 0.215624 0.826138 -0.249909 : 0.4
0.655434 0.379313 0.964277 -1 -0.190617 0.0752611 0.532656 0.705093 0.0215993 : 0.9
0.704948 0.404141 0.848247 -0.904609 -0.313878 0.0835169 0.499233 0.764063 0.772207 : 0.7
0.694319 0.464328 0.864285 -0.96411 -0.20511 0.127527 0.707441 0.674714 -0.146631 : 0.7
0.651951 0.388078 1 -0.907806 -0.0702535 0.0687557 0.457889 0.987141 -0.42064 : 0.8
0.683996 0.401584 0.898805 -0.903148 -0.299656 0.0708826 0.131041 0.914917 -0.541918 : 0.8
0.671989 0.483337 0.856299 -0.922655 -0.0214187 0.101884 0.187051 0.912023 0.624645 : 0.8
0.669096 0.470522 1 -0.891174 -0.48315 0.0494404 0.516264 0.800697 0.222076 : 0.6
0.61513 0.45468 0.917127 -0.871322 -0.204266 0.052412 0.290417 0.939725 0.690163 : 0.8
0.713348 0.395983 1 -0.705334 -0.130369 0.00538807 0.199697 0.635109 -0.58313 : 0.5
0.720225 0.418593 0.944776 -0.920608 -0.112038 0.086337 0.266207 0.852375 0.238649 : 0.4
0.651168 0.38191 0.951649 -0.610898 -0.697652 0.0996327 0.550243 0.672494 0.74544 : 0.8
0.681711 0.601167 0.946617 -0.761869 -0.0521066 0.0868474 0.446935 0.741514 0.070012 : 0.8
0.594755 0.428424 0.890954 -0.789991 -0.0394788 0.0168934 0.477675 1 0.111683 : 0.8
0.704618 0.404015 0.950363 -0.773251 -0.256186 0.128214 0.722151 0.694213 0.371766 : 0.7
0.712672 0.394698 0.985624 -0.816801 -0.243772 0.0533585 0.556269 0.892589 0.447981 : 0.8
0.709306 0.410561 0.96103 -0.951614 -0.302388 0.0139911 0.415362 0.767888 -0.814483 : 0.8
0.56227 0.456774 0.946514 -0.934448 0.0167472 0.171058 0.488705 0.586288 0.0608748 : 0.7
0.697373 0.456319 0.935259 -0.891011 -0.293084 0.00284344 0.175085 0.873394 0.59554 : 0.9
0.704939 0.458952 0.985766 -0.820612 -0.143373 0.214462 0.334859 0.901687 0.340025 : 0.7
0.650155 0.371794 0.949273 -0.871599 -0.20612 0.106212 0.236517 0.789271 0.0579918 : 0.5
0.65242 0.396139 0.793502 -0.898556 -0.199533 0.0873891 0.313817 0.524277 0.2263 : 0.7
0.674972 0.396314 1 -0.914975 -0.178373 -0.0622262 0.537785 0.548398 -0.131721 : 0.8
0.699297 0.433832 0.952176 -0.789919 -0.254027 0.0214753 0.206922 1 -0.00344584 : 0.6
0.711695 0.417079 0.749021 -0.856663 -0.283494 0.0659634 0.0430511 0.86278 -0.219534 : 0.8
0.717447 0.396618 1 -0.806688 -0.241776 -0.0815581 0.522799 0.464593 -0.648721 : 0.6
0.736923 0.415782 0.973834 -0.870664 -0.181597 0.00542905 0.490471 0.628078 0.0394148 : 0.6
0.675663 0.4025 0.785537 -0.808565 -0.0125114 -0.105686 0.236982 0.903922 0.591683 : 0.6
0.694523 0.419817 0.938823 -0.750871 -0.339608 0.127971 0.246426 0.685118 0.787805 : 0.8
0.707845 0.349441 0.914147 -0.910149 -0.277506 0.0262958 0.192381 1 0.670094 : 0.4
0.601857 0.391797 0.77721 -0.863703 -0.256094 -0.00132881 0.693832 0.909406 0.0973113 : 0.8
0.736669 0.414531 0.963262 -0.838604 0.194795 0.0751468 0.16062 0.638722 0.373673 : 0.9
0.667218 0.383417 0.697979 -0.959962 -0.268104 0.100321 0.381082 0.994863 0.135612 : 0.6
0.627277 0.450934 0.985945 -0.905987 -0.212997 -0.0623707 0.460878 0.674428 0.483455 : 0.7
0.641587 0.421082 0.686454 -0.897362 -0.111442 0.0671602 0.376711 0.917706 0.297657 : 0.7
0.629795 0.436906 0.917637 -0.853307 -0.127787 0.00945614 0.515871 0.528613 0.200159 : 0.6
0.691251 0.40248 0.963116 -0.830186 -0.352875 0.140025 0.426266 0.741498 -0.795388 : 0.7
0.653921 0.360833 0.949915 -0.967361 -0.146811 0.136311 0.242319 0.844076 0.0183647 : 0.8
0.600657 0.390985 0.765135 -0.871482 0.076401 0.0570514 0.627759 1 0.165723 : 0.7
0.638776 0.420232 0.998689 -0.970282 -0.174452 0.0441936 0.46618 0.787444 0.420532 : 0.7
0.677402 0.406656 0.955635 -0.790892 -0.182136 0.0862962 0.605234 0.895209 0.62899 : 0.9
0.685196 0.440111 0.733044 -1 -0.14745 0.140967 0.467961 0.507288 -0.421638 : 0.8
0.733111 0.391135 0.707838 -1 -0.242597 0.0876567 0.405806 0.590586 -0.0865452 : 0.6
0.715168 0.372901 0.876718 -0.746475 -0.294995 0.0668841 0.388593 0.703065 -0.383945 : 0.8
0.605286 0.413414 0.830345 -0.951283 -0.14499 0.0517346 0.333725 0.513429 0.939536 : 0.5
0.701824 0.449477 0.945964 -0.887306 -0.151348 0.170662 0.43323 0.188467 0.600886 : 0.7
0.712817 0.442951 0.928609 -0.79657 -0.185448 0.0665062 0.428864 0.651485 1 : 0.5
0.729964 0.446158 0.773815 -0.933325 -0.273365 0.0624481 0.464216 0.765675 1 : 0.6
0.675599 0.453198 0.962562 -0.910558 -0.0962547 0.0906789 0.299575 0.614923 0.148802 : 0.5
0.735232 0.379149 0.910618 -0.986361 -0.321519 0.109548 0.866587 0.583506 -0.200122 : 0.4
0.607417 0.405548 0.93255 -0.974236 -0.259979 0.0167541 0.0695608 0.651428 0.698405 : 0.8
0.606907 0.417706 0.942865 -0.773947 -0.208278 0.0290694 0.311432 0.632136 -0.466603 : 0.5
0.653908 0.359281 0.89965 -0.906594 -0.428724 0.0137772 0.48949 1 0.670518 : 0.5
0.731707 0.388698 0.946021 -0.938957 -0.249492 -0.0021674 0.161504 1 -0.777479 : 0.8
0.601306 0.338753 0.924797 -0.852884 -0.241242 0.0894687 0.18122 0.872024 -0.0132181 : 0.5
0.744485 0.476131 0.865907 -0.921497 -0.163545 0.0218793 0.413283 0.734638 0.394512 : 0.8
0.660846 0.39145 0.930981 -0.631852 -0.20853 0.0179411 0.37395 0.525947 -0.277336 : 0.7
0.681275 0.370439 0.967284 -0.878728 -0.315586 0.0528236 0.328583 0.465436 0.791317 : 0.5
0.722027 0.357493 0.919338 -0.942379 -0.0240889 0.160035 0.548761 0.834304 1 : 0.6
0.682042 0.396052 0.872765 -0.893163 -0.218194 0.139048 0.583346 0.578578 -0.46217 : 0.9
0.712911 0.381503 0.807944 -0.942007 -0.268865 -0.00756984 0.659397 0.631191 0.0939244 : 0.8
0.681792 0.374286 1 -1 -0.16772 -0.012776 0.331507 0.969838 0.165695 : 0.7
0.808725 0.432471 0.966495 -0.833188 -0.132182 0.1499 0.198918 0.875816 1 : 0.5
0.688433 0.46496 0.7872 -0.904616 -0.0467846 0.0835338 0.203527 0.902751 0.192974 : 0.4
0.743165 0.348594 0.909493 -0.834021 -0.224585 0.131252 0.262055 0.657005 0.024339 : 0.9
0.678907 0.431145 0.947153 -0.87511 -0.275899 -0.0111345 0.36316 0.759104 0.925121 : 0.7
0.708923 0.364115 0.961013 -0.931874 -0.356221 0.0521074 0.850116 0.873622 -0.14985 : 0.7
0.723354 0.370311 0.960924 -0.8169 -0.354281 0.0942372 0.360921 0.916051 0.736214 : 0.7
0.700752 0.514964 0.838668 -1 -0.211533 0.0650258 0.243545 0.829314 0.472084 : 0.9
0.682686 0.336992 0.533787 -0.83106 -0.206742 0.257174 0.366821 0.244697 -1 : 0.7
0.732396 0.505011 0.969826 -0.948239 -0.108396 0.0296095 0.663591 0.540921 0.541086 : 0.7
0.688541 0.384816 0.967179 -1 -0.188342 0.0856353 0.38505 0.635105 -0.342293 : 0.6
0.65392 0.40156 0.847603 -0.863185 -0.250745 0.0661677 0.254785 0.709241 0.287478 : 0.7
0.747094 0.405741 0.860608 -1 -0.244051 0.120938 0.18257 0.865874 -0.561547 : 0.7
0.705449 0.435895 0.950102 -0.990225 -0.2944 0.153111 0.486852 0.50908 -0.495518 : 0.6
0.711806 0.340958 0.859512 -0.885906 -0.133886 0.0977214 0.612845 0.799 0.0552398 : 0.8
0.6277 0.457328 0.895817 -0.879699 -0.211772 0.119026 0.382557 1 1 : 0.5
0.715081 0.437841 0.986115 -0.808855 -0.299822 0.0651057 0.413784 0.423459 0.380681 : 0.6
0.725848 0.415992 0.995413 -0.923265 -0.465954 -0.0554116 0.301831 0.725079 0.170377 : 1
0.622275 0.391396 0.673057 -0.951851 -0.196722 0.0932767 0.620024 0.966926 0.110386 : 0.8
1 0.403337 0.948164 -0.904786 -0.0456271 -0.0331455 0.38563 0.890276 -0.460905 : 0.8
0.704248 0.403608 0.937254 -0.922203 -0.187763 -0.0236911 0.576537 0.264881 1 : 0.9
0.646116 0.37047 0.901572 -0.96699 -0.201684 -0.022742 0.386598 0.927955 -0.496947 : 0.7
0.719483 0.395155 0.473941 -0.851829 -0.164203 -0.00163167 0.502003 0.690812 -0.670057 : 0.7
0.650995 0.410137 0.942719 -0.893072 -0.121926 0.139548 0.0503679 0.401318 0.247017 : 0.6
0.632636 0.364195 0.726731 -0.935229 -0.123718 -0.0112054 0.327001 0.728683 0.263653 : 0.7
0.629047 0.48255 0.865503 -0.881281 -0.251565 -0.00960114 0.194502 0.813023 1 : 0.9
0.721514 0.402227 0.879366 -0.933296 -0.189424 0.151923 0.838781 0.706305 -0.0804137 : 0.7
0.706456 0.415786 0.756905 -0.909005 0.0304344 -0.000758253 0.162945 1 0.222857 : 0.7
0.568929 0.398088 0.980813 -0.865793 -0.0876366 0.0424887 0.282264 0.191781 0.0147538 : 0.7
0.673089 0.36516 0.911024 -0.93979 -0.156834 0.0143627 0.469133 0.703387 -0.14457 : 0.6
0.689826 0.359054 0.766383 -0.924602 -0.271185 0.0839266 0.206573 0.188675 -1 : 0.3
0.707287 0.412011 0.757837 -0.929573 -0.0940036 0.121716 0.395978 1 -0.0630683 : 0.7
0.558927 0.395321 0.770385 -0.854031 -0.269991 0.0253761 0.286208 1 -0.20651 : 0.8
0.705343 0.398755 0.834321 -0.958118 -0.277445 0.102555 0.250728 0.783114 -0.582658 : 0.8
0.666523 0.424261 0.959672 -0.932138 -0.0562539 0.0763638 0.496274 0.718447 -0.24826 : 0.8
0.594501 0.428794 0.877981 -0.846783 -0.165279 0.0846108 0.433411 0.571269 0.708245 : 0.7
0.688776 0.396114 0.897968 -0.523214 -0.36978 -0.063868 0.360462 0.0702678 0.459043 : 0.5
0.69013 0.410993 0.967963 -0.856983 -0.18518 0.0524666 0.409678 0.775441 0.357685 : 0.5
0.632732 0.320133 0.931724 -0.518209 -0.362886 -0.00330688 1 1 -0.131926 : 0.5
0.651086 0.41014 0.937368 -0.80641 -0.135511 0.155114 0.427288 0.664464 0.799625 : 0.5
0.712021 0.391445 1 -1 -0.0860154 0.113047 0.366104 0.630288 -0.166456 : 0.6
0.694431 0.393742 0.975367 -0.96995 -0.166978 0.0678709 0.88487 0.742701 0.26181 : 0.6
0.722455 0.396569 0.933187 -0.937116 -0.241341 0.0848302 0.673768 0.646934 -1 : 0.8
0.689473 0.434384 0.95998 -0.95467 -0.291464 0.0400973 0.232007 0.475724 1 : 0.6
0.810483 0.434624 0.656224 -0.884494 -0.0474982 0.0842775 0.372214 0.602938 0.962278 : 0.9
0.585701 0.41441 0.907463 -0.692162 -0.10981 0.0938056 0.40223 0.368977 -0.372106 : 0.9
0.612096 0.465802 0.904808 -0.866489 -0.227388 -0.0108551 0.148069 0.743712 0.795159 : 0.6
0.642782 0.443109 0.961195 -0.763105 -0.144693 0.0517561 0.44634 0.49906 0.683081 : 0.4
0.778948 0.380688 1 -0.973937 -0.051777 0.100664 0.317122 1 0.0841852 : 0.7
0.550167 0.405128 0.91286 -0.920535 -0.0868892 0.0784825 0.393578 0.391012 0.645593 : 1
0.748617 0.351421 0.885324 -0.938997 -0.287737 0.0347042 0.389965 0.915391 -0.42253 : 0.8
0.842572 0.452124 0.893716 -0.846106 -0.255253 0.0944822 0.289955 0.709252 0.20579 : 0.5
0.703543 0.413581 0.884361 -0.975974 -0.401341 0.039058 0.506639 0.599949 0.928888 : 0.8
0.710209 0.429172 0.904546 -0.794721 -0.225287 0.117116 0.822134 0.522721 0.525445 : 0.7
0.704299 0.436697 1 -0.885511 0.192035 0.155149 0.74007 0.567797 0.771011 : 0.8
0.571295 0.380246 1 -0.814155 -0.285286 0.118398 0.288363 1 0.103005 : 0.4
0.671065 0.4115 0.790882 -0.854744 -0.101789 0.0512849 0.32457 1 -0.0477968 : 0.7
0.573446 0.417812 0.938016 -0.351408 -0.258187 0.0710253 0.337708 0.454811 -0.135249 : 0.9
0.732489 0.467208 0.859571 -0.975684 -0.161422 0.0370604 0.249719 0.912609 0.618805 : 0.9
0.731822 0.496916 0.946308 -0.831169 -0.0779506 -0.135169 0.625535 0.777962 -0.766729 : 0.9
0.686546 0.28616 0.982353 -0.756021 -0.142269 0.0730342 0.286181 0.583482 0.145341 : 0.3
0.710902 0.386553 0.941228 -0.968485 -0.642211 0.0828074 0.127005 0.686567 -1 : 0.7
0.714544 0.304411 0.859293 -0.914661 -0.165891 0.0398418 0.611239 0.93352 0.434905 : 0.8
0.661884 0.446835 0.92983 -0.836043 -0.211258 -0.0382831 0.418342 0.793354 -0.992379 : 0.9
0.560924 0.363593 1 -0.892102 -0.245071 0.107772 0.217293 0.785523 0.34433 : 0.6
0.626253 0.409458 0.944998 -0.919141 -0.144266 0.0671561 0.463104 0.971226 0.00578155 : 0.7
0.617691 0.432209 0.951615 -0.803135 -0.106143 -0.0215654 0.515977 0.664337 0.571207 : 0.4
0.668541 0.33175 0.94778 -0.942405 -0.248157 0.000680342 0.417372 -0.476651 -0.0414152 : 0.7
0.720344 0.401951 1 -0.687837 -0.188283 0.0331373 0.436997 0.667082 0.840908 : 0.8
0.68665 0.390218 0.940606 -0.925155 -0.278406 0.0550356 0.605427 1 0.274205 : 0.8
0.671639 0.379306 0.942477 -0.760646 -0.344713 0.0206412 0.272339 0.757853 -0.766905 : 0.7
0.608206 0.437873 0.987172 -0.967847 -0.177478 0.0334431 0.224712 0.728343 -0.216819 : 0.6
0.680747 0.403573 0.961537 -0.77996 -0.0479194 0.0867993 0.167593 0.619638 0.170671 : 0.6
0.707498 0.36329 0.958706 -0.906259 -0.306288 -0.0749078 0.622867 0.894039 0.136735 : 0.6
0.648039 0.412993 0.90424 -0.849639 0.0304708 0.0576706 0.252401 0.97158 -0.0262837 : 0.6
0.600748 0.384048 0.908155 -0.909396 -0.329868 0.0476571 0.270377 0.941132 0.384063 : 0.5
0.724669 0.405955 0.943686 -0.923035 -0.0989149 0.808851 0.361422 0.776511 0.0414042 : 0.7
0.708717 0.403072 0.980454 -0.842383 -0.293393 0.0581359 0.0491688 0.121331 -0.13934 : 0.9
0.697926 0.391335 0.906533 -0.961049 -0.30991 -0.0856109 0.388743 0.67626 0.744791 : 0.8
0.662605 0.416038 0.788512 -0.842388 -0.122293 0.0148611 0.388768 1 0.485033 : 0.5
0.722699 0.424179 0.961564 -0.848059 -0.148299 0.147145 0.583917 0.664445 0.640905 : 0.9
0.670926 0.499531 0.935225 -1 -0.17278 0.0383449 0.313742 0.924553 0.498407 : 0.6
0.683735 0.338838 0.955189 -0.821276 -0.154746 0.0830372 0.604124 0.408009 -1 : 0.6
0.682094 0.434612 0.91167 -0.949914 -0.21699 0.0675847 0.333252 0.551787 0.0871813 : 0.7
0.752659 0.369571 0.902262 -0.903156 -0.195059 0.168703 0.180328 0.938567 0.351205 : 0.5
0.667258 0.397809 0.935718 -0.981503 -0.147863 0.13547 0.344199 0.854013 0.690881 : 0.5
0.70209 0.374062 0.981393 -0.917905 -0.220675 0.00620915 0.309978 0.770163 -1 : 0.8
0.755511 0.358362 0.911305 -0.872051 -0.193203 0.178748 0.920129 1 -0.438743 : 0.6
0.670358 0.396907 0.95615 -0.916258 -0.12968 0.0558665 0.601399 0.578154 -0.638532 : 0.6
0.779424 0.403672 0.745519 -0.891076 -0.0406576 -0.0453037 0.304143 0.647699 -0.496433 : 0.6
0.691313 0.40255 0.942366 -0.906685 -0.118408 -0.152458 0.360176 0.774859 0.722904 : 0.6
0.665618 0.369488 0.995133 -0.893649 -0.19408 -0.0202969 0.574806 0.219794 0.108339 : 0.4
0.683692 0.394302 0.925788 -0.942955 -0.197749 0.117175 0.500807 0.664523 0.233188 : 0.8
0.639084 0.393618 0.878693 -0.941209 -0.159265 0.12054 0.500351 1 0.315394 : 0.7
0.751267 0.411041 0.956858 -0.636973 -0.164219 0.11284 0.183357 0.159717 0.335126 : 0.8
0.661132 0.443729 0.793223 -0.872317 -0.0993827 0.114134 0.337023 0.632905 -1 : 0.5
0.738962 0.358166 0.958481 -0.958217 -0.0814977 -0.0683668 0.208333 0.449471 -0.147594 : 0.5
0.66321 0.373295 1 -0.878958 -0.21378 0.0560187 0.268753 1 -0.191433 : 0.7
0.600857 0.321725 0.947679 -0.834774 0.05212 0.030103 0.532877 0.459567 0.135061 : 0.8
0.601033 0.443364 0.943693 -0.891538 -0.274832 0.0471695 0.443047 0.871027 -0.291836 : 0.9
0.696061 0.529244 0.972572 -0.883949 -0.234209 0.0231439 0.301753 0.622395 0.446996 : 0.6
0.665199 0.406705 0.840029 -0.902756 0.0345834 0.119115 0.567325 1 0.432815 : 0.7
0.645297 0.464082 0.973117 -0.908831 -0.350239 0.185366 0.501779 0.606867 0.385294 : 0.8
0.647559 0.408165 0.912837 -0.865333 -0.215543 0.0779081 0.256316 0.711268 0.250231 : 0.5
0.733812 0.394519 0.932266 -0.873426 -0.141766 0.141866 0.664855 0.500742 0.595596 : 0.8
0.66835 0.38367 0.93945 -0.854074 -0.216077 0.0950787 0.56562 0.481199 0.273652 : 0.5
0.696542 0.444962 0.804746 -0.925964 -0.215799 0.18719 0.384921 0.541017 0.755655 : 0.7
0.656396 0.351424 0.916254 -0.957419 -0.330527 0.0310853 0.322532 0.919051 1 : 0.8
0.745864 0.405996 0.917049 -0.939864 -0.19991 0.0113862 0.235421 0.949258 -0.644948 : 0.5
