0.604612 0.936405 0.744732 -0.0647372 -0.207058 -0.354676 0.064553 0.0545865 -1 : 0.3
0.624514 0.228123 0.843214 -0.720454 -0.530311 0.544929 0.476986 -0.0352112 0.203912 : 0.1
0.203567 0.343096 0.984949 -0.768955 -0.10501 -0.66775 0.329359 0.35656 0.376039 : 0.2
0.508262 0.357116 0.873794 -0.215439 -0.0234568 -0.251813 -0.281139 0.038958 -0.342286 : 0.2
0.679517 0.479388 0.495384 0.152506 -1 -0.149759 0.172796 0.805544 -0.331053 : 0.4
0.517585 0.61699 0.9428 0.535053 -0.622636 -0.187264 -0.343987 0.227362 -0.674565 : 0.3
0.694589 0.494031 0.866755 -0.0187457 -0.0374743 0.116474 -1 1 -0.342062 : 0
0.685646 0.613754 0.803356 0.912792 0.155282 -0.301177 0.305693 1 -0.0991147 : 0.5
1 0.463626 0.97235 -0.379803 -0.463372 0.238709 -0.0637982 0.72213 -0.0209355 : 0.4
0.64188 0.228309 1 -0.719268 -0.372249 -0.405624 0.252657 0.0202489 0.20266 : 0.4
0.534865 0.403817 1 -0.0153318 -0.317597 0.0654947 0.168216 0.375183 0.106162 : 0.2
0.529437 0.457193 0.887986 0.101691 -0.525645 -0.628397 0.224748 -0.31519 0.11121 : 0.4
0.433499 0.388004 0.869852 0.0752629 -0.20416 0.0138507 0.634734 0.341602 -0.465743 : 0.3
0.744868 0.554019 0.926314 -0.521088 0.0504869 -0.839163 0.282346 0.186679 0.0696354 : 0.2
0.673669 0.663547 1 -0.210259 -1 -0.676248 0.0193533 1 1 : 0.2
0.591667 0.430244 0.921787 -1 -0.355093 -0.417429 0.217529 -0.0989542 0.0247074 : 0.2
0.724576 0.637575 0.875518 -0.26114 -0.130356 -0.158299 -0.207595 -0.432788 0.431612 : 0.1
0.413106 0.317984 0.976429 -1 -0.172729 -0.434427 1 0.210006 -0.381235 : 0.1
0.496672 0.543942 0.814732 -0.380002 -0.936793 -0.858511 0.56479 0.107078 -0.856091 : 0.3
0.828033 0.903195 0.954069 -0.689422 -0.0389603 -0.287457 0.234368 -0.439698 0.271425 : 0.1
0.484584 0.565283 0.68403 -0.141875 -0.0210119 -0.126271 0.50493 0.16724 0.226427 : 0
0.371493 0.395692 0.947386 -0.359532 -0.600099 -0.821914 0.377195 -0.267616 0.22114 : 0.4
0.621098 0.355691 0.641338 -0.604476 -0.448841 -0.0754004 0.378873 0.266182 0.76715 : 0.4
0.783405 0.846743 0.825463 -0.629322 -1 -1 -0.148463 0.652695 0.119822 : 0
0.853331 0.45747 0.739599 -0.535327 -0.68948 -0.427057 0.0012253 0.126363 -0.0508797 : 0.3
0.776828 0.7313 0.862578 0.316527 -0.434785 -0.65359 0.158774 -0.278812 -0.651535 : 0.5
1 0.425553 1 -0.134827 -0.420893 -0.909688 0.304758 -0.22445 0.0490631 : 0
0.65013 0.184689 0.979573 0.496542 -1 -0.358871 0.510252 -0.207328 0.244976 : 0.6
0.433801 0.688078 0.905249 0.0208701 -0.0985547 -0.922201 -0.977265 -1 -0.324724 : 0
0.652116 0.704657 0.846978 0.455951 -0.255332 -0.0218419 0.806125 0.29575 -1 : 0.4
0.700344 0.777886 1 -0.719995 -0.144009 -0.0428203 -0.093154 0.349429 0.102859 : 0.1
0.626452 0.545301 0.815812 0.101407 -0.294183 -0.314469 0.0501147 1 -0.872305 : 0.3
0.59142 0.345866 0.675646 -0.133486 -0.283352 -0.271405 -0.205776 -1 0.485724 : 0.2
0.639484 0.52937 0.9201 1 -0.122912 -0.0412918 0.18632 0.0556065 -0.165366 : 0.5
0.610819 0.213053 0.727594 -0.359794 -0.947953 -0.33253 -0.119733 0.47436 -0.352706 : 0
0.434323 0.413593 0.841374 -0.596459 -0.19802 -0.739868 0.697395 0.088677 -0.514802 : 0.4
0.731017 0.750728 0.879721 -0.175475 -0.115924 0.299273 0.0414553 -0.242283 -0.0541432 : 0.4
0.382916 0.389979 0.997357 -1 -0.102579 -0.278182 -0.525729 -0.839616 0.545414 : 0.4
0.219329 0.416476 0.982299 -0.645331 -0.570766 -0.355422 0.387149 0.682507 -0.241661 : 0.1
0.618819 0.372239 0.784951 -0.356493 0.034716 -0.675113 -1 -0.79551 -0.0851429 : 0.2
0.470455 0.348403 0.748199 0.554218 -0.421849 -0.654793 0.173416 0.385783 0.338076 : 0.3
0.681286 0.506157 0.824399 -0.184097 -0.779927 -0.0122752 0.303717 0.489939 -0.496507 : 0.1
0.621163 0.413354 0.846031 -0.291164 0.099221 -0.192305 0.229989 -0.658768 0.606946 : 0.3
0.632344 0.319739 0.910402 0.0578792 -0.759003 0.0109885 0.329791 0.208544 -0.598334 : 0.5
0.481523 0.524341 0.586957 0.110222 -1 -0.235801 0.271432 -0.367419 -0.286565 : 0.4
0.777855 0.312128 0.999576 0.078768 -0.160964 0.021367 -1 0.0020346 1 : 0.2
0.449566 0.370791 0.837452 0.174892 -0.426787 -0.705547 0.861549 0.121648 0.0166446 : 0.2
0.762956 0.382065 0.737537 -0.779657 -0.649051 0.23351 -0.0866932 -0.34588 0.113255 : 0.3
0.729856 0.803041 1 -0.438585 -0.0673495 -0.524125 -0.0157634 -0.460396 0.479447 : 0.3
0.678222 0.418785 0.411906 -0.071642 0.70966 -0.602921 0.257056 0.00202026 -0.781584 : 0.3
0.694346 0.866345 1 0.952984 -0.22501 -0.324771 0.20862 0.690503 -0.377754 : 0.2
0.295909 0.868355 0.593413 -0.191097 0.171665 -1 0.600581 0.424351 -0.930161 : 0.2
0.366237 0.0258182 0.48138 -0.423629 -0.647342 -0.494812 0.275171 -0.882293 -0.0844326 : 0.4
0.488191 0.392812 0.920339 0.347238 0.0501713 -0.634379 0.28833 -0.534003 0.761701 : 0.3
0.717868 0.750553 0.861891 -0.193333 0.884519 -0.669428 0.309787 0.0587621 -0.59775 : 0.6
0.655957 0.161373 1 -0.0470875 -0.41688 -0.177343 0.530594 1 -0.0321081 : 0.4
0.524969 0.303484 0.355225 -0.295052 -0.150346 -0.216671 -0.351786 0.899072 0.254545 : 0.2
0.666187 0.55871 0.667958 -0.00395898 -0.392808 -0.290206 -0.305477 0.445879 -0.00344464 : 0.3
0.548049 0.745322 0.40136 -0.0548252 -0.169887 -0.356396 0.0158774 -0.369859 -0.416483 : 0.3
0.659994 0.311123 0.630082 0.535429 0.721144 -1 0.46907 0.134467 -0.4499 : 0.3
0.632149 0.469267 0.737408 -0.222274 -0.111014 0.00421464 0.221462 -0.504982 -0.354627 : 0.1
0.427221 0.693829 0.0400174 0.0702757 -1 -1 -0.00800167 -0.734122 -0.190302 : 0.3
0.353823 0.496382 0.94975 -0.252458 -0.216369 -1 0.597833 0.263407 0.467821 : 0
0.612811 0.468308 0.757969 0.561524 0.285326 -0.782878 0.215556 -0.594895 0.989507 : 0.2
0.448336 0.429091 0.602295 -0.257463 -0.367718 -0.416928 0.461628 -0.272094 0.276374 : 0.3
0.604655 0.306877 0.803307 -0.0966569 -0.447473 -0.901145 -0.265334 0.755241 -0.796308 : 0.7
0.69379 0.413582 0.464563 -0.833133 0.368232 -0.596763 0.126029 -0.126987 -0.38197 : 0.4
0.883671 0.870796 0.974415 0.26476 -0.145309 -0.360617 0.18884 -0.502598 0.505959 : 0
0.733831 0.762042 0.661926 1 -0.95186 -0.623991 0.318553 0.974496 0.937729 : 0
0.50452 0.398141 0.939567 -0.451244 -0.166277 -0.550908 -0.314486 -0.16541 0.179705 : 0.4
0.742327 0.198504 0.973487 -0.584469 0.0041818 0.392969 -0.211215 -0.00340438 0.0321358 : 0.5
0.968306 0.8829 -0.686898 -0.236154 0.288722 -0.978381 -0.118391 0.19935 -0.714688 : 0.2
0.650234 0.738489 0.668251 0.144744 -0.375643 -0.379241 0.524482 0.0976967 -0.207502 : 0.2
0.724152 0.381197 0.871037 0.663848 -0.200934 -0.672593 1 0.217437 -0.556294 : 0
0.795058 0.15415 0.802876 -0.562736 -0.756608 -0.0201037 0.979971 0.41096 0.223042 : 0.3
1 0.429928 1 0.0662339 -0.553871 -1 0.0995448 0.0566679 1 : 0.1
0.612806 0.333647 0.81123 -0.344741 -0.519075 -0.322222 -0.520346 1 0.951488 : 0.6
0.417511 0.671954 0.559039 -1 0.0798062 -0.379071 0.290958 0.0811135 -1 : 0.4
0.835493 0.912502 0.669213 0.88839 -0.764295 -0.55322 0.399876 1 0.206546 : 0.2
0.659179 0.585742 0.722377 -1 -0.387001 -0.43013 -1 0.573227 -0.618962 : 0.3
0.551827 0.519362 0.785186 -0.49199 -0.119904 -0.105668 0.393905 -0.726132 0.0898348 : 0.2
0.58823 0.428885 0.7475 -0.857186 -0.292183 -0.985707 1 -1 -0.00955245 : 0.1
0.553386 0.203693 0.728955 -0.634515 -0.182727 -0.148677 1 -0.649152 0.341578 : 0.3
0.848912 0.273294 0.59536 -0.444157 0.320321 -0.168379 0.179175 0.221985 0.256201 : 0.1
0.465772 0.269617 0.87467 -0.459261 -0.36743 -0.438651 0.142044 -0.248455 0.198239 : 0.2
0.706141 0.381253 0.888214 -0.110999 -0.00334899 0.0514405 0.124495 0.076246 0.683417 : 0.5
0.75412 0.396888 0.982894 0.848326 -0.123431 -0.883772 0.342009 0.137692 -0.659172 : 0.2
0.828559 0.400078 0.521686 -0.457999 -0.268865 -0.779139 0.566563 -0.0921181 0.237676 : 0.1
0.659575 0.691756 0.777996 0.672797 -0.478759 -0.319572 -0.261351 0.599952 -0.0145989 : 0.3
0.767513 0.629142 0.822764 -0.0107124 0.0261578 -0.312713 0.0327912 -0.175445 -0.171416 : 0.5
0.642055 0.594319 0.756177 0.757709 0.516926 -0.574219 0.0193194 1 -0.0454733 : 0.1
0.62667 0.381644 0.778931 -0.214788 -0.593472 -0.147267 0.534528 -0.174178 -0.467414 : 0.4
0.635008 0.419788 1 -0.188077 -0.96869 -0.318573 -0.204465 -0.175616 0.331524 : 0.3
0.249634 0.287273 0.915349 -0.405479 -0.677177 -0.586084 0.36198 0.707113 -0.702378 : 0.1
0.780546 -0.0713102 0.977389 -0.958898 0.069582 -0.274499 0.386629 0.350403 0.16502 : 0.3
0.908642 0.457757 1 -0.0406832 -0.256262 -0.696086 -0.0676398 -0.274576 0.5359 : 0.5
0.541183 0.330606 0.3652 -0.69736 0.362449 -0.424427 0.327008 -0.178939 0.243242 : 0.2
0.503459 0.0978523 1 -0.721966 0.394068 -0.484616 0.499904 -0.745218 1 : 0.4
0.652946 0.240542 0.595169 -0.284185 0.0340808 0.344947 1 0.20127 0.271732 : 0.2
0.525958 0.401268 0.848581 -0.627383 0.461801 -0.470152 1 -0.630702 0.329813 : 0
0.844902 0.712851 0.816046 -0.621494 -0.0143978 0.723007 -0.0464114 -0.043928 0.644525 : 0.3
1 0.659651 0.999721 0.650163 -0.398875 -0.411922 0.221169 -0.390046 0.239807 : 0.3
0.672665 0.460673 0.553192 -0.0690354 -0.270215 -0.418919 0.430808 -0.348597 -0.375691 : 0
0.917084 0.314661 0.806419 -0.622535 0.306242 -0.741684 0.515088 -0.0297698 0.720492 : 0.2
0.667916 0.362045 0.935219 -1 -0.854554 -0.228157 0.269408 0.14148 0.757803 : 0
0.762041 0.807417 0.984833 0.173686 -0.043565 -0.316334 -0.906699 -0.386536 1 : 0.3
0.983067 0.315403 0.830655 -0.521724 -0.354419 0.147188 0.164863 0.248453 0.151679 : 0.5
0.421019 0.0953479 0.718108 -0.609695 -0.716102 -0.874676 0.0389706 0.0474119 0.45492 : 0.5
0.622827 0.995842 1 -0.629697 0.401394 -0.534836 -1 1 -0.330791 : 0.7
0.514768 0.488628 0.775357 1 -1 -0.0693711 0.494658 0.797476 0.785482 : 0.4
0.501647 0.151127 0.920467 -0.0558952 -0.213278 -0.357544 0.696397 0.527703 0.28224 : 0.5
0.769609 0.568968 0.748236 -0.165902 -0.233013 -0.311097 0.255326 -0.422086 0.480273 : 0.1
0.580411 0.269688 0.837049 0.158029 -0.314984 -0.492278 0.347232 -0.155757 -0.0747425 : 0.4
0.6253 0.467191 1 -0.240294 -0.640272 0.43716 0.52612 -0.110777 0.158677 : 0.6
0.532668 0.492489 1 -0.19991 -0.470678 0.312875 0.526114 0.142718 0.14371 : 0.1
0.820598 0.405486 0.999423 -0.611802 -0.257855 -0.553533 -0.314969 -1 0.236398 : 0.1
0.521359 0.386081 1 -0.355832 -0.584763 -1 0.0566085 0.0379631 0.330358 : 0.1
0.801871 0.246115 0.999551 -0.322181 -0.644693 0.179329 0.00665039 0.158539 0.218025 : 0.3
0.614051 0.447871 -0.0536301 -0.426084 -1 -0.928398 -0.175013 0.00557245 -0.0676007 : 0.1
0.586651 0.516293 0.943013 0.184638 -0.652102 -0.338388 0.545686 -0.601785 0.54682 : 0
0.325861 0.355641 1 0.92637 0.0519291 -0.0139315 0.382763 -0.899949 0.231089 : 0.3
0.453364 0.507692 0.806101 -0.37531 0.819757 -0.599988 0.649729 0.723741 -0.520609 : 0.1
0.660169 0.648955 1 0.573683 -0.294212 -0.772907 0.276886 0.329417 0.842956 : 0.2
0.602216 0.286219 0.312645 0.0272692 0.475735 -0.247529 -0.274181 1 1 : 0.6
0.630724 0.274827 1 -0.448993 -0.139408 -1 0.634837 0.656367 0.502345 : 0.3
0.581128 0.688073 0.857747 -0.354776 -0.245607 -0.488305 -1 0.45305 -0.98146 : 0.5
0.777152 0.293368 0.49335 0.676384 -0.17371 -0.0853206 0.53574 0.060028 -0.296353 : 0.2
0.689643 0.536982 0.884594 0.0555272 -0.158331 -1 1 -0.448758 -0.745139 : 0.3
0.556378 0.652476 0.80037 -0.366255 -0.594978 -0.489027 0.614402 0.570266 1 : 0.2
0.766194 0.0811066 0.855743 -0.161384 -0.00568682 -0.270772 0.248196 0.294069 0.759333 : 0
0.604705 0.287141 0.797402 -0.0884644 -0.81562 -0.820331 0.751981 -0.775593 -1 : 0
0.509589 0.557797 1 -1 -0.26164 -0.22279 0.479685 0.58515 0.0057795 : 0.6
0.808695 0.512139 1 0.0889927 0.289305 -0.596826 0.0564801 0.620151 0.269688 : 0.1
0.324164 0.401489 0.808584 0.660444 0.0188985 -0.551221 0.0868106 -0.146646 -0.153043 : 0.2
0.387701 0.259487 0.951311 -0.166782 -0.668979 -0.709779 0.277795 0.645457 -0.0862519 : 0.4
1 0.331275 0.701173 -0.504399 -0.408907 -0.359869 -0.41034 -0.239866 -0.0766884 : 0.2
1 0.608701 0.904743 0.121378 -0.91732 -0.844378 0.951054 -0.397938 0.939236 : 0.3
0.523752 0.575785 1 -0.0475836 0.351151 -0.117431 0.781263 0.398802 0.185916 : 0.3
0.94403 0.468191 0.81385 0.0197074 0.674609 -0.376392 0.195407 -0.03331 0.62234 : 0.3
0.716233 0.567349 0.89779 -0.0712847 -0.199128 -0.266026 0.0563049 0.412137 0.211359 : 0.4
0.467638 0.319595 0.636149 0.713309 -0.11287 -0.344579 0.00450965 0.82262 -0.163591 : 0.1
0.636917 0.829203 -0.822522 -0.599223 0.623177 -0.307439 -0.0745128 -0.253559 -0.878303 : 0.4
0.594862 0.264956 0.927047 -0.256202 -0.149032 -0.196136 -0.678258 0.389167 1 : 0.3
0.442697 0.261915 0.899578 0.0341577 -0.63647 -0.18665 0.390131 -0.0841317 0.23368 : 0.4
0.527193 0.503637 0.835111 -0.332998 -0.26279 -0.247922 -1 0.451769 -0.24151 : 0
0.48022 0.349876 0.804891 -0.31964 0.0386928 -0.289612 -1 0.517597 0.46771 : 0.6
0.64496 1 0.4565 -0.894436 -0.128639 -0.750163 0.625588 0.432449 0.231833 : 0.3
0.668888 0.533612 0.806798 -0.385039 -0.436751 -0.59611 0.315698 0.472893 -0.497987 : 0.1
0.600362 0.443996 0.833482 -0.840384 -0.482983 -0.724881 0.316724 -0.460737 0.0559022 : 0.2
1 0.844385 0.974908 -0.384464 -0.127499 -0.239271 0.450432 -0.0158035 0.612872 : 0.1
0.825119 0.569303 1 0.728235 -0.200083 -0.251838 0.442696 1 -0.107883 : 0.3
0.31918 0.249548 -0.334419 -0.495584 -0.666931 -0.317214 0.372943 0.0532787 -1 : 0.2
0.554649 0.29513 0.977929 -0.508825 -0.463748 -0.539984 -1 0.739385 0.712546 : 0.1
0.891655 0.831985 0.991753 -0.026393 0.0129364 -0.271592 0.290403 -0.445031 -0.00780413 : 0
0.52672 0.128379 0.871296 0.352874 0.215696 -0.265725 0.118304 0.100863 -0.968522 : 0.4
0.557175 0.511818 0.983061 -0.699176 -0.921525 -0.202058 0.155257 1 0.134228 : 0.5
0.592496 0.441929 0.756326 0.373839 -0.196485 -0.608347 -1 -0.703978 0.613342 : 0.3
0.644261 0.764723 0.820381 -0.385839 0.386121 -0.860117 0.70175 -0.374873 -0.479669 : 0.3
0.735895 0.54804 0.19894 0.230676 -0.351714 -0.466655 -0.37919 0.124728 1 : 0.2
0.606074 0.585785 1 -0.453773 -0.906465 -0.543889 -0.300249 0.346861 -0.143719 : 0.3
0.482736 0.293331 0.436831 0.149347 -1 -0.287613 1 0.95042 -0.579267 : 0.2
0.49523 0.200416 0.942637 -0.102588 -0.12164 -0.953109 -1 0.461343 0.551129 : 0.4
0.630493 0.461127 0.862503 -0.143433 -0.177014 0.185328 -0.760337 -0.230871 0.104217 : 0.1
0.683478 0.636687 1 -0.20048 -0.401339 -0.268499 0.544662 0.0397693 0.283398 : 0.3
0.529285 0.44636 0.771213 -0.569184 -0.689001 -0.212037 0.00573567 -0.477885 0.3539 : 0.4
0.51013 0.439576 0.817126 -0.234678 -0.0385996 -0.650525 0.278591 0.0799667 0.749647 : 0.3
0.576402 0.25825 0.716798 -0.102077 -0.271818 -0.341886 0.0951271 -0.503855 0.970489 : 0.2
0.700469 0.397114 0.93999 -1 -0.131338 -0.209693 0.0554659 0.218773 0.404423 : 0.3
0.568702 0.584554 0.85069 -1 -0.219167 0.106868 -0.958945 0.80487 0.445734 : 0
0.742871 0.175518 0.948019 0.416281 -0.206671 -0.576894 0.280525 -0.816845 0.223716 : 0.1
1 0.805627 0.808707 -0.660026 -0.879526 -0.126027 -0.0169715 0.31581 -1 : 0
0.308546 0.4918 0.903486 -0.524424 -0.492096 -0.842497 0.171829 -0.728699 0.75916 : 0.5
0.597448 0.795459 -0.0408244 -0.428965 -0.0214009 -0.270103 0.202641 0.218791 0.553588 : 0.6
0.559575 0.753586 0.788149 0.0985387 -0.597738 -0.291534 -0.1175 0.520514 1 : 0.6
0.754451 0.308902 0.549499 -0.401378 0.0730469 -0.823815 0.363853 0.0729197 -0.90196 : 0.2
0.664513 0.628405 0.917189 -0.425423 0.218714 -0.370264 -0.330209 0.998658 0.367366 : 0.4
0.455047 0.756063 0.810299 -0.0412363 -0.394107 -0.325885 0.0276452 0.573539 -0.0373572 : 0.3
0.493369 0.370822 0.917378 -1 -1 0.00259829 -0.260131 0.152081 -0.721877 : 0.3
0.699048 0.633735 0.896414 -0.851314 -0.556708 -0.346205 -0.092471 0.400816 0.380156 : 0.1
0.614664 0.534432 0.311379 -0.915668 0.326561 -0.733425 -0.0824889 0.401792 -0.562207 : 0.1
0.622521 0.510573 0.707268 -0.165405 -0.189255 -0.977345 0.828042 -0.116749 -0.676143 : 0.3
0.987825 0.427555 0.999774 0.180391 -0.550905 -0.190125 -0.00966551 1 -1 : 0.2
0.579322 0.303798 0.902385 0.477806 -0.222949 -0.659854 0.173505 0.472545 0.470342 : 0.2
0.462067 0.0195836 0.917415 0.263963 -0.701034 -0.256121 -0.12553 -0.143408 -0.231137 : 0.4
0.563007 0.508612 0.722012 -0.515702 -0.856408 -0.288168 -1 0.408423 -1 : 0.4
0.666672 0.630306 0.912798 -0.113833 -0.88515 0.258092 -0.615512 0.741654 0.727056 : 0.2
0.63486 0.293257 0.96685 0.671914 -0.134107 -0.280083 -0.72419 -0.305607 -0.100799 : 0.5
0.650583 0.527628 0.649619 0.316734 -0.583983 -1 0.56711 0.460194 -0.0204768 : 0.5
0.548099 0.704177 0.775332 -0.36482 0.0602453 -0.608887 -0.828407 -0.425874 -0.255848 : 0.2
0.888858 0.327563 0.989105 0.375186 0.0259342 -0.429348 0.341427 0.184373 0.572884 : 0.3
0.0899008 0.287089 0.713195 0.507611 0.320253 0.126314 -0.675841 -0.800357 0.932978 : 0.1
0.669237 0.820476 -0.184216 -0.775124 -0.273088 -0.279338 0.47682 -0.408244 -1 : 0.4
0.591187 0.353406 0.561643 -0.398902 -0.748834 -0.794781 0.582087 0.516752 0.24227 : 0
0.661498 0.829482 0.902428 0.122179 -0.219657 -0.329502 0.353424 -0.408681 0.0548289 : 0.4
0.791434 0.16096 0.787291 -1 -0.971274 -0.888046 0.0725651 0.78753 0.0615023 : 0.4
0.483382 0.262404 0.998641 -0.519672 -0.372554 -0.502172 1 0.290967 -0.745845 : 0.1
0.8645 0.162534 0.995773 0.0826447 -0.818798 -0.827488 0.164425 0.0126948 -0.340951 : 0.4
0.673324 0.24529 0.776462 -0.263508 0.100821 0.146252 -1 0.981352 1 : 0
0.601759 0.395659 0.784345 -0.245748 0.0482764 0.20795 0.0576589 0.0682537 0.50381 : 0
0.769065 0.250813 0.88352 -0.592253 0.00877672 0.108993 -0.632794 0.246091 0.458427 : 0.2
0.29724 0.320293 0.745882 -0.461056 0.0490428 0.260768 0.431103 -0.131683 0.203596 : 0.3
0.637637 0.45074 0.750033 -0.746956 -0.648967 -0.159997 -0.149705 -0.0218615 -0.254919 : 0.3
0.771865 1 1 -0.776754 -0.60445 -0.989969 1 0.77054 -0.321184 : 0.2
0.377887 0.513914 0.948384 -0.060701 -0.0969062 -0.154269 0.0233443 0.969003 0.0889215 : 0.1
0.920676 0.0561862 0.816028 -0.0135623 0.19267 -0.0437922 0.201634 -0.0111852 0.212657 : 0.1
0.648202 0.220397 0.823526 -0.701997 0.184727 -1 -0.196774 -0.165288 0.335769 : 0.1
0.564452 0.228095 0.846764 -0.640759 -0.107841 -0.910458 0.380652 0.438604 0.0912511 : 0.1
0.577185 0.0757087 0.802117 0.126766 -0.668961 -0.477634 -0.317847 -1 0.613177 : 0.3
0.672754 0.469693 0.314553 0.135969 -0.655456 -0.515158 0.28002 -0.992948 -0.213991 : 0.3
0.586376 0.580589 0.730376 -0.719454 0.319253 -0.143686 -0.500901 0.475964 -0.900061 : 0.4
0.341534 0.33799 0.966535 -1 -0.294475 -0.640335 0.0603286 0.238626 0.252941 : 0.2
0.867167 0.459763 0.537391 -0.173057 -0.604528 0.384427 1 -0.186067 0.00970058 : 0.2
0.575654 0.907294 1 0.179832 -0.180368 -0.352085 0.123057 0.480417 -0.492788 : 0.4
0.596081 0.33698 0.989444 0.152474 -0.692369 -0.429695 0.0441917 0.544768 0.395238 : 0.2
0.583524 0.280536 0.594337 -0.336193 -0.153446 -0.272454 1 0.329872 0.631994 : 0.4
0.668628 0.462426 0.818483 0.425645 0.0741405 -0.812747 0.256432 -0.816182 0.0522301 : 0.7
0.662317 0.721299 0.810511 -0.129105 0.210833 -1 0.160198 -0.582834 -0.555063 : 0
0.569712 1 0.92981 -0.441525 -0.469692 -0.0480309 0.151426 0.657346 0.643316 : 0.3
0.88524 0.390662 0.888573 1 -0.165247 0.181663 -0.176173 0.215911 -0.256267 : 0.5
0.618848 1 0.948072 -0.754773 -0.18861 -0.376046 0.0777213 0.625746 -0.00905859 : 0.6
0.804804 0.740986 0.882354 -0.216989 0.351673 0.109784 0.663199 0.657767 0.262392 : 0.4
0.4403 0.375612 0.857036 -0.489758 -0.621096 -0.823787 0.64206 -0.693453 0.239973 : 0.1
0.972034 0.906886 0.43166 -0.022425 0.107068 0.387876 0.202511 -0.0962658 -0.407182 : 0.1
0.73299 0.67912 0.206129 -0.246102 -0.381395 -1 0.18951 -0.592887 0.394522 : 0
0.773049 0.3365 1 0.74832 -0.347277 -0.151183 0.352955 -0.371572 -0.146979 : 0.1
0.65418 0.518363 0.756696 -0.425589 -0.409712 -0.691469 0.159365 0.85212 0.629947 : 0.4
0.819537 0.527572 0.632136 0.00609627 -0.311459 -0.169064 0.384438 -0.0931817 0.101393 : 0.3
1 0.58814 0.795748 0.669151 -0.412109 -0.201057 0.237323 -0.67469 0.206551 : 0.1
1 0.231808 0.754794 -0.248644 0.370771 -0.353667 0.49792 0.145062 0.721998 : 0.7
0.698393 0.478109 0.352804 -0.538243 -0.273376 -0.142945 0.302344 0.789866 0.500277 : 0.2
0.511128 0.572602 0.560391 -0.516261 -0.192007 -0.68148 -0.987909 -0.132979 0.315079 : 0.8
0.496701 0.317264 0.998744 -1 -0.292772 -0.446098 0.0349178 0.671942 0.267771 : 0.1
0.656544 0.442727 0.75764 -0.0441068 -0.888688 0.338419 0.232161 -0.291787 0.415467 : 0.2
0.514641 0.488023 0.211116 0.650285 -0.736522 -0.210047 0.0617791 0.16887 0.306103 : 0.4
0.515031 0.363376 0.490943 -0.533698 -0.110386 -1 0.689008 -0.348512 0.0768061 : 0.5
0.522589 0.472651 0.83055 0.595145 -0.00138575 -0.984502 0.844076 -0.331597 -0.0680133 : 0.4
1 0.342644 1 -1 -0.351891 -0.584007 0.00775738 -0.743911 0.000721917 : 0.2
0.546058 0.291702 0.6736 0.161023 -0.60512 -0.439305 -0.322511 0.0262028 0.556099 : 0.1
0.815182 0.549534 1 -0.0206431 0.0176991 0.620942 0.475699 0.404226 0.2485 : 0.5
0.488595 0.418835 0.78301 0.782275 -0.176386 -0.152596 0.658635 0.197154 -0.355677 : 0.2
0.715231 0.778002 -0.219882 0.0921669 0.0748982 -0.331384 0.314253 -0.601767 1 : 0.1
0.962454 0.520327 0.93832 0.704501 -0.558754 0.0753604 0.652795 0.429712 0.0861364 : 0.1
0.615804 0.501695 0.547432 0.254188 -0.0479262 0.00580651 0.247701 0.878295 -0.193185 : 0
0.628995 0.479155 0.8359 0.0280396 -0.129272 -0.122527 0.175534 -0.302139 -0.181038 : 0.4
0.704781 0.535408 1 0.778817 -0.485647 -0.240396 0.842556 0.0326667 -0.0626637 : 0.2
0.594081 0.196496 0.70594 -0.975221 -0.218846 -0.488728 0.415669 -0.194555 0.170688 : 0.2
0.578009 0.622096 0.80025 0.12617 -0.557507 -0.381208 0.514408 0.983242 -0.809099 : 0.8
0.766175 0.284052 0.640007 0.283819 0.0988432 0.534953 -0.801395 -0.828272 0.0407026 : 0.4
0.763778 0.407403 0.957507 -0.298127 -0.248896 -0.0272276 0.914604 0.309135 0.0451186 : 0.4
0.555959 0.421188 0.735798 -0.398025 -0.329737 -0.537031 0.475252 1 0.0133587 : 0.4
0.838993 0.270921 0.743412 -0.508733 -0.485196 -0.761222 0.600499 0.636511 0.211053 : 0.3
0.703315 0.0475322 0.844597 0.195934 -0.637459 -0.8355 -0.172696 0.681599 -0.456281 : 0.1
0.603543 0.580534 0.947312 -0.679198 -0.880803 -0.612485 0.661374 -0.480184 0.0222815 : 0.2
0.584498 0.61445 0.935164 -0.217276 -0.211751 -0.69033 0.505154 -0.330058 -0.457838 : 0.4
0.756487 0.589297 0.660714 0.322684 -1 -0.429208 0.332513 0.813739 0.322844 : 0.2
0.722221 0.379573 0.760905 0.397401 -0.999251 -0.501135 -0.0922958 -1 -0.583733 : 0.3
0.694715 0.402501 0.896168 -0.225511 -0.176438 -0.371254 -0.389494 -0.244287 -1 : 0.2
0.731115 0.468258 0.914477 -0.00534154 -0.272745 -0.183677 0.0890238 0.585186 -0.0770103 : 0.3
0.613547 0.185419 0.805707 0.477481 -0.139148 -0.142235 0.531255 -0.493347 -0.145491 : 0.2
0.778484 0.66666 0.625736 -0.714234 -0.401071 -1 0.0469002 -0.0766472 -0.131381 : 0.5
0.706584 0.365493 0.581665 0.00320247 -0.800142 -0.277087 0.558383 -0.0757608 -0.382929 : 0.3
0.404999 0.652852 0.936706 1 0.00491877 -0.406924 0.645955 -0.0242198 -0.0978015 : 0.7
0.568586 0.373974 0.788128 -0.859463 -0.223249 -0.0174843 -0.928255 0.727489 1 : 0.7
0.296425 1 0.540107 -0.726282 -0.11191 -0.419969 -0.185324 0.282166 -0.171074 : 0
0.589828 0.825196 0.341973 0.0233775 0.174284 0.196646 0.858444 -0.137591 -0.799684 : 0.6
1 0.934 0.342883 -0.273117 -0.180357 -1 0.638655 0.65653 0.494851 : 0
0.611893 0.368549 0.830631 -0.601255 -0.69114 -0.243882 -0.253325 -0.285374 0.159262 : 0.7
0.513174 0.44978 0.977905 0.0647245 -0.614159 -0.48506 0.162267 0.339455 -0.112825 : 0.5
0.493876 0.461641 0.771481 -0.188691 -0.698729 -0.562758 -0.531354 0.342434 -0.254881 : 0.4
0.204555 0.481854 0.844662 -0.149457 -1 0.363058 0.718603 0.0886296 0.0851261 : 0.3
0.600715 0.52195 0.943582 -0.172054 -0.375743 -0.43395 0.410666 -1 0.544304 : 0.4
0.696907 0.438457 0.865885 -0.0689375 0.233027 -0.184539 -0.0894213 -0.194111 0.752487 : 0.1
0.655034 0.334179 0.829287 0.172154 -0.623852 -0.622831 0.434714 1 0.452797 : 0
0.782917 0.53752 0.827528 0.362032 0.0279611 -0.69712 -0.410689 -1 -0.54673 : 0.4
0.373296 0.422711 0.842163 0.33197 -0.394664 -0.332031 -0.168168 0.508134 0.133284 : 0.4
0.464511 1 0.532107 -0.771936 -0.0129111 -0.236558 0.63434 0.443601 0.19042 : 0.2
0.660091 0.506866 0.827902 0.549653 -0.600887 -0.336784 0.504377 -0.460976 0.406873 : 0
0.890647 0.583339 0.939713 0.311627 -0.185775 -0.27631 -0.736846 0.609093 -0.704618 : 0.1
0.556385 0.63112 0.949081 -0.219112 -0.0036137 -0.0618258 0.455922 0.143088 -0.199518 : 0.5
0.594802 0.344371 0.704828 0.183773 -0.681256 -0.57393 0.537349 -0.161298 0.954734 : 0.4
0.734245 -0.0689727 0.687698 -0.606587 0.402249 -0.0431631 0.0257546 0.493893 0.292583 : 0.6
0.676165 0.63083 0.632017 -0.928007 -0.391011 -0.391172 0.434059 0.692771 -0.128898 : 0.6
0.604524 0.425564 0.85588 -0.189581 -0.733207 -0.512954 0.452455 0.268222 -0.295372 : 0.4
1 1 1 -0.189702 -0.600734 0.654824 0.617831 0.0500635 -0.625026 : 0.2
0.784405 0.42246 0.932445 0.26859 -0.368553 -1 1 -0.0736997 -0.207846 : 0.2
0.69396 0.463602 0.910981 0.406558 -0.443616 -0.959777 0.354815 0.800605 -0.711987 : 0
0.851588 0.560235 0.777031 0.734906 -0.47843 -0.456104 0.170107 0.983266 -0.72364 : 0.2
0.566454 0.255677 0.785947 0.225988 -0.210609 -0.613891 0.275742 -0.353845 0.248956 : 0.7
0.512838 0.426872 1 -0.60555 -0.316297 1 -0.309067 0.185872 -0.981294 : 0.2
0.637301 0.314084 0.736695 0.395838 -0.481283 -0.787304 0.819878 0.930313 0.526064 : 0.3
0.986034 0.55871 0.841076 -0.238937 -0.147156 -0.0935583 0.0824136 0.558105 -1 : 0.1
0.648569 0.422625 0.702728 -0.241479 -0.137062 -0.547149 0.730621 0.112789 -0.297539 : 0.1
0.695987 0.62852 0.850959 -0.624563 -0.382161 -0.298273 0.0621058 -0.155136 -0.213471 : 0.4
0.266054 0.804814 0.355029 -0.562071 0.0138205 -0.384032 1 -0.689408 -0.235563 : 0.4
0.211519 0.311521 0.842926 -0.46805 -0.6221 -1 0.495164 0.0990733 0.242741 : 0.4
0.674986 0.533121 1 -1 -0.190843 -0.456932 0.657179 -0.257786 -0.669243 : 0.3
0.606635 0.420565 0.964818 -0.0454867 -0.485196 -0.265805 0.274262 0.201419 0.786043 : 0.4
0.808656 0.479711 0.966153 -0.0551403 0.0312203 0.156096 0.135025 0.16819 -0.119559 : 0.3
0.712116 0.555819 0.887326 0.0560542 -0.0636205 -0.823699 0.140817 -0.288867 0.772548 : 0.5
0.615734 0.451001 0.976569 0.0174907 -0.699086 -0.144749 0.389555 0.346038 0.539296 : 0.5
0.714757 0.43153 1 0.239396 0.688286 -0.947887 0.887717 0.296307 -0.475569 : 0.4
0.217216 -0.00842239 0.0723171 -1 -0.59249 -0.406193 0.260214 0.07041 0.531241 : 0
0.678601 1 0.632981 -0.904184 0.075851 -0.314346 -0.158318 0.357403 -0.813376 : 0.2
0.802296 0.531544 0.942909 -0.16104 0.176527 0.797579 1 -0.0555305 -0.0791476 : 0.1
0.723231 0.541336 0.583417 -0.582947 -0.41255 -0.397577 1 0.325771 -0.311482 : 0.7
0.63378 0.279705 0.877443 -0.464456 -0.429676 -0.846985 1 -0.0307435 0.823592 : 0.7
0.72052 0.466776 0.959492 0.541407 -0.431896 -0.209156 -1 -0.411205 -0.0878754 : 0.5
0.587875 0.394565 0.921423 -0.59854 -0.670415 -0.254315 0.247068 0.77604 -1 : 0.3
0.857315 0.714772 0.808624 0.303767 -0.995799 -0.260871 0.362337 -0.529134 -0.0544075 : 0.7
0.820206 0.692172 0.897852 -0.300829 -0.487252 -0.358809 0.503685 0.530229 -0.280096 : 0.2
0.842198 1 0.975901 0.0821567 -0.0286663 -0.672238 0.209056 -0.583671 0.669373 : 0.1
0.642691 0.669508 1 0.0122057 -0.556499 -0.477401 0.909911 0.630355 0.385913 : 0.4
0.601593 0.523132 1 -0.208766 -0.699497 -0.342375 0.147735 -0.45223 0.508978 : 0.2
0.577361 0.360744 0.842416 -0.227932 -0.794128 -0.33648 0.519047 0.241332 -1 : 0.6
0.560764 0.33527 0.771322 -0.0834991 0.0650398 -0.0354162 0.313866 0.930911 -1 : 0
0.583901 0.598768 0.746522 -0.181008 -0.692402 -0.490419 0.536847 0.122695 -0.097545 : 0.3
0.757121 0.471028 0.860413 -0.395705 -0.255104 -0.202831 0.0311836 -0.493385 0.442937 : 0.4
0.479983 0.198 1 0.129793 -0.239617 -0.58348 0.0292579 0.272646 0.462988 : 0.5
0.662248 0.806772 0.755897 0.35026 -0.26596 -0.839594 -0.184549 0.0524096 -0.866874 : 0.5
0.535239 0.969576 1 -1 0.290466 -0.517443 -0.129649 0.475461 -0.61641 : 0.3
0.836326 0.328642 0.604291 -0.176318 -0.688776 -0.380396 0.0160451 0.735578 0.0804478 : 0.5
0.505569 0.515871 0.898604 -0.127917 -0.118548 -0.441997 0.584538 0.154526 0.291706 : 0.5
0.405973 0.461649 0.750327 -0.992175 -0.464723 -0.127205 -0.0981579 -0.294968 0.00606128 : 0.3
0.60329 0.441174 0.257857 0.301948 -0.214361 -0.455068 0.596488 1 -0.944053 : 0
0.791423 1 0.336935 -1 -0.693166 -0.173801 0.0454862 -0.387102 -0.0965416 : 0
0.684408 0.425358 1 0.267394 -0.542523 -0.0866162 0.414107 -0.399277 -0.000979006 : 0.6
0.354457 0.30983 0.866531 -0.639208 -0.693899 0.182436 0.23589 0.760011 0.220871 : 0.3
0.8353 0.408845 0.56621 -0.305188 -0.0744744 -0.204573 -0.165434 -0.806306 0.176611 : 0.3
0.681007 0.391322 1 -0.561043 -0.699775 -0.0312703 0.239059 -0.314591 0.310025 : 0.6
0.5687 0.428869 0.768918 -0.957634 -0.697696 -0.717524 -0.185332 -0.751284 -0.287944 : 0.7
0.602093 0.523319 0.846286 -0.533729 0.194725 -1 0.309382 -0.0689745 0.500701 : 0.3
0.597181 0.83878 0.783063 -0.53676 -0.310491 -0.378317 0.385891 -0.318712 0.296129 : 0.2
0.681219 0.499184 0.690646 -0.0452006 -0.244648 -0.479757 0.234547 -0.392162 0.150242 : 0.4
0.636493 0.700086 1 -0.393303 -0.0136589 0.324142 -0.0913521 0.0988095 0.19507 : 0.4
0.581329 0.35566 0.812542 -1 -0.982956 0.1988 0.312739 -0.274279 -0.179048 : 0.4
0.59735 0.378626 0.692576 -1 0.159043 0.228588 -0.804601 0.121232 0.429281 : 0.2
0.868235 0.881409 0.805685 -0.406568 -0.00144887 -0.10805 0.68366 0.231513 -0.808975 : 0
0.678094 0.257241 0.896027 -1 -0.868096 -0.672192 -0.462307 0.757601 0.535092 : 0.3
0.779682 0.627183 0.708033 0.0182924 -0.67517 -0.12207 0.403521 0.376434 -1 : 0.1
0.899741 0.421963 1 -1 -0.0354072 0.104107 -0.0145895 -0.387721 0.299451 : 0
1 0.312128 0.809383 0.0766559 -0.117575 -1 0.142479 -0.709092 -0.0878648 : 0.4
0.73162 1 0.929071 -0.144877 -0.684744 -1 0.397764 -1 -0.274988 : 0.1
1 0.300016 0.804833 -0.410939 -0.157676 -0.678588 0.271408 -0.377105 -0.0401385 : 0.2
0.626389 0.21395 0.831927 -0.437284 0.183148 0.0979888 0.0606916 0.25158 0.605351 : 0.1
0.554888 0.421278 1 0.0903469 0.0565019 0.191642 0.254534 -1 0.389283 : 0
0.595874 0.363019 0.592471 -0.421052 -0.187413 0.0898252 0.966122 0.600667 -0.148286 : 0
0.525985 0.461428 0.893089 -0.95799 -0.988066 -0.202932 -0.323778 0.145457 0.023073 : 0.4
0.409546 0.426629 1 0.273701 -0.0707909 -0.325614 0.0893823 -0.483755 -0.79842 : 0
0.667692 0.915165 0.766407 -0.246838 0.152444 0.323669 1 -0.172207 -1 : 0.2
0.444014 0.418733 0.056358 -0.435067 -0.65615 -0.620543 0.142147 0.579231 0.313869 : 0.5
0.58275 0.397403 0.79754 0.226723 -0.14026 -0.121322 -0.529022 0.759166 -0.029489 : 0.5
0.702316 0.910233 0.840408 -0.237762 -0.686987 -0.753045 -0.0754193 0.634969 -0.0170543 : 0.2
0.739632 0.813442 0.817298 -0.436181 -0.751711 -0.0318617 0.322575 0.118207 -0.376336 : 0.5
0.608423 0.3542 0.843594 -0.404675 -0.320334 -0.873418 -1 0.25566 -0.726355 : 0.4
0.762212 0.513738 0.67798 0.0312269 -0.45525 -0.440672 0.231548 0.885793 -0.07984 : 0.1
0.65499 0.391968 0.712052 -0.672261 -1 -0.638075 0.580226 0.763765 0.641603 : 0.5
0.660683 0.520192 0.818866 -0.137948 0.178666 -1 0.221901 -0.362267 -0.518377 : 0.6
0.89324 0.387663 0.963663 -0.00459921 -0.349447 -0.885995 0.854619 1 0.217465 : 0.4
0.738519 0.685838 0.61631 -0.177434 -1 -0.596588 0.345849 0.405542 -0.319299 : 0.4
0.635759 0.920071 0.756948 0.912766 -0.425557 -0.548549 0.249944 0.512246 -0.43846 : 0.1
0.78596 0.903037 1 -1 -0.139233 -0.0785401 0.325795 0.128346 -0.302962 : 0.4
1 0.751569 0.997418 1 0.640893 0.224142 -0.329909 -0.510732 -0.816258 : 0.3
0.60107 0.473213 0.875553 0.496806 -0.00599539 -0.150725 0.323102 -0.226889 -1 : 0.3
0.628791 0.706085 0.703853 0.148543 -0.693628 -0.0723165 0.335467 0.92927 0.761728 : 0.2
0.621599 0.574357 0.95769 -0.727649 -0.146617 -0.336359 0.728511 -0.257836 -0.417179 : 0.4
0.455037 0.473122 0.450638 -0.693454 -0.113983 -0.678215 0.487312 -0.0666635 0.113806 : 0.2
0.900344 0.979822 0.576521 -1 -0.0148237 -0.434786 0.225058 -0.0251338 -0.586913 : 0.4
0.812928 0.752357 0.367877 1 -1 -0.245952 -0.322674 0.870487 -0.244753 : 0.4
0.617963 0.291576 0.770329 -0.527278 -0.276559 -0.250789 0.47791 0.0301583 0.318389 : 0.1
0.527942 0.43731 1 -0.243811 -0.482955 -0.855201 0.336237 0.71811 -0.976768 : 0.1
1 0.399574 0.772255 -0.421785 -0.0662665 -0.391553 -0.101097 -0.211388 0.197755 : 0.3
0.613972 0.57566 0.845431 -0.00709152 0.0667464 -0.412022 0.604159 0.349256 0.417963 : 0.1
0.51586 0.447461 0.808923 0.079798 -0.741822 -0.949178 0.25745 0.219011 -0.537802 : 0.4
0.704614 0.321825 0.998942 0.0875143 -0.603807 -0.655759 0.146078 0.703958 0.474088 : 0.5
0.81011 0.838116 0.996595 0.571441 0.302725 -0.342976 0.221999 -0.599703 0.789228 : 0
1 0.593407 0.923089 -0.241424 0.0221734 -0.263662 1 -0.559671 -1 : 0.2
0.694498 0.523532 1 -0.457863 -0.255182 -0.292255 -0.091938 0.00391484 -0.286188 : 0.6
0.546595 0.555921 0.729623 -0.658621 -0.0748256 0.250868 -1 -0.0938566 0.188031 : 0.3
0.642303 0.272641 0.459776 -0.244056 -0.529829 -0.0571341 0.561633 0.912298 0.291998 : 0.2
0.669676 0.486656 0.991386 -0.173374 -0.20203 -0.174976 0.444381 -0.326656 0.489641 : 0.4
0.502315 -0.00599442 0.8397 -0.649628 1 -0.834006 -0.137971 0.0408345 -0.618261 : 0.2
0.583558 0.323779 0.77248 0.239676 -0.501914 0.176166 0.976461 -0.0474116 0.038839 : 0.2
0.817732 0.920079 0.749953 -0.931491 -0.147219 -0.904544 0.421783 0.178655 -0.257658 : 0.2
0.576177 0.676049 0.906925 -0.730721 -0.044522 -0.0249791 -1 0.276501 0.923004 : 0.1
0.640979 0.474582 1 0.733721 -0.367848 -0.698319 0.341932 -0.028025 -0.138805 : 0.5
0.252217 1 0.74611 -0.758286 -0.561541 0.0054056 0.0140678 1 -0.204039 : 0.1
0.524205 0.311027 0.576899 0.0157399 0.141553 -0.590428 -0.242286 -0.284528 -0.145003 : 0.2
0.637127 0.540327 0.817377 -0.660868 -0.417647 -0.159459 0.591346 0.778508 -0.667111 : 0.3
0.678999 0.362069 0.584645 0.629315 0.0641635 -0.697735 0.907483 0.0175891 -0.147086 : 0.1
0.48093 0.711005 0.976267 -1 -0.578025 -0.23568 0.304812 -1 0.725318 : 0.3
0.562023 0.409741 0.730209 0.45949 -0.720621 -0.770079 0.961892 -1 0.51971 : 0
0.652229 1 0.835861 -0.866337 -0.549221 0.297725 0.0139032 0.339405 0.257798 : 0.2
0.541295 -0.00523613 1 0.200291 -0.122709 -0.457291 -0.169506 0.356825 -0.700468 : 0.1
0.623928 0.344237 0.467995 -0.72334 -0.405282 -1 0.639115 0.906808 -0.648494 : 0.3
0.603696 0.608991 0.932681 -0.144482 -0.233311 -0.204469 0.231543 0.427371 -0.0158526 : 0.1
0.870274 0.405071 0.92095 0.0611561 -0.189077 -0.60988 0.0403093 -0.423984 -0.478053 : 0
0.426037 0.299053 0.963354 -1 -0.232311 -0.280701 0.312562 -0.124616 -0.282135 : 0.5
0.601556 0.308334 0.170413 -0.0992424 0.38528 -0.609737 -0.244554 0.594609 0.618423 : 0.3
0.491661 0.402171 0.825422 0.467733 0.0181099 -1 0.131828 -0.502704 -0.388829 : 0.1
0.686985 0.451877 0.913259 0.991215 0.676812 -0.262482 -0.341682 0.941984 -0.994346 : 0.2
0.806303 0.341969 0.907696 1 -0.818688 -0.985162 -0.284215 -0.873027 0.0262616 : 0.6
0.592961 0.278316 0.741478 -0.410091 -0.456167 -0.251322 -1 0.812057 0.908252 : 0
0.589405 0.417656 0.729006 -0.097528 0.140262 -0.190416 1 -0.891651 -0.299169 : 0.4
0.679369 0.891216 0.941974 0.0863162 -0.344405 -0.328905 0.357698 -0.394473 0.342563 : 0
0.645419 0.979664 1 -0.243789 0.0962956 -0.0308125 0.325308 0.0736797 -0.0106063 : 0.3
0.480412 0.304868 0.730537 0.160345 -0.649144 -0.279753 0.685074 -0.754856 1 : 0.4
0.393245 0.597489 0.324847 0.901825 0.0391777 -0.0672829 -0.883608 0.66381 0.272266 : 0.4
0.727535 0.646103 0.506848 -0.12776 -0.86517 -0.555202 0.735807 0.691047 0.264789 : 0.2
0.758531 0.566649 0.916463 1 -1 -0.500081 -0.649163 0.340493 -0.405668 : 0.2
0.882748 1 0.894665 -0.397727 0.119649 -0.337711 0.0760182 0.039976 0.132848 : 0.3
0.563934 0.753572 0.6386 -0.322635 1 -0.805695 0.76345 0.192975 -0.441059 : 0
0.934141 0.43884 0.609726 -0.422286 -0.825331 -0.516921 0.341911 0.316498 -0.275026 : 0.4
0.697361 0.432429 0.780389 -0.454715 -0.0206544 -0.11684 -0.244342 0.816056 0.104823 : 0.6
0.621268 0.5008 0.661088 -0.00364837 -0.543483 -0.35643 0.345457 0.287473 0.575354 : 0.3
0.748972 -0.262111 0.916818 0.158046 0.0809313 -0.518041 0.0646569 -0.766277 0.372905 : 0.1
0.59441 0.468335 0.417137 -0.477555 0.214351 -0.627738 0.204931 0.618743 -0.389021 : 0.2
0.561461 0.557475 1 -0.269166 0.328738 0.0775013 -0.69044 0.643182 0.0305602 : 0.3
0.556166 0.414827 0.946633 0.0425342 -0.615843 -0.0158265 0.285987 0.0695133 0.470765 : 0.4
0.464496 0.361043 0.600536 0.444877 -0.459613 -0.394761 -0.0444681 0.136896 0.283144 : 0.1
0.667141 0.289161 0.808074 0.183908 0.420766 -0.275235 -0.1609 0.781588 0.70871 : 0.2
0.842726 0.609793 0.620356 -0.319442 -0.974377 -0.706805 0.684433 1 -0.126618 : 0.4
0.472451 0.274666 0.944076 0.0605062 -0.254385 -0.876457 0.947685 0.597315 -0.309191 : 0.2
0.803046 0.169157 0.808459 -1 -0.606524 -0.818235 -0.107224 -0.162069 -0.0347399 : 0.2
0.931642 0.743917 0.977556 0.304229 -0.192891 -0.680046 1 -0.411175 0.114452 : 0.4
0.684136 0.465498 0.143847 -0.948667 -0.887691 -0.0199234 -1 1 0.712016 : 0.1
1 0.61328 1 -0.0372588 -0.500533 -0.928916 0.709508 0.0506747 0.155506 : 0.5
0.705587 0.444103 0.88528 -1 -0.575871 -0.531046 0.779382 0.366061 -0.722013 : 0.4
0.593429 0.360628 0.826032 0.178749 -0.948717 -0.544734 0.362636 -0.035912 0.353092 : 0
0.636755 0.439032 0.666122 -0.602868 -0.901548 -0.413511 -0.224973 0.841226 0.296887 : 0.3
0.833421 0.263539 0.0820847 -0.820316 -0.566873 -0.232534 -0.172539 -0.109542 -0.786557 : 0.5
0.710309 0.583472 0.638315 -0.227535 -0.10472 -0.49925 0.0523436 -0.23724 0.344799 : 0.4
0.502191 0.265266 1 -0.0425762 -0.313232 -0.478873 0.178843 -0.332257 0.316495 : 0.5
0.543426 0.492198 0.947318 -0.0996354 -0.00636606 0.204142 0.249081 0.0191856 0.74578 : 0
0.569836 0.0412493 0.233343 0.438647 -0.393277 -0.0138004 1 0.906416 0.284368 : 0.2
0.47239 0.556504 1 -0.705852 -0.134844 0.0407147 0.515933 -0.0471253 0.206232 : 0.1
0.58665 0.477576 0.996554 -0.544243 -0.00496605 -0.161435 -0.23866 0.0375139 -0.227552 : 0.2
0.595864 0.190945 0.856114 0.52276 -0.291807 -0.60006 -0.0851458 -0.417913 0.284892 : 0.2
0.293102 0.306226 0.913957 0.124286 0.188941 -0.231628 0.164995 0.832426 0.173554 : 0.3
0.659015 0.864584 0.725744 0.214724 -0.272805 -0.482051 0.366755 -1 -0.0330251 : 0.1
0.646944 0.572808 0.75807 0.0413907 0.0560517 -0.430621 0.605361 -0.275344 -0.815481 : 0.7
0.733047 0.496327 0.573451 -0.0656327 -0.205226 -0.353936 0.347018 -0.231234 -1 : 0.3
0.733224 0.397777 0.937407 0.862849 -1 -0.543051 0.199214 1 0.0410511 : 0.4
0.636575 0.336275 0.917657 0.412025 -0.475169 -0.874294 0.596649 0.975872 -0.124606 : 0.5
0.547618 0.378976 0.743758 -0.440561 -0.479211 -0.405605 0.743115 1 0.835196 : 0.4
0.416215 0.462229 0.867338 -0.696837 -0.761132 -0.369113 0.399278 0.29429 0.46624 : 0.1
0.60655 0.391285 0.995704 -0.131106 -0.0709549 -0.637992 -0.0725076 -0.802361 0.155311 : 0.6
0.60305 0.485 0.863908 -0.658676 -1 -0.541773 0.390138 -0.3048 -0.267428 : 0.3
0.694244 0.94199 0.488623 -0.425281 -0.162515 -0.225209 -0.205563 0.058871 -0.301478 : 0.2
0.604941 0.41796 0.704887 -0.12951 -0.363195 -0.558758 0.436311 0.255429 0.613485 : 0.1
0.556809 0.373896 0.795924 -0.695822 -0.69349 -0.570066 -1 -0.385539 0.913557 : 0.4
0.595935 0.306171 0.484895 -0.380354 -0.0751401 -0.0520964 0.593605 0.671575 0.272543 : 0.5
0.579542 0.432273 0.760807 -0.617182 -0.175719 -0.60602 0.420118 0.302897 0.138803 : 0.2
0.582716 0.211861 0.894726 -0.0450427 -0.8586 -0.299753 0.320146 -0.175349 -0.454272 : 0.5
0.702388 0.257823 0.804112 0.0881772 0.0740811 0.22081 0.440648 0.0520046 -1 : 0.3
0.484045 0.594784 0.974214 -0.710089 -0.780453 -0.354053 0.211821 -0.234427 0.273851 : 0.3
0.577467 0.34578 0.801307 0.314967 0.266533 -0.341031 0.3193 0.291234 0.965616 : 0.6
0.621324 0.36663 0.660944 -0.556499 0.184405 -0.314699 -0.0295961 -0.581892 0.132913 : 0.2
1 0.271819 0.543788 -0.386997 0.0379634 -0.579874 0.397191 -0.6127 1 : 0.5
0.637642 0.276603 1 0.366228 0.0932158 -0.811621 -0.278147 0.422764 -0.699471 : 0.3
0.674773 0.576207 0.945435 0.209686 -0.424064 -0.236078 0.700697 0.116696 0.273613 : 0.1
0.835201 0.43998 1 -0.227077 -0.469322 -0.31669 0.00224257 -1 0.250384 : 0.4
0.585608 -0.15056 0.970443 0.383934 -0.395545 -0.807297 0.232785 -0.129842 0.262491 : 0.3
0.98825 0.518473 0.857826 0.099342 -0.371046 -0.468752 0.274095 0.197576 0.356439 : 0.1
0.820735 0.339962 1 -0.133536 -1 -0.294156 -0.448643 -1 -0.284824 : 0
0.61618 0.468517 0.445007 -0.878394 -0.126622 -0.0921387 0.870664 0.115579 0.168678 : 0.2
0.544525 0.27476 1 -0.396201 -0.3277 -0.922699 0.556936 0.411305 1 : 0.3
0.504502 0.0407527 0.960044 0.130943 -0.957507 -0.96152 0.226787 -0.100195 -0.332484 : 0.3
0.635834 0.317892 0.788892 0.658332 -1 -0.433392 -0.0666199 0.294823 0.323137 : 0.3
0.535001 0.944573 0.892112 -0.399562 0.0122968 0.153723 0.247742 0.451307 0.0159432 : 0.4
0.853929 0.46697 0.513718 -0.577902 -0.478904 -0.971431 0.0120165 -0.417075 -0.118713 : 0.3
0.486822 0.448707 1 0.19333 -0.00175918 -0.293635 0.0913853 -0.332215 0.53998 : 0.1
0.848953 0.583425 0.579258 1 0.0433536 0.102151 0.62022 0.669895 0.453991 : 0.1
0.547894 0.519332 0.915628 -0.80209 -0.666273 -0.232085 0.346514 0.403425 0.61764 : 0.3
0.536394 0.380534 1 0.328263 -0.493313 -0.683154 0.224426 1 0.762516 : 0.3
0.787948 0.405727 0.949202 -0.345295 1 -0.794354 0.888844 0.0425867 -0.460628 : 0.4
0.883741 0.518967 1 -0.53604 -0.576938 -1 0.824509 -0.162956 -0.132918 : 0.3
0.629178 0.437863 0.757927 -0.21653 0.409507 -0.106133 -0.37268 0.0758532 -0.546956 : 0.6
0.636702 0.48896 0.909024 -0.0493878 0.777511 -0.526247 1 0.554101 -0.977237 : 0.1
0.585748 0.46852 0.446912 -0.63242 -0.4691 -0.488516 0.623009 0.431859 0.274138 : 0.6
0.975459 0.543139 0.45112 0.534246 -1 -0.784361 -0.666966 0.183676 -0.292087 : 0.1
0.601749 0.162668 0.783946 -0.45175 -0.334236 0.197374 -0.519952 0.0403211 0.754516 : 0.3
0.6501 0.377089 0.961747 0.500405 0.19026 0.238896 0.800835 0.0472795 0.418821 : 0.3
0.976131 0.1994 0.859765 0.00872517 -0.273929 -1 -0.282153 0.531108 -0.119984 : 0.4
0.595861 0.386096 0.845666 0.12951 -0.59891 -0.963423 0.437692 -0.98797 0.757551 : 0.3
0.576747 0.0949774 1 -0.706802 -0.525568 -0.135662 0.744066 0.49249 -0.0129298 : 0.5
0.732381 0.410384 0.430603 -0.130555 0.229532 -0.622447 0.116799 -0.222977 -0.353033 : 0.5
0.568884 0.553582 0.96395 -0.814079 -0.112487 -0.482642 -0.0594695 -0.225491 0.166804 : 0.3
0.954499 0.515481 0.970612 -0.558915 -1 -0.529611 0.254993 -0.884807 0.896129 : 0.1
0.505854 0.429856 1 -0.361193 0.0837021 -0.864722 0.331901 0.164289 0.861919 : 0.2
0.617389 0.673373 1 -1 -0.43814 -0.519498 0.226184 -0.102838 0.0519745 : 0.3
0.694601 0.563617 0.784855 0.103766 0.270003 -1 0.20751 0.631672 0.120214 : 0.1
0.447566 0.402001 1 -1 -0.124749 -0.347186 0.117982 -0.609563 0.140964 : 0.5
0.784144 0.417831 0.955816 1 -0.830517 -0.0707971 0.608001 -0.472813 0.647114 : 0.2
0.828892 0.506528 0.961646 0.190749 -0.268343 -0.746103 0.657438 0.424641 -0.215182 : 0.3
0.564417 0.454705 0.995473 -0.22879 -1 -0.309474 0.284429 -0.371756 0.158466 : 0.5
0.70899 0.430378 0.77077 -0.650282 0.265945 -0.0845814 -0.399632 0.196196 0.0894919 : 0.4
0.657476 0.288328 1 0.281741 -0.474495 0.915632 0.12099 -0.124051 0.242174 : 0.4
0.743789 0.629242 0.700628 -0.292807 0.0175752 0.0751653 0.31641 -1 0.257545 : 0.2
0.592165 0.306999 0.948643 -0.155041 -0.0199806 -0.00509194 0.329888 0.485726 -0.145273 : 0.2
0.592057 0.522873 0.809953 -0.614597 -0.589544 0.0299461 -0.0917092 0.486918 0.424993 : 0.5
