0.657434 0.482676 0.857094 -0.925997 -0.433235 -0.102393 0.509498 0.568443 0.276429 : 0.6
0.623668 0.319203 0.854097 -0.906655 -0.219572 -0.068775 0.189022 0.844619 -0.223695 : 0.6
0.503745 0.441158 0.89139 -0.863665 -0.139181 -0.280926 0.589277 -0.0660346 0.591708 : 0.3
0.7204 0.446162 0.946805 -0.998326 -0.292452 -0.0586976 -0.102248 0.162135 0.864328 : 0.7
0.726777 0.478879 0.667086 -0.904981 -0.239687 -0.0200414 0.621351 0.718237 0.844551 : 0.5
0.499805 0.429529 0.950479 -0.899863 -0.483777 -0.322962 0.0114159 0.261997 -0.380867 : 0.3
0.605231 0.38255 0.912075 -0.696779 0.080634 -0.146934 0.406222 0.148194 0.334843 : 0.5
0.628305 0.320998 0.96333 -0.900138 -0.493859 -0.141011 0.714135 0.425734 -0.531776 : 0.6
0.678413 0.481382 0.915878 -0.856708 -0.108616 -0.173498 0.478931 0.523239 -0.0818478 : 0.5
0.461676 0.280903 0.861843 -0.908207 -0.30959 -0.493322 0.26275 1 -0.274717 : 0.5
0.557791 0.397512 0.925634 -0.888338 -0.337363 -0.189701 -0.239982 0.258158 0.0359465 : 0.6
0.627157 0.389637 0.930789 -0.833946 -0.0226016 0.0138669 0.514835 0.484349 -0.164923 : 0.6
0.72999 0.481116 0.898817 -0.962465 -0.18825 -0.230667 0.34495 0.138565 -1 : 0.5
0.644149 0.514963 0.902787 -0.869309 -0.293443 0.0489138 -1 0.491119 0.0963751 : 0.8
0.644017 0.276294 0.851771 -0.861164 -0.652319 -0.0527544 0.296059 0.223114 -0.537825 : 0.5
0.594143 0.457591 0.83055 -0.890813 -0.00759472 -0.00880513 0.365942 0.156738 1 : 0.4
0.687193 0.533504 0.833674 -0.906069 -0.275487 0.00339681 0.425158 0.947959 0.410227 : 0.7
0.732994 0.535398 0.70285 -0.812092 -0.339823 0.00181565 0.597577 0.391894 1 : 0.7
0.651848 0.359247 0.962936 -0.972945 0.388095 -0.301941 0.345927 -0.419897 -0.412637 : 0.6
0.650001 0.411852 0.73292 -0.993913 -0.0890142 0.0184344 0.360824 0.507928 -0.0322262 : 0.8
0.64505 0.584065 0.922139 -0.657259 -0.541661 -0.13795 0.494121 0.312718 0.559739 : 0.6
0.683277 0.37261 0.907062 -0.97856 -0.73165 -0.0134606 0.278633 0.85289 -0.171023 : 0.2
0.650312 0.583156 0.917422 -0.885879 -0.157154 -0.0769937 0.929745 0.757726 0.310097 : 0.6
0.617784 0.482439 0.916499 -0.795341 -0.550824 -0.232402 0.655685 0.647208 0.921605 : 0.7
0.572179 0.235094 0.841969 -0.872923 -0.446815 -0.238785 0.34999 0.707915 1 : 0.5
0.640787 0.265373 0.771136 -0.570149 -0.499059 -0.292221 0.656648 0.212915 0.624091 : 0.5
0.551276 0.387069 0.601248 -0.87384 -0.0322184 0.331947 0.569795 0.319082 0.629054 : 0.5
0.744773 0.336732 0.729093 -0.84909 -0.144833 -0.0256777 0.435686 0.467334 -0.291273 : 0.7
0.683205 0.534277 0.802329 -0.652586 -0.196426 0.0522511 0.483757 0.813517 0.407723 : 0.5
0.697245 0.611023 0.979137 -0.972014 -0.266793 0.385798 0.441782 0.760563 0.461622 : 0.4
0.629233 0.390189 0.921031 -0.88601 0.0908225 -0.0381791 0.300725 0.283731 0.726398 : 0.7
0.604689 0.32857 0.827851 -0.900288 0.253132 -0.0637229 0.619552 0.604023 -0.0324601 : 0.2
0.699832 0.430869 0.976054 -0.90905 -0.334597 -0.209778 0.734294 -0.230218 0.402662 : 0.8
0.671042 0.284593 0.936055 -0.904382 -0.181562 -0.104045 0.660319 0.571648 -0.832415 : 0.5
0.703987 0.415758 0.842812 -1 -0.187957 0.326033 0.448261 -0.645789 0.0982788 : 0.7
0.69803 0.38502 1 -0.889408 -0.34547 0.0292416 0.558405 0.641608 0.803874 : 0.6
0.684082 0.475853 0.89425 -0.807007 -0.0592988 0.00552921 0.417183 0.726543 -0.231112 : 0.5
0.658759 0.43442 1 -0.96857 0.341742 0.05815 0.0430354 -0.00993238 0.835984 : 0.7
0.63957 0.496647 0.990404 -0.824784 -0.106343 -0.136463 0.218565 0.306397 0.0532194 : 0.2
0.639541 0.339699 0.934316 -0.928804 -0.226406 -0.00798166 -0.0231276 0.615736 -1 : 0.8
0.645514 0.429505 0.946186 -0.925073 -0.323104 -0.0155668 0.0336498 0.196961 1 : 0.2
0.662646 0.423164 0.742579 -0.85043 -0.156771 -0.107322 0.406265 0.806544 1 : 0.6
0.567163 0.438735 0.984224 -0.904292 -0.218616 0.0269848 0.510152 0.88747 -0.701323 : 0.8
0.609443 0.38006 0.789428 -0.964267 -0.103206 -0.11627 0.392752 0.608544 0.194118 : 0.7
0.587613 0.322135 0.930111 -0.995791 0.0550821 -0.002691 0.367374 -0.423841 -0.521359 : 0.4
0.671551 0.470969 0.799801 -0.97376 -0.272647 0.250715 0.259185 0.200752 0.934212 : 0.3
0.666956 0.3878 0.784738 -0.785637 -0.421936 -0.0277777 0.383887 0.89677 0.646956 : 0.3
0.671528 0.337981 0.923141 -0.970544 -0.31064 -0.20466 0.489828 0.560782 -1 : 0.3
0.594596 0.605147 0.598405 -1 -0.207367 0.151692 0.334454 -0.0210935 -0.0973364 : 0
0.652545 0.377547 1 -0.951825 -0.207598 -0.128607 0.569044 0.811081 0.199606 : 0.4
0.627794 0.462568 0.978767 -0.99815 -0.158365 -0.0112591 0.419564 0.772974 -0.689792 : 0.3
0.633153 0.312392 0.91725 -0.965221 -0.387315 -0.14248 0.290861 0.145489 -0.698986 : 0.6
0.635483 0.0415627 0.985649 -0.970057 -0.118026 -0.104074 0.425348 0.690049 -0.304646 : 0.4
0.576189 0.322155 0.893227 -0.874031 -0.277439 0.0492073 0.55875 0.932345 -0.203737 : 0.4
0.64848 0.306761 1 -0.90829 -0.526332 -0.820832 0.237084 0.313399 -0.191841 : 0.3
0.690106 0.202792 0.963661 -0.920723 -0.518903 -0.158429 0.652367 0.952456 -0.36693 : 0.8
0.589022 0.516058 0.986255 -0.94733 0.100976 -0.259602 0.118888 0.174292 -0.279794 : 0.2
0.560616 0.402045 0.769201 -0.955799 -0.37993 -0.0329334 0.558359 0.976912 0.674209 : 0.5
0.67852 0.412199 0.848996 -0.861496 -0.40851 -0.0749394 0.462847 0.888641 0.340303 : 0.4
0.662814 0.283408 1 -0.759565 -0.407243 0.0115962 0.316605 0.477297 0.016641 : 0.8
0.71506 0.297045 1 -0.984907 -0.303868 -0.129177 0.3422 0.0437999 0.213633 : 0.3
0.6478 0.397385 0.856079 -0.84808 -0.258232 -0.0752364 0.643727 0.999826 0.0859674 : 0.8
0.76079 0.535128 0.866638 -0.660874 -0.238826 0.126357 0.631283 0.476082 -0.592538 : 0.6
0.673587 0.437422 0.962144 -0.883729 -0.0209592 -0.0220813 0.393179 0.675137 0.543631 : 0.4
0.638 0.360336 0.927142 -0.90915 0.250202 0.0599759 0.379467 0.0631188 1 : 0.6
0.647848 0.404198 0.751712 -1 -0.273179 0.243536 0.399082 0.167009 0.345729 : 0.6
0.667933 0.337071 0.984452 -0.74039 -0.467848 0.144329 0.357433 0.442882 -0.450511 : 0.4
0.736318 0.485804 0.82209 -0.781935 -0.066873 0.00467115 0.417411 0.733371 -0.463422 : 0.5
0.720373 0.526113 0.963844 -0.923046 -0.113242 -0.0012497 0.401606 0.977797 0.493717 : 0.5
0.602271 0.354951 0.872099 -0.917736 -0.0625964 -0.199877 1 0.219602 0.290509 : 0.6
0.80771 0.524544 0.877808 -0.974053 -0.229998 -0.350974 -0.19039 0.486338 0.255233 : 0.5
0.696033 0.417585 1 -0.752972 -0.273518 -0.0661644 0.440966 0.538435 1 : 0.7
0.417541 0.345715 0.943087 -0.907616 0.0377901 -0.0331598 0.197204 0.565521 -0.129671 : 0.7
0.600154 0.381016 0.936563 -0.946128 -0.0976182 -0.0642473 0.307489 -0.476021 -0.587527 : 0.7
0.572599 0.405824 0.896518 -0.913755 -0.225712 -0.0891591 0.57262 0.663612 -0.66977 : 0.5
0.598939 0.353384 0.929592 -0.899821 -0.433099 -0.0989382 1 0.245737 0.0804082 : 0.7
0.580038 0.598054 0.910908 -0.806299 -0.546761 -0.0966271 0.567953 0.296915 -0.923817 : 0.6
0.684953 0.346604 1 -0.991843 -0.425405 -0.207939 0.349785 0.0637077 0.081749 : 0.6
0.689779 0.392805 1 -0.952409 -0.173399 -0.20716 0.787127 0.265439 -1 : 0.4
0.659342 0.488151 0.799266 -0.857436 -0.270034 -0.0603105 0.599437 0.988073 0.339236 : 0.7
0.622223 0.339549 0.942172 -0.908578 -0.223536 0.0108031 0.19545 0.613481 -0.455631 : 0.4
0.655907 0.374025 0.942197 -0.960278 -0.132015 0.0194037 0.33665 0.366218 0.040664 : 0.5
0.657021 0.301501 0.8371 -0.884257 -0.361784 0.982473 0.692964 0.461351 0.443129 : 0.6
0.63762 0.524692 0.7898 -0.867192 -0.268304 -0.154236 0.972375 0.390442 0.872567 : 0.5
0.774252 0.496928 0.858695 -0.902462 -0.202785 -0.179441 0.29821 0.695158 -0.887591 : 0.5
0.632728 0.321752 0.827447 -0.977898 -0.202837 0.338186 0.294636 0.607031 -0.251273 : 0.9
0.784788 0.515714 0.835213 -0.85537 0.00114807 -0.054061 0.216505 1 0.434939 : 0.4
0.613191 0.545836 0.878268 -0.883558 -0.182284 -0.150554 -0.0728532 0.412617 -0.752449 : 0.7
0.724035 0.382898 0.959737 -1 -0.0676273 0.0376332 0.37382 0.586705 1 : 0.5
0.671833 0.409867 0.941081 -0.801937 -0.349923 -0.58143 0.504008 0.553388 -0.065286 : 0.7
0.564176 0.377881 0.858105 -0.877452 -0.449272 -0.213725 0.457618 0.592441 0.38479 : 0.7
0.643478 0.377534 0.94567 -0.898503 -0.395105 -0.465596 0.082201 0.446725 -0.689638 : 0.5
0.632726 0.361251 0.981102 -1 -0.462647 -0.0591267 0.751844 0.477721 0.757169 : 0.7
0.638618 0.277378 0.909571 -0.852433 -0.125382 -0.0406941 0.744445 0.78493 0.100538 : 0.6
0.636353 0.340144 0.939662 -0.216516 0.134017 0.214101 0.470627 0.519097 -0.496019 : 0.2
0.5141 0.422706 0.868113 -0.612963 -0.451727 0.341032 0.185656 0.236318 0.466471 : 0.4
0.566349 0.235672 0.797112 -0.924212 -0.265156 0.00706939 0.724726 1 0.102421 : 0.5
0.630436 0.355466 0.851967 -0.914102 0.170831 -0.0250158 0.59588 0.567843 0.562053 : 0.3
0.636203 0.379972 0.907119 -0.906217 -0.31153 -0.0396832 0.0819622 1 0.769307 : 0.5
0.671325 0.198066 0.894657 -0.972328 -0.188609 -0.0248708 0.670883 -0.0110901 -0.0268884 : 0.7
0.658352 0.567158 0.924895 -0.914031 -0.0757379 -0.247909 0.938016 0.774092 -0.0212265 : 0.4
0.623921 0.278927 0.861231 -0.810685 -0.108263 0.304829 -0.0810132 0.520634 -0.814262 : 0.6
0.693045 0.475453 0.702445 -0.9744 -0.192275 0.000694968 0.369598 0.795449 -0.329523 : 0.7
0.64783 0.347332 0.79158 -0.990647 -0.440563 0.339867 0.269156 0.58569 -0.230141 : 0.6
0.411679 0.409629 0.671469 -1 -0.109041 -0.130127 0.878209 0.588307 0.0662432 : 0.8
0.607722 0.321102 0.969405 -0.94395 -0.201535 0.0227253 0.835938 0.440244 0.450644 : 0.3
0.680863 0.423728 1 -0.979934 -0.218353 0.0342691 0.397964 0.206629 1 : 0.5
0.640172 0.381126 0.945312 -0.915752 -0.344242 -0.0471353 0.111606 0.348195 0.784763 : 0.2
0.666041 0.401971 0.913209 -0.877145 -0.50161 -0.109511 0.502788 0.158377 -0.299613 : 0.7
0.638056 0.432627 0.927043 -0.871008 -0.174619 0.180875 0.387074 0.463067 0.199778 : 0.8
0.601811 0.325793 0.839805 -0.958227 -0.616283 -0.022963 0.554337 0.571583 0.504281 : 0.4
0.609456 0.474852 0.93245 -0.894199 -0.104256 0.0228776 0.334506 0.632795 -0.733136 : 0.7
0.684229 0.475098 0.921398 -0.961269 -0.224943 -0.00768639 0.243048 0.746823 -0.0306241 : 0.7
0.667919 0.3332 1 -0.920747 -0.236772 0.377978 0.390448 0.213007 -1 : 0.5
0.63849 0.274188 0.887744 -0.951383 0.0719296 0.0292249 -0.092148 0.842283 -0.441207 : 0.4
0.773587 0.406112 0.71099 -0.866804 -0.139525 -0.636608 0.500175 0.825648 -1 : 0.3
0.601219 0.29686 0.853824 -1 -0.225188 -0.152134 0.668988 0.115601 -0.0244319 : 0.8
0.571173 0.405697 0.773233 -0.962725 -0.318856 0.0176823 0.731088 0.417838 -0.0892812 : 0.5
0.637424 0.379179 0.980063 -0.861369 -0.480072 -0.105772 0.343445 0.202392 -1 : 0.5
0.564399 0.437704 0.930042 -0.873488 -0.21752 -0.23824 0.562143 0.169534 0.0199937 : 0.5
0.649469 0.400928 0.95519 -0.908769 -0.206622 0.385164 0.153427 0.322057 -0.857987 : 0.6
0.684587 0.5089 1 -0.860831 -0.353573 -0.131035 0.477431 0.531537 -0.793454 : 0.6
0.670953 0.392195 0.874141 -0.925048 -0.147155 -0.36429 0.455434 0.356485 0.0125844 : 0.1
0.596913 0.395063 0.912943 -0.869678 -0.53032 -0.205917 0.32858 0.253267 -0.579437 : 0.8
0.607043 0.63864 0.658445 -0.873731 -0.407025 0.0149012 0.567617 -0.440849 0.371604 : 0.5
0.600503 0.548422 0.723433 -0.833082 -0.112368 -0.173696 0.538069 0.188669 0.296724 : 0.4
0.633283 0.353156 0.865664 -0.902822 -0.644631 -0.0603311 0.437592 0.746228 0.320786 : 0.6
0.588188 0.412456 0.982663 -1 -0.492322 0.112091 0.421938 0.544295 -0.181295 : 0.7
0.638991 0.429608 0.756466 -0.873534 -0.307742 0.348338 0.553053 0.346075 -0.328813 : 0.4
0.600449 0.505913 0.816819 -0.976099 -0.232292 -0.224772 0.619786 0.45556 0.358144 : 0.5
0.586625 0.461432 0.989039 -0.921153 -0.445431 -0.056191 0.595561 0.594036 -0.0189175 : 0.3
0.666121 0.337625 0.745041 -0.889166 -0.0951424 -0.0484454 0.398338 1 0.660184 : 0.9
0.585465 0.220004 0.926545 -0.927917 -0.0282121 0.0283463 0.332213 0.590973 -0.257506 : 0.3
0.593001 0.318325 0.884434 -0.855434 -0.489353 -0.0587682 0.573246 1 0.424481 : 0.7
0.698057 0.410989 0.94908 -0.765701 -0.147383 -0.000473209 0.333792 0.565882 0.251321 : 0.7
0.719776 0.428056 0.835572 -0.813142 -0.40024 0.00615036 0.0455905 0.303376 0.0758762 : 0.4
0.723337 0.434095 0.865887 -0.924938 -0.313664 0.00720862 0.479984 0.739895 -0.658271 : 0.6
0.727403 0.461058 0.878794 -0.843633 -0.269984 0.895807 0.607868 1 0.267994 : 0.5
0.891512 0.427154 0.978227 -0.872939 -0.158424 -0.0629832 0.51977 -0.132246 0.649929 : 0.4
0.684048 0.401992 0.964537 -0.824806 -0.366275 0.0687376 0.129595 0.681749 0.638115 : 0.7
0.71672 0.333613 0.89122 -0.871557 -0.249166 -0.207677 0.350841 -0.0610125 0.667098 : 0.6
0.584261 0.404795 0.832116 -0.945103 -0.347096 -0.202247 0.454083 0.118054 0.0182027 : 0.5
0.578766 0.34964 0.879554 -0.921813 -0.382108 -0.0627669 0.242732 0.780201 -1 : 0.6
0.69179 0.403787 0.788872 -0.81382 -0.478431 -0.185867 0.661975 0.390757 0.416502 : 0.5
0.616704 0.339323 0.951119 -0.893401 -0.334428 -0.0571278 0.0782578 0.701226 0.154591 : 0.8
0.309008 0.384364 0.942169 -0.935045 0.151784 -0.523751 0.786353 -0.515043 -0.423858 : 0.5
0.737204 0.35798 0.983082 -0.465791 -0.152121 0.0573325 0.357555 1 -0.498253 : 0.8
0.649728 0.391671 0.918273 -0.829166 -0.533486 -0.221408 0.655385 0.312566 -0.408541 : 0.3
0.594478 0.527611 0.723814 -1 -0.136621 -0.0795271 0.360713 0.855399 -0.189396 : 0.5
0.676712 0.509132 0.966063 -0.823242 -0.620311 -0.21457 0.900489 0.0741211 0.830353 : 0.6
0.526271 0.500868 0.961765 -0.407461 -0.284579 -0.115926 0.498785 0.131134 0.810107 : 0.6
0.588677 0.30338 0.870599 -0.910685 -0.342976 -0.333385 0.518661 0.231272 -0.00486648 : 0.6
0.694253 0.509128 0.916468 -0.72066 -0.884257 -0.942151 0.156092 0.360246 -0.791929 : 0.5
0.566343 0.42236 0.839952 -0.87124 -0.31811 -0.15964 -0.0416078 0.143297 0.122945 : 0.7
0.594801 0.402388 0.890797 -1 -0.093823 -0.0885442 0.657573 0.449469 -0.0447444 : 0.5
0.658979 0.475927 0.863335 -0.902904 -0.0921516 0.312381 0.460334 0.76184 0.186788 : 0.4
0.65487 0.430306 0.935327 -0.876318 -0.21206 0.179156 0.670878 -0.134167 -0.929063 : 0.3
0.650079 0.447151 0.800805 -0.956392 -0.412192 -0.23796 0.199262 0.683792 0.439047 : 0.7
0.627074 0.354406 1 -0.979106 -0.155488 0.0239029 0.116361 0.414822 0.0670993 : 0.4
0.618207 0.276884 0.824954 -1 -0.518926 -0.19061 0.612957 0.936007 0.753073 : 0.3
0.68015 0.546058 0.829883 -0.809894 -0.435112 -0.272426 -0.0246411 0.626168 -0.246288 : 0.3
0.599019 0.46442 0.964608 -0.93012 -0.0865973 0.402684 0.459907 0.141789 0.100489 : 0.8
0.72182 0.503554 0.899832 -0.963573 -0.279457 -0.00342356 0.447587 1 -0.255979 : 0.7
0.596622 0.414112 0.902373 -0.921319 -0.116912 -0.0873148 1 0.590492 -0.685138 : 0.5
0.582851 0.249005 0.677288 -0.729642 0.206045 0.0081526 0.539334 0.00398605 0.271266 : 0.6
0.596536 0.431731 0.953901 -0.979273 -0.238567 -0.00827807 0.361557 0.942992 -0.107529 : 0.7
0.698155 0.347554 1 -0.926473 -0.508762 -0.352541 0.430239 0.820171 -0.857906 : 0.5
0.590485 0.246313 0.946058 -1 -0.498661 -0.201372 0.644475 0.86803 -0.454274 : 0.4
0.565555 0.231761 0.879371 -0.879332 -0.374166 -0.287805 0.335371 0.296286 0.403581 : 0.3
0.633815 0.3464 0.935127 -0.817205 -0.191558 -0.227285 0.455392 0.479061 -0.398831 : 0.6
0.519886 0.40646 0.883536 -0.84587 -0.16951 -0.0325032 0.566102 0.73964 -0.580612 : 0.5
0.657182 0.572243 0.938078 -0.830642 -0.203633 -0.498795 0.38491 0.330186 -0.00278187 : 0.7
0.652883 0.511277 0.799544 -0.880391 -0.0880087 -0.0407867 0.673536 0.990574 0.340276 : 0.5
0.737363 0.376603 0.937305 -0.958388 -0.0421972 -0.155011 0.790555 0.236134 0.114749 : 0.5
0.704435 0.433241 0.910114 -1 -0.307 0.340076 0.44266 0.946676 0.391408 : 0.3
0.695131 0.357004 0.785505 -0.806646 -0.39847 -0.217417 0.425958 0.490209 0.0528241 : 0.5
0.561853 0.296542 0.956895 -0.931789 -0.744797 -0.070408 0.304973 0.0767174 0.280882 : 0.3
0.550531 0.457512 0.746758 -1 -0.34516 -0.492699 0.278603 -0.434056 -1 : 0.7
0.646532 0.375099 0.925949 -0.866138 -0.518323 -0.155498 0.429905 0.360855 -0.562025 : 0.5
0.590295 0.424363 0.911335 -0.875352 -0.0918874 -0.461968 0.635057 0.767232 -0.248261 : 0.3
0.715889 0.362245 0.89334 -0.834641 -0.501064 -0.0974634 0.293954 0.877572 -0.688271 : 0.5
0.662752 0.371199 0.909827 -0.901179 -0.233067 -0.0664623 0.522097 0.0605196 0.00121474 : 0.5
0.648503 0.258817 0.93585 -0.964224 -0.0780474 0.299603 0.302855 0.172897 0.70693 : 0.4
0.585845 0.461403 0.950372 -0.936795 -0.204331 -0.0987803 1 1 1 : 0.7
0.649737 0.433753 0.796829 -0.445006 -0.00607711 0.222082 0.388888 0.497245 0.00173601 : 0.7
0.650813 0.436936 0.848571 -0.921659 -0.123644 -0.328382 0.465405 0.354112 0.632927 : 0.6
0.604527 0.384477 0.89925 -0.865963 -0.371642 0.231408 0.38683 0.622289 0.997433 : 0.5
0.558012 0.439451 0.844531 -0.78688 -0.266108 -0.302164 0.432099 0.390548 -0.324241 : 0.5
0.692036 0.374377 0.848964 -0.90474 -0.15047 -0.282818 0.263901 0.840439 -0.285986 : 0.4
0.581064 0.457322 0.85368 -0.891082 -0.894229 -0.416038 0.406855 0.694696 -0.206567 : 0.8
0.603937 0.32644 0.910515 -0.877073 -0.127198 0.0336182 0.334253 0.0968682 -0.299259 : 0.6
0.596907 0.430628 0.9175 -0.966742 -0.0334158 -0.0447467 0.320094 0.711178 -0.000765204 : 0.7
0.700614 0.405192 0.87699 -0.789244 -0.0187626 -0.0449274 0.261745 0.495036 -1 : 0.7
0.605195 0.344752 0.934307 -0.853904 -0.516295 -0.129767 0.441692 0.271887 -0.517861 : 0.2
0.679575 0.422032 0.960342 -0.931636 -0.168384 -0.100377 0.461459 0.884156 -0.795264 : 0.7
0.512863 0.453209 0.782667 -0.923397 -0.0493697 -0.166289 0.797488 0.176009 -0.419736 : 0.3
0.650626 0.14828 0.758766 -0.954977 0.274307 0.209079 0.0376358 0.385358 0.178987 : 0.6
0.626877 0.481995 0.903876 -0.826632 -0.178121 0.0191802 0.316553 0.636523 0.0153505 : 0.8
0.625651 0.408572 0.915888 -0.94423 -0.552171 -0.126696 0.3056 0.553995 -0.354374 : 0.5
0.658569 0.284229 0.774376 -0.873473 -0.873392 0.0675178 0.536774 0.733594 0.203295 : 0.5
0.584278 0.457658 0.843672 -0.831643 -0.261913 0.304188 0.448747 0.308175 -0.722123 : 0.6
0.657323 0.390141 0.944116 -0.776339 -0.522446 -0.170652 0.5806 0.223078 -0.416901 : 0.6
0.737868 0.379498 0.846918 -0.891394 -0.20493 0.140051 0.285763 0.311135 0.717106 : 0.7
0.666144 0.502901 0.978404 -0.880443 -0.145408 -0.22035 0.466637 0.310542 -0.263384 : 0.6
0.664121 0.451475 0.956277 -0.930956 -0.0714069 -0.130779 0.598716 0.0135858 -0.367457 : 0.4
0.665246 0.34466 1 -0.908029 -0.0645185 0.0547945 0.99333 0.496173 0.270683 : 0.6
0.600461 0.371295 0.874426 -0.981845 -0.118864 -0.298722 0.548923 0.352078 -0.0359621 : 0.5
0.754254 0.401623 0.77513 -0.858651 0.000870287 0.437012 0.229316 0.179652 0.26121 : 0.7
0.643428 0.440707 0.945583 -0.841469 -0.27669 -0.199495 -0.0161767 0.474619 0.69164 : 0.3
0.687747 0.326586 0.866271 -0.875471 -0.328597 -0.275915 0.271259 0.701657 -0.200523 : 0.5
0.64082 0.0729267 0.740264 -0.891652 -0.356697 -0.0723878 0.116397 0.231788 1 : 0.6
0.685307 0.357091 0.920852 -0.735819 -0.413203 -0.230128 -0.336823 0.294917 1 : 0.6
0.579637 0.428413 0.796761 -0.844812 -0.0415789 0.338153 0.418154 0.426087 0.305307 : 0.5
0.674443 0.325941 0.896914 -0.93592 -0.0479204 -0.478373 0.474997 0.162296 0.197892 : 0.6
0.602665 0.369758 0.74771 -1 -0.0341279 -0.0666056 0.551075 0.459422 -0.0349602 : 0.6
0.689209 0.555087 0.927142 -0.98209 -0.416788 -0.134524 0.158061 0.822173 0.0745102 : 0.6
0.719137 0.417542 0.668206 -0.800127 -0.184616 -0.144012 0.302941 0.705955 -0.716947 : 0.7
0.674295 0.401469 0.897133 -0.831157 -0.130275 -0.228587 0.530391 0.709552 0.476529 : 0.4
0.587373 0.326886 1 -0.892091 -0.290035 -0.024862 0.322397 0.440737 0.461003 : 0.5
0.641 0.350516 0.768298 -0.912693 -0.552793 0.312878 0.26608 0.885211 -1 : 0.2
0.617103 0.372496 0.671976 -0.993943 -0.118507 -0.0670061 0.510281 0.294895 0.283537 : 0.7
0.571351 0.387378 0.881046 -0.935719 -0.154736 -0.318293 0.42968 0.167421 -0.129357 : 0.3
0.734157 0.534482 0.920597 -0.893682 -0.339863 -0.00662658 0.475409 0.344307 -0.0320239 : 0.8
0.656781 0.377867 0.754864 -0.624664 -0.275587 0.0322764 0.256254 0.691959 -0.540327 : 0.3
0.653973 0.40512 0.764443 -0.99034 -0.236834 0.0681171 -0.347387 0.489319 -0.207693 : 0.5
0.543674 0.409792 1 -0.920767 0.0660125 -0.10148 0.31104 0.658484 0.124636 : 0.5
0.665097 0.2954 0.815252 -0.830469 -0.0127138 0.125234 0.292525 0.561809 -0.081736 : 0.6
0.535996 0.18055 0.828724 -0.822516 0.0828866 -0.0205821 -0.1136 0.63104 -0.344625 : 0.7
0.597504 0.333266 0.894444 -0.913743 -0.365503 -0.158863 -0.110635 0.249307 -0.485415 : 0.5
0.63651 0.443091 0.93714 -0.867876 -0.327857 -0.0737436 0.468748 0.70675 0.155749 : 0.5
0.643244 0.330791 1 -0.773795 0.0804541 -0.165091 0.285833 0.152533 -1 : 0.3
0.617747 0.106952 0.888747 -0.832123 -0.240132 0.0701909 0.635056 0.883439 -0.251705 : 0.5
0.614552 0.594631 0.971429 -0.876037 -0.353999 -0.08509 0.893764 0.87623 0.355674 : 0.6
0.715277 0.534344 0.946204 -0.977704 -0.273932 -0.264305 -0.166293 -0.144569 1 : 0.5
0.66282 0.494247 0.888177 -0.795192 -0.601175 -0.86112 0.191379 0.923964 -0.475196 : 0.2
0.566068 0.238137 0.870881 -1 0.0013029 0.196268 0.623098 0.354992 -0.331095 : 0.5
0.705225 0.363967 0.629723 -0.774776 -0.451525 0.199921 0.522601 0.23075 -0.786839 : 0.3
0.598468 0.436018 0.971877 -0.983934 -0.0586797 0.00176304 0.213076 0.330945 -0.127032 : 0.6
0.738038 0.498978 0.813153 -0.918737 -0.205595 -0.0704155 0.431193 0.0208406 0.045985 : 0.2
0.62705 0.41409 0.863278 -0.848633 -0.202689 -0.0119595 0.813142 0.777379 -0.101034 : 0.5
0.630497 0.369206 0.950477 -1 -0.172415 -0.0226281 0.690705 0.640203 0.494035 : 0.5
0.66372 0.653501 0.857282 -0.860767 -0.147071 -0.231614 0.448879 -0.633111 0.366787 : 0.4
0.702779 0.502048 0.911871 -0.933886 -0.193751 0.0335641 0.579706 0.751242 0.00906017 : 0.3
0.625005 0.270355 0.878097 -0.901366 -0.431291 0.0334382 0.588022 0.339973 -0.125664 : 0.8
0.647635 0.45478 0.791153 -0.855018 -0.577392 -0.041285 0.611971 0.0641383 -1 : 0.5
0.736044 0.505319 0.944539 -0.838757 -0.378173 -0.291478 0.528491 0.293125 -0.292338 : 0.6
0.529444 0.235567 0.912733 -0.863935 -0.258308 -0.196911 0.261614 0.0517331 0.194883 : 0.7
0.668397 0.339093 0.876972 -0.945889 -0.421253 0.0143612 0.681383 0.740221 0.964297 : 0.6
0.618816 0.389448 0.892967 -0.829137 -0.335769 -0.18837 0.366071 0.269089 -0.397203 : 0.5
0.665708 0.378353 0.867574 -1 -0.329374 -0.190225 0.23023 0.372502 -0.542001 : 0.5
0.709783 0.487375 0.781854 -0.902842 -0.11512 -0.10735 0.393475 0.350883 0.461709 : 0.6
0.610728 0.445817 0.948256 -0.976915 -0.173587 0.0673087 0.594755 0.808291 -0.88021 : 0.7
0.611479 0.416043 0.759447 -0.994979 -0.00977595 0.749849 0.334009 0.146821 -0.0178882 : 0.8
0.788571 0.570181 0.812253 -0.880801 -0.164745 -0.346545 0.532274 0.646252 0.717475 : 0.7
0.595269 0.429642 0.941462 -0.603492 -0.117828 -0.0453665 0.422455 0.491501 0.548183 : 0.7
0.594796 0.399773 0.707009 -1 -0.203916 0.356856 0.324647 0.72837 0.365954 : 0.7
0.629772 0.264291 0.959766 -0.902151 -0.234397 -0.181979 0.560428 0.0638219 -0.442426 : 0.6
0.740737 0.392862 0.884276 -1 -0.0367018 0.660303 0.280317 0.469661 -0.0384268 : 0.7
0.623024 0.412734 0.939075 -0.944719 -0.263577 -0.0994812 0.219728 0.584197 0.0903887 : 0.1
0.658865 0.519441 0.768445 -0.901778 -0.224922 0.757478 0.19187 0.236018 -0.522731 : 0.8
0.550604 0.413456 0.931541 -0.877317 -0.309201 0.0514944 0.402211 -0.192647 1 : 0.4
0.59151 0.280874 0.791409 -0.902095 -0.406223 0.015805 0.368036 0.846796 0.991295 : 0.2
0.685312 0.456141 0.965227 -1 -0.195456 0.0282027 0.534538 0.844703 0.913252 : 0.7
0.694542 0.411836 0.937331 -0.896059 -0.443729 -0.13841 0.389315 0.864497 0.800466 : 0.5
0.654623 0.35729 0.813176 -0.878194 -0.551196 0.00919193 0.458624 0.362947 0.257469 : 0.6
0.596353 0.351112 0.934028 -0.955781 -0.313503 0.00200957 0.430972 0.428634 0.12656 : 0.8
0.560116 0.461628 0.836809 -0.911166 -0.213305 -0.14396 0.623394 0.891046 -0.411939 : 0.6
0.604514 0.421708 0.83096 -0.880152 -0.327894 0.0787297 0.98655 0.39795 -0.764353 : 0.2
0.622868 0.224545 0.78755 -0.915036 -0.275513 -0.292231 0.130037 0.335896 0.757696 : 0.4
0.713983 0.372716 0.997724 -0.923557 -0.164449 -0.166044 0.123257 0.0964804 -1 : 0.7
0.605685 0.271923 0.816714 -0.739998 -0.113551 -0.199078 0.152883 0.682746 1 : 0.8
0.628485 0.417123 0.746296 -0.646692 -0.320271 0.473044 0.423515 0.0332468 -0.965453 : 0.6
0.743916 0.335572 0.729413 -0.920647 0.0305767 -0.601992 0.415022 -0.203927 0.681993 : 0.8
0.702624 0.338615 0.739216 -0.976427 -0.67252 -0.134781 0.435482 0.0398901 0.215229 : 0.4
0.601181 0.332766 0.981109 -0.813722 -0.778985 -0.125044 -0.0911388 0.682762 -1 : 0.3
0.586967 0.446865 0.909276 -0.99867 -0.44911 -0.050012 0.75357 0.506911 1 : 0.4
0.608326 0.371832 0.813026 -0.884659 -0.39227 -0.324259 0.116999 0.332973 -0.584312 : 0.7
0.680664 0.418254 0.766464 -0.95146 -0.447948 0.0467168 0.479379 0.648554 -1 : 0.4
0.679541 0.34699 0.94629 -0.97597 -0.0361501 0.156285 0.393435 0.142595 -0.930876 : 0.5
0.709132 0.376255 0.952607 -0.975462 -0.165162 0.0478842 0.56355 0.253784 1 : 0.7
0.618186 0.311314 0.888116 -0.869408 0.0156003 -0.184973 0.399538 0.424923 0.0247197 : 0.5
0.814095 0.386107 0.727392 -0.868719 -0.293893 -0.067808 0.419356 0.218089 0.801395 : 0.5
0.70127 0.289657 0.875862 -0.91302 -0.0772597 -0.147599 0.252449 0.0502388 0.16014 : 0.6
0.622448 0.515451 0.909731 -0.93535 -0.298258 -0.00483085 0.472094 0.0159087 0.674638 : 0.3
0.580322 0.41884 0.692223 -0.868071 -0.237449 -0.183468 -0.138441 0.236958 0.251917 : 0.4
0.712491 0.350297 0.891425 -0.741409 -0.268258 0.275869 0.314319 -0.577326 -0.0897915 : 0.5
0.676955 0.380531 0.930236 -0.984106 -0.112382 0.240614 0.646637 0.583074 0.142105 : 0.6
0.682592 0.358919 0.998762 -0.818208 -0.426912 -0.222716 0.194837 0.295221 -0.116927 : 0.7
0.645288 0.415323 0.912385 -0.888029 -0.450953 -0.0933861 0.0516979 0.150484 0.906242 : 0.3
0.607213 0.429576 0.870392 -0.910342 -0.175609 -0.107435 0.186739 0.0487799 0.460371 : 0.2
0.723555 0.633415 0.945567 -0.890269 0.129922 -0.189082 0.659107 0.278922 -0.923706 : 0.9
0.660529 0.376635 0.981057 -0.563918 -0.150787 -0.00677526 0.0371135 0.554168 0.720948 : 0.5
0.631609 0.463107 0.939447 -0.819463 -0.0483708 -0.00546712 0.467011 0.693539 -0.599553 : 0.5
0.619341 0.42997 0.951439 -0.936411 -0.185117 0.627037 0.0115704 0.997603 0.582239 : 0.3
0.770753 0.395457 0.833721 -0.895297 -0.395998 -0.150025 0.276812 0.597438 -0.125234 : 0.7
0.679816 0.378216 0.665133 -0.914022 0.453292 0.0523865 0.481048 0.156133 0.683026 : 0.4
0.677382 0.347757 0.926136 -0.980686 -0.338052 0.00349599 0.60035 0.762067 0.40685 : 0.6
0.715842 0.434411 0.872789 -1 -0.248185 -0.184972 0.408134 -0.113424 -0.364679 : 0.9
0.669384 0.339177 0.992831 -0.923051 -0.401138 -0.00238853 0.516781 0.547368 0.630984 : 0.6
0.658769 0.474651 0.825338 -0.865938 -0.301014 0.250817 -0.126824 0.577743 0.123011 : 0.5
0.76517 0.446195 0.822771 -0.928031 -0.140861 -0.12593 0.475489 1 0.956327 : 0.2
0.671034 0.415182 0.953827 -0.974676 -0.185202 0.0399088 0.267916 0.383718 -0.0775794 : 0.3
0.576804 0.482091 0.926417 -0.925374 -0.314578 0.0481511 0.503352 0.616161 -0.820545 : 0.3
0.571035 0.433327 0.763233 -0.770074 -0.28573 0.239215 0.394686 0.0926182 0.565644 : 0.5
0.688678 0.422733 0.844197 -0.902071 -0.275104 -0.0826706 0.214803 0.368498 0.540751 : 0.1
0.725395 0.323813 0.942123 -1 -0.19207 0.036325 0.527176 0.34655 -0.497343 : 0.5
0.600927 0.402342 0.866675 -0.902323 -0.245246 -0.196375 0.15014 0.81523 0.331823 : 0.6
0.620455 0.355135 0.868788 -1 -0.308693 -0.0881037 0.874534 0.475143 -0.741569 : 0.7
0.646116 0.373875 0.785134 -0.858373 -0.41993 -0.0335808 0.359986 0.0150624 -0.544927 : 0.4
0.727046 0.49164 0.877869 -0.654929 -0.0716064 0.0291663 0.433185 0.470681 0.564199 : 0.8
0.713664 0.155927 0.776082 -0.78103 0.0996302 0.176461 0.271425 0.316921 -0.112347 : 0.3
0.59962 0.342791 0.811735 -0.876915 -0.517741 0.171016 0.275445 0.794166 0.190014 : 0.5
0.756311 0.369233 0.901277 -0.824228 -0.237539 -0.274203 0.464743 0.0962072 -0.531284 : 0.7
0.605398 0.434315 0.949963 -0.922221 -0.305751 -0.0501416 0.0511824 0.534449 0.62779 : 0.2
0.675396 0.489896 0.905707 -0.862301 -0.2914 -0.353518 0.00917812 0.521562 -0.334627 : 0.3
0.705889 0.414042 1 -0.96852 -0.218765 -0.341829 0.429021 1 -0.371858 : 0.9
0.667365 0.180867 0.789934 -0.968898 -0.186724 -0.165171 -0.289611 0.152467 0.279196 : 0.8
0.595912 0.507347 0.913879 -0.936072 -0.495892 -0.142888 0.503303 0.695802 0.488491 : 0.5
0.605186 0.434726 0.886268 -0.892505 -0.269407 -0.179565 0.187349 0.879685 0.999132 : 0.7
0.668175 0.397039 0.836299 -0.896088 -0.598616 0.0889971 0.784256 0.406371 0.757171 : 0.9
0.619338 0.200212 0.888275 -0.997966 -0.253791 -0.103502 0.422772 0.588836 0.166813 : 0.7
0.699032 0.263471 0.916583 -0.977501 -0.277776 -0.233902 0.538433 0.614105 0.361291 : 0.4
0.650875 0.496406 0.917083 -0.904127 -0.128788 -0.303119 0.466142 1 0.837844 : 0.4
0.668765 0.318824 0.890791 -0.900487 -0.235167 -0.0969788 0.450796 0.480865 -0.102531 : 0.6
0.642245 0.372788 0.898711 -1 -0.265316 -0.2074 0.703467 0.689945 0.523206 : 0.6
0.813898 0.492181 0.859899 -0.862723 -0.311139 -0.346596 0.436384 0.791188 0.977895 : 0.8
0.709414 0.367946 1 -0.874093 -0.359395 -0.219481 0.43441 0.299341 -0.463846 : 0.5
0.524654 0.35436 0.867675 -0.978349 -0.301486 -0.554017 0.111416 0.671072 0.549235 : 0.4
0.471411 0.485712 0.847243 -0.775231 -0.244681 0.028799 0.586412 0.612131 -0.685805 : 0.6
0.746902 0.348556 0.86382 -0.908299 -0.513818 -0.0103691 0.467567 0.571737 0.692714 : 0.7
0.564646 0.419767 0.904168 -0.900556 -0.0838852 -0.313644 -0.0445991 0.334173 0.162641 : 0.7
0.630536 0.33756 0.489256 -0.875602 -0.137833 -0.0904112 0.271549 0.712378 0.47845 : 0.5
0.704127 0.458335 0.805462 -0.627994 -0.0587633 0.019158 0.652424 0.704765 0.256604 : 0.4
0.749037 0.508031 0.910713 -0.956661 -0.525054 -0.0987098 0.623112 0.396729 -0.108083 : 0.4
0.549293 0.543993 0.930343 -0.898619 -0.249887 -0.0572637 0.439004 0.327549 0.924011 : 0.8
0.633949 0.280079 0.981071 -0.911019 -0.55798 -0.472713 0.124136 0.356288 -0.404861 : 0.6
0.591183 0.490792 0.923071 -0.85023 -0.577489 -0.40168 0.493389 0.507589 0.352673 : 0.3
0.593371 0.309374 0.923367 -0.942608 -0.630729 -0.0343269 0.268625 1 -0.818991 : 0.6
0.648632 0.349382 0.863382 -0.867155 -0.29596 -0.150218 0.491278 -0.164366 -0.218777 : 0.4
0.647323 0.460101 0.931222 -0.920052 -0.188277 -0.0888966 0.356403 0.632697 0.530852 : 0.6
0.628811 0.381315 0.952005 -0.763312 -0.262689 -0.211088 0.225489 0.457224 0.744859 : 0.7
0.602475 0.417818 0.777777 -0.947244 -0.215173 -0.300912 0.198508 0.501857 1 : 0.7
0.66212 0.408398 0.816796 -0.879536 -0.184587 -0.208977 0.368201 0.622228 0.135183 : 0.6
0.632387 0.407143 0.893077 -0.852166 -0.179899 -0.147945 0.34698 -0.353569 -0.0114608 : 0.6
0.576252 0.331692 0.807884 -0.850302 -0.381088 -0.00257111 0.437262 0.857911 -1 : 0.6
0.671016 0.334551 0.780614 -0.670821 -0.454469 0.295395 0.432659 0.160307 -0.784863 : 0.3
0.642839 0.469312 0.923506 -0.823071 -0.283504 -0.0286744 0.759705 0.583914 0.475808 : 0.2
0.618154 0.307117 0.878503 -0.855932 -0.313093 0.121222 0.621518 1 0.747111 : 0.8
0.651106 0.348768 0.903332 -0.894696 -0.106176 -0.0119015 0.214233 0.39736 -0.789696 : 0.1
0.629028 0.532886 0.916041 -0.925356 -0.137086 -0.099199 0.484186 0.586834 0.637075 : 0.6
0.668518 0.397893 0.910011 -0.901552 -0.305318 -0.0744624 0.517618 0.40261 -0.383918 : 0.5
0.204919 0.317289 0.845009 -0.873526 -0.573366 -0.216148 0.572662 0.594136 -0.21772 : 0.3
0.638736 0.264463 0.835311 -0.906276 -0.00796659 0.0406278 0.241086 0.529099 -0.396461 : 0.5
0.661579 0.336652 0.984045 -0.843666 -0.326292 0.0380915 0.483145 0.74762 0.429108 : 0.7
0.712823 0.363311 0.892008 -0.892141 -0.534927 0.032153 0.372991 0.678679 -0.410269 : 0.5
0.676758 0.423765 0.857594 -0.821748 -0.556187 -0.166448 0.1578 0.507101 1 : 0.7
0.606944 0.444641 0.940513 -0.930944 -0.293603 0.336426 -0.0984302 0.203914 -0.209159 : 0.3
0.656315 0.393411 1 -0.98703 -0.217183 -0.0069858 0.251866 0.709596 0.337058 : 0.8
0.671329 0.318297 0.838006 -0.945591 -0.558478 -0.063705 0.483629 0.716618 0.857373 : 0.7
0.679566 0.417096 0.954739 -0.935018 -0.543617 -0.213107 0.0485643 0.603784 0.834769 : 0.6
0.624012 0.419665 0.704874 -0.837 -0.264981 -0.0837217 0.67772 1 0.925817 : 0.2
0.508799 0.494799 0.829841 -0.840016 -0.415696 0.14999 0.00221765 0.351962 0.418868 : 0.6
0.607334 0.368256 0.847551 -0.894934 -0.0294211 -0.0665691 0.356993 0.555509 0.560118 : 0.5
0.682608 0.393979 0.894719 -1 -0.152678 -0.177197 0.351809 0.700329 -0.0165382 : 0.5
0.666116 0.394843 0.716829 -0.850132 -0.541641 0.21859 0.587016 0.985501 0.26995 : 0.5
0.562728 0.391872 0.927329 -0.872047 -0.209582 -0.135583 0.390166 0.314346 -0.14071 : 0.5
0.647051 0.444506 0.99207 -0.935754 0.0626243 -0.0142298 0.34895 0.180164 1 : 0.6
0.6771 0.325246 0.878297 -0.716875 -0.0577327 -0.0756953 0.470775 0.509364 -0.589925 : 0.6
0.706667 0.423861 0.828969 -1 -0.207893 0.0253243 0.227363 0.311659 0.677742 : 0.6
0.526951 0.390146 0.825327 -0.867244 -0.354937 -0.201462 0.382485 0.508914 0.0621017 : 0.4
0.632207 0.395947 0.714533 -0.977747 0.0301811 0.00390548 0.627854 0.306055 -0.610316 : 0.2
0.719685 0.439433 0.993679 -0.864119 -0.325036 -0.0464996 0.544641 0.572045 0.929916 : 0.6
0.656978 0.317859 0.916171 -0.906414 -0.231756 0.000187291 0.413655 0.78614 -0.725248 : 0.6
0.694831 0.456755 0.726629 -1 -0.112694 0.0020081 0.344294 0.312024 0.688933 : 0.7
0.673303 0.506752 0.640681 -1 -0.0722785 0.00115956 -0.0511072 0.559306 0.491385 : 0.5
0.559893 0.444814 0.88838 -0.994395 -0.311492 -0.572518 0.505897 0.417428 0.487126 : 0.6
0.602708 0.407872 0.923203 -0.923336 -0.0283458 -0.107928 0.361968 0.439086 -0.421378 : 0.6
0.715474 0.275784 0.826253 -0.906575 0.276442 -0.145266 0.225604 0.905228 -0.267432 : 0.5
0.611428 0.448196 0.963562 -1 -0.0403053 -0.0246369 0.724661 0.0335374 -0.497553 : 0.7
0.594974 0.366189 0.84088 -0.895769 -0.313261 0.0206475 0.738524 0.809025 -0.0375664 : 0.6
0.667987 0.447826 0.747903 -0.81382 0.0892378 -0.133947 0.0694004 0.76156 -0.780655 : 0.5
0.56384 0.389674 0.888037 -1 -0.353734 0.132854 0.818439 0.357327 0.711931 : 0.6
0.631458 0.396012 0.908403 -0.882231 -0.0268566 -0.0975465 0.462413 0.507045 0.957817 : 0.6
0.595323 0.300808 0.9056 -0.851245 -0.468889 -0.0136399 0.729232 0.96558 0.252515 : 0.5
0.687087 0.252939 0.650793 -0.888968 0.0847597 0.0713703 0.171316 0.238131 0.417974 : 0.7
0.727409 0.418418 0.815392 -0.77561 -0.493167 -0.237293 0.490934 0.891491 0.465803 : 0.1
0.626344 0.349833 0.92094 -0.574596 -0.369248 0.0719412 0.363786 1 1 : 0.6
0.694998 0.494799 0.867717 -0.931583 -0.178946 -0.31753 0.413538 0.743293 -0.265096 : 0.8
0.615697 0.41788 0.957172 -0.933012 0.116398 -0.0312622 0.245032 1 -0.430155 : 0.4
0.640992 0.526918 0.732087 -0.898869 -0.221858 -0.0944047 0.112071 0.471454 0.881618 : 0.4
0.654884 0.36429 1 -0.95894 -0.315422 0.0108921 -0.0397185 0.603991 0.418856 : 0.5
0.758792 0.327891 0.840153 -0.864386 -0.309189 -0.0386185 0.571428 0.97679 0.58089 : 0.7
0.722111 0.543331 0.93746 -0.941485 -0.320562 -0.152647 0.531041 0.427022 -0.274377 : 0.8
0.574633 0.374123 0.874112 -0.664104 -0.276548 -0.0290876 0.408191 0.632267 0.729364 : 0.9
0.637919 0.320618 0.938109 -0.909292 0.0570622 0.00134903 0.197429 0.776451 -0.45524 : 0.4
0.572323 0.415425 1 -0.979332 -0.211911 -0.274272 -0.254833 0.148773 1 : 0.7
0.336794 0.289183 0.876818 -0.934769 -0.0722682 -0.142253 0.378697 0.749179 0.265171 : 0.5
0.539736 0.474028 0.941798 -1 -0.155113 0.540465 0.666391 0.975021 1 : 0.5
0.612649 0.397523 0.942969 -0.887562 -0.851515 -0.0312162 0.903324 0.362599 -0.708934 : 0.8
0.623973 0.449749 0.998133 -0.866239 -0.261708 0.140832 -0.230786 -0.0315753 0.189681 : 0.6
0.64386 0.18308 0.696583 -0.87471 -0.187274 -0.00478635 0.09439 -0.228726 0.779905 : 0.6
0.659856 0.209013 0.734733 -1 0.425344 0.0528295 0.266487 -0.132592 -1 : 0.7
0.691751 0.357066 0.879512 -0.852494 -0.363873 -0.828594 0.232882 0.539362 0.382345 : 0.3
0.673634 0.2268 0.897941 -0.8688 -0.276067 -0.0363357 0.136416 0.52325 0.291071 : 0.4
0.614894 0.35021 0.772178 -0.927547 0.096379 -0.123787 0.63374 0.744357 0.569225 : 0.7
0.322674 0.404113 0.932733 -1 -0.00997098 -0.691893 0.578343 0.393619 -0.394958 : 0.4
0.607007 0.436436 0.886973 -1 -0.296257 -0.218432 0.120422 1 1 : 0.4
0.651971 0.371905 0.722164 -0.811575 -0.440033 -0.0592486 0.0259274 0.386459 -0.743592 : 0.7
0.631265 0.502376 0.924062 -0.894559 -0.200803 -0.300498 0.361073 0.457408 0.964406 : 0.4
0.733749 0.18724 0.737021 -0.95111 -0.558726 -0.109905 0.281526 0.236493 -0.0675497 : 0.7
0.62471 0.38405 0.888734 -1 -0.244654 0.0131179 -0.912199 0.452567 0.403933 : 0.7
0.670615 0.470554 0.822016 -0.487194 -0.126162 0.00218834 -0.0722916 0.429849 1 : 0.6
0.494647 0.44368 0.95742 -0.902961 -0.29034 -0.0664928 0.562251 1 0.959778 : 0.4
0.676946 0.344066 0.781493 -0.783681 -0.136206 -0.00699319 0.52835 0.742785 -0.581247 : 0.4
0.688504 0.238776 0.85143 -0.919848 -0.154556 -0.181289 0.449073 0.459492 0.373501 : 0.6
0.576329 0.433874 0.87351 -0.81408 -0.20163 -0.372112 0.504484 0.941723 -0.750307 : 0.6
0.424464 0.424476 0.778142 -0.906788 -0.177289 -0.120998 0.00464705 0.17158 -0.493094 : 0.3
0.579682 0.48435 0.952811 -0.990312 -0.243741 -0.0206869 0.0388308 0.453558 1 : 0.4
0.645357 0.4721 1 -0.856593 -0.216338 0.0509691 0.83446 0.956443 0.568016 : 0.4
0.605231 0.419779 0.761838 -0.889006 -0.0232024 -0.0339709 0.590068 0.325764 -0.368798 : 0.1
0.557663 0.377999 0.822631 -0.882715 0.0504727 -0.0490293 0.390973 -0.659422 -0.199527 : 0.6
0.622822 0.446433 0.962981 -1 -0.280422 -0.000127196 0.453735 0.410238 0.689313 : 0.7
0.673755 0.487708 0.903323 -0.89663 -0.17575 -0.294429 0.370281 0.611901 -0.181063 : 0.8
0.583604 0.537904 0.777534 -0.960192 -0.250685 -0.182404 0.339483 0.263907 1 : 0.7
0.564487 0.357816 0.837195 -0.888038 -0.54528 0.204016 0.396112 0.72135 0.903881 : 0.6
0.705756 0.380144 0.859692 -0.503976 -0.37757 -0.278822 0.569161 -0.106074 -0.517066 : 0.7
0.661844 0.363775 0.987817 -0.935192 -0.505737 -0.262877 0.878911 1 -0.412652 : 0.7
0.494535 0.104389 0.830329 -0.96479 -0.398671 -0.0608536 0.474468 -0.305687 0.934672 : 0.7
0.685154 0.439338 0.84994 -0.850183 -0.384667 -0.128732 0.522033 0.95282 0.332385 : 0.6
0.685586 0.460306 0.861572 -0.359955 -0.263024 -0.267011 0.534291 1 -0.496337 : 0.6
0.67461 0.426939 0.741178 -0.764179 -0.284717 -0.0847535 0.53672 0.700448 -0.763455 : 0.4
0.673211 0.316754 0.886556 -0.537554 -0.241497 -0.312626 0.552483 0.977069 -0.62672 : 0.4
0.747624 0.522074 0.761957 -0.686242 -0.259816 -0.00335927 0.559551 0.837286 0.707639 : 0.4
0.660951 0.489009 0.820561 -0.906231 -0.126877 0.00673716 0.408867 0.672303 -0.00913473 : 0.5
0.774073 0.602166 0.938664 -0.858413 -0.255063 -0.405842 0.873768 0.572772 0.302098 : 0.4
0.681262 0.397346 0.925693 -0.907322 -0.362079 0.00580251 0.459776 0.591709 -0.507973 : 0.7
0.684383 0.519159 0.916883 -0.913209 -0.167368 -0.0727047 0.705021 0.674024 -0.232943 : 0.5
0.511788 0.389752 0.886481 -0.933363 -0.114694 -0.346143 0.236509 0.507986 -0.791981 : 0.6
0.751892 0.322318 0.839359 -0.809479 -0.228991 0.0386069 0.857782 0.229169 -0.28213 : 0.5
0.632223 0.441497 0.967333 -0.833161 -0.12967 -0.0333996 0.35536 -0.339082 0.398542 : 0.7
0.705306 0.465471 0.961254 -0.80709 -0.255224 -0.0104785 0.808744 0.450975 -0.97178 : 0.4
0.62194 0.424911 0.909972 -0.874971 -0.0718831 -0.0978193 0.252289 0.0938922 -0.789177 : 0.7
0.6307 0.339967 0.930253 -0.815258 0.134793 -0.305547 0.691174 0.602939 0.718508 : 0.8
0.62604 0.471456 0.90701 -0.879859 -0.202244 -0.303129 -0.000257375 0.77521 -0.288144 : 0.8
0.696687 0.431915 0.910298 -0.912346 -0.217174 0.054944 0.53785 0.844156 -1 : 0.3
0.628179 0.424884 0.756246 -0.874697 -0.515204 -0.296109 0.333631 -0.285457 -0.121783 : 0.6
0.683826 0.294824 0.831142 -1 -0.0828976 -0.32091 0.352266 0.456419 -1 : 0.6
0.656791 0.458578 0.741927 -0.734141 -0.0766096 -0.243892 0.365242 0.466949 0.224057 : 0.4
0.71881 0.554193 0.966872 -0.800609 -0.557083 -0.203956 0.561401 0.183256 -0.439653 : 0.6
0.601195 0.324107 0.820138 -0.99777 -0.232406 -0.356087 0.514006 0.568455 1 : 0.8
0.704418 0.271001 0.87507 -0.919858 -0.270758 -0.153875 0.462796 0.781505 1 : 1
0.620267 0.25138 0.723272 -0.9651 -0.336943 0.273676 -0.0888936 0.324423 0.504564 : 0.4
0.630482 0.549097 0.85208 -0.970005 -0.109296 -0.0790894 0.788466 0.404306 -0.910864 : 0.2
0.691042 0.393352 0.880563 -1 0.294378 -0.0114062 0.390963 -0.333537 -0.397728 : 0.6
0.614982 0.361315 0.760324 -0.927909 -0.697313 -0.103846 -0.659814 0.395058 0.350395 : 0.5
0.715911 0.351883 1 -0.940251 -0.24988 0.293323 0.395513 0.306281 0.383169 : 0.6
0.584091 0.430366 0.914141 -0.939569 -0.646691 -0.219473 0.490649 0.0888622 -1 : 0.7
0.513258 0.444065 0.860844 -0.910356 -0.224294 -0.445388 0.132448 0.201919 0.150574 : 0.4
0.591056 0.529665 0.835762 -0.89834 -0.440433 -0.0418288 0.600266 0.843451 -0.567632 : 0.8
0.624758 0.427982 0.90794 -0.925313 0.0059793 -0.0437742 0.22989 1 0.880428 : 0.6
0.602986 0.504885 0.80392 -0.844398 -0.140714 -0.429314 -0.225793 0.793889 0.718586 : 0.6
0.612373 0.503137 0.894632 -0.914082 -0.146943 -0.0862034 1 1 0.148188 : 0.7
0.614261 0.360245 0.869702 -0.738466 0.278205 -0.0510215 0.854444 0.378832 0.0651546 : 0.6
0.716448 0.388385 0.928528 -0.819981 -0.108131 0.000419371 0.310119 0.710885 -0.581305 : 0.3
0.661889 0.412877 0.910548 -0.881736 -0.0853415 -0.278796 0.153576 0.0161752 0.453786 : 0.4
0.645324 0.415941 0.711881 -0.899923 -0.0477685 -0.533811 0.800588 0.539381 0.155808 : 0.8
0.672183 0.373816 0.711912 -0.801449 0.196714 0.011672 0.302651 0.780726 0.451573 : 0.7
0.693582 0.410614 0.92968 -0.794313 0.0306548 -0.0650552 0.702905 0.458167 0.689575 : 0.3
0.657754 0.51327 1 -0.942131 -0.367592 -0.11264 1 0.73721 0.777043 : 0.6
0.701638 0.43055 0.882196 -0.879917 -0.2219 0.0555641 -0.137694 0.325567 0.754463 : 0.9
0.643826 0.355641 0.932839 -1 0.214299 0.0153452 0.360472 0.0578869 0.478887 : 0.4
0.586627 0.361362 0.913889 -0.888884 -0.498585 -0.0735235 0.0468801 0.994769 0.971238 : 0.4
0.636508 0.429418 0.916224 -0.983372 -0.180836 -0.169272 0.0204474 0.241652 -0.0444951 : 0.6
0.624458 0.518211 0.906584 -0.862021 -0.525136 -0.0384799 0.53199 0.734993 -0.238205 : 0.7
0.633756 0.415528 0.950352 -0.895512 -0.175593 -0.0504324 0.236951 0.489058 0.567391 : 0.6
0.594716 0.361457 0.963198 -0.953491 0.133604 0.0369704 0.243858 0.51577 0.219261 : 0.5
0.568964 0.356147 0.721593 -0.334572 -0.419274 0.0279004 0.462556 0.892238 -0.0710149 : 0.6
0.691282 0.368604 0.983227 -0.912191 -0.385512 -0.339113 0.686374 0.682434 -0.779491 : 0.9
0.770546 0.558809 0.801053 -0.885748 -0.436828 -0.0224365 0.60627 0.452855 0.997639 : 0.6
0.55525 0.443864 0.989516 -0.901756 -0.236299 0.00259973 0.198546 -0.00308985 0.662614 : 0.7
0.718943 0.392751 0.748683 0.0159801 -0.264915 -0.190995 0.539152 0.525038 -1 : 0.8
0.601742 0.280361 0.920988 -0.949731 -0.506991 -0.185813 0.644775 0.410655 -0.80437 : 0.8
0.706162 0.266311 0.656907 -0.986631 -0.176109 -0.120626 0.137384 0.103309 0.622932 : 0.4
0.621698 0.337442 0.727684 -0.885453 -0.247349 0.179426 0.482419 -0.736039 -0.522565 : 0.3
0.690327 0.171912 0.887334 -0.829522 -0.282996 -0.0818606 0.628639 0.457466 -0.401794 : 0.6
0.619113 0.344021 0.9209 -0.981464 -0.177533 0.546635 0.47453 0.565545 0.792554 : 0.2
0.60748 0.365736 0.869908 -0.859643 -0.350902 -0.0687048 0.600353 0.811098 -0.729933 : 0.6
0.769211 0.533889 0.772736 -0.842385 -0.287782 -1 0.42308 0.768197 -0.31308 : 0.5
0.720367 0.373851 0.743176 -0.901089 -0.206607 0.603892 0.315266 -0.698884 -1 : 0.5
0.387865 0.287893 0.803939 -0.933452 -0.0865616 -0.261184 0.421395 0.696726 0.200609 : 0.3
0.610193 0.493177 0.97807 -0.920893 -0.259869 -0.229675 0.332678 -0.095692 -1 : 0.7
0.769272 0.485174 0.926649 -1 -0.323155 0.0343369 -0.133506 0.133411 -0.232748 : 0.7
0.652582 0.145683 0.856676 -0.918695 -0.389915 0.17825 0.402271 0.199257 0.601245 : 0.5
0.651242 0.528085 0.887098 -1 -0.190926 -0.0152444 -0.994076 0.498681 0.365409 : 0.4
0.611417 0.452301 0.88042 -0.995894 -0.578379 -0.256468 0.202786 -0.535749 0.773375 : 0.1
0.63313 0.568701 0.733109 -0.897133 -0.263032 0.106148 0.0914654 0.133421 -0.180769 : 0.7
0.609215 0.519959 0.931958 -0.921402 -0.0764141 -0.0650835 0.347878 1 -0.278891 : 0.3
0.576122 0.39971 0.719623 -0.889287 -0.260524 0.0997361 0.367948 0.135243 0.366396 : 0.8
0.672244 0.324887 0.922057 -0.904914 -0.366588 -0.0317348 0.364148 0.261804 0.39577 : 0.4
0.647035 0.359117 0.664311 -0.800299 -0.356853 -0.296831 0.344211 -0.87814 -0.443603 : 0.4
