0.550212 0.393712 0.899171 -1 -0.48537 -0.06547 0.730243 0.474532 -0.370552 : 0.5
0.661008 0.496063 0.847248 -0.919418 -0.764299 -0.649168 0.168231 0.735178 -0.647606 : 0.7
0.619616 0.378929 0.870718 -0.977146 -0.24244 -0.243481 0.479758 0.980106 1 : 0.7
0.658054 0.379133 0.919413 -0.875273 -0.293389 -0.153655 0.526283 0.366576 -0.331045 : 0.3
0.607263 0.257199 0.922834 -0.778274 -0.0760946 -0.387079 0.569848 0.298097 0.777427 : 0.7
0.600511 0.352448 0.862879 -0.931095 -0.479278 0.0154941 0.817776 0.375588 -0.87765 : 0.4
0.654137 0.581122 0.904421 -0.884476 -0.208737 0.0377064 -0.325411 0.532708 -0.470499 : 0.6
0.596942 0.415712 0.840456 -0.910714 -0.399878 0.0395334 0.523425 0.905468 0.0269489 : 0.7
0.696092 0.580968 0.985806 -0.940054 -0.400002 -0.427959 0.528002 0.391204 -0.290858 : 0.8
0.673093 0.392098 0.856037 -0.829042 -0.219294 -0.0175787 0.353899 -0.0286436 -0.0679384 : 0.5
0.674839 0.394136 0.960613 -0.930189 -0.195117 0.271443 0.115302 0.274136 -0.855957 : 0.6
0.629417 0.498385 0.912962 -0.832008 -0.196048 -0.321325 0.389908 -0.265374 -0.00949851 : 0.6
0.671695 0.201306 0.854189 -0.970195 -0.0029117 -0.12281 0.446185 0.459428 0.292742 : 0.8
0.576455 0.337807 0.963873 -0.67988 -0.261648 -0.0121422 0.449713 0.577279 0.471598 : 0.2
0.715647 0.374869 0.739569 -0.645871 -0.34941 -0.192615 0.623686 0.350451 0.842185 : 0.6
0.652037 0.354845 1 -0.904379 0.0260475 -0.0358374 0.75584 0.223471 0.102916 : 0.5
0.565924 0.335808 0.937786 -0.83051 -0.491052 -0.316787 0.586696 0.344037 -0.743253 : 0.6
0.583 0.256483 0.910605 -0.883588 -0.355057 -0.0729112 0.685312 0.0991214 0.118818 : 0.4
0.430466 0.416753 0.812653 -0.912427 0.136522 -0.0921515 0.163582 0.213764 -0.00947642 : 0.3
0.560379 0.511121 0.801511 -0.917917 -0.179895 -0.101057 0.901669 0.056132 -0.185298 : 0.8
0.624426 0.372188 0.957549 -0.904625 -0.486552 -0.0345218 0.15701 0.371496 0.666704 : 0.4
0.738221 0.368308 0.912556 -1 -0.340709 0.120115 0.473496 0.420807 1 : 0.6
0.684483 0.491349 0.844247 -0.806777 -0.110496 -0.149923 0.350317 0.5721 0.596491 : 0.6
0.625406 0.340545 0.906045 -0.993861 -0.139266 -0.0808149 0.210792 0.561716 0.239135 : 0.4
0.718356 0.287071 0.708419 -0.689374 -0.111758 0.211448 0.371637 0.315403 0.564206 : 0.5
0.762612 0.506045 0.861393 -0.660465 -0.195332 -0.00773393 0.0450278 0.234787 0.459309 : 0.2
0.642892 0.255565 0.974277 -1 -0.500595 -0.247872 0.0114567 1 0.775837 : 0.6
0.644778 0.374244 0.841439 -0.91471 -0.312306 -0.156757 0.127254 0.84678 0.2683 : 0.3
0.745458 0.423681 0.9241 -0.837096 -0.390562 -0.0794695 0.335672 0.711426 0.175584 : 0.2
0.611377 0.450568 0.670893 -0.994639 -0.232722 -0.0395808 0.560159 0.413903 -0.782765 : 0.2
0.67053 0.387688 0.840801 -0.895173 -0.337508 -0.0720696 0.887118 0.657675 -0.123697 : 0.6
0.703975 0.29961 0.997353 -0.963501 -0.17231 -0.105717 0.510492 0.41895 -0.483185 : 0.6
0.641196 0.322765 1 -0.894654 -0.237557 -0.025004 0.327163 0.700014 0.477965 : 0.7
0.73487 0.298017 1 -0.541689 -0.0697299 -0.0460623 0.32344 0.437074 0.56826 : 0.6
0.609844 0.522269 0.859138 -0.943177 0.0681753 -0.0491153 0.904784 0.430679 -0.78878 : 0.7
0.633163 0.379993 0.937807 -0.911122 -0.0708763 -0.115557 0.34402 0.489372 -0.975162 : 0.8
0.626441 0.462175 0.901357 -0.98917 -0.351182 0.0186817 0.725542 0.99894 -0.544042 : 0.7
0.596428 0.392173 0.890711 -0.982901 -0.094969 -0.09346 0.308819 0.617566 -0.41097 : 0.5
0.617292 0.380336 0.809194 -0.896162 -0.276101 0.118996 0.54393 -0.734212 0.131348 : 0.7
0.657596 0.343268 0.905531 -0.849418 -0.479953 -0.131218 0.473638 0.387258 -0.594967 : 0.5
0.667894 0.338861 1 -0.930094 0.0508434 0.062919 0.863944 0.49393 0.447414 : 0.7
0.68981 0.346062 0.91966 -0.97761 -0.689388 -0.0108781 0.284513 0.785349 -0.0520763 : 0.8
0.653152 0.318941 0.839777 -0.958863 -0.447529 -0.602772 0.0377626 0.256536 -0.271344 : 0.7
0.635538 0.422575 0.900197 -0.898501 -0.393828 -0.144856 0.171931 1 -0.214886 : 0.7
0.613841 0.308765 0.960539 -0.953487 -0.842753 -0.0282492 1 0.187726 -0.336782 : 0.2
0.662735 0.434462 0.87875 -0.952743 -0.655385 -0.213101 0.645126 0.242882 -0.171026 : 0.7
0.583095 0.407498 0.755876 -0.985924 -0.255648 -0.0312787 0.411032 0.465425 0.128684 : 0.7
0.605736 0.341234 0.941815 -0.873775 -0.303226 -0.0735791 0.295012 0.611481 -0.565319 : 0.8
0.636664 0.479986 0.991715 -0.899461 -0.283039 -0.0434016 0.32609 0.451622 0.461127 : 0.3
0.700609 0.425833 0.993455 -0.889608 -0.0153084 -0.254922 0.17068 0.102571 -1 : 0.4
0.631296 0.397562 0.698819 -0.941602 -0.969004 -0.0393904 0.812249 0.353065 -0.743872 : 0.7
0.641857 0.439732 0.960272 -0.987684 -0.038678 0.225411 0.641584 0.0300378 -0.78072 : 0.3
0.642971 0.244434 0.924719 -0.962366 -0.0828246 0.196901 0.363556 0.128818 0.300376 : 0.3
0.621765 0.390129 0.947198 -0.903547 0.190413 0.145689 0.262917 1 -0.664506 : 0.8
0.642096 0.402556 0.890595 -0.934801 -0.186717 0.0611287 0.419704 -0.00295174 -0.690926 : 0.2
0.709557 0.193242 1 -0.96926 -0.30516 0.334227 0.0673723 0.978052 0.58415 : 0.5
0.673744 0.361386 0.648182 -0.911121 0.0431083 6.74501e-05 0.405352 0.193065 0.831727 : 0.5
0.677127 0.370433 1 -0.978813 -0.0763375 -0.00647719 0.460508 0.862204 0.152671 : 0.6
0.651671 0.362412 0.675426 -0.746845 -0.314296 0.684201 0.388064 0.257407 -0.986777 : 0.7
0.660831 0.3897 0.840356 -0.906659 0.467501 0.467706 0.461166 0.300371 0.250238 : 0.6
0.628593 0.0332462 0.808255 -0.874402 -0.388678 -0.079988 0.779128 0.91003 0.432725 : 0.6
0.724728 0.52185 0.93741 -0.942735 -0.206265 0.0344115 0.49907 1 0.123432 : 0.7
0.689789 0.404838 0.745389 -1 -0.0966663 0.155756 0.651681 0.513822 -0.596598 : 0.7
0.626635 0.38486 0.95304 -0.897483 -0.32434 -0.0579982 0.385369 0.346849 0.231467 : 0.6
0.640073 0.366564 0.892326 -0.890972 -0.27803 0.0477737 0.782726 0.614575 -1 : 0.7
0.703843 0.370428 0.701295 -0.982604 -0.396078 0.0289844 0.325143 0.871781 -0.214197 : 0.7
0.674591 0.395596 0.926646 -0.870628 -0.49571 -0.0842871 0.26478 0.186047 -0.519602 : 0.7
0.661627 0.348171 0.934263 -1 -0.562885 0.357672 0.451529 0.289818 1 : 0.7
0.645821 0.435362 0.972912 -0.942313 -0.200597 0.0784622 0.147131 0.537466 0.978592 : 0.3
0.657335 0.386728 0.823847 -0.835755 -0.323048 -0.0766944 0.449486 0.456038 0.0335402 : 0.4
0.601959 0.468817 0.833202 -0.894119 -0.420353 0.0140518 0.672036 0.751679 0.286544 : 0.2
0.582044 0.403672 0.873838 -0.885786 -0.170943 -0.0634337 0.365536 -0.339268 0.409937 : 0.5
0.652336 0.483097 0.725526 -0.816772 -0.305331 -0.40682 1 0.531609 0.291257 : 0.3
0.619451 0.0620493 0.739641 -0.858842 -0.273657 -0.0832804 0.315738 0.153777 1 : 0.7
0.517327 0.445207 0.938882 -0.71661 -0.108992 -0.278866 0.604242 0.70619 0.568964 : 0.6
0.595721 1 0.929934 -1 0.114061 -0.0282984 0.369933 -0.634745 0.721213 : 0.6
0.547807 0.229048 0.927438 -0.563202 -0.373462 -0.256307 0.439853 0.417467 -0.510355 : 0.4
0.618466 0.459117 0.898148 -0.851816 -0.262797 -0.403021 0.224966 0.727342 0.319758 : 0.8
0.71433 0.407455 0.936483 -0.903758 -0.175488 -0.231683 0.0657189 0.91628 -0.0550915 : 0.4
0.718784 0.360713 0.954766 -0.969285 -0.134835 -0.0194923 0.561918 0.469026 -0.835749 : 0.6
0.576157 0.399516 0.907777 -0.881263 -0.370629 -0.324799 0.195158 0.324586 -0.848527 : 0.8
0.692199 0.321788 0.950222 -0.951256 -0.27484 0.0269822 0.907513 0.866843 1 : 0.6
0.6202 0.352485 0.883116 -0.903823 0.0263848 -0.0168949 0.139765 0.349048 -1 : 0.2
0.693582 0.410614 0.92968 -0.794313 0.0306548 -0.0650552 0.702905 0.458167 0.689575 : 0.3
0.580241 0.428605 0.903161 -0.975916 -0.20538 -0.30487 -0.229922 0.167429 1 : 0.8
0.691998 0.350916 0.946213 -0.639176 -0.336513 0.35856 0.0230838 -0.989167 0.175942 : 0.8
0.6525 0.480016 1 -0.893175 -0.317629 -0.0215921 0.499251 0.767899 0.758869 : 0.9
0.648262 0.334683 0.787807 -0.982131 0.175303 0.403781 0.596139 0.548124 -0.0150737 : 0.5
0.589651 0.294399 0.847584 -0.894715 -0.476397 -0.0393658 0.346434 0.987486 -0.439033 : 0.8
0.692303 0.450208 0.872568 -0.860766 -0.101153 -0.0795454 0.669683 -0.31454 0.737352 : 0.4
0.60701 0.22549 0.882807 -0.919843 -0.359071 -0.322663 0.340941 0.295372 0.49408 : 0.4
0.626522 0.452945 0.923981 -0.936581 -0.329694 -0.0443264 0.370722 0.439273 0.0568931 : 0.8
0.663388 0.27617 0.937849 -0.844966 -0.6326 -0.471005 0.404208 1 -0.677992 : 0.7
0.773146 0.421586 0.776608 -0.775716 -0.445002 -0.101191 0.685786 0.77135 0.453148 : 0.8
0.605271 0.514055 0.833236 -0.987067 -0.483578 0.464339 0.660181 0.12151 0.212278 : 0.4
0.620188 0.543765 0.890472 -0.741646 0.0472299 -0.00263438 0.29289 0.417076 0.0690494 : 0.5
0.649174 0.373638 1 -0.824975 -0.226492 -0.0177038 0.4065 1 -0.73385 : 0.6
0.665023 0.427396 0.707996 -0.735726 -0.328395 -0.0849096 0.776863 0.157565 -0.230351 : 0.8
0.6628 0.344505 0.996578 -0.880995 -0.450423 -0.00680579 0.452721 0.424721 0.48768 : 0.7
0.6599 0.34964 0.929403 -0.94105 -0.11861 -0.229046 0.823413 0.402871 -0.798815 : 0.4
0.565663 0.415427 0.94346 -0.326975 -0.257793 -0.167535 -0.104203 0.0181002 -0.148691 : 0.6
0.636419 0.33378 0.864974 -0.939336 -0.428389 0.0925934 0.73647 0.768375 0.672839 : 0.4
0.578855 0.356701 0.872999 -0.873979 -0.308829 0.0686202 0.553801 0.131164 -0.253774 : 0.9
0.612823 0.397358 0.867216 -0.810444 -0.157642 0.330139 0.272237 0.395387 0.0476158 : 0.5
0.659566 0.429598 0.910658 -0.911518 -0.0381413 0.00836565 0.680495 0.923747 -0.55051 : 0.6
0.609688 0.329132 0.889974 -0.868901 -0.176793 0.332083 0.16361 0.624538 1 : 0.5
0.639794 0.311202 1 -0.810924 -0.525126 0.269143 0.0264619 0.575115 -1 : 0.6
0.644941 0.454899 0.91655 -0.788392 -0.181187 0.0887582 0.342109 -0.360755 0.973145 : 0.8
0.656004 0.423177 1 -0.718832 -0.234106 -0.0860014 0.352917 0.322407 -0.492631 : 0.5
0.715695 0.463317 0.872611 -1 -0.0858408 -0.0514226 0.643116 0.411423 -0.309449 : 0.8
0.667686 0.401482 1 -0.909686 -0.354526 0.186954 0.249838 0.191651 0.501875 : 0.3
0.67975 0.263189 0.832943 -0.87445 -0.236028 -0.109493 -0.177733 0.527253 0.850879 : 0.7
0.726575 0.521905 0.946928 -0.820529 -0.237798 0.156425 0.391555 0.688244 0.230021 : 0.8
0.57759 0.418645 0.877772 -1 -0.210319 -0.28868 -0.360592 0.114404 -0.660505 : 0.7
0.652196 0.435485 0.947569 -0.921516 -0.324284 -0.0272502 0.0478615 0.286614 0.794436 : 0.9
0.655237 0.37008 0.936598 -0.967601 -0.0904685 -0.0569353 0.305614 0.0661041 1 : 0.4
0.668684 0.338155 0.994774 -0.80576 -0.490731 0.0107421 0.312666 0.544637 0.635655 : 0.8
0.662329 0.376543 1 -0.854587 -0.200726 -0.0435403 0.519033 0.811931 0.337918 : 0.8
0.626942 0.452928 0.926903 -0.842393 -0.158245 -0.00571923 0.791569 0.774609 -1 : 0.5
0.621694 0.448272 0.990546 -0.917622 -0.194254 -0.125146 0.0473053 0.0514236 -0.742342 : 0.4
0.662976 0.314683 1 -0.856241 -0.467205 0.101084 0.632787 0.430711 0.17133 : 0.6
0.604792 0.413757 0.850912 -0.859633 -0.132185 -0.0672897 0.680817 -0.954927 0.565918 : 0.6
0.535323 0.531597 0.835664 -0.395603 -0.347994 -0.0692329 0.626943 0.990742 0.299305 : 0.3
0.621303 0.319797 0.904809 -0.911526 -0.313976 0.112641 0.546988 1 0.654856 : 0.5
0.661001 0.278444 0.784186 -0.872756 -0.249694 0.127084 0.354654 -0.732533 -0.161333 : 0
0.660669 0.485889 0.731039 -0.944586 -0.326943 -0.0541954 0.345115 1 0.757317 : 0.3
0.627189 0.331815 0.854065 -0.792576 -0.146138 -0.0185436 0.454064 0.810447 -0.00358284 : 0.4
0.564945 0.310128 0.873219 -0.879975 -0.372822 0.470954 0.405835 0.440911 1 : 0.5
0.674116 0.456463 0.86981 -0.572091 -0.194347 -0.144148 0.367808 0.551372 0.730659 : 0.6
0.626991 0.286539 0.915257 -0.890869 -0.583981 -0.035132 0.656192 0.152849 -1 : 0.5
0.757147 0.367341 0.908926 -0.840602 0.0307212 0.0359927 0.397735 0.436838 0.98517 : 0.5
0.642663 0.420828 0.897011 -0.926982 -0.209294 -0.45927 0.309613 0.890582 -0.348693 : 0.7
0.649543 0.390424 0.889753 -0.309721 -0.290919 -0.195494 0.499221 0.318335 -0.377575 : 0.5
0.679155 0.41371 0.946006 -0.993166 -0.279841 -0.0340104 0.563007 0.3942 0.658925 : 0.6
0.6594 0.325496 0.699334 -0.874538 -0.086771 0.498647 0.52325 0.9948 0.268761 : 0.7
0.604765 0.131322 0.904915 -0.782405 -0.464242 -0.281337 0.270571 0.326758 0.0386588 : 0.8
0.67301 0.594447 0.875687 -0.876735 -0.229199 -0.236042 0.428781 0.609646 -0.00478138 : 0.7
0.560908 0.298393 0.841034 -1 -0.229928 -0.00347325 0.578006 0.0498277 0.637403 : 0.7
0.654986 0.397154 0.936699 -0.914951 -0.326456 -0.073583 0.500692 0.708824 0.0794523 : 0.5
0.662275 0.398632 0.911702 -0.907453 -0.0940554 0.216864 0.866998 0.657197 0.233495 : 0.4
0.686298 0.314695 0.802153 -0.850311 -0.291632 -0.0753295 0.449027 0.996298 0.960599 : 0.5
0.640599 0.33348 0.886834 -0.87738 -0.245174 0.0402125 0.59917 0.287771 -0.241902 : 0.7
0.636733 0.552662 0.893356 -0.895679 -0.335145 -0.0325874 0.599347 0.77276 -0.127371 : 0.7
0.673857 0.421125 0.913497 -0.894108 0.0627168 -0.107795 0.261135 1 -0.0127611 : 0.7
0.688094 0.372913 0.937076 -0.909093 -0.10868 0.00252937 0.295264 0.383184 -0.671579 : 0.4
0.604023 0.422497 0.799989 -0.984863 -0.307034 -0.0331605 0.547401 0.543112 0.294346 : 0.2
0.680338 0.390849 0.7751 -0.88174 -0.299632 -0.128399 0.537174 0.722595 -0.788591 : 0.6
0.611283 0.377197 0.893268 -0.935762 -0.388689 0.0553661 0.489845 0.607074 1 : 0.5
0.618206 0.151547 0.919338 -0.943706 -0.319086 -0.073919 1 0.332188 -1 : 0.6
0.67837 0.516105 0.945805 -0.79484 -0.312699 -0.694592 0.49755 1 0.282187 : 0.3
0.655953 0.500117 0.927824 -0.865771 -0.549004 -0.214711 0.530607 0.447591 -0.241827 : 0.7
0.584759 0.400652 0.774766 -0.85929 -0.0367804 0.290497 0.335569 0.387412 0.0216508 : 0.5
0.682969 0.45875 0.820471 -0.877296 -0.403314 0.272025 0.286114 0.487296 1 : 0.5
0.472992 0.412261 0.850746 -0.861667 -0.372093 0.00571197 0.532286 0.35009 0.661462 : 0.6
0.696612 0.424352 0.737385 -0.833492 -0.204025 -0.096398 0.554002 0.529446 -0.308775 : 0.6
0.691184 0.350189 0.958928 -1 -1 -0.396721 0.186546 0.149041 -0.866665 : 0.7
0.646998 0.371156 0.904303 -1 -0.470521 -0.00513503 0.331253 0.430725 -0.657395 : 0.4
0.674371 0.489173 0.907244 -0.780398 -0.316275 0.169488 0.46354 0.441693 -0.41331 : 0.7
0.599472 0.416203 0.882692 -0.906752 -0.479047 -0.0594907 -0.0546922 0.679955 0.999097 : 0.6
0.612557 0.308366 0.924972 -0.888103 -0.280949 -0.0639218 0.283494 0.284766 0.662714 : 0.6
0.578762 0.33016 0.916904 -0.905539 0.092729 -0.279774 0.567543 0.0916758 -1 : 0.8
0.638533 0.462942 0.927003 -0.89113 -0.0754651 -0.0147124 0.325948 1 0.626778 : 0.5
0.629042 0.44554 0.970759 -0.912203 -0.293572 -0.0311626 0.81586 0.649678 0.420953 : 0.8
0.603064 0.437671 0.888199 -0.880363 -0.309205 -0.317503 0.325277 0.276335 -0.877205 : 0.5
0.529878 0.408217 0.993525 -0.963793 -0.0811706 -0.237436 0.504064 0.493512 0.66768 : 0.3
0.653723 0.338415 0.516925 -0.836339 -0.22966 -0.39897 0.563076 0.458894 0.227258 : 0.5
0.506599 0.467648 0.977667 -0.926672 -0.365806 -0.61965 0.304429 0.477803 0.12727 : 0.7
0.634729 0.443856 0.794845 -0.867768 -0.0795207 0.322403 0.576251 0.0967178 0.470838 : 0.6
0.716427 0.233994 0.813382 -0.836425 -0.252597 -0.140689 0.50098 0.882212 0.707322 : 0.6
0.59214 0.369068 0.872995 -0.873304 0.337504 -0.0387851 0.367362 0.545729 1 : 0.6
0.609028 0.329001 0.922186 -0.918574 -0.229941 -0.0335052 0.465081 0.568942 0.693586 : 0.7
0.667691 0.452254 0.920862 -0.878376 0.0312659 -0.37305 0.131615 0.505679 -0.23586 : 0.6
0.657282 0.602366 0.920704 -0.885498 -0.112835 -0.179381 0.546468 0.859837 0.277267 : 0.5
0.733656 0.389433 0.994793 0.407895 -0.10033 -0.191049 0.460645 0.509697 -0.312574 : 0.4
0.602192 0.404169 0.911836 -0.740341 -0.057647 -0.125652 0.218673 0.166986 -0.0214496 : 0.7
0.681149 0.425512 0.826316 -0.931419 0.553199 0.232808 0.161782 0.212954 1 : 0.5
0.565555 0.231761 0.879371 -0.879332 -0.374166 -0.287805 0.335371 0.296286 0.403581 : 0.4
0.699827 0.411569 0.858432 -0.776832 -0.1342 -0.0274555 0.33818 0.471824 0.617682 : 0.3
0.685285 0.278511 0.852113 -0.917917 -0.0759179 0.102675 0.329988 0.441631 0.313334 : 0.6
0.64458 0.372214 0.857536 -0.589501 -0.0615788 -0.0608627 0.23793 0.27319 0.465392 : 0.7
0.678447 0.404833 0.978756 -0.869478 -0.205852 -0.0273433 0.679061 1 -1 : 0.7
0.674235 0.441238 0.984509 -0.717433 -0.277359 0.143789 0.33886 0.410109 -0.51603 : 0.7
0.629667 0.354874 0.951623 -0.896876 -0.0244458 -0.0344743 0.195896 1 -0.562593 : 0.7
0.595466 0.326202 0.932663 -0.832509 -0.506701 0.00914901 0.410264 0.497304 0.410042 : 0.7
0.690875 0.509327 0.873956 -0.891475 -0.245309 -0.0125073 0.918958 0.805056 0.338182 : 0.3
0.63375 0.372367 0.934961 -0.865645 -0.10789 0.00168184 0.201171 0.630563 -0.61934 : 0.1
0.549944 0.402549 0.781301 -0.848063 -0.279987 0.0736519 0.689769 0.851304 -0.101876 : 0.6
0.612003 0.34322 0.867307 -1 -0.163184 -0.197951 0.772416 0.0912541 0.789329 : 0.6
0.738997 0.312454 0.844088 -0.812061 -0.260243 0.0108663 0.534159 0.461513 -0.248199 : 0.7
0.604667 0.487279 0.872585 -0.89765 -0.0962215 -0.191919 0.18889 0.396119 -0.79825 : 0.5
0.650603 0.371952 0.832075 -0.595507 -0.273603 0.133525 0.534356 0.00801319 0.00198821 : 0.8
0.657835 0.373986 0.929935 -0.913157 -0.241037 -0.100792 0.502824 0.26177 0.99823 : 0.5
0.627919 0.410543 0.936273 -1 -0.0642152 0.101055 0.448353 0.547047 0.333827 : 0.7
0.708367 0.357325 0.93413 -0.822423 -0.431348 -0.293954 0.0836726 0.354022 0.0563357 : 0.6
0.534155 0.336908 0.824466 -0.941447 -0.107694 -0.503887 0.779245 0.201571 0.42746 : 0.8
0.626441 0.398338 0.832014 -0.859273 -0.409414 -0.181776 0.30132 0.069531 0.431186 : 0.8
0.623682 0.383986 0.942014 -0.871145 0.230636 -0.190844 0.383709 0.0167403 1 : 0.5
0.641524 0.424454 0.790208 -0.90121 -0.435287 -0.0894892 0.386617 0.0683029 0.163416 : 0.6
0.729562 0.316053 0.890084 -0.837415 -0.688976 -0.197486 0.384804 0.21501 0.311672 : 0.6
0.760147 0.541083 0.852062 -0.923585 -0.0574748 -0.0672023 0.0589269 0.159035 -1 : 0.5
0.602909 0.376052 0.87801 -0.911881 -0.161169 -0.0894809 0.667266 0.535617 0.0943306 : 0.4
0.62187 0.379471 0.840122 -0.885112 0.0203291 -0.312331 0.0153627 0.506761 -0.692599 : 0.7
0.706457 0.361068 1 -0.84503 -0.257363 -0.425337 0.480888 0.24647 -0.751167 : 0.5
0.673698 0.362618 0.884903 -0.746379 -0.108223 -0.0413514 0.41506 0.694282 -0.796041 : 0.7
0.736849 0.512174 0.623815 -1 -0.33367 -0.260385 0.602231 1 1 : 0.5
0.658856 0.339258 0.911023 -0.740991 -0.0219904 -0.0600842 0.166073 0.655736 -0.621673 : 0.6
0.630517 0.428414 0.851772 -0.878547 -0.921835 -0.0623219 0.846975 0.356851 -0.457326 : 0.6
0.686384 0.389877 0.837638 0.286401 -0.241533 -0.126825 0.533108 0.651379 -0.0339736 : 0.6
0.604421 0.317997 0.945801 -0.94061 -0.504077 -0.119491 0.295498 0.954512 0.744118 : 0.5
0.622865 0.392161 0.920806 -0.897801 0.0325048 -0.041079 0.291928 0.534381 0.701187 : 0.4
0.769559 0.387151 0.898985 -0.772258 -0.315806 0.0897301 0.441046 -0.0151224 -0.356482 : 0.6
0.672902 0.39355 0.992904 -0.907684 -0.173912 0.136184 -0.174094 0.538393 -0.525227 : 0.5
0.61687 0.276377 0.821696 -0.960669 -0.71615 -0.254271 0.30471 0.752111 -0.986687 : 0.7
0.691442 0.425552 0.880209 -0.88698 -0.374185 -0.29276 0.520165 0.545781 0.0868442 : 0.3
0.668375 0.345851 0.983604 -0.670537 -0.433549 0.0598018 0.0714272 0.434426 0.0257477 : 0.6
0.667056 0.413429 0.838296 -0.852862 -0.350375 -0.156985 0.446629 1 -0.117263 : 0.5
0.682596 0.236881 0.937697 -0.946886 -0.25456 0.0426461 0.306708 0.221875 0.669389 : 0.6
0.604969 0.429567 0.850736 -0.908277 -0.180626 -0.095894 -0.0268601 0.149954 0.856385 : 0.7
0.690449 0.431257 0.764284 -0.902543 -0.047369 0.0675837 0.773536 0.0398856 0.386772 : 0.7
0.537993 0.496677 0.823548 -0.774607 -0.307601 -0.119126 0.50979 0.533844 0.256339 : 0.3
0.672951 0.173558 0.78251 -0.924527 -0.167634 -0.0602209 0.36225 0.496736 0.754864 : 0.6
0.633799 0.571584 0.780203 -0.787358 0.00330797 0.0816239 0.137761 0.149624 -0.230084 : 0.6
0.69704 0.396048 0.895221 -0.837529 -0.51554 -0.00603566 0.263537 0.504769 -1 : 0.6
0.696356 0.325765 0.737827 -0.893085 -0.697385 -0.00909699 0.361512 0.00373958 -0.829055 : 0.8
0.673303 0.506752 0.640681 -1 -0.0722785 0.00115956 -0.0511072 0.559306 0.491385 : 0.5
0.620278 0.390121 0.716303 -0.992658 -0.00316283 -0.000926003 0.42163 0.471571 0.174416 : 0.4
0.595646 0.507169 0.78177 -1 -0.118472 -0.0995063 0.322941 0.653592 0.552736 : 0.6
0.506753 0.396213 0.978286 -0.898119 -0.20494 0.0778229 0.560349 0.130268 -0.320558 : 0.8
0.665924 0.38315 0.944206 -0.855649 -0.0529866 0.0388631 0.683327 0.393958 -0.450922 : 0.6
0.680789 0.400142 0.923639 -0.733079 -0.296386 -0.461018 -0.206559 0.666531 -0.207012 : 0.8
0.651617 0.493507 0.560567 -0.960807 -0.0750983 0.224766 0.11761 0.666612 0.491849 : 0.5
0.69269 0.529555 0.840197 -0.850314 -0.187664 -0.856995 0.163679 0.359308 -0.181594 : 0.6
0.621682 0.319782 0.719334 -0.917929 -0.44929 -0.0924597 0.530938 0.277062 -0.195667 : 0.6
0.685369 0.540567 0.878563 -0.586674 -0.253541 -0.243236 -0.33791 0.467931 -0.244074 : 0.6
0.6347 0.538685 0.956301 -0.9329 -0.103819 -0.143679 0.704335 0.0644001 0.480442 : 0.4
0.584579 0.40147 0.785822 -0.894528 -0.157887 -0.0998614 0.319253 0.397846 -0.0644334 : 0.3
0.718606 0.400965 0.689755 -0.240463 -0.21703 0.013808 0.569203 0.622439 -0.512586 : 0.5
0.606143 0.374128 0.925413 -0.9036 -0.310941 0.0399719 0.58571 0.782078 0.372396 : 0.4
0.654706 0.329467 0.989136 -0.788449 -0.451581 0.246835 0.111567 0.355091 -0.781651 : 0.6
0.655695 0.584246 0.939082 -0.865238 -0.142917 -0.274065 0.276786 0.415795 0.170627 : 0.8
0.683915 0.51761 0.578392 -0.920693 -0.148945 -0.0695827 -0.0930074 0.0630163 0.753859 : 0.7
0.574493 0.211 0.87929 -0.90359 -0.337514 0.0198913 0.338207 0.876575 0.667281 : 0.3
0.597745 0.380446 0.940218 -0.894057 -0.233076 0.0524988 0.39042 0.266427 0.325399 : 0.7
0.611437 0.377934 0.690866 -1 -0.255728 -0.0624442 0.100516 0.298319 0.0698201 : 0.7
0.631661 0.414577 0.85812 -0.902228 -0.420337 -0.154098 0.293248 0.715522 -0.119306 : 0.6
0.632905 0.577475 0.829677 -0.873403 -0.412583 -0.0175837 0.468635 0.0641745 -0.522273 : 0.6
0.685096 0.449625 0.941823 -0.881837 -0.301651 -0.368376 0.224216 0.884377 0.50995 : 0.3
0.71668 0.375075 0.775763 -0.910202 -0.666954 0.19976 0.433702 0.683985 0.420429 : 0.7
0.620094 0.328335 0.90682 -0.933424 -0.0573315 -0.0352641 0.451337 -0.110597 -1 : 0.8
0.583197 0.353986 0.925517 -0.83221 -0.317176 0.077865 0.303894 0.420941 0.358024 : 0.2
0.599737 0.444839 0.959688 -0.984517 -0.275651 0.0178557 0.415325 0.493052 0.718167 : 0.6
0.701162 0.341735 0.833848 -0.922956 -0.193372 -0.397336 -0.280017 0.207875 -0.0810623 : 0.8
0.67191 0.432262 0.670723 -0.99404 -0.161186 -0.185101 0.715237 0.528708 0.434442 : 0.3
0.605566 0.305682 0.715111 -0.88633 -0.277573 -0.0408789 0.408235 0.436132 0.00565487 : 0.2
0.691868 0.319294 0.670544 -0.884856 -0.62283 -0.0274278 0.290341 0.143129 -0.391013 : 0.6
0.60669 0.32056 0.871575 -1 -0.156608 -0.0252349 0.806748 0.344419 0.871962 : 0.4
0.614828 0.38398 0.839643 -0.954652 -0.54927 -0.207769 0.353051 0.303554 0.662137 : 0.8
0.473784 0.53226 0.962756 -0.455785 -0.271012 0.077685 0.571645 0.154531 0.200862 : 0.5
0.565907 0.385687 0.886821 -0.721321 -0.273167 -0.0479553 0.122907 0.589276 0.84458 : 0.5
0.595094 0.446948 0.872035 -0.910779 -0.200031 -0.104158 0.199427 -0.0477921 -0.18615 : 0.2
0.622626 0.519173 0.895097 -0.923612 -0.196353 -0.0836755 0.430643 -0.0597974 -0.377126 : 0.2
0.675781 0.555867 0.947794 -0.913079 -0.114521 0.0320353 0.169615 0.376525 -0.852155 : 0.7
0.498603 0.496651 0.801386 -0.422203 -0.263362 -0.133931 0.416645 0.754146 -0.119281 : 0.7
0.572194 0.403531 0.761046 -0.967369 -0.127697 0.0126728 0.656478 0.304753 -0.0454745 : 0.6
0.675048 0.272523 0.67292 -1 -0.18984 -0.0289999 0.0352073 0.568211 0.326582 : 0.7
0.527275 0.515849 0.818996 -0.341443 -0.254744 -0.182755 0.322492 0.205206 0.582128 : 0.8
0.644213 0.380476 0.81459 -0.673259 -0.316812 0.0524089 0.609671 0.680699 -0.344134 : 0.3
0.589496 0.436619 0.855998 -0.880337 -0.224879 -0.173877 0.134067 0.252987 -0.0261562 : 0.7
0.635779 0.324236 0.823003 -0.803129 -0.267291 -0.269062 0.559237 0.296732 0.155976 : 0.7
0.625732 0.38672 0.936276 -0.951926 -0.0762511 0.0423803 0.308122 0.161084 -0.372601 : 0.7
0.653707 0.364627 0.992779 -0.941168 -0.317364 -0.00732736 0.0650445 0.522396 0.318437 : 0.6
0.594604 0.403829 0.874812 -0.915541 -0.328892 -0.253196 0.441437 0.776711 -0.215302 : 0.5
0.667357 0.38859 0.8931 -0.832768 -0.00607729 -0.126398 0.537372 0.919668 -0.0969489 : 0.2
0.739745 0.541144 0.912297 -0.84645 0.0102334 -0.54335 0.578449 0.453611 0.667113 : 0.6
0.646386 0.435167 1 -1 -0.021435 -0.0556242 0.393184 0.703702 0.452268 : 0.5
0.556665 0.447991 0.783729 -0.924544 -0.256441 -0.0828099 0.860236 0.0278193 -0.099894 : 0.7
0.610957 0.256578 0.820123 -0.854559 -0.190627 -0.229801 0.60206 -0.19402 0.50661 : 0.5
0.465343 0.5038 0.877392 -0.767432 -0.297456 -0.0955134 0.447371 0.481808 0.838114 : 0.8
0.605124 0.396035 0.911714 -0.832379 -0.18978 -0.140979 0.357885 0.0575191 -0.0861108 : 0.7
0.663359 0.603334 0.93395 -0.868922 -0.188209 -0.0569036 0.960989 0.91077 0.297126 : 0.5
0.687718 0.354168 0.924416 -0.725655 -1 -1 0.0773256 0.813809 -1 : 0.7
0.617728 0.348789 0.71404 -0.835195 -0.282188 -0.0990034 0.461074 0.323015 -0.0866195 : 0.6
0.616438 0.3101 0.836894 -0.906295 -0.00750548 -0.0797229 0.647972 0.570425 -0.333795 : 0.6
0.707627 0.426444 0.836425 -0.867937 -0.283344 0.0124048 0.457416 0.392175 0.625086 : 0.8
0.671181 0.41385 0.997387 -0.929086 -0.234541 -0.129744 0.492934 0.397191 0.175705 : 0.5
0.640687 0.29391 0.934308 -0.894728 -0.194792 -0.0245514 0.656178 0.658797 -0.712468 : 0.6
0.802516 0.342324 0.838911 -0.948952 -0.170533 -0.680251 0.568933 -0.358169 -1 : 0.9
0.587724 0.473811 0.797124 -0.936779 -0.239734 0.213414 0.277769 0.426992 -1 : 0.5
0.554778 0.388011 0.99072 -0.714402 -0.254088 0.0454755 0.0388967 -0.233445 0.685954 : 0.5
0.726856 0.464541 0.844334 -0.86292 0.00098151 -0.000420466 0.367835 0.788591 0.157302 : 0.6
0.675751 0.554315 0.991175 -0.906562 -0.204844 0.00994163 0.428559 0.688157 -0.274747 : 0.3
0.593061 0.408778 0.861649 -0.919885 -0.0800213 0.0218946 0.21219 0.427498 -1 : 0.4
0.426728 0.330719 1 -0.933924 -0.201942 -0.288147 0.607139 0.272472 0.618475 : 0.9
0.701144 0.488185 0.774147 -0.802214 -0.125681 -0.00886001 0.878421 0.50461 0.161363 : 0.5
0.597924 0.254754 0.480998 -0.92732 -0.138791 -0.28328 0.605184 0.297718 0.480789 : 0.5
0.666574 0.365092 0.94537 -0.997802 -0.0567651 0.0302454 0.32956 0.179104 0.529435 : 0.5
0.680091 0.285276 0.886074 -0.985045 -0.618467 -0.0521758 0.698546 0.228677 -0.434473 : 0.7
0.514192 0.573506 0.813075 -0.944379 -0.231151 -0.270699 0.122052 0.836644 0.311941 : 0.4
0.674847 0.290448 0.95762 -0.692745 -0.0589965 0.0970202 0.484461 0.536121 -0.461282 : 0.7
0.624466 0.416116 0.851653 -0.905814 -0.414152 -0.0792477 0.379676 0.659418 0.101562 : 0.6
0.559371 0.455371 0.952013 -0.8789 -0.326373 0.112066 0.734485 0.246784 -0.0386426 : 0.6
0.653765 0.439607 0.931676 -0.903749 -0.407781 -0.0755549 0.366188 0.190361 0.299634 : 0.6
0.610074 0.451398 0.902237 -0.832487 -0.278517 -0.0775479 0.217399 0.751218 1 : 0.3
0.640247 0.489394 0.798556 -0.868275 -0.461103 -0.0951498 0.433993 0.0346535 -0.547259 : 0.2
0.677371 0.413518 0.847936 -0.947264 -0.090675 0.542735 0.447737 0.490401 -1 : 0.5
0.655692 0.574261 0.722635 -0.923939 -0.204597 -0.0647239 1 0.907624 0.551304 : 0.4
0.592519 0.3993 0.894399 -0.875324 -0.271514 0.390268 0.591331 1 -0.128407 : 0.5
0.664002 0.382636 0.966281 -0.917272 -0.060632 0.0310978 0.737479 0.727093 0.168286 : 0.8
0.524515 0.410589 0.830233 -0.984335 -0.326217 0.0271466 0.175748 0.40457 -0.0481644 : 0.6
0.628215 0.447567 0.764842 -0.793255 -0.125408 -0.00908855 0.665309 0.130908 -0.738665 : 0.7
0.728317 0.388948 0.599924 -0.754179 -0.165383 -0.0678865 0.648655 0.262938 0.75113 : 0.3
0.595978 0.31778 0.893097 -0.74066 0.26363 0.0487976 0.319604 0.585135 -0.0906438 : 0.6
0.608271 0.276051 1 -0.906266 -0.145016 0.0154285 0.203258 0.524935 -0.708104 : 0.4
0.74239 0.563607 0.944339 -0.955654 -0.295636 -0.182958 0.363391 0.197915 -0.12313 : 0.7
0.575889 0.304993 0.901691 -0.926358 -0.276722 -0.0184104 0.46653 0.846897 -0.18601 : 0.8
0.581285 0.208664 0.90679 -0.907559 -0.0706195 -0.0780703 1 0.893891 1 : 0.5
0.7376 0.485137 0.84344 -0.887528 -0.400697 0.0471143 0.302058 0.218269 0.238243 : 0.6
0.656326 0.366325 0.925601 -0.789304 -0.390052 -0.208202 0.445676 0.484724 -0.506763 : 0.7
0.56126 0.300862 1 -0.900282 -0.579991 0.017432 0.638276 0.636005 0.0549458 : 0.8
0.6671 0.382849 0.88741 -0.856811 -0.206048 -0.0383706 0.44731 0.221675 0.956501 : 0.7
0.655371 0.506356 0.930989 -0.796304 -0.208199 -0.658939 0.519139 0.0557669 -0.00141598 : 0.5
0.697262 0.397205 0.949857 -0.816894 -0.266422 -0.0608386 -0.117767 0.289819 0.301134 : 0.3
0.640339 0.00114663 0.819628 -0.880768 -0.339579 -0.0828007 0.111651 0.17816 0.704286 : 0.4
0.614447 0.104151 0.812815 -0.874692 0.190113 -0.119724 0.0778957 0.964749 0.978588 : 0.5
0.587386 0.297718 0.949239 -1 -0.176201 -0.270949 0.310531 -0.05028 -0.256067 : 0.6
0.657048 0.508232 0.502853 -0.607979 0.0229093 0.0353613 0.500723 -0.0495787 0.943498 : 0.6
0.67959 0.3772 0.976402 -0.89961 -0.0695983 -0.0191471 0.305852 0.292092 -0.250029 : 0.5
0.640793 0.457469 0.899959 -0.884356 -0.276303 -0.0586672 0.419558 0.698572 -0.878987 : 0.6
0.630925 0.434995 0.900429 -0.88201 -0.104632 -0.128837 0.262557 0.307668 -0.789839 : 0.4
0.596198 0.48075 0.893166 -1 -0.357836 -0.133883 0.395941 0.48678 0.584584 : 0.5
0.730203 0.628901 0.859716 -0.817825 -0.504281 -0.2717 0.619375 0.721358 -0.410591 : 0.5
0.660656 0.365913 0.966148 -0.913488 -0.350729 -0.0440388 0.445982 0.790595 0.309262 : 0.4
0.658038 0.490949 0.760268 -0.843235 -0.235834 -0.393821 0.434174 1 0.50108 : 0.8
0.587282 0.300025 0.897734 -1 -0.182396 -0.494978 0.361217 0.406602 -0.271861 : 0.8
0.728962 0.3282 0.885958 -0.973774 -0.341573 0.177513 0.431176 0.848785 0.400594 : 0.3
0.679195 0.539341 0.928922 -0.593565 -0.265869 -0.0569475 0.565872 0.0442338 0.339842 : 0.6
0.658039 0.416287 0.979802 -0.87417 -0.400211 0.00357484 0.406381 0.475042 0.27002 : 0.5
0.674899 0.368887 0.856027 -0.806702 -0.433651 0.0995003 0.356858 0.51265 -0.448876 : 0.5
0.714318 0.42055 1 -0.583386 -0.116588 0.00685659 0.327788 0.530048 0.49255 : 0.6
0.648935 -0.0423683 0.994332 -0.854907 -0.34321 -0.0495613 0.0932805 0.250012 0.0188285 : 0.4
0.711537 0.416861 0.956664 -0.852377 0.0714771 -0.0640616 0.300409 0.464222 0.729099 : 0.8
0.681121 0.389742 1 -0.764612 0.164091 0.156826 0.790362 0.479697 -1 : 0.7
0.689347 0.405556 0.893835 -0.856937 -0.172456 -0.120913 0.469052 -0.872866 0.465232 : 0.7
0.530806 0.299727 0.768124 -0.828466 0.175383 0.00988734 0.335958 0.644133 -0.487543 : 0.5
0.51481 0.230781 0.718565 -0.75266 -0.342153 0.0909086 0.508556 0.743731 0.672011 : 0.7
0.625364 0.500498 0.954229 -0.113738 -0.113816 -0.119624 0.495863 0.36001 1 : 0.5
0.618242 0.430903 0.862064 -0.905042 -0.114753 0.0324106 0.799028 0.676566 0.136531 : 0.4
0.680421 0.31442 0.992024 -0.921113 0.165908 -0.0127154 0.402385 0.646496 0.67624 : 0.6
0.635325 0.34262 0.939193 -0.884942 -0.805378 -0.139091 0.627603 0.350621 -0.864294 : 0.7
0.616637 0.505067 0.843428 -0.865367 -0.269168 -0.231979 0.738752 0.998882 1 : 0.6
0.639047 0.51928 0.855477 -0.879388 -0.285257 -0.0757467 -0.059704 0.607751 -0.368873 : 0.7
0.680594 0.457936 0.890087 -0.901759 -0.152934 -0.0318981 0.375637 0.47876 0.334675 : 0.1
0.625019 0.433028 0.940666 -0.983465 0.054887 0.00125214 0.168957 0.756505 0.844613 : 0.8
0.627356 0.333451 0.940351 -0.839627 -0.641475 0.037821 0.653863 0.305947 -0.861146 : 0.7
0.634708 0.431825 0.673037 -0.866681 -0.154108 0.482104 0.165337 0.373786 0.491889 : 0.7
0.578303 0.405038 0.798663 -0.909682 -0.275562 0.0497191 0.643318 0.936204 -0.87887 : 0.6
0.693219 0.411332 0.834927 -0.765381 -0.494962 -0.0932825 0.533038 0.834125 -0.398689 : 0.4
0.623961 0.444115 0.924854 -1 -0.289071 -0.152159 0.520018 0.341999 0.493897 : 0.8
0.709326 0.397203 0.930241 -0.695461 -0.171741 -0.255002 0.568258 0.166305 -1 : 0.6
0.658104 0.500579 0.906129 -0.981924 -0.343382 0.115089 0.432277 0.628504 0.508912 : 0.5
0.71971 0.40649 0.73712 0.487288 -0.0792245 -0.153951 0.388728 0.315585 -1 : 0.7
0.746061 0.509696 0.92458 -0.731105 0.243569 -0.467344 0.246119 0.591814 -1 : 0.4
0.630491 0.362859 0.851535 -1 -0.582011 -0.0401718 0.0362071 0.390793 -0.982914 : 0.6
0.666444 0.458941 0.90548 -0.774877 -0.120117 -0.493601 0.212509 0.502305 0.433568 : 0.8
0.737976 0.411579 0.854557 -0.919839 -0.03101 -0.163006 0.295496 0.336506 -0.995577 : 0.6
0.492483 0.479294 0.910811 -0.915794 -0.164398 -0.294857 0.651593 0.553974 -1 : 0.6
0.589708 0.501128 0.865189 -0.676077 -0.346517 0.131129 0.473195 0.791898 -0.670947 : 0.5
0.606632 0.283149 0.786506 -0.842496 -0.298732 0.327181 0.430591 -0.0180316 -0.685934 : 0.4
0.624334 0.200923 0.732124 -0.950045 -0.609432 0.357979 0.18525 0.252257 -0.0270337 : 0.6
0.679797 0.298204 0.778801 -0.893066 -0.269512 0.194004 0.256521 0.2607 -0.677598 : 0.7
0.669673 0.448743 0.878437 -0.889124 -0.265385 -0.173412 0.0528095 0.682425 1 : 0.7
0.593008 0.264255 0.869079 -0.904523 -0.458394 -0.0875162 0.547081 0.797469 0.335636 : 0.6
0.667108 0.365492 1 -0.882592 -0.281404 -0.0145831 0.520379 0.505705 0.51228 : 0.6
0.654282 0.339576 0.881641 -0.898677 -0.120876 0.0719227 1 0.628556 -0.0714042 : 0.7
0.634134 0.349552 0.948592 -0.974594 -0.291342 -0.0581009 -0.118214 0.665488 -0.92719 : 0.7
0.547636 0.498947 0.846274 -0.868094 -0.0370047 -0.136323 0.718784 0.194067 -0.419491 : 0.6
0.708178 0.570546 0.847381 -0.836316 -0.2309 -0.0734973 0.574727 0.512753 -0.131871 : 0.5
0.604464 0.298931 0.947311 -0.968996 -0.280598 0.0316522 0.284947 0.265296 0.475915 : 0.3
0.650099 0.521465 0.883794 -0.858404 -0.179374 -0.170454 0.829144 -0.246923 -0.0232909 : 0.8
0.573717 0.457048 0.794749 -0.994777 -0.0339123 -0.0565196 0.3062 0.324327 0.683666 : 0.8
0.661163 0.211318 0.815719 -0.218119 0.215129 0.0118226 0.323402 0.336399 -0.0176085 : 0.4
0.696687 0.431915 0.910298 -0.912346 -0.217174 0.054944 0.53785 0.844156 -1 : 0.7
0.566186 0.398979 0.799904 -0.895914 -0.509932 0.0672812 0.0535139 0.583665 -0.26626 : 0.4
0.663926 0.393232 0.770804 -0.380685 -0.0581183 0.187006 0.362335 0.46585 -0.710052 : 0.5
0.665384 0.389549 0.855916 -0.910457 -0.229024 -0.200017 0.567989 0.1134 -0.00362933 : 0.4
0.670516 0.337047 0.647513 -0.988201 -0.224885 0.00681615 0.831948 0.740556 1 : 0.6
0.708817 0.351738 1 -0.851923 -0.668514 -0.209017 0.0771728 0.385514 0.352133 : 0.4
0.519938 0.401566 0.798424 -0.918748 0.152429 -0.090834 0.29827 0.454031 -0.426055 : 0.7
0.722197 0.479005 0.796518 -0.761025 -0.371715 0.241636 0.639016 0.687 0.793077 : 0.4
0.698205 0.34585 0.645274 -0.828426 -0.407902 0.347848 0.237243 -0.364487 -0.263839 : 0.6
0.732329 0.45447 0.806729 -1 0.121288 0.21524 0.444841 0.588359 0.131562 : 0.6
0.718152 0.351157 0.92935 -0.943845 -0.241319 0.0111433 0.823397 0.565854 -0.58521 : 0.4
0.712528 0.366572 0.911127 -0.872555 -0.441534 -0.0690754 0.274885 0.381355 0.241057 : 0.5
0.71203 0.281015 1 -0.977805 -0.300527 -0.0893065 0.355466 0.143324 -0.0926749 : 0.6
0.643482 0.397974 0.906268 -0.864317 -0.518521 -0.034199 0.520099 0.532209 0.159264 : 0.8
0.610714 0.416683 0.924516 -0.994263 -0.37543 -0.0218152 0.892937 0.506667 0.0262573 : 0.7
0.559861 0.453924 0.872078 -0.879477 0.166508 -0.324104 0.512763 0.375013 -0.42805 : 0.5
0.694644 0.445583 0.956337 -0.866906 -0.0167693 -0.0865361 0.680222 0.340114 0.959039 : 0.2
0.748475 0.638255 0.827345 -0.86749 -0.239605 0.0286407 0.00376546 0.575152 0.284693 : 0.4
0.746986 0.553821 0.75916 -0.66389 -0.22374 0.0336936 0.580634 0.789651 -0.535226 : 0.3
0.727387 0.49386 0.82835 -0.707929 -0.43663 -0.330644 0.490337 0.694404 0.520385 : 0.6
0.617084 0.356838 0.718855 -0.691443 -0.0131875 -0.0443981 0.255878 0.426428 -0.133347 : 0.2
0.645807 0.321819 0.93965 -0.902447 -0.434317 0.00187239 0.412104 0.378638 0.514849 : 0.3
0.621976 0.301484 0.812545 -0.797171 -0.440585 0.059342 0.286343 0.28851 -0.0978697 : 0.8
0.613962 0.348662 0.865628 -0.954994 -0.278967 -0.306535 0.166527 -1 -0.0314201 : 0.4
0.608617 0.238311 0.845625 -0.916695 -0.383879 -0.338369 0.933915 0.260693 0.400589 : 0.4
0.672998 0.345849 0.84106 -0.880957 -0.120211 -0.0907773 0.357909 0.329647 1 : 0.6
0.703055 0.449133 0.850783 -0.808153 -0.170752 -0.0404163 0.327686 -0.59251 0.0503258 : 0.8
0.66745 0.337248 0.87771 -0.931311 -0.167256 0.238262 0.322508 0.728177 -1 : 0.6
0.648673 0.402872 0.915363 -1 -0.0918581 -0.0918811 0.52433 0.718775 -0.807987 : 0.4
0.65091 0.36261 0.938908 -0.917705 -0.105031 -0.0407648 0.14725 0.37093 -0.508578 : 0.3
0.697177 0.431232 0.97175 -0.910258 -0.180215 -0.0943262 0.74959 -0.631924 -0.877464 : 0.4
0.616652 0.326126 0.943247 -0.930387 -0.293305 -0.00568545 0.00842955 0.532222 1 : 0.5
0.710551 0.431719 0.808922 -0.987796 0.0272262 0.0196928 0.373514 -0.444562 0.675818 : 0.3
0.611218 0.315924 0.906232 -0.898731 -0.322201 -0.0786844 0.552963 0.0973282 -0.0494168 : 0.5
0.60685 0.269281 0.769988 -0.833756 -0.143298 -0.186293 0.0220066 0.714192 -1 : 0.6
0.704798 0.379381 0.936236 -0.781366 -0.141576 -0.164712 0.416385 0.117505 0.230564 : 0.3
0.636911 0.327392 0.900003 -0.895816 -0.0949289 0.0508804 0.490117 0.376574 -0.426897 : 0.6
0.630886 0.29986 0.950072 -1 -0.316838 -0.0906667 0.237956 0.0881077 0.728401 : 0.4
0.620564 0.343174 0.9392 -0.858033 -0.353781 -0.317317 0.653432 0.58532 0.391561 : 0.7
0.673895 0.400193 0.842678 -0.420302 -0.292954 0.555692 0.19332 0.249791 0.440113 : 0.6
0.605005 0.416703 0.94292 -0.894228 -0.633737 -0.0140894 0.400143 0.218578 1 : 0.7
0.671722 0.369875 1 -0.934928 -0.246337 -0.0357847 0.409862 0.676079 0.639503 : 0.6
0.606813 0.495831 0.962611 -0.918884 -0.287754 -0.0894085 0.0615454 0.468833 0.439847 : 0.5
0.610159 0.482762 0.915533 -0.979626 -0.103178 0.0293367 0.330848 0.0838739 0.605158 : 0.6
0.605081 0.332204 0.981993 -0.908975 -0.265526 0.0146907 0.948165 -0.430889 0.0166569 : 0.6
0.604346 0.448215 0.947523 -0.851816 -0.354288 -0.0455611 0.606665 0.519929 0.895998 : 0.7
0.644475 0.407342 0.95636 -0.783013 -0.334746 -0.150574 0.577575 0.685791 0.433971 : 0.4
0.587977 0.448985 0.89132 -0.95498 -0.223913 -0.0133231 0.247078 0.570375 0.998762 : 0.7
0.616738 0.402402 1 -1 -0.293789 -0.227912 0.437905 0.679934 0.457906 : 0.3
0.653878 0.356586 1 -0.948327 -0.415034 0.0131124 0.461147 0.197179 -0.915766 : 0.8
0.665151 0.335152 0.837133 -0.895832 -0.112375 -0.00171015 0.491025 0.431347 0.247411 : 0.3
0.622634 0.423134 0.905183 -0.873516 -0.244379 -0.494759 0.83043 0.469491 0.30142 : 0.9
0.656272 0.36328 0.939979 -0.81714 -0.0128443 -0.161236 0.195262 0.472963 0.12449 : 0.7
0.670192 0.454724 1 -0.925211 -0.0510759 0.143637 1 0.461579 -0.40447 : 0.6
0.668982 0.367158 0.926349 -0.827819 -0.501374 0.0647185 0.142879 0.443372 1 : 0.8
0.665837 0.403028 0.887969 -0.848578 0.112058 -0.0451113 0.757717 0.331286 -0.936607 : 0.3
0.610419 0.424989 0.875189 -0.911433 -0.275866 -0.0253506 1 0.364262 0.823474 : 0.5
0.672758 0.380293 0.901147 -0.853521 -0.12319 -0.0839557 0.503244 0.179177 0.491289 : 0.5
0.68247 0.348002 0.999408 -0.948897 -0.156695 0.00257282 0.648607 0.442282 -1 : 0.7
0.584196 0.64076 0.831593 -0.813759 -0.244302 -0.524707 0.38374 0.235788 0.0103853 : 0.6
0.720753 0.229045 0.911979 -0.872619 -0.699814 0.0309392 0.181715 0.327192 -0.233513 : 0.6
0.574017 0.275311 0.848207 -0.856249 -0.369436 -0.049438 0.445121 0.82865 0.405608 : 0.5
0.667934 0.400253 0.839318 -0.887833 -0.279455 0.33171 0.194991 0.080587 -1 : 0.5
0.790176 0.380779 0.848878 -0.859256 -0.408816 -0.15679 0.461119 1 0.320927 : 0.7
0.696156 0.5493 0.829873 -0.872188 -0.448903 -0.207509 0.288768 0.610164 -0.0981265 : 0.3
0.535705 0.427597 0.763871 -0.855553 -0.13344 0.032155 0.594195 0.717702 0.471382 : 0.4
0.674451 0.482279 0.848584 -0.997119 -0.0775919 -0.0791054 0.392666 0.463766 0.193323 : 0.7
0.586588 0.460915 0.978117 -0.963359 -0.257669 -0.327598 0.499794 0.494982 0.348054 : 0.7
0.662812 0.283972 0.875237 -0.911929 -0.326093 -0.00305093 0.267039 0.168005 -0.000979831 : 0.5
0.715902 0.507534 0.835736 -0.91548 -0.122974 -0.331278 0.494595 0.291304 0.0753705 : 0.5
0.559702 0.391169 0.921332 -0.87957 -0.475691 -0.0290722 0.393475 0.519671 -0.607912 : 0.4
0.705624 0.341762 0.817589 -0.881479 -0.322774 0.0461675 0.629809 1 0.519727 : 0.5
0.513106 0.388541 0.862085 -0.913011 -0.188385 0.024806 0.314512 0.0668008 1 : 0.4
0.737174 0.337193 0.741346 -0.994903 -0.440597 -0.270843 0.420302 0.0971222 0.860759 : 0.3
0.660435 0.526294 0.942056 -0.930098 -0.155153 -0.0834655 0.37219 1 0.0699729 : 0.7
0.6861 0.567585 0.909846 -0.947642 -0.306471 -0.0866676 0.490525 0.440251 0.171624 : 0.5
0.69135 0.598434 0.822419 -0.889771 -0.253113 -0.198891 0.468651 1 0.757597 : 0.6
0.70062 0.443268 0.935275 -0.808755 -0.0990603 -0.232788 0.132385 0.32842 -0.0390458 : 0.6
0.519029 0.438873 0.879546 -0.901726 -0.445031 -0.42562 0.313232 0.391454 1 : 0.6
0.582879 0.507043 1 -0.839784 -0.134104 -0.167544 0.279763 0.387471 0.0862083 : 0.6
0.649665 0.436638 0.864593 -0.879124 -0.239961 -0.0338417 0.283736 0.960547 0.891208 : 0.6
0.689051 0.359908 0.78933 -0.878783 -0.381443 -0.125827 0.271044 0.459645 0.432161 : 0.6
0.644154 0.375889 0.944392 -0.908685 -0.324089 0.15623 0.11518 0.352743 -0.817253 : 0.7
0.632923 0.418593 0.897964 -0.888116 -0.11655 -0.0607241 0.244033 0.464667 -0.0380698 : 0.4
0.611021 0.471556 0.950078 -0.828763 -0.118515 0.175188 0.61338 1 0.967255 : 0.1
0.573033 0.399531 0.955679 -0.417782 -0.288728 -0.113412 0.348333 0.0464337 0.767579 : 0.5
0.650439 0.364924 0.961427 -0.951063 -0.121147 0.397014 0.310775 0.681606 0.246338 : 0.7
0.610523 0.356326 0.91073 -1 -0.321104 0.111466 0.741315 0.551253 1 : 0.2
0.679878 0.309428 0.878663 -0.889213 -0.0436238 -0.232874 0.335202 0.306181 -0.499483 : 0.7
0.602983 0.34367 0.817818 -0.893812 -0.386363 0.176811 0.328644 0.826426 -0.160838 : 0.6
0.658484 0.395741 0.941363 -0.90252 -0.328231 -0.0190621 0.596918 0.0678456 1 : 0.5
0.517967 0.407108 0.760556 -0.879619 -0.138599 0.0415276 0.46172 0.503167 -0.632331 : 0.8
0.634161 0.399286 0.930676 -0.833952 -0.144252 -0.0735796 0.472078 -0.292329 -0.255537 : 0.8
0.588203 0.330637 0.999745 -0.904898 0.193039 0.0904713 0.38761 0.14921 0.768198 : 0.5
0.657731 0.289571 0.894387 -0.663497 0.0686783 -0.148479 0.428127 0.492759 -0.170333 : 0.7
0.635798 0.461465 0.930834 -0.902335 -0.241158 -0.0974517 0.351518 0.805268 1 : 0.6
0.692346 0.595612 1 -0.938583 -0.234651 -0.30933 0.576194 0.767829 -0.357045 : 0.5
0.73642 0.286814 0.755008 -0.992918 -0.567376 -0.180851 0.767891 0.932965 0.551254 : 0.5
0.602768 0.396111 0.923406 -0.884307 -0.279719 -0.144829 0.176242 0.795243 1 : 0.5
0.65263 0.44496 0.983932 -0.953047 -0.102209 0.185245 0.340306 0.618471 0.202965 : 0.6
0.693275 0.391041 0.784086 -0.890755 -0.293847 0.0480863 0.233662 0.576106 0.499754 : 0.6
0.645799 0.282205 0.852617 -0.938291 -0.37979 -0.0410723 0.513156 0.0532949 -0.365504 : 0.7
0.65309 0.429813 0.772713 -0.870268 -0.145269 -0.239851 0.703785 0.967434 0.632684 : 0.6
0.72181 0.311007 0.731388 -0.763086 -0.401311 -0.802563 0.668151 0.567409 0.486932 : 0.4
0.603332 0.407348 0.890549 -0.851474 -0.288011 0.273649 0.170832 0.676947 1 : 0.5
0.596329 0.476241 0.909151 -0.894069 -0.432069 -0.0448479 0.222086 0.940461 0.666563 : 0.7
0.547937 0.442283 0.960821 -0.987391 -0.163985 -0.140638 0.50096 -0.200855 0.713928 : 0.4
0.639133 0.531446 0.947833 -0.964258 -0.0644469 0.293541 0.379038 0.374472 -0.978085 : 0.3
0.652901 0.41586 0.8871 -0.713723 -0.265346 0.00630069 0.13677 -0.130919 1 : 0.7
0.629262 0.369781 0.969392 -0.901638 -0.436418 -0.0867822 0.505435 0.652153 0.628599 : 0.6
0.652914 0.512141 0.802015 -0.818828 -0.690041 -0.131528 0.184224 0.414751 0.887668 : 0.5
0.659111 0.408034 0.782071 -1 -0.208864 -0.112749 0.151442 0.5449 -0.195859 : 0.6
0.608537 0.350679 0.884735 -0.914339 -0.309693 -0.0392362 0.386422 0.577381 -0.0554844 : 0.2
0.586967 0.446865 0.909276 -0.99867 -0.44911 -0.050012 0.75357 0.506911 1 : 0.6
0.66179 0.491351 0.869511 -0.784711 -0.711259 0.464059 0.68078 0.317083 -0.605299 : 0.5
0.631131 0.396194 0.910675 -0.894651 -0.313351 -0.0942237 0.242369 0.159274 1 : 0.8
0.645276 0.515912 0.876148 -0.888639 -0.0474219 -0.0676419 0.709806 0.948291 0.474967 : 0.6
0.600269 0.373644 0.934589 -0.953995 -0.362305 0.133287 0.240602 0.0854729 0.64082 : 0.7
0.66882 0.377977 0.884435 -0.95218 -0.167452 0.109562 0.374541 0.280395 0.0342942 : 0.4
