0.680453 0.386499 0.886608 -0.980788 -0.313999 0.120515 0.676818 0.723868 -0.268502 : 0.7
0.621138 0.389011 0.878911 -0.819529 -0.13725 -0.045924 0.550141 0.782016 0.317849 : 0.6
0.673759 0.407057 0.930682 -0.894024 -0.239397 0.0295217 0.394264 0.685023 0.320207 : 0.6
0.665076 0.430058 0.939967 -0.978097 -0.0310363 -0.0378365 0.342039 0.638317 0.138462 : 0.6
0.714467 0.336289 0.941547 -0.999368 -0.362707 0.155893 0.635058 1 0.450268 : 0.7
0.590641 0.391661 0.748071 -0.888833 -0.254465 -0.0340809 0.222452 0.941192 0.488055 : 0.6
0.54149 0.391836 0.905654 -0.895181 0.146255 0.135174 0.47766 0.297684 0.349176 : 0.5
0.593163 0.401525 0.86362 -0.961711 -0.32809 -0.136133 0.275235 0.540159 -0.383332 : 0.7
0.69429 0.464353 0.904164 -0.925867 -0.209541 -0.0957806 0.415641 0.640806 -0.320214 : 0.7
0.734799 0.357229 0.895657 -0.753722 -0.151704 0.15757 0.400448 -0.445039 0.737848 : 0.6
0.661334 0.350485 0.765487 -0.901076 0.164232 0.0613675 0.180901 1 0.219673 : 0.8
0.555016 0.382587 0.971885 -0.876647 -0.28666 0.105727 0.444999 0.741056 0.692241 : 0.7
0.662932 0.368468 0.921984 -0.884061 -0.184049 0.0100788 0.000655945 0.687452 0.495519 : 0.6
0.578125 0.357975 0.877739 -0.896583 -0.170765 0.140652 0.315035 0.527133 -0.890926 : 0.6
0.653965 0.38531 0.940621 -0.787905 -0.141059 0.0012192 0.400336 0.721785 0.545803 : 0.7
0.756289 0.359999 1 -0.785715 -0.325465 0.118086 0.61933 0.771371 -0.527783 : 0.6
0.701456 0.279297 0.951946 -0.984027 -0.536104 0.0741493 0.562196 0.491117 1 : 0.8
0.664676 0.450843 0.970745 -0.844817 -0.420422 0.128818 0.511673 0.928688 0.649419 : 0.6
0.72873 0.393037 0.891532 -0.853272 -0.302632 0.124783 0.145718 0.476715 -0.285787 : 0.9
0.562475 0.450785 0.931462 -0.897721 -0.0945731 0.0453495 0.51451 0.580305 0.370341 : 0.7
0.558803 0.419362 0.909328 -0.954187 -0.187031 0.153788 0.423717 0.735754 0.0583903 : 0.8
0.675737 0.269703 0.808839 -0.996648 -0.249002 0.0600212 0.0641961 0.666246 0.662914 : 0.8
0.588366 0.35974 0.878853 -0.975031 -0.200384 0.00798599 0.187423 0.35665 -0.432883 : 0.8
0.613124 0.407812 0.982034 -0.985282 -0.345907 0.019388 0.70087 0.541044 0.277234 : 0.1
0.634017 0.379635 0.885338 -0.867398 -0.311168 0.124388 0.405654 0.564612 -0.0779966 : 0.7
0.589249 0.421787 0.821687 -0.954728 -0.280233 0.0856373 0.435707 0.752432 0.954549 : 0.4
0.697183 0.215301 0.899622 -0.902961 -0.210443 0.0494828 0.457157 0.555469 -0.303163 : 0.7
0.684594 0.370254 0.89408 -0.813923 -0.289315 0.206198 0.257204 0.613672 0.116295 : 0.7
0.6955 0.410365 0.962932 -0.980388 -0.256778 0.0346923 0.622116 0.625815 0.343406 : 0.8
0.62584 0.331506 0.88028 -0.921665 -0.356108 0.0266997 0.534547 0.562065 0.0988833 : 0.9
0.675827 0.244227 0.763149 -0.918411 -0.354212 0.0251619 0.441196 0.513521 -0.631976 : 0.5
0.649483 0.383341 0.945535 -0.870539 -0.324945 0.0838723 0.0562942 0.603404 0.463012 : 0.6
0.61979 0.396181 0.929942 -0.860715 -0.43548 0.186316 0.536478 0.811227 0.348668 : 0.7
0.674267 0.364833 0.916576 -0.902189 -0.210432 0.0846166 0.106095 0.367619 0.462842 : 0.6
0.634499 0.424721 0.951809 -0.947112 -0.222761 0.0857735 -0.0569621 0.456902 0.834771 : 0.5
0.59301 0.453569 0.89073 -0.862063 -0.239027 0.20923 0.589468 0.59041 0.826602 : 0.6
0.599512 0.441823 0.83559 -0.864343 -0.111993 -0.0541087 0.593519 0.503332 0.165909 : 0.6
0.665485 0.407884 0.909036 -0.831791 -0.246707 -0.0470993 1 0.592842 0.850215 : 0.4
0.632901 0.319467 0.866771 -0.928386 -0.302905 0.182118 0.391757 0.66742 -0.109972 : 0.8
0.705018 0.4385 0.909403 -1 -0.46572 0.148817 0.45033 0.758257 -0.13613 : 0.8
0.510724 0.379552 0.868073 -0.778471 -0.0221794 -0.0134982 0.608027 0.470654 0.4087 : 0.8
0.672052 0.424734 0.913296 -1 -0.133227 -0.0030715 0.540895 0.574785 0.140669 : 0.7
0.683045 0.473369 0.912936 -0.902468 -0.4327 -0.0789014 0.31492 0.364792 0.554908 : 0.7
0.703122 0.449934 0.904975 -0.907857 -0.253826 -0.0206446 0.752123 0.513058 -0.0645681 : 0.8
0.670814 0.336161 0.958681 -0.96702 -0.0585852 -0.190293 0.613966 0.396936 0.400849 : 0.7
0.632117 0.436884 0.885753 -0.818092 -0.315613 0.0876703 0.163655 0.606131 0.222583 : 0.3
0.571379 0.38194 0.946262 -0.99841 -0.110777 -0.0527926 1 0.608824 -0.395602 : 0.6
0.644044 0.433966 0.916001 -0.879809 -0.188647 -0.0454559 -0.186463 0.713179 -0.473501 : 0.2
0.604136 0.445665 0.959997 -0.861625 -0.260093 0.151581 0.303605 0.306776 -1 : 0.7
0.679248 0.457113 0.889737 -0.926169 -0.262562 0.0561912 0.347398 0.755383 0.321936 : 0.4
0.554789 0.39249 0.887926 -0.998972 -0.310235 -0.0456672 0.683773 1 0.407238 : 0.9
0.688174 0.446206 0.920013 -0.945485 -0.112075 0.10788 0.33045 0.403072 0.548816 : 0.8
0.652344 0.424702 0.919594 -0.897898 -0.166831 0.0874542 0.466222 0.741568 0.0955142 : 0.6
0.6862 0.367081 0.867679 -0.749641 -0.141462 -0.00694271 0.222233 0.496535 0.230341 : 0.5
0.761576 0.455971 0.937935 -0.936343 -0.12416 0.162751 0.423343 0.373435 0.717967 : 0.7
0.658306 0.386953 0.91033 -0.963672 -0.279155 0.0101438 -0.171547 0.698483 0.274571 : 0.6
0.752977 0.414852 0.923172 -0.874752 -0.367917 0.281454 0.422575 0.38197 0.953573 : 0.5
0.658015 0.41287 0.896366 -0.799436 -0.343299 0.0493544 0.695918 0.45538 0.39805 : 0.4
0.607878 0.360076 0.890572 -0.822499 -0.63724 0.0571527 0.27239 0.427237 0.950834 : 0.8
0.66509 0.370346 0.904469 -1 -0.256794 0.190323 0.17745 0.472209 0.359983 : 0.4
0.694089 0.401596 0.936893 -0.924341 -0.157328 0.142475 0.729154 0.547276 0.325299 : 0.1
0.72409 0.457643 0.915816 -0.71723 -0.117833 -0.0419097 0.395926 0.962205 0.357464 : 0.6
0.676354 0.440075 0.976421 -0.879382 -0.239152 -0.0482117 0.594034 0.661464 0.419696 : 0.4
0.71857 0.384647 0.973944 -0.786205 -0.38406 0.0691343 0.879892 0.183445 -0.199593 : 0.7
0.65092 0.229796 0.958169 -0.975985 -0.184493 0.130182 0.76936 0.776575 0.564084 : 0.8
0.589376 0.248025 0.96365 -0.793594 -0.290804 0.047109 0.380845 0.635118 0.322406 : 0.4
0.710664 0.402122 0.972465 -1 -0.2191 0.0703471 0.427885 0.679343 0.579431 : 0.5
0.610303 0.448444 0.951308 -0.882202 -0.259662 0.149481 0.332861 0.193506 -1 : 0.6
0.656336 0.412442 0.972997 -0.926113 -0.402275 0.16955 0.562346 0.649617 0.833823 : 0.6
0.674128 0.272219 0.878174 -0.910175 -0.257644 0.0276195 0.14307 0.602373 -0.806993 : 0.8
0.682192 0.375454 0.787898 -0.759086 -0.263859 0.107534 0.182909 0.153566 0.337247 : 0.9
0.688348 0.379353 0.932966 -0.891547 -0.219566 -0.0441241 0.656925 0.10891 -0.626254 : 0.5
0.457288 0.397028 1 -0.870982 -0.121273 -0.0508342 0.517516 0.619703 -0.12711 : 0.6
0.623389 0.440417 0.807717 -0.803576 -0.153212 -0.0334723 0.677823 1 0.547995 : 0.7
0.676024 0.39824 0.92114 -0.973011 -0.280207 0.190611 0.442996 0.455392 0.0338704 : 0.6
0.700433 0.402303 0.88974 -0.847025 -0.111844 -0.0413681 0.289367 0.52445 0.101685 : 0.7
0.727484 0.392456 0.999388 -0.902601 -0.265905 -0.0171176 0.368482 0.822598 0.835391 : 0.6
0.695065 0.358286 0.822175 -0.841389 -0.300528 0.0942759 0.434078 -0.483475 0.498378 : 0.7
0.671957 0.305638 1 -0.998459 -0.0593053 0.0893847 -0.00212213 0.492354 0.0657214 : 0.6
0.664962 0.413996 1 -1 -0.192262 0.0534125 0.405424 0.615863 1 : 0.7
0.641668 0.507296 0.879826 -0.926254 -0.188203 0.117244 0.401303 0.682217 0.958416 : 0.3
0.639266 0.375179 1 -0.82757 -0.433352 0.0597981 -0.000163853 0.284953 0.994563 : 0.6
0.687029 0.383993 0.890798 -0.680312 -0.145598 -0.0459933 0.47276 0.231407 0.481558 : 0.5
0.692626 0.397344 0.826792 -0.802604 -0.115224 -0.0693403 0.930278 0.774808 -0.173155 : 0.6
0.665594 0.433524 0.950223 -0.91144 -0.24523 0.0568071 0.620536 0.696949 -0.408898 : 0.7
0.726544 0.446665 0.838847 -0.983233 -0.410791 0.141232 0.512798 0.246666 0.689319 : 0.4
0.273691 0.324108 0.89035 -0.920719 0.154035 -0.0663458 0.318844 0.58261 -0.268797 : 0.6
0.646139 0.293662 0.828814 -0.956976 -0.227067 -0.255357 1 0.606477 0.951054 : 0.7
0.603588 0.427871 1 -0.919832 -0.367915 -0.0871564 0.617015 0.559565 0.210137 : 0.5
0.792271 0.427547 0.946176 -0.915806 -0.236505 0.0387426 0.269194 0.271998 0.261581 : 0.4
0.675812 0.385788 0.749258 -0.978254 -0.375652 0.381201 0.632998 1 0.71427 : 0.7
0.693293 0.439047 0.878371 -0.843924 -0.160294 0.114524 0.495945 0.885949 0.127415 : 0.4
0.685562 0.385568 0.825421 -0.83175 -0.498489 0.125886 0.431193 0.514727 0.394557 : 0.5
0.695825 0.304463 0.870561 -0.905006 -0.117428 0.0628921 0.456287 0.602494 0.835255 : 0.6
0.641934 0.438706 0.942522 -0.843963 -0.233875 0.227882 0.498297 0.224123 -0.343206 : 0.9
0.677443 0.442117 0.930625 -1 -0.253182 0.0713249 0.552674 0.69455 0.666185 : 0.7
0.676948 0.310952 0.96261 -0.955 -0.260915 -0.257324 0.124057 1 -0.539006 : 0.8
0.663126 0.376843 0.856257 -0.855635 -0.245064 0.0212069 0.453524 0.778712 -0.0352115 : 0.4
0.688065 0.411182 0.89322 -0.853776 -0.179435 0.121564 0.336658 0.915619 -0.0341174 : 0.5
0.610907 0.479662 0.899007 -0.878747 -0.693828 0.091927 0.888766 0.585909 0.692576 : 0.8
0.747596 0.450512 0.840129 -0.87097 -0.314201 0.198547 0.456062 0.846259 0.90806 : 0.6
0.632966 0.444599 0.967266 -0.940743 -0.0876748 -0.100742 0.484884 0.393089 0.299236 : 0.7
0.67536 0.460511 0.938551 -0.905344 -0.183288 0.0457023 0.243586 0.683604 0.567275 : 0.3
0.66206 0.383252 0.785475 -0.913821 -0.0883404 0.00940201 0.0714911 0.681276 1 : 0.6
0.665487 0.384366 0.926209 -1 -0.247112 -0.0350261 0.62081 0.655184 0.346093 : 0.6
0.637845 0.402764 0.821244 -0.955227 -0.328542 0.0686042 0.398682 0.898753 0.937046 : 0.9
0.655046 0.326003 0.926169 -0.883478 -0.174145 -0.0059308 0.509109 1 -0.716456 : 0.6
0.593845 0.378341 0.975134 -0.823485 -0.270104 0.0350023 0.746405 0.83646 0.65368 : 0.4
0.755063 0.391788 0.915054 -0.925201 -0.33894 0.128583 0.415583 0.585077 0.271098 : 0.7
0.721286 0.404574 0.958738 -1 -0.183549 0.0436124 0.386806 0.700026 0.104497 : 0.4
0.721999 0.379601 0.882886 -0.792998 -0.22853 0.377397 0.693911 0.370307 1 : 0.5
0.720431 0.278245 0.897089 -0.956375 -0.314897 -0.24701 0.689923 -0.0456975 0.467289 : 0.2
0.537248 0.380877 0.842326 -0.897692 -0.356293 -0.0304701 0.463936 0.486028 -1 : 0.7
0.517877 0.414625 0.906754 -0.907887 -0.530551 0.00641628 0.22599 0.899804 -0.0114626 : 0.7
0.679621 0.257149 0.970957 -0.943974 -0.284852 0.0811216 0.0290985 0.49318 0.478813 : 0.5
0.631456 0.340879 0.943859 -0.888801 -0.613244 0.0846014 0.911617 0.644517 0.417136 : 0.5
0.599592 0.42624 0.929351 -0.869847 -0.114653 -0.0683498 0.539004 0.678638 1 : 0.6
0.636682 0.42619 0.955104 -0.82913 -0.207635 -0.183685 0.000739694 0.689331 0.861057 : 0.5
0.628203 0.42683 0.946733 -0.960881 -0.28835 0.0695943 0.48441 0.276863 0.01155 : 0.8
0.739675 0.409552 0.857817 -0.965309 -0.497797 0.0874122 0.375354 -0.475964 1 : 1
0.691649 0.440995 0.824775 -0.943098 -0.267693 -0.0375332 0.364526 0.820941 0.0699587 : 0.6
0.588261 0.387232 0.873802 -0.857487 -0.609611 0.127468 0.810391 0.512868 0.652158 : 0.8
0.743135 0.364459 0.92224 -1 -0.325001 -0.0959079 0.46605 0.260192 0.219238 : 0.4
0.657632 0.349897 0.915771 -0.87425 -0.496383 0.0484825 0.21085 0.855818 0.432452 : 0.7
0.601359 0.277692 0.896497 -0.93977 -0.154457 0.147759 0.321663 0.75207 -0.950876 : 0.9
0.668567 0.425672 0.9468 -1 -0.0295692 0.0582414 0.427535 0.497996 -0.424264 : 0.6
0.708206 0.42839 0.93572 -0.861603 -0.109495 0.02906 0.799189 0.633468 0.0916138 : 0.6
0.683086 0.410351 0.875551 -0.998864 -0.23125 0.0438079 0.560186 0.838753 0.583813 : 0.5
0.657668 0.430819 1 -0.90626 -0.645365 -0.0846008 0.420378 0.262357 0.603339 : 0.4
0.675882 0.445428 0.942384 -0.824403 -0.180112 0.0670849 0.430034 0.721278 0.24327 : 0.7
0.661992 0.431241 0.9438 -0.856084 0.0695062 0.0993153 0.296051 -0.054584 -0.669293 : 0.8
0.614785 0.40003 0.926617 -0.881257 -0.438114 0.037527 0.51009 0.675147 1 : 0.5
0.738446 0.439602 0.914489 -0.959598 -0.0958905 0.120628 0.518495 0.440558 -0.207266 : 0.4
0.711971 0.388517 0.908211 -0.604323 -0.13299 0.0710708 0.488171 0.673156 0.293497 : 0.9
0.638323 0.396496 0.857317 -0.919422 -0.234009 0.185075 0.377986 1 0.142321 : 0.7
0.504624 0.38959 0.830452 -0.836721 -0.493135 0.0152788 0.500026 0.895096 0.830323 : 0.5
0.705772 0.324114 0.892785 -0.663024 0.0967141 -0.313413 0.391803 0.421905 0.397633 : 0.1
0.422761 0.414871 0.990899 -0.917335 -0.43432 0.136143 0.0766567 0.518663 0.151899 : 0.6
0.791204 0.485446 1 -1 -0.120278 0.0977731 0.484462 0.493218 0.782969 : 0.6
0.617844 0.443901 0.847793 -0.919682 -0.261353 -0.00612578 0.211816 0.725254 -0.396034 : 0.7
0.469215 0.387384 0.915499 -0.817536 -0.302493 -0.0677882 0.355395 0.933756 -0.640785 : 0.8
0.698657 0.378358 0.925472 -0.900558 -0.187798 -0.00776162 -0.088131 0.779438 -0.196834 : 0.7
0.687741 0.421991 0.936772 -0.982287 -0.104411 -0.03317 0.457984 0.418654 0.0139199 : 0.7
0.608385 0.494754 0.903142 -0.901523 -0.447983 -0.063774 0.404327 0.547053 -0.411543 : 0.4
0.691161 0.475661 1 -0.762183 -0.235441 -0.0406577 0.409741 0.844193 1 : 0.7
0.631926 0.602041 0.888507 -0.851414 -0.171795 0.171083 0.225559 0.732987 -0.000744164 : 0.5
0.617039 0.385873 0.920021 -0.872997 -0.213581 0.0435112 0.991763 0.280972 1 : 0.6
0.661826 0.279248 0.859894 -0.899071 -0.187193 0.154356 0.0967423 0.789252 0.575534 : 0.8
0.648149 0.335422 0.892651 -0.970685 -0.0850382 0.0309951 0.58636 0.629579 0.78303 : 0.5
0.689257 0.395471 0.834054 -0.880388 -0.188443 -0.07786 0.334669 0.49871 0.474684 : 0.6
0.53271 0.51794 0.798215 -0.990072 -0.177213 0.412841 0.834655 0.992319 -0.144159 : 0.7
0.673348 0.373698 0.937768 -0.883241 -0.130828 0.0264524 0.154611 0.727753 -0.0790257 : 0.8
0.687065 0.487683 0.802068 -0.859196 -0.380616 0.164066 0.270023 0.765742 -0.202426 : 0.4
0.674623 0.415925 0.897334 -0.868884 -0.245415 -0.00685926 0.584043 0.120141 0.13174 : 0.5
0.699214 0.388865 0.978978 -0.82071 -0.275992 0.0571873 0.00917053 0.890712 0.806298 : 0.7
0.707624 0.462003 0.960427 -0.901487 -0.278484 0.155318 0.394039 0.463319 0.388632 : 0.7
0.635939 0.432052 0.920757 -0.853074 -0.158213 -0.0457662 0.135024 0.497918 0.208625 : 0.7
0.669505 0.483412 0.906012 -0.90891 -0.262997 0.0905548 0.480248 0.651189 0.909293 : 0.8
0.489864 0.338109 0.98316 -0.955649 -0.196836 -0.0226489 0.315215 0.460496 -0.683102 : 0.5
0.62165 0.337172 0.930806 -0.933372 -0.185399 0.364035 0.284518 0.755036 0.260672 : 0.3
0.685894 0.372164 0.899187 -0.819242 -0.727372 0.191846 0.439615 0.760196 0.369354 : 0.4
0.458177 0.324529 0.977929 -0.917411 -0.456488 0.106276 0.507578 0.856349 0.733966 : 0.7
0.598782 0.406352 0.946603 -0.872872 -0.0846902 -0.0049358 0.339843 0.723424 -0.258552 : 0.7
0.715222 0.367895 0.810633 -0.961588 -0.0307943 0.0867486 0.348592 0.743877 0.662972 : 0.5
0.682183 0.379089 0.89643 -0.890644 -0.388362 0.0910939 0.336879 0.619613 0.170982 : 0.7
0.581326 0.582213 0.916219 -0.9693 -0.196776 0.123936 0.086024 1 0.89241 : 0.5
0.81267 0.439579 0.893078 -0.848822 -0.426227 0.100993 0.292114 0.699179 0.337242 : 0.8
0.659639 0.2759 0.924986 -0.98074 -0.250649 0.1293 -0.0905419 0.624857 -0.114722 : 0.7
0.812085 0.469994 0.919191 -0.96864 -0.268779 0.110537 0.319243 0.386581 0.545808 : 0.7
0.651705 0.419701 0.931545 -0.904941 0.316596 -0.0267075 0.803286 -0.0146229 -1 : 0.8
0.612222 0.312376 1 -1 -0.531408 -0.0410591 0.157133 0.737152 -1 : 0.6
0.695988 0.359655 0.873264 -0.90891 -0.328742 -0.0719168 -0.30488 0.424704 0.440786 : 0.9
0.70091 0.305134 0.920995 -0.923263 -0.120555 0.0823149 0.575022 0.848351 0.584389 : 0.7
0.691361 0.377663 0.993643 -0.865094 -0.267411 0.0256804 0.1383 0.304082 0.144629 : 0.6
0.72445 0.38866 0.979411 -0.88342 -0.322444 -0.112972 0.485539 0.912511 -0.372848 : 0.6
0.726363 0.422989 0.940104 -0.882142 -0.2031 0.0442048 0.40789 0.178324 0.246544 : 0.7
0.614435 0.372312 0.963015 -0.925684 -0.311992 0.148363 0.506046 0.477791 0.978727 : 0.8
0.622652 0.436751 0.934851 -0.859621 -0.502162 0.148197 0.982836 0.432737 0.657328 : 0.5
0.642528 0.331288 0.839095 -0.909849 -0.288621 0.137279 0.808992 0.0677239 -0.572216 : 0.9
0.6192 0.448514 0.951742 -0.905188 0.107635 0.0546403 0.772208 0.740761 -0.186655 : 0.8
0.691183 0.451333 0.911745 -0.86377 -0.184291 -0.00254416 0.519805 0.626586 0.359402 : 0.3
0.657956 0.481277 0.890952 -0.903192 0.0642527 0.0132203 0.491322 0.979831 -0.152753 : 0.8
0.658968 0.372145 1 -0.941069 -0.312882 -0.0593646 0.445413 0.833028 0.960291 : 0.5
0.645447 0.391617 0.891676 -0.886527 -0.206206 -0.144442 0.860824 0.212128 0.368765 : 0.8
0.654399 0.391872 0.950342 -0.743228 -0.307672 0.0521365 -0.0390889 0.47074 0.0709949 : 0.4
0.717142 0.489863 0.88825 -0.916332 -0.262298 0.11205 0.485467 0.680828 0.621164 : 0.8
0.662311 0.355921 0.941553 -0.942189 -0.181944 0.151223 0.522799 0.665018 0.0262829 : 0.8
0.658812 0.419219 0.891559 -0.968734 -0.495005 0.0440415 0.987827 0.453571 0.948895 : 0.4
0.66382 0.427873 0.795733 -0.914788 0.104844 -0.00542882 0.323198 0.70609 -0.193759 : 0.6
0.696142 0.393787 0.918515 -0.7996 -0.298551 0.0153928 0.339245 0.746324 0.108498 : 0.7
0.642843 0.382274 0.896699 -0.917392 -0.0854886 0.0523003 0.379553 0.530439 0.511995 : 0.6
0.617352 0.397831 0.811074 -0.859019 -0.281011 0.144578 0.409963 0.42376 -0.452814 : 0.5
0.672526 0.393069 0.982097 -0.73164 -0.0905381 -0.0125311 0.211952 0.455136 -0.0414923 : 0.8
0.655622 0.420326 0.924742 -0.780085 -0.181792 0.158199 0.394594 0.605237 0.453715 : 0.5
0.652017 0.38403 0.875806 -0.984748 -0.131734 0.095888 0.826384 0.356319 0.264933 : 0.7
0.719574 0.394996 0.999857 -1 -0.215954 0.049392 0.362404 0.701699 0.353827 : 0.6
0.6227 0.392253 0.983928 -0.87056 -0.297209 0.0996507 -0.0435696 0.649501 0.735348 : 0.5
0.576249 0.343013 0.967116 -0.919043 0.0370033 -0.0031901 0.580635 -0.0282097 -1 : 0.8
0.706167 0.42725 0.966285 -0.944355 -0.350784 0.181221 0.453111 0.315732 0.162017 : 0.5
0.710781 0.402236 1 -0.853814 -0.489187 0.0158361 0.2713 0.476655 0.838084 : 0.6
0.72655 0.371554 0.788008 -0.883211 0.092288 0.0749943 0.303649 0.560516 0.257462 : 0.7
0.653334 0.355013 0.924778 -0.942032 -0.124844 -0.00116551 0.27005 0.914319 0.139745 : 0.8
0.64636 0.325997 0.881122 -1 -0.321758 0.00798419 0.517543 0.589884 0.06207 : 0.5
0.679274 0.39041 1 -0.779563 -0.347875 -0.0518908 0.327844 -0.212487 0.792359 : 0.5
0.713036 0.478192 0.857139 -0.938711 -0.165242 -0.0842935 0.492907 0.760734 0.00801966 : 0.6
0.586018 0.466688 0.937064 -0.896467 -0.0960558 -0.052673 0.641969 0.898676 0.284901 : 0.5
0.683394 0.449235 0.826114 -0.811993 -0.38128 0.0735451 0.48066 0.878691 0.464522 : 0.6
0.64179 0.441813 0.901012 -0.868915 -0.267113 -0.140979 0.361585 0.596252 -0.328749 : 0.6
0.72328 0.37541 0.921437 -0.881971 -0.17974 0.216044 0.588086 0.379862 0.180321 : 0.6
0.706676 0.410681 0.876641 -0.82974 -0.328387 0.100921 0.482356 0.514709 0.910388 : 0.7
0.621967 0.445215 0.92137 -0.896414 -0.317517 0.0692189 0.429591 0.85314 0.295923 : 0.6
0.6733 0.376665 0.945366 -0.9573 -0.2739 0.0790317 0.36785 0.38863 0.295627 : 0.7
0.668097 0.447307 0.887344 -0.912588 -0.156435 0.0291521 0.0931737 1 0.0407455 : 0.4
0.583015 0.403398 0.958933 -1 -0.312985 -0.0692742 0.778254 0.212151 0.792067 : 0.6
0.668039 0.283177 0.887865 -0.785897 -0.325689 -0.114891 0.392762 0.713424 -0.0817865 : 0.9
0.692943 0.520227 1 -0.710099 -0.101956 0.0473982 0.821436 0.470314 -0.346842 : 0.6
0.613815 0.378805 0.922943 -0.844739 -0.395856 0.00532711 0.316514 0.188497 0.0389923 : 0.6
0.660294 0.473201 0.993086 -0.80301 -0.0390319 0.0578309 0.386565 0.698148 0.5538 : 0.3
0.633117 0.479865 0.932747 -0.975684 -0.274596 0.171212 0.213133 0.672199 0.331828 : 0.6
0.683839 0.375217 0.926517 -1 -0.493283 0.0390442 0.398276 0.620544 0.796738 : 0.6
0.680682 0.318934 0.926385 -0.897307 -0.238799 0.0992591 -0.0748425 0.516466 0.317344 : 0.5
0.587096 0.375522 0.791027 -0.859588 -0.251699 -0.0736879 0.773111 0.516416 0.622042 : 0.7
0.692341 0.361734 0.746537 -0.995012 -0.281669 0.0630865 0.0425891 0.960065 -0.140187 : 0.8
0.630749 0.413762 0.902909 -0.909103 -0.160118 0.0274719 0.222337 0.644384 0.25074 : 0.7
0.666115 0.44007 0.907581 -0.86154 0.181778 0.0731455 0.741716 0.383456 0.991221 : 0.8
0.725412 0.470104 0.919717 -0.85513 -0.445918 0.0851784 0.30559 0.861549 0.463829 : 0.8
0.704744 0.382328 0.925817 -0.894996 -0.289659 -0.00767999 0.172671 -0.575805 0.423713 : 0.7
0.666283 0.412902 0.982401 -0.83322 -0.345433 -0.0273204 0.114979 0.557101 0.186081 : 0.5
0.343534 0.482576 0.967324 -0.884795 -0.686052 0.150536 0.867215 0.486489 0.441029 : 0.7
0.674415 0.37177 0.876753 -0.940066 -0.182753 0.0699229 0.687555 0.82844 0.0418324 : 0.4
0.763063 0.518679 0.9085 -0.92661 -0.10284 0.168367 0.528599 0.663206 0.71362 : 0.7
0.668724 0.412226 0.822102 -0.962775 -0.340107 0.0355051 0.667531 0.52017 0.532259 : 0.5
0.629326 0.40572 0.889072 -0.806754 -0.240067 -0.0853809 0.386936 0.86638 0.196071 : 0.4
0.639042 0.433354 0.910959 -1 -0.24067 0.0786539 0.278278 0.664699 0.572908 : 0.6
0.722271 0.37601 0.872293 -0.783204 -0.34462 0.0386341 0.36749 0.509831 -0.151179 : 0.5
0.605651 0.430211 0.818772 -0.893255 -0.21751 0.182578 0.427396 0.716537 1 : 0.6
0.574878 0.317946 0.901508 -0.848389 -0.137018 0.0126427 0.496185 0.664344 1 : 0.7
0.820903 0.58039 0.869184 -0.965611 -0.214556 0.0694636 0.714786 0.629824 0.167602 : 0.6
0.671907 0.434757 0.85196 -0.922141 0.242471 0.0691494 0.366532 0.0404629 -0.68757 : 0.7
0.622006 0.245878 0.795357 -0.952117 -0.269115 0.0341277 0.712811 0.730984 0.485315 : 0.7
0.663135 0.402618 0.892483 -0.775978 -0.113675 0.22569 0.315117 0.598921 0.348985 : 0.5
0.675817 0.396992 0.872358 -0.899525 -0.34867 0.135097 0.350991 0.616794 0.230842 : 0.6
0.734127 0.404508 0.927814 -0.776195 -0.345837 0.0153001 -0.187887 0.778244 1 : 0.6
0.657893 0.342218 0.90075 -0.870253 -0.267157 0.00472138 0.0313816 0.673129 -0.26216 : 0.8
0.673072 0.375266 0.835331 -0.768121 -0.247355 0.0609253 0.263174 -0.255927 0.997701 : 0.7
0.589961 0.361915 0.826806 -0.929871 -0.0029265 0.0497982 0.401723 0.619302 1 : 0.6
0.661952 0.259892 1 -0.895282 -0.901299 0.120577 0.466677 0.400251 0.574827 : 0.6
0.680678 0.267768 0.882123 -0.991741 -0.215024 0.0577201 0.373961 0.655454 -0.276008 : 0.6
0.715688 0.349343 0.908861 -0.995315 0.0793701 0.157452 0.433328 0.553533 -1 : 0.2
0.611136 0.376373 0.966602 -0.934052 -0.159969 0.119051 0.710895 0.683031 0.81259 : 0.8
0.651061 0.432755 0.927135 -0.858735 -0.474966 -0.0533242 0.437838 0.67942 0.57034 : 0.7
0.682652 0.292752 0.954748 -0.982171 -0.307032 0.0972508 0.304807 0.733374 1 : 0.9
0.717982 0.400435 0.942009 -0.907512 -0.145021 -0.0115796 0.605532 0.483319 0.376444 : 0.7
0.708408 0.423121 0.99609 -0.953162 -0.355604 -0.0812969 -0.295647 0.741813 -0.382768 : 0.5
0.551624 0.382031 0.936162 -0.949051 -0.161305 -0.048455 0.42013 0.590323 -0.0534142 : 0.7
0.746733 0.392002 1 -0.706551 -0.335424 -0.0596365 0.623545 0.802361 0.0123981 : 0.5
0.601847 0.330573 0.913913 -0.926485 -0.477169 0.106886 -0.0309391 1 0.136528 : 0.6
0.669618 0.397334 0.942056 -0.976348 -0.358697 0.117944 0.255487 0.646817 0.218577 : 0.7
0.666817 0.407171 0.868301 -0.830518 -0.346492 0.0771829 0.860697 0.606378 -0.293363 : 0.5
0.64469 0.421059 0.901158 -0.925137 -0.07925 0.0336442 0.428934 0.620179 0.454689 : 0.6
0.654669 0.315243 0.941824 -0.942197 -0.0735745 0.00406046 0.770326 0.637269 0.145961 : 0.8
0.698161 0.471057 0.771905 -0.762154 -0.407419 0.120807 0.354335 0.842145 0.908503 : 0.6
0.60878 0.48916 0.829191 -1 -0.12302 0.115557 0.131258 0.751067 -1 : 0.4
0.573367 0.359079 0.882126 -0.918818 -0.352157 -0.0239707 0.363928 0.710339 0.355635 : 0.6
0.705592 0.349415 0.917446 -0.932359 -0.318266 0.132796 0.331601 1 0.345716 : 0.7
0.546161 0.446038 0.947983 -0.936162 -0.144791 0.20624 0.945543 0.516614 0.862444 : 0.8
0.667333 0.31657 0.934987 -1 -0.134522 -0.0150584 0.392856 0.564814 0.957568 : 0.5
0.678683 0.420183 0.894854 -0.907464 -0.220074 0.21059 0.412879 0.548289 0.395019 : 0.5
0.666824 0.401557 0.75885 -0.850773 -0.281623 -0.0873323 0.35397 0.86487 1 : 0.7
0.672723 0.512951 0.862915 -0.758142 -0.181409 0.200548 0.647812 0.340658 1 : 0.7
0.689083 0.388529 0.880278 -0.849812 -0.178809 -0.0990284 0.0361743 0.615896 -0.134274 : 0.7
0.684817 0.429057 0.939066 -0.897939 -0.304381 0.0657601 0.31584 0.370058 0.149388 : 0.5
0.655207 0.351198 0.853815 -0.90113 0.075049 -0.0966082 0.390912 0.394537 -0.56066 : 0.7
0.503701 0.392381 0.939098 -0.847176 0.138273 0.145681 0.202041 0.510399 -0.12826 : 0.6
0.759336 0.336168 0.739952 -0.78502 -0.160132 -0.254303 0.79604 0.937134 0.17294 : 0.6
0.585 0.468844 0.955055 -1 -0.248465 0.128518 0.355518 0.735651 0.297191 : 0.9
0.76076 0.38996 0.926179 -0.866295 0.0687349 0.144219 0.24729 0.44689 0.116112 : 0.7
0.821313 0.587746 0.82764 -1 -0.245854 -0.0371544 0.402952 0.674043 -0.406799 : 0.7
0.548329 0.509594 0.870131 -0.739174 0.0462005 -0.0449191 0.460731 0.417969 0.468427 : 0.8
0.664329 0.323682 0.861418 -0.993242 -0.283562 -0.00507246 0.396665 0.608715 0.0178018 : 0.4
0.666655 0.418295 0.942437 -0.973486 -0.16558 -0.116221 0.593232 0.550791 0.338806 : 0.6
0.679967 0.389939 0.919585 -0.88219 -0.108449 0.0334768 0.447606 0.16073 -0.113721 : 0.5
0.638244 0.458584 0.848412 -0.857281 -0.23742 -0.0360332 0.262901 0.744877 0.0711246 : 0.1
0.672378 0.41643 0.9035 -0.88881 0.0913626 0.05287 0.500507 0.800458 -0.106444 : 0.6
0.669075 0.404324 0.946792 -0.840415 -0.307003 0.0823138 -0.0520312 0.465007 0.286728 : 1
0.647781 0.408858 0.878459 -0.973418 -0.319026 -0.0402624 0.42653 0.397724 0.325671 : 0.5
0.748292 0.408512 0.927336 -0.865676 -0.331521 0.141264 0.256567 0.125465 -0.122236 : 0.5
0.669125 0.342943 0.990855 -0.913714 -0.0284077 -0.133345 -0.306787 0.680115 0.628987 : 0.6
0.698837 0.305165 0.896073 -0.876816 -0.0802205 0.12904 0.31866 0.271236 0.919902 : 0.2
0.747168 0.416794 0.896148 -0.928493 -0.338508 0.235837 0.428701 0.882554 0.802247 : 0.7
0.593146 0.424668 0.912442 -1 -0.0787603 -0.101267 0.456985 0.535102 -0.0709069 : 0.7
0.770103 0.374307 0.906713 -0.893995 -0.203826 0.246393 0.256721 0.294121 0.226714 : 0.9
0.667964 0.324133 0.91051 -0.971166 -0.279549 0.0875798 0.380309 0.599195 0.298134 : 0.8
0.620976 0.441106 0.955315 -0.96833 -0.00656523 0.0884517 0.346741 0.738619 -0.151409 : 0.8
0.544324 0.412745 0.892053 -0.92862 -0.288065 0.150202 -0.133768 0.466235 0.337983 : 0.3
0.592884 0.360625 0.894741 -0.839502 0.153518 0.0411489 0.713838 1 0.502008 : 0.6
0.663548 0.398034 0.809984 -0.832335 -0.48554 0.049351 0.221069 0.504718 -0.011323 : 0.8
0.66025 0.434259 0.942433 -0.954633 -0.262384 0.141283 0.332247 0.495524 0.0603099 : 0.6
0.598541 0.406984 0.83925 -1 -0.378299 0.0113314 0.633215 1 -0.568308 : 0.5
0.653928 0.378887 1 -0.914176 -0.122513 0.00817616 0.70054 0.00797591 -1 : 0.7
0.633835 0.421007 1 -0.959848 -0.249515 -0.0607981 0.459174 0.548164 0.736877 : 0.8
0.641767 0.331008 1 -0.925621 -0.127178 0.0204375 0.0317428 0.616282 0.590612 : 0.7
0.672007 0.469271 0.919592 -0.977389 -0.0666312 0.0472685 0.454985 0.612254 -0.0232551 : 0.2
0.74745 0.327344 0.863419 -1 -0.18659 0.10169 0.489513 0.499545 1 : 0.6
0.684676 0.369063 0.869211 -1 -0.331603 -0.0496657 0.207011 0.495272 0.0916692 : 0.8
0.709118 0.412123 0.933503 -0.925695 -0.309705 0.0786407 0.107453 0.522746 0.472178 : 0.1
0.625068 0.361382 0.999626 -0.874378 -0.287674 0.0356305 0.390167 -0.0946879 -0.710606 : 0.8
0.701494 0.368993 0.921134 -0.922013 0.143546 -0.0269482 0.356478 0.268321 -0.25752 : 0.5
0.658987 0.341067 1 -0.937473 -0.284732 0.0443787 -0.329479 0.700812 0.388348 : 0.8
0.613571 0.338914 0.728603 -0.747421 -0.209467 -0.11037 0.60258 0.910506 0.490921 : 0.6
0.690228 0.469472 0.9298 -0.948032 -0.0936309 0.0330733 0.266048 0.576343 0.478134 : 0.6
0.667624 0.430121 0.87608 -0.894766 -0.296213 0.104269 0.287805 0.054762 -1 : 0.8
0.655499 0.415079 0.687261 -0.920033 -0.000504047 -0.260163 0.45604 0.360463 1 : 0.6
0.620171 0.415557 0.915349 -0.877823 -0.556949 0.0828644 0.596865 0.745935 0.497178 : 0.5
0.58584 0.370947 0.919488 -0.716871 -0.0880048 0.202132 0.41757 0.505447 0.234529 : 0.7
0.593485 0.4034 0.881443 -0.813656 -0.262932 0.196286 0.680852 0.930482 0.533 : 0.7
0.608325 0.320003 0.91895 -0.966498 -0.15902 -0.105751 0.616772 0.48189 0.626384 : 0.5
0.54859 0.339202 0.971027 -0.966496 -0.156726 0.06513 0.592893 0.687344 -0.705847 : 0.4
0.74452 0.434391 0.825207 -0.800431 0.0985381 0.132721 0.481939 0.438759 0.272216 : 0.5
0.688486 0.587464 0.833991 -0.952336 -0.050686 0.0697314 0.206232 0.900939 0.312519 : 0.6
0.579209 0.362921 0.935157 -0.891972 -0.342933 -0.0839061 0.288642 0.665792 1 : 0.9
0.680791 0.384721 0.868981 -0.777212 -0.281295 -0.0683125 0.496278 0.733615 0.368938 : 0.4
0.652503 0.255608 0.793089 -0.864422 -0.180705 0.0403858 0.258701 0.479046 0.789509 : 0.5
0.692269 0.388202 0.909356 -0.959235 -0.228063 0.0350775 0.477997 0.952817 0.0295612 : 0.7
0.657385 0.449255 0.959295 -0.86311 -0.273654 0.140679 0.484873 0.56159 -0.278844 : 0.4
0.763222 0.386683 0.820669 -0.904683 -0.402301 0.296906 0.320818 0.631496 0.143308 : 0.8
0.622067 0.401372 0.938132 -0.934966 -0.270405 -0.123125 0.400131 0.392034 0.810338 : 0.6
0.733244 0.419135 0.981373 -0.853466 -0.192913 -0.0923152 0.648256 0.667901 -0.47161 : 0.7
0.639814 0.52704 1 -0.798744 -0.548033 0.061674 0.605271 0.425679 0.755336 : 0.8
0.669364 0.377631 0.937829 -0.838059 -0.312513 0.0743876 0.0886276 0.300352 -0.0208395 : 0.7
0.797776 0.416838 0.891102 -0.973738 -0.0941385 0.0792374 0.516603 0.558857 -0.00626743 : 0.3
0.545569 0.342944 0.798315 -1 -0.271053 -0.0402428 0.758124 0.569635 0.837474 : 0.7
0.676032 0.404337 0.914089 -0.984323 -0.224249 0.0628194 0.426829 0.447174 0.465989 : 0.6
0.527983 0.480671 0.888363 -0.713599 -0.243489 0.0236006 0.476001 0.485391 0.564433 : 0.9
0.683694 0.406829 0.886837 -0.898002 -0.282307 0.0722488 0.188432 0.174155 -0.118794 : 0.6
0.651437 0.588935 0.964013 -0.976197 0.14334 0.0786708 0.327204 0.353968 0.995009 : 0.3
0.742684 0.385075 0.955991 -0.748465 -0.12425 0.0573326 0.352909 0.775792 0.698488 : 0.7
0.784953 0.349884 0.823456 -0.822618 -0.120019 0.225347 0.717312 0.87127 0.678293 : 0.9
0.617417 0.415484 0.926742 -0.85282 -0.125537 0.0962771 0.708536 1 0.0576441 : 0.5
0.602892 0.550658 0.947114 -0.81282 -0.340257 0.0415667 0.519963 0.825115 0.591704 : 0.6
0.797082 0.444317 0.997441 -0.990603 -0.293513 -0.00970805 0.3944 0.641965 0.13696 : 0.6
0.560004 0.352942 0.982624 -0.933733 -0.169856 -0.113052 0.410556 0.617795 -0.444909 : 0.5
0.673438 0.407707 0.936272 -0.951165 -0.116134 0.0138438 0.288996 0.671287 -0.517449 : 0.9
0.688658 0.438264 0.92439 -0.941363 -0.121563 0.153551 0.391408 1 1 : 0.4
0.797094 0.379878 0.903742 -0.843734 -0.248385 0.1534 0.356013 0.474487 0.268169 : 0.3
0.633357 0.366579 0.899446 -0.898295 -0.242087 -0.00598481 0.830173 0.923817 0.378045 : 0.7
0.63612 0.603096 0.949761 -1 -0.218867 0.0408053 0.720369 0.694676 0.367486 : 0.6
0.708858 0.288529 0.866768 -0.938131 -0.181466 -0.225291 0.810218 0.253075 0.159819 : 0.8
0.671017 0.414596 0.904287 -0.934796 -0.283108 0.0369388 0.373925 0.583632 -0.393337 : 0.5
0.6641 0.449552 0.882969 -0.861098 -0.204113 -0.00087817 0.36922 0.845681 0.180059 : 0.5
0.677326 0.426625 0.980206 -0.867466 -0.0506482 -0.0147568 0.417138 0.675414 0.788276 : 0.5
0.724866 0.35903 1 -0.745615 0.0476663 0.0512308 0.151 0.593238 0.235877 : 0.5
0.702272 0.51249 0.849227 -1 -0.227334 0.0951603 0.385314 0.471106 1 : 0.7
0.595552 0.52209 0.886999 -0.998357 -0.277804 0.12212 0.46815 0.696853 1 : 0.5
0.62209 0.344748 0.929042 -0.849399 -0.516003 0.0842559 0.638291 -0.545745 1 : 0.1
0.692632 0.47504 0.860103 -0.714632 -0.138043 0.0478997 0.864768 0.791761 0.40386 : 0.8
0.591573 0.418746 0.866121 -0.920742 -0.272609 0.0440536 0.389894 0.380203 0.637768 : 0.5
0.650976 0.392088 0.865972 -0.971085 -0.16091 0.151709 0.519238 0.722905 -0.348527 : 0.7
0.756956 0.383792 0.919724 -1 -0.532801 0.00661886 0.287355 0.827081 0.888401 : 0.7
0.672299 0.324038 0.945051 -0.904293 -0.299142 0.151578 0.339295 0.208032 -0.258214 : 0.9
0.576977 0.347641 0.888951 -0.986049 -0.181257 -0.00661822 0.584472 0.646364 -0.429487 : 0.8
0.59085 0.638222 0.9205 -0.936282 -0.114503 -0.00144408 0.332681 0.775018 0.168883 : 0.7
0.707007 0.368741 0.828966 -0.771032 -0.589505 0.0712296 0.40504 0.793954 0.972929 : 0.4
0.674768 0.36054 0.896577 -0.855143 -0.348617 0.0591696 0.526368 0.529585 1 : 0.4
0.560692 0.408334 0.970364 -0.800398 -0.230663 -0.0356413 0.537358 1 -0.745497 : 0.3
0.640356 0.420877 0.623134 -0.941844 -0.157584 0.114442 0.372095 0.777027 0.232492 : 0.8
0.645815 0.466543 0.925842 -0.923576 -0.393112 0.126973 0.447776 0.352316 0.420468 : 0.7
0.685573 0.326174 0.988909 -0.881237 -0.265621 0.086154 -0.197531 0.699218 0.297844 : 0.8
0.674015 0.352896 0.850655 -0.976982 -0.276388 0.0168011 0.258645 1 -0.0769996 : 0.5
0.524591 0.348676 0.93816 -0.944031 -0.164138 0.302752 0.127233 0.3756 0.330762 : 0.7
0.643274 0.368372 0.918195 -0.884914 -0.493322 -0.0508155 0.280783 0.65267 -0.300873 : 0.9
0.681504 0.357894 0.909035 -0.933501 -0.288765 -0.0449364 0.495118 0.275023 -0.054901 : 0.6
0.61784 0.478829 0.840613 -0.927987 -0.149797 0.107216 0.312355 0.794158 0.482455 : 0.6
0.640389 0.377548 0.874372 -0.848408 -0.234631 0.0628379 0.19899 0.625778 0.0923523 : 0.6
0.656815 0.359946 0.939782 -0.982535 -0.153839 0.0412966 0.242449 0.654236 0.547817 : 0.6
0.760683 0.444753 0.796327 -0.821857 -0.556962 -0.0929914 0.503483 0.889961 0.898102 : 0.2
0.671816 0.393319 0.852945 -1 -0.253528 0.177381 0.0723512 0.672362 0.227703 : 0.3
0.686379 0.412574 0.926709 -0.938384 -0.0229446 0.170754 0.480174 0.456677 0.117664 : 0.6
0.667399 0.411596 0.912336 -0.909586 -0.209822 0.00968141 0.118611 0.706191 0.0984993 : 0.4
0.639206 0.424656 0.784853 -0.794266 0.042495 -0.0866474 0.459345 1 1 : 0.5
0.726175 0.394405 0.97851 -0.833469 -0.309244 0.00227664 0.682988 0.532113 0.0953281 : 0.9
0.654154 0.385086 0.873228 -0.915281 -0.192458 -0.00805788 -0.41935 0.520482 0.212581 : 0.6
0.664455 0.436282 0.998754 -0.944092 -0.249621 0.0336175 0.422864 0.344122 -0.14584 : 0.6
0.711791 0.442111 0.881373 -1 -0.161024 0.0668135 0.478876 0.379532 -0.0188861 : 0.6
0.659316 0.52816 0.861729 -0.970259 -0.169297 0.206711 0.472588 0.328729 0.392696 : 0.8
0.611347 0.452573 1 -0.973337 -0.0929863 0.0973819 0.558589 0.38755 -0.356483 : 0.9
0.602265 0.37536 0.876628 -0.785581 -0.201575 0.0412102 0.480769 -0.131642 1 : 0.6
0.642101 0.379341 0.908428 -0.91074 -0.216639 0.0601173 0.444462 0.729957 -0.24152 : 0.6
0.642849 0.378853 0.926007 -0.91392 -0.244531 -0.101958 0.500927 0.674768 1 : 0.9
0.643 0.389606 0.912084 -0.897069 -0.287787 0.181658 0.363126 0.6286 -0.181676 : 0.2
0.658694 0.376793 0.991416 -0.883968 -0.132858 0.0329397 0.654288 1 -1 : 0.6
0.572977 0.361483 0.655884 -0.84349 -0.267192 0.419737 0.453424 0.423621 0.312521 : 0.4
0.687578 0.390775 1 -0.889042 -0.133332 0.021108 0.827657 0.150896 1 : 0.7
0.661189 0.461613 0.983414 -0.767308 -0.28461 -0.0261697 0.616698 0.517722 -0.333491 : 0.6
0.652716 0.333846 0.833952 -0.872147 -0.075313 0.18172 0.32347 0.861668 -1 : 0.8
0.725609 0.451974 0.960248 -0.858957 -0.286765 0.157733 0.400066 0.642464 -1 : 0.9
0.699398 0.351345 0.926622 -0.903989 -0.160909 -0.0244022 0.234941 1 -0.548807 : 0.7
0.612445 0.427011 0.986182 -0.891054 0.183779 -0.000853568 0.697051 0.115863 -0.710648 : 0.6
0.719947 0.40604 1 -0.867127 -0.344147 0.0249613 0.329214 0.238463 0.495825 : 0.7
0.700949 0.417383 0.848432 -0.86016 -0.208733 -0.0176577 0.450372 0.664001 -0.472228 : 0.7
0.61551 0.346974 0.935414 -0.882348 -0.401845 0.0686077 0.826495 0.631804 0.92926 : 0.9
0.687206 0.360303 0.950777 -0.947091 -0.290141 0.0635067 0.635085 0.696856 0.549279 : 0.7
0.665694 0.456825 0.921741 -0.765446 -0.105523 0.181222 0.497275 0.401402 0.290782 : 0.7
0.699961 0.429803 0.954076 -0.889648 -0.244213 0.0176122 0.52363 0.910769 0.0141266 : 0.5
0.583964 0.449269 0.984427 -0.858372 -0.204257 0.0992822 0.433313 0.838735 -0.753071 : 0.9
0.635444 0.495574 0.994809 -0.987582 -0.791448 0.114204 0.481376 0.594958 0.504389 : 0.3
0.769175 0.41314 0.929899 -0.814682 -0.0635482 0.152934 0.427318 0.652803 0.68624 : 0.6
0.696122 0.389651 0.947592 -0.925933 -0.270809 0.12806 0.796705 0.782183 0.375946 : 0.5
0.654603 0.422917 0.859 -0.9619 -0.319279 0.0593051 0.522541 0.484661 -0.0332741 : 0.7
0.724261 0.470656 0.982601 -0.900365 -0.608136 0.170367 0.51207 0.309455 0.489735 : 0.3
0.64503 0.346761 0.953656 -0.887917 -0.307449 0.202767 0.276635 0.231253 -0.497573 : 0.5
0.652338 0.425001 0.837605 -0.804275 -0.204139 0.100736 0.890833 0.532047 0.982175 : 0.5
0.700115 0.439214 0.930252 -0.764827 -0.270829 -0.228772 1 1 -0.289495 : 0.6
0.722463 0.508649 0.854344 -0.932529 -0.16883 0.229512 0.477741 0.64613 -0.214594 : 0.8
0.612576 0.38769 0.91681 -0.895505 -0.33076 -0.0482217 0.540345 0.737613 -0.798104 : 0.6
0.762878 0.467415 0.909663 -0.825241 -0.166637 0.118881 0.330522 0.526398 0.457376 : 0.7
0.67257 0.424197 0.882002 -0.887788 -0.29226 0.021146 0.400782 0.785671 -0.360662 : 0.6
0.665223 0.383663 0.881905 -0.875875 -0.288052 -0.00773314 0.364395 -0.268564 0.317476 : 0.7
0.691057 0.360403 0.87485 -0.883452 0.208162 0.0402435 0.492792 0.54462 0.610601 : 0.7
0.624412 0.391139 0.842115 -0.981109 -0.0978833 0.161342 1 0.421795 -0.254114 : 0.9
0.683395 0.420548 0.950128 -0.85605 -0.229258 0.141589 -0.0908512 0.366505 0.54487 : 0.6
0.7026 0.452522 0.879828 -0.971432 -0.363891 0.134101 0.423329 0.515982 1 : 0.9
0.708456 0.458475 0.92622 -0.996581 -0.258988 0.157523 0.532952 0.871045 1 : 0.8
0.720347 0.366975 0.922211 -0.862745 -0.105963 0.108277 0.351077 0.17207 0.494578 : 0.6
0.646316 0.368309 0.884157 -0.950177 -0.115746 0.168797 0.312168 0.771053 0.190797 : 0.7
0.665962 0.409028 0.881398 -0.806011 -0.368386 0.107536 0.446124 0.461104 1 : 0.8
0.612329 0.391467 1 -0.936621 -0.37654 -0.0561038 0.23372 0.482323 0.789926 : 0.7
0.702471 0.307665 0.937134 -0.942774 -0.140513 0.0779702 0.42669 0.750204 0.54846 : 0.7
0.721806 0.382399 0.927987 -0.879767 -0.257967 0.0423673 0.48434 0.566414 0.282961 : 0.9
0.662571 0.322319 0.879873 -0.842513 -0.182689 0.202429 0.514216 0.687186 0.222718 : 0.7
0.677398 0.384305 0.920985 -0.959523 -0.244063 -0.0141953 0.287477 0.892767 0.0147928 : 0.4
0.668618 0.436796 0.855369 -0.904096 -0.25 0.126551 0.161348 0.590706 -0.126921 : 0.8
0.681771 0.308857 0.957189 -0.734214 -0.0419067 0.0370613 0.421508 0.691195 0.347257 : 0.6
0.688395 0.451722 0.862547 -0.849177 -0.235429 0.127981 0.297445 1 0.409429 : 0.4
0.561337 0.392946 0.982174 -0.9722 -0.182041 0.0507689 0.292059 1 0.0552567 : 0.1
0.702791 0.406171 0.883232 -0.876635 -0.243438 0.0394009 -0.262775 0.640547 -0.476664 : 0.7
0.743572 0.453648 0.915081 -0.982756 -0.197776 0.26224 0.397371 0.545306 0.442989 : 0.4
0.257703 0.339838 0.952086 -0.906534 -0.542463 -0.104094 1 0.739841 0.995768 : 0.5
0.647166 0.426186 0.898693 -0.859812 -0.13226 -0.0300498 0.0514147 0.367936 -1 : 0.7
0.723782 0.413791 1 -0.878364 -0.122192 0.0279315 0.595224 0.924052 -0.705496 : 0.8
0.68642 0.408766 0.901156 -0.945304 -0.224413 0.0481177 0.269548 0.725302 -0.452421 : 0.4
0.684805 0.265248 0.967516 -0.942519 -0.252891 0.0372095 -0.0142014 0.638183 -0.330313 : 0.7
0.679266 0.418477 0.883664 -0.826875 -0.36788 0.0949411 0.80489 0.665818 0.366604 : 0.6
0.632041 0.466537 0.946094 -0.977023 -0.189087 0.0904423 0.799821 0.721167 -0.38582 : 0.8
0.694373 0.347624 0.971874 -0.890285 -0.247497 -0.00387684 1 0.931225 -0.218536 : 0.8
0.740072 0.555633 0.960643 -0.960428 -0.25286 0.14421 0.429469 0.329216 0.439666 : 0.5
0.741284 0.356239 0.959957 -0.996563 0.0919814 0.162282 0.212201 0.496491 0.0628084 : 0.5
0.765754 0.487805 0.762777 -0.907559 0.07365 0.0609389 0.417634 0.321002 0.807089 : 0.5
0.66486 0.449597 0.935066 -0.843057 0.209703 0.105844 0.585432 0.911405 -0.301046 : 0.5
0.69856 0.435885 0.814089 -0.982522 -0.084028 0.0353212 0.209844 0.767754 -0.281402 : 0.8
0.659887 0.345432 0.869041 -0.932018 -0.131998 0.0357238 0.0555483 0.703386 0.784895 : 0.3
0.580161 0.403026 0.939267 -0.867679 -0.174601 0.0979373 0.354743 0.485274 0.769653 : 0.7
0.694746 0.3744 0.929379 -0.891308 -0.180767 -0.0169728 0.893007 0.664935 -0.172461 : 0.6
0.400624 0.298234 0.933052 -0.791408 -0.35599 -0.142064 0.40592 0.581307 0.554321 : 0.4
0.634269 0.350769 0.825393 -0.868538 -0.2618 0.057216 0.565956 0.418698 0.223112 : 0.2
0.730502 0.372033 0.846837 -0.724872 -0.410619 0.158257 0.440774 0.825336 1 : 0.9
0.744289 0.42711 0.879613 -0.914678 -0.219554 0.142398 0.404453 0.54812 0.674322 : 0.7
0.599156 0.386916 0.948006 -0.930451 -0.155491 -0.0254727 0.328574 0.389047 -0.164318 : 0.6
0.68842 0.39957 0.905401 -0.835088 -0.198108 -0.113729 0.364399 0.730905 -0.576002 : 0.5
0.732753 0.357282 0.875697 -0.834809 -0.333819 0.115502 0.351384 0.831169 -0.384012 : 0.6
0.690417 0.395556 1 -0.931877 0.106007 0.0085986 0.144415 0.84273 -0.540944 : 0.6
0.676347 0.468946 0.909952 -0.947897 -0.0800796 -0.0336275 0.537446 0.37575 -0.123403 : 0.7
0.647122 0.298286 0.880033 -0.883927 -0.196533 0.101235 -0.147693 0.734921 0.330443 : 0.8
0.708627 0.410016 0.928356 -0.854718 -0.345158 0.102855 0.146046 0.566543 0.213613 : 0.9
0.598217 0.3622 0.972016 -0.876597 -0.166214 0.122949 0.364936 0.887337 0.909741 : 0.4
0.527021 0.375319 0.729677 -0.905535 -0.365928 0.0124438 0.376242 0.727931 -0.240896 : 0.3
0.612663 0.379154 0.906447 -0.875902 0.0260121 0.139912 -0.0966632 0.33344 0.263316 : 0.9
0.696196 0.443579 0.878724 -0.885383 -0.267175 0.0579572 0.408678 0.433596 -0.561699 : 0.8
0.631651 0.41229 0.834682 -0.961023 -0.28258 0.224366 0.402687 0.624854 0.0447642 : 0.8
0.682667 0.407497 0.943792 -0.897686 -0.0296811 -0.0637939 0.0239588 0.35714 -0.0956374 : 0.7
0.667211 0.375903 0.921813 -0.870357 -0.256379 -0.0367081 0.506244 0.752783 -0.0292108 : 0.9
0.62917 0.396487 0.95535 -0.987631 -0.343911 0.120786 0.416014 0.703413 0.442357 : 0.5
0.666292 0.4035 1 -0.838591 0.104033 0.982524 0.320853 0.664831 -0.30181 : 0.6
0.713165 0.429637 0.953896 -0.977541 -0.125981 0.099748 0.476516 0.514586 0.539439 : 0.4
0.730828 0.443863 0.871487 -0.908817 -0.19403 -0.076794 0.224006 0.91851 -0.473871 : 0
0.738738 0.49077 0.929388 -0.83728 -0.173162 0.140641 0.32903 0.631674 0.236503 : 0.5
0.592874 0.213311 0.881264 -0.893765 -0.201591 0.0264646 0.593464 -0.257052 0.556752 : 0.6
0.69269 0.358678 0.897177 -0.943642 -0.327396 0.104967 0.479369 0.284619 0.415647 : 0.4
0.610006 0.368711 0.918074 -0.837614 -0.282451 -0.0212088 0.749005 0.691191 0.737021 : 0.7
0.740378 0.461342 0.820076 -0.879938 -0.166568 0.0173492 0.685465 0.449515 -0.688407 : 0.4
0.61737 0.537414 0.844819 -0.779811 -0.599726 0.0969023 0.858681 0.614957 1 : 0.6
0.706713 0.395095 0.869434 -0.987747 -0.113389 0.0859871 0.765715 0.930349 -0.106162 : 0.5
0.682071 0.379296 0.906157 -0.797364 -0.215796 0.0441434 0.573926 0.859037 0.788847 : 0.6
0.648287 0.356051 0.971307 -0.892012 -0.342295 -0.113334 0.622184 0.582462 -0.24737 : 0.7
0.625914 0.276266 0.922946 -0.958792 -0.131119 0.0189504 -0.00348523 0.59881 0.181307 : 0.6
0.623147 0.412645 0.967791 -0.832374 -0.256914 -0.0612592 1 0.847556 0.6916 : 0.8
0.586611 0.392789 0.957186 -1 -0.182014 0.106769 0.391636 1 -0.424106 : 0.5
0.627605 0.382721 0.799195 -1 -0.237636 0.137548 0.553334 0.55951 0.600313 : 0.6
0.746574 0.453782 0.874216 -0.798473 -0.105192 0.105008 0.587012 0.533463 -0.133936 : 0.6
0.682869 0.397808 0.807926 -0.832436 -0.331339 0.008443 0.382083 0.337856 0.35798 : 0.7
0.628098 0.357784 0.88115 -0.872299 -0.281696 0.0988188 0.432857 0.0384267 1 : 0.7
0.722992 0.375026 0.874159 -0.924998 -0.284877 0.36494 0.767781 0.624979 -0.0354754 : 0.7
0.694783 0.420623 0.807614 -0.920833 -0.00462866 -0.0352276 0.752389 0.856718 0.523392 : 0.7
0.638962 0.266923 0.854687 -0.929221 -0.218298 0.0573934 0.241728 0.728932 -1 : 0.6
0.602657 0.379189 0.92825 -0.895957 -0.161424 0.0927788 0.832118 0.802816 0.113198 : 0.4
0.737059 0.456706 0.89506 -0.935993 -0.271425 0.112456 0.297304 0.316915 0.377915 : 0.5
0.640271 0.452784 0.93466 -0.944774 0.0181099 0.153217 0.384168 0.572686 0.828222 : 0.4
0.693981 0.391606 0.952012 -0.846336 -0.247274 0.0229945 0.427415 0.556918 0.819002 : 0.7
0.674674 0.464882 0.890329 -0.795648 0.0118695 0.0264388 0.485022 0.611546 0.492664 : 0.4
0.521789 0.40189 0.863067 -0.936579 -0.261812 0.0580179 0.609404 0.420696 -1 : 0.7
