0.812092 0.372257 0.80248 0.130313 -0.245247 -0.538335 0.248802 0.23029 0.150432 : 0.5
0.63762 0.621862 0.733736 -0.261624 -0.152349 -0.597585 -0.27314 0.734489 -0.0708278 : 0
0.571737 0.523654 0.837985 -0.0757609 -0.685789 -0.422846 0.760092 0.18517 0.190906 : 0.4
0.691896 0.508246 0.967126 -0.313151 -0.55355 -0.440175 0.175077 -0.148617 -0.270293 : 0.3
0.573474 0.303319 0.779261 -0.272959 -0.179663 -0.871559 0.470146 0.963029 -0.0870068 : 0.4
0.608286 0.445011 0.882973 0.132495 -0.379541 -0.993918 0.349911 -0.709671 0.0203333 : 0.4
0.674171 0.767586 0.0707407 -0.0169014 -0.114238 -0.871085 0.443806 0.116588 0.163354 : 0.2
0.841487 0.247907 0.692755 0.348345 -0.497576 0.0901946 0.409761 0.0539004 0.170334 : 0.4
0.70717 0.63047 1 -0.0606374 -0.161808 -0.305682 0.663118 0.29765 -0.868834 : 0.5
0.52123 0.341751 0.770482 -0.642392 -0.126048 -0.492259 0.340964 0.206977 0.265126 : 0.3
0.219266 0.477778 0.841861 -0.191504 -0.212679 -0.283529 0.331496 0.152521 0.0474337 : 0.4
0.488984 0.355704 1 -0.030145 -0.377707 -0.599657 0.657718 0.687651 -0.249295 : 0.1
0.66595 0.527171 0.333058 -0.85763 -0.117505 -0.0459904 0.805778 -0.337494 0.0869838 : 0.3
0.690834 0.402316 0.886665 -0.0854569 -0.293758 -0.709458 0.8418 0.367592 0.420552 : 0.1
0.659544 0.530765 0.925819 -0.0010132 -0.000978023 -0.985563 1 -0.963598 0.55445 : 0.5
0.539123 0.419549 0.995192 0.459735 -1 -0.18208 0.449947 0.129429 0.679972 : 0.2
0.442172 0.446196 0.818554 -0.476024 -0.622014 -0.183163 0.418658 0.369067 -0.226367 : 0.2
0.514933 1 0.866799 -0.783989 -0.841152 -0.557883 0.543882 0.401054 -0.433391 : 0.5
0.752042 0.0195886 1 0.437481 -1 -0.476602 -0.109298 -0.181496 0.0769898 : 0
0.573089 0.51377 0.748511 -0.0238596 -0.888721 -0.502317 0.473261 -0.507523 1 : 0.6
0.605679 0.31163 0.80799 0.217438 -0.27811 -0.485231 0.690049 0.340359 -0.467711 : 0.2
0.698609 0.159782 0.941255 -0.380727 -0.622748 -1 0.197677 0.335266 0.0233812 : 0.3
0.563318 0.403533 0.863619 -0.672988 -0.4258 -1 0.701986 0.293982 0.176469 : 0.2
0.61991 0.279048 1 -0.399501 0.0102332 -0.290409 1 0.240723 0.814346 : 0.5
0.620074 0.504125 0.653987 -0.705363 -0.693287 -0.473381 -0.844257 0.661898 -0.057494 : 0.2
0.648913 0.887394 0.844385 -0.340621 -0.290633 -0.129964 0.299062 0.038243 -0.53067 : 0.6
0.598256 0.414617 0.841071 0.07875 -0.406095 -0.653771 -0.112809 -0.040453 0.472124 : 0.3
0.724652 0.536983 0.7838 -0.337677 0.38493 -0.538383 -1 0.121387 -0.0174097 : 0.2
0.454042 0.367384 0.787675 -1 -0.68097 -0.461586 0.151405 -0.874767 1 : 0.4
0.715463 0.584203 0.740527 -0.528775 0.177041 -0.760987 0.924752 0.977686 -0.352786 : 0.5
0.684747 0.364942 0.85822 0.0910363 0.400593 -0.653183 -0.2489 -1 0.577956 : 0.6
0.576775 0.487724 0.731104 0.332494 -0.517724 -0.489542 0.325014 0.155164 0.326527 : 0.3
0.836982 0.429117 0.896975 -0.606252 -0.19963 -0.260533 -0.0842809 -0.533926 0.0407305 : 0.3
0.624731 0.146245 0.78526 -0.61731 -0.732842 -0.268311 -0.243389 0.690182 0.308301 : 0.5
0.580757 -0.0774564 0.744737 -1 -0.547073 -0.559487 0.330938 -0.0982254 0.777576 : 0.5
0.689037 0.514066 1 -0.582215 0.0102218 0.0712572 0.741089 -0.740202 0.539192 : 0.1
0.73006 0.494719 0.789532 0.3953 -0.133869 0.144568 0.522398 -0.486056 -0.0750202 : 0.5
0.686669 0.372817 0.879486 -0.149987 -0.72247 -0.13559 0.650212 -0.181986 -0.124282 : 0.3
0.508188 0.453219 0.846995 0.458279 0.0922655 -0.594891 0.222958 0.0404645 0.909672 : 0.2
1 0.45855 1 -0.194975 -0.237679 -0.670206 0.376432 0.771574 -0.122586 : 0.4
0.598605 0.266539 0.944788 -0.573995 -0.170289 0.342825 0.303113 -0.0231747 0.19742 : 0.4
0.540069 0.421387 0.916934 -1 -0.17049 -0.346357 0.398467 -0.411672 0.465083 : 0.1
0.616781 0.357194 0.911437 -0.387254 0.172263 -0.319134 0.310245 0.132959 0.919356 : 0.4
0.684134 0.175966 0.968239 -0.342198 -0.623882 1 -0.0348631 0.209102 0.123063 : 0.5
0.616339 0.633529 0.819631 -0.0714085 -0.212209 -0.531297 0.774012 0.114773 0.227587 : 0.1
0.886919 1 0.605253 -0.326668 -0.455885 -0.117452 0.697069 -0.285757 -1 : 0.4
0.658143 0.500317 0.794714 -0.14966 0.135128 0.0436265 0.817916 -0.612307 0.160959 : 0.3
0.459001 0.520864 0.675449 -0.0742644 -0.190043 0.470398 0.150348 0.900008 0.0752539 : 0.5
0.612849 0.902239 0.264353 -0.240745 -0.758293 -0.939857 -0.380933 1 0.0404764 : 0.5
0.618843 0.525673 0.652066 0.68236 0.344075 -0.445108 0.474551 0.306397 0.179491 : 0.4
0.633798 0.394071 0.793532 -0.490234 -0.267516 -0.959207 -0.931252 0.621487 -0.737112 : 0.6
0.841043 0.572508 0.932826 -0.0919341 -0.47622 -1 -0.01895 0.024163 0.11616 : 0.2
0.637366 0.478675 0.741681 -0.470882 -0.137887 -0.434846 0.158191 0.065621 0.269885 : 0.2
0.714548 0.345005 0.614046 0.126344 -0.902507 -0.278916 -0.183742 -0.0996563 -0.234406 : 0.2
0.542968 0.422597 0.820669 -0.772033 -0.255211 -1 -0.302451 -0.0785816 -0.746529 : 0.1
0.391988 0.575271 1 -0.210032 0.0771575 -0.478856 0.377254 0.646146 0.262005 : 0.2
0.590645 0.527232 1 -0.641917 -0.0774289 -0.36107 -0.200221 1 -0.863736 : 0.4
0.730647 0.657082 0.81715 -0.792832 -0.858202 0.0434472 0.0536039 0.186512 0.299865 : 0.4
0.814241 0.331841 0.893286 -0.809772 -1 0.146081 -0.129956 0.956222 0.566058 : 0.2
0.797383 0.350761 0.558338 -0.856579 -0.0742067 -0.604873 -0.399741 -0.778996 0.0851171 : 0.1
0.678708 0.235522 0.884876 0.0397647 0.261915 -0.321831 0.349506 0.37695 -0.354714 : 0.3
0.864776 0.516344 0.887164 -0.323802 -0.244719 -0.472075 -0.696592 0.164751 0.591006 : 0.3
0.901936 0.272234 0.611832 0.339444 -0.128999 -0.503165 0.674435 0.0268799 0.563549 : 0.5
0.713906 0.253279 1 0.566095 -0.417094 0.72139 -0.0703483 0.16002 -0.31025 : 0.3
0.441751 0.298194 0.462786 -0.440455 -0.118614 -1 0.713404 0.113024 0.641412 : 0
0.646153 0.522972 0.718384 -1 0.240234 -0.541481 -0.459795 0.402983 -0.110101 : 0.4
0.445525 0.600837 0.7845 -0.175675 0.23465 -0.637414 1 -1 1 : 0.6
0.717139 0.62194 0.826196 0.0186937 0.163434 -0.572803 0.242882 0.914272 -0.108127 : 0.6
0.62703 0.343171 0.967086 -0.0561292 -0.841973 -0.317561 0.280763 -0.164231 -0.0818543 : 0.2
0.552054 0.385537 0.615461 -0.612075 -0.173295 -0.731584 0.971006 0.378593 0.215123 : 0.6
0.620527 0.26788 0.705527 -0.3407 -0.0750742 -0.298873 0.453084 -0.342876 0.80548 : 0.2
0.749068 0.297926 0.893969 0.166285 -1 -0.260082 1 -0.256392 -0.538701 : 0.2
0.4771 0.289478 0.773956 -0.928547 -0.315626 -0.176739 -0.0476543 1 -0.158854 : 0.6
0.608794 0.555692 0.751091 -0.870917 -0.87268 -0.324577 -0.462409 0.786022 0.351153 : 0.1
0.770067 0.634342 0.907949 0.138547 -1 -0.931516 0.227818 1 0.810792 : 0.1
0.643673 0.476279 0.877042 0.116459 -0.00787487 -0.801094 0.222422 0.457166 0.423067 : 0.3
0.522431 0.466454 0.788983 0.285004 -0.935503 0.210765 0.294733 -0.153371 -0.0733372 : 0.3
0.450076 0.740596 0.666154 0.059539 -0.620806 -0.265304 0.818715 0.457498 0.850802 : 0.2
0.596962 0.521257 0.859901 -1 -0.628531 -0.452929 -0.190638 -0.126118 0.442211 : 0.3
0.617443 0.623786 1 -0.058718 -0.0237639 -0.384559 0.713996 0.17654 0.313611 : 0.1
0.645622 0.357074 0.779664 -0.26331 0.709401 -0.337787 0.51941 0.390585 0.331567 : 0.1
0.511582 0.501917 0.83136 -0.346252 -0.0373434 -0.124182 -0.343831 0.799167 0.0516671 : 0.5
0.695291 0.461227 1 0.355797 0.0590093 -0.295782 -1 0.0490572 -0.259248 : 0.3
0.645513 0.570464 0.733135 0.662853 0.635142 -0.35496 -0.236038 0.434492 -0.132005 : 0.2
0.541583 0.380228 0.902992 -0.784485 -0.821636 0.0653208 0.204931 0.186688 -0.103389 : 0.4
0.889525 0.679439 0.80965 0.214664 -0.82635 -0.369522 0.734043 0.0664519 1 : 0.4
0.626898 0.369437 0.548689 -0.255068 -0.32594 -1 -0.623857 0.851428 0.0491172 : 0.7
0.558156 0.704874 0.774144 0.611412 0.0906878 -1 0.0468608 0.0251008 -0.322006 : 0.5
1 0.492595 0.972227 -0.471307 0.38543 -0.791034 0.786535 -0.247699 -0.894248 : 0.1
0.657772 0.390857 0.913121 -0.623385 -0.261817 -0.340617 0.471805 0.460189 0.180874 : 0
0.68352 0.51251 1 -0.13454 -0.148962 0.124452 0.22946 0.23599 0.064947 : 0.4
0.688459 0.427025 1 0.663401 -0.167358 -0.777657 0.371817 -0.827816 -0.0650302 : 0.2
0.424708 0.363102 0.711268 -0.474219 -0.0558337 -0.392264 0.0746064 -0.301559 0.148588 : 0.4
0.62205 0.426044 0.786768 0.358329 -0.287485 -0.549332 -0.337238 -0.571621 -0.222369 : 0
0.728578 0.38405 0.9434 -0.187569 -0.80014 -0.128509 0.177779 0.319694 -0.301426 : 0.4
0.710344 0.374889 0.839287 0.0406315 -0.375728 -0.810424 0.284522 0.428799 -0.348657 : 0.5
0.554017 0.387466 0.76629 -0.848276 -0.25017 -0.217408 0.630441 0.532956 0.253108 : 0.6
0.610482 0.28918 0.858931 -0.725338 -0.439543 -0.644747 0.483674 0.62563 -0.631911 : 0.5
0.221768 0.567725 0.916952 -0.409198 -0.382267 -0.511871 -0.219627 0.394906 0.151917 : 0.3
0.591421 0.477655 0.788715 -0.771374 -0.2811 -0.906319 0.235421 0.403679 0.426494 : 0.5
0.668854 0.429315 0.626768 -1 -0.512073 -0.359155 0.39146 -1 -0.0929175 : 0.1
0.592509 0.350764 0.802185 -0.276213 -0.691187 -0.501891 0.754002 -0.0708138 0.349612 : 0.5
0.734751 0.411855 0.858822 -0.368285 -0.632048 -0.739038 0.798919 0.15396 -0.36576 : 0.5
0.730054 0.486154 0.850378 0.891512 -0.421248 0.308425 -0.152635 -0.065842 -1 : 0.2
0.391555 0.2192 0.862738 -1 -0.35889 -0.0962997 -0.174667 0.577899 0.236633 : 0
0.55779 0.281855 0.729431 0.298044 -0.260149 -0.631747 0.478547 0.384333 -0.0980404 : 0.4
0.783655 0.589728 0.877357 -0.699132 -0.645382 -0.49266 -0.698733 0.767186 -0.31332 : 0.3
0.555494 0.333486 0.824531 -0.174458 -1 -0.366494 0.626291 1 0.0396106 : 0.2
0.726062 0.321919 0.845164 0.188401 -1 -1 -0.0704155 0.430433 -0.00486076 : 0.5
0.618251 0.57315 0.79598 -0.857969 -1 -0.713477 -0.979476 0.620868 0.161763 : 0.3
0.517903 0.607289 0.574267 -0.341943 -0.146004 -0.0858703 0.491711 0.150193 0.175021 : 0.2
0.555541 0.368414 1 -0.251075 -0.389932 -0.486486 -0.64395 0.309209 0.197952 : 0.7
0.698187 0.261769 0.895317 0.296462 -0.469696 -0.235619 0.120829 -0.0659361 0.537255 : 0.3
0.686104 0.252604 0.834491 0.0365515 -0.560279 0.176204 0.347698 0.731839 -0.89255 : 0.4
0.673884 0.586763 0.838596 -0.0455947 -0.788362 -0.882286 0.0235012 1 -0.0580297 : 0.5
0.65832 0.346783 0.804169 -0.254619 -0.295948 0.112988 0.496882 0.565298 -0.278579 : 0.3
0.715895 0.398122 0.972657 -0.561344 -0.328456 -1 -0.182094 -0.230293 -1 : 0.2
0.609861 0.353556 1 -0.284831 -0.119007 -0.818109 1 0.62533 0.811569 : 0.4
0.628216 1 0.958957 -0.256238 -0.140515 -0.137357 0.125646 0.113986 -0.139151 : 0.7
0.66557 0.476615 0.923586 -0.600344 -0.0674079 -0.604152 0.587287 -0.117167 -0.0500173 : 0.2
0.63145 0.496495 0.819672 0.597468 -0.0166312 -0.390216 0.877008 -1 -0.400939 : 0.7
0.691519 0.724559 0.964504 -0.118097 -0.562971 0.132277 0.239554 0.164873 0.221249 : 0.3
0.682494 0.264371 0.813932 -0.608971 -0.698952 -0.701808 0.674466 0.0829067 0.59024 : 0.5
0.795221 0.277615 0.521442 -0.680945 -0.405021 -0.88203 1 1 0.0959287 : 0.3
0.727978 0.639513 0.94612 -0.746023 0.678826 -0.505182 1 -0.932748 -0.060588 : 0.3
0.626808 0.448083 0.759437 -0.862382 -0.833232 -0.0335054 0.618406 0.283627 -0.979126 : 0.4
0.777361 0.568008 0.682414 -0.49892 -0.148482 -0.164354 0.294467 0.232138 0.0478052 : 0.3
0.78693 0.413235 0.919187 -0.0614413 -0.704106 -0.127873 0.180891 -0.149772 -0.254911 : 0
0.818224 0.24822 1 -0.909185 -0.170076 -0.301164 0.186868 -0.0572563 -0.0239162 : 0.5
0.717118 0.481349 0.92893 -0.268803 -0.546142 -0.0978327 0.113894 -0.616151 -0.213649 : 0.1
0.472211 0.38787 1 0.167 -0.110529 -0.570482 0.606452 1 0.104391 : 0.4
0.675588 0.981276 0.79274 0.184638 -1 -0.309846 1 0.319979 -0.0295967 : 0.5
0.553154 0.387733 0.803374 0.123412 0.193383 -0.52488 -0.530881 0.0921863 0.303054 : 0.6
0.603294 0.600635 0.996306 -0.726885 0.0477803 -0.494151 0.617655 -0.14675 -0.444741 : 0.6
1 0.479746 0.98113 -0.310778 -0.621962 -0.99535 -0.25581 -0.00513081 0.0464243 : 0.4
0.571545 0.321769 0.776441 -0.865973 -0.424428 -0.292392 0.0145733 0.44227 0.138608 : 0.3
0.676421 0.502007 0.732024 -1 -0.0080003 0.0379502 0.216004 0.150542 -0.66685 : 0.7
0.827349 0.474117 0.604869 -0.0931553 -0.335693 -0.385047 0.951722 -0.256407 -0.0688788 : 0.2
0.592553 0.569045 0.843564 -0.479995 -0.327651 -0.265497 0.569411 0.287831 0.394077 : 0.2
0.610779 0.442817 0.851016 -0.349769 -0.513501 -0.878295 0.820006 0.465207 -0.385864 : 0.2
0.719513 0.264564 0.783198 -0.724925 -0.470937 -0.385327 -0.113089 -0.817237 0.887066 : 0.6
0.390917 0.29912 0.817083 -0.337116 -0.196816 -0.203027 0.129286 0.046657 0.232957 : 0.2
0.770793 0.709273 0.831392 -1 -0.18007 0.798531 0.178471 0.142564 0.170853 : 0.2
0.546294 0.363543 0.936074 -0.951523 -0.0318044 -0.475111 -0.748463 0.966273 0.403178 : 0.4
0.720486 0.34985 0.943858 -0.460928 0.31183 -0.688597 0.148318 0.0513799 0.307026 : 0.6
0.759482 0.307044 0.411534 -0.275112 -0.240726 -0.242056 1 -0.221544 0.553438 : 0.6
0.43992 0.354831 1 -0.0079816 -0.115932 -0.427945 -0.309936 0.0555896 -0.499918 : 0.4
0.518526 0.969101 0.885602 -0.72051 -0.547703 -0.551006 -0.074784 0.107678 -0.507831 : 0.3
0.55997 0.41826 0.745639 0.30944 -0.262326 -1 0.697736 -0.547863 0.475532 : 0.5
0.840399 0.510988 0.802472 -0.266827 0.063015 0.103424 0.299165 -0.00352301 0.147263 : 0
0.976894 1 0.638044 -0.98873 -0.135885 -0.244364 0.343782 0.279847 -0.831066 : 0.3
0.6232 0.434561 0.863559 0.288804 -0.0297783 -0.347415 0.390511 -0.409568 0.810994 : 0.5
0.681855 0.483215 1 -0.0978583 -0.830941 -0.135982 0.183721 0.104354 -0.0892173 : 0.1
0.58146 0.341604 0.663475 0.0483195 0.179727 -0.95864 0.688136 0.378654 0.0706669 : 0.4
0.689557 0.630488 0.877872 -1 -0.090306 0.0193812 -1 0.523157 0.468273 : 0.4
0.499493 0.625865 0.938883 -0.634901 -0.523949 0.132227 0.126735 0.240474 0.0895989 : 0.5
0.682859 0.64368 0.914839 -0.280518 -0.0437832 -0.198707 -0.352701 0.0429905 -0.429665 : 0.4
0.604907 0.200215 0.906036 -0.215291 -0.0390934 -0.694111 1 0.37244 0.159238 : 0.1
0.756297 0.416369 0.655781 -0.175912 -0.795666 -0.359988 0.411121 0.352624 -0.129179 : 0.5
0.378398 0.468852 0.69019 0.00465786 -0.629541 -0.43316 -0.355052 0.203609 -0.468914 : 0.2
0.627132 0.435631 0.700521 -0.826286 -0.417329 -0.188446 0.966515 0.453386 0.250601 : 0
0.405944 0.524809 0.923185 -0.703316 0.217988 -0.105713 0.255936 0.19794 1 : 0.6
0.657436 0.666694 0.932554 -0.756013 -0.402509 -0.268336 -0.93149 0.973966 -0.0360632 : 0.6
0.613644 0.616649 0.794861 -0.779545 -1 -0.416543 -0.309429 0.174092 0.206091 : 0.2
0.617408 0.422998 0.440962 -0.575227 -0.0887698 -0.273912 0.550265 -0.726349 -0.0348377 : 0.6
0.55672 0.581569 0.855279 -0.0446169 0.135275 -0.645417 1 0.818501 -0.0240276 : 0.3
0.634334 0.573285 0.670855 0.0803203 -0.144474 -0.167276 0.55526 0.182114 1 : 0.4
0.644889 0.498255 0.770687 -0.762017 0.0494922 -0.136368 0.800323 0.398131 0.858326 : 0.5
0.565645 0.569467 0.772186 -0.557571 -0.594501 -0.132998 0.36225 0.909224 -0.105569 : 0.2
0.922833 0.428602 0.671192 -0.204703 -0.00786671 0.0407311 0.0902498 0.0339933 -1 : 0
0.869821 0.37982 0.873273 -0.250156 -0.62595 -0.933496 -0.00457307 0.424928 0.524325 : 0.4
0.352367 0.317915 0.976523 0.0507435 -0.398049 -0.606931 0.47139 0.772264 -0.240457 : 0.6
0.670657 0.435412 0.612499 0.0343466 -0.509293 -0.419345 -0.168011 0.0247907 0.19487 : 0.4
0.653865 0.508331 0.825556 -0.25428 -0.565719 -0.383338 0.00226889 0.035595 -0.118385 : 0.5
0.605306 0.492925 0.714113 -0.0218724 -0.48812 -0.483176 0.443644 -0.503895 0.214195 : 0.6
0.665031 0.396194 0.520581 -0.756434 -0.00605578 -0.27091 -0.0180338 0.661303 0.407699 : 0.6
0.967788 0.351341 0.824468 0.49094 -0.424394 -0.466894 -0.390776 -0.38536 0.525221 : 0.4
0.758918 1 0.61945 0.0963286 -0.222776 -1 0.218337 -0.489616 0.133623 : 0.1
0.982166 0.493156 0.951692 -0.44915 -0.291443 -0.372014 0.325154 -0.0660571 0.115121 : 0.3
0.583477 0.463579 0.676714 -0.215397 -0.519579 -0.0941026 0.565313 0.214322 -0.400767 : 0.5
0.649189 0.512467 1 -0.236456 -0.798453 -0.679636 -0.424318 -0.986896 0.406391 : 0.5
0.624309 0.234279 0.996063 0.697189 -0.356523 -0.61956 0.237867 0.120806 0.727601 : 0.3
0.666661 0.493183 1 -0.7075 -0.477115 -0.384378 0.343412 -0.0640791 -0.546678 : 0.2
0.646856 0.360052 0.964088 -0.974024 -0.112266 -0.216965 0.142585 0.445659 0.0146106 : 0.3
0.400561 0.486418 0.872529 0.113639 -0.936933 -0.388472 0.303791 0.0306817 0.253337 : 0.5
0.638927 0.266631 0.589781 -0.25539 -0.21326 -1 0.217441 -0.181255 0.239621 : 0.2
0.800908 0.340769 0.885246 -0.342792 -0.131432 0.160907 0.12028 0.371104 0.265709 : 0.4
0.608745 0.703096 0.94224 -0.860133 -0.677457 -0.175791 -0.81359 0.507424 0.472256 : 0.5
0.456053 0.395753 0.698526 1 -0.340019 0.066756 0.770606 0.326094 0.0495112 : 0.4
0.670947 0.705555 0.700165 -0.779334 0.0653145 -1 0.473547 -0.104922 0.375192 : 0.3
0.729692 0.522899 0.864458 -0.554546 -0.202733 -0.526724 0.108185 -0.563984 -0.0673215 : 0.3
0.520036 0.296859 1 -0.552917 -0.1332 -0.356407 0.267359 -0.133651 0.017673 : 0
0.682475 0.615752 1 -0.147361 0.0969173 -0.707674 0.391986 0.0348073 0.0733446 : 0.5
0.904596 0.316767 0.642248 -0.253812 0.0725376 -0.700351 0.195538 0.0307381 -0.146539 : 0.2
0.386241 0.232208 0.948947 -0.354564 0.181625 -0.073114 -0.161698 0.34476 0.53932 : 0.4
0.691621 0.458687 1 -0.0279334 -1 -0.404262 0.250305 -0.760703 -0.0235263 : 0.3
0.604422 0.521296 0.798836 -0.305105 -0.46196 -0.495676 0.223015 0.220211 0.285961 : 0.5
0.716749 0.571778 0.825993 -0.428922 0.240851 0.741139 0.528958 0.191135 0.40046 : 0.3
0.61316 0.46998 0.887653 -0.544068 -0.405589 -0.741982 0.515098 -0.553307 -0.10899 : 0.2
0.592097 0.583147 0.930088 -0.656038 -0.158308 -0.284975 -0.312735 -0.0226755 -0.137284 : 0.1
0.68461 0.611951 0.733311 -1 0.129767 0.959201 0.898924 -0.607296 0.102612 : 0.8
0.904718 0.405534 0.831088 -0.134379 -0.0632867 -0.0269485 0.237514 -0.749388 -0.507761 : 0.4
0.546081 0.608316 0.908167 -0.372622 -0.244684 0.137707 0.47331 1 0.0642542 : 0.2
0.477711 0.392371 0.505375 -0.827004 -0.381525 -1 0.922239 1 0.0187748 : 0.5
0.9393 0.610831 0.731466 -0.0825818 0.991888 0.395694 0.431407 0.0912037 0.0536265 : 0.7
1 0.388324 0.954889 -0.412336 -0.0758805 -0.486426 1 -0.138049 -0.487568 : 0.1
0.359895 0.154282 0.694221 -1 -0.508357 -0.515886 0.375973 0.424667 0.263258 : 0.3
0.620819 0.443193 0.924207 -1 -1 -0.36855 0.356061 -0.085013 -0.23728 : 0
0.75187 0.613183 0.991823 -1 0.375692 -0.267911 0.616334 0.107557 0.627173 : 0.1
0.63016 0.296562 1 -0.117949 -0.0673112 -0.433712 -0.0498912 0.177873 -0.328102 : 0.2
0.558215 0.402677 0.922805 -0.474689 -0.0364088 -0.746845 0.051351 0.346125 -0.0537003 : 0.5
0.566678 0.376554 0.810284 0.395206 -0.237041 -1 0.293927 0.450755 0.119939 : 0.4
0.585203 0.262568 0.767782 -0.336132 0.277673 -0.293779 0.55598 0.0624837 -1 : 0.5
0.562101 0.913593 0.693429 -0.160037 -0.186705 0.0463845 -0.0316585 -0.49951 0.296577 : 0.5
0.639254 0.439749 0.607773 0.0358548 -0.11392 -0.0624194 0.672133 0.688359 0.00200543 : 0.4
0.637353 0.297428 0.916956 -0.0879641 -0.146824 -0.574178 0.662656 -0.285158 -0.0607378 : 0.4
0.476333 0.682735 0.782576 -0.797831 -0.815056 -0.293845 -0.108034 0.516895 -0.68279 : 0.4
0.650921 0.0733343 0.935454 0.140626 -0.232269 -1 0.103748 0.418471 -0.490733 : 0.1
0.621395 0.449044 1 -0.297648 -0.286823 -0.418105 -0.727953 -0.784207 0.891019 : 0.3
0.669504 0.571261 0.732655 0.224668 -0.248737 -0.234417 -0.0943239 -0.755082 -0.228519 : 0.2
0.535301 0.388347 0.600518 -0.682436 0.0488795 -0.550753 1 -0.7328 -0.114081 : 0.2
0.541893 0.269459 0.570466 -0.488922 -0.0920185 -0.110418 0.7634 1 0.518368 : 0.3
0.803114 0.375194 0.641794 -0.413227 -0.768837 -0.141497 0.377116 0.317232 0.179053 : 0.3
0.791776 0.412419 1 -1 0.0137039 -0.428934 0.435276 -0.811941 0.114662 : 0.5
0.559995 0.458921 0.826986 -0.868361 -0.494284 -0.552202 0.426788 -0.158641 -0.0677615 : 0.2
0.44353 0.341006 0.945878 -0.0103796 -0.442477 -0.0649902 -0.0918334 -0.0609603 -0.125697 : 0
0.760563 0.543788 0.83688 -0.168847 0.00941259 -0.595228 0.0780215 0.443919 -0.404134 : 0.4
1 0.6383 0.813354 -0.874288 -0.411134 -0.466474 0.796479 0.160693 -0.592551 : 0.4
0.914034 0.911764 0.924912 -0.312035 -0.654595 -1 -0.0678197 -0.337373 0.303289 : 0.1
0.583875 0.388984 0.771503 -0.859262 -1 -0.335049 -1 1 0.221956 : 0.2
0.607132 0.550191 0.861655 0.204939 -0.39656 -0.354237 0.394266 -0.128769 -1 : 0.4
0.739623 0.709862 0.818546 0.127872 -0.0864919 -0.245176 0.0294487 -0.294191 0.0931551 : 0.5
0.564316 0.705209 0.947141 -0.384115 -0.403622 -1 0.367409 -0.0229993 0.423136 : 0
1 0.422199 1 -0.768753 -0.448391 0.144339 0.176379 0.0598875 -0.308964 : 0.2
0.963389 0.449958 0.767259 -0.737363 -0.190456 0.0863892 0.207731 0.0228524 -0.739831 : 0.2
0.659412 0.4286 0.897507 -0.0529334 -0.392148 -0.219691 -0.117423 0.0996032 -1 : 0.1
0.638888 0.501728 0.919815 -0.39163 -0.687938 -0.200329 -1 0.106019 0.538514 : 0.1
0.634965 0.354293 0.768683 -0.858375 -0.370176 -1 -0.133925 0.416182 -0.936987 : 0.4
0.664526 -0.217123 0.894283 0.417578 -0.111891 -0.111269 -0.104392 0.634348 0.387268 : 0.5
0.935899 0.764273 0.656486 -0.977774 0.0751605 0.173582 0.150025 0.0805464 0.00193548 : 0.1
0.54444 0.536645 0.76776 0.152529 -0.182514 -0.293356 0.509484 0.0306759 0.626935 : 0.5
0.661395 0.32462 0.521529 -0.0866514 -0.456068 -0.282541 0.274551 -0.398301 0.5269 : 0.2
0.596241 0.372085 0.787098 -0.790984 -0.0343216 -0.358448 -0.319786 0.48315 0.378948 : 0.4
0.549305 0.335989 0.623359 0.614615 -0.15954 -0.92482 0.632088 0.484254 0.0857844 : 0.1
0.523154 0.392883 0.855181 0.783714 0.0373485 -1 -0.0683708 0.91992 0.386178 : 0.1
0.628368 0.665822 0.642558 -0.488361 -0.641233 -0.903595 0.192253 -0.853531 -0.0409543 : 0
0.64412 0.304121 0.732923 -0.160396 0.0123645 -0.168772 0.649896 0.264171 -0.244165 : 0.5
0.703148 0.265866 0.665064 -0.169603 -0.417688 -0.283011 0.0523127 -1 0.743232 : 0.6
0.728363 0.391062 0.76424 -0.453757 -0.542751 -0.38798 0.286701 0.170947 -0.31805 : 0.5
0.696321 0.340556 0.967101 -0.535102 -0.0996566 -0.35887 0.456284 -0.24033 0.929188 : 0.3
0.753018 0.471818 0.259383 -0.983469 -0.336639 -0.460199 0.442555 -0.225221 -0.0295413 : 0.1
0.496433 0.272996 0.890892 -0.795676 -0.569391 -0.0824666 0.460158 0.228905 0.065181 : 0.4
0.526981 0.599952 1 -0.0804692 -0.593442 -0.911145 0.621555 0.187757 0.339636 : 0.2
0.752727 0.574325 1 -0.166235 -0.459171 -0.364839 -0.113347 0.0588877 0.547141 : 0.1
0.613414 0.416602 0.757083 -0.553749 -0.45031 -0.647353 0.629836 0.498135 -0.353706 : 0.5
0.648166 0.144135 0.98335 -0.359849 -0.211984 0.19061 0.0435405 0.376885 -0.145688 : 0.2
0.569539 0.517688 0.91061 -0.0934568 -0.500907 -0.454428 0.498575 0.148789 0.734844 : 0.5
0.603098 0.606704 0.450231 -0.00341535 0.112668 -0.235049 0.311881 0.89554 0.534327 : 0.1
0.837969 0.338345 0.788112 -0.289044 -0.322937 -0.661492 -0.981246 0.0496672 -0.615992 : 0.1
0.576215 0.475019 0.923193 -0.358851 -0.203016 -0.588978 -0.0634006 0.270559 0.517273 : 0.3
0.669166 0.349638 0.967975 -0.0825795 -0.760974 -0.265389 -0.0654503 -0.170298 -0.076249 : 0.4
0.850582 0.577384 0.846124 -0.456686 -0.389463 -0.439239 0.271852 -1 0.470267 : 0.1
0.593945 0.272365 0.691561 -0.894115 -0.505735 -0.48813 0.427467 0.745898 -0.14248 : 0.5
1 0.262441 0.604889 0.253786 0.167856 -0.405128 0.0208318 -0.366887 -0.172335 : 0.4
0.676636 0.628336 0.966264 -0.745827 0.0864204 -0.464539 0.332621 0.491322 0.411679 : 0.2
0.577514 0.302287 0.830598 -0.242891 -0.381715 0.110049 0.388483 0.315454 0.921372 : 0.4
0.601295 0.495385 0.785251 -0.313297 -0.0117796 -1 -0.450586 0.0784747 0.163745 : 0.1
0.597827 0.369167 0.887179 0.284182 -1 -0.101658 0.236896 1 0.0699981 : 0.5
0.476029 0.360358 0.624283 -0.0895998 -0.30391 -0.272805 -0.54353 0.312165 0.150029 : 0.6
0.580441 0.438548 0.81218 -0.149353 -0.579998 0.400881 0.0697338 0.119466 0.648044 : 0.2
0.541341 0.470113 0.587759 -1 -0.0068118 -0.129509 -0.172986 1 -0.613317 : 0.3
0.812399 1 0.650724 -0.85297 0.0767624 -0.210291 0.693958 0.0650264 -0.421594 : 0.4
0.634254 0.513004 1 -1 0.313269 -0.915758 0.586465 0.490819 0.435536 : 0.5
0.667142 0.466306 0.982983 -0.683076 0.0298498 -1 0.0326087 0.0268857 0.0438904 : 0.2
0.655989 0.532715 0.812743 -0.871827 -0.519924 -0.498897 0.287026 0.898304 0.128817 : 0.4
0.798059 0.489989 0.979765 -1 -0.331437 0.250852 0.123918 -0.140764 0.133257 : 0.5
0.771694 0.578341 0.817205 -0.889562 -0.18172 -0.420409 0.393396 -0.10848 -0.0739643 : 0
0.616068 0.507505 0.814026 0.0513095 -0.0268523 -0.605799 -0.477392 0.185679 0.368158 : 0.4
0.545835 0.388959 0.763585 -0.546865 -0.122696 -0.401557 1 0.499726 0.241439 : 0.3
0.657557 0.623514 0.246663 -0.130361 -0.532379 -0.242791 0.0568377 0.0505115 -0.463536 : 0.1
0.553941 0.262465 0.969003 0.221963 -0.177747 -0.468575 0.35145 -0.593382 0.208169 : 0.4
0.700251 0.617465 0.700893 0.224737 0.0652438 0.103128 -0.31238 0.714463 0.7193 : 0.4
0.647132 0.473791 0.981271 -0.321451 -0.634386 -0.463009 0.184739 0.129263 0.209362 : 0.5
0.799776 0.311297 0.993821 -0.212917 -0.166013 -0.500613 0.12784 -0.213485 -0.330005 : 0.5
0.81633 0.723908 0.749986 -0.887488 -0.206477 -0.469765 0.498965 0.5731 -0.314066 : 0.4
0.601925 0.475792 0.883944 -0.233568 -0.112669 -0.401163 0.0124636 0.48002 0.018812 : 0.4
0.473882 0.464524 0.816413 -0.427375 -0.0301203 -0.202309 0.163867 0.179292 0.351922 : 0.5
0.3925 0.439865 0.930724 -0.115242 -0.302992 -0.490659 0.345955 -0.571777 0.417932 : 0.4
0.425303 0.530271 0.774667 -0.194724 -0.40725 -0.93357 -0.245115 0.148114 1 : 0
0.798493 0.0983269 0.362548 -0.606551 0.537313 -0.188884 0.65996 -0.30437 -0.307094 : 0.3
0.635011 0.403398 1 -0.923918 -0.248035 -0.0206671 0.437579 0.0693537 0.346473 : 0.5
0.643711 0.49998 0.376346 1 0.0949068 -0.275279 0.457973 0.730654 -1 : 0.5
0.640286 0.505047 0.718967 -0.190576 -0.325621 0.014175 0.882288 0.780982 -0.235345 : 0.5
0.812436 0.411917 0.868612 0.163089 -0.0472754 -0.334774 0.0556994 -0.15955 -0.0796074 : 0.4
0.588916 0.233744 0.681516 -0.267532 -0.483081 -0.362175 -0.836149 0.171911 -0.326826 : 0.3
0.62364 0.573593 0.834831 -0.728868 -0.00133088 -0.791167 -0.218519 0.246555 0.440139 : 0.4
0.810462 0.406095 0.984291 -0.0199531 -0.857427 -0.0731056 0.596994 -0.0726959 1 : 0
0.619166 0.507329 0.519316 0.105095 -0.387701 -0.327177 -0.19573 0.159893 0.757071 : 0.3
0.622398 0.527305 0.974065 -0.0695608 -0.356716 -0.264621 0.36064 0.239977 0.142248 : 0.1
0.482623 0.404882 1 0.361217 -0.815619 0.0229957 0.482371 0.808341 -0.040053 : 0.2
0.197992 0.353341 1 -0.0616861 -0.139764 -0.264158 0.0708587 1 1 : 0.2
0.61947 0.452949 0.739433 0.312885 -0.430762 -0.699873 0.439284 0.104313 -0.419244 : 0.5
0.694233 0.601216 1 -0.33189 0.286045 -0.493511 -0.824701 0.567504 -0.391558 : 0.7
0.597664 0.289264 0.77785 -0.602184 0.230034 -0.483872 1 0.236385 0.011783 : 0.1
0.549321 0.359512 0.956119 0.340422 -0.847349 -0.401148 0.185437 -0.0116008 -0.448344 : 0.2
0.635632 0.406185 1 0.32866 -0.374479 -0.281313 -1 0.80717 -0.325946 : 0.3
0.641581 0.273797 1 0.427603 -0.811479 -1 0.375999 0.162346 0.0702425 : 0.8
0.348174 0.258172 0.768724 -0.243138 0.0262377 -0.378512 0.21782 -0.222055 0.411006 : 0.2
0.583874 0.291316 0.77098 0.166538 -0.179318 -0.182035 0.547499 -0.903298 0.268429 : 0.2
0.601671 0.425735 0.78427 -0.317585 -0.56439 -0.312592 0.510322 0.836529 -0.589528 : 0.4
0.552984 0.530926 0.806259 1 -0.440927 -0.402782 0.540141 0.288084 -0.431043 : 0.5
0.670408 0.208029 0.977453 -0.850727 -0.350331 0.548928 0.0640937 0.145889 0.570122 : 0.1
0.374667 0.372669 0.999628 -0.212214 0.285897 -0.451479 -0.0559373 0.0458525 0.638654 : 0.4
0.556438 0.449172 0.780878 -0.0100846 0.217984 -0.181568 0.687099 0.494277 0.917731 : 0.3
0.509565 0.35706 0.574597 -0.827903 -0.289106 -0.0791335 0.281805 0.0465878 0.084217 : 0.5
0.425358 0.292883 0.538296 -0.254527 -0.216431 -0.213487 0.691576 -0.186089 0.290082 : 0.5
0.558012 0.331433 0.839358 -0.0983735 0.0817508 -0.44072 -0.0866529 -0.0487251 -0.88406 : 0.4
0.501677 0.377253 0.801874 -0.0280503 -0.392969 -0.443186 0.12471 -0.873493 0.426766 : 0.4
0.77865 0.734929 0.786249 0.225912 0.380155 -0.757029 -0.108646 -0.374821 0.131803 : 0.3
0.626244 0.322578 1 -0.249237 0.271149 -0.144624 0.546719 0.716366 1 : 0.2
0.66251 0.646958 0.34955 -0.398729 -0.589046 -0.392694 -0.0832534 -0.2774 0.674884 : 0.2
0.741764 0.426757 0.669681 -0.00823392 -0.493981 -0.617773 0.334393 -1 0.987698 : 0.4
0.687461 0.497382 0.831918 -0.307637 -0.259564 -0.0238457 -0.187394 0.177336 -1 : 0.3
0.643861 0.426293 0.99861 0.29024 -0.312963 -0.443596 0.203035 0.387284 0.662129 : 0.7
0.842046 0.939211 0.633608 -0.0502954 -0.456088 -0.0476431 0.118289 0.290983 0.30758 : 0.5
0.63511 0.701584 0.874845 -0.90127 -0.284382 -0.131691 0.657996 0.189738 -0.0167588 : 0.3
0.670264 0.493645 0.699883 -0.853539 -0.117556 -0.298477 -0.00342529 -0.413433 0.246687 : 0.3
0.620376 0.362475 0.952549 -0.385146 -1 -0.12016 0.311189 0.0773104 -0.0148047 : 0.3
0.569104 0.294833 0.744216 -0.552316 -0.237193 -0.427299 0.98315 0.636968 -0.106345 : 0.3
0.618562 0.226217 0.618279 -0.649763 -0.260627 -0.907643 0.446759 0.396992 0.0746549 : 0
0.590371 0.645567 0.875146 -0.461693 0.0477404 -0.649186 0.429443 -0.181712 0.912183 : 0.4
0.438175 0.342412 0.97539 -0.398617 -0.601619 -0.409183 1 0.241387 0.0522275 : 0
0.197362 0.077216 0.615771 0.0576239 -0.837303 -0.163805 -0.147328 -0.276196 -0.076339 : 0.2
0.679896 0.364344 0.66746 -0.00256178 -0.572318 -0.567743 -0.126366 1 0.498477 : 0
0.559993 0.352812 0.892621 -0.158826 0.272437 -0.463757 -0.937231 0.730169 0.787421 : 0.5
0.650876 0.212923 0.816108 0.916048 -0.416842 -1 0.0901494 0.062502 0.495484 : 0.2
0.643708 0.376525 0.864813 -0.53943 -0.257369 -0.712276 0.273113 0.163824 -0.802249 : 0.2
0.656039 0.435293 0.625984 -0.335869 -0.659265 -0.497858 0.51753 0.200001 0.450667 : 0.1
0.341698 0.47795 0.921129 -0.496853 -0.505055 -0.321434 -0.617121 0.1482 -0.408953 : 0.4
0.600147 0.206675 0.274001 -0.929466 -0.191325 -0.0292354 0.14064 0.221575 0.554405 : 0
0.593018 0.360206 0.868816 -0.622936 -0.413303 -0.403886 0.0299663 0.350055 0.00365674 : 0.4
0.630858 0.556084 0.760304 -0.581162 -0.397893 -0.247828 -0.0239751 0.994495 0.121195 : 0.1
0.64805 0.181688 0.986456 -0.109937 -0.0623594 0.19837 -0.907209 0.682472 1 : 0.4
0.636004 0.447926 0.829968 -1 0.56928 -1 0.171102 -0.812226 0.660637 : 0.3
0.842944 0.27672 0.925198 -0.481186 -0.333783 -0.281258 0.417609 0.455387 0.309805 : 0.4
0.563231 0.36697 0.753747 -0.435422 -0.545844 -0.226396 -0.450556 0.530595 0.71683 : 0.5
0.625246 0.641675 0.977089 -0.102129 -0.0851117 -0.123413 0.698293 -0.505938 -0.353947 : 0.6
0.762259 -0.103654 1 0.407892 -0.933874 -0.250002 -0.0798927 -0.66158 -0.139412 : 0.7
0.706337 0.296019 0.763188 -0.202282 -0.281046 -0.393381 0.324937 0.404287 0.549425 : 0
0.675025 -0.17104 0.67246 -0.171245 -0.750791 -0.429168 -0.100967 0.457901 0.256128 : 0.5
0.644235 -0.0151942 0.981723 -1 0.68946 -0.106787 1 -0.0832953 1 : 0.5
0.718967 0.405878 0.948911 -0.58731 -0.110147 -0.545452 0.0967853 0.0956538 0.211307 : 0.3
0.858391 0.476812 0.821842 -0.254579 0.0630666 -0.166179 0.54219 0.265918 -0.837707 : 0.1
0.565134 0.745324 0.72105 -0.620395 -0.040661 -1 0.253192 -0.127734 0.538504 : 0.4
0.613254 0.516772 1 -0.427499 -0.667008 -0.49542 -0.410065 0.842388 -0.136993 : 0.5
0.579769 0.412658 1 0.577579 0.0119595 -0.893933 -0.414119 -1 -1 : 0.4
0.57702 0.305 1 0.257282 0.129293 -0.931647 0.306755 1 0.0287991 : 0.3
0.844707 1 0.686631 -0.876972 -0.0932258 -0.604563 0.45354 0.390701 -0.83703 : 0.4
0.560978 0.398197 0.857926 -0.0382438 -0.24913 -0.352761 -0.703352 0.209823 0.489733 : 0.2
0.597611 0.322333 0.658351 -0.0758425 -0.547284 -0.488004 0.912795 0.0889922 0.0342165 : 0
0.521626 0.382115 0.57652 -0.776087 -0.565329 -0.0932775 0.691286 1 0.215914 : 0.2
0.955014 0.662707 0.823063 -0.768943 -0.340986 -0.159072 0.352459 0.84135 0.185587 : 0.3
0.652512 0.297038 0.746076 -0.664236 -0.00610745 -0.0523422 0.562279 0.314426 0.863478 : 0.6
0.579203 0.454218 0.762221 1 -0.523266 -0.683422 0.807188 0.884303 -0.247097 : 0.3
0.355017 0.301012 0.747422 -1 -0.49385 -0.216384 -0.445097 1 0.310645 : 0.4
0.612441 0.310817 0.786115 0.0505391 -0.589815 -0.468289 0.550616 0.340669 0.217342 : 0.5
0.877112 0.176092 0.88207 -0.307641 -0.0979463 -0.0192229 0.594054 0.156244 0.30487 : 0
0.641429 0.664848 0.978736 -0.272986 -0.325318 -0.687619 0.267136 0.446114 0.913445 : 0.4
0.583391 0.486419 -0.0177884 -0.45453 -0.455147 -0.236384 0.216539 -0.687788 -0.0830499 : 0.4
0.850261 0.505715 0.906832 0.0826101 -0.36903 -0.789482 -0.138834 -0.121049 0.259716 : 0.6
0.630227 0.613124 0.785408 -0.943016 -0.441065 -0.624174 0.802465 0.349697 -0.119685 : 0.1
0.609067 0.57233 0.983842 -0.304227 -0.191712 -0.422348 0.616223 -0.472286 0.408301 : 0.3
0.808178 0.537849 0.429926 -0.556355 -0.305063 -0.759748 -0.118105 -0.876946 0.000880986 : 0.8
0.735849 0.295904 0.530973 -0.623095 -0.174453 -0.864023 0.762743 0.327691 0.158711 : 0.2
0.599705 0.254599 0.747734 -0.734796 0.0560769 -0.157315 0.524945 -0.425129 -0.117846 : 0.3
1 0.790792 0.811462 -1 -0.688893 -1 -0.35432 0.18748 -0.755127 : 0.4
0.445749 0.46076 0.88865 0.378521 -0.293186 0.309981 0.126481 -0.510364 4.52548e-05 : 0.3
0.678629 0.53271 0.766784 -0.4286 -0.00985163 -1 0.934742 0.227409 -0.0147518 : 0.6
0.943315 0.374604 0.801639 0.406592 0.393099 -0.336186 0.267502 -0.290168 -0.454564 : 0.3
0.39448 0.421638 0.869235 -0.951982 -0.268427 -1 -0.275201 0.954336 -0.577688 : 0.6
0.554646 0.346554 0.99363 -0.0554925 -0.904009 -0.262054 0.351526 -0.267785 -0.671969 : 0.5
0.513273 0.463943 0.689939 0.332071 -0.444053 0.309085 0.200489 -0.186223 -0.0197643 : 0.4
0.573234 0.47588 0.756729 -0.0990758 -0.0165769 0.0533526 0.168471 -0.337968 0.203947 : 0.3
0.601671 0.264987 0.827282 -0.694598 -0.128851 0.482248 -0.402435 0.389612 0.482631 : 0.5
0.654441 0.376331 0.463006 -0.75376 -0.433228 -0.842877 0.84945 0.0481801 0.0950486 : 0.1
0.904355 0.462831 0.980499 -0.213044 -0.183857 -0.640246 0.117942 1 0.152941 : 0
0.513469 0.965508 0.846077 0.0867957 0.407077 0.00969523 0.392462 0.505247 -0.804421 : 0.4
0.625185 0.412711 0.750468 -0.524 -0.436592 -0.469148 -0.196205 -1 0.263447 : 0.5
0.631077 0.357249 0.786079 -0.273311 -0.420776 -0.463786 0.405681 0.0152195 -0.103705 : 0.6
0.507518 0.423919 0.540261 0.440256 -0.067682 -0.824129 -0.160378 0.000604577 -0.034799 : 0.4
0.66093 0.31561 1 -0.259594 -0.874854 -0.587982 0.192911 -0.533918 -0.919402 : 0.6
0.503513 0.406846 1 0.041489 -0.309701 0.543342 -0.423037 0.90666 -0.308447 : 0.2
0.648993 0.601036 1 -0.745116 -0.463629 -0.744559 1 -0.272049 0.0711139 : 0.3
0.671869 0.473709 0.965751 -0.499202 -0.482282 -0.326581 0.800858 -0.0269085 0.758969 : 0.2
0.651919 0.482045 0.818355 -0.870122 -0.300126 -0.324446 0.217031 1 0.0585878 : 0.6
0.598862 0.494931 0.959084 -0.78408 -0.127669 -0.883702 0.0938347 -0.00909016 0.113197 : 0.5
0.764303 0.516737 0.728564 -0.365072 0.00352736 -0.231858 0.536638 0.280352 0.258137 : 0.3
0.675658 0.306728 1 0.471724 -0.449067 -0.354637 0.543758 0.430327 -0.222573 : 0.2
0.666845 1 1 0.208507 -0.0855256 0.0845591 -0.42396 0.323393 0.220596 : 0.2
0.601777 0.765919 0.755186 -0.641295 -1 -0.271626 -0.651566 1 0.333842 : 0.1
0.54373 0.428654 0.234776 -0.686545 0.0702142 -0.0300552 -0.170625 0.633245 0.705959 : 0.7
0.621358 0.721553 0.718812 -0.380708 -0.155327 -0.462034 -0.0538098 0.0486777 0.647968 : 0.3
0.47117 0.428153 0.60775 -0.254159 -0.0587006 -0.178234 0.591686 0.162014 0.271001 : 0.5
0.293035 0.407903 0.824872 0.754021 -0.539869 -0.135916 0.533247 -0.102118 0.571873 : 0.4
0.664936 0.613806 1 1 -0.0405735 -0.621682 0.622075 -1 1 : 0.1
0.695891 0.43826 0.91543 -0.870184 1 -0.101947 -0.256865 0.421335 -0.0847827 : 0.3
0.544092 0.320977 0.690653 -1 -0.790445 -0.215948 0.243888 0.159065 0.560156 : 0
0.81166 0.309298 0.872565 -1 0.141835 -0.488127 1 0.0127431 0.493013 : 0.1
0.597144 0.576258 0.779756 0.346271 0.615231 -0.105694 0.259415 0.542573 -0.124664 : 0.7
0.541668 0.37752 0.728176 -0.395183 -0.170202 -0.0409914 0.593198 0.356329 -0.836953 : 0.5
0.762088 0.511013 0.770722 0.705223 -0.218085 -0.244667 0.868654 -0.56733 0.578858 : 0.5
1 0.442519 1 0.177521 -0.10269 -0.371931 0.113588 -0.284975 -0.00719985 : 0.2
0.61635 0.443407 0.693864 -0.594953 -0.243621 0.303408 0.334752 -0.380874 -0.0243462 : 0.2
0.380068 0.252094 0.964369 0.242658 -0.223676 -0.461337 0.874458 0.246845 0.313772 : 0
0.63933 0.452875 0.980384 0.650762 -0.329891 -0.56646 0.778239 0.345516 -0.615161 : 0.4
0.561703 0.507827 0.827141 -0.516005 0.22598 0.155953 -0.573427 0.837437 0.806241 : 0
0.56504 0.351814 0.871377 -0.129497 -0.943808 -0.24728 -0.513062 0.459735 0.105878 : 0.4
0.779281 0.297052 0.836399 -0.0288213 -0.439816 0.0432603 0.0588954 0.24595 0.428509 : 0.6
0.967723 0.562807 0.700862 -0.709635 0.098423 -0.948167 -0.280452 -0.638024 -0.135365 : 0.2
0.661884 0.952476 -0.0590333 -0.759477 -0.413941 -0.531332 0.314093 0.041393 0.00693588 : 0.1
0.526101 0.436334 0.809574 -0.412432 0.389646 -0.442343 0.811841 0.0494021 0.647381 : 0.6
0.468995 0.559328 0.921972 -0.465336 -0.238799 0.53531 0.0775864 0.119571 -0.0978735 : 0.3
0.729236 1 0.949469 0.39589 -0.400823 -0.311459 -0.0370654 0.824277 -0.210562 : 0.4
0.786091 0.561578 1 -0.0272001 0.0151266 -0.200986 0.329438 -0.264285 0.340577 : 0.4
0.97709 0.314436 0.649116 -0.588734 -0.10589 -0.932923 0.367772 -0.879893 -0.0277883 : 0.1
0.741739 0.607349 1 0.673221 -0.697029 -0.568153 0.247641 -0.405095 -0.86246 : 0
0.705985 0.607901 0.875115 -0.670807 -0.707382 -0.326186 0.741125 0.554219 0.512799 : 0.1
0.681198 0.233817 0.695744 -0.197234 -0.00671721 -0.17155 0.322086 0.316 -0.180669 : 0.4
1 0.360218 1 -0.95948 -0.38408 -0.766964 0.935532 -0.17084 0.129584 : 0.3
0.597219 0.48302 0.537347 -0.263866 -0.173284 0.284808 -0.198084 -0.109338 -1 : 0.1
0.631807 0.497013 0.84175 -0.118739 -0.381229 0.222508 0.508084 -0.195055 -0.370697 : 0.7
0.761667 0.685 0.611897 0.907784 -0.0850757 -0.536657 0.288545 -0.775457 0.630004 : 0.5
0.614479 0.2192 0.981658 0.288515 -0.399397 -1 0.435033 1 0.446026 : 0.2
0.608076 0.333403 0.730954 -0.974804 -0.561587 -0.399604 0.415934 -0.283893 0.322018 : 0.4
0.841493 0.569067 0.716276 -0.549698 -0.0214658 -0.286144 -0.272059 0.248497 -0.261855 : 0.4
0.622669 0.302749 0.978568 0.145469 -0.666948 -0.778837 0.343198 -0.276828 0.367508 : 0.4
0.686807 0.270765 0.999595 -0.519409 -0.345881 0.100419 0.934572 0.00339686 0.256941 : 0.1
0.864727 0.570645 1 0.406148 -1 -0.584526 -0.477185 0.673403 0.293584 : 0.6
0.496533 0.445964 0.906337 -0.099228 0.479194 -0.235642 -0.0910378 0.350975 -0.18854 : 0.5
0.829311 0.49363 0.985788 -0.650985 -0.480942 -0.0797743 0.320466 -0.40508 -0.0409876 : 0.1
0.604829 0.950509 0.932794 -1 -0.00426078 -0.504902 0.430058 -0.0797471 0.479195 : 0.3
0.541236 0.402137 0.710149 -0.613988 -0.336317 -1 0.00644893 0.430981 0.0815996 : 0
0.570184 0.25508 0.789672 0.267261 -0.0829173 -0.982583 0.30441 0.304641 0.55544 : 0.5
0.730362 0.461474 0.841213 -0.552904 -0.225447 -0.382263 -0.0707467 -0.262927 0.411816 : 0.4
0.596675 0.434888 0.80699 -0.50907 -0.845353 -0.287969 -1 -0.111442 0.820567 : 0.4
0.60246 0.364676 0.552414 -0.442227 -0.0600566 -0.134223 0.905897 0.0646545 0.393436 : 0.4
0.451695 0.252272 0.783342 -0.821461 -0.326262 -0.329669 0.6749 0.616413 0.141436 : 0.3
0.606949 0.301335 0.820553 -0.265099 0.228559 -0.448014 0.79037 0.734083 0.736932 : 0.4
0.923635 0.774035 0.97947 -0.26343 -0.405744 -0.326263 -0.119134 0.0575997 0.0578821 : 0.6
0.551799 0.445964 0.971998 0.510817 -0.366629 -0.321039 0.422827 0.255917 -0.470132 : 0.7
0.504183 0.331052 0.960824 -0.949088 -0.430407 -1 0.356944 1 -0.347217 : 0.5
0.758851 0.394812 0.859008 0.160326 -0.269687 -0.772636 -0.0593251 0.721008 -0.334209 : 0.2
0.642387 0.625427 0.686855 -0.206888 -0.26507 0.428571 0.0327159 -0.409855 -0.269207 : 0.3
0.790659 0.633457 0.969115 -0.377254 -1 0.231144 -0.49215 0.127535 0.0762557 : 0.6
0.621413 0.487221 0.951023 -0.633411 -0.361169 -0.0807435 0.620528 0.3429 0.386694 : 0.4
0.612126 0.848399 0.887896 -0.911787 -0.701315 -0.954327 0.830943 -0.662122 0.578626 : 0.4
0.733812 0.482739 0.907196 0.107442 -0.970546 -0.331352 -0.116006 -0.135416 -0.0843408 : 0.4
0.745394 0.511622 0.98906 -0.452463 -0.154045 -0.0518627 -0.0522574 -0.0390829 -0.0613894 : 0.1
0.7401 0.556581 0.91197 0.712929 -0.42369 0.284188 0.27377 -0.60791 0.723751 : 0.2
0.500781 0.56595 0.943806 0.225887 -0.48127 -0.525101 0.414652 0.0874852 0.966248 : 0.5
0.528495 0.587541 0.825491 -0.701247 0.538648 -0.515642 -0.980891 -0.285941 0.06495 : 0.5
0.667805 0.492131 0.816613 -0.499257 -0.0902258 -0.622584 0.656604 0.308678 -0.866581 : 0.4
0.99523 0.757394 0.526731 -1 -0.394326 -0.430149 0.729329 0.115554 -0.725927 : 0.3
0.586002 0.99356 0.633712 -1 -0.340535 -1 -0.0477367 -0.236047 0.296899 : 0.5
0.546749 0.41406 0.875839 0.0190506 -0.448844 -0.849407 0.682943 0.515025 -0.914051 : 0.4
0.644361 0.240452 0.939372 -0.0154173 0.092716 -0.404198 0.237847 0.164185 0.307424 : 0.1
0.641203 0.378789 0.591545 -0.249926 -0.5099 -0.72673 0.589196 0.033144 -0.697887 : 0.4
0.746345 0.364783 0.676811 -0.866722 -0.50202 -0.697504 0.691759 -0.9666 0.640294 : 0.4
1 0.435239 0.998443 -0.500975 -0.429523 -0.0792905 0.208451 0.131158 0.420394 : 0.2
0.610712 0.917363 0.661638 0.0562831 -0.0358151 -0.597692 0.592795 0.0856135 1 : 0.1
0.74522 0.682922 0.893447 -0.687742 -1 -0.44057 0.220226 -0.252683 0.347695 : 0.6
0.582465 0.296428 0.828307 -0.024473 0.350302 -0.0630112 0.32028 0.274251 0.447286 : 0.6
1 0.635771 0.889413 0.0323557 -0.778704 -0.128348 0.214489 0.26335 -0.769872 : 0.5
0.730355 0.356836 0.790293 -0.370165 -0.225665 -0.388497 0.844855 0.434402 -1 : 0.1
0.589982 0.503639 0.728365 -0.164763 0.125581 -0.143989 0.286675 0.0108995 0.261637 : 0.2
0.677267 0.537194 0.983629 -0.97691 0.0586636 -0.31582 0.188923 0.951749 0.0699125 : 0.2
0.778735 0.918154 0.846092 0.308089 -0.336668 -0.674359 0.0692767 0.683368 -0.185394 : 0.4
0.631088 0.341938 0.881793 -0.330458 -0.369898 -0.725244 0.619616 -0.548681 -0.130333 : 0.5
0.66077 0.560733 0.868746 -0.412545 -0.220254 0.188349 0.151226 0.339836 -1 : 0.5
0.631164 0.198135 0.459003 -0.614097 -0.0783347 -0.243942 0.423937 -0.405185 0.502945 : 0.5
0.651629 0.424406 0.836736 -0.744051 -0.175538 -0.337052 0.0495789 0.275352 0.12726 : 0.6
0.631398 0.805835 1 0.553908 -0.145777 -0.389317 0.28498 -0.6972 0.0546337 : 0.6
0.662499 0.567005 0.932298 -0.145032 -0.449037 0.286716 0.460125 -0.465685 0.728971 : 0.3
0.715419 0.495696 0.983034 0.320404 0.145128 -0.602571 -0.0971139 0.570482 0.657677 : 0.4
0.824368 0.332489 0.394476 -0.128865 -0.0902016 -0.754335 0.830547 0.175355 0.262612 : 0.5
0.568096 0.474413 0.673706 0.0568103 -0.199006 -0.449706 0.828357 0.472221 -0.213915 : 0.4
0.641113 0.380042 0.84209 -0.0654446 -0.691779 -0.707958 0.888111 -0.339398 0.498536 : 0.4
0.683992 0.581583 0.592056 -0.281055 -0.299433 -0.448472 -0.255255 0.0793613 0.865712 : 0.3
0.659381 0.848538 0.964252 0.0813996 -0.0831862 -0.35758 -0.592404 0.0495727 0.240795 : 0.6
0.944383 0.447867 0.868174 0.212674 -0.122756 -0.391875 0.286529 -0.603984 0.78689 : 0.3
0.687941 0.59628 0.433933 0.262223 -0.573307 -0.561254 -0.0824921 -0.0552382 -0.420892 : 0.2
0.341375 0.434622 1 -0.093047 -0.247641 -0.924213 0.255369 0.928879 0.0604303 : 0.2
0.738583 0.990422 0.634986 -0.671406 0.326576 -0.791483 0.0706924 -0.284197 0.262241 : 0.2
0.702608 0.252984 0.960325 -0.138515 -0.646702 -0.486078 -1 0.159173 0.711168 : 0.1
0.850271 0.352933 0.806989 -0.445003 -0.315154 -0.651917 0.0874128 0.558693 0.614366 : 0.1
0.57529 0.319126 0.86372 -0.162846 -0.826935 0.287636 0.672244 0.267573 0.53078 : 0
0.553038 0.461578 0.954477 0.601588 -0.169897 0.464862 0.206285 0.378993 0.161519 : 0.1
0.711214 0.753154 0.995968 0.756356 0.22446 -0.8237 0.528617 -0.139658 0.610729 : 0.4
0.63844 0.586057 0.92844 -0.196753 -0.288068 -0.121578 -0.0848306 0.356367 -0.705534 : 0.5
0.600282 0.0328976 0.895602 0.419641 0.235528 -0.0386199 -0.687806 -0.339753 0.112744 : 0.3
