0.656325 0.436964 0.981427 -1 -0.137525 -0.272062 0.0559219 -0.476676 -0.164212 : 0.5
0.682032 0.421765 0.855343 -0.122227 -0.22872 -0.468161 1 0.393515 0.329417 : 0.7
0.508091 0.328444 0.552822 -0.0750561 0.352311 -0.308226 0.800759 0.438392 0.31901 : 0.7
0.764677 0.448841 0.924588 -0.271034 0.094559 0.197399 1 0.225493 -0.131433 : 0.2
0.459257 0.502239 0.971199 -0.42494 0.427958 0.193853 0.847786 0.419523 -0.617125 : 0.5
0.749778 0.378458 0.796215 -0.551048 -0.799532 -0.194336 0.897621 0.683291 0.31137 : 0.6
0.620696 0.418785 0.816879 -0.428484 -0.117903 0.0213526 0.00232017 0.584732 0.160871 : 0.6
0.740699 0.549486 0.707631 -0.206835 -0.182661 -0.133644 -0.83333 1 -0.593562 : 0.1
0.534138 0.55169 0.997977 0.0927656 -0.256266 -0.260362 0.191354 0.403781 -0.534149 : 0.5
0.616078 0.465386 0.780323 -0.234089 -0.265145 -0.323345 0.354764 -0.057838 -0.113431 : 0.6
0.605705 0.356107 0.751247 -0.687704 -0.0167553 -0.0366038 0.0998123 0.266843 0.0985098 : 0.5
0.739203 0.405883 0.862213 0.0713834 -0.0913279 -0.298898 0.16595 -0.179892 -0.02692 : 0.4
0.811334 0.448116 0.721733 -0.468104 -0.216601 -0.527942 0.508062 0.768692 -0.0100278 : 0.4
0.587262 0.633049 0.884841 -0.785599 -0.280868 0.135181 0.254913 -0.0443538 0.0229241 : 0.3
0.576406 0.462348 0.874502 -0.591479 0.0642507 -0.469185 0.506554 0.318369 -0.00794232 : 0.4
0.599971 0.587312 0.69922 -1 -0.282216 0.120431 0.174284 1 0.0651833 : 0.5
0.446673 0.363071 0.763257 -0.346863 0.0657004 -0.395719 0.364878 0.5727 0.725067 : 0.7
0.649574 0.376433 0.73941 -0.428235 0.103982 0.349205 0.904173 0.498757 -0.326443 : 0
0.620202 0.23234 0.657077 -0.335889 -0.231136 0.0817973 0.691855 0.484999 -0.25709 : 0.7
0.65418 0.750451 0.780735 -0.755029 0.761284 -0.964494 0.625326 -0.0521756 0.252841 : 0.3
0.715833 0.393873 0.735152 -0.188959 -0.19598 0.0486411 1 -0.588599 1 : 0.6
0.597103 0.36602 0.757302 -0.0702856 0.16481 0.0403918 0.565014 0.678796 0.358107 : 0.5
0.566986 0.244833 0.961112 -0.201186 -0.383709 -0.40782 0.293945 -0.410991 0.338284 : 0.6
0.611648 0.522481 1 -0.527664 -0.230074 -0.113904 -0.0105191 0.0297715 0.772261 : 0.3
0.57803 0.399968 0.930029 -0.458014 -0.220321 -0.132151 0.607165 0.418007 -0.706632 : 0.4
0.65486 0.525576 0.790549 -1 -0.000326037 0.172339 0.339228 0.168158 0.661699 : 0.4
0.760571 0.331299 0.70947 -0.743715 6.68205e-05 -0.146119 0.32547 -0.45463 -0.680375 : 0.8
0.68785 0.490624 0.949843 -0.533908 -0.645714 -0.143738 0.645323 0.106833 -0.0593533 : 0.3
0.569134 0.412763 0.666313 -0.716019 -0.0178989 0.108811 0.22916 -0.290998 0.417471 : 0.6
0.724781 0.343911 0.805476 -0.982483 -0.291138 -0.321423 0.554857 0.0758047 0.00619465 : 0.6
0.656498 0.481309 0.714905 -0.769095 -0.391402 -0.324173 1 0.46697 -1 : 0.1
0.667355 0.368512 0.884218 -0.629564 -0.251825 0.166868 0.458363 0.171036 -0.416503 : 0.2
0.601264 0.298581 0.811011 -0.78735 -0.419993 -0.219398 0.533029 0.929029 -0.280457 : 0.3
0.56374 0.514032 0.706415 -0.603238 -0.352348 0.338815 0.764336 1 -0.0510626 : 0.3
0.945068 0.528741 0.86624 0.062951 -0.291738 -0.208004 -0.111012 0.382319 -0.933688 : 0.6
0.724156 0.399137 0.826855 -0.162733 0.298304 -0.265386 -0.0153663 0.294972 0.199763 : 0.1
0.661869 0.346982 0.740222 -0.00169551 -0.529995 -0.363667 1 0.479844 0.144676 : 0.2
0.59366 0.355678 0.920785 -0.411358 -0.0173196 -0.339036 1 0.516806 0.398631 : 0.3
0.560878 0.37281 1 -0.689746 -0.126458 -0.330726 0.954025 1 -0.241907 : 0.3
0.656987 0.457384 0.987413 -0.502877 -0.573631 -0.192649 0.879006 0.942679 -0.511871 : 0.2
0.585751 0.364025 0.855971 -0.601558 -0.348541 0.176704 0.151731 0.206783 -0.535099 : 0.5
0.5855 0.553622 0.822314 -0.273408 -0.447858 -0.508704 0.676642 0.411646 -0.678512 : 0.8
0.66097 0.312646 0.802276 0.101175 -0.102654 0.0206166 0.632872 -0.111103 -0.566532 : 0.5
0.643076 0.402719 0.956865 -0.812536 -0.627604 0.468223 0.721424 0.723197 -0.176364 : 0.4
0.585617 0.47493 0.8411 -0.972597 0.14864 0.227187 -0.050756 0.374978 0.240573 : 0.4
0.668333 0.353069 0.803675 -0.545657 -0.194856 -0.242295 1 0.70518 -0.0940999 : 0.6
0.605576 0.523218 0.611374 0.164006 -0.164837 -0.11853 1 0.267077 0.296874 : 0.3
0.761115 0.584633 0.842193 -0.619146 0.0674016 -0.24738 0.523544 0.0946089 -0.596306 : 0.2
0.669479 0.374493 0.934233 -0.629268 -0.225256 0.22394 -0.0999715 0.888137 -0.280543 : 0.4
0.770922 0.481258 1 -0.151938 -0.184285 0.00751305 0.633451 0.59738 -0.977907 : 0.1
0.662297 0.353767 0.895297 -0.969761 -0.160067 -0.191342 0.190938 -0.0239117 -0.120953 : 0.6
0.379249 0.370888 0.939964 -0.255878 -0.130133 -0.765291 -0.0636123 0.701805 -0.118858 : 0.3
0.96526 0.366126 1 -0.668633 -0.216143 -0.226404 0.605689 0.239332 -1 : 0.3
0.49434 0.362851 0.822983 -0.747071 -0.604709 -0.514671 0.747893 0.627278 0.500663 : 0.6
0.488403 0.35918 0.815775 -0.235619 0.237554 -0.429723 0.0759439 0.971361 0.121086 : 0.3
0.605581 0.333435 0.778866 -0.866145 0.0627333 -0.104503 0.839483 0.793385 1 : 0.2
0.564847 0.440443 0.866243 -0.35165 0.225538 -0.277625 0.154819 -0.498875 -0.560029 : 0.4
0.564028 0.513772 0.810883 -0.24827 -0.394315 -0.472887 0.0061322 -0.289621 0.196036 : 0.3
0.679876 0.239529 0.847374 -0.03352 0.207147 -0.258958 0.0834868 0.700135 0.458928 : 0.2
0.583517 0.404871 0.748143 -0.86614 -0.382293 0.238351 0.940797 1 1 : 0.4
0.581161 0.536609 0.809525 -0.717783 0.31963 -0.538994 -0.295168 0.36209 0.800644 : 0.4
0.59909 0.334196 0.932791 -0.554316 -0.170952 -0.0582702 -0.143109 0.145804 -0.480112 : 0.4
0.589251 0.445595 0.56113 -0.68206 -0.238635 -0.159449 0.29752 -0.22562 0.381681 : 0.7
0.537227 0.456005 0.914523 -0.590906 -0.868304 -0.343451 0.646609 0.855518 -0.213025 : 0.4
0.623036 0.394316 0.783193 -0.671016 -0.0604205 -0.207515 0.803146 -0.648027 0.488958 : 0.4
0.760296 0.375035 0.963763 -0.134489 -0.161949 -0.620131 -0.227924 0.947792 1 : 0.5
0.634245 0.400208 0.908177 -0.276547 -0.171448 -0.199541 0.553191 0.384404 0.267584 : 0.5
0.599942 0.445601 0.667961 -0.624767 0.915134 -0.355011 0.816322 0.363171 0.413639 : 0.8
0.561969 0.561103 0.885483 -0.481358 -0.0751929 -0.464617 0.0620499 0.586898 0.537344 : 0.7
0.503094 0.326042 0.706759 -0.928036 -0.216067 -1 0.650006 0.517795 -0.090372 : 0.6
0.587245 0.470973 0.720153 -0.302497 -0.614328 0.0939109 0.299143 0.682563 0.0968446 : 0.3
0.623606 0.418755 0.762872 -0.914611 -0.308798 0.577468 0.495597 0.324102 0.21804 : 0.7
0.593137 0.338733 0.827338 -0.347519 -0.568086 -0.151695 0.23281 0.388294 0.0931328 : 0.2
0.654107 0.49385 0.900936 0.498153 0.137247 -0.0719595 0.395985 0.453013 -0.661866 : 0.2
0.599593 0.392669 0.681926 -0.354344 -0.0446287 -0.180588 0.913526 0.426473 0.313369 : 0.4
0.572093 0.269293 0.892072 -0.912952 0.263429 -0.296264 0.35601 0.212972 0.598025 : 0.3
0.606724 0.600594 0.947263 -0.700858 -0.20118 -0.0987335 0.791936 0.323884 -1 : 0.3
0.76825 0.465364 0.750808 -0.273448 0.154277 0.362631 1 -0.458637 -0.160994 : 0.5
0.723589 0.409507 0.783027 -0.432319 -0.581369 0.074579 0.964168 -0.326365 0.25981 : 0.5
0.579914 0.462745 0.957126 -0.995107 -0.105843 -0.521811 -0.529789 0.0883915 0.342707 : 0.3
0.70637 0.408855 0.844107 0.340641 -0.414878 -0.137535 0.725898 0.508313 0.932026 : 0.8
0.588073 0.560289 0.924729 -0.694344 0.151992 -0.175445 0.627971 -0.221134 0.441759 : 0.4
0.612191 0.461648 0.835013 -0.87956 -0.241086 -0.151074 0.0277051 0.27788 0.176084 : 0.7
0.556507 0.362046 0.777841 -0.460682 -0.0805946 -0.218399 0.173633 0.656744 -0.302088 : 0.5
0.548489 0.36811 0.99494 0.0611008 -0.502918 -0.452745 0.428916 0.282592 0.804476 : 0.7
0.598905 0.371073 0.868935 -0.930997 0.0201294 0.25965 0.376482 0.205026 0.489952 : 0.2
0.597914 0.329514 0.55309 -1 0.797236 0.106623 0.546704 0.405852 -0.168873 : 0.4
0.568074 0.40097 0.859723 -0.451933 -0.445484 -0.743631 0.679372 0.453203 0.0565363 : 0.4
0.713733 0.493544 0.741721 -0.6985 -0.252592 -0.0524967 0.617555 -0.0311516 0.396456 : 0.5
0.658162 0.461461 1 -0.975803 -0.361861 -0.67555 0.381652 0.188054 -0.00272381 : 0.5
0.541553 0.342036 0.79758 -0.510614 -0.0342805 -0.643896 -0.109266 0.0450678 0.639528 : 0.2
0.653317 0.961695 0.815495 -0.0283475 0.223398 -0.140363 0.43208 -0.224679 0.679618 : 0
0.735792 0.665278 0.709019 -0.653073 -0.370096 -0.381295 -0.330184 0.293154 -0.320541 : 0.7
0.747212 0.328919 0.945353 -1 -0.0367595 -0.538733 0.56475 -0.567679 -0.144339 : 0.5
0.694097 0.485822 0.823997 -0.362073 0.12981 -0.716797 0.300486 0.398168 0.705848 : 0.3
0.632401 0.619398 0.809951 -0.34598 0.0205561 -0.183229 -0.658298 0.148413 0.231773 : 0.4
0.888869 0.418369 0.795349 -0.251971 -0.279386 0.418483 0.458727 -0.0576254 0.321501 : 0.6
0.643937 0.70172 0.893475 -0.407788 -0.211192 0.256196 0.821572 -0.369686 -0.0266228 : 0.7
0.688684 0.570892 0.707878 -0.206289 -0.118179 -0.661135 -0.973241 1 -0.202166 : 0.3
0.572338 0.214674 0.826591 -0.611673 0.501366 -0.392261 0.181918 0.320825 0.121026 : 0.6
0.645797 0.434637 0.792599 -0.523697 -0.172102 -0.230333 0.949356 0.544749 0.287388 : 0.5
0.636575 0.42745 0.884877 -0.4631 -0.0119129 -0.363769 0.18055 0.557943 -0.456247 : 0.4
0.59935 0.465779 0.783929 -0.303563 -0.345908 -0.745766 0.272817 1 0.0205898 : 0.3
0.630679 0.471268 0.80149 -0.807129 0.232559 0.0237526 0.496944 0.716627 0.775518 : 0.6
0.611219 0.245254 0.940616 -0.884485 -0.519893 -0.304221 0.924818 0.276952 -0.293803 : 0.2
0.669494 0.30575 0.853926 -0.690748 0.0826846 -0.274335 0.0195969 0.428947 -0.137969 : 0.3
0.579181 0.32028 0.755814 -0.193274 -0.1487 -0.430318 0.591563 0.422187 0.14793 : 0.3
0.618316 0.41693 0.908704 -0.713772 -0.429099 -0.446922 0.732407 0.415255 -0.642901 : 0.7
0.727885 0.513225 1 -0.267115 -0.307537 -0.371144 0.391809 0.472582 -0.558144 : 0.2
0.5321 0.433334 0.826093 -0.370672 0.063274 -0.270429 0.956007 0.520635 -0.434835 : 0
0.661746 0.386125 0.888514 -0.632591 -0.388362 -0.0787524 1 0.344908 1 : 0.5
0.85037 0.290899 0.870602 -0.743322 -0.767021 -0.383974 0.393871 0.338307 -0.258339 : 0.4
0.600366 0.353611 0.864675 -0.54131 -0.0562384 -0.418753 0.371953 0.102678 0.901659 : 0.6
0.622275 0.303531 1 0.287441 -0.321767 -0.272727 0.349367 -0.244848 0.0331519 : 0.4
0.719349 0.718708 0.777627 -0.831372 -0.346659 -0.0225021 0.948696 0.387022 1 : 0.4
0.846329 0.538432 1 -0.660095 -0.366434 -0.600155 0.388212 0.336585 0.0835525 : 0.7
0.647257 0.307588 0.721202 -0.883933 -0.138664 -0.379098 0.446795 0.179605 -0.319461 : 0.6
0.656562 0.587279 1 -0.152976 -0.165508 -0.710942 0.348003 0.154312 -0.883465 : 0.5
0.581244 0.417158 0.754455 -0.726958 -0.524186 -1 1 0.384526 0.153637 : 0.3
0.616792 0.397118 0.839612 -0.681046 -0.31167 -0.182815 0.196329 0.718422 0.541897 : 0.6
0.576427 0.306844 0.847819 -0.86458 -0.471958 0.0213211 0.243487 -0.0541715 0.189576 : 0.5
0.538743 0.414233 0.935892 -0.707174 -0.245559 -0.212463 0.686968 -0.416888 0.893277 : 0.3
0.586753 0.336401 0.860994 -0.895212 -0.812306 -0.289504 0.832078 0.419145 -1 : 0.4
0.641634 0.409124 0.747525 -0.171988 -0.0368805 0.365693 0.253776 0.501926 -1 : 0.6
0.588382 0.357977 0.883516 -1 0.429566 -0.638371 0.848751 0.131543 0.162178 : 0.1
0.613736 0.443691 0.771765 -0.882196 -0.30623 0.0159878 0.840929 1 -0.169951 : 0.8
0.614005 0.344203 0.780045 -0.513932 -0.403304 0.0102421 0.0932841 0.272003 -0.125542 : 0.5
0.565385 0.413528 0.818006 -1 -0.300232 0.144639 0.688104 -0.200773 0.13638 : 0.5
0.573476 0.390444 0.739307 -0.426216 -0.608287 -0.453952 1 0.517712 0.429661 : 0.4
0.685545 0.71304 0.721838 -0.712332 -0.388242 -0.108088 -0.410027 -0.160993 0.0973559 : 0.7
0.556477 0.519609 0.890024 -0.874668 -0.218805 -0.488034 0.57558 0.247098 0.158018 : 0.7
0.870127 0.639799 0.641134 -0.541449 -0.00635353 -1 0.881436 0.4399 -0.0887082 : 0.6
0.694795 0.389628 0.779769 -0.813547 -0.205837 -0.435553 0.0553861 1 -0.194869 : 0.5
0.683263 0.328517 0.861394 -0.931681 -0.16994 -0.725166 0.428051 0.500329 -0.639503 : 0.4
0.777273 0.419816 0.718422 -0.237805 -0.499406 0.382784 0.942617 0.238997 0.765452 : 0.5
0.64502 0.554121 0.799944 -0.49515 -0.194833 -0.450478 0.562513 -0.16336 -0.046235 : 0.4
0.378984 0.504414 0.737053 -0.318113 -0.0555193 -0.578337 0.123365 1 0.121099 : 0.3
0.635815 0.450084 0.86149 -0.713639 -0.090764 -0.326804 0.716277 0.45949 -1 : 0.3
0.675268 0.494738 0.943744 -0.266552 -0.0656651 -0.258381 0.143908 0.365948 0.221672 : 0
0.55301 0.515594 0.932832 -0.802361 -0.129169 0.19203 0.145777 -0.638136 -0.32026 : 0.3
0.61078 0.347642 0.997129 -1 -0.450131 -0.0526001 0.980727 -0.793107 -0.183432 : 0.5
0.705506 0.307181 0.88154 -0.314992 -0.365666 -0.415287 0.647347 1 0.0777901 : 0.5
0.618075 0.396622 0.848473 -0.261032 -0.0272523 -0.163158 0.463221 -0.586636 0.465657 : 0.3
0.583349 0.30977 0.810188 -0.651041 -0.395813 -0.358648 0.43322 0.39277 0.243121 : 0.3
0.636329 0.515918 0.800569 -0.555828 0.0216743 -0.173822 0.498005 0.788533 -0.627282 : 0.5
0.640228 0.826005 0.749269 -0.391785 -0.411437 0.0192397 0.87563 0.305851 0.975065 : 0.6
0.710376 0.619253 0.87141 -1 -0.0107615 -0.544033 0.85399 0.614262 0.550824 : 0.5
0.552151 0.501005 0.794785 -0.308965 -0.572133 -0.604789 0.147277 0.314126 0.160753 : 0.5
0.524744 0.426059 0.89068 -0.942765 -0.640697 0.385388 0.623245 0.612362 0.777088 : 0.3
0.588739 0.557 0.962562 -0.147331 -0.235176 -0.301988 0.522142 0.0892499 -0.753943 : 0.3
0.607415 0.488817 0.752088 -0.736853 -0.234242 0.128869 0.830981 0.406517 0.291732 : 0.7
0.639908 0.354146 0.792971 -0.5154 -0.252705 -0.0406959 -0.497424 -0.1797 0.289609 : 0.2
0.557843 0.460852 0.921532 -0.630596 0.136099 -0.38753 0.0135207 0.311422 -0.125854 : 0.5
0.677876 0.180746 0.71555 -0.877115 0.051617 0.0839157 0.0810355 0.452024 1 : 0.2
0.558023 0.423022 0.681781 -0.710866 -0.365417 -0.532574 0.802571 0.313402 0.0596677 : 0.1
0.552694 0.379999 0.912319 -0.81476 -0.678157 -0.472695 0.283693 0.313041 0.411674 : 0.5
0.599023 0.332965 1 -0.830591 -0.477 -0.334266 0.736774 -0.79026 0.295612 : 0.4
0.703248 0.447927 0.985674 -1 0.101734 -0.318948 0.687559 0.530685 0.242269 : 0.8
0.670995 0.372332 1 -1 -0.116235 0.128606 -0.187872 -0.0535303 -0.130411 : 0.5
0.668646 0.651929 1 -0.671904 0.190968 0.0485048 -0.0207418 0.767242 -0.0317682 : 0.5
0.749148 0.318797 0.792806 -0.222807 -0.333929 -0.286909 0.105945 -0.268464 0.553966 : 0.8
0.72367 0.339058 0.813509 -0.28268 -0.205221 0.410501 -0.00229925 0.586244 0.370867 : 0.5
0.570972 0.592704 0.86378 -0.366038 -0.332132 -0.270805 -0.0566224 0.652716 -0.197461 : 0.6
0.72356 0.345277 0.986651 -0.794388 -0.343519 -0.439233 0.177725 -0.486016 0.110137 : 0.3
0.676615 0.65247 0.813898 -0.735651 -0.413021 -0.353349 -0.743428 0.471178 0.922874 : 0.5
0.787949 0.473445 0.97618 -0.596734 -0.168644 -0.0851964 0.4058 -0.365805 -1 : 0.4
0.518766 0.412639 0.729864 -0.777563 -0.133217 -0.379177 0.886384 0.637925 0.531369 : 0.3
0.437211 0.369449 0.78453 -0.40608 -0.0052869 -0.411013 0.153362 1 0.180465 : 0.3
0.667764 0.438582 0.906206 -0.24602 0.844854 -0.150799 1 0.560238 0.245402 : 0.3
0.526432 0.43691 0.792207 0.0410514 0.0380513 -0.492687 1 0.669503 0.114221 : 0.5
0.556492 0.362439 0.643487 -0.120548 -0.932646 -0.598309 0.0787608 0.0835081 1 : 0.4
0.694274 0.338316 0.754107 -0.0330879 -0.54973 -0.00851583 1 -0.647897 0.615421 : 0.2
0.599896 0.381519 0.601277 -0.822107 -0.0318559 -0.995752 0.123954 0.639154 1 : 0.6
0.749458 0.412346 0.664436 -0.70778 -0.0273747 -0.344124 0.356363 -0.194747 0.303895 : 0.7
0.575723 0.507308 0.792549 -0.539059 0.35867 0.145504 0.509488 0.0255003 -1 : 0.6
0.413407 0.338345 0.845838 -1 -0.480939 -0.462843 0.149993 0.630105 0.360048 : 0.3
0.695529 0.348624 1 -0.312443 -0.420075 -0.359333 0.431596 0.5585 -0.338869 : 0.5
0.7583 0.536875 0.924889 -1 -0.273959 0.223371 -0.404716 0.573001 -1 : 0.6
0.634064 0.449729 0.980592 -0.234279 -0.620552 -0.535323 0.32158 0.722719 -0.625762 : 0.5
0.542217 0.292133 1 -0.274111 -0.487128 -0.187798 0.425254 0.804931 -0.510679 : 0.5
0.605367 0.363012 0.966891 -0.532127 -0.292927 -0.352367 0.117786 -0.213552 -0.219845 : 0.7
0.692334 0.459787 0.976032 -0.696708 -0.124526 0.00863326 0.872543 0.658176 -0.0470238 : 0.5
0.58782 0.476684 0.871554 -0.63353 -0.358194 -0.439391 -0.248474 -0.436807 -0.870437 : 0.3
0.646799 0.378458 0.801469 -0.292177 -0.233883 -0.535359 0.110059 0.526452 0.286711 : 0.5
0.668983 0.44321 0.809307 -0.594017 -0.0300154 -0.377622 -0.0156772 0.344514 1 : 0.2
0.644727 0.50162 0.767952 -0.549667 -0.38293 0.109828 0.624053 0.261776 0.0265015 : 0.4
0.658595 0.449045 0.800935 0.275987 -0.324508 -0.289703 0.0544002 0.579304 0.860462 : 0.3
0.710992 0.443039 0.999386 -1 -0.538478 -0.395204 0.487977 0.44566 0.520444 : 0.1
0.683549 0.677633 0.757439 -0.91856 0.625786 0.17007 0.789564 0.370941 -0.403717 : 0.6
0.547891 0.37525 0.728526 -0.924852 -0.67401 -0.345183 1 1 0.445252 : 0.6
0.692199 0.318319 0.788413 -0.774137 -0.183596 0.385623 0.41026 0.631027 0.119646 : 0.4
0.675399 0.541798 0.77638 -0.904898 -0.568266 0.180465 0.609466 0.382386 -0.0193218 : 0.1
0.61359 0.523742 0.954946 -0.489159 -0.60062 -0.229924 0.839801 0.753312 -0.183143 : 0.5
0.61669 0.554244 0.819916 -0.151304 0.00924364 -0.0713627 0.179268 0.509766 1 : 0.4
0.553911 0.492448 0.950345 -0.759651 -0.0812587 0.0895137 0.192219 0.49411 -0.313862 : 0.6
0.631876 0.455486 0.860904 -0.302367 0.0580093 -1 -0.144806 0.00980589 0.15952 : 0.5
0.665604 0.463898 0.763387 0.0323921 0.0112673 -0.462954 0.582468 0.339331 0.31725 : 0.4
0.600449 0.443031 0.872082 -0.276924 0.148042 -0.486865 0.233987 0.864749 0.18673 : 0.5
0.615472 0.419353 0.839763 -0.287765 -0.275046 -0.19981 -0.0581935 0.302757 0.763998 : 0.4
0.442626 0.389819 0.658551 -0.691994 -0.528201 -0.446913 0.553018 0.339269 0.243656 : 0.4
0.62426 0.300905 0.908616 -0.721654 -0.177971 0.0033315 -0.427457 0.486398 -0.780695 : 0.4
0.562926 0.473333 0.867659 -0.588205 -1 -0.31178 0.987465 0.00224058 0.560168 : 0.4
0.724965 0.595642 0.78952 -0.43798 0.127187 0.0864976 0.529505 0.391973 0.623652 : 0.4
0.627702 0.634822 0.778906 -0.878054 -0.174183 -0.383906 0.645465 0.438095 0.635487 : 0.4
0.849454 0.592386 0.828429 -0.0957965 -0.339534 -0.471831 0.731049 0.510621 1 : 0.1
0.574932 0.303589 0.939234 -0.865475 -0.663392 -0.260589 0.717806 0.549872 -1 : 0.5
0.74391 0.351255 0.682168 -0.580401 -0.720285 -0.495419 0.556011 0.210431 0.926444 : 0.6
0.679298 0.311292 0.7646 -0.899498 0.266761 0.0252629 1 0.396234 0.995974 : 0.5
0.491658 0.399202 0.754361 -0.59205 -0.230642 0.110356 0.441812 -0.559745 0.0524656 : 0.5
0.643146 0.55384 0.800604 -0.66278 -0.075498 -0.186681 0.397986 0.903902 0.914353 : 0.4
0.676694 0.469623 0.923862 -0.404336 -0.128855 -0.313798 0.658468 0.391413 -0.735382 : 0.4
0.647072 0.305072 0.94125 -0.44175 0.251824 -0.339184 -0.870205 0.276855 -1 : 0.3
0.670044 0.399371 0.915487 -0.528167 -0.162003 -0.566511 0.416116 -0.0838791 0.116476 : 0.8
0.628576 0.358567 0.831313 -0.541117 -0.597257 0.21136 0.805019 -0.230478 0.448723 : 0.4
0.684784 0.384812 1 -0.765692 -0.287876 -0.275247 0.321263 0.337304 -0.688461 : 0.4
0.641288 0.66426 0.721856 -0.387225 -0.184807 -0.239414 0.924012 -0.179901 -0.393244 : 0.6
0.490355 0.409536 0.910553 -0.643972 -0.267804 -0.18792 0.681884 -0.387409 0.143698 : 0.1
0.570958 0.388557 0.936029 -1 -0.287031 -0.182673 0.515924 -0.0725688 -0.147401 : 0.1
0.583859 0.577233 0.823149 0.212631 -0.194806 -0.161174 0.369714 0.267723 -0.584707 : 0.3
0.648114 0.66486 0.715672 -0.772642 -0.401612 -0.0390664 1 -0.196224 0.290998 : 0.2
0.596975 0.368497 0.886963 -0.523982 -0.313371 0.0379415 0.308044 0.48911 0.628048 : 0.6
0.678326 0.445777 0.942953 -0.916566 -0.49658 -0.267133 0.637816 0.443572 1 : 0.5
0.816533 0.347751 0.833736 -0.690163 0.0932768 -0.549656 0.60854 -0.248684 0.59114 : 0.4
0.542422 0.298977 1 -0.741715 0.00729594 -0.946705 -0.535906 0.307515 -0.0133452 : 0.5
0.610078 0.521924 0.728216 -0.460142 0.267421 -0.0192429 0.644806 0.354232 -0.557677 : 0.2
0.656041 0.600464 0.97657 -0.597872 -0.14344 0.358161 0.800872 1 0.138107 : 0.4
0.554305 0.32385 0.995623 -0.360754 -0.0562826 0.0639566 0.394752 -0.0361037 -1 : 0.6
0.596938 0.557752 0.845824 0.0635931 -0.0186455 -0.58063 0.359733 -0.0187575 0.512308 : 0.5
0.646733 0.353648 0.711748 -0.85118 -0.20496 -0.0669775 0.363559 0.233515 -0.373905 : 0.3
0.727907 0.2913 0.86425 -0.199674 0.580696 -0.394164 0.786283 0.111044 0.499926 : 0.3
0.567178 0.361692 0.876481 -0.832638 -0.293033 -0.502648 0.487334 -0.0930566 -0.602456 : 0.3
0.73321 0.371092 0.740822 -0.484208 -0.259229 0.0225478 0.903932 0.488023 0.320067 : 0.5
0.747622 0.270015 0.926206 -0.0410876 -0.0823696 -0.523147 0.409095 0.461136 0.290781 : 0.7
0.705179 0.528203 0.746037 -1 -0.143324 -0.0998769 0.514586 0.310273 1 : 0.5
0.57019 0.379685 0.831884 -0.601976 -0.0555267 -0.424341 0.581913 0.464253 0.356214 : 0.4
0.653731 0.329703 0.731748 -0.561408 -0.134028 -0.320179 0.65492 0.448073 -0.00554109 : 0.5
0.615018 0.377599 1 -0.319696 -0.32466 -0.20737 1 0.364151 0.0532817 : 0.3
0.586375 0.440354 0.581762 -1 -0.38985 -0.601947 0.834262 0.993177 0.109886 : 0.5
0.581426 0.460966 0.822907 -0.0343663 -0.169858 -0.406908 0.0914391 0.525595 0.495475 : 0.6
0.743376 0.419145 0.898463 -0.583211 -0.0769133 -0.813454 -0.210451 0.496782 0.0788193 : 0.2
0.726389 0.291842 0.82959 -0.71914 -0.195197 -0.446707 -0.16905 0.397393 0.264992 : 0.5
0.639169 0.514869 0.720063 -0.764621 -0.120211 0.562229 0.868844 -0.346271 0.0228713 : 0.6
0.750625 0.331795 0.719308 -0.5165 0.298673 -0.345683 0.473863 -0.0160766 0.272249 : 0.7
0.705757 0.472685 0.746179 -0.511882 -0.400717 -0.217415 -0.318156 0.441001 0.540772 : 0.3
0.604261 0.45325 0.585509 -0.912195 -0.198674 -0.825967 0.18431 0.285589 0.787405 : 0.4
0.591766 0.498058 0.846315 0.196866 -0.306385 0.34961 0.192617 -0.157257 0.57154 : 0.2
0.630052 0.460453 0.742626 -0.411916 -0.141271 -0.00717038 0.827113 0.164217 -0.0238622 : 0.5
0.59271 0.384448 0.759911 -0.469952 0.00982377 -0.1335 0.20663 0.0744185 0.538452 : 0.5
0.94464 0.429605 0.88687 -0.305347 -0.411215 -0.171937 0.29996 0.654399 -0.879059 : 0.5
0.689181 0.371819 0.753612 -0.681334 -0.0874992 0.303614 -0.0215502 0.60349 1 : 0.7
0.588279 0.292069 0.763335 -0.25599 -0.163387 -0.479977 -0.0841147 0.497252 -0.768961 : 0.6
0.635254 0.504876 0.901688 -1 0.374736 -0.314414 -0.0925194 -0.40285 0.127478 : 0.1
0.700986 0.367303 0.827014 -0.573802 -0.261738 -0.037567 0.0577696 0.0504085 0.360428 : 0.6
0.490599 0.355697 0.727667 -0.520647 -0.520443 0.0125536 0.740225 0.423347 0.470418 : 0.6
0.685113 0.252751 0.744527 -0.226011 -0.187664 0.268921 0.395164 0.485904 0.664913 : 0.4
0.654378 0.448683 0.949995 -0.217374 -0.180335 -0.472667 0.371824 0.480028 -0.535891 : 0.3
0.790785 0.50602 0.929158 -0.480301 0.0837979 -0.664857 0.613677 0.418128 0.183255 : 0.4
0.694313 0.217667 0.688071 -0.468568 0.189153 -0.156276 0.695178 -0.380427 0.396356 : 0.6
0.632032 0.395907 0.755742 -0.323436 -0.402582 -0.208854 -0.271644 0.672092 0.571771 : 0.3
0.6261 0.386899 0.852409 -0.53804 -0.170683 -0.293575 0.864651 0.722914 -1 : 0.6
0.579999 0.350896 0.77221 -0.846093 -0.948779 0.0924788 -0.0825972 0.641487 0.913333 : 0.4
0.58499 0.495214 0.885871 -0.801837 -0.151824 0.140919 0.30361 0.220162 0.299302 : 0.4
0.645846 0.35506 0.792704 -0.430397 0.0355687 -0.432823 0.647671 0.926694 0.382856 : 0.4
0.550264 0.513781 0.877959 -0.370888 -0.122287 -0.348732 0.130802 -0.720543 0.188068 : 0.1
0.457812 0.327789 0.859205 -0.605816 -0.597305 -0.0968078 0.370063 0.551102 0.282605 : 0.3
0.571605 0.45294 0.935738 -0.539456 -0.0239047 0.460515 0.486554 0.24646 0.173273 : 0.6
0.594634 0.382722 0.487687 -0.898542 -0.0383505 -0.334007 0.387472 0.857173 -0.299586 : 0.3
0.560209 0.323391 0.916204 -0.718162 -0.123825 0.124796 1 -0.92921 -0.461627 : 0.7
0.496395 0.418736 0.792542 0.406401 -1 -0.191732 0.788357 0.497745 0.696159 : 0.3
0.521507 0.405859 0.737428 -0.654056 -0.0262653 -0.119648 0.0598498 0.531766 0.155483 : 0.7
0.571307 0.398816 0.891208 -0.241642 -0.387689 -0.1504 0.314306 0.747188 0.0858896 : 0.2
0.589888 0.424806 0.951527 -0.0825753 -0.167457 -0.398377 0.140868 0.560161 0.37183 : 0.3
0.553452 0.43397 0.820335 -0.554182 -0.28675 0.155093 -1 0.426984 0.404646 : 0.4
0.593275 0.479691 0.866825 -0.546167 0.265082 -0.432675 -0.129563 0.367572 -0.154795 : 0.7
0.543891 0.335484 0.854577 -0.399717 -0.11158 0.182808 -0.0224532 0.382145 -0.0140573 : 0.6
0.631284 0.587602 1 -0.545229 -0.023975 -0.152668 0.731316 0.311746 -0.248811 : 0.7
0.742413 0.300887 0.926906 -0.331825 -0.148491 -0.472356 0.604841 -0.284307 -0.701736 : 0.7
0.542973 0.268601 0.788949 0.0681214 0.0496625 -0.462442 -0.419288 0.686729 0.122703 : 0.2
0.702318 0.374317 0.93558 -0.633946 0.0163791 0.276937 0.237853 -0.573597 -0.200628 : 0.6
0.447664 0.388196 0.721234 -0.0556868 -0.536398 0.339947 0.816384 0.076198 0.13209 : 0.4
0.625188 0.692014 0.784892 -0.885678 0.0655152 -0.250575 0.4526 -0.275249 0.911455 : 0.7
0.590662 0.297082 0.832105 -0.810754 -0.338419 -0.670137 0.527218 -0.0604538 0.474881 : 0.4
0.577801 0.410436 0.572835 -0.699372 -0.0700881 -0.343619 0.181068 0.819713 0.260644 : 0.3
0.646935 0.374202 0.830224 -0.0673583 -0.223824 -0.0657144 0.455547 0.105964 0.802148 : 0.6
0.662049 0.390663 0.742425 -0.732958 -0.440349 -0.0223426 1 0.369339 -0.199598 : 0.4
0.568156 0.506908 0.886757 -0.807358 -0.155404 -0.230602 0.270956 -0.399703 0.252082 : 0.2
0.699405 0.432738 0.890647 -0.592282 -0.287209 0.168027 -0.461567 -0.24764 -0.0059346 : 0.3
0.663719 0.41131 0.936627 -0.918891 -0.211309 -0.744129 0.909039 -0.531915 0.10879 : 0.4
0.492511 0.378724 0.750335 -0.287616 0.965787 -0.384998 0.167057 0.793057 0.0806675 : 0.6
0.537688 0.418282 0.860629 0.599 -0.915278 -0.0912236 0.736907 0.693851 0.130286 : 0.3
0.74366 0.437852 0.783359 -0.348738 -0.0556201 -1 0.546513 -0.0287677 0.336342 : 0.4
0.661779 0.374831 0.805965 -0.508797 -0.684107 -0.149988 -0.0781361 -0.496386 -0.0319208 : 0.2
0.675535 0.442678 0.911404 -0.795727 -0.0380563 -0.0322047 1 0.519017 0.550078 : 0.4
0.761574 0.480406 0.732655 -0.325009 -0.259204 -0.00145845 0.691231 0.753964 -0.098236 : 0.3
0.706574 0.69609 1 -0.777558 -0.380021 0.085932 0.286822 0.354431 0.346756 : 0.4
0.819904 0.361367 0.79309 -0.252278 -0.668139 0.121506 0.102882 0.39802 -0.0927866 : 0.6
0.378487 0.406354 0.671171 -1 -0.244531 -0.935528 -0.134019 0.539751 -0.35066 : 0.4
0.766925 0.555077 0.802293 -0.671114 0.0930373 -0.199789 0.494912 0.747675 0.979226 : 0.5
0.587962 0.3798 0.809915 0.0944712 0.531463 -0.445642 0.0809257 -0.184177 0.387069 : 0.4
0.601832 0.436554 0.902016 -0.591048 -0.00743311 -0.467123 -0.234594 0.0479167 0.781095 : 0.1
0.504858 0.366935 0.910153 -0.0101127 -0.180872 -0.411733 0.61278 0.301089 0.0481637 : 0.2
0.610292 0.399347 1 -0.726725 -0.225474 -0.88201 0.0657332 0.584524 0.67058 : 0.1
0.763996 0.437112 0.539903 -0.694393 -0.324238 -0.575511 0.373205 0.610432 -0.649623 : 0.7
0.51636 0.477198 0.735959 -0.281306 -0.277321 -0.0978555 0.708183 0.141305 -0.544987 : 0.5
0.594547 0.393732 0.760409 0.04206 -0.239574 -0.86191 -0.91487 0.512713 -0.15116 : 0.4
0.678676 0.449875 0.765105 -0.559314 -0.131073 -0.528923 -1 0.89563 -0.0342069 : 0.3
0.581733 0.353503 0.796372 -0.851776 -0.539664 -0.148242 0.884871 0.234898 -0.643608 : 0.8
0.36811 0.37275 0.780409 -0.417538 -0.530646 -0.347405 0.157858 0.739531 0.237695 : 0.2
0.341987 0.505466 0.774605 -0.383007 -0.220634 0.117635 0.474369 0.339196 -0.458528 : 0.2
0.593903 0.395265 0.863543 -0.967438 -0.00199008 -0.692025 -0.451911 -0.0463895 1 : 0.1
0.337381 0.312386 0.77673 -0.351864 -0.202822 0.344252 0.264094 1 -1 : 0.3
0.430973 0.28546 0.773058 -0.131712 -0.598466 -0.262103 0.339541 0.763794 -0.07261 : 0.7
0.679832 0.404965 0.744892 -0.543292 0.0444794 -0.377362 0.193212 0.0297812 -0.0724025 : 0.4
0.53218 0.304642 0.725572 -0.480063 -0.292699 -0.583136 0.045735 0.39968 -1 : 0.2
0.572255 0.20889 0.882732 -0.259614 -0.135489 -0.384966 0.168543 0.318445 0.227294 : 0.4
0.627122 0.413055 0.850362 -0.194461 0.0220045 -0.754125 0.984935 0.0891464 0.976806 : 0.5
0.609984 0.570349 0.856082 -0.637716 -0.0921279 0.0341146 0.801764 0.671135 -0.119817 : 0.4
0.704736 0.43903 0.756612 -0.646531 -0.503401 -0.380368 0.49511 0.603547 0.107114 : 0.3
0.581886 0.327191 1 -0.798615 -0.178123 0.073296 0.301489 -0.0679814 0.442793 : 0.4
0.798501 0.486661 0.871346 0.287217 -0.926181 -0.0585413 0.755121 -0.0258098 0.175719 : 0.5
0.617338 0.474884 0.755051 -0.737561 -0.347948 0.103099 0.3382 0.269006 0.0912556 : 0.3
0.63267 0.405236 0.697192 0.0292231 -0.177057 -0.346901 0.429755 0.264909 0.0727515 : 0.4
0.688803 0.316886 0.898034 -0.834885 -0.267467 -0.86013 0.204223 0.883635 1 : 0.2
0.712448 0.470302 0.757164 -0.344235 -0.641723 -1 0.819811 0.382996 0.416127 : 0.6
0.628874 0.516469 0.791764 -0.190084 0.110861 -0.201639 0.347293 0.365007 0.0654906 : 0.6
0.591976 0.405951 0.958444 -0.517301 -0.387037 -0.613606 0.690341 0.370708 -0.122127 : 0.8
0.638644 0.499997 0.969152 -0.916752 -0.176793 -0.290856 0.525943 0.629565 -0.00903702 : 0.6
0.578454 0.534322 0.79634 -0.58951 -0.102154 -0.164361 0.975793 -0.098224 -0.917897 : 0.5
0.537251 0.366808 0.840268 -0.159166 -0.376022 -0.299089 0.519463 -1 -0.278536 : 0.6
0.730551 0.325429 0.904088 -0.553816 -0.0706259 0.359681 0.451522 0.237044 -0.272 : 0.6
0.756217 0.365041 0.827042 -0.376864 -0.257729 -0.167724 0.226892 0.193702 1 : 0.5
0.525052 0.432652 1 -0.777359 -0.0598425 -0.46096 0.022755 0.389016 0.449262 : 0.3
0.5242 0.391267 0.78314 -0.489061 -0.534026 -0.904467 0.933054 -0.967039 0.563998 : 0.2
0.863519 0.461861 1 -1 -0.31183 -0.107329 0.359766 -1 0.608525 : 0.3
0.492257 0.391513 0.890061 -0.48047 -0.415415 0.142359 0.491748 0.545185 -0.645843 : 0.6
0.542709 0.398791 0.685283 -0.838394 0.439303 -0.521156 0.969322 0.432065 0.705144 : 0.8
0.57612 0.371696 0.655773 -0.658453 -0.24721 0.0456975 0.934186 0.779467 0.073357 : 0.7
0.471395 0.279802 0.733644 -0.904436 -0.473945 -0.361088 1 0.236866 1 : 0.5
0.789048 0.37446 0.945699 -0.778514 -0.395761 -0.592514 -0.0596573 0.0773268 0.0270391 : 0.1
0.581318 0.289284 0.843705 -1 0.0504149 -0.724293 0.48513 0.380509 -0.60824 : 0.3
0.630002 0.363321 0.788983 -0.396402 -0.0614424 0.810968 0.233843 0.295709 0.730454 : 0.4
0.709742 0.338414 1 -1 -0.165308 -0.332572 0.494145 0.609081 -0.173139 : 0.5
0.822946 0.356459 0.989499 -0.268348 -0.0633862 -0.0118781 0.958302 0.763616 0.0532031 : 0.3
0.639595 0.558375 0.833044 -0.428807 -0.0749791 -0.508478 0.398855 0.564873 -0.185448 : 0.2
0.678554 0.372272 0.788066 -0.127074 0.0514823 0.282798 0.651914 0.169227 -0.295524 : 0.2
0.654922 0.300589 0.854115 -0.50157 -0.350931 -0.300008 0.551397 0.523641 0.579503 : 0.6
0.645005 0.608448 0.822748 -0.893852 -0.517297 0.0853777 0.611663 0.486666 -0.909706 : 0.1
0.544923 0.38589 0.68444 0.199319 0.122386 -0.235515 0.756481 -0.575766 1 : 0.3
0.617465 0.606819 0.81896 -0.177034 -0.284488 -0.375156 0.183336 0.462866 1 : 0.1
0.708653 0.506607 1 -1 -0.263034 -0.294562 0.482684 0.732042 0.317732 : 0.4
0.586639 0.348319 0.917388 -0.373876 -0.395842 -0.127062 1 -0.0252825 1 : 0.3
0.730676 0.444795 0.789998 -0.681508 -0.271854 0.0530866 0.466662 0.33358 -0.778033 : 0.5
0.549675 0.809941 0.862468 -0.345877 -0.406742 -0.53199 0.122397 0.393678 -0.280078 : 0.7
0.57754 0.30287 0.793813 -0.264867 0.187228 -0.331047 0.126076 0.0682173 0.6603 : 0.2
0.555552 0.388352 0.713859 -0.654699 -0.56676 -0.372043 0.584434 0.223482 -0.0837403 : 0.6
0.625818 0.532314 1 -0.346223 -0.415556 -0.447772 0.499495 -1 0.480218 : 0.2
0.577206 0.349861 0.903668 -1 0.17809 -0.0834791 0.435817 0.0775239 0.662267 : 0.1
0.689066 0.311412 0.936664 -0.039115 0.160375 0.360292 0.699619 0.439256 0.209229 : 0.6
0.551287 0.482678 1 -0.990929 -0.455185 -0.087738 0.739751 0.395101 0.181606 : 0.6
0.571408 0.418159 0.670089 -0.890638 -0.578964 -0.26434 0.902721 0.389791 -0.0145378 : 0.3
0.624162 0.479708 0.906703 -1 -0.228476 0.0308527 0.103493 0.439991 0.601887 : 0.4
0.659846 0.408095 0.869175 -0.157811 -0.175704 -0.26873 0.551765 0.591115 -0.220532 : 0.6
0.56952 0.159729 0.894078 -0.625867 -0.302021 -0.462026 0.72467 0.317275 0.212565 : 0.7
0.566857 0.420214 1 -0.734693 0.241021 -0.26563 0.281396 0.0921069 0.238319 : 0.8
0.546329 0.45343 0.796688 -0.860808 -1 -1 0.252951 0.282085 0.565706 : 0.6
0.710473 0.378722 0.855514 -0.523523 -0.265017 -0.495687 -0.0687572 0.195751 0.308664 : 0.3
0.690631 0.383094 0.909624 -0.884581 -0.774755 -0.377672 0.594879 0.26568 -0.352896 : 0.5
0.686599 0.452026 0.891944 -0.584537 0.425503 -0.417148 -0.194207 0.482825 -0.659927 : 0.2
0.57214 0.344725 0.901351 -0.31422 -0.519837 -1 1 0.180414 -0.387894 : 0
0.60359 0.273531 0.820646 -0.77194 -0.117989 -0.199465 0.735366 0.634797 -1 : 0.5
0.632462 0.405485 0.887007 -0.983507 -0.142475 -0.362358 -0.450673 0.519787 1 : 0.7
0.675878 0.490428 0.909864 0.041331 0.256164 -0.374008 0.982818 0.0989841 0.779246 : 0.6
0.845246 0.33741 0.901722 -0.531008 -0.430568 -0.151048 1 0.16015 -0.995348 : 0.3
0.767981 0.503096 1 -0.897204 -0.295925 -0.100904 0.513203 0.225036 -0.442319 : 0.5
0.589495 0.470712 0.808318 -0.692099 -0.246568 -0.0395674 1 0.480905 -0.309511 : 0.6
0.585365 0.476544 0.874158 -0.524153 -0.313674 -0.338933 -0.171408 0.611834 -0.282512 : 0.3
0.558851 0.302903 0.83429 -0.0801635 0.144973 -0.174586 0.440781 -0.169657 0.0433707 : 0.6
0.452349 0.448958 0.886679 -0.632821 -0.0544064 0.54007 0.244499 1 -0.196587 : 0.4
0.723901 0.379166 0.981254 -0.856919 -0.248568 -0.219154 0.811141 0.0475123 -0.496777 : 0.7
0.730169 0.451378 0.702818 -0.363339 -0.0701753 -0.642073 0.581011 0.623868 -0.0677143 : 0.6
0.588355 0.4086 1 -0.540461 -0.476058 -0.120047 0.662779 0.0291657 0.499944 : 0.5
0.561664 0.368683 0.844775 -0.700349 -0.0943696 -0.34043 0.104604 0.258722 -0.0707386 : 0.3
0.78481 0.367311 0.814958 -1 -0.161734 -0.183239 0.104077 0.350865 0.651089 : 0.5
0.678806 0.35668 0.798932 -0.6979 -0.105111 0.00396794 0.787471 0.55805 0.588395 : 0.5
0.661208 0.265062 0.70221 -0.531013 0.00080137 0.228481 0.218034 0.0331863 -0.240558 : 0.6
0.722964 0.41913 0.708853 -0.800226 -0.455576 -0.527682 0.62746 0.413932 0.634935 : 0.6
0.642127 0.494953 0.937315 -1 -0.250497 -0.320111 0.664507 0.438353 -0.222415 : 0.6
0.713303 0.281409 0.752629 -0.388231 -0.665236 -0.211986 0.702198 0.243884 -0.383327 : 0.4
0.724614 0.421561 0.998595 -0.856891 -0.365423 -0.102157 0.553579 0.270164 0.224344 : 0.6
0.624654 0.480108 0.738923 -0.643081 -0.158784 -0.213495 0.806481 -0.283771 0.566889 : 0.5
0.757158 0.589808 0.700004 -0.747357 -0.0892529 0.217581 0.152691 0.433303 -0.118001 : 0.3
0.722334 0.469447 0.779086 -0.51737 -0.285425 -0.205895 0.292132 -0.271666 -0.999163 : 0.3
0.641312 0.408848 0.713933 -0.768998 -0.22749 -0.46585 -0.196196 0.348394 0.484772 : 0.7
0.622425 0.365961 0.738673 -0.830289 -0.492938 -0.406002 0.219061 0.461954 -0.487975 : 0.6
0.566374 0.27918 0.878279 -0.45112 -0.588465 -0.631988 1 0.303594 0.528633 : 0.4
0.72234 0.282997 0.907114 -0.975357 -0.0467507 -0.265919 0.220103 0.632331 -0.160021 : 0.6
0.658046 0.383844 0.903351 -0.490303 -0.294242 0.0861653 0.532919 0.430095 -0.185037 : 0.4
0.577597 0.258017 0.686753 -0.214838 0.0282155 -0.393765 -0.0286689 0.619118 0.46939 : 0.4
0.688576 0.240497 0.691614 -0.704064 0.0416149 0.200255 -0.00826362 0.28259 1 : 0.3
0.654949 0.531783 0.794389 -0.263703 -0.0202633 0.214896 0.259802 0.587481 -0.0829591 : 0.5
0.546272 0.212311 0.557157 0.206656 -0.0153548 -0.418988 0.740953 0.44094 0.315636 : 0.4
0.619595 0.387417 0.923326 -0.575664 -0.291906 0.23464 0.780161 0.8852 -0.700067 : 0.3
0.600482 0.38306 0.71748 -0.674729 -0.540817 0.0535844 0.727831 0.119463 -0.21127 : 0.3
0.503248 0.279156 0.824376 0.116956 -0.44326 -0.339705 0.565892 0.0103404 0.293693 : 0.5
0.359268 0.454383 0.971204 -0.373875 -0.14412 -0.25633 0.228044 0.285337 -0.0259317 : 0.1
0.659916 0.336886 0.986986 -0.650006 0.441967 -0.0158888 0.74269 0.132204 1 : 0.3
0.581389 0.50243 0.819186 0.0307344 -0.250158 -0.0139961 0.620482 0.603971 0.84999 : 0.2
0.621657 0.474323 0.742294 -1 -0.146969 0.0929623 0.723073 1 -0.291697 : 0.3
0.590058 0.453809 0.92971 -0.657379 0.183695 -0.0332071 0.768672 0.645995 0.392545 : 0.4
0.537565 0.41309 0.813734 -0.273139 0.047115 -0.0583331 0.317808 0.0741665 1 : 0.6
0.559485 0.327626 0.774881 -1 -0.25025 -0.287942 1 0.588169 0.231602 : 0.6
0.673042 0.302586 0.823396 -0.620825 -0.307378 -0.160303 0.510759 0.824324 0.431857 : 0.6
0.565762 0.413359 0.96067 -0.819748 -0.0809015 -0.527689 0.609924 0.819437 -0.0892965 : 0.4
0.739899 0.440985 0.854138 -0.12449 0.362342 -0.459376 0.072677 0.471663 1 : 0.7
0.598442 0.412879 0.955215 -1 -0.756253 -0.592426 0.255599 0.330506 0.705944 : 0.4
0.547521 0.366537 1 -0.905556 -0.796735 0.012756 0.530487 0.233174 0.949639 : 0.4
0.665209 0.521659 0.884818 0.448877 1 0.270222 0.724542 0.243384 -0.570102 : 0.5
0.484228 0.308433 0.867344 -0.631519 -0.269656 0.0283024 0.293264 -0.117111 -0.324203 : 0.5
0.4927 0.463637 0.763525 -0.203795 -0.594442 0.494736 0.397002 0.753802 -0.0716945 : 0.4
0.725855 0.175599 0.983949 -0.371928 0.0192301 -0.603742 0.707213 0.408534 0.0781306 : 0.5
0.633359 0.376649 0.707673 0.441282 -0.371434 -1 0.129448 -0.408925 1 : 0.5
0.614298 0.351161 0.758489 -0.606348 -0.132828 0.484825 0.178588 0.664024 1 : 0.5
0.568363 0.448642 0.702172 -0.383725 -0.390458 -0.131036 1 0.164964 0.836209 : 0.6
0.57479 0.555264 0.738929 -0.89798 -0.0564989 -0.467869 0.212634 0.386275 0.082738 : 0.5
0.67011 0.2372 0.796406 -0.187256 0.110453 -0.29134 -0.297323 0.332164 0.303381 : 0.5
0.631144 0.420074 0.944001 -0.516853 -0.151133 -0.104838 0.101689 0.0669209 -1 : 0.4
0.704867 0.435109 0.809354 -0.442435 -0.319994 -0.322805 0.949188 0.107954 -0.760033 : 0.5
0.620889 0.526368 0.797557 -0.639052 0.121705 -0.364843 0.676947 0.382532 0.387378 : 0.6
0.695707 0.323442 0.725704 -0.0873415 0.172469 -0.570744 0.83655 0.486599 0.713178 : 0.3
0.639701 0.437167 0.842759 -0.561462 -0.159752 0.273313 -0.396664 0.48915 -1 : 0.3
0.695576 0.273808 0.846696 -0.768114 0.274765 -0.156656 0.0846664 -0.0753127 1 : 0.6
0.665291 0.510684 0.904264 -0.603918 -0.0498049 -0.491204 0.385182 0.445118 0.411848 : 0.6
0.585393 0.343749 0.792356 -0.63347 -0.557253 -0.0293866 0.954986 0.467482 0.373298 : 0.4
0.55999 0.359708 0.920253 -0.878916 -0.215123 -0.463708 0.350536 0.332519 0.162857 : 0.4
0.6612 0.223241 0.809685 0.321461 0.0715478 -0.312802 0.55627 -0.061822 1 : 0.2
0.766203 0.539062 0.876098 -0.632347 -0.145624 -1 0.261311 0.0014575 -0.0354565 : 0.4
0.563615 0.329261 0.969746 -0.476815 -0.246854 -0.0563189 0.143341 0.283844 -0.317811 : 0.6
0.760082 0.520208 0.867896 -0.386954 0.0915657 -0.159834 0.291365 -0.308423 0.675235 : 0.3
0.631158 0.44055 0.718509 -0.152481 -0.603509 -0.477776 -0.0408065 0.183821 -0.0155458 : 0.4
0.617379 0.375054 1 -0.862275 -0.41513 -0.31121 0.895765 0.109606 -0.322984 : 0.6
0.488344 0.393784 0.739541 -1 -0.291728 -0.134565 0.652922 0.643328 0.0935212 : 0.5
0.659424 0.447044 0.913996 -0.0700219 -0.216346 -0.339869 0.350777 0.465351 0.00864112 : 0.2
0.530233 0.565426 0.790658 -0.690244 -1 -0.332806 0.197197 0.660306 0.633853 : 0.7
0.681097 0.466625 0.822729 -0.124731 -0.171941 -0.197029 0.372277 0.440572 -0.678028 : 0.8
0.655906 0.460055 0.812105 0.334117 0.171969 0.0518465 0.423052 0.305285 0.448306 : 0.4
0.643555 0.434705 0.935727 -0.795992 -0.0639009 -0.104301 0.721028 0.784478 -0.289908 : 0.7
0.635002 0.393462 0.895552 -0.717294 -0.331925 -0.0490675 -0.0372698 0.332497 0.296887 : 0.6
0.640859 0.335935 0.980206 0.380815 -0.355138 -0.334781 0.394225 -0.270606 1 : 0.1
0.78431 0.433802 0.952078 -0.489208 -0.130447 0.32037 0.295086 0.368867 -0.115767 : 0.3
0.645126 0.720039 0.780014 -0.251428 -0.183582 -0.017987 -0.625628 0.266949 0.918542 : 0.5
0.725972 0.595287 0.714624 -0.495736 0.392498 0.0951565 0.92781 0.178181 0.941809 : 0.5
0.54324 0.420972 0.766657 -0.332636 -0.540042 -0.415531 0.241901 1 0.0786706 : 0.5
0.798725 0.728239 0.740779 -0.86943 -0.167456 -0.187159 0.501195 0.488704 0.261118 : 0.5
0.664805 0.483538 0.833711 0.333803 0.0624682 -0.267389 0.708702 0.316064 0.286799 : 0.5
0.615099 0.423144 0.881408 -0.618876 -0.131414 -0.18991 0.175172 0.518418 -0.0625508 : 0.6
0.638 0.376936 0.966401 -0.598141 0.733947 -0.78207 0.600248 0.0443571 -0.561292 : 0.7
0.671628 0.319115 0.588529 -0.631743 0.0342883 0.36659 0.799569 -0.541893 1 : 0.6
0.592238 0.392364 0.703307 -0.589796 -0.423133 -0.997995 1 0.11466 -0.213219 : 0.7
0.622648 0.275769 0.760774 -0.652995 0.548917 -0.288229 0.610974 0.375125 -0.171682 : 0
0.497209 0.385355 0.725534 -0.173881 -0.345818 -0.384037 0.525457 0.0225714 -0.50323 : 0.3
0.729271 0.432447 1 -0.306273 -0.418782 -0.567373 0.972422 -0.223565 1 : 0.5
0.671013 0.368133 0.97975 -0.479171 -0.305085 0.226289 0.582447 0.307977 -0.619072 : 0.6
0.433539 0.388356 0.827488 -0.0862168 -0.117256 -0.311577 -0.577749 0.30408 0.326029 : 0.2
0.613308 0.288288 1 -0.582685 -0.121789 -0.585849 -0.546778 0.186874 -0.0513711 : 0.3
0.700716 0.516093 0.771697 0.0395851 -0.236643 -0.242057 -0.0435252 -0.344971 0.629928 : 0.4
0.667582 0.497648 0.783541 -0.831297 -0.813698 0.225539 -0.0225267 0.437884 0.539816 : 0.4
0.406819 0.528654 0.942335 -0.187031 -0.446944 -0.508052 0.623851 0.287468 0.0937128 : 0.6
0.773301 0.493294 0.861511 -0.59252 -0.154127 -0.468739 -0.13033 0.536383 -0.734236 : 0.5
0.600094 0.563135 0.994088 -0.878274 -0.478388 -0.304883 0.946812 0.998102 0.132437 : 0.5
0.669495 0.316107 0.82488 -0.162767 -0.294442 -0.208116 0.517098 -0.110205 0.279193 : 0.6
0.583141 0.484262 0.882422 0.429584 -0.318343 0.116565 0.225943 0.38284 -1 : 0.2
0.627084 0.541723 0.863283 -0.08126 -0.118279 -0.246604 0.253618 0.824589 0.286646 : 0.1
0.691604 0.458942 0.85947 -1 -0.413031 -0.775211 1 -0.0264549 1 : 0.4
0.572389 0.420009 0.838589 -0.174925 -0.378769 -0.430359 0.66602 0.0536841 -0.0502714 : 0.8
0.695585 0.501775 0.797375 -0.99111 -0.267552 -0.318284 0.0223853 0.570786 0.458322 : 0.3
0.746216 0.323765 0.953052 -0.689554 0.0771123 0.0771891 0.728164 1 0.365643 : 0.5
0.678004 0.521045 0.835977 -0.838583 -0.74757 0.174187 0.395473 0.309354 -0.309258 : 0.5
0.597154 0.341821 0.857255 -0.603043 -0.280414 -0.419505 0.577416 0.376875 0.0249025 : 0.5
0.716126 0.279677 0.799682 -0.0658853 -0.0423602 0.684777 0.359941 -0.465126 0.397788 : 0.6
0.553298 0.409368 0.634933 -0.651925 -0.437406 -0.202197 0.227757 0.897469 -0.019904 : 0.1
0.669739 0.342474 0.776508 -0.821632 -0.469703 -0.524332 0.832937 0.204446 0.0803196 : 0.6
0.789982 0.385012 0.700513 -0.148119 -0.330198 -0.37515 0.562522 0.0870031 -0.366795 : 0.7
0.569146 0.442034 0.834372 0.0011664 -0.294734 -0.446181 0.276902 0.502113 -0.28824 : 0.4
0.512955 0.455607 0.880667 0.093452 0.0710188 -0.334909 0.0952849 0.428407 -0.152688 : 0.3
0.703068 0.349359 0.928083 -1 0.21743 -0.406318 0.316655 0.234318 -0.169697 : 0.4
0.679914 0.344481 0.756482 -0.891026 0.0871434 -0.0419795 0.62869 0.47762 0.301689 : 0.5
0.653594 0.452912 0.738512 -0.736247 -0.228354 -0.25635 0.295959 0.349347 0.107439 : 0.7
0.688951 0.39129 0.754131 -0.686893 -0.207168 5.72205e-06 0.0654309 1 -0.206987 : 0.2
0.658649 0.437037 0.958051 -0.688598 -0.278438 -0.187642 -0.126655 -0.0611494 -0.671202 : 0.7
0.567086 0.468529 0.856888 -0.307941 -0.934179 -0.305137 0.947835 0.974835 -0.141921 : 0.6
0.78064 0.380138 0.687869 -0.982945 -0.125776 -0.480336 0.0923671 0.232345 -0.174761 : 0.5
0.723812 0.402283 0.798643 -0.802517 -0.700771 -0.159553 0.99586 0.612843 0.756924 : 0.6
0.536768 0.415579 0.870172 -0.300284 -0.436644 0.294145 0.312444 1 0.391135 : 0.5
0.621523 0.488049 0.8218 0.0387747 0.18201 -0.105813 1 0.743854 -0.346997 : 0.4
0.569399 0.350295 0.901667 -1 -0.454719 -0.217337 0.637408 0.385812 -0.513485 : 0.6
0.589222 0.375246 0.867223 -0.592971 0.23093 -0.157906 0.35674 0.137584 -0.0710836 : 0.1
0.645963 0.475463 0.9231 -0.895399 -0.0192171 -0.291106 0.0900458 0.540183 -0.0995516 : 0.3
0.685955 0.385128 0.774277 -0.420239 -0.134004 0.655635 0.826975 -0.338995 0.181913 : 0.4
0.60959 0.499439 0.885207 -0.885442 -0.562095 -0.193787 0.403981 -1 -1 : 0.7
0.618706 0.361488 0.803065 -0.681612 -0.0613303 -0.0457355 0.112182 0.337961 0.325934 : 0.3
