0.672713 0.411863 0.923882 -0.972809 0.0875876 0.0829891 0.397586 0.687231 0.260634 : 0.8
0.689333 0.363019 0.946403 -0.842914 -0.260676 -0.0351377 0.357996 0.645061 -0.265303 : 0.4
0.670174 0.379465 0.895198 -0.857956 -0.238409 0.0306172 0.355481 0.831071 -1 : 0.7
0.72545 0.414109 0.957762 -0.928209 -0.208633 0.108711 0.885444 0.894218 -0.253101 : 0.7
0.673284 0.379314 0.976768 -0.886925 -0.165241 0.143417 0.128141 0.417483 0.795202 : 0.6
0.659919 0.373398 0.935308 -0.955716 -0.19368 -0.0131367 0.0696163 0.914871 0.563479 : 0.6
0.712721 0.414715 1 -0.848515 -0.23867 -0.0453897 -0.110605 -0.0292525 -0.193807 : 0.6
0.663305 0.419234 0.958518 -0.999612 -0.352187 0.125229 0.428723 0.386185 0.805555 : 0.7
0.721692 0.457669 0.948035 -0.905202 -0.480318 0.153381 0.678186 0.690977 -0.0371681 : 0.6
0.728518 0.380378 0.955553 -0.78706 -0.222242 0.131056 0.438048 0.638367 0.900532 : 0.6
0.742635 0.372648 0.921386 -0.877405 -0.264512 0.166567 0.404179 0.778088 -0.0107823 : 0.6
0.715078 0.389554 0.76391 -0.866703 0.0697363 0.0915548 0.471209 0.936383 0.637801 : 0.5
0.660139 0.410052 0.88833 -0.837072 -0.0571237 0.0819987 0.657361 0.658049 0.3148 : 0.7
0.714753 0.400201 0.859947 -0.953747 -0.322823 0.0897447 0.410805 0.646145 0.500536 : 0.7
0.617848 0.539453 0.840951 -0.920799 -0.201484 0.0568457 0.689364 -0.133421 0.427494 : 0.9
0.706705 0.390733 0.950238 -0.856481 -0.321385 0.130538 0.39538 0.796716 0.0704935 : 0.6
0.706378 0.355523 0.960564 -1 -0.541822 0.0544807 0.526548 0.319801 -0.200257 : 0.4
0.672956 0.376679 0.890742 -0.964443 0.404061 0.0341872 0.769526 0.251292 -0.0736776 : 0.8
0.740326 0.391533 0.98728 -0.908278 -0.217185 0.0458252 0.608067 0.764481 -0.411497 : 0.2
0.61931 0.385624 0.901555 -0.867725 -0.287552 0.068095 0.559905 0.503066 0.873312 : 0.5
0.69067 0.390755 0.871517 -0.949548 -0.141985 0.0944792 0.608041 0.998809 0.265574 : 0.8
0.670786 0.394974 0.996291 -0.608215 -0.176119 -0.145849 0.337802 0.658672 1 : 0.9
0.662037 0.413071 0.948007 -0.881216 -0.329009 -0.0416585 1 0.751814 -0.255048 : 0.8
0.644977 0.31201 1 -0.851871 -0.236828 0.0920149 0.382702 0.516856 0.812569 : 0.8
0.881669 0.528199 0.843608 -0.930027 -0.16322 0.202653 0.640448 0.595778 0.589451 : 0.5
0.676361 0.407243 0.882361 -0.684562 -0.187875 0.0628423 0.270234 0.758198 -0.0784071 : 0.7
0.69769 0.358415 0.958883 -0.96076 0.0603359 0.121326 0.423441 -0.0316344 0.274561 : 0.7
0.631498 0.454338 0.901015 -0.67336 -0.196379 0.123053 0.458952 0.907049 -1 : 0.7
0.688803 0.528779 0.917587 -1 -0.0845339 0.104509 0.600024 0.266546 0.363714 : 0.6
0.664691 0.434884 0.82321 -0.897168 0.0158957 -0.0231651 0.477869 0.609017 -0.744726 : 0.6
0.676733 0.388914 0.790853 -0.869976 -0.106181 0.0584047 0.363023 0.730785 0.546219 : 0.7
0.707284 0.389181 0.928014 -0.909082 -0.223973 0.143932 0.616275 0.874054 1 : 0.7
0.724039 0.455161 0.939451 -0.905983 -0.228973 -0.0615714 0.26256 0.0603714 0.434981 : 0.8
0.727539 0.439302 0.941214 -0.853003 -0.177693 0.14285 -0.0369383 0.693351 0.735102 : 0.8
0.745477 0.401294 0.894893 -0.751457 -0.222523 0.216439 0.161355 0.762948 1 : 0.7
0.633648 0.394262 0.976933 -1 -0.174775 0.140479 0.0591863 0.744466 -0.140703 : 0.7
0.639748 0.43796 0.876795 -0.807958 -0.234143 0.0834397 0.407307 0.764266 1 : 0.8
0.463106 0.383609 0.961117 -0.921151 -0.290014 0.0803444 0.776024 0.721477 0.414963 : 0.7
0.703365 0.447032 0.898665 -0.745289 -0.171604 0.0484917 0.305912 0.872313 0.477791 : 0.8
0.645774 0.406621 0.796003 -0.888904 0.00206366 0.178442 0.38471 0.772666 -0.184121 : 0.5
0.672899 0.435587 0.877589 -0.909409 -0.0708988 0.207508 0.743981 0.926956 -0.19287 : 0.8
0.745477 0.393646 0.886189 -0.894296 -0.72372 -0.290385 0.443857 -0.0392569 -0.106589 : 0.8
0.682222 0.403369 0.897796 -0.993865 -0.138196 0.150531 0.597725 0.658616 0.336269 : 0.6
0.695524 0.371051 1 -1 -0.120333 0.132452 0.368166 0.668361 -0.321404 : 0.5
0.70305 0.37923 0.917753 -0.874295 -0.214731 0.244328 0.341938 0.568688 1 : 0.7
0.767848 0.419553 0.918369 -0.88349 0.000641301 0.147673 0.507394 0.777233 0.0546643 : 0.5
0.678698 0.378886 0.642859 -0.871611 -0.194546 -0.010314 0.386964 0.603102 0.691309 : 0.6
0.659961 0.5248 0.875723 -0.97327 -0.319819 0.115879 0.696186 0.278577 0.643496 : 0.5
0.62951 0.343369 0.880043 -0.759018 -0.197161 0.125085 0.682866 0.530285 -0.860233 : 0.7
0.722596 0.523284 0.867622 -1 -0.150271 0.0100517 0.70765 0.794593 1 : 0.6
0.612659 0.405275 0.933798 -0.793487 -0.0120852 0.10522 -0.00755869 0.589538 -1 : 0.8
0.765127 0.37692 0.953332 -0.950525 -0.199091 0.0802062 0.314894 0.717778 0.0781049 : 0.5
0.721124 0.398907 0.91678 -0.787903 -0.0306836 0.173586 0.591711 0.591113 -0.303469 : 0.8
0.717174 0.384324 0.935012 -0.744574 -0.26381 0.0335211 0.28402 0.162387 0.43039 : 0.8
0.590972 0.395317 0.849493 -0.883434 -0.186559 0.201681 0.310559 0.699144 -0.459857 : 0.5
0.602004 0.437225 0.960694 -0.830832 -0.0656075 -0.0602946 0.428362 0.640981 1 : 0.6
0.632267 0.395715 0.961091 -0.829664 -0.109828 -0.0314901 0.307452 0.338961 0.371421 : 0.7
0.673553 0.419915 0.970697 -0.960954 -0.22298 0.0684249 0.323822 0.552067 0.1262 : 0.6
0.563433 0.3908 0.878045 -0.814419 -0.220674 -0.0119228 0.0793245 -0.241161 0.00226109 : 0.8
0.653251 0.37276 0.896392 -0.989764 -0.178256 0.0938145 0.485495 0.721045 0.193571 : 0.5
0.663698 0.326918 0.703562 -0.979685 -0.120274 -0.0402559 0.376579 0.427302 0.356078 : 0.4
0.653344 0.371561 0.859781 -0.935248 -0.197648 0.0956101 0.0959316 0.784947 0.669426 : 0.5
0.593954 0.373546 0.729717 -0.88263 -0.232435 0.0922811 0.471839 0.586299 0.46635 : 0.7
0.707712 0.438005 0.966657 -1 -0.132463 0.126553 0.335187 0.507937 -0.103166 : 0.7
0.637963 0.359685 0.996484 -0.98963 -0.196658 -0.0306051 0.201097 0.581202 0.781609 : 0.6
0.665496 0.396934 0.959508 -0.791401 -0.180531 0.01998 0.355033 0.0486468 0.39696 : 0.7
0.722223 0.471567 0.946774 -0.894421 -0.215699 0.0752953 0.517991 0.412625 0.0741343 : 0.6
0.668037 0.353812 0.982311 -0.924745 -0.253508 0.0613352 0.451263 0.678545 -0.0902953 : 0.4
0.653293 0.392997 1 -0.846971 -0.282032 0.0769446 0.0856245 0.273686 0.298482 : 1
0.687032 0.42655 0.680855 -0.920626 -0.261959 0.0630764 0.351889 0.576485 -0.355412 : 0.4
0.769262 0.389106 0.796455 -0.919385 -0.0843088 0.0519564 -0.0635862 0.946217 0.533658 : 0.7
0.668196 0.433289 0.922806 -0.853477 -0.00276088 0.0860911 0.402683 0.245792 0.708202 : 0.7
0.590553 0.358827 0.785854 -0.849372 0.0212 -0.145616 0.460894 0.856233 0.985445 : 0.8
0.706924 0.379271 0.991976 -0.844157 -0.209778 0.212445 0.467856 0.629433 0.824235 : 0.6
0.659322 0.359421 0.92147 -0.923115 -0.0169027 -0.406257 0.28823 0.238455 0.124199 : 0.7
0.677261 0.393716 0.919012 -1 -0.244016 -0.232073 0.802571 0.52873 0.169972 : 0.9
0.652814 0.460339 1 -0.858355 -0.197613 0.0047313 0.383564 0.41983 0.256956 : 0.6
0.772272 0.380167 0.852947 -0.893962 -0.135193 0.0770138 0.582779 0.628527 0.693065 : 0.4
0.824012 0.426113 0.992152 -0.890265 -0.24421 0.0698341 0.240758 0.760267 0.166278 : 0.6
0.656144 0.363706 0.917233 -0.767829 -0.166413 -0.0365229 0.4194 0.464217 0.771197 : 0.8
0.681998 0.428962 0.930173 -1 -0.158304 0.0392436 0.431522 0.673999 0.220589 : 0.8
0.613902 0.42926 1 -0.989244 -0.145081 -0.0615954 0.378003 0.430736 1 : 0.9
0.69574 0.482659 0.901681 -0.813634 -0.0726754 -0.401787 0.231377 0.225691 0.155505 : 0.4
0.710799 0.429844 0.900842 -0.813569 -0.118916 0.0959186 0.383618 0.155017 0.384203 : 0.7
0.696611 0.38545 0.959151 -0.999308 -0.243038 0.140303 0.202799 0.548802 0.691274 : 0.9
0.637237 0.316006 1 -0.855169 -0.110267 0.0614303 0.322448 0.696511 -0.402783 : 0.7
0.657698 0.442839 0.908776 -0.913471 -0.140241 0.0514139 1 0.684452 0.856342 : 0.8
0.701847 0.395592 0.899597 -0.935422 -0.671689 -0.113929 -0.325263 0.164109 0.833823 : 0.6
0.654718 0.455532 0.908839 -0.97865 -0.119748 0.198653 0.645631 1 -0.864965 : 0.8
0.712417 0.427565 0.875716 -0.846898 -0.267829 0.0349119 0.290522 0.82174 -0.122341 : 0.7
0.648133 0.352468 0.893089 -0.837587 -0.0588849 0.0666782 0.381504 0.741705 0.12281 : 0.6
0.733604 0.423612 0.939835 -0.85159 -0.254039 0.0367383 0.506931 0.663474 -0.431197 : 0.8
0.694888 0.415014 0.910052 -0.92424 -0.146917 0.0138595 0.0266038 0.315134 0.160569 : 0.6
0.69161 0.358339 0.939528 -0.99333 -0.277011 0.118125 0.571334 0.636079 0.317961 : 0.3
0.68663 0.443352 0.933147 -0.921135 -0.259349 0.161633 0.622003 0.436217 0.874864 : 0.5
0.420798 0.40148 0.916593 -1 -0.232722 -0.00862906 0.0898429 0.597492 -0.0184337 : 0.5
0.657141 0.3013 0.999451 -1 -0.241624 0.117559 0.246398 0.0671886 0.503483 : 0.5
0.750136 0.390822 0.947593 -0.973301 -0.139773 0.10266 0.324665 0.664023 -0.0720681 : 0.7
0.706764 0.418631 0.907817 -0.910093 -0.173685 0.170128 0.0697603 0.668943 -0.0189516 : 0.7
0.803349 0.331613 0.862356 -0.950255 -0.291571 0.112368 0.310917 0.707803 0.760439 : 0.4
0.649328 0.405623 1 -0.935674 -0.22168 0.0766897 0.260557 0.705977 -0.0455539 : 0.9
0.652173 0.373093 0.936891 -0.829596 -0.25176 0.0804389 0.338924 0.654665 -0.141211 : 0.8
0.687296 0.413719 0.874667 -0.872099 -0.268129 0.160419 0.613409 0.558237 1 : 0.9
0.777084 0.500163 0.916435 -0.983147 -1 0.24256 0.0487213 0.474594 -0.951133 : 0.6
0.705065 0.266618 0.987534 -0.920433 0.087946 0.179767 0.837642 0.735435 0.658421 : 0.8
0.790248 0.398302 0.786548 -0.925807 -0.0977459 0.0958607 0.448841 1 0.400158 : 0.7
0.702423 0.401268 0.854464 -0.89304 0.0287961 -0.0596298 0.159496 0.482759 -0.164858 : 0.6
0.682846 0.415635 0.85917 -0.854236 -0.409757 0.0867614 0.496068 0.795424 0.789257 : 0.6
0.68068 0.481413 0.937358 -0.90477 -0.233557 0.151094 0.835312 0.374879 -1 : 0.5
0.715996 0.404557 0.945522 -0.851782 -0.204718 -0.00892075 0.176565 0.674953 -0.0976602 : 0.8
0.755194 0.369182 0.953424 -0.953212 -0.403502 0.0804739 0.605296 0.654633 -0.0545082 : 0.3
0.690048 0.374638 0.846875 -0.886391 -0.388803 0.138909 0.459006 0.245935 0.951401 : 0.8
0.74339 0.352006 0.936113 -1 -0.272697 0.108618 0.715705 0.677775 -1 : 0.6
0.717305 0.425285 0.96743 -0.931351 -0.226918 -0.0228261 0.555376 0.0434436 0.483992 : 0.6
0.604779 0.403573 0.957693 -1 -0.35732 0.0372739 -0.106569 0.70486 1 : 0.4
0.678307 0.450692 0.931176 -0.911738 -0.217941 0.0764433 0.467539 0.546572 0.488102 : 0.8
0.69129 0.388766 0.892322 -0.864564 -0.243277 -0.0681204 -0.00923016 1 -0.448215 : 0.8
0.685077 0.424717 0.992895 -0.837879 -0.214283 0.0697276 0.457873 0.348537 0.0991006 : 0.6
0.741163 0.389037 0.89636 -0.754725 -0.369338 0.221894 0.450313 0.442056 1 : 0.9
0.680633 0.447447 0.975104 -0.872231 -0.291885 0.0568568 -0.0194729 0.35444 0.77636 : 0.5
0.670192 0.371466 0.898222 -0.752117 -0.229318 0.08828 0.418565 0.724765 0.385185 : 0.7
0.66014 0.358402 1 -0.98123 -0.204247 0.0983748 0.0924645 0.782227 0.510094 : 0.7
0.581283 0.433879 0.790952 -0.948701 -0.0639865 -0.0262171 0.433338 0.430604 1 : 0.7
0.640195 0.45079 0.895872 -0.92165 -0.200533 0.0676839 0.593031 0.800889 -0.133753 : 0.6
0.686063 0.323564 0.91959 -0.963729 -0.0488158 0.0311068 0.0710109 0.343306 0.648188 : 0.6
0.534006 0.395901 0.966783 -0.792838 -0.166234 0.0744207 0.213815 0.557769 0.0398434 : 0.8
0.747679 0.470421 0.876083 -0.899239 -0.631393 -0.142782 0.4746 0.473899 0.685012 : 0.6
0.689231 0.348269 0.888703 -0.850217 -0.15411 0.0655324 0.363815 0.445948 0.733124 : 0.6
0.710714 0.354843 0.958938 -0.889684 -0.15256 0.0680286 0.443586 0.778036 -0.611627 : 0.8
0.829075 0.416097 0.842476 -0.907623 -0.33462 -0.000757229 0.426154 0.895368 1 : 0.9
0.714703 0.504391 0.946967 -0.75858 -0.237909 0.0813569 0.655599 0.514904 0.902112 : 0.4
0.594258 0.42143 0.918179 -0.844069 -0.525869 0.00133795 0.333428 1 -0.142534 : 0.9
0.739124 0.410627 0.845796 -1 -0.196442 0.0719886 -0.00493646 0.510354 0.855837 : 0.8
0.600893 0.396866 0.934798 -0.849518 -0.0930435 0.0529439 0.303642 0.826916 -0.189523 : 0.6
0.553257 0.44214 0.98256 -0.979219 -0.792828 0.0560516 0.396992 0.043135 0.266907 : 0.9
0.634402 0.244554 0.958268 -0.888648 -0.293141 0.0527003 0.275593 0.618071 -0.0107663 : 0.5
0.689321 0.494853 0.8087 -0.881731 -0.164492 0.104183 0.171659 0.443189 0.113877 : 0.8
0.700092 0.451987 0.979669 -0.822085 -0.198401 0.122805 0.769494 0.506155 0.215865 : 0.7
0.645972 0.31141 0.892304 -0.902396 -0.271556 0.120435 0.526051 0.625556 0.790164 : 0.8
0.757534 0.416076 0.977641 -0.934924 -0.0357359 0.0299741 0.0353786 0.0191403 -0.662715 : 0.8
0.557088 0.380018 0.886223 -1 -0.130104 -0.0419504 0.612576 0.722134 0.465821 : 0.8
0.750685 0.436414 0.976493 -1 -0.225357 0.0817549 0.628973 0.250854 0.231141 : 0.8
0.420155 0.374156 0.871494 -0.83312 -0.237151 0.0841246 0.245498 0.60444 -0.396454 : 0.5
0.629569 0.45237 0.985369 -0.985947 -0.246802 0.0842337 0.889009 0.751818 -0.0160545 : 0.7
0.764168 0.40162 0.971411 -1 -0.183449 0.148511 0.0108635 0.532968 0.273601 : 0.9
0.683718 0.459001 1 -0.898287 -0.203284 0.0884136 0.28219 0.372025 -1 : 0.7
0.637492 0.393907 0.942104 -0.795285 -0.238625 0.0819876 0.579184 0.582386 -0.66451 : 0.7
0.636468 0.415706 0.940037 -0.875426 -0.40229 0.114534 1 0.833453 1 : 0.8
0.701835 0.486484 0.969825 -0.833968 -0.0481041 0.0795345 0.35479 0.31706 0.317953 : 0.6
0.729046 0.351161 0.932762 -0.865313 -0.273931 0.0579453 0.56869 0.920503 -1 : 0.7
0.862716 0.371421 0.941886 -0.84137 -0.164973 -0.000255018 0.369155 0.0298007 0.111942 : 0.6
0.753455 0.354148 0.93922 -0.895339 -0.205739 0.0811435 0.271381 0.528854 -0.195891 : 0.4
0.664913 0.359617 0.655742 -0.81031 -0.39187 -0.120686 0.465403 0.949679 0.531128 : 0.7
0.62006 0.410461 0.865215 -0.992098 -0.0917039 0.120882 0.537028 0.841829 -0.150334 : 0.4
0.743269 0.448083 0.99273 -0.846392 -0.20078 0.0959681 0.393916 0.621427 0.146791 : 0.8
0.655348 0.439381 0.845751 -0.924769 -0.163068 0.0970628 0.363076 0.850064 0.0999407 : 0.7
0.687357 0.420035 0.894347 -0.909635 -0.197984 0.12248 0.42238 0.755325 -0.0382792 : 0.9
0.641533 0.481584 0.887608 -0.93327 -0.223598 -0.00374765 0.0132552 0.678782 -0.242804 : 0.7
0.678917 0.382897 0.884404 -0.913801 -0.0952591 0.0713018 0.760609 0.156898 -0.631379 : 0.6
0.619036 0.41535 0.813973 -0.972687 -0.0163371 0.00349014 0.613998 0.249126 -0.0961521 : 0.8
0.696702 0.443914 1 -0.962962 -0.00207582 0.0617925 0.228112 0.62995 0.318431 : 0.7
0.893796 0.518748 0.935859 -0.922022 -0.254752 0.0664908 0.915361 0.471141 0.852222 : 0.6
0.397553 0.363268 0.950834 -1 -0.336793 0.0673634 0.244816 0.469631 -0.719481 : 0.7
0.69736 0.399989 0.999376 -0.93514 -0.126158 0.0606295 -0.0239395 0.0398173 0.551786 : 0.6
0.664631 0.412652 0.95412 -0.828151 -0.158356 0.0369996 0.505833 0.393763 0.38948 : 0.9
0.664941 0.423555 0.836538 -0.913507 -0.0418074 0.0742038 0.223106 0.634223 -0.00439805 : 0.5
0.726732 0.423684 0.935726 -0.938807 -0.0869707 0.140452 0.276712 0.708262 0.331076 : 0.6
0.592315 0.380718 1 -0.80632 -0.146017 -0.114507 -0.11661 0.912577 0.539651 : 0.9
0.800311 0.459846 0.876768 -0.937004 -0.21625 0.0737565 0.0226735 0.542591 -0.470372 : 0.8
0.69328 0.45515 0.960482 -0.923053 -0.24075 0.068762 0.22416 0.809869 0.57842 : 0.2
0.632961 0.455439 0.888644 -0.877667 -0.156557 0.032978 0.482436 0.607394 -0.217761 : 0.7
0.725296 0.422037 0.869919 -0.704139 -0.226057 0.035354 0.428505 0.73818 0.0163263 : 0.6
0.648911 0.425719 0.877107 -0.779447 -0.0425787 -0.124868 0.683009 0.575551 0.0889147 : 0.4
0.625262 0.320031 0.895931 -0.906207 -0.0707595 0.0464375 0.194472 0.354013 0.507601 : 0.9
0.508271 0.379793 0.881095 -0.892632 -0.26571 0.0230344 0.529575 0.609443 0.565182 : 0.8
0.598217 0.287395 0.849967 -0.943393 -0.143784 0.0696051 0.316876 0.910632 0.169959 : 0.8
0.655989 0.422193 0.952835 -0.80189 -0.354456 -0.0827185 0.349092 0.205287 0.420381 : 0.4
0.718644 0.396201 1 -0.892959 -0.227661 0.211245 0.541351 0.820417 1 : 0.6
0.689076 0.408481 0.892326 -0.85341 -0.134002 0.0840442 0.423606 1 0.649878 : 0.6
0.781156 0.433605 0.779658 -0.959444 -0.382777 0.100362 0.429299 0.418923 -0.174386 : 0.8
0.689548 0.392196 0.657538 -0.842967 -0.385773 0.0135913 0.29748 0.819066 -0.241656 : 0.9
0.627564 0.372991 0.944349 -0.893562 -0.192812 0.091012 0.154104 0.67713 0.155528 : 0.5
0.685393 0.429412 0.992539 -0.719267 -0.21824 -0.0453791 0.271486 0.624892 0.0720836 : 0.5
0.596011 0.51587 0.908235 -0.875356 -0.257209 0.127603 0.0870384 0.432202 0.27592 : 0.8
0.699438 0.407596 0.76872 -0.866138 -0.338934 0.0984251 0.401138 0.895929 -0.120795 : 0.7
0.665419 0.411033 0.873709 -0.928248 -0.203801 0.046283 0.367521 1 -0.452776 : 0.9
0.69785 0.38953 0.915538 -0.889062 -0.39979 0.114586 0.247797 0.930182 1 : 0.3
0.718575 0.386743 0.989367 -0.973527 -0.200127 0.0588325 0.755001 0.726011 -0.282479 : 0.6
0.683676 0.50198 0.930818 -0.863305 -0.247653 0.106813 0.483228 0.497704 0.298597 : 0.7
0.692364 0.452528 1 -0.83196 -0.257209 -0.256445 0.244258 0.251122 0.6481 : 0.6
0.574723 0.463373 0.863542 -0.874495 -0.186646 0.049989 0.490544 0.548645 0.856936 : 0.9
0.692158 0.402498 0.931232 -0.935268 -0.297058 0.0707544 0.231772 0.788846 0.251836 : 0.8
0.592694 0.379771 0.954459 -0.931974 -0.336343 0.0963907 0.234592 0.811832 -0.916959 : 0.5
0.705349 0.394237 0.968008 -0.960681 -0.20318 0.157728 0.542988 0.441257 0.572342 : 0.4
0.727372 0.462121 0.878163 -0.914952 -0.427345 -0.244845 0.361232 0.039933 0.763004 : 0.6
0.657512 0.374702 0.977717 -0.873301 -0.376281 0.0973241 0.780986 0.149872 0.43009 : 0.7
0.687088 0.401022 0.84558 -1 -0.2632 0.331466 0.342968 0.807167 -0.528588 : 0.7
0.626519 0.253286 0.93502 -0.892141 -0.268034 0.102598 0.421534 0.591679 0.106608 : 0.8
0.647073 0.439684 0.930419 -0.975684 -0.298474 0.163545 0.589712 0.237449 0.29097 : 0.6
0.695259 0.391909 0.897245 -0.89133 -0.169655 -0.021828 0.703764 0.472283 0.702602 : 0.6
0.725051 0.315039 0.935536 -0.871691 -0.0613374 0.170725 0.31497 0.903368 0.246813 : 0.8
0.683048 0.320891 0.912601 -1 -0.173265 0.0342696 0.928992 0.774745 -0.0480415 : 0.3
0.647968 0.46431 0.864852 -1 -0.0441994 0.0887431 0.405177 0.647745 -0.0471636 : 0.8
0.706133 0.481449 0.929526 -0.869878 0.0525721 0.0338946 0.258094 0.463782 0.550913 : 0.7
0.739047 0.384548 0.91552 -0.719603 -0.2924 0.107063 0.322032 0.866635 0.386186 : 0.6
0.746806 0.418023 0.924537 -0.883536 -0.197656 0.0189132 0.397734 0.353822 -0.129749 : 0.9
0.722685 0.395493 0.88211 -0.950075 -0.241642 0.239274 0.0750671 0.614646 0.0700465 : 0.8
0.662056 0.569468 0.963583 -0.987711 -0.171022 0.0964503 0.0504777 0.922459 0.228518 : 0.8
0.79552 0.405324 0.89697 -0.839378 -0.210085 0.11462 0.352428 0.96684 0.302129 : 0.8
0.756788 0.422583 0.961372 -0.923155 -0.198895 0.0393664 0.309614 0.637607 0.525631 : 0.9
0.637679 0.388623 0.871608 -0.934183 -0.309302 0.127752 0.788646 0.592099 -0.316663 : 0.5
0.688805 0.396285 0.858396 -0.83999 -0.179109 0.221223 0.5922 0.656834 -0.517703 : 0.6
0.744257 0.390548 0.926153 -0.742189 -0.260761 -0.0613067 0.871185 0.61136 -0.86457 : 0.8
0.603774 0.416558 0.863468 -0.886119 -0.191016 0.109168 0.479006 0.802221 -0.116523 : 0.9
0.63619 0.420196 0.783902 -0.955004 -0.130255 -0.0533044 0.364849 0.854048 0.373947 : 0.8
0.669474 0.433306 0.828453 -0.931381 -0.189178 0.0532106 0.0986443 0.413071 -0.410823 : 0.3
0.696856 0.421679 1 -0.812952 -0.257116 0.120291 0.301726 0.777314 -0.029072 : 0.7
0.676549 0.410556 0.823517 -0.890824 -0.272681 0.14818 0.293759 0.834967 0.000814587 : 0.4
0.661166 0.404004 0.970563 -0.963363 -0.242104 0.103792 0.548788 0.0408758 -0.301094 : 0.6
0.731766 0.395329 0.906717 -0.927736 -0.357686 -0.220061 0.314882 0.770964 1 : 0.4
0.627586 0.420276 0.943899 -0.965508 -0.161123 0.109128 0.589463 0.236198 -0.648506 : 0.8
0.570653 0.396048 1 -0.911612 -0.223793 0.125062 0.794487 0.563033 0.568598 : 0.4
0.664889 0.366337 0.902544 -0.964911 -0.209374 -0.0074043 0.137234 0.737526 0.375782 : 0.5
0.624957 0.323192 0.726025 -0.661223 -0.226851 -0.176065 0.315909 0.832159 -0.191671 : 0.2
0.671445 0.432287 0.894433 -0.810877 -0.0473312 0.0570682 0.404308 0.748831 0.108606 : 0.8
0.719026 0.351945 0.986091 -0.932233 -0.315558 -0.0770123 0.826671 0.689492 0.592243 : 0.5
0.716128 0.403746 0.822803 -0.697747 -0.526304 0.127532 0.512504 0.229776 -0.0756849 : 0.5
0.683607 0.447774 0.980224 -0.815843 -0.219533 0.0283718 0.193825 0.670243 0.823141 : 0.5
0.692812 0.403538 0.887091 -1 -0.175692 0.0741645 0.350047 0.902705 -0.0433959 : 0.6
0.688776 0.429004 0.861042 -0.773563 -0.116639 0.0876406 0.456815 0.660615 -0.0299773 : 0.7
0.716705 0.455033 0.970904 -0.882553 -0.145051 0.148689 0.372253 0.734631 0.803394 : 0.8
0.651965 0.305539 0.985533 -0.872079 -0.299836 0.0639147 -0.183038 0.560633 -0.171176 : 0.6
0.618049 0.403733 0.879413 -1 -0.223251 0.249827 0.466908 0.508123 0.0867195 : 0.6
0.614971 0.378833 0.929595 -0.949794 -0.232321 0.0365795 0.20592 0.477257 0.456975 : 0.6
0.721559 0.406247 0.689851 -0.893148 -0.0811651 -0.040331 0.59362 0.684893 0.378283 : 0.3
0.676133 0.415575 0.917719 -0.664271 0.0287732 0.0373212 0.530661 0.722851 0.205816 : 0.4
0.705689 0.404866 0.972409 -0.939446 -0.234782 0.126095 0.645836 0.654121 1 : 0.8
0.898235 0.400035 0.993059 -0.643143 -0.131925 0.0791683 0.378144 0.696402 -0.677862 : 0.4
0.426636 0.358918 0.91483 -0.870105 0.0707002 -0.0338352 0.679242 0.482565 -0.542338 : 0.8
0.631099 0.442883 0.958751 -0.904496 -0.267962 0.133792 0.640918 0.726839 0.422201 : 0.5
0.451188 0.423189 0.904226 -0.865544 0.125949 0.108165 0.472398 0.680811 1 : 0.4
0.669273 0.338905 0.863436 -0.984742 -0.287703 0.131583 0.500457 0.918337 -0.623843 : 0.4
0.664483 0.431523 0.861046 -0.912077 -0.447185 0.0107481 0.438441 0.666155 0.917536 : 0.6
0.6749 0.413662 0.944292 -0.848317 -0.404646 0.248618 0.465135 0.431202 0.0486215 : 0.6
0.626741 0.345785 0.929981 -0.660539 -0.203724 0.0445648 0.107945 0.691415 -0.933202 : 0.7
0.693124 0.41105 0.917385 -0.916867 -0.0536463 0.021024 0.408576 1 0.533367 : 0.5
0.817381 0.41343 0.82607 -0.875537 -0.0304637 0.0713648 0.647541 0.235436 -0.0459373 : 0.4
0.738952 0.479957 0.898932 -0.806827 -0.233031 0.0597565 0.373431 0.216547 1 : 0.8
0.717944 0.407162 0.924774 -0.867535 -0.201683 0.0789384 0.286325 0.596399 0.8347 : 0.5
0.708657 0.460643 0.977151 -0.958186 -0.0943236 0.104989 0.224517 0.496022 0.241431 : 0.6
0.693471 0.375443 0.947225 -0.986679 -0.196754 -0.144896 0.348107 0.704701 0.10429 : 0.8
0.619417 0.346635 0.977159 -1 -0.209106 0.0833474 0.56088 0.820877 -0.607749 : 0.6
0.719914 0.430189 0.918217 -0.891865 -0.276614 0.0166326 0.628777 0.703066 -0.300253 : 0.6
0.6671 0.387563 0.634663 -0.92247 -0.101359 0.0666259 0.292309 0.791621 -0.197498 : 0.6
0.661258 0.311121 0.884449 -0.844137 -0.581797 0.209701 0.311321 0.722359 0.390556 : 0.8
0.667217 0.439213 0.99969 -0.955241 -0.0852199 0.0855509 0.140118 0.78738 0.753549 : 0.8
0.688145 0.421829 0.920231 -0.974055 -0.213692 -0.0309132 0.483333 0.597183 -0.643788 : 0.7
0.595654 0.393138 0.991574 -0.794761 -0.339546 0.102012 0.543354 0.915815 0.0805755 : 0.8
0.651051 0.371877 0.929291 -0.915093 -0.218935 0.0559431 0.707792 0.531964 0.80219 : 0.4
0.721918 0.172832 0.957017 -0.816781 -0.353988 0.116498 0.650663 0.985177 0.977438 : 0.8
0.690598 0.423815 1 -0.947564 -0.149949 0.1848 0.00211243 0.815992 -0.331905 : 0.5
0.670156 0.26694 0.915754 -0.820371 -0.445611 0.0470538 1 0.627841 -0.551432 : 0.8
0.684466 0.439163 0.916135 -0.91459 -0.235836 0.0418086 0.316136 -0.186306 0.530253 : 0.6
0.668053 0.439147 1 -0.932305 -0.331646 0.0867003 0.27135 0.407071 -0.0909451 : 0.5
0.838674 0.39652 0.892467 -0.82811 -0.134093 0.0611581 0.610534 0.185235 0.00116014 : 0.8
0.711902 0.43564 0.90317 -0.994908 -0.42671 0.0787172 0.234203 0.949087 0.779344 : 0.7
0.595384 0.389042 0.827561 -0.899672 -0.177658 0.0625933 0.245541 0.707051 0.139659 : 0.6
0.833766 0.620286 0.929369 -1 -0.186647 0.0646935 0.347698 1 0.132512 : 0.8
0.697174 0.386892 0.930042 -0.885049 -0.245145 0.0946654 0.461909 0.91675 0.733013 : 0.9
0.701425 0.404323 0.995144 -0.916837 -0.219441 0.0982657 0.648164 0.887444 0.55492 : 0.7
0.698874 0.440783 0.948287 -0.862589 -0.210555 -0.0151384 0.44401 0.679003 -0.197021 : 0.4
0.703606 0.426193 0.778747 -0.805875 -0.0786424 -0.0269295 0.606074 0.568864 0.980471 : 0.7
0.797058 0.364862 0.826237 -0.906981 -0.255751 0.00793748 -0.343328 0.967048 1 : 0.6
0.670565 0.411314 1 -0.932355 -0.237442 0.0598198 0.317281 1 0.132477 : 0.8
0.622475 0.445158 0.907365 -0.92546 -0.245403 0.0802368 0.259485 0.616232 1 : 0.9
0.674789 0.40375 0.806771 -0.902345 -0.0787934 0.0898398 0.221183 1 0.674098 : 0.5
0.749247 0.480825 0.941974 -0.948305 -0.367552 0.0806824 0.265877 0.601675 0.80834 : 0.7
0.716109 0.427186 0.650461 -0.860282 -0.279793 0.0531625 0.416492 0.657563 -0.16395 : 0.5
0.682025 0.44246 0.969472 -0.927113 -0.271284 0.11641 0.245826 1 0.542912 : 0.6
0.699036 0.366197 0.924084 -0.987304 -0.576149 0.0563089 0.604822 0.406228 0.347506 : 0.7
0.683227 0.388746 0.866922 -0.835919 -0.198092 0.0385513 0.0996193 0.828118 0.223521 : 0.7
0.611162 0.38202 0.62792 -0.910128 -0.24905 0.120327 0.54153 0.885715 0.51934 : 0.6
0.733206 0.536468 0.920532 -1 -0.343263 0.106474 0.934748 0.704447 0.928657 : 0.8
0.680305 0.462025 0.952169 -0.832136 -0.259458 0.0972904 0.0751811 0.43695 0.19404 : 0.8
0.764355 0.388963 0.783121 -0.886074 -0.204019 0.0631327 0.309104 1 0.459177 : 0.5
0.685832 0.368484 0.883568 -0.86008 -0.19692 0.0563126 0.450833 0.946757 0.128929 : 0.6
0.693336 0.402061 0.934412 -0.957679 -0.39783 0.121253 0.759661 1 0.7945 : 0.6
0.670155 0.432596 0.87602 -0.885923 -0.431553 0.0571479 0.524437 0.418691 0.59649 : 0.6
0.765102 0.504039 0.934199 -0.853121 -0.780754 0.173779 0.296192 0.249085 0.588555 : 0.7
0.80634 0.366614 0.931788 -0.787933 -0.403032 -0.0425724 0.60341 0.63024 1 : 0.4
0.644997 0.376247 0.879177 -0.94602 -0.214232 -0.0484849 0.740919 0.00507888 0.101694 : 0.5
0.717639 0.373448 0.800506 -0.874586 -0.253076 0.120796 0.338082 0.753464 -0.98419 : 0.9
0.740029 0.318105 0.963768 -1 -0.199051 0.119642 0.443534 0.835796 0.791826 : 0.6
0.46397 0.385829 0.960143 -0.891208 -0.116813 0.115646 0.598858 0.873314 -0.423907 : 0.5
0.650651 0.427919 0.882366 -0.882631 -0.401737 -0.0314278 0.346347 0.705834 0.890349 : 0.7
0.634168 0.338535 0.963886 -0.791337 -0.112148 0.0232175 0.239576 0.79703 -1 : 0.8
0.658403 0.431749 0.915277 -0.847009 -0.166104 0.0163337 0.798084 0.37957 0.509778 : 0.7
0.676276 0.352503 0.965623 -0.930835 -0.163324 0.0977251 0.362048 0.503782 0.866535 : 0.6
0.696889 0.338366 0.925002 -0.817003 -0.236522 0.053401 -0.0591448 0.690869 0.104982 : 0.8
0.55048 0.437506 0.899098 -0.935706 -0.362047 -0.0128454 0.236562 0.884494 0.762083 : 0.5
0.653936 0.400032 0.802721 -0.928127 -0.207598 0.0486069 0.333377 1 -0.0420011 : 0.7
0.736662 0.368277 0.915618 -1 -0.186153 0.232343 0.2034 0.61463 0.815011 : 0.7
0.662738 0.358769 0.977111 -0.846781 -0.143998 0.129181 -0.025716 0.82135 0.0903901 : 0.8
0.581805 0.329049 0.771566 -0.750729 -0.345456 0.126128 0.391998 0.738202 1 : 0.5
0.779096 0.480967 0.921509 -0.855949 -0.0612656 0.0992146 0.324107 1 0.653271 : 0.7
0.419024 0.373181 0.941464 -0.989665 -0.335724 0.0539628 0.217058 0.484002 0.595125 : 0.1
0.619773 0.476876 0.949783 -1 -0.187915 0.0810461 0.913534 0.754811 0.746817 : 0.6
0.611968 0.40527 0.929726 -0.896631 -0.205035 0.1141 0.436102 0.436478 0.819649 : 0.7
0.676455 0.433279 0.929838 -0.798404 -0.174479 0.130569 0.432856 0.128977 0.184778 : 0.6
0.709381 0.416084 0.876399 -0.933506 -0.273547 0.0794264 0.0490778 -0.268627 0.480055 : 0.8
0.656355 0.369919 0.912506 -0.98757 -0.0143137 0.0649 0.534401 0.865569 0.277462 : 0.4
0.641953 0.495555 0.933689 -0.927192 -0.337394 0.0674144 0.229437 0.701823 -0.135633 : 0.7
0.684433 0.380448 0.992982 -0.805106 -0.0922934 0.0610414 0.666235 0.607327 -0.410603 : 0.8
0.698139 0.361004 1 -1 0.036773 0.144071 0.383671 0.655939 0.374699 : 0.7
0.66667 0.36219 0.91419 -0.956732 -0.184038 0.0608707 0.53102 0.735054 1 : 0.9
0.665549 0.406804 0.895905 -0.957921 -0.197862 0.0828836 0.423846 0.802307 0.321282 : 0.6
0.665203 0.372374 0.92529 -0.865865 -0.247346 -0.00690065 0.392015 0.534798 0.613901 : 0.6
0.63327 0.479072 0.965549 -0.633662 -0.324082 -0.0872772 0.361277 0.681408 -0.400312 : 0.5
0.682285 0.357439 0.923929 -0.910817 -0.225698 0.056994 0.269074 0.529808 0.513353 : 0.9
0.611773 0.382634 0.924372 -0.965893 -0.587017 0.177683 0.194697 1 0.353162 : 0.7
0.730896 0.471283 0.997418 -0.909258 -0.15094 0.113516 0.289368 0.282004 0.707389 : 0.8
0.627192 0.436525 1 -0.667197 -0.110592 -0.115781 0.512392 1 -0.400324 : 0.6
0.807207 0.38744 0.870057 -0.905303 -0.219817 -0.0547272 0.537192 0.565469 0.0294362 : 0.6
0.629516 0.420023 1 -0.948499 -0.188278 -0.0362795 0.576035 -0.0247167 0.595536 : 0.5
0.682825 0.399499 0.922091 -0.847725 -0.303068 -0.0980554 0.332003 0.881884 -0.0876567 : 0.5
0.661792 0.439598 1 -0.948021 -0.177287 0.0960483 0.330861 0.796735 -0.0645383 : 0.8
0.692367 0.270233 0.878197 -0.995455 0.14412 0.0158477 0.36163 0.28307 0.191583 : 0.9
0.694993 0.405154 0.983856 -0.895733 -0.2298 0.10266 0.56587 0.750657 0.636884 : 0.6
0.722535 0.43972 0.928665 -0.86955 -0.137646 0.0391985 0.288918 0.361306 0.723546 : 0.7
0.548099 0.423055 0.871849 -0.915096 -0.228401 0.155004 0.301347 0.76292 -0.972082 : 0.6
0.74162 0.388121 0.882943 -0.948965 -0.774045 0.0398017 0.374472 0.213167 0.925785 : 0.5
0.844525 0.533541 0.890773 -0.840425 -0.176204 0.0619062 0.328188 0.563785 0.84822 : 0.7
0.64526 0.366903 0.965868 -0.626464 -0.188093 0.104081 0.268439 0.753034 -0.395296 : 0.5
0.642415 0.376471 0.965195 -0.858761 -0.134361 -0.0414036 0.308549 0.849073 -0.741854 : 0.7
0.665499 0.489507 0.936368 -0.901923 0.376163 0.0534185 0.901267 0.705278 -0.143948 : 0.6
0.685291 0.330785 0.98872 -0.938802 0.0245646 0.106051 0.434267 0.342693 0.542219 : 0.5
0.602238 0.375851 0.853203 -0.870936 -0.146994 -0.0538836 0.261965 0.884894 0.300672 : 0.5
0.72076 0.422748 0.989669 -0.910314 -0.238348 0.0422763 0.207664 0.755893 0.0302849 : 0.9
0.7518 0.401745 0.993667 -0.802064 -0.112025 0.0401276 0.544123 0.435688 -0.1897 : 0.4
0.678899 0.491786 0.905124 -0.732399 -0.201256 -0.15438 0.331718 0.305423 -0.00459795 : 0.6
0.798149 0.430387 0.916988 -0.953506 -0.161449 0.0876649 0.608135 0.0955084 0.251605 : 0.4
0.64135 0.365678 0.916364 -0.882187 -0.32391 0.0678119 0.92545 0.365213 0.362486 : 0.7
0.629588 0.373996 0.83921 -0.848168 -0.2493 0.0431134 -0.0321426 0.678533 0.286554 : 0.7
0.626551 0.396869 0.843978 -0.822056 -0.23306 -0.0795439 0.41667 0.951402 0.141071 : 0.6
0.726751 0.354007 0.990797 -0.935734 -0.177573 0.0344635 0.086323 0.886313 0.356932 : 0.8
0.659711 0.342753 1 -1 -0.365908 0.0967371 0.329529 0.467681 -0.229942 : 0.6
0.679864 0.32828 0.923462 -1 -0.378608 0.0765437 0.320682 0.482664 0.235259 : 0.7
0.68728 0.415898 0.997145 -1 -0.13001 0.123585 -0.0278165 0.330613 0.685079 : 0.8
0.578591 0.388463 0.739814 -0.852963 -0.048472 0.0805737 0.0385171 1 0.136744 : 0.6
0.6885 0.321036 0.801483 -0.923942 -0.0927339 -0.0180192 0.41787 0.96366 0.238009 : 0.8
0.663974 0.340338 0.869233 -0.759382 0.00706378 0.0327742 0.516693 0.481066 0.187763 : 0.7
0.66067 0.309806 0.970841 -0.994781 0.0168225 0.0657509 0.516801 0.792296 0.166179 : 0.8
0.605972 0.282936 0.924387 -0.939775 -0.0622717 0.0746396 0.312615 0.836089 -0.05732 : 0.7
0.573934 0.351727 0.956078 -0.880288 -0.271443 0.138517 0.442706 0.727797 -0.635744 : 0.6
0.739418 0.421083 0.871956 -0.812294 -0.229699 0.0972348 0.380476 0.718877 0.042068 : 0.7
0.662567 0.371708 0.84691 -0.950208 -0.154727 0.0850844 0.33958 0.477541 0.52597 : 0.7
0.702842 0.381107 1 -1 -0.0722468 0.0509415 -0.0162629 0.608108 0.912594 : 0.7
0.643403 0.450119 0.827283 -0.898317 -0.156909 0.0588869 0.26801 0.748029 0.864939 : 0.7
0.637333 0.415943 0.99864 -0.849375 -0.220531 -0.215571 0.467747 1 -1 : 0.3
0.686098 0.372994 0.940278 -0.990171 -0.208365 0.0314414 -0.012628 0.677426 0.736693 : 0.8
0.591414 0.419699 0.914581 -0.95109 -0.255563 0.13078 0.352782 0.177502 -0.212265 : 0.6
0.667978 0.369458 0.950176 -0.867543 -0.359426 0.0846946 0.413963 0.49879 0.723216 : 0.6
0.626456 0.356778 0.966543 -0.717775 -0.209556 0.152401 0.189857 0.673961 0.0333774 : 0.8
0.67841 0.378101 0.906077 -0.912771 -0.258105 -0.0464826 0.481934 0.660038 0.950318 : 0.4
0.69492 0.414626 0.768365 -0.920517 -0.508174 0.0756932 0.431595 0.585789 -0.135244 : 0.3
0.575518 0.446033 0.90747 -0.880547 -0.199319 0.0953584 0.524842 0.405322 0.99562 : 0.8
0.736975 0.336757 0.922516 -0.912329 -0.22224 -0.0158068 0.453282 0.69279 0.896655 : 0.6
0.623482 0.362588 0.92103 -0.857532 -0.309629 0.0334391 0.289096 0.99347 0.478539 : 0.9
0.620669 0.369551 0.964223 -0.832436 -0.306612 0.0797471 0.366735 0.588713 -0.963084 : 0.7
0.57246 0.486306 0.878212 -0.953433 -0.177954 0.0174363 0.596511 0.536152 0.415268 : 0.6
0.780793 0.379105 1 -0.849787 0.0600622 -0.261119 0.50803 0.683238 0.51814 : 0.2
0.826973 0.407568 0.93479 -0.890537 -0.145722 0.0164738 0.639536 0.964733 0.974244 : 0.9
0.663515 0.371684 0.861825 -0.868882 -0.241942 -0.0526798 0.466558 0.755812 -0.245403 : 0.7
0.678951 0.403351 0.892713 -0.885364 -0.187062 0.081174 0.277502 0.901722 0.00626952 : 0.4
0.746989 0.46635 0.973607 -0.836262 -0.267395 0.0912349 0.352804 0.598547 -0.214485 : 0.7
0.741798 0.44063 0.861338 -1 -0.240192 0.0929942 0.397725 0.534063 0.458831 : 0.4
0.658086 0.352632 0.935783 -0.745091 -0.166013 0.119514 0.109828 0.589766 -0.161159 : 0.4
0.698191 0.427661 0.917615 -0.829939 -0.197585 0.0948793 0.358807 0.43811 0.0844719 : 0.5
0.409495 0.383044 0.901083 -0.896734 -0.193313 0.0890128 0.741517 0.609045 -0.275775 : 0.6
0.755346 0.526094 0.879667 -0.92301 -0.428981 0.0564141 0.316515 0.565184 0.409844 : 0.6
0.668535 0.490371 0.767017 -0.823948 -0.918582 0.125256 0.371631 0.190073 0.384382 : 1
0.701542 0.475308 0.978701 -1 -0.354025 0.140582 0.883275 0.549193 1 : 0.4
0.67452 0.469458 0.872645 -0.728773 -0.129039 0.116469 0.258378 1 0.332108 : 0.6
0.69488 0.435606 0.916403 -0.882292 -0.135405 0.0781244 0.475967 0.502775 0.211373 : 0.6
0.732499 0.385353 0.918589 -0.954854 -0.404624 0.0926723 0.735732 0.979762 0.441758 : 0.7
0.664159 0.451377 0.996721 -0.937355 -0.192673 0.107943 0.979142 0.298506 0.758549 : 0.3
0.668084 0.390432 0.923949 -0.92986 -0.384089 0.146809 0.504989 0.950668 0.585827 : 0.7
0.594919 0.331903 0.954874 -0.87966 -0.257826 0.0705415 0.206028 0.633936 0.586491 : 0.8
0.678041 0.490129 0.985747 -0.898352 -0.096308 0.0705237 0.334645 0.665747 0.48683 : 0.9
0.710385 0.384075 0.909507 -0.731921 -0.1512 0.125588 0.411567 0.672787 0.958728 : 0.9
0.646479 0.396263 0.862938 -0.874714 -0.0054675 0.0793986 0.219287 0.460868 -0.749902 : 0.8
0.656162 0.395656 0.921527 -0.904615 -0.0837675 0.118693 0.196658 1 -0.410552 : 0.4
0.688932 0.456303 0.876516 -0.773163 -0.209963 0.105639 -0.266759 0.673828 0.423061 : 0.6
0.65435 0.440002 0.918311 -0.918502 -0.123255 0.00813982 0.242938 0.931937 -0.618592 : 0.5
0.751677 0.343065 0.867407 -0.925806 -0.267119 0.0882647 0.406131 0.677561 0.278307 : 0.6
0.659825 0.434136 0.793566 -0.958299 -0.216643 -0.0221924 0.44598 0.67633 0.813296 : 0.6
0.661501 0.383458 0.944458 -0.983106 -0.265756 -0.0684043 0.319927 0.611483 -0.608561 : 0.6
0.6881 0.430716 0.926036 -1 -0.182638 0.170254 0.576512 0.508384 0.222602 : 0.7
0.696098 0.399775 0.968446 -0.947392 -0.197528 0.172383 0.862707 0.583356 0.59415 : 0.5
0.665488 0.40723 0.901341 -1 -0.136992 0.0275407 -0.293102 0.830857 0.147905 : 0.9
0.682586 0.434924 0.879931 -0.858242 -0.718201 -0.279318 0.392866 0.339209 0.624972 : 0.8
0.714914 0.373462 0.884059 -0.866939 -0.175603 -0.0203122 0.164308 0.604694 -0.4122 : 0.5
0.703526 0.388298 0.873033 -0.877517 -0.329286 0.0560289 0.617619 0.67393 0.769823 : 0.5
0.667551 0.437159 0.865427 -0.763296 -0.1375 0.0036497 0.186175 0.811591 -0.380394 : 0.8
0.650898 0.346969 0.916979 -0.987021 -0.249031 -0.0489492 0.386461 0.817713 0.911164 : 0.5
0.666613 0.409976 0.793537 -0.955121 -0.196907 0.103689 0.166516 0.940278 0.489493 : 0.7
0.577562 0.40699 0.765092 -0.963464 -0.257441 0.0674607 -0.121029 0.634412 -0.534845 : 0.7
0.664418 0.365076 1 -1 -0.201511 0.0980045 0.351721 0.87417 -0.305328 : 0.6
0.812735 0.426949 0.942599 -0.926396 -0.382708 0.0966032 0.801042 0.519763 -0.0564407 : 0.4
0.66434 0.382461 0.851456 -0.982994 -0.0532336 0.115047 0.724759 0.386426 0.405099 : 0.6
0.714717 0.4269 1 -0.996274 -0.182609 0.118736 0.429953 0.533276 -0.0886056 : 0.8
0.691056 0.422506 0.851746 -0.809837 -0.242555 0.122445 0.293507 0.464139 -1 : 0.7
0.650532 0.413889 0.950511 -0.852322 -0.0274295 0.123565 0.526355 0.701314 -0.142322 : 0.8
0.411711 0.51042 0.935136 -0.855569 -0.116825 0.11029 0.314342 0.45638 1 : 0.5
0.634794 0.392839 0.98226 -0.878905 -0.192053 0.0345345 0.423945 -0.193487 0.673089 : 0.4
0.716433 0.316596 0.87462 -0.839677 -0.22911 0.0828587 0.422453 0.633803 0.864295 : 0.7
0.698633 0.338351 1 -0.864369 -0.175352 0.0948403 0.283706 0.768161 -0.229926 : 0.7
0.720241 0.396377 0.933247 -0.872137 0.0676236 0.0541792 0.549432 0.355689 -0.0721336 : 0.3
0.716899 0.381418 0.927579 -0.903857 -0.365305 0.0811577 0.716794 0.699932 0.0292705 : 0.7
0.665708 0.37557 0.985227 -0.786548 -0.170379 -0.00236945 0.430658 0.641106 -0.216729 : 0.8
0.622719 0.438927 0.886217 -0.20046 -0.204291 0.0995175 0.174388 0.711046 -1 : 0.6
0.696262 0.34183 0.933518 -0.901257 -0.0650558 0.0289615 0.411938 0.344727 0.590064 : 0.9
0.483233 0.398069 0.902791 -0.867833 -0.0588666 0.115199 0.212613 0.930276 0.0190571 : 0.7
0.727154 0.414566 1 -0.895388 -0.210975 0.0264684 0.612256 0.0685845 0.146277 : 0.5
0.654415 0.412154 0.928709 -0.773873 -0.505767 0.187124 0.344039 1 0.472243 : 0.5
0.682915 0.426667 0.896985 -0.942156 -0.294012 0.0715001 0.578544 0.407246 1 : 0.6
0.576117 0.427012 0.893086 -0.594749 -0.21972 -0.120042 0.425317 0.691047 -0.49454 : 0.4
0.627495 0.382207 0.94893 -0.928394 -0.353689 0.0373311 0.281794 0.455982 0.174044 : 0.4
0.702706 0.356389 0.949771 -0.86766 -0.250676 0.0458695 -0.206175 0.661152 1 : 0.6
0.656641 0.325047 0.747729 -0.872336 -0.162967 0.0788331 0.174996 0.766505 0.882797 : 0.6
0.651816 0.403463 0.913406 -0.896797 -0.26147 -0.0243618 1 0.635372 -0.26625 : 0.6
0.68431 0.458905 0.885774 -0.978483 -0.305111 0.195243 0.462791 0.702403 0.267529 : 0.3
0.600064 0.399359 0.913255 -0.967918 -0.322343 -0.252091 0.471966 0.238509 0.539964 : 0.9
0.715513 0.433918 0.912182 -0.867403 -0.176608 0.0463621 0.473921 0.511392 0.303842 : 0.6
0.715179 0.388309 0.921121 -0.858515 -0.192319 0.161011 0.791166 0.60596 -0.367028 : 0.8
0.765755 0.453931 0.878969 -0.823824 -0.265852 0.041353 0.420345 0.771176 0.182807 : 0.8
0.673017 0.42698 0.749225 -0.824724 -0.185686 0.0115504 0.0573917 0.454031 0.906582 : 0.4
0.814163 0.384256 0.76872 -0.937705 -0.233354 0.0740725 0.836638 0.364021 0.479362 : 0.5
0.691843 0.419046 0.942967 -0.91661 -0.227765 -0.0202419 0.407415 0.61261 0.653492 : 0.6
0.663554 0.368678 0.769069 -0.859429 -0.611691 -0.129597 0.456787 0.862409 0.397394 : 0.3
0.796754 0.539554 0.904103 -0.89908 -0.230794 0.0753739 0.33014 0.403544 0.372917 : 0.6
0.647115 0.493288 1 -0.888972 -0.16767 0.0928702 0.374316 0.507437 -0.267096 : 0.8
0.635395 0.391349 0.916951 -0.918844 0.0681475 0.0574043 0.171207 0.442101 0.0627605 : 0.8
0.751272 0.394869 0.903471 -0.798448 -0.21062 0.0519544 0.5394 0.954572 -0.24229 : 0.7
0.617539 0.430567 0.992174 -0.887055 -0.246444 0.130665 0.330412 0.683136 -0.405545 : 0.3
0.622984 0.329048 0.969153 -0.691133 -0.352887 0.0946637 -0.0988428 0.607853 -0.673543 : 0.9
0.730916 0.512464 0.979072 -0.871637 -0.255714 0.0876585 0.274845 0.474388 1 : 0.7
0.641873 0.436602 0.963454 -0.895467 -0.304131 0.0134766 0.324555 0.412248 0.0518661 : 0.7
0.721714 0.482612 0.926047 -0.883547 -0.296125 0.0888598 0.360558 0.313549 0.841376 : 1
0.549724 0.337035 0.957735 -0.894438 -0.103389 0.146657 0.823981 0.672352 -0.0559534 : 0.5
0.627173 0.416893 0.901327 -1 -0.146358 0.0589757 0.284975 -0.192114 -0.348917 : 0.7
0.621491 0.38711 0.657416 -0.848072 -0.357982 0.124629 0.398413 0.792884 0.473467 : 0.1
0.731376 0.412512 0.87083 -0.810955 -0.226957 0.253619 0.416033 0.698804 0.318766 : 0.6
0.703651 0.397767 0.943686 -0.821022 -0.193894 0.208668 0.658793 0.711666 1 : 0.6
0.699427 0.39269 0.792196 -1 -0.364264 0.0878649 0.370974 0.437185 -0.100037 : 0.6
0.642639 0.233674 0.788196 -0.878118 0.00439617 0.0471429 0.342788 0.838481 0.898984 : 0.5
0.747565 0.391711 0.886257 -0.942017 -0.66632 -0.193714 0.399235 0.849403 -0.104898 : 0.7
0.704164 0.399557 0.882683 -0.821353 -0.0380814 0.139103 0.366828 0.53194 0.349094 : 0.7
0.79622 0.442388 0.816437 -0.873219 -0.181315 0.0506455 0.195106 0.49123 0.591188 : 0.7
0.669508 0.408998 0.95157 -0.890118 -0.284019 0.0694885 0.794773 0.580427 0.0645379 : 0.6
0.571388 0.358541 0.906715 -0.833994 -0.196868 -0.0121391 0.343069 0.487581 -0.00476617 : 0.9
0.706301 0.415303 1 -0.926972 -0.102616 0.0737201 0.417513 0.0403354 0.22431 : 0.4
0.699267 0.409116 0.478161 -0.871383 -0.162462 0.115497 0.624063 0.512537 -0.184061 : 0.8
0.720937 0.415745 0.972078 -0.830967 -0.359039 0.0510058 0.505938 0.742872 -0.329951 : 0.5
0.800749 0.395527 0.906757 -0.920943 -0.237983 -0.0609379 0.215668 0.772526 -0.398198 : 0.7
0.693689 0.389726 0.856287 -0.931013 -0.202364 0.0677809 0.228316 0.426819 0.0418333 : 0.7
0.719781 0.394764 0.955126 -0.91718 -0.217908 0.0161278 0.618913 0.781624 0.576082 : 0.8
0.75064 0.444865 0.870283 -0.920399 -0.0478707 0.0694307 0.229022 0.45891 0.385023 : 0.6
0.692625 0.40072 0.922926 -0.896536 -0.404218 0.00756888 0.682396 0.720535 -0.0924322 : 0.4
0.686075 0.359652 1 -0.740386 -0.230502 0.0791489 -0.178398 0.696078 0.0012586 : 0.5
0.6693 0.494506 0.940017 -0.813817 -0.316604 0.0678199 0.404952 0.106376 0.891011 : 0.8
0.635264 0.421384 0.958306 -0.852887 -0.264017 0.0727464 0.367067 0.66057 0.0238768 : 0.8
0.673206 0.409118 0.933514 -0.947683 -0.0196222 0.124126 0.522217 0.245317 0.451455 : 0.7
0.685616 0.362595 0.926676 -0.845426 -0.165646 0.0802477 0.286627 0.647947 -0.368513 : 0.7
0.63061 0.325751 0.924425 -0.883477 -0.400562 0.0579737 0.664749 0.36046 -0.130922 : 0.6
0.728312 0.381631 0.969155 -0.794777 -0.23449 0.133278 0.397219 0.674696 -0.530303 : 0.9
0.657072 0.393023 0.904626 -0.955459 -0.168849 0.206243 0.440462 0.641611 0.635435 : 1
0.664822 0.404249 0.965832 -0.922393 -0.344063 0.0988211 0.398604 0.789166 0.679718 : 0.5
0.749053 0.381962 0.893231 -0.866969 -0.193442 0.148099 0.732018 0.720705 1 : 0.6
0.978013 0.432023 1 -0.814833 -0.214979 0.156879 0.254149 0.624504 -0.751174 : 0.7
0.685473 0.418093 0.929473 -0.866109 -0.134525 0.0695912 0.442287 0.669058 1 : 0.6
0.654883 0.359937 0.742969 -0.851144 -0.0456628 0.00564096 0.431986 0.581901 1 : 0.8
0.68554 0.404996 0.964514 -0.921969 -0.15371 0.0412296 0.311138 0.723487 0.163313 : 0.4
0.679944 0.454659 1 -0.82459 -0.275836 0.0761747 0.394436 0.757331 0.463509 : 0.8
0.680835 0.312584 0.891594 -0.87495 -0.0573984 -0.0666335 0.696049 0.773347 1 : 0.7
0.626726 0.430754 1 -0.931427 -0.0583085 0.12384 0.230376 0.611407 -0.0671175 : 0.8
0.647803 0.39111 0.869237 -0.90377 -0.155343 -0.0848107 0.36931 0.857445 -0.26232 : 0.5
0.658208 0.428295 0.936673 -0.920622 -0.017024 0.0604934 0.36304 0.369117 -0.846509 : 0.5
0.669947 0.406728 0.947419 -0.699625 -0.122956 0.106569 0.501255 0.584091 0.31908 : 0.5
0.71202 0.394458 0.983968 -0.885391 -0.205487 0.131811 0.461957 0.553051 0.730785 : 0.2
0.574134 0.388826 0.950164 -0.874068 -0.30314 0.0291702 0.423555 0.891173 0.953699 : 0.6
0.681035 0.442147 0.867481 -0.767165 -0.227622 0.0865273 0.429102 0.232937 -0.07972 : 0.2
0.708349 0.432534 0.887313 -0.938985 0.597895 0.108617 0.0558688 0.65422 0.738011 : 0.7
0.67805 0.429053 0.888691 -1 -0.360597 -0.092733 0.481396 0.82759 0.515111 : 0.7
0.662985 0.415124 0.976878 -0.942294 -0.225685 0.14547 0.496921 0.515217 0.233224 : 0.8
0.632405 0.32607 0.935606 -0.893539 -0.205432 0.118977 0.730766 0.601303 0.634988 : 0.6
0.724596 0.365132 0.867991 -0.887796 -0.349066 0.0805391 0.40898 0.465828 0.799385 : 0.7
0.649473 0.397119 0.824897 -0.948334 -0.19051 -0.0207661 0.413121 0.666776 0.997834 : 0.8
0.706935 0.380934 0.831701 -0.753008 -0.393631 -0.0162934 0.419311 0.795964 -0.36116 : 0.4
0.671912 0.38638 0.868301 -0.902759 -0.295652 0.0749845 0.416951 0.685203 0.887744 : 0.7
