0.516984 0.261833 0.932428 -0.234272 0.173163 -0.637509 0.226206 0.346365 0.742191 : 0.6
0.528151 0.519837 1 0.131867 -0.363965 -0.127232 -0.27118 0.578133 -0.07943 : 0.2
0.556987 0.724944 0.970072 0.283195 0.0423199 0.227827 0.292149 0.254001 0.0128408 : 0.1
0.641364 0.695754 0.625433 -0.0233792 -0.533247 0.160718 0.974873 0.404565 -0.288165 : 0.1
0.394899 0.473396 0.925191 -0.185745 0.868518 -0.816129 -0.621189 0.576578 -0.730951 : 0.1
1 1 0.99738 -0.148647 -0.303251 1 -0.0946418 1 -0.00313571 : 0
1 0.337342 -0.104161 -1 -1 0.406688 0.145742 -0.151295 -0.450462 : 0
0.858205 0.103866 0.570686 0.657253 -0.995511 0.669696 0.997331 -0.315216 -0.526018 : 0
0.527862 0.520492 0.569825 -0.23713 -0.00460583 -1 0.148801 0.998396 -0.31764 : 0
0.790746 0.340592 0.941775 0.0903915 -0.458264 0.884856 0.868141 -1 -0.124676 : 0.3
0.419352 0.629813 0.972012 0.140881 0.124888 -0.627602 -0.322618 0.299912 -0.108209 : 0.1
0.714163 1 -1 0.0722219 0.335872 0.0792508 -0.342764 0.15459 -0.191667 : 0
0.514859 0.517684 1 -0.462505 -0.190835 0.206863 0.689051 0.525199 -0.50231 : 0
0.615516 0.295644 0.650451 -0.0778603 -0.448142 0.0417809 0.651525 0.871583 0.748584 : 0
0.971575 0.365506 0.395444 -0.0573497 -0.42359 -0.49275 0.400243 -0.274637 -0.229236 : 0.5
0.402061 0.52413 0.993474 0.38086 -0.0767454 0.53923 0.348336 0.918659 -0.181536 : 0.2
0.627295 0.152642 0.947053 -0.427141 -0.908237 -0.32163 0.578575 0.0937426 0.359425 : 0.6
0.100084 0.247882 0.42946 0.59183 0.0537234 -0.233629 1 0.516888 0.329996 : 0.3
0.60012 0.492472 0.813558 -0.645799 -0.084148 -1 0.213604 -0.166987 0.479719 : 0.2
1 1 -0.12477 -0.0969814 -1 -0.127427 -0.197556 -0.134723 1 : 0
0.860796 0.357209 0.996843 0.194806 -0.154624 -0.98839 1 -0.168809 0.208634 : 0.1
0.511535 0.132422 0.663453 0.889606 -0.510699 0.170001 0.337465 0.333516 0.612133 : 0.2
1 0.778333 0.475163 0.182197 0.279191 0.337178 -0.138225 -0.32362 0.285074 : 0.1
0.678445 0.661799 0.725196 0.0308987 -0.0522775 0.0117376 0.0476326 1 -0.21862 : 0.1
0.87246 0.118212 0.99699 0.329214 0.0744137 -0.2967 0.167044 0.0599136 -0.0626798 : 0
0.383795 0.544683 0.376882 0.272259 -0.139032 -0.400447 -0.171516 0.231072 0.303666 : 0.1
0.726764 0.764367 0.483602 -0.376818 -0.167396 0.193091 0.379539 0.00173455 -0.0881683 : 0
0.721746 0.236517 0.926269 0.396093 -0.0430073 0.0834022 -1 -0.440472 0.391786 : 0.1
0.704983 -0.252975 -0.0497458 0.552056 0.239727 -0.369528 0.459234 -0.13954 0.100823 : 0.1
0.947541 0.959592 0.0669057 -0.976148 -0.291498 -0.339978 0.549314 -0.289526 0.237143 : 0
0.677717 0.881146 1 -0.0581623 -0.131902 0.0555706 -0.0858696 0.716785 0.011947 : 0
0.0851323 0.0795826 0.641702 -0.119653 -0.378778 -0.105409 0.627099 -0.850404 -0.25016 : 0.7
0.931666 0.912581 -1 0.674988 -0.194049 -0.87099 -0.45463 0.152742 0.00826031 : 0
0.809853 1 0.454552 0.388561 -0.524961 0.509669 0.195668 -0.251645 0.995953 : 0.4
0.590172 0.193119 0.976113 -0.684682 0.520963 -0.818595 0.666071 -0.260481 -0.26423 : 0
0.907793 0.791165 -0.250446 0.829032 0.251316 0.468391 -0.0584592 -0.141081 0.287129 : 0.1
1 0.510597 0.960381 0.172094 -0.0351743 0.0262561 -0.258437 0.587203 0.252164 : 0
0.653423 0.287026 0.919179 0.446619 0.216777 -0.582894 0.372137 0.946738 0.0217843 : 0.4
1 0.361734 0.790264 0.629829 -0.747283 -0.498037 -0.0408229 0.402814 0.304326 : 0.1
0.986603 0.347664 0.368536 1 -0.112748 -0.325473 0.674662 -0.274048 0.328816 : 0.2
1 0.280063 0.917599 -0.144201 -0.231699 1 -0.772382 0.92641 -0.235127 : 0.6
0.24855 0.552593 0.315746 -0.943458 -0.225389 -0.588371 -0.20852 -0.498564 -0.058014 : 0
0.480149 0.247974 0.594546 0.158583 0.757726 -1 0.488308 0.105674 0.00209872 : 0.1
0.834848 0.637355 0.912921 -0.650662 0.166628 -0.574829 -0.340173 -0.243824 -0.240554 : 0.1
0.0729405 0.799118 0.0845627 0.0981435 0.296549 -0.143974 -0.0688734 -0.285224 0.319591 : 0
0.616014 0.38094 0.870802 -0.513254 -0.149556 -1 0.711814 -0.541528 1 : 0.2
0.514194 0.876514 0.975303 0.164448 0.841457 -0.0736724 0.48525 0.840649 0.140761 : 0
1 0.209782 0.853669 -0.478731 -0.183811 0.525126 0.291344 0.451979 -0.0301476 : 0.2
0.763302 0.409573 0.909084 0.0549665 0.0098016 0.0662572 0.553865 -0.126641 -0.579422 : 0.1
0.651995 0.387954 0.523697 0.466149 -0.232579 -0.339677 -0.538052 0.142393 -0.0458605 : 0.4
0.772825 0.562346 -0.0853844 -0.563795 -0.888181 -0.630058 0.334824 -0.754315 0.10941 : 0
0.674823 1 1 0.251983 -0.40114 -1 -0.106812 -0.172996 -1 : 0
0.752631 0.285028 1 -0.0808799 -0.0114371 0.206934 0.11202 -0.0794598 0.140115 : 0.2
0.660761 -0.0838057 0.633547 0.0729073 -0.573892 0.204356 0.299948 0.255024 0.423995 : 0.3
0.668945 0.250396 0.994725 -0.0421105 -0.488528 -0.645615 -1 -0.843255 0.0336129 : 0.1
0.640417 0.348935 0.588848 0.292635 -4.36604e-06 -0.123514 -1 0.145696 0.120236 : 0
0.601665 0.569304 0.537519 0.307226 0.238905 -0.744702 1 0.218741 -0.0225283 : 0.4
0.691751 0.453508 0.78182 -0.319974 -1 0.283557 0.36818 0.625462 0.651612 : 0.2
0.202155 0.779491 0.974286 0.470109 -0.0340317 -0.122081 0.271498 0.982189 -0.0155379 : 0.2
0.524784 0.787429 1 -0.0828729 0.258817 0.360734 0.0937505 0.413966 0.620949 : 0.1
0.726015 0.338516 0.178251 0.0840781 -0.138824 -0.537675 -0.0733757 1 -0.106112 : 0.1
1 0.222529 0.68875 0.113915 -0.0462037 -0.790064 -0.118711 -1 -0.105626 : 0
0.53959 0.608076 0.639332 -0.262946 -0.138797 -0.0593572 0.0328933 -0.283483 -0.951337 : 0.3
0.879555 0.742935 0.337147 0.374113 0.126285 -0.09354 -0.0474082 -0.525154 -0.928067 : 0.1
0.662055 0.789808 0.73566 -0.858515 0.112756 -0.875235 -0.122668 0.201182 0.179352 : 0.5
0.794741 0.712107 0.864722 0.583623 -0.144594 0.949395 -0.167551 0.0883221 0.38181 : 0.1
0.217165 0.891166 0.907379 -0.136075 -0.433971 -0.24372 0.759967 -0.192252 -0.0443052 : 0.3
0.917881 0.274435 0.940481 0.00703585 -0.0647689 -0.721978 0.514509 0.32079 0.195116 : 0.3
0.67149 0.497215 0.525584 0.709285 -0.56813 -0.66076 0.425568 -0.19572 -0.471193 : 0.4
0.933171 0.680493 1 -0.29226 -0.0568103 -0.439198 0.224216 -0.686465 0.21069 : 0.1
0.805437 -0.0715578 0.957996 -0.421963 0.150334 -0.552077 -0.134497 -0.165441 0.0177052 : 0
0.662307 0.384164 1 -0.0275519 -0.604357 -1 0.317877 0.115681 1 : 0.1
0.891726 0.849962 0.994751 -0.143146 -0.643903 1 0.534601 -0.158333 -0.0853092 : 0
0.690461 0.161346 0.014687 -0.643547 0.178631 -0.215277 -0.280055 0.440017 -0.447895 : 0.7
1 0.266093 0.983975 -0.716226 -0.37076 -0.267724 0.299124 -0.101679 0.430574 : 0.2
1 1 0.0304572 0.416594 -0.0664021 0.0968576 0.766028 -1 0.163774 : 0.1
0.68071 0.352812 1 -0.748814 0.307455 0.355296 -0.190677 -0.183752 -0.457119 : 0.2
0.655025 0.810786 0.41473 -0.0677297 -0.760913 0.56465 0.495242 0.0366009 0.00155431 : 0.3
1 0.376098 0.905321 -0.137768 -0.344385 -0.25221 0.108125 -0.174468 -0.163976 : 0
0.628524 0.59427 0.71692 0.255326 -0.466671 0.248533 -0.0593941 -0.396304 0.76772 : 0
0.582634 0.290273 0.845302 -0.0360745 0.177956 0.793154 0.571304 -0.128963 -0.024244 : 0.1
0.591195 0.375615 0.690038 -0.101896 -0.104773 -0.37932 0.611559 -0.192452 0.237117 : 0.4
0.172919 0.427926 0.96955 -0.253518 -0.715188 0.182272 0.424772 0.521178 -1 : 0.3
0.956647 0.249398 0.141218 -0.572645 0.176642 -0.0841458 0.564976 -0.140234 -0.776562 : 0.2
0.785864 0.214735 0.32686 -0.640733 -0.560523 -0.130636 0.380823 -0.541991 -0.0950226 : 0.1
0.53081 0.637163 0.366534 0.176188 -0.189883 0.0754662 0.0285551 -0.355488 0.434202 : 0.1
1 0.551804 1 0.0769214 -0.133093 -0.683325 0.124234 -0.450018 -0.885771 : 0.1
1 0.19285 0.785168 -0.201466 -0.513818 0.144681 -0.213631 0.402585 -0.143344 : 0.6
0.610608 0.456452 0.69109 -0.284485 -0.74909 0.0315042 0.395652 0.579795 0.783552 : 0.5
0.693731 0.378811 0.762148 -0.533888 0.866399 -1 0.411612 -0.388808 0.305067 : 0
0.710997 0.56547 0.231248 -0.359102 -0.402893 -0.463692 0.325698 1 0.185064 : 0.3
0.614814 0.451399 1 -0.0531274 -0.803455 -0.254371 0.392259 0.653677 0.689563 : 0.5
0.98863 0.582052 0.625979 -0.172737 0.155662 0.565107 0.0484674 -0.0858971 0.761572 : 0.2
0.696757 0.607987 -0.74766 0.177585 0.607139 0.129598 0.473941 -0.357619 0.0740647 : 0.1
0.956683 0.583497 0.526532 0.484539 -0.348086 0.176334 -0.076103 0.320406 0.210931 : 0.1
0.844127 0.752752 0.989738 -0.143649 -0.152565 -0.193323 0.540775 0.167819 -0.19518 : 0
0.604728 1 -0.189826 -0.945469 -0.783194 -0.0174431 0.317217 0.211577 0.324061 : 0.4
0.830718 0.971283 -0.231003 -0.179917 -0.207684 -0.140231 -0.226295 -0.756878 0.18705 : 0.3
0.955447 1 0.990678 -0.21419 0.25815 0.343872 1 -0.853541 0.30019 : 0
0.645364 0.638594 0.883625 -0.0237131 0.108595 -0.63264 -0.314464 0.28645 -0.024439 : 0.3
0.657381 -0.0645893 0.229862 -0.154712 -0.56824 -0.402354 0.250976 0.33721 -0.297622 : 0.2
0.423651 0.466782 0.525836 -0.707672 -0.432502 1 -0.00792366 0.51294 -0.323629 : 0.1
0.670461 0.136159 0.887591 -0.282551 0.0553112 -0.889171 -0.391526 -0.225997 0.569647 : 0
0.359534 0.389338 0.91332 0.12235 -0.463709 -0.98123 -0.00975077 -0.0572563 -0.770243 : 0.6
1 1 0.848432 0.00797987 -0.421405 0.304675 0.554412 0.740859 -0.96806 : 0.6
1 0.159556 0.668254 0.225698 0.0424164 0.267403 -0.0947419 0.636865 -0.137267 : 0.2
0.81355 0.532738 0.0447227 0.34218 0.32312 -0.818822 -1 0.218238 -0.123458 : 0.6
0.593594 0.17498 0.809198 -1 -0.145862 0.754643 -0.0786592 -0.0651675 0.844051 : 0.3
0.625256 0.146125 0.391678 -0.64842 -0.184127 -1 0.936776 -0.411496 0.45512 : 0.4
0.90823 0.639394 0.928898 -0.0776003 -0.0543543 0.714761 0.542451 0.340543 0.00595042 : 0.3
1 0.629779 -0.141314 0.100276 -0.138222 -0.226366 0.103259 -0.455275 1 : 0.1
0.452633 0.369727 0.987194 -0.225337 -0.0583877 -0.366429 0.316531 0.316806 0.614787 : 0.2
0.696289 0.715764 0.597873 0.403386 0.970223 0.342346 0.729644 -0.125212 0.7156 : 0.1
0.90666 0.704038 0.995099 -0.0603138 -0.424346 -0.176878 0.0581618 -0.351049 0.596446 : 0
0.696708 1 0.377886 -0.550657 0.481069 -0.0446997 -0.609737 -0.167679 -0.0179254 : 0
1 0.431864 1 0.433475 -0.497117 0.988881 -0.509901 -0.113391 -0.109639 : 0
0.535127 0.902155 -0.103757 -0.295216 0.0230668 -0.796552 0.341861 -0.188952 -0.354551 : 0
0.461252 0.623249 0.0574208 -0.604092 0.0620763 -0.370425 0.807758 -0.219571 -0.301143 : 0
0.614191 -0.0425463 0.570707 0.668892 0.0100249 -0.570963 0.873206 -0.263831 0.489442 : 0
0.514354 0.33742 0.596116 -0.268281 -0.042803 0.766698 0.151041 -0.216994 -0.0117292 : 0.3
0.63816 0.398403 0.692908 0.313004 -0.993622 -0.678648 0.833309 -0.0142336 1 : 0
0.999229 0.14965 0.988318 -0.652184 -0.00967085 0.664305 0.206702 -0.325379 -0.525824 : 0
0.791201 0.358571 0.946393 -0.0514173 0.0310841 -0.175652 0.359992 0.366417 0.186263 : 0
0.706561 0.68686 1 0.357737 -0.137865 -0.446496 -0.0833513 0.506548 -0.0364004 : 0
0.478473 0.232851 0.282507 -0.334809 -0.565293 -0.0157654 0.16986 -0.116978 -0.290464 : 0.3
0.206706 0.714815 0.416919 -0.0602157 -0.862633 -0.572593 0.208692 -0.144745 -0.51216 : 0.6
0.766903 0.753899 0.39798 0.241649 0.219503 0.346631 -0.159823 0.361112 0.447724 : 0.5
0.505863 0.354295 0.37679 -0.388205 -0.263126 -1 0.444932 0.90749 0.793599 : 0.1
0.860024 0.924139 0.618983 0.731821 0.374026 -0.00561672 0.679051 -0.874895 0.11215 : 0.3
0.517474 0.702221 -0.0628384 1 9.24915e-05 -0.00128353 -0.0384836 0.61038 -0.356661 : 0
0.773476 1 0.452149 -0.295178 -0.128033 0.0723702 -0.887528 0.996732 -0.041983 : 0.4
0.761013 0.732547 0.925008 -0.130375 -0.0169182 -0.371093 -0.416396 -0.838408 -0.170751 : 0.3
0.876703 -0.138595 -0.299335 -0.163309 0.351598 0.355916 0.115435 -0.150302 0.728196 : 0
0.741839 0.688809 0.441907 -0.825692 -0.136333 0.0250397 0.197052 -0.385713 -0.0692433 : 0.3
0.966817 0.358256 -0.185299 -0.0905082 -0.312834 -1 1 0.550041 -0.383665 : 0.2
0.579257 0.424388 0.742102 -0.494584 -0.647807 -1 -0.0433183 0.249294 -1 : 0.2
-0.16661 0.256448 0.825096 0.113709 -0.986498 -0.178109 1 -0.123163 0.458341 : 0.2
0.422297 0.167254 0.6662 -0.0507208 -0.15492 0.465555 -0.237245 0.44721 0.555786 : 0.1
0.371726 0.543339 0.55223 -0.191387 0.353943 -0.565897 0.0980325 0.10231 -0.297447 : 0.3
0.941915 0.599968 1 -0.582979 0.203624 -0.561332 -0.422421 0.872274 0.266711 : 0
0.602947 0.304395 0.598921 -0.216601 -0.770912 -0.990308 0.694395 -1 -0.203316 : 0.1
0.655799 0.254846 0.63281 -0.0857295 -0.85953 -0.316973 0.921103 0.213418 0.935982 : 0.4
0.663474 0.977911 -0.853036 0.218601 0.345729 -0.331877 0.90414 -0.701465 0.00417989 : 0.1
0.599813 -0.703285 0.775568 -1 -0.0295744 -0.368987 0.490625 0.612734 0.432018 : 0.2
0.621078 0.240781 0.992925 -0.121675 -0.60802 0.329399 0.269491 0.53477 -0.347854 : 0.1
0.902788 0.360181 0.302202 -0.244527 -0.856853 -0.24864 -0.0549644 -0.133201 -0.687421 : 0
0.896331 0.46737 0.365338 -0.538836 0.520357 -0.300199 0.453511 -1 0.356551 : 0
0.111668 0.536577 0.937295 0.0634689 0.0229989 -0.617579 0.0382233 0.988937 0.0864298 : 0.2
0.64373 0.210274 1 0.407388 -0.0257552 0.0859884 0.320813 1 -0.000793934 : 0.2
0.978917 0.643234 1 -0.178666 0.0915108 0.0825795 0.462336 0.67843 0.748219 : 0.4
0.710299 0.502309 0.763128 -0.00532138 -0.49305 -0.20438 0.399266 1 0.365989 : 0.6
1 0.108882 0.23694 -0.815514 -0.613363 0.00593194 0.19528 -0.113518 -0.514735 : 0.4
1 0.981425 0.598307 -0.377531 1 -0.170925 0.365584 -1 0.361374 : 0
0.276974 0.498036 0.0932887 -0.617509 0.347707 0.0633577 0.13806 -0.094487 -0.420746 : 0.4
1 0.72796 0.561519 0.080963 -0.345496 1 0.845725 0.202797 0.369477 : 0
0.818409 0.271353 0.125762 -0.670432 -0.582067 -0.48793 0.548411 -0.82581 0.306324 : 0.5
0.707061 0.303645 0.990608 -0.531444 -0.148958 0.500005 -0.206843 0.0960578 -0.725014 : 0
0.636058 0.341837 1 -1 0.898128 -1 0.0987734 -0.333855 -0.11661 : 0
0.61597 0.797619 0.996768 0.0890188 -0.413508 -0.159839 -0.0909305 0.568874 0.344025 : 0.2
0.783135 0.265598 1 -1 -0.32168 0.242869 0.643861 0.167889 0.0762993 : 0
-0.0999357 0.392005 0.237807 -0.384732 0.207833 -0.0933676 0.250688 -0.161638 -0.819083 : 0.1
0.319233 0.350925 1 -0.548832 -0.835623 -0.303803 0.967825 0.13515 -0.194171 : 0.1
0.40377 0.490861 0.567961 0.294369 -0.287462 -0.903703 0.0820476 0.000926495 -0.726439 : 0.3
0.981674 0.378843 0.745316 0.0243621 0.199869 -0.419735 1 0.768734 -0.251168 : 0.4
0.819006 0.457963 0.810494 -0.0834323 -0.382914 -0.36014 0.343147 0.0863135 -1 : 0.1
0.418097 0.998329 0.743867 -0.342433 -0.201922 1 -0.308281 0.388354 0.00236268 : 0
0.457708 0.0190681 -0.0260119 -0.00170824 -0.7457 -0.306069 0.388432 0.180098 0.414688 : 0.4
0.974641 0.0631065 0.900445 -0.75629 -0.872715 -0.124947 0.123377 -0.208697 0.120184 : 0.2
0.859209 0.557048 -0.00973332 -0.43873 -0.715712 -1 0.11094 -0.259264 0.747783 : 0.4
0.99213 0.423555 0.343042 -0.24381 -0.236378 0.0645968 -0.0746134 -0.264519 0.574466 : 0
0.412592 0.475342 0.620232 -0.0176641 -0.0881301 -0.60261 -1 0.202131 0.398088 : 0.4
0.777974 0.765639 0.583387 0.539087 -0.0922601 0.159052 0.0739222 -0.112633 -0.0157184 : 0.4
0.521716 0.33386 0.641086 -0.35457 -0.34968 -0.457804 0.819425 0.800914 0.514489 : 0.3
0.570668 0.486712 -0.177609 -0.172608 0.230384 0.412321 0.15833 0.288866 -0.226318 : 0.1
0.694648 0.632669 0.917257 0.341709 -0.389677 0.129441 0.597196 0.322343 0.0783024 : 0.1
0.859167 0.432673 0.988992 0.13717 -0.00126803 -0.349232 0.970284 -0.013142 0.313204 : 0.2
0.764065 1 0.744789 -0.345892 0.802099 -0.0872222 0.328692 -0.489042 0.435025 : 0
1 0.870254 0.886438 -0.38801 1 -1 0.229393 -1 0.0156326 : 0.1
0.670383 0.413647 0.780962 0.479911 0.0261291 -1 0.0344588 0.183156 -0.0475286 : 0.1
0.693831 0.629904 0.962983 0.00511518 -0.511982 0.0848394 0.269074 -0.0319871 0.34782 : 0.3
0.608165 1 0.574161 0.634264 0.996929 0.85873 0.375119 0.300936 0.294101 : 0.7
0.535339 0.243476 1 0.00444651 -0.605224 -0.178665 0.0407465 0.194702 -0.0533124 : 0.2
0.661415 0.266479 0.026912 0.525168 0.24035 -0.545551 -0.163866 -0.0949151 0.324658 : 0.1
0.770167 0.227422 0.95175 -0.604122 -0.0892321 -0.511736 -0.474698 -0.413747 0.0261461 : 0.3
0.35398 1 0.869202 -0.0252165 -0.301601 -0.0616669 0.0629841 -0.240038 0.411435 : 0
0.655859 0.324683 0.960652 -0.821252 -0.44916 -0.170046 0.307923 -0.183274 0.314117 : 0
0.807853 0.462083 0.618 0.45979 -0.0577794 -0.922688 0.307521 0.0837538 -0.170858 : 0.1
0.705062 0.335377 0.482491 -0.224304 0.237669 -0.061602 -0.059727 0.789311 -0.482432 : 0
0.796012 0.874343 0.999424 -0.765325 -0.0307728 -0.209317 -0.263356 -0.171923 0.170002 : 0
0.8459 0.826137 0.70911 0.236784 -0.48937 -1 -0.442479 0.274542 1 : 0.5
0.708979 0.307297 0.653612 -0.0252675 0.042765 0.910172 0.148542 -0.653941 -0.0202674 : 0.4
1 0.999353 -0.146031 -0.809407 0.229509 0.202624 0.398086 0.400567 0.755234 : 0.3
0.765007 0.410466 -0.195405 0.453489 0.0636114 0.285966 -0.649951 -0.421197 0.231979 : 0
0.772679 0.597026 0.733755 0.225387 0.820911 1 0.271267 -0.693876 0.343743 : 0.1
0.946241 0.909658 0.359897 -0.123762 0.505451 0.4095 0.0735828 -0.554983 -0.191623 : 0.2
0.868923 0.560495 -0.467085 0.0719709 -0.551395 -0.933402 -0.0829489 0.863352 -0.630398 : 0.2
0.596865 0.602525 1 0.0577555 0.0892992 -0.223888 0.273177 0.0463725 -0.0162106 : 0.1
0.623722 0.639171 -1 -0.248671 0.636731 -0.731514 -0.18775 0.151469 -0.288842 : 0
0.686229 0.447373 0.947246 0.134626 -0.350923 -0.933936 -0.0171926 0.491349 -0.0231684 : 0
0.431641 0.361176 0.620763 -0.0114121 0.205395 -1 0.588444 1 -0.455223 : 0.1
0.603553 1 1 -0.373522 -0.169845 -0.467554 0.998662 0.317769 0.138507 : 0.2
0.671676 0.338759 0.262762 -1 0.46413 -0.420439 0.601062 0.285585 -0.467327 : 0.4
0.549522 0.421078 0.824902 0.748723 0.413062 0.551575 -0.169322 0.305365 -0.292391 : 0.1
0.649582 0.255748 0.0748136 -1 0.470384 -0.937107 0.526682 1 0.0130364 : 0.1
0.393332 0.673316 0.758207 0.750712 0.365517 0.463314 -0.0164404 -0.114089 -0.05272 : 0
1 0.0746734 0.573029 0.263456 -0.0609998 -1 -0.0974204 0.374854 -0.1753 : 0.1
0.661201 1 0.967061 -0.121989 0.482514 -0.308758 0.72379 1 0.351526 : 0.4
0.581645 0.288736 0.584409 0.0634748 -0.790563 -1 -0.683907 -0.657822 -0.103655 : 0.4
0.6113 0.725567 0.946773 0.159991 -0.147387 -0.747605 -0.213501 1 0.131726 : 0.1
0.68539 0.941291 0.721985 -0.115206 -0.0900705 -0.236448 0.24759 0.551373 -0.0830306 : 0
0.667923 0.34776 0.993777 1 0.773249 -0.309328 -0.16324 0.101887 0.0822932 : 0
0.436215 0.478675 0.471114 -0.105672 0.388836 -1 0.439416 0.893493 -0.530885 : 0.2
0.994796 0.208658 0.96639 0.162967 -0.104735 0.656617 -0.165116 0.71889 0.0894674 : 0.5
1 0.279457 0.311055 -0.414416 0.0938816 -0.0334039 -0.127483 -0.244997 0.503044 : 0.3
0.335357 0.379432 0.624029 -0.27259 0.0291373 0.0905247 0.514723 0.0794472 -1 : 0
0.723817 1 -0.344087 0.0129174 0.371898 -0.22741 0.00338543 0.382951 0.120031 : 0
0.855002 0.665314 0.365716 -0.40529 0.691456 -0.730064 0.289451 0.0530398 -0.638708 : 0
0.43125 0.693224 0.795578 0.0985719 -0.620911 -0.0266875 -0.088491 0.782669 0.0413377 : 0
0.330305 0.273648 0.555025 -0.284406 -0.170658 0.3539 0.169628 0.483328 0.316976 : 0.2
0.639842 0.352832 0.67528 0.0319689 0.409054 -0.422116 0.0210773 0.175541 0.266761 : 0.2
0.657847 0.472913 0.403238 0.350317 -0.373525 0.420905 0.300675 0.342241 -0.696195 : 0.1
0.829259 0.626447 0.407707 -0.803043 -1 -0.174838 1 -0.424687 0.624471 : 0.1
0.591638 0.548973 0.473802 0.475956 -0.0181345 -1 0.294637 -0.249192 0.0304736 : 0
0.475206 0.269372 0.98779 -1 -0.658419 0.0182068 0.0762075 -0.160595 -0.303006 : 0.5
0.613898 1 0.658632 -0.539481 -1 0.374004 0.830957 0.639262 0.300354 : 0.2
0.850555 0.169364 1 -0.647002 -0.672252 -0.674652 0.0466803 0.0104289 0.135833 : 0.2
0.567091 0.605333 0.231936 -0.790272 0.162699 -0.409047 0.469635 1 -0.469561 : 0.1
0.220005 0.318307 0.643602 -0.611093 -0.607732 -0.756253 -0.255501 0.425287 -0.269089 : 0.1
0.673925 0.168386 0.382381 0.312286 -0.187776 -0.3544 0.77308 -0.376089 0.501878 : 0.4
0.718733 0.593524 0.721108 -0.0627506 1 0.500382 1 0.0119588 1 : 0
0.476496 1 0.794139 0.0839087 0.617637 -0.403304 0.412054 0.998556 0.21422 : 0.5
0.465 0.375987 0.990561 0.0913628 -0.17443 -0.984238 -0.269241 0.209672 -0.0541447 : 0.6
0.618592 0.256605 0.566632 -1 -0.134751 -0.932368 0.356433 0.104324 -0.830113 : 0.4
0.497633 0.593853 0.605332 -0.688246 -0.0885892 -0.510019 1 -0.888112 0.24437 : 0
0.948412 0.491081 1 -0.0102286 -0.424444 0.503607 -0.56044 -0.0713456 0.159123 : 0
0.807311 0.747779 0.372553 -0.940112 -0.0657833 -0.747182 0.164317 -0.0119229 -0.0476796 : 0.6
0.855861 0.950745 0.542429 0.217879 -0.0625369 -0.480245 -0.0177695 0.0616322 0.0600008 : 0.5
1 0.520823 1 -0.135067 0.317406 0.169169 -0.403412 0.16014 0.722928 : 0
0.436596 0.192789 0.506905 0.00216128 -0.504247 -0.082214 -0.256147 0.143033 0.387174 : 0
0.628189 0.520309 0.775077 0.179033 0.0547065 1 0.682336 -0.392195 0.0984564 : 0
1 0.337105 0.328908 0.525755 -0.00612074 -0.749712 0.739106 -0.591228 0.285219 : 0
0.303217 0.0373365 0.778634 -0.728114 -0.591108 -0.186697 0.66774 0.539246 0.029003 : 0.1
0.555365 0.452692 0.731569 -0.0742145 0.0455585 -0.00625061 -0.0786616 0.266108 0.805743 : 0.4
0.631549 1 0.916525 -0.526077 0.01441 -0.782902 -0.548789 0.229304 0.043709 : 0.3
0.537884 0.377565 0.411776 -0.100196 0.0245983 0.0924568 -0.265413 -0.403752 0.266993 : 0
0.529042 0.428918 1 -1 -0.0370963 -0.178537 -0.0628529 -0.219602 -0.107456 : 0
0.687406 1 0.215735 -0.954315 1 -0.18593 0.387513 -0.231143 -0.410252 : 0
0.629256 0.45756 0.683495 0.0278036 -0.705569 -0.490816 0.93699 0.25744 0.658671 : 0
0.595823 0.546989 0.829413 -0.145148 -0.0622615 -0.750267 0.633389 0.603253 0.434151 : 0.1
0.828012 0.864807 -0.279036 0.0611036 -0.161946 -0.487808 0.0140414 -0.359037 0.276075 : 0
0.595148 0.499346 0.614403 -0.106437 0.463806 0.020791 0.385513 0.990427 -0.682878 : 0
0.736688 0.474963 0.838256 0.502085 -0.0949892 -0.0693407 0.112785 -0.661351 0.19228 : 0
0.717015 0.422471 0.798102 -0.156766 -0.51747 -0.0873622 -0.308125 0.417264 0.802604 : 0
0.586701 0.303981 0.131841 -1 -0.230909 0.0144724 0.709333 -0.882808 0.281404 : 0
1 0.332892 1 -0.0710638 -0.961926 -0.369299 0.0080258 0.669802 0.908082 : 0.1
0.637563 0.163 0.416052 -0.294645 0.154275 -0.78032 -0.0775989 0.856033 -0.185579 : 0.3
0.615851 0.855271 0.554812 0.212976 -0.346382 0.473032 0.408786 0.976453 -0.0748865 : 0.1
0.632793 0.81909 0.933704 0.496186 0.446402 -0.333265 0.747683 0.325531 0.0974135 : 0.4
0.968124 0.358173 0.369291 -0.354355 0.213433 -0.0555848 0.0565545 0.537097 0.260573 : 0.2
0.702686 -0.0903717 0.367646 -1 0.581057 -0.119405 0.458398 -0.0232276 -0.684304 : 0.4
0.374409 0.905678 0.20812 -0.741121 -0.433595 -0.337202 0.454215 -0.148524 0.96231 : 0.4
0.590472 0.299177 -0.141365 -0.989227 -0.724948 -0.479564 1 -0.202437 0.344528 : 0.4
0.599515 0.612313 0.923234 0.139391 -0.324047 -0.364281 0.0580116 -0.308329 0.384062 : 0
0.523603 0.535057 0.803774 0.070061 -0.28925 0.133964 0.375554 -0.454531 0.0657691 : 0.1
0.733611 0.592335 0.447603 -0.0967097 -0.34514 0.262747 0.768274 -1 0.564744 : 0.4
1 -0.0615687 0.995245 -0.656735 -0.212862 0.0789266 0.0317159 -0.0902407 0.533977 : 0.4
0.600904 1 0.734324 0.406131 -0.448183 0.197669 -0.121064 -1 0.0872421 : 0.3
0.341014 0.413837 0.732368 0.54675 0.0844054 0.32608 0.142673 -0.0427786 1 : 0.2
1 0.522583 1 0.314152 -0.401021 -0.278102 0.45887 -0.230307 -1 : 0.1
0.549844 0.217673 0.767408 0.35984 -0.0241137 -0.784003 0.864079 -0.508857 0.286331 : 0.1
0.949621 0.633232 0.946886 -0.356979 -0.691054 -0.204946 0.22404 -0.321268 -1 : 0.1
0.62498 0.273053 -0.16446 0.410496 -0.742046 -0.864121 0.315524 1 0.799117 : 0.1
0.345211 0.46933 0.492309 0.293187 0.00152004 -0.169355 -0.280667 0.208214 0.235823 : 0.2
0.61449 0.181431 0.559406 -0.280621 -0.218708 0.442222 0.0969615 -0.15508 0.569271 : 0.3
0.880092 0.709608 0.236413 0.103012 0.189947 -0.296155 -1 0.26102 -0.47488 : 0.2
0.432211 0.0635394 0.552213 -0.358498 -0.123544 -1 -0.213687 -0.530115 0.150029 : 0.2
0.675741 0.45482 0.477377 -1 0.13139 -0.465028 -0.720046 -0.170483 0.0490544 : 0.2
0.836223 0.570158 0.957347 0.224594 -0.172623 -0.390929 0.341378 -1 0.119752 : 0.4
0.344204 0.650011 -0.0127155 -0.0964355 -0.594218 -0.373522 -0.0075532 0.17969 -0.643864 : 0.4
0.996257 0.824754 0.016454 0.33417 -0.105071 -0.492268 0.760962 -0.201239 -0.406998 : 0.1
0.112506 0.232643 1 -0.996446 -0.183503 -1 0.0550614 0.370258 0.0142714 : 0.4
0.588316 0.60756 0.946202 -0.33505 -0.630986 -0.483164 -0.359189 -0.319189 0.30971 : 0.1
1 0.577529 -0.305308 0.481823 -1 0.474515 0.895843 -0.520013 -0.11596 : 0.3
0.663548 0.418566 0.154361 -0.249715 0.258236 -0.730016 -0.0360785 -0.346691 0.302198 : 0.3
1 0.151108 1 0.288792 0.084873 0.775719 -0.1156 0.426825 0.974434 : 0.1
0.618739 0.476561 0.453693 0.791831 -0.774923 -1 0.173003 0.0907623 -0.468479 : 0.2
0.967552 0.964606 1 -0.684337 -0.0218111 0.136635 0.013652 -0.018644 0.106686 : 0.2
0.898037 0.520702 0.968595 0.155269 -1 -0.640811 -1 0.0676879 -0.128514 : 0
0.811622 0.147133 0.221976 -0.922644 0.0756397 0.432898 0.0892898 -0.585144 -0.269836 : 0
0.276993 0.181966 0.561625 0.114566 -0.188241 0.607361 0.234128 -0.178943 0.171313 : 0
0.795203 0.47731 0.850889 -0.0860326 -0.413583 1 0.618421 0.590999 0.174663 : 0.1
0.647333 1 0.68971 -0.995118 0.0732273 -0.206461 0.0700063 0.0360557 0.17449 : 0.2
0.912226 0.106073 -0.227112 -0.307207 -0.0431134 0.030075 0.51577 -0.226037 0.0572115 : 0.3
0.842858 0.804577 0.515331 -0.00157696 -1 1 0.591107 0.0538709 0.173677 : 0
0.781269 0.352861 -0.0128779 -0.598096 -0.125609 -0.376156 0.894507 -0.208357 0.135059 : 0.1
0.648941 0.485498 0.935316 0.0832026 0.151386 -0.954556 0.747785 0.17175 -0.523 : 0
0.935346 0.871544 0.383563 -0.801994 0.00448595 -0.443118 -0.882104 0.149484 -0.211154 : 0.3
0.66727 1 0.151432 -0.207962 0.273384 0.158664 0.207322 0.175851 -0.0558605 : 0.2
1 0.769586 0.0946784 -0.107677 0.343255 -0.273501 0.155803 0.914085 0.523937 : 0.4
0.693419 0.757077 1 -0.840726 0.661033 -0.825765 -0.161423 -0.254365 -0.317541 : 0
0.289765 0.140145 0.982907 -0.0554976 -0.285187 -0.255616 -0.251799 -0.056944 0.519767 : 0.6
0.481957 0.529172 0.697514 1 0.343429 0.191447 0.134868 0.0397097 -0.111651 : 0
0.733099 0.808587 -0.655321 -0.277956 -0.426763 -0.412337 -0.121221 0.147176 0.123413 : 0.1
0.859102 0.683465 0.276764 0.804526 -0.487442 -0.811504 -0.286733 0.234949 0.566074 : 0
0.763045 0.467902 1 0.213014 -1 -0.445657 0.685028 -0.265957 0.0860799 : 0.2
1 0.759686 -0.0975136 0.0458921 -0.553686 0.754412 -0.326487 0.926644 0.362292 : 0
0.393931 0.153715 1 0.024364 0.102535 1 0.200998 0.0343137 -0.132251 : 0.8
0.849582 0.636834 0.941518 0.506365 -0.218515 -0.477282 0.299216 0.360396 -0.120607 : 0.5
0.314149 0.487122 0.569038 -0.0738826 0.19132 1 0.333451 0.18801 0.469409 : 0.2
0.891183 0.173625 1 0.263255 -1 -0.275409 0.0457322 -0.655747 0.300161 : 0
0.413473 0.935641 1 0.00704738 -0.0797421 0.278353 0.457452 1 -0.17256 : 0.2
0.661968 0.160571 0.808538 -0.07786 -0.252043 -0.946881 0.384525 -0.210366 0.686979 : 0.2
0.618302 0.398137 0.984835 0.0872431 0.514219 -0.125721 -0.124995 0.720317 -0.951022 : 0.3
1 0.78357 0.341002 -0.260597 0.222687 0.163796 0.0344981 0.188082 -0.266312 : 0.5
0.629998 0.313359 0.148353 0.583759 -0.749153 -0.772574 0.171184 -1 0.151382 : 0
0.242213 0.373303 0.659448 0.344907 -0.393478 -0.00480461 -1 -0.123681 -0.917397 : 0.2
0.815954 0.297859 0.918892 -0.0834336 -0.901326 -0.694562 -0.318444 0.613172 0.826448 : 0.3
0.904323 0.447989 1 -0.226785 -0.711439 -0.516462 0.867205 -0.922908 0.187278 : 0.1
1 -0.186057 0.406316 -0.390967 0.271422 0.263143 -0.0792771 0.444618 0.805879 : 0
0.469387 0.321742 0.408016 0.0143005 -0.599449 -0.0261837 -0.0712489 -0.164547 0.770919 : 0.1
0.615607 0.880272 1 -0.266973 0.523937 0.136622 0.295433 0.781064 0.0668961 : 0
0.986707 0.50469 0.382878 -0.212788 -0.828416 -0.508896 0.916417 -0.926464 0.508816 : 0.3
0.987808 0.395411 0.226956 0.158078 -0.693727 -0.360527 -0.406356 0.6563 -0.0648395 : 0.5
0.929348 0.344386 0.910284 0.431981 -0.612747 -0.805562 0.324805 0.230547 0.804609 : 0
0.524112 0.493902 0.544791 0.0724107 -0.230923 -0.508986 -0.268643 0.0441796 -0.110096 : 0.3
0.814142 0.401188 0.948891 -0.427105 -0.977656 -0.125974 0.485454 0.533307 -0.613263 : 0
0.837273 0.404294 0.966867 -0.10053 -0.576444 0.517 -0.00935121 -0.091134 0.521528 : 0.2
0.581451 0.24241 0.505871 -1 0.196207 -0.251481 -0.0228292 0.106597 0.00503609 : 0.1
0.713626 0.534378 0.782892 0.277187 -0.363538 -0.0725626 0.43926 0.607555 0.268254 : 0.1
0.117822 0.331726 0.457625 -0.0929544 0.341719 -1 0.176769 -0.181347 -0.603888 : 0.2
0.414395 0.360234 0.876052 -0.012469 -0.665421 0.586645 -0.00587636 0.322728 -0.192663 : 0.3
0.955074 0.382603 0.234731 1 1 -0.836515 0.123137 -0.715783 -0.223068 : 0.3
0.911584 0.934787 -0.393315 0.13216 0.00939512 0.10254 0.515218 -0.106082 0.580771 : 0.3
0.699 0.616865 -0.213596 -0.48154 0.368137 0.138089 0.392814 -1 -0.0719675 : 0
1 0.700382 0.470945 -0.721706 -0.17776 -0.0344614 0.8622 -0.467463 0.326897 : 0.2
0.947831 0.339656 0.823426 -0.345515 -0.851426 0.348849 0.400526 0.0702406 -0.375252 : 0.3
0.827932 1 0.964348 0.784828 -0.312394 1 0.510215 0.654665 -0.0193942 : 0.3
0.11815 0.671728 0.173509 -0.797988 0.454134 -0.599915 -0.0528232 -0.108704 -0.13448 : 0
0.782663 0.400018 0.511776 0.5464 -0.903103 0.229557 -0.683042 0.0394887 0.223702 : 0
0.590424 0.708975 0.613636 0.0838915 -0.368068 -0.495429 0.587621 -0.271429 0.509565 : 0
0.634753 0.54759 0.85101 0.180719 -0.757659 1 0.304143 0.408653 0.641292 : 0.5
0.646667 0.656763 0.357157 0.253489 0.588806 -0.381636 0.180224 -0.333685 0.560415 : 0.1
0.485421 0.506078 0.927531 -0.0814294 -0.322361 0.766792 0.743749 1 -0.509635 : 0.1
0.450385 0.547575 0.993857 0.459301 -0.164027 -0.914887 0.274936 -0.219217 -0.681609 : 0.1
0.965734 0.697572 0.799616 -0.0204184 -0.740347 -0.967653 0.59469 -0.134594 -1 : 0.4
0.625076 0.396503 0.578013 0.00135807 0.817252 -0.0715669 -0.17483 -0.0288872 0.351964 : 0
0.667486 0.735988 0.384881 -0.501036 -1 -0.466748 0.33051 0.398688 0.599209 : 0.1
0.960876 0.716158 0.801333 0.258997 -0.744192 0.0408546 -0.125711 -1 0.0979879 : 0
0.582869 0.437161 0.724684 0.0877353 -0.63873 -0.342739 -0.181219 0.177566 0.0727508 : 0
0.79554 0.613622 0.784424 -0.641878 -0.638445 -0.37544 -0.177467 0.254127 0.615732 : 0.2
0.721873 0.101747 0.993961 0.673614 -0.648568 0.162931 0.334629 -0.533971 0.285234 : 0.1
1 0.571597 -0.320303 -0.000477672 -0.155804 -0.497462 0.63363 0.246865 0.297471 : 0
0.652721 0.921266 -0.239287 0.119338 0.343389 0.710802 0.651029 -0.193112 0.697299 : 0.1
0.394164 0.719029 0.0832858 -0.828047 0.296539 -0.369407 -0.168601 -0.0514294 -0.172254 : 0
0.559253 0.696375 0.533758 -0.313261 0.174385 -1 -0.538848 0.493453 0.123829 : 0.3
0.730815 0.315061 0.835896 -0.536815 0.222442 1 1 -0.323708 -0.0407566 : 0
1 0.425592 -1 -1 0.876244 -0.741461 1 -0.177798 -0.132683 : 0.1
0.855018 0.417941 0.89768 -0.0437239 0.016119 -0.0158255 0.0200298 0.554964 -0.690661 : 0.6
0.957126 0.298278 0.545116 -0.641997 -0.294166 -0.0434349 0.253294 -0.242208 -0.123567 : 0.5
0.826521 0.207283 0.983581 0.227917 -0.833899 -0.412144 0.341225 -0.676192 0.297268 : 0.3
0.618704 1 0.901258 0.130023 -0.55834 -0.212517 0.505008 -0.236316 -0.325574 : 0.2
0.886985 1 0.417915 -0.0752227 -0.0746474 -0.218776 0.741019 0.157503 -0.52216 : 0
1 1 0.0950627 0.118011 0.48377 0.146852 0.108608 0.844259 0.814495 : 0.2
0.484548 0.442065 0.600172 0.336768 -0.670988 0.397183 -0.0538772 -0.17682 0.664083 : 0
0.576667 0.400762 0.985306 -0.401433 -0.033193 -0.452348 -0.00283578 0.0448829 0.0489675 : 0.2
0.414224 0.0593887 0.936623 -1 -0.860865 -0.0565535 0.714543 -0.217865 0.197217 : 0.1
0.755681 0.395267 0.464773 0.667365 -0.242429 -0.342776 0.0954883 -0.248346 0.47112 : 0.1
0.650768 0.591411 0.344735 0.410977 0.403583 -0.0943108 0.942514 -0.399415 0.199925 : 0.3
0.626649 0.560312 0.949036 -0.0269168 -0.932301 0.260327 -0.130416 0.822532 -0.566168 : 0.1
0.550922 0.409713 0.815248 -0.0681165 0.120303 0.182615 0.996358 -0.346867 0.259808 : 0.4
1 0.864169 0.255077 -0.687712 -0.0602154 0.0425918 1 -0.758846 -0.306373 : 0.4
0.892175 0.369487 0.847339 -0.40155 0.162584 -0.819193 0.183744 -1 0.738358 : 0.3
1 0.631656 1 -0.216549 -0.0247846 0.65343 -0.290601 0.266756 0.33984 : 0.2
0.56843 0.0726873 0.583157 0.329114 -0.711353 -0.749042 -0.250921 -0.326707 0.33939 : 0.1
1 0.188221 0.896911 -0.337624 -0.174986 -0.14198 1 -0.214203 0.301412 : 0.1
0.513287 0.491071 0.802689 0.247519 -1 -0.621289 0.0950909 -0.0861751 0.211773 : 0.2
0.95522 0.603121 1 -0.368815 -0.122959 -0.719437 0.415247 -1 0.416886 : 0.2
0.718931 0.768065 -0.888142 0.0306624 0.276818 -0.029108 -0.338086 0.186169 0.1089 : 0.1
0.602431 0.281294 0.249218 -0.638125 -0.125151 0.112448 0.0549104 0.500934 0.571121 : 0
1 0.685871 0.366392 0.471214 0.374426 -0.310438 -0.00904133 0.79261 -0.199632 : 0.3
1 0.125651 0.305483 -0.0296183 0.134826 -0.0935026 1 -0.608365 0.203905 : 0.2
1 0.904405 -0.104453 -0.0618219 -0.42596 0.284892 0.382391 0.867627 0.22299 : 0.2
0.719319 0.125174 -0.17641 0.0999584 0.418964 -0.344318 0.122691 0.496961 0.375203 : 0.2
0.720175 0.237537 0.751621 0.256573 0.330763 -0.625635 -0.076192 -0.0924914 0.236703 : 0
0.645035 0.860155 1 -0.728957 -0.0886793 -0.15775 0.417237 0.100825 -0.0891665 : 0.2
0.670357 0.514075 -0.33619 0.0636845 0.395038 -0.322412 0.602881 0.185211 0.00094622 : 0.1
0.703709 0.509162 0.764194 -0.427893 0.0154571 -0.592639 -0.0331727 -0.111379 0.0192448 : 0.4
0.950627 0.759509 -0.000658154 -0.248624 -0.168174 -0.333782 0.0298231 -0.141823 -0.656935 : 0
0.700119 0.278223 0.632767 -0.745807 0.00392488 0.125644 -0.639542 -0.288793 0.403153 : 0.2
0.53143 0.470645 1 0.0142209 0.390102 -0.543648 -0.0123934 1 -0.381005 : 0
0.670967 0.694821 1 0.26344 0.299693 -0.989256 0.0464374 0.0993087 -0.13913 : 0
0.778824 1 1 -0.0150282 -0.548879 -0.218782 0.595924 0.259283 0.107386 : 0.2
0.15523 0.392635 0.446324 0.387495 -0.0567668 -0.0526807 0.0452298 -0.580908 -0.816721 : 0
0.550627 0.602596 0.307285 0.00828412 0.173092 0.236571 0.427831 0.405703 0.736088 : 0
0.0933436 0.363669 0.235048 -0.60469 -0.178799 0.654009 -0.0775066 -0.127375 -0.0282396 : 0.1
0.508672 0.497412 0.712352 -0.0858113 0.255982 -0.641638 0.585695 0.89964 1 : 0.1
0.776746 0.702926 0.801457 -0.291471 0.157094 0.0865619 -0.0718365 -0.157243 -0.276822 : 0.1
0.630612 0.350561 0.948878 0.346806 -0.484289 -1 0.174231 -0.316731 -0.971168 : 0.3
0.587182 0.183604 0.675736 -0.0133698 -0.401771 -1 0.830717 -0.129208 -0.0984144 : 0
0.402119 0.675316 -0.627441 -0.0215129 -0.0834996 -0.68973 0.110451 -0.177714 -0.507879 : 0.4
0.712586 -1 0.705069 0.377188 -0.373714 -0.343817 0.258475 0.727616 -0.133816 : 0
0.484075 0.983365 0.158201 -0.491805 0.293955 -0.244786 0.236138 -0.991246 0.00230429 : 0.5
0.642859 0.3579 0.710299 0.743947 -0.941843 -0.455827 0.449212 0.126047 0.396648 : 0
0.438173 0.230899 0.605237 -1 -0.0494846 0.256569 0.328171 -0.253533 -1 : 0
-0.0882033 0.47914 0.414424 -0.551135 -0.0703099 -1 0.142215 -0.338476 -0.0581993 : 0.1
1 1 -0.382605 -0.00286852 -1 0.335324 0.108382 0.136142 -0.45608 : 0.2
0.719506 0.700528 0.738833 -0.101394 0.0839853 0.203551 -0.0343699 0.847515 -0.944786 : 0.1
1 0.128083 -0.8165 0.274107 -1 -0.145422 0.330279 -0.521896 0.307689 : 0.2
0.68815 0.531693 0.937714 -0.5555 0.137156 0.338685 -0.55178 0.31643 -0.128359 : 0.5
0.510056 0.355475 0.74203 1 0.910955 -0.0302786 -0.118366 -0.756472 0.586626 : 0.2
0.275892 0.364791 0.958559 -0.456765 0.470475 -0.803998 1 0.5294 0.427346 : 0.4
0.891234 0.521846 1 -0.061783 -0.461092 -0.399658 0.514221 -1 0.493273 : 0
0.984947 0.681631 -0.583443 -0.139935 -0.744892 -0.0483855 0.985656 -1 -0.209436 : 0.2
0.490292 0.0848336 0.0999388 -0.0158415 -0.999388 -0.311746 0.455648 0.225215 0.57209 : 0.1
0.716297 0.615964 1 -0.190956 -1 -0.638378 -1 1 0.726809 : 0
0.43945 0.861472 0.99994 -0.0608937 0.136023 0.543837 0.0670129 0.414683 0.591768 : 0
0.6149 0.794909 0.720928 -0.490394 -0.863363 -0.411771 0.365772 0.902103 0.663291 : 0.2
0.695412 0.775151 0.75605 -0.265693 0.177644 -0.0985378 0.441178 0.144388 -0.328716 : 0.4
0.643714 0.296631 1 -0.510077 0.284364 0.418639 -0.16894 -0.204311 0.306143 : 0
0.922948 0.133782 0.415321 0.418426 -0.180336 -0.460575 0.849787 0.743096 -0.318877 : 0
0.658622 1 -1 -0.0985402 -0.452007 0.0946999 0.259666 0.0953646 0.361285 : 0.1
0.659716 0.365532 0.534415 -0.5613 0.333516 0.152659 0.390726 -0.0820804 -0.137389 : 0.4
0.619602 0.206299 1 0.420104 -0.532143 -0.892406 0.57713 -1 0.583463 : 0.1
1 0.498165 0.90999 0.175167 -0.154905 -0.49258 0.790929 -0.298661 -0.375669 : 0
0.406566 0.745556 -0.192949 0.0166528 0.122183 -1 0.889657 -0.955585 -0.203944 : 0.6
0.7995 0.483476 0.807203 1 0.0315947 -0.555933 -0.187216 0.010088 -0.0573089 : 0
0.630795 0.390696 0.454415 0.0642808 0.24421 -0.0796208 0.523846 -0.0484609 0.436131 : 0
0.866016 0.367008 -0.0760794 -0.189435 -0.165103 -0.0753421 0.779259 0.382233 0.349416 : 0
0.709928 0.321324 0.41883 0.0241769 -0.189547 -0.0129257 0.743588 0.876985 0.512258 : 0.4
0.379021 0.39657 0.75461 -0.0782786 -0.0488988 1 0.0298656 0.929018 -0.143481 : 0.4
0.766313 0.842071 -0.167301 0.144038 -0.977732 1 -0.0363291 -0.192052 0.332199 : 0.1
0.697339 0.934498 0.58753 0.232888 -0.111612 -0.423103 -0.160944 -0.133608 0.168586 : 0
0.479877 0.314341 0.696286 0.126261 -0.342468 -0.518615 -0.283701 0.0293754 0.330819 : 0
0.533092 0.302163 0.815709 0.470702 -0.429903 -1 0.073183 -0.191057 -1 : 0.8
0.620705 0.921949 -0.954438 -0.857412 -0.965929 -1 0.653754 -0.533937 0.761274 : 0.1
0.5542 1 0.162138 0.413433 0.114816 -0.405133 0.272995 0.11853 -0.218688 : 0
0.590765 0.240696 0.772436 -0.972237 0.295838 -0.18709 0.221048 0.547861 0.144792 : 0
0.664119 0.56393 0.976901 -0.55403 -0.541279 -0.488732 -0.778777 0.54639 -0.0311437 : 0
0.636127 0.272736 0.572523 -0.809124 0.947261 -0.200562 0.881136 -0.416341 0.479617 : 0
0.532493 0.760468 0.747837 -0.100076 0.362287 0.985085 0.632883 0.591392 0.283599 : 0.1
0.657836 0.912387 -0.256373 -0.472174 -0.0352178 0.679831 0.670991 -0.328166 0.00687566 : 0.1
0.625172 1 1 0.741567 0.0923844 -0.509079 -0.602986 0.241723 0.78658 : 0
0.64073 0.427921 0.583364 0.232197 -0.373707 -1 1 -0.452736 -0.357863 : 0
0.513183 0.283042 -0.0328119 -0.771718 -0.226952 -0.374422 1 -0.364897 -0.58336 : 0.1
0.693612 1 0.695607 0.149977 0.0999634 0.0111596 -0.277239 1 0.15127 : 0
0.329868 0.420283 0.376348 -1 -0.834286 -0.149422 0.0286962 -0.714868 -0.872783 : 0.1
0.861931 1 1 -0.854527 0.158018 -0.251418 0.213093 0.146576 0.00637439 : 0.2
0.74473 0.388272 0.961355 0.0814542 -0.152924 0.173127 0.377909 0.756694 0.450873 : 0.3
0.748011 0.401547 0.421443 -0.387433 -0.24445 -1 0.85803 -0.507499 -0.300729 : 0.1
0.387551 0.498452 0.530943 0.395255 -0.593124 -0.430281 -0.220443 -0.198979 0.423169 : 0.5
0.743961 0.636147 1 -0.0520917 -0.527572 -0.298607 -0.415205 -0.278184 0.132629 : 0.2
0.687244 -0.674478 0.744306 -0.075241 -0.437284 -0.655123 -0.0211974 -0.911005 -0.124765 : 0.1
0.475953 0.420945 0.646541 -1 -0.698889 0.129119 0.461937 0.712849 0.241346 : 0.2
0.609101 -0.0874289 -0.294377 -0.516117 0.781638 0.0582007 -0.328156 0.0176287 0.442162 : 0.2
0.851479 0.793735 -0.301998 -0.481329 -1 -0.913631 0.0699522 -0.358413 0.67591 : 0.3
0.707288 0.618987 0.613989 1 -0.928363 -0.609863 0.2502 0.660202 0.302739 : 0
1 0.442039 -0.118517 -0.134537 -0.36751 -0.559399 0.281768 -0.915791 -0.516047 : 0.4
0.59599 0.806649 0.754648 -0.232656 0.547797 -0.940876 0.13879 -0.0145881 0.416716 : 0.2
0.695047 0.351894 0.415888 0.281677 -0.14705 -0.402106 0.587937 -1 0.070312 : 0
0.891751 0.266055 0.471043 0.396526 1 -0.295108 0.438482 -0.11363 0.0940213 : 0.4
0.62881 0.787295 0.478304 -0.149185 -0.209707 0.504119 -0.00434201 -0.362001 0.613869 : 0
0.892897 0.271999 0.616015 -0.389412 0.158805 -0.537998 -0.0277025 0.18601 0.020455 : 0.2
0.952736 0.601406 0.345653 -0.595218 0.311101 -0.193255 0.0355781 -0.395326 -0.628996 : 0.1
0.796741 0.355096 0.782014 0.237181 -0.026646 -1 -0.202818 -0.465377 -0.352239 : 0
0.398336 0.262327 0.90801 -0.362024 -0.127377 -0.61886 -0.660606 -0.642665 0.329539 : 0.1
0.668238 0.217253 0.648624 -0.147284 -0.445054 -0.234291 0.575364 0.0621902 0.5173 : 0.3
0.941646 -0.00891416 0.758458 0.913392 0.117937 -1 -0.625794 1 0.457814 : 0.3
0.685556 0.219028 0.591625 0.0372369 -0.487579 -0.909518 -0.134074 0.173386 0.228617 : 0.2
0.666722 0.611616 1 0.544638 -0.150157 -0.871664 0.075156 0.791078 0.246036 : 0
0.697116 0.565101 0.903061 -0.0127265 -1 -0.297907 0.694399 -0.412566 0.152244 : 0.1
0.807769 0.740474 -0.270935 0.354866 1 -1 -0.0373369 -0.0753068 0.462827 : 0.3
0.285405 0.152267 0.142544 0.484479 0.267207 -0.463223 0.866095 -0.272445 0.200684 : 0.4
0.73667 0.610952 0.742775 -0.202131 0.285103 0.103773 -0.150134 1 -0.0247356 : 0.4
0.802104 1 0.709805 0.0131209 -0.12134 -0.120275 -0.814832 1 0.150364 : 0.4
0.632207 0.312572 0.61316 0.0217146 0.365632 0.257348 0.0483838 0.0814425 -0.268445 : 0.2
0.530893 0.857293 -0.431846 0.489906 -0.00281692 0.365568 0.0694905 -0.79721 0.377111 : 0.1
0.620318 0.594196 0.784745 -1 -0.287685 -0.319916 0.545651 -0.784473 0.0628716 : 0
0.598099 0.380163 -0.0714457 0.43305 -0.270165 0.184862 0.413406 -0.772256 0.53323 : 0.1
0.724214 1 0.653244 -0.0197674 -0.510134 0.151069 0.10791 0.212435 0.678291 : 0.1
0.840552 0.435413 0.955046 -0.195957 -1 0.169615 -0.0514486 0.625787 -0.232182 : 0.1
0.91864 0.326687 -0.292587 -0.239619 0.247636 0.1191 0.653441 0.341951 0.551689 : 0.2
0.8446 0.612253 1 -0.103954 -0.942829 -0.711612 -0.0677123 0.147865 -0.333855 : 0.1
0.81628 0.656997 -0.0145348 -0.0518429 -0.589361 -0.306671 0.689053 0.19905 0.878045 : 0
0.669784 0.728038 0.739131 0.418312 -0.120062 -0.789556 0.15463 0.378706 -0.0573261 : 0
0.621302 0.234183 0.79598 -0.105966 0.571333 -0.918638 0.516874 -0.286902 0.651448 : 0
0.552222 0.324041 0.714135 0.156273 0.526681 -0.022571 -0.0223345 -0.185535 0.187335 : 0
0.70098 0.404516 0.992446 -0.0673739 -0.530054 0.186207 -0.142166 0.957004 -1 : 0.3
0.7126 0.350178 0.768039 0.2606 -0.734896 0.640611 0.631934 -0.202043 0.618915 : 0.1
0.499854 0.929366 0.555836 0.82979 -0.421591 -0.159704 0.150848 -0.346581 -0.458062 : 0
0.364899 0.429233 0.835416 0.0547695 0.417564 -0.815603 -0.624208 0.171169 0.585354 : 0
0.613508 0.295305 0.748048 -0.103783 -0.29591 -1 0.577419 -0.11429 0.479365 : 0
0.491441 0.316051 0.561609 -0.080863 0.0238996 0.701087 0.458035 0.179079 0.267363 : 0.1
1 0.373392 -0.0804362 1 1 -0.236385 0.351061 -0.246522 -0.0186266 : 0
0.608827 0.434832 0.495137 0.0907245 -0.0523356 -0.773169 0.199446 -0.031171 0.89216 : 0.6
0.710562 -1 -0.454124 -0.0793863 0.0270387 -0.450646 0.0363661 0.148685 0.021626 : 0.3
0.648206 0.430925 0.65909 0.105421 -0.370587 -0.228125 0.405738 0.0102291 0.350568 : 0
0.858992 0.947933 -0.0912982 0.140787 0.08574 0.794272 0.0528184 0.19219 0.674089 : 0.3
0.858382 0.652368 0.988194 0.463832 -0.119997 0.0830695 0.369095 0.513123 0.645606 : 0.1
0.48975 0.323968 0.74793 -0.301503 0.0422597 -0.0968515 0.0731695 0.501568 0.364813 : 0.2
0.691935 0.494489 0.91852 0.493845 0.0940199 -0.300542 0.331077 0.342607 0.123072 : 0
