0.579778 0.364263 0.876137 -0.899957 -1 -0.444266 0.669597 0.190977 0.123006 : 0.6
0.655095 0.449285 0.805969 -0.632317 -0.37715 0.260652 0.236408 1 0.108925 : 0.3
0.85601 0.532476 0.731355 -0.107224 -0.293476 -0.349236 0.81891 -0.594863 -0.106725 : 0.5
0.634906 0.321087 0.723792 -0.254834 -0.576467 -0.27474 1 0.558474 0.025493 : 0.4
0.754549 0.38577 1 -0.761332 -0.338214 -0.640754 0.178708 -0.484706 1 : 0.1
0.684701 0.477346 0.904828 -0.955737 0.959258 -0.232809 0.0717497 0.12963 -0.200636 : 0.6
0.566651 0.4656 0.864747 -0.556763 0.18118 -0.565913 -0.548933 0.0729853 -0.0816841 : 0.8
0.520825 0.385417 0.756282 -0.577706 -0.245223 -0.460206 0.899259 0.299806 0.2729 : 0.1
0.624842 0.229232 0.867046 -0.371137 0.599631 -1 0.300728 0.226129 0.679806 : 0.4
0.748654 0.312886 1 -0.591984 -0.187368 -0.442803 0.677932 -0.00821173 -0.0655509 : 0.1
0.476327 0.38995 0.851576 -0.240799 -0.415408 -0.498939 0.299115 0.55677 -0.567218 : 0.3
0.504034 0.375629 0.570169 -0.274571 -0.656313 -0.157977 0.00593688 -0.0877325 0.505612 : 0.3
0.713945 0.38991 0.945266 -0.773569 -0.296166 0.0655596 -0.194563 -0.762192 -0.0482962 : 0.4
0.91999 0.371343 0.963776 -0.471158 -0.28723 0.1851 0.232355 0.188967 0.417492 : 0.4
0.688295 0.536293 0.933287 -0.787863 0.308737 -0.462743 0.213383 -1 0.0338533 : 0.3
0.57049 0.561711 0.861773 -0.870417 -0.25055 -0.550713 0.255786 0.144716 0.778252 : 0
0.508036 0.166472 0.872848 -0.851966 -0.465468 -0.178473 0.0756068 -0.171267 0.642543 : 0.2
0.574558 0.622893 0.910827 -0.872972 -0.404088 -0.446655 0.651647 0.230988 -0.207427 : 0.4
0.644167 0.454279 0.668955 -0.600758 -0.238612 0.327733 0.60456 0.67664 0.046227 : 0.4
0.515816 0.39042 0.884582 0.502626 0.0254987 -0.288815 1 -0.289794 -0.0162979 : 0.1
0.758152 0.66144 0.773066 -1 0.769263 -0.219456 1 0.0639582 1 : 0.4
0.666261 0.502648 0.795468 -1 0.385283 -0.295098 -0.135276 0.462024 0.699506 : 0.2
0.454834 0.413226 0.72538 0.19018 -0.258928 -0.540091 0.314156 0.503859 -0.462469 : 0.2
0.539188 0.312351 0.835688 -0.875913 -0.889935 -0.140071 0.688072 0.897231 0.136175 : 0.6
0.742553 0.39483 0.908638 -0.709698 0.44086 0.125971 0.442835 -0.248211 0.491032 : 0.7
0.444106 0.565833 1 -0.108466 -0.236868 0.0575908 0.463569 0.259998 1 : 0.5
0.596909 0.0558838 0.844176 0.157504 -0.344243 -0.571161 1 -0.0224374 0.0702137 : 0.4
0.412796 0.446414 0.906262 -0.153877 -0.207022 -0.704345 0.398559 -1 -0.142791 : 0.1
0.827668 0.638713 0.795065 -0.971034 -0.381672 -0.411652 0.290164 0.177552 -0.321866 : 0.1
0.88828 0.404686 0.818624 -0.292372 -0.129552 -0.634862 -0.157649 0.114291 0.360497 : 0.5
0.435956 0.50309 0.815308 0.227573 -0.253086 -0.428553 -0.342244 -0.0498948 0.336019 : 0.2
0.462543 0.683699 0.755067 -0.437325 -0.228269 -0.0678104 0.329419 0.399884 -0.172108 : 0
0.607607 0.347479 0.766459 -0.884549 -0.623626 0.0769308 -0.279557 0.409098 0.103566 : 0.4
0.732576 0.283098 0.966482 -0.819275 -0.550357 -0.328815 0.20117 0.60745 0.323326 : 0.1
0.912405 0.573272 0.952125 0.140499 -0.411477 -1 0.329464 -0.303258 -0.112695 : 0.1
0.794482 0.384914 0.966721 -0.00363529 -0.152207 -0.300975 0.315023 -1 -0.351878 : 0.6
0.81052 0.414702 0.928492 -0.898293 -0.246419 -0.0895679 0.673344 0.18326 0.623522 : 0.6
0.684338 0.506537 1 -0.679583 -0.201401 0.0575969 0.352255 0.305844 0.322461 : 0.8
0.91782 0.386437 0.721038 -0.959132 -0.226919 0.0380489 0.655386 0.511413 -0.12035 : 0.5
0.793435 0.548322 0.799964 -0.253876 -0.28307 -0.277887 -0.151698 -0.370242 -0.105291 : 0.2
0.977197 0.248293 0.945607 -1 -0.644332 -0.097237 0.386674 -0.479186 -0.337364 : 0.2
0.484297 0.24564 0.847504 -0.563034 0.0455248 -0.583813 0.156567 0.621326 -0.0584035 : 0.4
0.517076 0.290977 0.756684 -1 -0.193557 -0.359562 0.573928 0.0967503 0.387559 : 0.4
0.550583 0.37601 0.8428 -0.233879 -0.365237 -0.506399 0.281794 0.517799 -0.448668 : 0.1
0.573506 0.505696 1 -0.0281709 -0.423952 0.298545 0.643816 -0.011672 -0.345273 : 0.4
0.720049 0.271602 0.788584 -0.762452 -0.257129 -0.210025 -0.0131576 0.545218 -0.819125 : 0.3
0.560874 0.482382 0.764344 -0.275626 -0.0709975 -0.441083 0.55961 0.307857 0.00699651 : 0.2
0.648257 0.280743 0.614607 -0.993828 -0.0577827 -0.375495 0.382981 0.446721 0.0714298 : 0.6
0.552245 0.348103 0.818349 -0.852708 -0.70788 -0.628955 0.672008 0.318278 -0.0387749 : 0
0.650301 0.477186 0.748954 -0.274629 -0.278249 -0.0773672 0.748759 0.20301 0.973186 : 0.5
0.564513 0.366101 0.814978 -0.167879 -0.461295 -0.172706 0.163642 0.429258 -0.646176 : 0.3
0.663731 0.526328 0.907039 -0.80029 -0.171146 -0.160904 0.449917 0.494882 0.332536 : 0.1
0.494454 0.347375 0.698314 -1 -0.848265 -0.312831 -0.437135 0.449852 -0.522163 : 0.5
0.680146 0.369735 0.960951 0.0268199 -0.32173 -0.903415 0.0233248 -0.464947 -0.0121891 : 0.6
0.932473 0.471526 0.891556 0.0571465 -0.270383 -0.21491 0.42587 0.761344 -0.0777052 : 0.5
0.579062 0.186211 0.809807 -0.820507 -0.214763 -0.499948 0.476033 0.246599 -0.0903706 : 0.2
0.679827 0.038587 0.87272 -0.261796 0.111735 -0.253583 0.1291 0.853949 -0.628314 : 0.2
0.619217 0.489722 1 -0.568671 -0.36613 -0.0684752 -0.392448 0.163955 -0.159858 : 0.5
0.694944 0.468699 0.77389 -0.726982 -0.530299 -0.76263 0.693025 0.302743 -0.0970345 : 0.6
0.406871 0.129669 0.687307 -0.217915 0.0440982 -0.201638 1 -0.280556 0.907861 : 0.3
0.493901 0.335495 0.836893 -0.406279 -0.353536 -0.364248 0.384142 0.390514 0.105343 : 0.3
0.571763 0.19527 0.866347 -0.402097 -0.306688 -0.327615 1 0.177984 0.133274 : 0.5
0.634892 0.355747 0.732996 -0.173944 -0.134813 -0.459055 -0.581246 0.583277 0.318169 : 0.1
0.647888 0.351809 0.787612 -0.319359 -0.243772 -0.46739 0.314231 -1 0.0504116 : 0.4
0.82957 0.381022 0.744588 -0.37158 -0.211817 -0.921898 -0.0404327 0.123226 -0.168341 : 0.5
0.481854 0.591159 0.672764 -0.92596 -0.240417 -0.484765 0.489373 0.391973 0.594959 : 0.2
0.506472 0.591668 0.982418 -0.975642 -0.206266 -0.0464922 -0.500213 -0.3956 -0.40542 : 0.1
0.566062 0.590122 0.891203 -0.235028 -0.167839 -0.0991874 0.858643 -0.40812 -0.404569 : 0.4
0.594844 0.302362 0.994754 -0.469187 -0.286782 -0.365547 0.641204 -0.137649 0.792404 : 0.4
0.576654 0.446722 0.770222 -0.54622 -0.149266 -0.189105 0.921195 0.142561 1 : 0.2
0.726597 0.444548 0.979539 -0.905345 -0.522117 -0.454548 -0.00939232 0.181589 0.255603 : 0.2
0.413173 0.764787 0.845012 -1 -0.392003 -0.576613 0.0142761 -0.00368106 0.0986148 : 0.3
0.535399 0.331911 0.853585 -0.430002 -0.201 -0.0955172 1 -0.108271 -1 : 0.3
0.766925 0.259033 0.819425 -0.569139 -0.334002 -0.730278 0.562478 0.778379 -0.442841 : 0.4
0.607234 0.666879 0.894769 -0.650825 0.331318 -0.327933 1 0.67854 1 : 0.4
0.764393 0.387762 0.695299 -0.178187 0.433645 0.130575 1 0.34123 1 : 0.4
0.674906 0.330545 0.705355 -0.697457 -0.0654009 -0.313198 0.172769 0.435424 -0.826229 : 0.5
0.468409 0.321104 0.751338 0.169203 -0.0747095 -0.157347 0.614726 0.0799662 -0.269884 : 0.7
0.5726 0.386749 0.800433 -0.933903 -0.228976 -0.21474 0.147106 0.556723 0.116779 : 0.2
0.702167 0.611804 0.788869 -1 0.349882 -0.456598 0.414144 1 0.0646998 : 0.4
0.794689 0.493664 0.897508 0.092909 0.0948839 0.522056 0.418945 0.102881 0.174249 : 0.6
0.472457 0.376268 0.837847 -0.948161 -0.128171 -0.264663 1 0.0560321 0.371457 : 0.2
0.685801 0.392834 0.845484 -0.265887 -0.0110383 -0.601717 0.588025 0.538701 0.820845 : 0.2
0.575092 0.355876 0.864483 -0.267778 -0.699658 -0.57951 1 0.566855 0.752631 : 0.4
0.64186 0.537581 0.766501 0.00283051 -0.397815 -0.0633399 0.144978 0.467114 0.338374 : 0.4
0.664135 0.391594 0.812606 -0.852687 -0.339346 -0.323462 1 0.311108 0.985183 : 0.2
0.638667 0.359773 0.807001 -0.218458 -0.323993 -0.408822 0.447895 -0.824261 -0.443266 : 0.4
0.702144 0.290866 1 -0.518302 0.023097 -0.296925 0.214624 0.217691 0.0579625 : 0.3
0.517167 0.36639 0.868801 -0.668711 0.0331509 -1 0.160477 0.557333 -0.32912 : 0.8
0.567787 0.448955 0.987242 -0.388157 -0.0920524 -0.332349 0.921393 -0.64986 0.91455 : 0.6
0.547264 0.453191 0.848983 -0.502538 -0.216313 -0.0480468 0.336473 0.262499 1 : 0.7
0.758493 0.399269 0.790725 -0.254276 -0.156662 -0.427244 0.00514489 0.525253 1 : 0.6
0.808924 0.224294 0.808705 -1 -0.235392 -0.702852 0.711119 0.25952 1 : 0.6
0.644762 0.378671 0.825735 -0.734883 -0.243485 -0.884703 0.678135 0.371196 -0.176876 : 0.6
0.666292 0.541417 0.771996 -1 0.0161586 -0.577005 -1 -0.603421 0.508069 : 0.5
0.693271 0.381107 0.81706 -1 -0.209127 -0.0771928 1 -0.176642 0.834001 : 0.5
0.488159 0.337093 0.905781 -0.608683 -0.210955 -0.0572413 0.330298 -0.323215 0.766716 : 0.5
0.696049 0.322086 0.967862 -0.213788 -0.500589 -0.246857 0.354482 -1 -0.279666 : 0.6
0.610725 0.456472 0.701444 -0.0852481 0.0924901 -0.685724 0.341664 -0.0233406 0.485254 : 0.4
0.921267 0.323711 0.698819 -0.512667 -0.118596 -0.306091 0.0356775 0.39648 -0.356044 : 0.6
0.641518 0.375788 0.777798 -0.055228 -0.389509 -0.541276 -0.0573035 0.84918 -0.21486 : 0.1
0.579041 0.417462 1 -0.949701 -0.202451 -0.0522911 0.605187 -0.0333622 0.467178 : 0.1
0.707556 0.44198 0.761099 -0.616393 -0.937045 -0.159058 0.536193 0.0544149 0.600849 : 0.2
0.523197 0.384532 1 -0.728618 -0.210222 -0.534112 0.172798 0.546851 -0.29786 : 0.4
0.678841 0.306966 0.960071 -0.377233 -0.452972 -0.35793 0.309487 0.177841 0.362577 : 0.2
0.592924 0.586524 0.735389 -0.468016 -0.576489 0.22082 0.363547 -0.342534 0.785951 : 0.4
0.36102 0.689196 0.900323 -0.281671 -0.229491 -0.194712 0.94556 0.390182 -0.128844 : 0.4
0.69299 0.442132 1 -0.374832 -0.531895 -0.328835 0.508152 0.57548 -0.106244 : 0.6
0.496486 0.383581 0.771268 -0.628043 -0.258691 -0.413789 0.232836 0.0838393 0.26152 : 0.7
0.595346 0.137582 0.858445 0.350052 -0.430172 -0.525278 0.860794 -0.0578919 -0.0460553 : 0.7
0.578636 0.537538 0.854491 -0.921943 -0.653018 -0.425635 0.705254 0.385311 -0.503721 : 0.5
0.671172 0.305171 0.825455 -0.461561 -0.541625 -0.402128 0.889105 -0.0617242 0.969257 : 0.4
0.632285 0.490685 0.972304 -0.0552709 0.00608797 -0.499386 0.629317 0.430071 0.112091 : 0.8
0.551062 0.244793 0.812335 -0.526786 -0.255178 -0.561352 -0.148429 0.612736 0.851195 : 0.3
0.638129 0.76708 0.768112 -0.25065 -0.18385 -0.201368 0.470922 0.259697 -0.541915 : 0.2
0.559117 0.446025 0.807428 -0.721166 0.870542 -0.2353 0.852428 0.189339 0.209301 : 0.3
1 0.595177 0.806249 -0.350743 -0.286112 -0.291349 0.743467 -0.204665 0.315306 : 0.5
0.642528 0.351558 0.809344 -0.763893 -0.60176 -0.055334 1 -0.13308 -0.219446 : 0.4
0.606645 0.480154 0.779271 -0.675161 -0.0343963 -0.669752 0.514479 -0.0472929 0.413796 : 0.2
0.670466 0.405908 0.763282 -0.539173 -0.493392 -0.341427 0.83356 0.491714 0.423372 : 0.6
0.674209 0.471266 0.835253 -0.419585 -0.279801 -0.473878 0.11 0.392339 0.477301 : 0.1
0.578524 0.549241 0.923876 -1 -0.480581 -0.397937 1 0.274252 -0.767333 : 0.3
0.57644 0.346811 0.898046 -0.350441 0.299279 -0.399334 0.172008 0.420715 -0.25244 : 0.4
0.73225 0.290221 0.870737 -0.668684 -0.103261 -0.165148 0.540047 0.282981 0.0271925 : 0.7
0.686408 0.752245 0.801866 -0.152635 0.00979836 -0.596247 0.538587 -0.021755 -0.235394 : 0.3
0.668672 0.435181 0.768646 -0.604379 -0.382132 -1 0.144026 0.356656 0.311619 : 0.6
0.58086 0.674635 0.789489 -0.887153 -0.204542 -0.35964 0.647876 0.051881 -0.362504 : 0.2
0.613015 0.550878 0.813793 -0.781496 -0.031447 0.147304 0.451557 1 -0.126603 : 0.6
0.650093 0.521453 0.88417 -0.11294 -0.377922 -0.284243 0.351285 1 -0.580382 : 0.3
0.655723 0.437267 0.795672 -0.711024 -0.32295 0.0797136 0.660499 -0.66997 -0.179217 : 0.6
0.67134 0.481367 0.733281 -0.729536 -0.27038 0.27361 1 -0.744119 -0.299662 : 0.3
0.646177 0.406128 0.740279 -0.63618 -0.281606 -0.431258 0.94105 0.787555 0.535875 : 0.3
0.691934 0.457599 0.882682 -0.769363 -0.197583 0.236244 -0.324311 -0.793928 0.0308555 : 0.2
0.660785 0.42524 0.913774 -0.721031 -0.0555653 0.390237 0.376624 0.696922 -0.274741 : 0.6
0.704088 0.362655 0.892578 -0.948261 -0.507112 -0.538579 0.339205 -0.0833912 -0.0728294 : 0.2
0.576782 0.46459 0.74322 -1 -0.163485 -0.324322 0.403689 0.169983 -0.0996224 : 0.3
0.583308 0.396472 0.861136 0.0983443 -0.199503 -0.13823 -0.0714792 0.405764 -0.527244 : 0.6
0.611795 0.334188 0.801214 -0.0813856 0.270734 -0.362728 -0.871718 0.618962 -0.585702 : 0.2
0.592646 1 0.947976 -1 -0.110103 -0.425469 -0.410045 0.167774 0.0258555 : 0.6
0.532802 0.375005 0.619545 -0.278423 -0.143712 -0.378851 0.27036 0.315826 0.22499 : 0.6
0.952592 0.698176 0.871215 -0.489303 -0.13756 -0.185412 0.653098 -0.309668 0.165711 : 0.3
0.829916 0.477681 0.82451 -0.604163 -0.550838 -0.032813 0.147796 0.144452 -0.024573 : 0.7
0.498447 0.566589 0.85114 0.289676 -0.682038 -0.479694 0.299515 0.295284 -0.442133 : 0.3
0.722458 0.489502 0.722502 -0.150612 -0.367803 -0.617116 -0.481503 0.556387 -0.108276 : 0.5
0.574618 0.319714 0.71278 -0.614405 -0.0723788 -0.368874 0.1076 0.399277 -0.398014 : 0.3
0.538998 0.416015 0.824389 -0.131981 -0.480276 -0.732629 0.677687 0.948049 -0.485619 : 0.6
0.654899 0.317391 0.95992 -0.297036 -0.0101554 -0.242307 0.0835605 0.217475 -0.302788 : 0.4
0.397777 0.411869 1 -1 -0.0757145 -0.392488 -0.28746 -0.0612074 0.130178 : 0.2
0.561347 0.330189 0.773495 -0.273184 -0.305645 -0.333835 0.750284 0.346558 0.998781 : 0.5
0.521627 0.487657 0.860715 -0.457332 -0.383125 -0.296474 1 0.498846 0.094172 : 0.7
0.49797 0.234939 0.727715 -0.544382 -0.388023 -0.0900424 1 0.42414 0.556691 : 0.1
0.785745 0.430039 0.809792 -0.594071 -0.369048 -0.471179 0.0963833 -0.589407 0.42064 : 0.3
0.538648 0.337164 1 -0.0684018 -0.486995 -0.809452 0.0275226 0.230144 -0.328958 : 0.3
0.631226 0.377451 0.68102 -0.800414 -0.243796 -0.967166 0.187482 0.508175 0.747164 : 0.1
0.846 0.703639 0.922384 -0.237893 -0.151324 -0.25329 0.29534 0.238902 -0.131864 : 0.5
0.788715 0.416416 0.795485 -0.598232 0.0683831 -0.047214 0.626409 -0.0449075 0.250177 : 0.2
0.698804 0.283617 0.869038 -0.753488 -0.353712 -0.277262 1 0.322901 -0.335379 : 0.4
0.784541 0.476376 0.553904 -0.530501 -0.303186 -0.462598 0.394506 0.480585 0.526687 : 0.5
0.759283 0.343309 0.674734 -0.524446 0.00288271 -0.217019 0.849072 -0.112653 1 : 0.3
0.53874 0.639309 0.944901 -1 0.32829 -0.555178 0.756662 0.264863 0.297465 : 0.6
0.393176 0.360928 0.782975 -0.744736 -0.29806 -0.121216 0.346679 -0.97328 0.399304 : 0.2
0.759457 0.31839 0.885951 -0.933618 -0.192243 -0.468641 0.529949 -0.319886 -0.513491 : 0.5
0.468391 0.421437 0.85905 -0.214891 -0.427519 -0.694518 0.63984 -0.680298 0.166709 : 0.1
0.614392 0.39949 0.857045 -0.442133 -0.153257 -0.359618 -0.40168 0.273358 0.208404 : 0.3
0.591231 0.575205 0.965457 -0.900639 -0.0963546 -0.359366 -0.20404 0.057663 0.45888 : 0.3
0.538009 0.360754 0.774273 -0.297098 -0.471602 -0.742282 0.317654 0.225625 -0.0410584 : 0.3
0.643586 0.431384 0.757227 -1 -1 -0.441103 0.798169 0.509856 0.250914 : 0.2
0.602407 0.274147 0.978926 -0.220394 -0.126109 -0.280539 0.287527 0.673156 0.283288 : 0.3
0.597457 0.480101 0.889722 -0.52712 0.494401 -0.529232 0.61818 0.546227 0.538864 : 0.7
0.579613 0.388646 0.921843 -0.883267 0.335304 -0.681152 0.481721 -0.250528 0.0125515 : 0.6
0.491093 0.43692 0.638153 -0.995049 -0.40891 -0.301241 0.730713 0.452717 -0.984653 : 0.1
0.535671 0.408464 1 -1 -0.191374 -0.140504 0.0319217 0.355186 0.0763817 : 0.6
1 0.388523 1 -0.779768 -0.476516 -0.500131 1 -0.15195 0.639337 : 0.3
0.740108 0.317837 0.90852 -0.561962 0.253181 -0.375957 -0.0763138 1 0.586288 : 0.6
0.710887 0.344798 0.878508 -0.784351 -1 -0.117134 0.274443 0.0865605 0.161403 : 0.5
0.63241 0.412248 0.774338 -0.52137 -0.155315 -0.634222 0.156941 0.485651 0.182446 : 0.2
0.801743 0.452002 0.810035 -0.757366 -0.829769 -0.204938 -0.213196 -0.345861 0.403533 : 0.6
0.653417 0.418196 0.814168 -0.652143 -0.55762 0.141515 1 0.362674 0.931153 : 0.3
0.583292 0.481142 0.765717 -0.614064 -0.233663 -0.514196 0.546045 0.320562 -0.0712206 : 0.5
0.678189 0.420838 0.786285 -0.655559 -0.00457488 0.0990569 0.675584 -0.155648 -0.103625 : 0.5
0.623959 0.436491 0.818469 -0.517494 -0.145728 0.0284221 0.840769 1 -1 : 0.5
0.524723 0.490953 0.818803 -0.985269 -0.442144 -0.4629 -0.470529 0.526074 0.220874 : 0.4
0.563009 0.227732 0.818183 -0.325526 -0.203455 -0.797703 0.493179 0.19139 1 : 0.2
0.528719 0.278234 0.944175 -0.622779 0.123416 0.0853459 0.815992 0.790365 0.0153122 : 0.5
0.624101 0.482141 0.756494 -0.50361 -0.127868 -0.162391 0.50398 0.392843 -0.27188 : 0.6
0.581375 0.0717392 0.841664 -1 -0.375556 -0.467388 0.566878 -0.0848598 -0.49055 : 0.4
0.548741 0.284601 0.823865 -0.283645 -0.12532 -0.475054 -1 0.13841 0.0686237 : 0.3
0.738003 0.543937 1 -0.710001 -0.391436 0.0426458 0.152987 0.902315 0.429524 : 0.6
0.495491 0.691584 0.781656 -0.178758 -0.205049 -0.0666232 0.581504 0.523695 -0.623768 : 0.1
0.77048 0.424944 0.948749 0.90588 -0.225564 -0.0945034 -0.141798 0.702002 0.43918 : 0.5
0.680651 0.60685 0.681929 -0.845315 -0.59161 -0.0420863 0.584359 0.778713 0.00949494 : 0.3
0.60465 0.604559 0.76132 -0.192366 -0.144624 -0.126348 0.744227 -0.361886 -0.588255 : 0.4
1 0.582938 0.639938 0.00441897 -0.466344 -0.368665 -0.432775 0.415238 -0.546194 : 0.2
0.925117 0.398372 0.992989 0.0810782 -0.913978 -0.59866 -0.35152 -0.748758 0.354335 : 0.3
0.611173 0.556345 0.83821 -0.278215 -0.908466 0.176765 0.813197 -0.0446995 -0.366542 : 0.4
0.640123 0.308129 1 -1 -0.305833 -0.585177 -0.3299 0.0531641 -0.385194 : 0.7
0.82049 0.829249 1 -0.575462 -0.188923 -0.0302064 0.688405 0.288184 0.16647 : 0.6
0.65664 0.453349 0.68505 -0.262774 0.228348 -0.653097 0.516894 -0.890955 0.31592 : 0.3
0.50899 0.485268 0.866759 -0.938788 -0.786959 -0.0190634 0.651908 0.938023 -0.0291244 : 0.1
0.568662 0.508018 0.858854 -0.70902 -0.360726 -0.840328 0.417267 -0.00996619 0.559614 : 0.7
0.542195 0.387451 0.720214 -0.133972 0.618356 -0.483019 0.473081 0.0339706 0.220033 : 0.3
0.62099 0.774304 0.889428 -0.688974 -0.345094 -0.263207 -0.529565 0.386043 0.711458 : 0.5
0.479134 0.524197 0.843129 -0.932827 -0.462722 -0.288539 0.858729 -0.303948 -0.77282 : 0.4
0.43263 0.22268 0.784396 -0.287363 -0.0361061 -0.50042 0.248685 0.974375 0.213648 : 0.6
0.549949 0.378591 0.798225 -0.185013 -0.566619 -0.23508 0.751926 -0.563312 -0.314726 : 0.6
0.522131 0.628128 0.799953 -0.267898 0.279835 -0.355914 0.728436 0.211916 -0.169945 : 0.4
0.612108 0.58574 1 0.401739 -0.895451 -0.080466 0.164267 0.500825 -0.267349 : 0.7
0.701543 0.423196 0.879085 -0.630848 -0.156827 -0.0777164 0.127716 -0.688031 -0.322975 : 0.1
0.435575 0.293958 0.8731 -0.335807 -0.12206 0.0298262 0.639489 0.502431 0.697182 : 0.4
0.571275 0.437263 0.882751 -0.572474 0.229642 0.0498796 0.183999 0.502192 -0.245389 : 0.5
0.642907 0.363475 1 -0.380434 -0.20924 0.0364296 0.940899 -1 -0.0832514 : 0.3
0.522628 0.364912 0.678896 -0.261781 0.0432786 -0.387589 -0.536238 0.696121 0.627128 : 0.4
0.613236 0.422363 0.721035 -0.215335 -0.399654 -0.258609 0.72476 0.202971 -0.331838 : 0.5
0.640579 0.587176 1 -0.271759 -0.382119 -0.0854424 0.475928 0.0228243 0.631808 : 0.5
0.585421 0.418694 0.578558 -0.00462621 0.0441089 0.0617304 0.750721 0.117058 0.0265753 : 0.3
0.684344 0.433388 0.972315 -0.370207 0.362704 -0.0856952 0.738175 0.169165 -0.0068672 : 0.5
0.604584 0.267043 0.826184 -0.242085 -0.380875 -0.535622 0.0975029 0.602949 0.139341 : 0.4
0.587135 0.444551 0.75115 0.27933 -0.445951 -0.674272 0.645722 0.348143 -0.00669283 : 0.1
0.454245 0.354831 0.759851 -0.824622 -0.174284 0.418554 0.295755 -0.715674 -0.206842 : 0.2
0.673249 0.373964 0.967234 -0.680464 -0.137622 0.244196 1 1 -0.184664 : 0.6
0.523058 0.392081 0.901852 -0.818565 -0.139693 -0.496507 0.401686 0.0995319 -0.0786391 : 0.5
0.404507 0.399562 0.898617 -0.486177 -0.374501 -0.0699609 -1 0.905179 0.0171152 : 0.5
0.690316 0.332277 0.987716 -1 0.0133077 -0.604393 0.192398 -0.459276 -0.748463 : 0.3
0.651092 0.34707 0.984649 -0.526945 -0.266536 -0.0174876 0.150301 0.15333 -0.135059 : 0.4
0.596841 0.4216 0.693408 0.0334822 -0.285132 -0.378554 -0.347558 -0.431902 -0.327541 : 0.6
0.649157 0.371881 0.833734 0.0237 -0.567963 -0.491004 0.279407 -0.503353 -0.0507465 : 0.7
0.637103 0.344672 0.748886 -0.831328 -0.377742 0.122055 1 0.321257 0.447744 : 0.3
0.593366 0.37136 0.96132 -0.660949 -0.261237 -0.142433 0.308486 -0.305933 -0.065968 : 0.3
0.688849 0.220654 0.93583 -0.917057 -0.022435 -0.461411 0.973662 0.718594 0.135145 : 0.3
0.542029 0.373148 0.856516 -0.740695 -0.134178 -0.617084 0.398338 -0.319893 0.107755 : 0.4
0.540901 0.408916 0.524432 -1 -0.470696 -0.513635 0.475107 -0.268032 0.61889 : 0.2
0.695042 0.264046 0.866527 -0.655469 -0.0615915 -0.935671 0.101191 0.332703 0.831325 : 0.4
0.618316 0.588321 0.900251 -0.185352 -0.689531 -0.396786 0.2478 0.186159 -0.801629 : 0.5
0.619881 0.536334 0.989516 -1 -0.135457 -0.419009 0.028802 0.293224 -0.446354 : 0.1
0.831065 0.495605 0.769781 -0.291283 -0.245706 0.149153 0.0618636 0.376251 -1 : 0.3
0.57744 0.527748 0.621647 -0.348808 -1 0.0846659 0.0652508 -0.623161 0.236596 : 0.3
0.453293 0.432268 0.953586 -0.396757 -0.814758 -0.606247 0.948717 -1 0.2443 : 0.5
0.761634 0.173272 1 -0.728456 0.262284 -0.406607 0.62692 -0.165939 1 : 0.6
0.588098 0.402186 0.725425 0.192123 -0.49366 -0.529501 0.328586 0.447073 -0.263274 : 0.5
0.850581 0.401111 0.837849 -0.429939 -0.456485 -0.833336 0.336173 0.505912 0.322602 : 0.3
0.526357 0.650545 0.782119 -0.434238 -0.530569 -0.268671 0.191531 0.0688498 0.239572 : 0.6
0.630043 0.721382 0.673442 -0.519831 -0.211298 -0.26186 0.451551 0.251688 -0.197393 : 0.7
0.6944 0.558065 0.82186 -0.0288825 -0.0101586 -0.4148 0.0990762 0.168022 -0.713646 : 0.4
0.602845 0.282313 1 -0.674285 -0.310885 -0.113327 0.2096 -1 0.439359 : 0.2
0.718648 0.969259 0.988718 -1 -0.268725 -0.260151 0.0438879 0.213432 0.669332 : 0.3
0.512746 0.54598 1 -0.53636 -0.385575 -0.483374 0.238008 0.338531 0.43112 : 0.4
0.574219 0.444299 0.723051 0.333341 -0.044943 -0.828159 0.381412 0.474873 -0.20902 : 0.5
0.695101 0.539165 0.829125 -0.11061 -0.474594 -0.480957 0.101191 0.430196 0.614197 : 0.3
0.56143 0.473044 0.764136 0.0650768 -0.524692 -0.419725 0.252601 0.473873 1 : 0.4
0.627632 0.83038 0.894377 0.0419468 -0.0679415 -0.294103 0.39705 0.134495 -0.268829 : 0.1
0.648245 0.467467 0.804092 -0.686774 -0.0122355 0.15138 0.577469 -0.357217 -0.120665 : 0.6
0.547931 0.465056 0.767922 -0.891364 -0.699878 -0.473514 0.860087 0.364934 0.256803 : 0.2
0.669537 0.336207 0.98863 -0.171071 -0.339325 -0.332795 0.472904 -0.655434 -0.506194 : 0.3
0.580438 0.317186 0.817421 -0.0726717 -0.38419 -0.549251 0.532589 0.0304827 0.489482 : 0.5
0.461921 0.41385 0.400057 -0.948663 -0.251871 -0.448099 0.340131 0.126569 -0.458169 : 0
0.616084 0.233616 0.918938 -0.992878 -0.934635 -0.465575 0.519775 0.515666 0.436583 : 0.4
0.437012 -0.0315338 0.781537 -0.758174 -0.367266 0.132644 -0.287028 -0.0247697 -0.274028 : 0.1
0.604538 0.457658 0.934685 -0.651933 0.127687 -0.495965 0.805316 0.967387 1 : 0.2
0.588812 0.512622 0.844581 0.437005 1 -0.662514 0.10857 0.436094 0.854913 : 0.3
0.685263 0.573374 0.648306 -0.62543 -0.154538 -0.257513 0.864118 0.127296 -0.0239282 : 0.3
0.695329 0.534614 0.885952 0.0564927 -0.125339 -0.188441 0.125117 0.256656 0.62511 : 0.4
0.565045 0.0772756 0.828453 -0.5601 -0.698442 0.24861 -0.180192 -0.218412 -0.226432 : 0.1
0.696573 0.470301 0.837819 -0.11503 -0.40404 -0.751866 -0.0244403 -0.44343 0.548448 : 0.5
0.5881 0.49572 0.80806 -0.271454 -0.124548 -0.211464 -0.0186885 -0.0659686 -1 : 0.5
0.460203 0.360151 0.828307 -0.601395 -0.247801 0.00349298 0.640683 -0.73354 -0.0397956 : 0.5
0.577809 0.538579 0.895966 -0.767166 -0.0845127 -0.451973 0.61954 0.140423 -0.0624959 : 0.6
1 0.47538 0.72559 -1 -0.111209 -0.0984411 0.580004 0.109592 0.859365 : 0.2
0.700641 0.315011 0.931767 -0.145064 -0.37522 -1 0.0440645 -0.392407 0.659579 : 0.4
0.565619 0.342343 0.777459 -0.865246 -0.265124 0.088458 0.238565 -0.194495 -0.043793 : 0.2
0.667141 0.458904 0.630934 -0.104418 -0.018768 -0.318696 0.382616 0.00140038 1 : 0.3
0.65356 0.470448 0.738113 -1 -0.0110163 -0.347657 0.742104 -1 -0.0631171 : 0.5
0.626377 0.397138 0.739609 -0.586448 -0.41604 -0.574032 -0.640722 0.568034 0.530619 : 0.5
0.544771 0.343343 0.790747 -0.765218 -0.159578 -0.323757 -0.530959 0.21327 0.349439 : 0.5
0.582732 0.531211 0.71953 -1 -0.367139 -0.243407 0.595613 0.886096 0.433259 : 0.5
0.674305 0.630986 0.929807 -0.88982 -0.216535 -0.179966 0.306003 0.0504208 -0.22585 : 0.3
0.594121 0.504309 0.952363 -0.127231 0.570377 -0.376094 0.883337 -1 -0.367924 : 0.4
0.591552 0.439917 1 -0.175229 -0.282259 0.235192 1 -0.207529 -0.282528 : 0.7
0.611367 0.330309 0.993753 -0.877864 -0.71752 -0.00981992 1 0.332793 -0.640161 : 0.3
0.561647 0.439031 0.877204 -0.793251 -0.471274 -0.217748 -0.238648 0.342701 -0.824445 : 0.5
0.872048 0.409926 0.886558 -0.136123 -0.522943 -1 0.366403 -0.0531877 0.448416 : 0
0.578725 0.370147 0.746031 -0.565017 -0.235119 -0.506272 0.114185 0.433406 -0.369624 : 0.1
0.953835 0.345653 0.819197 -0.878683 -0.169273 -0.476952 0.238875 -0.603861 0.373792 : 0.3
0.517344 0.403399 0.793278 -0.0658514 -0.370033 -0.533482 0.177539 -0.568324 0.24267 : 0.7
0.564714 0.427499 0.933168 -0.71989 -0.26565 -0.185512 0.218665 0.714608 1 : 0.4
0.573882 0.392288 0.799795 0.00379765 -0.626469 -0.652795 -0.303315 0.333717 0.0207623 : 0.5
0.542773 0.43768 0.948485 -0.703805 0.0484913 -0.518999 0.301061 0.380312 0.120632 : 0.4
1 0.480374 0.871236 -0.69771 -0.435483 -0.444278 0.653143 0.149051 -0.155773 : 0.3
0.854765 0.336062 0.804217 -0.266729 -0.190416 -0.157023 -0.239678 0.531272 0.549849 : 0.4
0.46486 0.382257 0.763028 -0.697339 -0.310698 0.0104128 0.0053573 -0.433494 -0.0251519 : 0.6
0.659288 0.379691 0.695084 -0.53842 -0.511647 0.0860403 0.739813 0.523319 -0.761502 : 0.5
0.621279 0.813997 0.942374 -0.301663 -0.30227 0.133149 0.257076 0.029191 0.292765 : 0.4
0.576323 0.412129 0.989229 -0.642946 -0.118266 -0.552644 0.602596 -0.0496695 0.125051 : 0.7
0.913236 0.541026 0.772723 -1 -0.330081 -0.0980722 0.158543 0.272323 -0.17802 : 0.5
0.559201 0.54893 1 -0.529965 -0.0945141 -0.720059 -0.0532792 0.516574 -0.390606 : 0.3
0.728362 0.440232 0.903223 0.5847 -0.100583 -0.231982 0.676274 0.572008 0.151587 : 0.6
0.654838 0.438016 0.755633 -0.236798 -0.0185593 0.568526 0.305784 0.563618 -0.234653 : 0.3
0.535391 0.545257 0.817347 -0.0054474 -0.428709 -0.395342 0.479554 0.24048 -0.20487 : 0.5
0.476953 0.343872 0.725991 -0.641266 -0.199891 -0.255324 0.600862 0.127104 -0.354455 : 0.5
0.689028 0.567854 0.784795 -0.671684 -0.0468595 -0.137618 0.792494 0.301955 0.296236 : 0.3
0.8283 0.478717 0.978372 -0.672335 0.0799985 -0.116334 -0.37924 0.1463 -0.418366 : 0.3
0.688135 0.472107 0.855174 -0.787522 -0.492096 0.226528 -0.19043 0.185109 0.38748 : 0.1
0.611724 0.602297 0.725854 -0.405759 -0.41777 -0.218001 0.858633 -0.136586 0.239208 : 0.1
0.626901 0.290811 0.862149 -0.728776 0.0593557 -0.10353 0.835752 -0.275607 -0.665999 : 0.3
0.527885 0.434651 0.826476 -0.643967 -0.26881 -0.599185 0.194135 0.273036 -0.596081 : 0.4
0.571429 0.639941 0.857283 -0.265632 -0.0586269 -0.357583 -0.375174 -0.0659601 0.736049 : 0.4
0.780325 0.373981 0.801955 -0.300044 0.163291 -0.150306 1 -0.0419891 -1 : 0.5
0.679532 0.387742 0.813346 -0.751538 -0.578134 0.179792 1 0.399686 1 : 0.5
0.613906 0.431888 0.891458 -0.755485 -0.220236 -0.130057 0.977775 0.40966 0.142939 : 0.7
0.658989 0.629148 0.872767 -0.144974 -0.188849 -0.110782 0.250621 -0.508163 -0.642205 : 0.3
0.479348 0.401368 0.809298 -0.693003 -0.300995 -0.585952 0.33943 1 -0.0588459 : 0.4
0.597334 0.40424 0.532541 -0.639984 -0.51003 -0.397527 -0.180637 -0.0862225 0.730514 : 0.7
0.820244 0.468923 0.952022 -0.48627 -0.0149402 0.0474983 -0.0481993 0.783076 0.5507 : 0.6
0.481436 0.351203 0.837544 -0.738985 -0.421006 -0.468116 0.446704 0.439714 -0.169576 : 0.4
0.640956 0.562114 0.829064 -0.786645 -0.254464 -0.608199 0.220831 -0.0974552 0.0803436 : 0.4
0.722023 0.406531 0.7362 -0.432466 -0.561019 -0.455727 0.995897 0.907369 1 : 0.7
0.473466 0.591304 0.594984 -1 -0.133293 -0.19258 0.525013 -0.197807 0.341667 : 0.5
0.81083 0.458102 0.727849 -0.741719 -0.357112 0.064252 0.357408 -0.347107 0.631084 : 0.3
1 0.368139 0.994823 0.0485445 -0.647788 0.0957856 0.186382 0.0531363 0.482928 : 0.4
0.521413 0.245669 0.86125 -0.252969 -0.0137211 -0.397909 0.453922 0.371851 0.929466 : 0.5
0.576473 0.437743 0.897596 -0.227482 -0.601014 -0.489735 0.100711 0.248979 0.53059 : 0.3
0.552373 0.609839 0.545041 -1 -0.746947 -0.342597 0.108248 0.452801 0.224346 : 0.5
0.693021 0.462787 0.945255 -0.235701 -0.194233 -0.442619 0.0274794 -0.137743 -0.0161878 : 0.6
0.649211 0.57092 0.955281 0.259195 -0.11917 -1 0.2724 0.788062 0.0378235 : 0.5
0.297191 0.366957 0.879573 -0.449232 -0.161479 -0.219548 0.00714439 0.0859894 -0.267752 : 0
0.655117 0.494709 0.829764 -0.4794 -0.175199 -1 -0.76232 -0.0817901 0.437488 : 0.2
0.57857 0.452796 0.978291 -1 -0.484996 -0.556356 0.674587 0.190003 -0.0497557 : 0.4
0.642992 1 0.9195 -0.378375 -0.125071 -0.0918161 -0.098856 0.229543 -0.0612035 : 0.4
0.664944 0.379538 0.790531 -0.632783 -0.119255 0.348813 0.143209 -0.0492438 0.464637 : 0.4
0.579649 0.386499 0.765935 -0.779697 -0.603017 -0.380948 -0.198117 0.533041 0.00891721 : 0.5
0.67488 0.492714 1 -0.395617 0.655749 -0.130417 0.246631 -1 -0.139894 : 0.6
0.557506 0.400259 0.937888 -0.172483 -0.183444 -0.405767 0.475532 0.451039 -0.515599 : 0.3
0.659688 0.67476 0.771549 -0.805454 -0.65472 0.0809242 0.00205472 0.304461 0.275158 : 0.5
0.642212 0.406193 1 -0.410636 -0.0214365 -0.513269 -0.216494 0.529032 -0.240383 : 0.6
0.81199 0.392097 0.472074 -1 -0.251293 -0.226139 0.482974 0.381557 -0.376036 : 0.6
0.50875 0.515457 0.795063 -0.0358283 -0.426812 -0.572986 0.157114 -0.636477 -0.160422 : 0.5
0.839339 0.423223 0.820967 -0.855354 -0.175623 0.232652 0.54401 0.681314 0.0222748 : 0.3
0.736403 0.527027 0.852585 -0.553795 -0.194628 -0.0155886 0.0721452 0.297576 0.158578 : 0.5
0.796371 0.56815 0.908333 -0.731328 -0.284883 -0.520825 1 0.835118 0.0873285 : 0.4
0.641232 0.520308 0.704908 -0.621002 -0.783108 0.128079 0.632039 -0.0940496 0.0900263 : 0.6
0.648891 0.247879 0.566801 -0.666073 -0.185841 -0.309822 0.438487 0.436229 -0.776854 : 0.3
0.427578 0.396759 0.663453 -0.913486 -0.136113 -0.158707 0.432193 -0.296907 0.086215 : 0.2
0.568238 0.42928 0.836152 -0.152441 -0.29252 -0.569481 0.0813965 0.511286 1 : 0.4
0.465762 0.398766 0.799993 -0.330033 -0.339407 0.0239125 0.642361 0.624346 -0.0251814 : 0.6
0.641763 0.555614 0.746815 -0.167712 -0.369606 -0.458203 0.0644631 0.239724 -0.0359851 : 0.5
0.601271 0.440576 0.972039 -0.464732 -0.222267 0.11315 -1 -0.829842 0.123243 : 0.6
0.631111 0.36258 0.940362 -0.304525 -0.649072 -0.413035 0.152848 -0.991283 -0.153433 : 0.1
0.729832 0.166822 0.977914 0.23352 -0.330309 -0.506701 -0.484835 -0.457328 -0.150055 : 0.2
0.49291 0.311808 0.8767 -0.245378 -0.316778 -0.478765 0.586372 0.166932 0.413023 : 0.3
0.509877 0.447409 0.696856 -0.12418 -0.201652 -0.32157 -0.10751 0.695935 -0.0324643 : 0.7
0.528423 0.390288 0.823387 -0.967827 -0.105131 -0.398036 0.256783 0.267392 0.809354 : 0.5
0.90991 1 0.795954 0.0384387 -0.423143 -0.270247 0.0307318 0.448523 0.810306 : 0.3
0.805601 0.846355 0.846337 -0.79364 -0.15538 -0.365494 0.710419 0.269243 0.139668 : 0.1
0.672473 0.245826 0.767033 -0.515185 -0.151505 -0.391133 0.225754 0.255278 -0.0109094 : 0.5
0.758468 0.44991 0.745474 -0.680322 -0.544904 -0.0190507 0.150968 0.857185 -0.319974 : 0.3
0.376157 0.329285 0.793907 -0.371904 -0.297952 -0.508395 0.57599 -0.189386 -0.315987 : 0.7
0.74247 0.512521 0.819264 -0.626603 0.484048 -0.331369 0.10248 -1 1 : 0.5
0.694468 0.414828 0.714574 -0.908106 -0.176652 -0.680553 0.864491 0.40535 0.160049 : 0.5
0.65572 0.43299 0.785989 -0.235521 -0.122005 -0.378355 -0.635804 0.329002 -0.672882 : 0.5
0.68366 0.313867 1 -0.739771 -0.295923 -0.313552 0.239982 0.994036 0.0949153 : 0.7
0.512101 0.366816 0.867928 -1 -0.249315 -0.50826 0.661153 0.0646675 1 : 0.2
0.480456 0.532164 1 -0.979455 -0.24703 -0.155103 0.417872 0.379256 0.347004 : 0.3
0.55922 0.399165 0.817295 -0.956333 -0.466036 -0.320746 0.221515 0.617159 -0.783544 : 0.5
0.625008 0.421694 0.824816 0.112552 -0.165174 -0.367322 0.00790429 0.196089 -1 : 0.5
0.594416 0.139203 1 -0.685694 -0.733591 0.118908 0.797079 -0.579298 0.756125 : 0.4
0.794225 0.575295 0.796363 -0.86835 -0.190529 -0.269558 -0.135396 0.388177 -0.467358 : 0.3
0.671304 0.300113 0.832291 -1 0.118434 0.0851727 -0.24748 -0.080354 0.642061 : 0.2
0.645712 0.450875 0.764506 -0.206368 -0.131447 -0.0830109 -0.204448 -0.0539033 0.239256 : 0.3
0.555401 0.315925 0.842043 -0.515573 -0.795131 -0.597143 -0.283096 -0.707057 -0.710591 : 0.4
0.594593 0.143609 0.760587 -0.68869 0.247104 0.275861 0.318458 0.596455 -0.496885 : 0.4
0.753328 0.429841 1 -0.618828 -0.0619667 0.196173 0.206491 1 -0.34693 : 0.6
0.632831 0.3904 0.857942 -1 -0.0867026 -0.305127 0.429842 0.125891 0.661049 : 0.2
0.673847 0.38434 0.812875 -0.588234 -0.468365 0.178063 0.974716 0.132826 0.272642 : 0.2
0.639398 0.411103 0.68492 -0.911599 0.170367 -0.349964 0.651899 -0.688034 0.720545 : 0.5
0.876123 0.56185 0.996805 -0.246956 -0.173857 -0.167652 -0.0619838 -1 -0.840675 : 0.4
0.519063 0.337354 0.919686 -0.509124 -0.359857 -0.620761 0.628232 0.788427 0.189338 : 0.1
0.629999 0.484713 0.713407 -0.874712 -0.122526 0.246569 0.805796 0.679344 0.290653 : 0.4
0.633837 0.744864 0.839234 0.0171856 -0.0828402 -0.0104794 0.836294 -0.421451 0.357854 : 0.7
0.691373 0.533839 0.778015 -0.369112 -0.276328 -0.274135 -0.0163155 -0.140902 -0.74697 : 0.7
0.532133 0.511471 0.820485 -0.845649 0.428114 -0.244462 0.28112 0.392918 1 : 0.6
0.605936 0.383404 0.644906 -0.630144 -0.828792 -0.105443 0.211479 0.530298 0.419513 : 0.2
0.69595 0.392303 0.728986 -0.805849 -0.576594 0.130245 0.896004 0.510114 0.161332 : 0.3
0.650408 0.13707 0.831077 -0.319675 -0.248617 -0.238627 1 0.113018 0.548698 : 0
0.609286 0.407442 0.870073 -0.232448 -0.229848 -0.30805 0.470224 0.327866 0.767696 : 0.6
0.654894 0.332894 0.862545 -0.516625 -0.283933 0.0913316 0.615244 -0.335498 0.232353 : 0.5
0.673847 0.468059 0.890172 -0.515186 -0.267542 -0.477526 -0.116519 -0.0764265 -0.123972 : 0.1
0.990144 0.688023 0.869965 0.0894955 -0.123365 -0.185264 0.595737 0.253871 -0.134125 : 0.6
0.602954 0.33592 0.848783 -0.886282 -0.565353 0.0616173 0.487917 0.434959 0.502531 : 0.5
0.657439 0.512444 0.872839 -0.756049 -0.0342067 -0.733939 0.263554 0.578221 0.191052 : 0.4
0.714023 0.247063 0.930885 -0.216721 -0.148669 -0.182744 0.865047 0.490362 0.30352 : 0.7
0.608717 0.619612 0.755294 -1 -0.575272 -0.567478 0.875404 0.310701 -0.333951 : 0.3
0.688532 0.0850028 0.720918 -0.545117 -0.735866 0.356546 0.467898 0.961405 0.348591 : 0.6
0.872408 0.440204 0.748897 -1 -0.249887 0.000124544 0.389075 0.971638 0.212889 : 0.5
0.619915 0.531211 0.949638 -0.559633 -0.120987 -0.0798806 -0.237478 -0.976583 -0.636521 : 0.6
0.652297 0.459298 0.990883 -0.685837 0.701332 0.216866 0.359556 -0.394524 -0.122329 : 0.4
0.748485 0.387107 0.740284 -0.921901 -0.545711 0.255803 0.806582 0.140984 1 : 0.6
0.707293 0.188055 0.767026 -0.264702 -0.262239 -0.200013 1 0.138555 0.565303 : 0.8
0.710273 0.377492 0.867471 -0.864283 -0.418077 -0.370753 -0.337309 0.705915 -0.778483 : 0.2
0.659754 0.24665 0.966107 -0.840277 -0.152047 -0.645791 -0.283726 -0.1179 -0.00948811 : 0.6
0.543612 0.16465 0.657999 -0.6251 -0.33871 -0.28627 0.48078 0.627939 0.378423 : 0.3
0.465746 0.445182 0.990344 -0.625712 -0.399187 0.0927568 0.259584 0.767213 -1 : 0.2
0.581601 0.193809 0.833659 -0.410298 -0.473374 -0.404321 -0.544379 0.235074 0.0639755 : 0.2
0.509156 0.17456 0.785281 -1 -0.0908696 -0.0546107 0.418816 0.260954 -0.00292771 : 0.6
0.781249 0.366682 0.792825 0.0849994 -0.139538 -0.369621 -0.0473206 -0.139809 -0.587516 : 0.6
0.510016 0.353008 0.935599 -0.153546 -0.226909 -0.153986 0.234829 0.749982 -0.157288 : 0.1
0.636385 0.524957 0.745857 -0.668717 -0.333668 -0.242816 0.241233 0.646925 -0.333466 : 0.2
0.519908 0.690524 0.954107 -0.941996 -0.192336 -0.470762 0.550804 0.107787 0.0559472 : 0.5
0.701366 0.243282 0.771038 -0.740784 -0.326656 -0.335692 0.140776 -0.527651 -0.353641 : 0.4
0.622553 0.466915 1 -0.858131 -0.299203 -0.363496 0.997367 0.247778 0.232387 : 0.3
0.588414 0.491275 0.879956 -0.650803 -0.334728 0.126467 0.645647 -0.106494 0.108476 : 0.4
0.663727 0.5874 0.9561 -0.498408 0.21687 -0.0541586 0.253869 0.182172 0.0664963 : 0.5
0.646502 0.200818 0.664586 -0.639451 -0.271769 -0.337846 1 0.0755161 0.546546 : 0.6
0.467777 0.324617 0.886283 -0.747806 -0.157439 -0.138053 0.927755 0.500238 -0.952936 : 0.5
0.560047 0.2984 0.797823 -0.592153 -0.134459 -0.399838 0.304601 0.411401 -0.00678405 : 0.4
0.664042 0.479852 0.826162 -0.583471 -0.137498 0.00411087 -0.609352 -0.0711144 0.385267 : 0.5
0.525595 0.376163 0.868463 -0.54639 -0.0728515 -0.37152 0.139661 0.231499 -0.366322 : 0.6
0.657078 0.205318 0.594053 -0.551934 -0.301228 -0.334687 0.793686 -0.0634944 0.362048 : 0.5
0.706629 0.410765 0.783078 -0.81351 -0.281387 -0.730402 0.768136 -0.334084 0.383091 : 0.3
0.482272 0.801182 0.915661 -0.138162 0.136585 -0.343583 0.336076 0.211187 0.455382 : 0.3
0.621227 0.498038 0.758555 -1 -0.189169 -0.469963 0.232988 0.348765 -0.421423 : 0.6
0.446712 0.438425 0.896511 -0.386314 -0.262561 -0.469676 -0.620474 0.501754 0.055395 : 0.7
0.627712 0.603038 0.823093 -0.435783 -0.564565 -0.622158 0.823803 -0.289275 -0.362885 : 0.2
0.67975 0.375494 0.944618 -0.61922 -0.260568 -0.645184 0.841164 0.0355949 -0.150201 : 0.5
0.54262 0.305236 0.753513 0.391826 -0.0162156 -0.185245 0.678895 0.486743 -0.52291 : 0.5
0.631974 0.621767 0.770363 -0.397215 -0.403444 -0.000562787 -0.213903 -0.407993 0.482014 : 0.5
0.985675 0.293182 0.754354 -0.106223 0.218543 -0.375558 0.270512 0.193435 0.357161 : 0.5
0.587759 0.722721 0.773523 -0.357508 -0.191489 -0.256553 0.459809 0.00696868 -0.472723 : 0.4
0.643387 0.470154 0.914877 -0.614001 -0.43459 -0.890715 0.219699 -0.28478 -0.0338356 : 0.5
0.75023 0.617027 0.719531 -0.273437 0.122711 -0.240263 0.248536 0.17107 0.000199288 : 0.3
0.606966 0.500357 0.786669 -0.993916 0.0350113 -0.501367 0.155425 0.335554 -0.0724161 : 0.7
0.515598 0.373365 0.839083 -0.74534 -0.50368 -0.262237 0.230109 -0.398819 -0.155358 : 0.4
0.632294 0.357788 0.798843 -0.408393 -0.0554405 0.211803 0.0900104 0.518642 -0.352652 : 0.7
0.681139 0.324915 1 -0.708749 -0.293098 0.220058 0.0341543 0.411944 0.795705 : 0.5
0.611792 0.418212 0.735947 -0.949639 -0.398289 -0.247657 0.927053 -0.459678 0.894939 : 0.5
0.702934 0.534218 0.969666 -0.812701 -0.627566 -0.0839539 1 -1 -0.526605 : 0.3
0.593399 0.391641 0.698035 -0.256395 -0.506729 -0.369813 0.157265 0.868111 -0.701684 : 0.4
0.765 0.468322 0.926701 -0.701173 -0.253758 -0.0853743 0.350876 -0.0451391 -0.0664993 : 0.5
0.585974 0.435847 0.83053 -0.0353093 -0.700541 -0.00349242 1 -0.16162 0.476539 : 0.4
0.570035 0.41069 0.753578 -0.703388 -0.286946 -0.320013 -0.225911 0.384521 -0.180208 : 0.3
0.63965 0.345851 0.819384 -0.505205 0.116066 -0.37464 0.359903 0.440447 0.323734 : 0.6
0.583601 0.433727 0.752627 -0.0659804 -0.0978304 -0.455784 0.358624 0.493578 -0.308414 : 0.5
0.794941 0.262094 0.998842 -0.733892 -0.281927 -0.297376 0.286897 0.709925 -1 : 0.3
0.657726 0.338912 0.815135 -0.343405 -0.404993 -0.0582604 1 -0.437452 -0.698964 : 0.4
0.550046 0.189434 0.80929 -0.0549197 -0.105722 -0.10915 0.580715 0.0473445 0.636326 : 0.3
0.551001 0.3632 0.819648 -0.286528 -0.371618 -0.474224 0.8825 -0.0848624 0.0978003 : 0.1
0.679532 0.387742 0.813346 -0.751538 -0.578134 0.179792 1 0.399686 1 : 0.9
0.634511 0.447135 0.649199 -0.0794759 -0.437223 -0.835142 0.254631 0.518935 -0.402724 : 0.5
0.672247 0.374775 0.821321 -0.629369 -0.222062 -0.705593 0.0313732 0.345262 0.040224 : 0.6
0.666382 0.556301 0.839858 -0.99459 -0.0660419 -0.63042 0.381176 0.331106 -0.70313 : 0.2
0.454089 0.424853 0.756138 -0.411808 -0.190801 -0.443727 -0.135064 0.555371 -0.0458313 : 0.5
0.690972 0.242045 0.791049 -0.266312 -0.103941 -0.380422 -0.492036 0.516346 0.141278 : 0.6
0.599051 0.349787 0.886136 -0.846181 0.0679457 -0.105855 0.513487 0.156761 0.105886 : 0.5
0.627227 0.296541 1 -0.190196 -0.0997692 -0.574104 -0.0126984 -0.345873 0.0224637 : 0.3
0.567678 0.380046 0.861676 -0.527772 0.0235004 0.464255 0.395077 1 -0.0613066 : 0.2
0.810953 0.53591 0.993514 0.0398138 0.266207 0.122655 0.493192 -1 -0.0619318 : 0.6
0.52137 0.386584 0.891396 -0.381893 -0.436946 -0.467617 0.134762 0.390082 0.127701 : 0.4
0.662748 0.485085 0.77463 -0.528352 -0.0767438 -0.567072 0.423759 -0.738979 0.27825 : 0.5
0.894856 0.397185 1 -0.333919 -0.790439 -0.648459 0.365083 -0.848141 0.800022 : 0.3
0.639493 0.346931 0.690875 -1 -0.328414 -0.368973 0.641843 0.825285 -0.210855 : 0.3
0.455852 0.323495 0.686632 0.205197 -0.310925 -0.228736 0.592529 1 -0.285485 : 0.4
0.623021 0.543355 0.927315 -0.851486 -0.171684 -0.875155 0.383622 0.417142 0.0565065 : 0.4
0.827785 0.436162 0.811874 -0.196212 -0.261853 0.129348 0.676786 0.499893 -0.638001 : 0.3
0.557328 0.304207 0.95597 -0.969371 -1 -0.646681 0.410752 -0.0478942 0.3879 : 0.6
0.660438 0.462938 0.844432 -0.48096 -0.277512 -0.526351 0.13768 -0.0556591 -0.169743 : 0.3
0.446122 0.434533 0.720729 -0.546557 -0.547413 0.459862 0.262743 0.388298 -0.350281 : 0.3
0.695299 0.381528 0.820216 -0.363863 0.00999898 -0.677675 0.219806 -0.195647 0.110001 : 0.7
0.498269 0.401456 0.735771 -0.19642 0.0487506 -0.367724 -0.51316 0.305254 0.682703 : 0.6
0.648109 0.611156 0.915796 -1 -0.102762 -0.445459 -0.119616 0.586721 0.22222 : 0.4
0.585365 0.435016 0.842272 -0.42124 -0.210954 -0.311841 0.786101 0.679652 -0.172346 : 0.4
0.603911 0.430846 0.899771 -0.362982 0.248456 -0.588368 -0.219167 0.0523432 -0.0392325 : 0.1
0.648961 0.391104 0.725895 -0.906184 -0.340884 -0.357608 1 0.486342 0.371472 : 0.6
0.653282 0.765845 0.592654 0.282819 -0.341657 -0.338061 0.518958 0.460695 -0.0211073 : 0.2
0.499541 0.350713 0.662008 -0.594131 -0.656224 -0.371505 0.0712411 0.688452 0.661846 : 0.5
0.548969 0.313487 0.842547 -0.34502 -0.0408772 -0.0526771 0.631346 0.187914 0.0671731 : 0.7
0.642103 0.356983 0.870063 -0.900555 -0.163321 0.171658 0.89457 -0.139713 0.109608 : 0.4
0.759856 0.611271 1 -0.894247 -0.33956 -0.491925 -1 0.343683 -0.620015 : 0.4
0.730128 0.732798 0.85824 -0.195804 -0.104336 -0.246002 0.277401 0.239538 -0.169299 : 0.2
0.650107 0.288656 0.783984 -0.164952 -0.164535 -0.316509 1 -0.0164403 0.878509 : 0.3
0.651351 0.297296 0.792705 -0.915223 0.0111435 -0.18407 0.981509 0.459129 0.508216 : 0.9
0.607766 0.354092 0.874509 -0.862205 -0.60855 0.405345 0.266106 -0.46149 -0.118219 : 0.7
0.476179 0.761128 0.864305 -1 -0.0600654 -0.4711 -0.164112 -0.755633 -0.0541778 : 0.4
0.709903 0.694465 0.601857 -0.618795 -0.260515 -0.310015 0.724349 0.101649 1 : 0.4
0.482524 0.484078 0.893156 -0.647546 -0.145085 -0.233346 0.348817 0.0748196 0.0332563 : 0.4
0.599007 0.414134 0.692496 -0.613378 -0.31432 -0.155454 0.0617007 -0.185646 0.172737 : 0.4
0.710194 0.375932 0.728519 0.128637 -0.310971 -0.368327 0.561035 0.675339 0.148675 : 0.3
0.567424 0.28894 0.792441 -0.0299214 0.0512274 -0.498159 -0.69145 0.616971 -0.227496 : 0
0.606364 0.39482 0.73806 -0.445759 -0.329398 -0.469794 -0.187238 0.62496 0.0853106 : 0.5
0.821435 0.539936 0.929352 -0.306858 -0.111506 0.041598 0.813999 0.193053 -0.57489 : 0.4
0.632205 0.378332 0.911036 -0.276391 -0.248926 0.40334 0.960632 -0.605235 -1 : 0.2
0.669536 0.387274 1 0.1098 -0.346207 -0.597348 0.112298 -0.0177063 0.941402 : 0.1
0.638771 0.423873 0.877629 -0.284741 -0.340533 0.689758 0.595233 0.429029 -0.209945 : 0.6
0.676094 0.302348 0.988106 -1 -0.125398 -0.317425 0.927215 -0.651968 -0.310193 : 0.6
0.581587 0.283078 0.898127 -0.604435 -0.275118 -0.210879 0.315758 0.255534 0.114586 : 0.5
0.645756 0.520203 1 -0.930846 -0.0356556 -0.124197 0.393978 0.763181 1 : 0.2
0.629316 0.549804 0.716984 -0.0706661 -0.360149 -0.32611 0.156365 0.131204 0.18196 : 0.3
0.533903 0.439443 0.793837 -0.547652 -0.351063 -0.461659 0.594174 0.698166 -1 : 0.7
0.514081 0.53471 0.658148 -0.705863 -0.481082 -0.541279 0.271864 0.123805 -0.099815 : 0.3
0.62754 0.352724 0.720351 -0.6763 -0.284988 -0.474479 0.780281 0.812212 -0.365165 : 0.5
0.589553 0.461031 0.901729 -0.154032 -0.147283 0.204648 0.657943 -0.108959 0.24387 : 0.5
0.602654 0.469828 0.960278 -0.415179 -0.358075 0.0228029 0.283793 0.608487 -0.266296 : 0.4
0.621455 0.279513 0.906615 -0.419368 -0.0897927 -0.0663638 0.244459 0.32953 -0.0794455 : 0.8
